iter,zeta,f,pen,residual,grad_norm,z,alm
1,5.0,-0.3062187515584192,0.035424033873154744,0.18821273568267038,0.0,0.3062187515584192,-0.1290985821926455
2,12.5,-0.16902201746933512,0.0048535636331944335,0.0696675220830656,0.05809922389791229,0.16902201746933512,-0.04634234095673657
3,31.25,-0.12041019911988873,0.00010435604469966597,0.010215480639679465,0.19309882289615365,0.12041019911988873,-0.10000635500662036
4,12.5,-0.09445304107616682,0.0015666590003389253,0.03958104344681839,0.2112334270886386,0.09445304107616682,-0.14407356182405004
5,5.0,-0.07634945632026434,0.005487937925334953,0.07408061774401556,0.11569893987455702,0.07634945632026434,-0.14550977936563037
6,2.0,-0.05935272299481657,0.011516034147360266,0.1073127865044994,0.058738489050166244,0.05935272299481657,-0.1379283756209742
7,5.0,-0.0897628295999332,0.0016789725989021086,0.040975268137037356,0.038153416053578984,0.0897628295999332,-0.11294650007950553
8,12.5,-0.10570195356909302,0.0001042283448396122,0.010209228415488224,0.007866558215380253,0.10570195356909302,-0.11025381327276426
9,31.25,-0.11049064619839889,1.5556635478527413e-6,0.0012472624214064742,0.012472335171334763,0.11049064619839889,-0.11094680092095276
10,12.5,-0.11311137371282635,1.1858934177008535e-5,0.00344368032445065,0.018441663518355213,0.11311137371282635,-0.11135752505698938
11,5.0,-0.11516814517906847,5.059831657172909e-5,0.007113249368026478,0.011922788345341316,0.11516814517906847,-0.11139370472186891
12,2.0,-0.11667420554742,9.575307383683651e-5,0.009785349959855116,0.006556333957917855,0.11667420554742,-0.11132527297883495
13,5.0,-0.11333638858081055,1.5871124743587304e-5,0.003983858022518788,0.003529435269986546,0.11333638858081055,-0.11111690868697335
14,12.5,-0.11166559830614942,1.1402950327240792e-6,0.001067845977996864,0.0005379907530000762,0.11166559830614942,-0.11109412223203127
15,31.25,-0.11117586780738889,1.3741657530896976e-7,0.00037069741745656895,0.0015137105283670783,0.11117586780738889,-0.11109813662133959
16,12.5,-0.11090564354678482,2.919736641060593e-7,0.0005403458745156284,0.002693752682124899,0.11090564354678482,-0.11110490159301444
17,5.0,-0.11071263087213007,1.137046712515582e-6,0.0010663239247600056,0.0015797330078742367,0.11071263087213007,-0.11111034797768729
18,2.0,-0.11068023591812987,1.2399024261510856e-6,0.0011135090597525848,0.0009237843041644626,0.11068023591812987,-0.11110824174921408
19,5.0,-0.11085769262893223,3.4561045939125464e-7,0.000587886434093571,0.0006440605334054298,0.11085769262893223,-0.11110553487437151
20,12.5,-0.11103687172189106,9.999811324173844e-8,0.0003162247827760159,0.00021662500563806057,0.11103687172189106,-0.11110387553873755
21,31.25,-0.11109831362522701,1.9203259650336144e-8,0.00013857582635631708,0.00015750152094523218,0.11109831362522701,-0.11110396466486099
22,78.125,-0.11110698717630098,1.5860429160912678e-8,0.00012593819579822746,0.00034249529938732874,0.11110698717630098,-0.11110282412027296
23,31.25,-0.11112173558446191,2.146921615556436e-8,0.00014652377334604906,0.00032667239547256053,0.11112173558446191,-0.11110288110071052
24,12.5,-0.11114232350539928,1.992248429455327e-8,0.0001411470307677539,0.00030007571543979976,0.11114232350539928,-0.11110280578899866
25,5.0,-0.11114208512860886,1.8453989281943067e-8,0.0001358454610281222,0.00019912494739025477,0.11114208512860886,-0.11110274464797217
26,2.0,-0.11114232255113767,1.81307437788051e-8,0.00013465045034757625,0.00018298944336708775,0.11114232255113767,-0.11110274109025206
27,0.8,-0.1111426936252205,1.8157033516599335e-8,0.00013474803715304848,0.00017908861391114516,0.1111426936252205,-0.11110275867735381
28,0.32000000000000006,-0.11114311894396134,1.84233593216186e-8,0.00013573267595394484,0.00017721423736657312,0.11114311894396134,-0.11110278433782139
29,0.12800000000000003,-0.11114356781018368,1.889909832794943e-8,0.0001374739914600192,0.00017588998256404964,0.11114356781018368,-0.11110281303308935
30,0.1,-0.1111439296548436,1.954577602497878e-8,0.00013980620882127797,0.00017483403778928858,0.1111439296548436,-0.11110284180160383
31,0.1,-0.11114418720372615,2.0347961500289868e-8,0.00014264628106014495,0.00017383476912270838,0.11114418720372615,-0.1111028701099372
32,0.25,-0.11114404058556052,2.119641042393564e-8,0.00014558987060896662,0.0001728387413621348,0.11114404058556052,-0.11110289464090019
33,0.625,-0.11114286155489377,2.185028816395416e-8,0.00014781842971684606,0.00017139399226033994,0.11114286155489377,-0.1111029099018615
34,1.5625,-0.11113913563142241,2.1764218611345833e-8,0.00014752700976887532,0.00016882865192811592,0.11113913563142241,-0.11110290308572598
35,3.90625,-0.1111297585038171,2.0142330737214572e-8,0.00014192367926887527,0.00016448301487948826,0.1111297585038171,-0.11110284943697857
36,9.765625,-0.11111141599599182,1.756891589347177e-8,0.00013254778720699857,0.0001604304093921105,0.11111141599599182,-0.11110270465773057
37,24.4140625,-0.11109619407315902,1.6623958733225277e-8,0.0001289339316596887,0.00015276418617888904,0.11109619407315902,-0.11110232211842216
38,61.03515625,-0.11111296109711694,1.5362823878316977e-8,0.00012394685909016402,0.00012882164550348692,0.11111296109711694,-0.11110139914846517
39,152.587890625,-0.11109706488548098,1.5366256458381292e-8,0.0001239607052996283,0.000275654740168458,0.11109706488548098,-0.11109914812646994
40,61.03515625,-0.11113049359286697,2.1824895186077797e-8,0.00014773251228513578,0.0011184055159800372,0.11113049359286697,-0.11109983460681645
41,24.4140625,-0.11111993479366969,2.5684181275518008e-8,0.00016026285057841073,0.0008319051248795251,0.11111993479366969,-0.11109947411496307
42,9.765625,-0.11111750274961583,2.7276450844136244e-8,0.00016515583805647394,0.00041989502319342276,0.11111750274961583,-0.1110992519966543
43,3.90625,-0.11111695228602651,2.912648096652849e-8,0.00017066482052997475,0.00025418050530022187,0.11111695228602651,-0.11109917294635567
44,1.5625,-0.11111667565845237,3.127827498533516e-8,0.00017685665095024038,0.00019569142745641608,0.11111667565845237,-0.11109915488224245
45,3.90625,-0.11111589193040684,2.711145445745303e-8,0.00016465556309293964,0.00017620026354887803,0.11111589193040684,-0.11109906581786595
46,9.765625,-0.11111402772815854,2.0931833471839486e-8,0.00014467837942083636,0.0001553291771385257,0.11111402772815854,-0.1110988809549245
47,24.4140625,-0.11111019359879844,1.9489402411004526e-8,0.00013960444982522773,0.0001456621932578965,0.11111019359879844,-0.11109842480018758
48,61.03515625,-0.11110933275863245,1.2572098871263497e-8,0.00011212537122018147,0.00015613479256176586,0.11110933275863245,-0.11109790712781978
49,24.4140625,-0.11110695250251042,1.2896669198862061e-8,0.00011356350293497494,0.0002602392867398251,0.11110695250251042,-0.11109764756379635
50,9.765625,-0.11110560356099833,1.2006358326647708e-8,0.00010957352931546792,0.00016187280995075243,0.11110560356099833,-0.11109755127022468
51,3.90625,-0.11110568795841322,1.1940845476182985e-8,0.00010927417570580427,0.000154572501488836,0.11110568795841322,-0.11109752833838721
52,1.5625,-0.11110586623855824,1.197344054732687e-8,0.00010942321758807347,0.00015190091672233905,0.11110586623855824,-0.11109753270015581
53,0.625,-0.11110606262850664,1.2101803609471986e-8,0.00011000819791939137,0.0001504333130139412,0.11110606262850664,-0.11109754781128905
54,0.25,-0.11110626219038146,1.232451124230008e-8,0.00011101581528007656,0.0001494302091579353,0.11110626219038146,-0.11109756712935526
55,0.1,-0.1111064616254704,1.2640499711993723e-8,0.00011242997692783594,0.00014867812016172165,0.1111064616254704,-0.11109758805487858
56,0.1,-0.11110668682664326,1.3037197355361065e-8,0.00011418054718454044,0.00014807582394117368,0.11110668682664326,-0.1110976087462886
57,0.1,-0.11110693961498164,1.3509658073868703e-8,0.00011623105468793055,0.00014747285142705343,0.11110693961498164,-0.11109762919773918
58,0.1,-0.11110722170955399,1.4052912896442595e-8,0.00011854498258653798,0.00014686781857223822,0.11110722170955399,-0.11109764940339902
59,0.25,-0.11110761781537516,1.4616430928250316e-8,0.00012089843228202058,0.00014626121255791134,0.11110761781537516,-0.11109766708039226
60,0.625,-0.11110831185867082,1.5085347414295045e-8,0.000122822422278243,0.00014532339259679805,0.11110831185867082,-0.11109767845554507
61,1.5625,-0.11110975030544372,1.5207130597248983e-8,0.00012331719505911972,0.0001435705288456564,0.11110975030544372,-0.11109767444517979
62,3.90625,-0.11111284609294853,1.4644308547643042e-8,0.00012101367091218678,0.00014033640946670397,0.11111284609294853,-0.11109763536569044
63,9.765625,-0.11111842237130419,1.3560025032750696e-8,0.00011644752050924354,0.00013579863536884807,0.11111842237130419,-0.11109752020606024
64,24.4140625,-0.11112132105082866,1.2326770305510826e-8,0.00011102598932462086,0.00013008357217804178,0.11112132105082866,-0.11109723707736303
65,61.03515625,-0.11110094452232132,1.2406703363508035e-8,0.00011138538218055381,0.00013965892526025554,0.11110094452232132,-0.11109652226251732
66,24.4140625,-0.1111160349697456,1.2788035179412909e-8,0.00011308419509114839,0.00047682721935746305,0.1111160349697456,-0.11109640436676743
67,9.765625,-0.11112114419067837,1.3502164059970322e-8,0.00011619881264440838,0.000271954902178321,0.11112114419067837,-0.11109630719499383
68,3.90625,-0.11112352673686508,1.4503582702683539e-8,0.00012043082123228896,0.000193246902243578,0.11112352673686508,-0.11109627768992325
69,1.5625,-0.11112553766782275,1.564560464399698e-8,0.00012508239142260184,0.00016509122107880096,0.11112553766782275,-0.1110962775248059
70,0.625,-0.11112746373536266,1.6965689242387485e-8,0.00013025240589865312,0.00015498194283469367,0.11112746373536266,-0.1110962899776629
71,1.5625,-0.11112754889905553,1.7193838619328147e-8,0.0001311252783384201,0.00015093412242019272,0.11112754889905553,-0.11109628340957019
72,3.90625,-0.11112308009223656,1.5016372214628398e-8,0.00012254130819698474,0.00014340038292397843,0.11112308009223656,-0.11109624151521896
73,9.765625,-0.1111104189979217,1.1958116547579342e-8,0.0001093531734682599,0.00013774299422870484,0.1111104189979217,-0.1110961449933812
74,3.90625,-0.11110590747842955,1.1563327083603582e-8,0.0001075329116298986,0.00013680294371171443,0.11110590747842955,-0.11109611937572889
75,1.5625,-0.1111024502176321,1.1461409281468094e-8,0.00010705797159234847,0.00013754342590764632,0.1111024502176321,-0.11109612064126143
76,0.625,-0.11109928662191379,1.1514499598071003e-8,0.00010730563637605903,0.0001371189659943655,0.11109928662191379,-0.11109613231317375
77,0.25,-0.11109621840973795,1.1695403432858606e-8,0.00010814528853749758,0.00013649236190741012,0.11109621840973795,-0.11109614805479259
78,0.1,-0.11109318259093169,1.1997649059853469e-8,0.00010953378045084297,0.00013594636173636172,0.11109318259093169,-0.11109616537655265
79,0.25,-0.11109028208296673,1.2399070800688506e-8,0.00011135111495036098,0.0001355033385752566,0.11109028208296673,-0.11109618060943464
80,0.625,-0.11108779960529498,1.283424646522741e-8,0.00011328833331472138,0.0001347682772872261,0.11108779960529498,-0.11109619051933532
81,1.5625,-0.11108652360697505,1.3107971556431798e-8,0.00011449005003244517,0.00013322738202708518,0.11108652360697505,-0.11109618704033991
82,3.90625,-0.11108839426616221,1.2787384356398465e-8,0.00011308131745075517,0.00013003610984437173,0.11108839426616221,-0.11109615241298343
83,9.765625,-0.11109670706492981,1.1617477133816314e-8,0.00010778440116183934,0.00012624164201124476,0.11109670706492981,-0.11109605420700312
84,24.4140625,-0.11110921756037626,1.090963676151488e-8,0.00010444920661027005,0.00012923693642553428,0.11110921756037626,-0.11109580984482736
85,61.03515625,-0.11109917717139113,1.1123153777774726e-8,0.000105466363252815,0.00013980900009758108,0.11109917717139113,-0.11109516551699228
86,24.4140625,-0.11113323244422976,1.426315565108357e-8,0.00011942845410991289,0.0003091979797616514,0.11113323244422976,-0.11109497876564002
87,9.765625,-0.11112355331618441,1.1531515988952774e-8,0.00010738489646571708,0.00017510154319480718,0.11112355331618441,-0.11109490419101886
88,3.90625,-0.1111201898242634,1.1167667532974345e-8,0.00010567718548946289,0.00015406850388752065,0.1111201898242634,-0.11109488345293324
89,1.5625,-0.11111795899061107,1.108876096446168e-8,0.00010530318591790887,0.00015074580951742687,0.11111795899061107,-0.11109488882394229
90,0.625,-0.11111604374436337,1.1151619790962919e-8,0.00010560123006368306,0.00014953536292861976,0.11111604374436337,-0.11109490425336618
91,0.25,-0.11111423284208401,1.1326482496252787e-8,0.00010642594841603615,0.00014873216341094767,0.11111423284208401,-0.11109492359665896
92,0.1,-0.1111124582817349,1.160513236107978e-8,0.00010772711989596575,0.00014811130329623034,0.1111124582817349,-0.11109494443882374
93,0.1,-0.11111070395913512,1.1971740350649577e-8,0.00010941544840948913,0.00014760223349974118,0.11111070395913512,-0.1110949650814123
94,0.1,-0.11110897679821287,1.242051646626111e-8,0.00011144737083601887,0.0001470743979376142,0.11110897679821287,-0.11109498551193156
95,0.1,-0.11110728358958916,1.2945129124546854e-8,0.00011377666335653746,0.0001465284423631053,0.11110728358958916,-0.11109500571880936
96,0.1,-0.11110563096959307,1.3538790814246847e-8,0.00011635630973113081,0.00014596531663826077,0.11110563096959307,-0.11109502569152307
97,0.1,-0.11110402539982582,1.4194346316498489e-8,0.00011914002818741688,0.0001453862402334107,0.11110402539982582,-0.11109504542070706
98,0.25,-0.11110259439658075,1.4832192388145021e-8,0.00012178748863551224,0.00014479407310888574,0.11110259439658075,-0.1110950625734867
99,0.625,-0.11110165717041309,1.5270360409704013e-8,0.00012357329974433802,0.00014380635765520413,0.11110165717041309,-0.11109507332592697
100,1.5625,-0.11110204324824728,1.5115162834277943e-8,0.0001229437384915472,0.00014195873799023866,0.11110204324824728,-0.11109506895793943
101,3.90625,-0.11110559885692554,1.3907531175025863e-8,0.00011793019619684292,0.00013907178273164377,0.11110559885692554,-0.1110950328942594
102,9.765625,-0.11111457771151548,1.2289727754273302e-8,0.00011085904453076123,0.000137431543216629,0.11111457771151548,-0.11109493323437765
103,24.4140625,-0.11112167689509345,1.1291831271231211e-8,0.00010626302871286518,0.0001368071843534102,0.11112167689509345,-0.11109468010048448
104,9.765625,-0.1111149981585747,1.0771684266581022e-8,0.00010378672490536071,0.00015336876093467015,0.1111149981585747,-0.1110946032557894
105,3.90625,-0.11111162076352324,1.0496770171358232e-8,0.00010245374649742308,0.0001566541825179191,0.11111162076352324,-0.11109458767474051
106,1.5625,-0.11110868851172807,1.0355578022571069e-8,0.00010176236053949943,0.00015769450945331777,0.11110868851172807,-0.11109459667927694
107,0.625,-0.11110588448585394,1.0322762926145816e-8,0.00010160099864738445,0.00015756731100921125,0.11110588448585394,-0.11109461518150174
108,0.25,-0.11110312238118049,1.0391953092309154e-8,0.00010194092942635531,0.0001571372357454987,0.11110312238118049,-0.11109463735282304
109,0.1,-0.11110037443076916,1.0561145768379586e-8,0.00010276743534982074,0.00015668701006223997,0.11110037443076916,-0.11109466091684199
110,0.1,-0.11109765593308525,1.0825068214905032e-8,0.0001040435880528206,0.0001562772496496138,0.11109765593308525,-0.11109468431401381
111,0.1,-0.11109497102630035,1.118097936157283e-8,0.00010574015018701662,0.0001558460365896545,0.11109497102630035,-0.11109470752921864
112,0.1,-0.11109232373231304,1.1625924569505949e-8,0.0001078235807674089,0.00015539326766215615,0.11109232373231304,-0.11109473054765959
113,0.1,-0.11108971794739086,1.2156758937393979e-8,0.00011025769332520057,0.00015491898057964185,0.11108971794739086,-0.11109475335492888
114,0.1,-0.11108715743327997,1.2770170876989947e-8,0.00011300518075287498,0.00015442333957398186,0.11108715743327997,-0.11109477593706667
115,0.1,-0.11108464580880366,1.3462705608917723e-8,0.00011602889988669945,0.00015390662194304824,0.11108464580880366,-0.11109479828060999
116,0.1,-0.11108218654197606,1.4230788256854615e-8,0.00011929286758584779,0.00015336920551622726,0.11108218654197606,-0.11109482037263818
117,0.1,-0.11107978294264576,1.5070746248782915e-8,0.00012276296774183537,0.00015281155700640447,0.11107978294264576,-0.11109484220080883
118,0.25,-0.11107759363316977,1.5936661507733876e-8,0.00012624049076161688,0.00015223490645495543,0.11107759363316977,-0.11109486123320189
119,0.625,-0.11107596568391072,1.6723673240893526e-8,0.0001293200419149852,0.00015117264688137595,0.11107596568391072,-0.11109487311067745
120,1.5625,-0.1110757562202053,1.718611997174607e-8,0.00013109584269436643,0.00014890854318210596,0.1110757562202053,-0.11109486706656022
121,3.90625,-0.11107882677334874,1.688606867336196e-8,0.000129946406927479,0.00014412824854908608,0.11107882677334874,-0.11109481905923763
122,9.765625,-0.11108776827267597,1.5418300255315724e-8,0.00012417044839782017,0.0001360831667149916,0.11108776827267597,-0.11109468371414075
123,24.4140625,-0.11109949716686954,1.2487217719353415e-8,0.00011174622015689575,0.00013194700839620101,0.11109949716686954,-0.1110944021286923
124,61.03515625,-0.11111248515044092,1.0466153549241526e-8,0.00010230422058371553,0.00017232691876520762,0.11111248515044092,-0.111093903843478
125,24.4140625,-0.11111794750651288,1.1238496285040112e-8,0.00010601177427550258,0.00031190020480994254,0.11111794750651288,-0.11109370754989015
126,9.765625,-0.11111877803298878,1.0031420443756101e-8,0.00010015697900673772,0.0001708192384538135,0.11111877803298878,-0.1110936287231945
127,3.90625,-0.11111915449279276,1.0056372578589636e-8,0.00010028146677522042,0.0001588257653952969,0.11111915449279276,-0.11109361386115073
128,1.5625,-0.11111939435559028,1.0147923878551266e-8,0.0001007369042533632,0.0001549677961686775,0.11111939435559028,-0.11109362181955384
129,0.625,-0.11111960796528739,1.0308947175963125e-8,0.00010153298565472763,0.00015334615329670436,0.11111960796528739,-0.11109363886199984
130,0.25,-0.11111981670069368,1.0539719255965184e-8,0.00010266313484384345,0.00015243713139534296,0.11111981670069368,-0.11109365949555207
131,0.1,-0.11112002513984531,1.0840033580683788e-8,0.00010411548194521211,0.00015181728442508762,0.11112002513984531,-0.1110936815177666
132,0.1,-0.1111201915575661,1.1195137658394077e-8,0.00010580707754396242,0.00015133551872384407,0.1111201915575661,-0.11109370334955619
133,0.1,-0.1111203131735964,1.1599816939204421e-8,0.00010770244630092866,0.0001508451171106454,0.1111203131735964,-0.11109372498457556
134,0.1,-0.11112038738097095,1.2048821606715876e-8,0.00010976712443494125,0.0001503466472890628,0.11112038738097095,-0.1110937464171837
135,0.1,-0.11112041175440164,1.2536931317396045e-8,0.00011196843893435349,0.00014984082680872748,0.11112041175440164,-0.11109376764247979
136,0.1,-0.1111203840579839,1.3059017084487167e-8,0.00011427605647941815,0.0001493284888460093,0.1111203840579839,-0.11109378865632434
137,0.1,-0.11112030225220025,1.3610099261327471e-8,0.00011666233008699711,0.00014881055013738235,0.11112030225220025,-0.11109380945534096
138,0.1,-0.11112016450021128,1.418540070001731e-8,0.00011910247982312253,0.00014828798116093466,0.11112016450021128,-0.11109383003690634
139,0.25,-0.11111980908181224,1.4699366620123196e-8,0.00012124094448709641,0.00014776290912628365,0.11111980908181224,-0.11109384810897115
140,0.625,-0.11111890067026906,1.4973882210252154e-8,0.0001223678152548788,0.00014692354584084055,0.11111890067026906,-0.11109386002865405
141,1.5625,-0.11111664936608764,1.4650181286538356e-8,0.00012103793325457254,0.00014545962679212722,0.11111664936608764,-0.11109385763273717
142,3.90625,-0.11111151547677427,1.3368077477265299e-8,0.00011562040251298772,0.00014345724098788367,0.11111151547677427,-0.11109382548016676
143,9.765625,-0.11110236215057778,1.17454980767311e-8,0.0001083766491303874,0.00014294231962288175,0.11110236215057778,-0.11109373335828698
144,3.90625,-0.11109916848405396,1.1336303530344198e-8,0.00010647207864198105,0.00014301985381923453,0.11109916848405396,-0.11109371040405266
145,1.5625,-0.11109675889203195,1.1147376519360496e-8,0.00010558113713803472,0.00014414353659056265,0.11109675889203195,-0.1110937140893777
146,0.625,-0.11109455971495166,1.1090428727857059e-8,0.00010531110448503073,0.00014412723817985675,0.11109455971495166,-0.11109372804771782
147,0.25,-0.11109242647233918,1.1146723252338379e-8,0.00010557804341972994,0.00014375217903356076,0.11109242647233918,-0.1110937459878518
148,0.1,-0.11109031462320533,1.1311585041119273e-8,0.00010635593561771375,0.0001433381810907793,0.11109031462320533,-0.11109376545591503
149,0.1,-0.11108825561346782,1.1575001642731417e-8,0.00010758718159117013,0.00014296014277245526,0.11108825561346782,-0.11109378477771778
150,0.1,-0.11108625638863023,1.1930778058651645e-8,0.00010922810104845567,0.00014255211066559694,0.11108625638863023,-0.11109380393634806
151,0.1,-0.11108432368709244,1.2371938050079445e-8,0.00011122921401358298,0.00014211543643648456,0.11108432368709244,-0.11109382291612904
152,0.1,-0.11108246402061202,1.2890810858568363e-8,0.0001135377067699025,0.00014165179521095702,0.11108246402061202,-0.11109384170277205
153,0.25,-0.11108088235671838,1.3421926579811842e-8,0.00011585303871634892,0.00014116328704042483,0.11108088235671838,-0.1110938581890975
154,0.625,-0.11108005094712442,1.3799255582368626e-8,0.00011747023275012536,0.00014031885794181685,0.11108005094712442,-0.11109386892903124
155,1.5625,-0.11108116183437125,1.3618395985740123e-8,0.00011669788338157691,0.00013869520578434138,0.11108116183437125,-0.11109386611491653
156,3.90625,-0.11108683730328273,1.2224809542847968e-8,0.00011056586065711228,0.0001363232104662182,0.11108683730328273,-0.11109383624168385
157,9.765625,-0.11110055358737071,9.963372344945268e-9,9.981669371876263e-5,0.0001375946965074557,0.11110055358737071,-0.11109376180904798
158,3.90625,-0.1111064665724265,9.55639653045499e-9,9.775682344703612e-5,0.00014646787345566265,0.1111064665724265,-0.11109374751384718
159,1.5625,-0.11111116002845027,9.474385395493358e-9,9.733645460716842e-5,0.00014826497930876085,0.11111116002845027,-0.11109375502221229
160,0.625,-0.11111550884178306,9.58765908818332e-9,9.791659250700731e-5,0.00014781817959173737,0.11111550884178306,-0.11109377092557006
161,0.25,-0.11111974514183104,9.872899875103397e-9,9.936246713474559e-5,0.0001470980138795516,0.11111974514183104,-0.11109379010510433
162,0.1,-0.11112394325616658,1.0325562767091065e-8,0.00010161477632259526,0.00014650409830661862,0.11112394325616658,-0.11109381055855663
163,0.1,-0.11112808452471756,1.0936567064782633e-8,0.00010457804293819345,0.00014605060794877146,0.11112808452471756,-0.11109383080049685
164,0.1,-0.11113215921809742,1.1696406015221549e-8,0.00010814992378740518,0.00014554586123864942,0.11113215921809742,-0.11109385080235262
165,0.1,-0.11113615784823123,1.2594261556738905e-8,0.00011222415763434762,0.00014499203739402484,0.11113615784823123,-0.11109387053755955
166,0.1,-0.11114007119325581,1.3618136698742762e-8,0.00011669677244355459,0.00014439179164144942,0.11114007119325581,-0.11109388998181154
167,0.25,-0.11114366355261758,1.46785869423097e-8,0.00012115521838662047,0.00014374903999268327,0.11114366355261758,-0.11109390675225672
168,0.625,-0.1111463725771038,1.5538279446596936e-8,0.00012465263513699554,0.00014244264359648015,0.1111463725771038,-0.11109391664801734
169,1.5625,-0.11114675323731901,1.5601636884199565e-8,0.00012490651257720538,0.00013960517377959047,0.11114675323731901,-0.11109391013805166
170,3.90625,-0.11114154698289386,1.3844668597918993e-8,0.00011766336982221354,0.00013461892322338902,0.11114154698289386,-0.11109387195880238
171,9.765625,-0.11112609196451825,1.0556820303682137e-8,0.00010274638827560868,0.00013307963691840566,0.11112609196451825,-0.11109379001608342
172,3.90625,-0.1111197903730518,9.941596062422258e-9,9.970755268495089e-5,0.00014293355974636068,0.1111197903730518,-0.11109377364319534
173,1.5625,-0.11111494690026688,9.774345398043784e-9,9.886528914661497e-5,0.0001456837457965558,0.11111494690026688,-0.11109378005640873
174,0.625,-0.11111051681979428,9.861868771364038e-9,9.9306942211328e-5,0.00014543132946124153,0.11111051681979428,-0.11109379511184268
175,0.25,-0.11110622240160564,1.0168340323425986e-8,0.00010083818881468462,0.0001446987585090509,0.11110622240160564,-0.11109381351417538
176,0.1,-0.11110197437290636,1.0686296038695827e-8,0.00010337454250779458,0.0001440654099843308,0.11110197437290636,-0.1110938332158285
177,0.1,-0.11109778637605183,1.1402625582097988e-8,0.00010678307722714301,0.00014358479068526944,0.11109778637605183,-0.11109385268562108
178,0.1,-0.11109366958368116,1.2304385752255447e-8,0.00011092513580003158,0.00014303766748801247,0.11109366958368116,-0.11109387188752236
179,0.1,-0.11108963489324004,1.3376827679131847e-8,0.00011565823653822432,0.00014242716881469986,0.11108963489324004,-0.11109389078828262
180,0.25,-0.1110859050024656,1.4521880745382645e-8,0.00012050676638837608,0.00014175824944991677,0.1110859050024656,-0.11109390701023293
181,0.625,-0.11108303424741493,1.546891301815758e-8,0.00012437408499425264,0.00014034539065441788,0.11108303424741493,-0.11109391628780521
182,1.5625,-0.11108246865731633,1.5522025129432444e-8,0.0001245874196274746,0.0001371912158547846,0.11108246865731633,-0.11109390905299557
183,3.90625,-0.11108749376551277,1.3453960933639009e-8,0.00011599121058786742,0.0001316349851982762,0.11108749376551277,-0.11109387141410587
184,9.765625,-0.11110270132169944,9.601137282259401e-9,9.798539320867882e-5,0.00013088356922191693,0.11110270132169944,-0.11109379941154417
185,3.90625,-0.1111083581271746,8.908585421558022e-9,9.438530299553009e-5,0.0001452055562421881,0.1111083581271746,-0.1110937882135926
186,1.5625,-0.11111254189520359,8.73964413332643e-9,9.348606384550818e-5,0.00014872999383469225,0.11111254189520359,-0.1110937972213621
187,0.625,-0.11111631496912104,8.867929991311703e-9,9.416968722105698e-5,0.00014846119570503477,0.11111631496912104,-0.1110938137871962
188,0.25,-0.11111995405772863,9.251853472434483e-9,9.618655557007165e-5,0.000147620819440791,0.11111995405772863,-0.11109383326290136
189,0.1,-0.11112354707698156,9.8826872367158e-9,9.941170573285523e-5,0.00014690756989614476,0.11112354707698156,-0.11109385386572657
190,0.1,-0.11112707507619844,1.0747366389751865e-8,0.00010366950559229973,0.00014637926930014764,0.11112707507619844,-0.11109387420118197
191,0.1,-0.11113052686573126,1.1831153563572094e-8,0.00010877110629009937,0.0001457747163055467,0.11113052686573126,-0.11109389422691114
192,0.1,-0.11113389155514651,1.3117276021507175e-8,0.00011453067720705739,0.00014509728663992326,0.11113389155514651,-0.1110939139037137
193,0.1,-0.11113715858335638,1.4587135079443609e-8,0.00012077721258351515,0.00014435104792557144,0.11113715858335638,-0.11109393319592424
194,0.25,-0.1111400611210765,1.6108647777578306e-8,0.0001269198478472863,0.00014354273728329998,0.1111400611210765,-0.11109394942705877
195,0.625,-0.1111419615669611,1.7328459783912732e-8,0.00013163760778710896,0.00014177974915114693,0.1111419615669611,-0.11109395769289576
196,1.5625,-0.11114122557650288,1.735755717260904e-8,0.00013174808223503307,0.0001378148233618812,0.11114122557650288,-0.11109394722695222
197,3.90625,-0.11113420706040873,1.4675053989377113e-8,0.00012114063723365959,0.00013085323491590978,0.11113420706040873,-0.11109390398563991
198,9.765625,-0.11111600656207113,9.82693236101831e-9,9.913088500068135e-5,0.00012994956449458486,0.11111600656207113,-0.11109383074076695
199,3.90625,-0.11110872507242638,9.025814997051379e-9,9.500428936133031e-5,0.00014575794772685193,0.11110872507242638,-0.11109381962266265
200,1.5625,-0.11110314895911241,8.890432269487992e-9,9.428908881460246e-5,0.00014919707937821258,0.11110314895911241,-0.11109382852795618
201,0.625,-0.11109804861032074,9.133226854091366e-9,9.55679174937456e-5,0.0001485054727595096,0.11109804861032074,-0.11109384488366196
202,0.25,-0.11109310237591333,9.702641819945299e-9,9.85019889136524e-5,0.0001473567451079365,0.11109310237591333,-0.11109386412433281
203,0.1,-0.11108820801228496,1.0588626529148592e-8,0.00010290105212848211,0.00014647381006199772,0.11108820801228496,-0.11109388450152023
204,0.1,-0.11108339349311787,1.1772949625183488e-8,0.00010850322403128623,0.00014586651367142438,0.11108339349311787,-0.11109390455022916
205,0.1,-0.11107867233476226,1.3235925544505367e-8,0.00011504749256070454,0.00014515799304405934,0.11107867233476226,-0.11109392421553005
206,0.1,-0.11107405771876742,1.4955078673864816e-8,0.000122290959084737,0.00014435279188982855,0.11107405771876742,-0.11109394344679045
207,0.25,-0.11106984197887432,1.6782945986761985e-8,0.00012954900997986046,0.00014345809485647175,0.11106984197887432,-0.11109395941034808
208,0.625,-0.11106674123767668,1.8309545205345768e-8,0.00013531276807953404,0.0001413967209201503,0.11106674123767668,-0.11109396673631423
209,1.5625,-0.11106661605339278,1.8477241422639432e-8,0.0001359310171470788,0.00013656981845847736,0.11106661605339278,-0.11109395362082616
210,3.90625,-0.11107370095718412,1.541294430310754e-8,0.00012414887958861142,0.00012768603740188477,0.11107370095718412,-0.11109390572612425
211,9.765625,-0.11109408077800494,9.60731082085242e-9,9.801689048757066e-5,0.00012574355700655548,0.11109408077800494,-0.1110938341185837
212,3.90625,-0.11110248670170284,8.5893418187158e-9,9.267870207720758e-5,0.00014662895035212956,0.11110248670170284,-0.11109382569659236
213,1.5625,-0.11110898732287189,8.353377484524731e-9,9.139681331712135e-5,0.00015175967399405152,0.11110898732287189,-0.11109383641940951
214,0.625,-0.11111494939053086,8.555925169185057e-9,9.249824414109198e-5,0.00015146876226261886,0.11111494939053086,-0.11109385406965501
215,0.25,-0.11112073483771298,9.134434545287315e-9,9.557423578186391e-5,0.00015038526574540792,0.11112073483771298,-0.11109387435822554
216,0.1,-0.11112645968231033,1.0076204813410667e-8,0.00010038030092309281,0.0001494967135973691,0.11112645968231033,-0.11109389567768128
217,0.1,-0.11113210386172,1.1362020042140598e-8,0.00010659277668838822,0.00014887822690932018,0.11113210386172,-0.1110939166466862
218,0.1,-0.11113765277914794,1.2969974735763777e-8,0.00011388579690094713,0.00014814559146303052,0.11113765277914794,-0.11109393720172062
219,0.1,-0.11114309219992914,1.4875016919774028e-8,0.00012196317854079578,0.0001473036803180038,0.11114309219992914,-0.11109395728405536
220,0.25,-0.11114812605718821,1.69182765285718e-8,0.00013007027534595213,0.00014636058829631818,0.11114812605718821,-0.1110939740019236
221,0.625,-0.11115201912524933,1.8654355372221952e-8,0.00013658094805726732,0.00014413714199890254,0.11115201912524933,-0.11109398174369271
222,1.5625,-0.1111528505887632,1.8928077554187526e-8,0.00013757935002822017,0.00013884025859674725,0.1111528505887632,-0.11109396816628939
223,3.90625,-0.11114622315086087,1.567523410785833e-8,0.0001252007751887277,0.00012881441276996165,0.11114622315086087,-0.11109391883194955
224,9.765625,-0.11112574426944678,9.375306519112492e-9,9.682616650013823e-5,0.00012547742840718416,0.11112574426944678,-0.11109384923814754
225,3.90625,-0.11111761856472516,8.30018921594919e-9,9.110537424295665e-5,0.00014652995741291818,0.11111761856472516,-0.11109384206629364
226,1.5625,-0.11111145275129941,8.074252694265113e-9,8.98568455615103e-5,0.00015166726327830478,0.11111145275129941,-0.11109385320603485
227,0.625,-0.11110583901760464,8.321083929107042e-9,9.121997549389631e-5,0.00015121358174125383,0.11110583901760464,-0.11109387090955532
228,0.25,-0.11110040557081285,8.972150376054285e-9,9.472143567352791e-5,0.00014999653475805224,0.11110040557081285,-0.111093891108919
229,0.1,-0.11109503331355987,1.0013548173905836e-8,0.00010006771794093156,0.00014902617116565011,0.11109503331355987,-0.11109391228693301
230,0.1,-0.11108974145851448,1.1424473560097796e-8,0.00010688532902179698,0.00014836228784983105,0.11108974145851448,-0.11109393308611087
231,0.1,-0.11108454499121383,1.3181156819716261e-8,0.00011480921922788371,0.0001475759160708465,0.11108454499121383,-0.1110939534385286
232,0.1,-0.11107945853859626,1.5256380662530546e-8,0.0001235167221979702,0.0001466721300694095,0.11107945853859626,-0.11109397328142849
233,0.25,-0.11107478220897589,1.74774320941902e-8,0.00013220223936904473,0.0001456595508318088,0.11107478220897589,-0.11109398960909882
234,0.625,-0.111071262567252,1.9359525555363e-8,0.00013913851212142165,0.00014325009426413202,0.111071262567252,-0.11109399653308168
235,1.5625,-0.1110708486624887,1.9644793146356207e-8,0.00014015988422639414,0.00013748385016092857,0.1110708486624887,-0.11109398118348174
236,3.90625,-0.11107798144823622,1.6087204823134137e-8,0.000126835345322722,0.0001265522713547419,0.11107798144823622,-0.11109392930567827
237,9.765625,-0.11109894846521114,9.221538428426287e-9,9.60288416488832e-5,0.00012325413183182806,0.11109894846521114,-0.11109386140103464
238,3.90625,-0.11110713462072201,8.039145363450965e-9,8.966128129494339e-5,0.0001470820142945297,0.11110713462072201,-0.11109385580319407
239,1.5625,-0.11111332074631709,7.779120931809264e-9,8.819932500767374e-5,0.0001529007510434233,0.11111332074631709,-0.11109386786444271
240,0.625,-0.11111894614643214,8.032560508028822e-9,8.962455304228201e-5,0.00015252643012692642,0.11111894614643214,-0.11109388615390299
241,0.25,-0.11112438808655906,8.724824171390718e-9,9.340676726763816e-5,0.00015127567027762266,0.11112438808655906,-0.11109390679331542
242,0.1,-0.11112976680344322,9.840589113418903e-9,9.919974351488467e-5,0.00015026942631931074,0.11112976680344322,-0.11109392835387893
243,0.1,-0.11113505788191119,1.1357424285578774e-8,0.00010657121696583357,0.00014958438816090999,0.11113505788191119,-0.1110939495138689
244,0.1,-0.11114024606785354,1.3249527367930184e-8,0.00011510659133138373,0.00014876660426884624,0.11114024606785354,-0.11109397019924633
245,0.1,-0.11114531650376856,1.5487404357821543e-8,0.00012444840038273512,0.00014782164774295014,0.11114531650376856,-0.11109399034163166
246,0.25,-0.11114995225508174,1.788570788834207e-8,0.00013373745880770305,0.00014675900719157784,0.11114995225508174,-0.11109400684317382
247,0.625,-0.11115337034484793,1.9924285576167413e-8,0.00014115341149319565,0.00014419821358696932,0.11115337034484793,-0.1110940135626126
248,1.5625,-0.11115353065979046,2.0253139717080697e-8,0.0001423135261213097,0.00013802111412072242,0.11115353065979046,-0.11109399711442558
249,3.90625,-0.11114578190264386,1.6457245873754003e-8,0.00012828579763073542,0.00012617933931070632,0.11114578190264386,-0.11109394323190484
250,9.765625,-0.11112346389381147,9.096042166990518e-9,9.537317320394933e-5,0.00012226260099556724,0.11112346389381147,-0.1110938766057395
251,3.90625,-0.11111442255896725,7.850719412596505e-9,8.860428552048995e-5,0.0001472448514520014,0.11111442255896725,-0.11109387201401974
252,1.5625,-0.1111074879344639,7.600556667113609e-9,8.718117151721241e-5,0.00015319679808271932,0.1111074879344639,-0.11109388445986831
253,0.625,-0.11110114589510095,7.9041977045018e-9,8.890555496987689e-5,0.0001526781013985989,0.11110114589510095,-0.11109390285396079
254,0.25,-0.11109499704853934,8.681477864125965e-9,9.317444855820702e-5,0.00015129957440775398,0.11109499704853934,-0.11109392349184254
255,0.1,-0.11108891366511964,9.916297877718287e-9,9.958060994851501e-5,0.00015021973925720335,0.11108891366511964,-0.1110939450169787
256,0.1,-0.11108292038413208,1.1584770193591945e-8,0.00010763257031954567,0.00014950086592777857,0.11108292038413208,-0.11109396611288377
257,0.1,-0.11107703352083904,1.3659213081064628e-8,0.00011687263615177262,0.00014863769513541353,0.11107703352083904,-0.11109398669930175
258,0.1,-0.11107126900226268,1.6107878306309916e-8,0.00012691681648351378,0.00014763595458687514,0.11107126900226268,-0.11109400670203792
259,0.25,-0.11106596104009366,1.8729302911749956e-8,0.00013685504342825645,0.000146505323083373,0.11106596104009366,-0.11109402285830418
260,0.625,-0.11106193755304077,2.095687974028892e-8,0.0001447649119790045,0.0001437323285006218,0.11106193755304077,-0.11109402864190637
261,1.5625,-0.1110613593358936,2.1318814819801898e-8,0.0001460096394756247,0.00013698188045429847,0.1110613593358936,-0.11109400988411008
262,3.90625,-0.11106916538207907,1.718275321843723e-8,0.00013108300125659784,0.00012393323563954825,0.11106916538207907,-0.1110939520996344
263,9.765625,-0.11109250043603124,9.162408522810585e-9,9.57204707615387e-5,0.00011964645497895344,0.11109250043603124,-0.11109388485006726
264,24.4140625,-0.11111993692355085,8.337520841605048e-9,9.13100259643214e-5,0.00014710223995770616,0.11111993692355085,-0.11109373262021603
265,9.765625,-0.11111168163090304,7.463342323182926e-9,8.639063793712213e-5,0.00012435391514059954,0.11111168163090304,-0.11109367886636119
266,3.90625,-0.11110848292931418,7.364803888539658e-9,8.581843559830054e-5,0.00012931670155607192,0.11110848292931418,-0.1110936674883895
267,1.5625,-0.11110606109545172,7.409735653245257e-9,8.607982140574675e-5,0.00012916986865683114,0.11110606109545172,-0.11109367266225414
268,0.625,-0.11110385303711044,7.550773675053872e-9,8.689518787052521e-5,0.0001282904156281402,0.11110385303711044,-0.11109368438951803
269,0.25,-0.11110171325273192,7.78091477045747e-9,8.820949365265323e-5,0.0001275618584056292,0.11110171325273192,-0.11109369871659953
270,0.1,-0.1110995960643716,8.099260248256179e-9,8.999589017425284e-5,0.00012703941089539598,0.1110995960643716,-0.11109371406458467
271,0.1,-0.11109752512208115,8.498841805105094e-9,9.218916316522834e-5,0.00012665438024445314,0.11109752512208115,-0.11109372926513619
272,0.1,-0.11109550706719136,8.973266149125281e-9,9.472732525055947e-5,0.00012624112527846414,0.11109550706719136,-0.11109374430455958
273,0.1,-0.11109354834632292,9.515489328728907e-9,9.754736966586494e-5,0.0001258013083086444,0.11109354834632292,-0.11109375917041903
274,0.1,-0.11109165519301345,1.0117899324243943e-8,0.00010058776925771813,0.00012533690800867975,0.11109165519301345,-0.11109377385166644
275,0.25,-0.11109001066395606,1.0719278129631887e-8,0.00010353394675000024,0.0001248513860649583,0.11109001066395606,-0.11109378663860399
276,0.625,-0.11108904071277806,1.1162672494761684e-8,0.00010565354937133766,0.00012393840590225544,0.11108904071277806,-0.11109379464390035
277,1.5625,-0.11108982295909992,1.1064534889517755e-8,0.00010518809290750429,0.0001220917244301505,0.11108982295909992,-0.11109379139558911
278,3.90625,-0.11109472123627526,9.80023395652276e-9,9.899613101794817e-5,0.00011923544953331306,0.11109472123627526,-0.11109376640182067
279,9.765625,-0.11110676593473114,7.702958720457544e-9,8.776650112917539e-5,0.00011996219897710418,0.11110676593473114,-0.11109370882167195
280,3.90625,-0.11111153368329528,7.373207405779386e-9,8.586738266524365e-5,0.00012805596441322855,0.11111153368329528,-0.111093697711384
281,1.5625,-0.11111517597211916,7.335656750635355e-9,8.564844861779666e-5,0.0001294689208799515,0.11111517597211916,-0.11109370324205713
282,0.625,-0.11111850531797064,7.467210661647719e-9,8.641302368073762e-5,0.00012887805891985323,0.11111850531797064,-0.11109371519402675
283,0.25,-0.11112173324550953,7.746112826287494e-9,8.801200387610484e-5,0.00012813035320954522,0.11112173324550953,-0.11109372966605577
284,0.1,-0.11112492675259988,8.168124974604438e-9,9.037767962613577e-5,0.00012755599331071358,0.11112492675259988,-0.11109374512717536
285,0.1,-0.11112806461090236,8.724375033972827e-9,9.340436303499332e-5,0.0001271394009080163,0.11112806461090236,-0.11109376041164093
286,0.1,-0.1111311378646773,9.405523795007858e-9,9.698207976223162e-5,0.0001266718684971321,0.1111311378646773,-0.11109377549517828
287,0.1,-0.11113413779743442,1.0201017199185024e-8,0.00010100008514444442,0.00012615607688169,0.11113413779743442,-0.11109379035552278
288,0.25,-0.11113686456241828,1.1041545218003703e-8,0.00010507875721573654,0.0001255964481222057,0.11113686456241828,-0.11109380319169404
289,0.625,-0.11113883159665984,1.1736249001482372e-8,0.00010833396974856211,0.0001244307204090162,0.11113883159665984,-0.11109381079343293
290,1.5625,-0.11113877851176672,1.1795743912468955e-8,0.00010860821291444287,0.00012185538130148667,0.11113877851176672,-0.11109380590443041
291,3.90625,-0.1111338468891552,1.0360561975503637e-8,0.00010178684578816477,0.00011732882255299169,0.1111338468891552,-0.1110937774246151
292,9.765625,-0.11111996822213294,7.681126606101724e-9,8.76420367523583e-5,0.0001164683376910917,0.11111996822213294,-0.11109371905601485
293,3.90625,-0.11111424897545458,7.224619233069908e-9,8.499776016501793e-5,0.00012703700587456164,0.11111424897545458,-0.11109370863905373
294,1.5625,-0.11110982497340519,7.131752139061272e-9,8.44497018293213e-5,0.00012952737814489316,0.11110982497340519,-0.11109371461076922
295,0.625,-0.11110576631307251,7.243679672378945e-9,8.510980949560953e-5,0.0001291911385942635,0.11110576631307251,-0.11109372680349973
296,0.25,-0.11110182713369512,7.531719683427975e-9,8.67854808330747e-5,0.00012847943397273177,0.11110182713369512,-0.11109374141741668
297,0.1,-0.11109792870465846,7.990181905988458e-9,8.938781743609393e-5,0.00012789990885979255,0.11109792870465846,-0.1110937569792185
298,0.1,-0.11109408592333576,8.610013706754979e-9,9.279015953620824e-5,0.00012747861337401777,0.11109408592333576,-0.11109377235390873
299,0.1,-0.11109030881013053,9.380901840368508e-9,9.68550558327675e-5,0.00012699496540272574,0.11109030881013053,-0.11109378751171965
300,0.1,-0.11108660714214451,1.0291037962877424e-8,0.00010144475325455439,0.00012645188669613256,0.11108660714214451,-0.11109380242515028
301,0.25,-0.1110831859680725,1.1264823562201003e-8,0.0001061358731164963,0.000125853975735858,0.1110831859680725,-0.11109381523602829
302,0.625,-0.11108055335146685,1.209045271100345e-8,0.0001099565946680937,0.00012455040729951334,0.11108055335146685,-0.11109382255180171
303,1.5625,-0.11108003513270834,1.2219084082289256e-8,0.00011053996599551339,0.00012157798436368046,0.11108003513270834,-0.11109381669648029
304,3.90625,-0.11108466089770959,1.0672317955611892e-8,0.00010330691146100483,0.00011614317340975416,0.11108466089770959,-0.11109378628515157
305,9.765625,-0.1110988100093305,7.684469571659094e-9,8.766110637939207e-5,0.00011433927121292652,0.1110988100093305,-0.11109372728883914
306,3.90625,-0.11110442652988475,7.1723405983672355e-9,8.468967232412247e-5,0.00012557578664597525,0.11110442652988475,-0.11109371684856195
307,1.5625,-0.11110869439069823,7.0606524752545235e-9,8.40276887415959e-5,0.0001283975614407265,0.11110869439069823,-0.11109372267693726
308,0.625,-0.11111258206792964,7.171657830261496e-9,8.468564122837765e-5,0.0001281004756493664,0.11111258206792964,-0.11109373463913166
309,0.25,-0.11111634510398574,7.472975266704298e-9,8.64463722009449e-5,0.00012736522454469815,0.11111634510398574,-0.11109374898101754
310,0.1,-0.11112006530662766,7.957993067810604e-9,8.920758413840498e-5,0.00012676103888552626,0.11112006530662766,-0.11109376425385009
311,0.1,-0.11112372935401464,8.616747742450053e-9,9.282643881163412e-5,0.00012632406319308646,0.11112372935401464,-0.11109377933123879
312,0.1,-0.11112732702352252,9.437964271621251e-9,9.714918564569263e-5,0.00012581978463152563,0.11112732702352252,-0.11109379418129268
313,0.1,-0.11113084835077118,1.0408754310232527e-8,0.00010202330278045564,0.00012525134254587998,0.11113084835077118,-0.11109380877457807
314,0.25,-0.11113408733351365,1.1447395133818828e-8,0.00010699250036249656,0.00012462387231365046,0.11113408733351365,-0.11109382121426264
315,0.625,-0.11113653194787107,1.2324913205792777e-8,0.00011101762565373472,0.00012323587808064427,0.11113653194787107,-0.11109382801131748
316,1.5625,-0.1111368457083243,1.2447559645224843e-8,0.00011156863199495118,0.00012004865450483461,0.1111368457083243,-0.11109382132518653
317,3.90625,-0.1111319814697953,1.0754641505747761e-8,0.00010370458767936818,0.00011422733622933709,0.1111319814697953,-0.11109379003609345
318,9.765625,-0.11111760732378158,7.49526381416874e-9,8.657519167849841e-5,0.00011262275378592476,0.11111760732378158,-0.11109373294595627
319,3.90625,-0.11111198952520972,6.923938517997503e-9,8.321020681381283e-5,0.0001258117712712438,0.11111198952520972,-0.11109372376363083
320,1.5625,-0.11110774575556814,6.7907206949088974e-9,8.240582925320816e-5,0.00012914681497088465,0.11110774575556814,-0.1110937302593472
321,0.625,-0.11110388672232342,6.901733356261258e-9,8.307667155261613e-5,0.00012892405625809181,0.11110388672232342,-0.11109374260859406
322,0.25,-0.1111001528620771,7.2216579721116746e-9,8.498033873850865e-5,0.0001281734563891846,0.1111001528620771,-0.11109375721734192
323,0.1,-0.1110964613823185,7.74334358137254e-9,8.799627026966848e-5,0.00012754744767922764,0.1110964613823185,-0.11109377270858874
324,0.1,-0.1110928290031236,8.4562555304232e-9,9.195790085916054e-5,0.0001270967845690439,0.1110928290031236,-0.11109378799296765
325,0.1,-0.11108926631648125,9.348224962472104e-9,9.668621909285782e-5,0.00012657229777231048,0.11108926631648125,-0.1110938030352646
326,0.1,-0.11108578365600645,1.0405304356356825e-8,0.0001020063937033205,0.00012597731890813115,0.11108578365600645,-0.11109381780292794
327,0.25,-0.11108259963115862,1.1539229655689879e-8,0.00010742080643753276,0.0001253173008144013,0.11108259963115862,-0.11109383036867203
328,0.625,-0.11108025477116226,1.2501912298218308e-8,0.00011181195060555158,0.00012383006023332515,0.11108025477116226,-0.11109383713505198
329,1.5625,-0.11108015754739234,1.264927175374435e-8,0.00011246898129593044,0.0001203767902890481,0.11108015754739234,-0.11109383005198435
330,3.90625,-0.11108551537149741,1.0830918050425198e-8,0.00010407169668274462,0.00011399873454207819,0.11108551537149741,-0.11109379815828463
331,9.765625,-0.11110088920007169,7.323589554060085e-9,8.55779735332643e-5,0.00011202079048528076,0.11110088920007169,-0.11109374273478417
332,3.90625,-0.11110707245049746,6.728819471056672e-9,8.202938175469002e-5,0.00012563664032143735,0.11110707245049746,-0.11109373435476805
333,1.5625,-0.11111180673406629,6.6055109227182055e-9,8.1274294353862e-5,0.00012896624373592586,0.11111180673406629,-0.11109374109230945
334,0.625,-0.11111613362540972,6.744416785639846e-9,8.212439823608966e-5,0.00012862808405557288,0.11111613362540972,-0.11109375345105856
335,0.25,-0.11112032727306582,7.107476367306377e-9,8.430585013690555e-5,0.00012779041584693655,0.11112032727306582,-0.11109376798086523
336,0.1,-0.11112447524019492,7.686927794100991e-9,8.76751264276305e-5,0.00012711497925794928,0.11112447524019492,-0.11109378336201822
337,0.1,-0.11112856025783881,8.471280257715268e-9,9.203955811342897e-5,0.00012663965058928403,0.11112856025783881,-0.11109379852184254
338,0.1,-0.11113257120265622,9.447276818287268e-9,9.719710293155485e-5,0.00012608467865194372,0.11113257120265622,-0.11109381342259714
339,0.1,-0.11113649723139357,1.0599761564952274e-8,0.00010295514346040354,0.00012545370910852817,0.11113649723139357,-0.11109382802944791
340,0.25,-0.11114010867988602,1.1833346381245094e-8,0.00010878118578708864,0.00012475280732527404,0.11114010867988602,-0.1110938403541625
341,0.625,-0.11114283735129307,1.2880304848148054e-8,0.00011349143072561934,0.00012315012132170747,0.11114283735129307,-0.11109384664720948
342,1.5625,-0.11114320100584718,1.3045749224350804e-8,0.00011421798993306966,0.00011940037866430572,0.11114320100584718,-0.11109383855213414
343,3.90625,-0.11113781152175124,1.1086440221662799e-8,0.0001052921660032825,0.00011242579314100361,0.11113781152175124,-0.11109380507366672
344,9.765625,-0.11112176053393123,7.288701696631518e-9,8.537389353093555e-5,0.0001102295156206827,0.11112176053393123,-0.11109374985061708
345,3.90625,-0.11111526070229646,6.636989531306192e-9,8.146772079361366e-5,0.00012523380109134488,0.11111526070229646,-0.11109374191518276
346,1.5625,-0.1111102812409592,6.4972925584851815e-9,8.06057848946661e-5,0.00012895782266055626,0.1111102812409592,-0.11109374885797527
347,0.625,-0.11110573063249786,6.642453116428309e-9,8.150124610353088e-5,0.00012865538165172575,0.11110573063249786,-0.11109376128749393
348,0.25,-0.11110132024126658,7.031183473726854e-9,8.385215246925301e-5,0.00012778999532107359,0.11110132024126658,-0.11109377582984159
349,0.1,-0.11109695758830483,7.65519463493981e-9,8.749396913467699e-5,0.00012709159607201715,0.11109695758830483,-0.11109379120238246
350,0.1,-0.111092658338615,8.502240038766105e-9,9.22075920885374e-5,0.00012660657819308713,0.111092658338615,-0.11109380634305652
351,0.1,-0.1110884341646448,9.558123420278812e-9,9.77656556275199e-5,0.0001260342158303762,0.1110884341646448,-0.11109382121055836
352,0.1,-0.1110842964592547,1.0806555079372806e-8,0.00010395458181038874,0.00012537833706776898,0.1110842964592547,-0.11109383576670287
353,0.25,-0.11108048053012637,1.2144143947285946e-8,0.00011020047162914479,0.00012464514423150003,0.11108048053012637,-0.11109384795827186
354,0.625,-0.11107757117815197,1.328005232035581e-8,0.00011523910933513765,0.000122929879973895,0.11107757117815197,-0.11109385387260862
355,1.5625,-0.11107709589453132,1.345878521337088e-8,0.00011601200460888036,0.00011886956616424956,0.11107709589453132,-0.11109384483312723
356,3.90625,-0.11108254481595274,1.1329411009228115e-8,0.00010643970598056025,0.00011125963335969267,0.11108254481595274,-0.11109380990119071
357,9.765625,-0.111098937132404,7.211148641634433e-9,8.491848233237822e-5,0.00010886011283903136,0.111098937132404,-0.11109375546023484
358,3.90625,-0.11110543266606025,6.511698945742698e-9,8.069509864758019e-5,0.00012514997724594258,0.11110543266606025,-0.11109374817071445
359,1.5625,-0.11111036447690278,6.366404864073195e-9,7.978975412967002e-5,0.0001291196425525246,0.11111036447690278,-0.11109375538956762
360,0.625,-0.11111485614667546,6.528951792931276e-9,8.080192938866791e-5,0.00012876781679263264,0.11111485614667546,-0.11109376791697753
361,0.25,-0.11111920361851059,6.9544459890713796e-9,8.339332100996685e-5,0.00012782630863054033,0.11111920361851059,-0.11109378248282342
362,0.1,-0.11112350149729644,7.633677273949868e-9,8.737091778131821e-5,0.00012707340015193856,0.11112350149729644,-0.11109379784993015
363,0.1,-0.11112773297630163,8.553179550144901e-9,9.24834014845091e-5,0.0001265546441111771,0.11112773297630163,-0.11109381296742647
364,0.1,-0.11113188616037216,9.697368982140627e-9,9.847522014263602e-5,0.0001259422271989608,0.11113188616037216,-0.11109382779102732
365,0.1,-0.11113594945607634,1.1048437895373734e-8,0.0001051115497715343,0.00012524032602959754,0.11113594945607634,-0.11109384227986503
366,0.25,-0.1111396804716014,1.2494755112876358e-8,0.00011177994056572207,0.0001244560833851999,0.1111396804716014,-0.11109385430975946
367,0.625,-0.11114247800395856,1.3722909423157294e-8,0.00011714482243427276,0.00012261098919806717,0.11114247800395856,-0.11109385979466467
368,1.5625,-0.11114277323389461,1.3919167178016667e-8,0.00011797952016352951,0.00011822614571926532,0.11114277323389461,-0.11109384970896449
369,3.90625,-0.11113698540870037,1.1626472289683818e-8,0.00010782612062799912,0.00010996240285910496,0.11113698540870037,-0.11109381307679739
370,9.765625,-0.111119984192949,7.177147206518885e-9,8.471804534170324e-5,0.00010735357385237751,0.111119984192949,-0.11109375895024998
371,3.90625,-0.11111320186080904,6.41587168676256e-9,8.009913661683601e-5,0.00012518420663689214,0.11111320186080904,-0.11109375225162346
372,1.5625,-0.11110803726930037,6.255535215462164e-9,7.909194153301691e-5,0.00012954876646432135,0.11110803726930037,-0.11109375979417246
373,0.625,-0.11110332711430809,6.429339827963259e-9,8.018316424264672e-5,0.00012921496982574302,0.11110332711430809,-0.11109377249716224
374,0.25,-0.11109876502356988,6.888773858296163e-9,8.299863768939923e-5,0.0001282328488525079,0.11109876502356988,-0.1110937871753781
375,0.1,-0.11109425308875494,7.624081559712536e-9,8.731598685070527e-5,0.0001274499556439273,0.11109425308875494,-0.11109380263238354
376,0.1,-0.11108981013117013,8.620933241036197e-9,9.284898082928104e-5,0.0001269183550036204,0.11108981013117013,-0.11109381782621143
377,0.1,-0.11108544863986025,9.862655360485448e-9,9.931090252578238e-5,0.00012628444318017325,0.11108544863986025,-0.1110938327084212
378,0.1,-0.11108118080409257,1.1330119478908707e-8,0.00010644303396140447,0.0001255525537314317,0.11108118080409257,-0.11109384723423328
379,0.25,-0.11107726246562453,1.2902174464359694e-8,0.00011358773905822623,0.00012472983590825938,0.11107726246562453,-0.11109385919623209
380,0.625,-0.11107432732701883,1.4237882463478641e-8,0.00011932259829336035,0.00012275246681712058,0.11107432732701883,-0.11109386430429044
381,1.5625,-0.11107402867139143,1.4451305766713539e-8,0.0001202135839525365,0.00011800209510583584,0.11107402867139143,-0.11109385312679555
382,3.90625,-0.11108014083001744,1.1957096319030915e-8,0.00010934850853592341,0.00010897971416751392,0.11108014083001744,-0.1110938146942522
383,9.765625,-0.11109808805100684,7.125889450991633e-9,8.44149835692197e-5,0.00010612663665008961,0.11109808805100684,-0.11109376118823747
384,3.90625,-0.1111053255864795,6.3058306258161755e-9,7.940926032784951e-5,0.000125489830747141,0.1111053255864795,-0.11109375520908032
385,1.5625,-0.11111086401069514,6.1368861590595376e-9,7.833828029169097e-5,0.0001301628449466565,0.11111086401069514,-0.11109376313243571
386,0.625,-0.11111592355634961,6.3296799346854946e-9,7.955928565972355e-5,0.00012979137688096454,0.11111592355634961,-0.11109377604381607
387,0.25,-0.11112082618928662,6.831519376775384e-9,8.265300585444781e-5,0.0001287352228226948,0.11112082618928662,-0.11109379085818907
388,0.1,-0.11112567490054243,7.631660550832081e-9,8.735937586104929e-5,0.0001278998960011377,0.11112567490054243,-0.11109380642435984
389,0.1,-0.11113045105541357,8.714420336908646e-9,9.335105964534439e-5,0.00012733798919770939,0.11113045105541357,-0.11109382170830107
390,0.1,-0.1111351416687965,1.0061574937282616e-8,0.00010030740220583233,0.00012666577913676548,0.1111351416687965,-0.11109383665769801
391,0.1,-0.11113973408137638,1.165227680989888e-8,0.00010794571232753471,0.00012588798009973928,0.11113973408137638,-0.11109385122424527
392,0.25,-0.11114396321994512,1.3355582749230944e-8,0.00011556635647640253,0.0001250126138579071,0.11114396321994512,-0.11109386311005336
393,0.625,-0.11114717171643733,1.4803529788977673e-8,0.00012166975708440316,0.00012289023692034617,0.11114717171643733,-0.11109386780762587
394,1.5625,-0.11114764321176168,1.5040198764552493e-8,0.00012263848810447923,0.00011776307833163079,0.11114764321176168,-0.11109385544086514
395,3.90625,-0.11114145190451649,1.235226235623363e-8,0.00011114073221026407,0.0001079480660921709,0.11114145190451649,-0.11109381492725275
396,9.765625,-0.1111229110151198,7.124864440359392e-9,8.440891209084141e-5,0.00010475815102240807,0.1111229110151198,-0.11109376148610818
397,24.4140625,-0.11110118209157824,6.612840949167943e-9,8.131937622220145e-5,0.00012564380990889978,0.11110118209157824,-0.1110936352584804
398,9.765625,-0.11110809043710106,6.0589887643266e-9,7.78395064496596e-5,0.00010743447684162006,0.11110809043710106,-0.11109358989344037
399,3.90625,-0.11111089869255346,6.00466027527682e-9,7.748974303271897e-5,0.00011078696962078287,0.11111089869255346,-0.11109357910621097
400,1.5625,-0.11111306964634886,6.039642856336748e-9,7.771513917079958e-5,0.0001105594742768883,0.11111306964634886,-0.11109358192484513
401,0.625,-0.11111506413774158,6.133536014747893e-9,7.831689482319823e-5,0.00010986627050172273,0.11111506413774158,-0.11109359015189556
402,0.25,-0.11111700195174258,6.281926815679171e-9,7.92586072024936e-5,0.00010931114320145137,0.11111700195174258,-0.11109360053065176
403,0.1,-0.1111189207996554,6.484282864724787e-9,8.052504495326151e-5,0.00010891576230038573,0.1111189207996554,-0.11109361175787309
404,0.1,-0.11112080162262693,6.736141705234925e-9,8.207400139651366e-5,0.00010862310400141883,0.11112080162262693,-0.11109362289038609
405,0.1,-0.11112263897930157,7.033394178852282e-9,8.386533359411553e-5,0.00010830971876154355,0.11112263897930157,-0.11109363391970987
406,0.1,-0.11112442758848906,7.371512569487397e-9,8.585751318019523e-5,0.0001079769942273805,0.11112442758848906,-0.11109364483820167
407,0.1,-0.11112616234356198,7.745604915123153e-9,8.800911836351477e-5,0.00010762654365904961,0.11112616234356198,-0.11109365563913307
408,0.25,-0.11112769362375138,8.116287395585073e-9,9.009044008986233e-5,0.00010726106428203429,0.11112769362375138,-0.11109366504218646
409,0.625,-0.1111286728469824,8.382646671810854e-9,9.155679478777561e-5,0.00010658891547744396,0.1111286728469824,-0.11109367093301585
410,1.5625,-0.11112821643706505,8.298346928114558e-9,9.109526292905992e-5,0.00010525865543304872,0.11112821643706505,-0.11109366852201526
411,3.90625,-0.11112437505332888,7.464016682217352e-9,8.639454081258464e-5,0.00010328932003600149,0.11112437505332888,-0.11109364952622258
412,9.765625,-0.11111457320263851,6.108717493087005e-9,7.815828486531037e-5,0.00010425138381191327,0.11111457320263851,-0.11109360305028664
413,3.90625,-0.11111063640334219,5.898941153710609e-9,7.680456466715119e-5,0.00011092705337645864,0.11111063640334219,-0.11109359318042028
414,1.5625,-0.11110761903210645,5.878458046780237e-9,7.667110307528018e-5,0.00011204444502129161,0.11110761903210645,-0.11109359670134115
415,0.625,-0.11110485870383174,5.967694604820692e-9,7.72508550426511e-5,0.00011158957071863455,0.11110485870383174,-0.11109360542988417
416,0.25,-0.11110218182228705,6.152790251115031e-9,7.843972368076669e-5,0.00011101436085476261,0.11110218182228705,-0.1110936162105755
417,0.1,-0.11109953316296885,6.43115150817476e-9,8.019446058285298e-5,0.00011057225440145141,0.11109953316296885,-0.1110936277993785
418,0.1,-0.11109692802269705,6.797238645879591e-9,8.244536764354679e-5,0.00011025029551343873,0.11109692802269705,-0.11109363927078483
419,0.1,-0.11109437369571341,7.244982077289012e-9,8.511746047250829e-5,0.00010988968056817779,0.11109437369571341,-0.11109365060883841
420,0.1,-0.1110918772898065,7.767506943778028e-9,8.813346097696395e-5,0.00010949248046649114,0.1110918772898065,-0.1110936617988967
421,0.25,-0.11108959718119614,8.319791581389352e-9,9.121289153068963e-5,0.00010906203359803314,0.11108959718119614,-0.11109367149789175
422,0.625,-0.1110879209243101,8.777352099043413e-9,9.368752371070234e-5,0.00010817359502702855,0.1110879209243101,-0.11109367735637032
423,1.5625,-0.1110878541428662,8.820490239643769e-9,9.391746504055446e-5,0.00010622263304579215,0.1110878541428662,-0.1110936740004303
424,3.90625,-0.11109167870272851,7.887290171936448e-9,8.881041702377288e-5,0.0001028071835369106,0.11109167870272851,-0.11109365259009715
425,9.765625,-0.11110263057737922,6.143137311708063e-9,7.837816859118401e-5,0.00010211537128719282,0.11110263057737922,-0.11109360501347654
426,3.90625,-0.11110704821478086,5.85097033333093e-9,7.649163570829774e-5,0.00010994024469772063,0.11110704821478086,-0.11109359531972136
427,1.5625,-0.1111104334090831,5.794615360763912e-9,7.612237096126152e-5,0.00011175954574460365,0.1111104334090831,-0.1110935989719152
428,0.625,-0.11111352802983736,5.870368482681273e-9,7.66183299392598e-5,0.000111478087444144,0.11111352802983736,-0.11109360774929974
429,0.25,-0.11111652762112965,6.059536882602509e-9,7.784302719320792e-5,0.00011092673491151946,0.11111652762112965,-0.11109361853358005
430,0.1,-0.11111949469318332,6.358396608254601e-9,7.973955485362708e-5,0.00011047963158653703,0.11111949469318332,-0.11109363010651112
431,0.1,-0.1111224171072356,6.761063178120617e-9,8.22256844186816e-5,0.00011015297439282302,0.1111224171072356,-0.11109364155582101
432,0.1,-0.11112528692641706,7.260780494771631e-9,8.52102135590073e-5,0.00010977995963502195,0.11112528692641706,-0.1110936528623762
433,0.1,-0.1111280964133094,7.849826364229972e-9,8.859924584458928e-5,0.00010936288202961332,0.1111280964133094,-0.11109366400852844
434,0.25,-0.11113068211636597,8.479072618271102e-9,9.20818799670766e-5,0.00010890538182098783,0.11113068211636597,-0.11109367361364848
435,0.625,-0.11113263952723211,9.010891760701417e-9,9.492571706709102e-5,0.00010792246298290187,0.11113263952723211,-0.111093679217094
436,1.5625,-0.1111329137641027,9.088634485820626e-9,9.533433004862743e-5,0.00010570386102277337,0.1111329137641027,-0.111093675195875
437,3.90625,-0.11112909697392997,8.076157955032246e-9,8.986744658124124e-5,0.00010169651540111562,0.11112909697392997,-0.11109365258051876
438,9.765625,-0.11111772573709983,6.127775696767047e-9,7.828011048003859e-5,0.00010050361862458119,0.11111772573709983,-0.11109360485234442
439,3.90625,-0.11111318626917593,5.7953081471921815e-9,7.612692130378177e-5,0.0001091611176619252,0.11111318626917593,-0.11109359532368505
440,1.5625,-0.11110972852526585,5.725351579057672e-9,7.566605301624812e-5,0.00011129818222335476,0.11110972852526585,-0.11109359901028489
441,0.625,-0.11110657517201261,5.801485588433288e-9,7.616748380006581e-5,0.00011105740122281917,0.11110657517201261,-0.11109360774036191
442,0.25,-0.11110352122738866,6.002579116544751e-9,7.747631326118164e-5,0.0001104885658120962,0.11110352122738866,-0.1110936184398984
443,0.1,-0.11110050111781343,6.324381657590565e-9,7.952598102249708e-5,0.00011002251135707983,0.11110050111781343,-0.11109362991321398
444,0.1,-0.11109752661758916,6.760539065853313e-9,8.222249732192104e-5,0.00010968468847186422,0.11109752661758916,-0.11109364125625347
445,0.1,-0.11109460602999939,7.303698240676468e-9,8.546167702939411e-5,0.00010929568312988091,0.11109460602999939,-0.11109365244794538
446,0.1,-0.11109174745650664,7.945434268505155e-9,8.913716547268685e-5,0.0001088579288953392,0.11109174745650664,-0.11109366346882821
447,0.25,-0.11108911964734793,8.632352438542486e-9,9.291045387114674e-5,0.0001083753541438861,0.11108911964734793,-0.11109367290522293
448,0.625,-0.11108714123899496,9.214410694962228e-9,9.599172201269351e-5,0.00010731546288581582,0.11108714123899496,-0.11109367820987012
449,1.5625,-0.11108690463712614,9.302079357048215e-9,9.644728797145212e-5,0.00010489319375952126,0.11108690463712614,-0.1110936735882052
450,3.90625,-0.111090901904719,8.199241504428982e-9,9.054966319334921e-5,0.00010048299439914953,0.111090901904719,-0.11109365010661712
451,9.765625,-0.11110269526822075,6.071499524238634e-9,7.791982754240819e-5,9.916641359755508e-5,0.11110269526822075,-0.11109360283132036
452,3.90625,-0.11110737900878427,5.706817262194558e-9,7.55434792830894e-5,0.00010877252946392584,0.11110737900878427,-0.11109359367515023
453,1.5625,-0.1111109412428283,5.6280792006066936e-9,7.502052519548696e-5,0.00011116553344975457,0.1111109412428283,-0.11109359750746639
454,0.625,-0.111114188211449,5.708244510317859e-9,7.555292522674327e-5,0.00011093749326155038,0.111114188211449,-0.11109360627042707
455,0.25,-0.11111733206119559,5.924181137833598e-9,7.696870232655347e-5,0.00011034056878636676,0.11111733206119559,-0.11109361695450809
456,0.1,-0.11112044055800664,6.271169155025433e-9,7.919071381813294e-5,0.00010985078684103588,0.11112044055800664,-0.11109362839335533
457,0.1,-0.11112350088972696,6.742284126490009e-9,8.211141288816074e-5,0.00010949867177045438,0.11112350088972696,-0.11109363969436542
458,0.1,-0.11112650448138035,7.329502474539737e-9,8.56125135394338e-5,0.00010909089274541291,0.11112650448138035,-0.11109365083466832
459,0.1,-0.11112944297418302,8.023647725144153e-9,8.957481635562617e-5,0.00010863011646515605,0.11112944297418302,-0.11109366179315575
460,0.25,-0.11113214033675571,8.767046855002819e-9,9.363250960538663e-5,0.0001081207255672463,0.11113214033675571,-0.11109367112619407
461,0.625,-0.11113416062652505,9.397713170057042e-9,9.694180300601512e-5,0.00010698523962179896,0.11113416062652505,-0.11109367620601059
462,1.5625,-0.11113436670460437,9.495047038782279e-9,9.744253198055908e-5,0.00010436846940744121,0.11113436670460437,-0.11109367108026164
463,3.90625,-0.11113016276348874,8.306276565443022e-9,9.113877640962173e-5,9.957199860304463e-5,0.11113016276348874,-0.11109364686226571
464,9.765625,-0.11111781948024706,6.005426928887006e-9,7.749468968185502e-5,9.811905720037454e-5,0.11111781948024706,-0.11109360018166618
465,3.90625,-0.11111285866613935,5.610804054895757e-9,7.490530057943668e-5,0.00010857698877930481,0.11111285866613935,-0.11109359146074421
466,1.5625,-0.11110906891935626,5.5264734195133094e-9,7.434025436809662e-5,0.00011118353946651831,0.11110906891935626,-0.11109359547333135
467,0.625,-0.1111056086895833,5.614703451682347e-9,7.493132490275577e-5,0.00011095160765982291,0.1111056086895833,-0.1110936042954793
468,0.25,-0.11110225602415656,5.8504805022096165e-9,7.648843378060252e-5,0.00011032238001789536,0.11110225602415656,-0.11109361498916172
469,0.1,-0.11109893993432873,6.228785878973537e-9,7.892265757672848e-5,0.00010981067395999006,0.11109893993432873,-0.11109362641960562
470,0.1,-0.11109567360825368,6.742224056214892e-9,8.211104710217067e-5,0.00010944888716530346,0.11109567360825368,-0.11109363770477017
471,0.1,-0.11109246606642957,7.382176313845905e-9,8.591959214198997e-5,0.00010902603802176026,0.11109246606642957,-0.11109364881963234
472,0.1,-0.1110893261116579,8.138754532558233e-9,9.021504604309767e-5,0.00010854494995297655,0.1110893261116579,-0.11109365974106669
473,0.25,-0.11108643782158306,8.949331683926519e-9,9.460090741597841e-5,0.00010801014169077618,0.11108643782158306,-0.11109366898634983
474,0.625,-0.1110842575543432,9.637671310773082e-9,9.817164209064185e-5,0.00010679033695726751,0.1110842575543432,-0.11109367382676803
475,1.5625,-0.11108397642670409,9.745815064786244e-9,9.872089477302282e-5,0.00010394575587664171,0.11108397642670409,-0.11109366811056098
476,3.90625,-0.11108831557180711,8.454095122691142e-9,9.194615338713819e-5,9.869006398544535e-5,0.11108831557180711,-0.11109364298042806
477,9.765625,-0.1111011957061347,5.953258192501873e-9,7.715735993735059e-5,9.706322597277928e-5,0.1111011957061347,-0.11109359678697
478,3.90625,-0.11110637171240043,5.526294724998726e-9,7.433905248924503e-5,0.00010842689135265719,0.11110637171240043,-0.11109358847686092
479,1.5625,-0.11111032506788066,5.436122088695227e-9,7.373006231311097e-5,0.00011124387247451485,0.11111032506788066,-0.11109359266461137
480,0.625,-0.11111393382677695,5.533025629211813e-9,7.438431036994167e-5,0.00011099468102638194,0.11111393382677695,-0.11109360154659881
481,0.25,-0.11111742970696939,5.789735527080253e-9,7.609031165056596e-5,0.00011032049784254377,0.11111742970696939,-0.11109361225168425
482,0.1,-0.11112088684816424,6.20068924648564e-9,7.874445533804676e-5,0.00010977594754152904,0.11112088684816424,-0.11109362367490866
483,0.1,-0.11112429214995713,6.757778684921072e-9,8.220570956400214e-5,0.00010939487919765072,0.11112429214995713,-0.11109363494306912
484,0.1,-0.11112763627698241,7.451578493145893e-9,8.632252598914082e-5,0.00010894793827150812,0.11112763627698241,-0.11109364602917832
485,0.1,-0.11113091012701194,8.271305520071625e-9,9.094671802803896e-5,0.00010843819004687104,0.11113091012701194,-0.11109365690832032
486,0.25,-0.11113392380085761,9.149241948268947e-9,9.565166986659955e-5,0.00010787072822512167,0.11113392380085761,-0.1110936660562835
487,0.625,-0.11113620607023779,9.895074725030217e-9,9.947399019356877e-5,0.00010656142962582188,0.11113620607023779,-0.11109367064022084
488,1.5625,-0.11113652654978802,1.001440822734663e-8,0.00010007201520578383,0.00010348818180926556,0.11113652654978802,-0.11109366430002403
489,3.90625,-0.11113207260638355,8.621423452894527e-9,9.285162062610716e-5,9.777447455176991e-5,0.11113207260638355,-0.11109363817658033
490,9.765625,-0.11111878469288676,5.9171962759981525e-9,7.692331425516033e-5,9.597900667619569e-5,0.11111878469288676,-0.11109359230831563
491,24.4140625,-0.11110332786097549,5.65564774260555e-9,7.520404073323155e-5,0.00010821729592519606,0.11110332786097549,-0.11109347603368591
492,9.765625,-0.11110841352881388,5.370642992727579e-9,7.328467092596909e-5,9.757789568641118e-5,0.11110841352881388,-0.11109343428135555
493,3.90625,-0.11111053187424147,5.3432321511770745e-9,7.309741548903815e-5,9.944068075364636e-5,0.11111053187424147,-0.1110934235068637
494,1.5625,-0.11111218620833468,5.361673555070073e-9,7.322344948901324e-5,9.925847898505867e-5,0.11111218620833468,-0.11109342500433084
495,0.625,-0.11111371171752886,5.410329400831988e-9,7.355494137603529e-5,9.881278900771874e-5,0.11111371171752886,-0.11109343138827332
496,0.25,-0.11111519582014402,5.486949566508952e-9,7.40739466108628e-5,9.844828779089894e-5,0.11111519582014402,-0.11109343971551684
497,0.1,-0.111116666086587,5.591275406292977e-9,7.477483136920456e-5,9.817598158858612e-5,0.111116666086587,-0.11109344880839347
498,0.1,-0.11111810876550986,5.721011720019301e-9,7.563736986450085e-5,9.796268224085926e-5,0.11111810876550986,-0.11109345784343241
499,0.1,-0.11111951988091469,5.874041412984206e-9,7.664229519647886e-5,9.77377094331507e-5,0.11111951988091469,-0.11109346681630725
500,0.1,-0.11112089557189421,6.048029825916295e-9,7.77690801406079e-5,9.750188055463015e-5,0.11112089557189421,-0.11109347572312402
501,0.1,-0.11112223210308408,6.240452832122005e-9,7.899653683625634e-5,9.725614303870605e-5,0.11112223210308408,-0.11109348456046186
502,0.25,-0.11112342056075446,6.430944596839225e-9,8.019317051245215e-5,9.700203944815909e-5,0.11112342056075446,-0.1110934923313861
503,0.625,-0.11112420698068114,6.5673070041750655e-9,8.10389227727952e-5,9.657397221676265e-5,0.11112420698068114,-0.11109349744120865
504,1.5625,-0.11112394701292212,6.52211659757374e-9,8.075962232188645e-5,9.577491402316722e-5,0.11112394701292212,-0.11109349616104464
505,3.90625,-0.11112121564731652,6.088861522035278e-9,7.803115737982667e-5,9.462605707853069e-5,0.11112121564731652,-0.11109348108084646
506,9.765625,-0.1111141067883786,5.386578971181203e-9,7.339331693813274e-5,9.516015890894143e-5,0.1111141067883786,-0.11109343875240804
507,3.90625,-0.11111123906673276,5.276873935192197e-9,7.264209478802354e-5,9.902400966302604e-5,0.11111123906673276,-0.11109342840673105
508,1.5625,-0.11110903910707934,5.264962568350586e-9,7.256006179952292e-5,9.96572282207185e-5,0.11110903910707934,-0.11109343019922036
509,0.625,-0.1111070263318104,5.309698681211801e-9,7.28676792632495e-5,9.936019328233657e-5,0.1111070263318104,-0.11109343676373733
510,0.25,-0.1111050744669039,5.403919896716198e-9,7.351135896387849e-5,9.898698153006571e-5,0.1111050744669039,-0.11109344521536205
511,0.1,-0.11110314327084041,5.546287333788629e-9,7.447340017609394e-5,9.868862244375468e-5,0.11110314327084041,-0.11109345440980585
512,0.1,-0.11110124309547813,5.7339401087511095e-9,7.57227846077461e-5,9.845897080865841e-5,0.11110124309547813,-0.11109346353518001
513,0.1,-0.11109937920801964,5.963738017310098e-9,7.722524209939453e-5,9.820716792058455e-5,0.11109937920801964,-0.11109347258328242
514,0.1,-0.11109755674103781,6.23212461566177e-9,7.894380669604026e-5,9.793446080680667e-5,0.11109755674103781,-0.11109348154659071
515,0.25,-0.11109588869275587,6.515821233992043e-9,8.072063697712031e-5,9.764283119994977e-5,0.11109588869275587,-0.11109348939888314
516,0.625,-0.11109465222564177,6.750455974875197e-9,8.216115855363286e-5,9.708893441876146e-5,0.11109465222564177,-0.11109349442901505
517,1.5625,-0.1110945670184746,6.770699183400693e-9,8.228425841800297e-5,9.593073451681048e-5,0.1110945670184746,-0.11109349261879639
518,3.90625,-0.11109726624099166,6.285913941016677e-9,7.928375584580159e-5,9.395891261008014e-5,0.11109726624099166,-0.11109347630237983
519,9.765625,-0.1111050600226112,5.381498029348728e-9,7.335869429964473e-5,9.35681723091972e-5,0.1111050600226112,-0.11109343355984336
520,3.90625,-0.11110816332694161,5.227990198594559e-9,7.230484215178509e-5,9.812069568206854e-5,0.11110816332694161,-0.11109342333729702
521,1.5625,-0.11111052794389183,5.196365948038103e-9,7.2085823488659e-5,9.918244284182372e-5,0.11111052794389183,-0.11109342517722687
522,0.625,-0.11111268503573925,5.232970915412812e-9,7.233927643689016e-5,9.899472726298514e-5,0.11111268503573925,-0.11109343172448138
523,0.25,-0.11111477433446172,5.328130855097899e-9,7.299404670997423e-5,9.863849359823316e-5,0.11111477433446172,-0.11109344012624227
524,0.1,-0.11111684046305825,5.479915482785658e-9,7.402645123728179e-5,9.83384475617657e-5,0.11111684046305825,-0.111093449256976
525,0.1,-0.11111887454363774,5.6852790539120644e-9,7.540078947804236e-5,9.810663198787616e-5,0.11111887454363774,-0.11109345831578023
526,0.1,-0.11112087089959329,5.940724031186302e-9,7.707609247481545e-5,9.7848184371069e-5,0.11112087089959329,-0.11109346729282134
527,0.1,-0.11112282399756902,6.242253396150393e-9,7.900793248877224e-5,9.756449817797815e-5,0.11112282399756902,-0.11109347617903352
528,0.25,-0.11112461654629421,6.564459936188317e-9,8.102135481580344e-5,9.725775963362833e-5,0.11112461654629421,-0.11109348393403352
529,0.625,-0.11112595851320586,6.8361724375103225e-9,8.268114922707788e-5,9.665031312479673e-5,0.11112595851320586,-0.11109348879798128
530,1.5625,-0.11112609399993857,6.872975735573578e-9,8.290341208643694e-5,9.534135709277823e-5,0.11112609399993857,-0.11109348664668627
531,3.90625,-0.11112329985458323,6.346056800107558e-9,7.966214157369582e-5,9.304549061817643e-5,0.11112329985458323,-0.11109346980551481
532,9.765625,-0.1111151117543949,5.3359591242400505e-9,7.304764968320371e-5,9.240501801880362e-5,0.1111151117543949,-0.11109342731569616
533,3.90625,-0.11111184004348887,5.161619881581027e-9,7.184441440767004e-5,9.746802821481507e-5,0.11111184004348887,-0.11109341728737283
534,1.5625,-0.11110934534872105,5.123081346404198e-9,7.157570360397583e-5,9.87226530723745e-5,0.11110934534872105,-0.11109341916556456
535,0.625,-0.11110706909163627,5.160159191338464e-9,7.183424803906883e-5,9.856109477121474e-5,0.11110706909163627,-0.11109342567379021
536,0.25,-0.11110486414393478,5.261942037859337e-9,7.253924481175232e-5,9.819645812130392e-5,0.11110486414393478,-0.11109343400352899
537,0.1,-0.11110268348058533,5.426244883856052e-9,7.366304965079882e-5,9.788742984040054e-5,0.11110268348058533,-0.11109344304947934
538,0.1,-0.11110053602469866,5.649799509497409e-9,7.516514823704806e-5,9.765141671271151e-5,0.11110053602469866,-0.11109345202046492
539,0.1,-0.11109842775405195,5.9288105854956706e-9,7.699877002586256e-5,9.738577733992556e-5,0.11109842775405195,-0.11109346090558514
540,0.1,-0.1110963645001965,6.2589272371326505e-9,7.911338216213898e-5,9.709199554934626e-5,0.1110963645001965,-0.11109346969477069
541,0.25,-0.11109446869671577,6.612549907983764e-9,8.131758670781964e-5,9.67723946025638e-5,0.11109446869671577,-0.11109347733493151
542,0.625,-0.1110930436255015,6.912085672770899e-9,8.313895400334852e-5,9.61204463414033e-5,0.1110930436255015,-0.11109348202667177
543,1.5625,-0.11109288042465601,6.9560515495874696e-9,8.34029468879096e-5,9.469015999709781e-5,0.11109288042465601,-0.11109347956868272
544,3.90625,-0.11109578460293695,6.384312811537905e-9,7.990189491831783e-5,9.215078645595204e-5,0.11109578460293695,-0.11109346233137925
545,9.765625,-0.11110434700728496,5.282609626418607e-9,7.268156318089621e-5,9.139370695040922e-5,0.11110434700728496,-0.11109342024475184
546,3.90625,-0.11110777764416492,5.093264190345966e-9,7.136710860295495e-5,9.690288005314905e-5,0.11110777764416492,-0.11109341042436405
547,1.5625,-0.11111039599985821,5.0519232703623386e-9,7.107688281264407e-5,9.827489119133742e-5,0.11111039599985821,-0.11109341233475908
548,0.625,-0.11111278570701304,5.092839162413503e-9,7.136413078300262e-5,9.810655431385375e-5,0.11111278570701304,-0.11109341879513779
549,0.25,-0.11111510061157807,5.20405027874597e-9,7.213910367301475e-5,9.77190437111025e-5,0.11111510061157807,-0.11109342704407767
550,0.1,-0.11111738990727771,5.383122479914864e-9,7.336976543450894e-5,9.73933148725491e-5,0.11111738990727771,-0.1110934359965459
551,0.1,-0.11111964458766466,5.626481476753457e-9,7.500987586147211e-5,9.714775478712887e-5,0.11111964458766466,-0.11109344486990042
552,0.1,-0.11112185843585938,5.929975286083479e-9,7.700633276610098e-5,9.686990415511067e-5,0.11112185843585938,-0.11109345365232214
553,0.1,-0.11112402538983207,6.288853528437298e-9,7.93022920755592e-5,9.656140345974048e-5,0.11112402538983207,-0.11109346233290461
554,0.25,-0.11112601847207239,6.673250552350314e-9,8.168996604449235e-5,9.622490307466199e-5,0.11112601847207239,-0.1110934698441886
555,0.625,-0.11112752288773294,6.999256676805756e-9,8.36615603297342e-5,9.552571764143923e-5,0.11112752288773294,-0.11109347434594971
556,1.5625,-0.11112771707943514,7.048977157405431e-9,8.395818695877985e-5,9.397567288887339e-5,0.11112771707943514,-0.11109347155767371
557,3.90625,-0.1111247243102867,6.432447713081786e-9,8.020254181185149e-5,9.120455306631237e-5,0.1111247243102867,-0.11109345388436767
558,9.765625,-0.11111584193015141,5.240048626419551e-9,7.238818015684295e-5,9.03614797278536e-5,0.11111584193015141,-0.11109341210195724
559,24.4140625,-0.11110554236997598,5.123011933017489e-9,7.157521870743735e-5,9.630783260894351e-5,0.11110554236997598,-0.11109330079868121
560,9.765625,-0.11110891767794208,4.9946525059828595e-9,7.067285551032207e-5,9.142385417463349e-5,0.11110891767794208,-0.11109326093283102
561,3.90625,-0.11111031203888219,4.979950919112289e-9,7.056876730616944e-5,9.237449113555312e-5,0.11111031203888219,-0.11109325012370283
562,1.5625,-0.11111139766983744,4.985462550551782e-9,7.060780799990736e-5,9.228002375796077e-5,0.11111139766983744,-0.11109325087219671
563,0.625,-0.11111239768798815,5.004289760640011e-9,7.074100480372052e-5,9.20291331220509e-5,0.11111239768798815,-0.11109325622465353
564,0.25,-0.11111337021427437,5.035431779923421e-9,7.09607763480884e-5,9.180420521369301e-5,0.11111337021427437,-0.11109326340597271
565,0.1,-0.1111143335700492,5.078765481021542e-9,7.12654578391351e-5,9.16180097446185e-5,0.1111143335700492,-0.11109327130656727
566,0.1,-0.11111527858791925,5.133269023763333e-9,7.164683540648067e-5,9.145790500807845e-5,0.11111527858791925,-0.1110932791710135
567,0.1,-0.11111620262397494,5.198002697339979e-9,7.209717537698671e-5,9.129264160911091e-5,0.11111620262397494,-0.11109328699748514
568,0.1,-0.11111710311107122,5.271932151037427e-9,7.260807221678197e-5,9.112260693844419e-5,0.11111710311107122,-0.11109329478434636
569,0.1,-0.11111797756582409,5.353940753196933e-9,7.317062766709695e-5,9.0948250108653e-5,0.11111797756582409,-0.1110933025301677
570,0.25,-0.11111875352670846,5.435053873571414e-9,7.372281786239193e-5,9.077032162130088e-5,0.11111875352670846,-0.11109330940596214
571,0.625,-0.11111926207325663,5.492292291015707e-9,7.411000128873097e-5,9.051335863328344e-5,0.11111926207325663,-0.11109331412641035
572,1.5625,-0.11111907482741386,5.469609310355441e-9,7.395680705895463e-5,9.008923145873217e-5,0.11111907482741386,-0.11109331359321356
573,3.90625,-0.1111172457362406,5.2763680283273305e-9,7.263861251653511e-5,8.951893457001795e-5,0.1111172457362406,-0.11109330090497582
574,9.765625,-0.1111125182838016,4.965701723630997e-9,7.04677353377487e-5,8.976788706797349e-5,0.1111125182838016,-0.1110932610395525
575,3.90625,-0.11111062189450276,4.915533684354708e-9,7.011086709173342e-5,9.164895168448213e-5,0.11111062189450276,-0.11109325045682394
576,1.5625,-0.11110916904928739,4.9082775323629865e-9,7.005910028228301e-5,9.193656076816684e-5,0.11110916904928739,-0.11109325128955196
577,0.625,-0.11110784035560788,4.925906485299845e-9,7.01848023812837e-5,9.17548365142483e-5,0.11110784035560788,-0.11109325664368604
578,0.25,-0.11110655204120169,4.965289789622524e-9,7.046481242167982e-5,9.152669374177074e-5,0.11110655204120169,-0.11109326378974976
579,0.1,-0.11110527743631031,5.025845654415769e-9,7.089319892920454e-5,9.133025203841636e-5,0.11110527743631031,-0.11109327164068902
580,0.1,-0.1111040236273746,5.106317246502202e-9,7.145850016969431e-5,9.11649923978482e-5,0.1111040236273746,-0.11109327945117851
581,0.1,-0.11110279411511748,5.205325143401502e-9,7.214793928728319e-5,9.098940393712696e-5,0.11110279411511748,-0.11109328721765309
582,0.1,-0.11110159231002552,5.3213068230217206e-9,7.294728797578236e-5,9.08040992668886e-5,0.11110159231002552,-0.11109329493684593
583,0.25,-0.11110049375684525,5.444020211001925e-9,7.378360394424987e-5,9.061002207732151e-5,0.11110049375684525,-0.11109330177101759
584,0.625,-0.11109968353310298,5.54514958067373e-9,7.446576113002358e-5,9.0293697854636e-5,0.11109968353310298,-0.11109330638936098
585,1.5625,-0.11109964195545188,5.551995509129738e-9,7.451171390546414e-5,8.969742332117433e-5,0.11109964195545188,-0.11109330558015452
586,3.90625,-0.11110145834024109,5.336876776104183e-9,7.30539305999628e-5,8.873482629367551e-5,0.11110145834024109,-0.11109329236288366
587,9.765625,-0.11110667118968061,4.937800149531622e-9,7.026948234853892e-5,8.853925664666726e-5,0.11110667118968061,-0.11109325247231888
588,3.90625,-0.11110875213723234,4.868692026615936e-9,6.977601326111958e-5,9.071911128629894e-5,0.11110875213723234,-0.11109324194934433
589,1.5625,-0.11111034051599665,4.85306519117727e-9,6.966394470009052e-5,9.120730517389376e-5,0.11111034051599665,-0.11109324274901101
590,0.625,-0.1111117905479284,4.867401637289838e-9,6.97667659942027e-5,9.10779523423264e-5,0.1111117905479284,-0.11109324801848154
591,0.25,-0.1111131954121625,4.907475907199747e-9,7.00533789848837e-5,9.085940694809843e-5,0.1111131954121625,-0.11109325505677202
592,0.1,-0.11111458486519792,4.972457297127462e-9,7.051565285188433e-5,9.066429874154243e-5,0.11111458486519792,-0.11109326279075553
593,0.1,-0.11111595295003908,5.061016473967619e-9,7.114082143163388e-5,9.050044436195376e-5,0.11111595295003908,-0.11109327048359793
594,0.1,-0.11111729587737364,5.171626405433587e-9,7.191402092383367e-5,9.032403107791928e-5,0.11111729587737364,-0.11109327813100076
595,0.1,-0.11111860995327245,5.302539057883444e-9,7.281853512591037e-5,9.013574073437145e-5,0.11111860995327245,-0.11109328572900139
596,0.25,-0.11111981683984914,5.442563054474843e-9,7.377372875539667e-5,8.993659668455357e-5,0.11111981683984914,-0.11109329243698186
597,0.625,-0.11112072285717232,5.560330473570471e-9,7.45676234941846e-5,8.959603195508609e-5,0.11112072285717232,-0.11109329690749545
598,1.5625,-0.11112082326578525,5.5745573543394505e-9,7.466295838191419e-5,8.892763639756108e-5,0.11112082326578525,-0.11109329589436066
599,3.90625,-0.11111896757784116,5.340405327582661e-9,7.307807692860192e-5,8.780959269800691e-5,0.11111896757784116,-0.1110932824462123
600,9.765625,-0.11111351055596577,4.8938111265157676e-9,6.99557797934936e-5,8.749230555470099e-5,0.11111351055596577,-0.11109324281149656
601,3.90625,-0.1111113341934415,4.815357017617466e-9,6.939277352590445e-5,8.991369884912743e-5,0.1111113341934415,-0.11109323237952143
602,1.5625,-0.11110967564016477,4.796559220231632e-9,6.925719616207136e-5,9.049506711607533e-5,0.11110967564016477,-0.11109323314495667
603,0.625,-0.11110816266946696,4.810947765090178e-9,6.936099599263392e-5,9.037697178350599e-5,0.11110816266946696,-0.11109323832331859
604,0.25,-0.11110669725494163,4.8537136051715254e-9,6.966859841543768e-5,9.015260255792867e-5,0.11110669725494163,-0.11109324524666787
605,0.1,-0.11110524806414535,4.923880860985219e-9,7.017037024973731e-5,8.995138886375605e-5,0.11110524806414535,-0.11109325285622292
606,0.1,-0.11110382097839444,5.019993686728048e-9,7.085191378310149e-5,8.978381806121177e-5,0.11110382097839444,-0.11109326042317219
607,0.1,-0.1111024199746211,5.14036923505438e-9,7.169636835331606e-5,8.96024569259012e-5,0.1111024199746211,-0.11109326794280963
608,0.25,-0.11110111470487301,5.275735344209107e-9,7.26342573735638e-5,8.940831231829378e-5,0.11110111470487301,-0.11109327460002313
609,0.625,-0.11110008491334165,5.39859170946474e-9,7.347510945527566e-5,8.907437454801578e-5,0.11110008491334165,-0.11109327908110989
610,1.5625,-0.11109980760761391,5.4349115928095236e-9,7.372185288508098e-5,8.840167081029594e-5,0.11109980760761391,-0.11109327818854046
611,3.90625,-0.11110139118526625,5.2453277693459275e-9,7.242463509984657e-5,8.719937203216136e-5,0.11110139118526625,-0.11109326495370853
612,9.765625,-0.11110648257219458,4.839535856769674e-9,6.95667726487989e-5,8.651512263636518e-5,0.11110648257219458,-0.11109322547118197
613,24.4140625,-0.11111260323132202,4.787369810752665e-9,6.91908217233519e-5,8.852304374679692e-5,0.11111260323132202,-0.11109311798380972
614,9.765625,-0.11111053407258085,4.7407904520066064e-9,6.885339826040983e-5,8.757286181971186e-5,0.11111053407258085,-0.11109307960928444
615,3.90625,-0.11110966718183225,4.733731961960237e-9,6.880212178385371e-5,8.8001966021691e-5,0.11110966718183225,-0.11109306892048011
616,1.5625,-0.11110898724032649,4.733923163763305e-9,6.880351127495824e-5,8.793641236186507e-5,0.11110898724032649,-0.11109306927674054
617,0.625,-0.11110835908678168,4.7390825108667066e-9,6.884099440643422e-5,8.778612302561911e-5,0.11110835908678168,-0.11109307403524807
618,0.25,-0.11110774754762236,4.748908178508816e-9,6.891232239961744e-5,8.763703340488713e-5,0.11110774754762236,-0.11109308054209986
619,0.1,-0.11110714155692887,4.763378677295214e-9,6.90172346395827e-5,8.749962563994329e-5,0.11110714155692887,-0.11109308773637373
620,0.1,-0.11110654729012658,4.782090828586393e-9,6.915266320675143e-5,8.737119391673822e-5,0.11110654729012658,-0.11109309490574686
621,0.1,-0.1111059663819242,4.804688730191456e-9,6.931586203886853e-5,8.724095379854665e-5,0.1111059663819242,-0.11109310204958245
622,0.1,-0.11110540041879557,4.8307808311864395e-9,6.950381882448215e-5,8.71090563702584e-5,0.11110540041879557,-0.11109310916731417
623,0.1,-0.11110485093464102,4.8599446346511665e-9,6.971330313972482e-5,8.69756775454259e-5,0.11110485093464102,-0.11109311625845336
624,0.25,-0.11110436374931834,4.888680448156049e-9,6.991909930881582e-5,8.684107943032002e-5,0.11110436374931834,-0.11109312258483164
625,0.625,-0.11110404527022444,4.908072993308586e-9,7.005764050629015e-5,8.667691619605668e-5,0.11110404527022444,-0.11109312702483572
626,1.5625,-0.11110416485417988,4.896461374799504e-9,6.997471954069915e-5,8.645103956146478e-5,0.11110416485417988,-0.11109312682053284
627,3.90625,-0.11110531614870403,4.819083286535545e-9,6.94196174473437e-5,8.618042796598285e-5,0.11110531614870403,-0.11109311540654987
628,9.765625,-0.11110828458588641,4.697273485140311e-9,6.853665796594046e-5,8.6269119671006e-5,0.11110828458588641,-0.111093077228901
629,3.90625,-0.11110947495825817,4.676186067829228e-9,6.838264449280408e-5,8.707106092973314e-5,0.11110947495825817,-0.11109306664408113
630,1.5625,-0.11111038722765748,4.671689482488527e-9,6.834975846693628e-5,8.716243320733898e-5,0.11111038722765748,-0.11109306697202864
631,0.625,-0.11111122166777619,4.676853788030076e-9,6.838752655294733e-5,8.703957743367612e-5,0.11111122166777619,-0.11109307163957542
632,0.25,-0.11111203080702413,4.6904773492161795e-9,6.848705972091502e-5,8.688914777418002e-5,0.11111203080702413,-0.11109307802929361
633,0.1,-0.11111283136905564,4.71233572461829e-9,6.864645456699341e-5,8.674841167965853e-5,0.11111283136905564,-0.11109308509646591
634,0.1,-0.11111361891490713,4.741932374395868e-9,6.886169017963376e-5,8.661926384881598e-5,0.11111361891490713,-0.1110930921373734
635,0.1,-0.11111439125285662,4.7787276791196115e-9,6.912834208282166e-5,8.648615206704766e-5,0.11111439125285662,-0.11109309915068886
636,0.1,-0.11111514624839991,4.822111680175935e-9,6.944142625390073e-5,8.634932952642012e-5,0.11111514624839991,-0.11109310613520122
637,0.25,-0.11111583656469438,4.868084729564431e-9,6.97716613645141e-5,8.620919183658534e-5,0.11111583656469438,-0.11109311235279667
638,0.625,-0.11111634625259822,4.905613534024653e-9,7.004008519429894e-5,8.602093449798576e-5,0.11111634625259822,-0.11109311666863927
639,1.5625,-0.11111637447942382,4.906407499884275e-9,7.00457529039718e-5,8.572292863813215e-5,0.11111637447942382,-0.1110931162915302
640,3.90625,-0.1111152394159172,4.82086572752222e-9,6.943245442530618e-5,8.528718220321542e-5,0.1111152394159172,-0.11109310465388789
641,9.765625,-0.11111198086466213,4.6639465872068205e-9,6.829309326137469e-5,8.51858060620438e-5,0.11111198086466213,-0.11109306657976167
642,24.4140625,-0.11110832295299587,4.6461740171804254e-9,6.816284924488137e-5,8.609410008685745e-5,0.11110832295299587,-0.11109296121755527
643,9.765625,-0.11110957694319387,4.6254548090671e-9,6.801069628423973e-5,8.570891048866668e-5,0.11110957694319387,-0.11109292350920318
644,3.90625,-0.11111009769897943,4.619633767298951e-9,6.796788776546576e-5,8.594695484507927e-5,0.11111009769897943,-0.11109291289160596
645,1.5625,-0.11111050473194052,4.616495102025865e-9,6.794479451750417e-5,8.592390363934384e-5,0.11111050473194052,-0.11109291308230594
646,0.625,-0.11111088024203192,4.615127295214751e-9,6.793472819710661e-5,8.582895986549959e-5,0.11111088024203192,-0.11109291758038901
647,0.25,-0.11111124564236,4.6153933066588245e-9,6.793668601469183e-5,8.571737236766642e-5,0.11111124564236,-0.11109292378863096
648,0.1,-0.11111160768573104,4.617274631015852e-9,6.79505307633123e-5,8.560326403642985e-5,0.11111160768573104,-0.11109293066913234
649,0.1,-0.11111196302537306,4.6206396197543425e-9,6.79752868309825e-5,8.548983827257079e-5,0.11111196302537306,-0.1110929375296473
650,0.1,-0.11111231068755296,4.6253696728244075e-9,6.801007037802864e-5,8.53760259015657e-5,0.11111231068755296,-0.11109294437001196
651,0.1,-0.11111264972659789,4.631333938960605e-9,6.805390465624001e-5,8.526187222066685e-5,0.11111264972659789,-0.1110929511900836
652,0.1,-0.11111297922748031,4.638390886462046e-9,6.81057331394505e-5,8.514743181602206e-5,0.11111297922748031,-0.11109295798974524
653,0.1,-0.11111329830829453,4.6463899780440765e-9,6.816443338020258e-5,8.503276755683041e-5,0.11111329830829453,-0.11109296476890619
654,0.25,-0.11111357766702827,4.653973969119071e-9,6.822004081733659e-5,8.491796889094679e-5,0.11111357766702827,-0.11109297082819151
655,0.625,-0.11111375033704346,4.6577753959778514e-9,6.82478966414193e-5,8.479498193472899e-5,0.11111375033704346,-0.11109297511552337
656,1.5625,-0.11111364811154904,4.649757896067759e-9,6.818913326966225e-5,8.465632249147081e-5,0.11111364811154904,-0.1110929750202666
657,3.90625,-0.11111290361507113,4.617425844868913e-9,6.795164343022848e-5,8.452024108140958e-5,0.11111290361507113,-0.11109296414271937
658,9.765625,-0.1111110409722038,4.56983965524584e-9,6.760058916345212e-5,8.456249752243293e-5,0.1111110409722038,-0.11109292679875679
659,3.90625,-0.11111029182027206,4.559804622929794e-9,6.752632540668709e-5,8.494230191235432e-5,0.11111029182027206,-0.11109291625697355
660,1.5625,-0.11110971640241196,4.5559856707886775e-9,6.749804197744315e-5,8.496211695551334e-5,0.11110971640241196,-0.11109291637969992
661,0.625,-0.1111091896037136,4.555841414139941e-9,6.749697337021817e-5,8.486950243102906e-5,0.1111091896037136,-0.11109292075013563
662,0.25,-0.11110867862425829,4.558938852479658e-9,6.751991448809498e-5,8.475490695915599e-5,0.11110867862425829,-0.11109292680719052
663,0.1,-0.11110817302775992,4.565201358412546e-9,6.756627382365071e-5,8.463973267921817e-5,0.11110817302775992,-0.11109293352779338
664,0.1,-0.11110767576767987,4.5744332951082525e-9,6.763455695950298e-5,8.45274612301634e-5,0.11110767576767987,-0.11109294022809321
665,0.25,-0.1111072087240292,4.585724998646254e-9,6.77179813538934e-5,8.441384273248043e-5,0.1111072087240292,-0.11109294621820635
666,0.625,-0.11110683012384141,4.5962821215082916e-9,6.779588572699889e-5,8.428721716038382e-5,0.11110683012384141,-0.11109295045515473
667,1.5625,-0.11110669634205991,4.598402822475299e-9,6.781152426007912e-5,8.412795784227646e-5,0.11110669634205991,-0.11109295034046515
668,3.90625,-0.11110717489011504,4.577127617333038e-9,6.765447226409381e-5,8.392051465174065e-5,0.11110717489011504,-0.11109293948622262
669,9.765625,-0.11110882188056646,4.5319898367521935e-9,6.732005523432222e-5,8.379627398727541e-5,0.11110882188056646,-0.11109290231152781
670,24.4140625,-0.11111084262616534,4.5218789223198775e-9,6.724491744600389e-5,8.40778752565365e-5,0.11111084262616534,-0.1110927992287773
671,9.765625,-0.11111013333392387,4.513115004788218e-9,6.717972167840694e-5,8.440617237975886e-5,0.11111013333392387,-0.1110927623559913
672,3.90625,-0.11110983552503848,4.50870240688447e-9,6.71468719069211e-5,8.456214316892234e-5,0.11110983552503848,-0.11109275192726183
673,1.5625,-0.11110960087423136,4.505159319436062e-9,6.712048360549901e-5,8.453941874550273e-5,0.11110960087423136,-0.11109275205484352
674,0.625,-0.11110938365784394,4.502237018432597e-9,6.70987110042555e-5,8.4458500106377e-5,0.11110938365784394,-0.11109275639006275
675,0.25,-0.11110917202792604,4.499898668107201e-9,6.708128403740645e-5,8.435872471432157e-5,0.11110917202792604,-0.11109276239594224
676,0.1,-0.11110896226985428,4.4981381099006e-9,6.706816017977979e-5,8.425305007873785e-5,0.11110896226985428,-0.11109276905863659
677,0.1,-0.1111087566693485,4.496903343837425e-9,6.70589542405593e-5,8.414581003793734e-5,0.1111087566693485,-0.11109277570325611
678,0.1,-0.11110855578584938,4.496151374335844e-9,6.70533472269345e-5,8.40387577679476e-5,0.11110855578584938,-0.11109278232981316
679,0.1,-0.11110836016171666,4.495835698277883e-9,6.70509932683915e-5,8.393189961019986e-5,0.11110836016171666,-0.11109278893832607
680,0.1,-0.11110817032075115,4.495906813413831e-9,6.705152357265143e-5,8.3825245700451e-5,0.11110817032075115,-0.11109279552881966
681,0.1,-0.11110798676678003,4.4963127595540666e-9,6.705455062524889e-5,8.371880952637982e-5,0.11110798676678003,-0.11109280210132637
682,0.25,-0.11110782707933925,4.496580271643992e-9,6.705654533037019e-5,8.361261322341131e-5,0.11110782707933925,-0.11109280798133218
683,0.625,-0.11110773115626302,4.4955516835622276e-9,6.704887533405932e-5,8.350592001685077e-5,0.11110773115626302,-0.11109281215756604
684,1.5625,-0.11110779883553996,4.4904908137870785e-9,6.701112455247322e-5,8.339919626687618e-5,0.11110779883553996,-0.11109281210972499
685,3.90625,-0.11110824704645886,4.477217599605994e-9,6.691201386601657e-5,8.330623333509958e-5,0.11110824704645886,-0.1110928015830715
686,9.765625,-0.11110935256607933,4.459015135144148e-9,6.677585742724797e-5,8.330477302774761e-5,0.11110935256607933,-0.11109276505234147
687,24.4140625,-0.11111046770044242,4.454595143593269e-9,6.674275349124629e-5,8.348492976630227e-5,0.11111046770044242,-0.11109266341634288
688,9.765625,-0.11111010936910888,4.449254588280612e-9,6.670273298959055e-5,8.376539311076639e-5,0.11111010936910888,-0.11109262703571307
689,3.90625,-0.1111099738016618,4.445381871006903e-9,6.667369699519371e-5,8.387829146050668e-5,0.1111099738016618,-0.11109261673499614
690,1.5625,-0.1111098719225619,4.4418041476052805e-9,6.66468614985378e-5,8.385677897421767e-5,0.1111098719225619,-0.1110926168456771
691,0.625,-0.11110977935819226,4.438425462332042e-9,6.662150900671675e-5,8.378325177027201e-5,0.11110977935819226,-0.11109262110673175
692,0.25,-0.11110968981242328,4.4352288719594795e-9,6.659751400735225e-5,8.369022009670393e-5,0.11110968981242328,-0.1110926270160094
693,0.1,-0.11110960130136183,4.432211160691229e-9,6.657485381652167e-5,8.359003024163472e-5,0.11110960130136183,-0.11109263357353791
694,0.1,-0.11110951461046598,4.429362029960145e-9,6.655345242705404e-5,8.348736494196821e-5,0.11110951461046598,-0.11109264011411492
695,0.1,-0.11110943001283002,4.426672489977097e-9,6.65332434950912e-5,8.338498815700078e-5,0.11110943001283002,-0.11109264663779567
696,0.1,-0.1111093477736435,4.4241324686912854e-9,6.651415239399271e-5,8.328289666707033e-5,0.1111093477736435,-0.11109265314463596
697,0.1,-0.11110926814942541,4.421730925744147e-9,6.64960970715135e-5,8.318108861883828e-5,0.11110926814942541,-0.11109265963469109
698,0.1,-0.11110919138732574,4.419455976976662e-9,6.647898898882761e-5,8.307956338619632e-5,0.11110919138732574,-0.11109266610801893
699,0.25,-0.11110912540346733,4.417201705970553e-9,6.646203206320547e-5,8.29783127252576e-5,0.11110912540346733,-0.11109267190243212
700,0.625,-0.11110908837701236,4.414701728304105e-9,6.644322183868047e-5,8.287921020378904e-5,0.11110908837701236,-0.11109267602624305
701,1.5625,-0.11110912598588638,4.411310907328898e-9,6.64177002562487e-5,8.27852672358828e-5,0.11110912598588638,-0.11109267600314313
702,3.90625,-0.11110933754563553,4.4059828799414155e-9,6.637757814157891e-5,8.270693114185621e-5,0.11110933754563553,-0.11109266565618374
703,9.765625,-0.11110984726721113,4.399199473343314e-9,6.63264613359051e-5,8.268140422946238e-5,0.11110984726721113,-0.11109262958038617
704,24.4140625,-0.11111033362934533,4.394940647729903e-9,6.629434853537595e-5,8.278548870928634e-5,0.11111033362934533,-0.11109252923995082
705,61.03515625,-0.11110931102147269,4.392301904467511e-9,6.627444382616508e-5,8.315463814356361e-5,0.11110931102147269,-0.11109226830769875
706,24.4140625,-0.11111147513802332,4.397853605066053e-9,6.631631477295804e-5,8.598509206162384e-5,0.11111147513802332,-0.1110921686671838
707,9.765625,-0.11111069447276542,4.384854733733237e-9,6.621823565856491e-5,8.486062957223289e-5,0.11111069447276542,-0.11109213308001827
708,3.90625,-0.11111041160574434,4.379356851744264e-9,6.617670928464382e-5,8.495045450558958e-5,0.11111041160574434,-0.1110921232208935
709,1.5625,-0.11111020325168464,4.374958821335377e-9,6.614347149443683e-5,8.493765106744691e-5,0.11111020325168464,-0.11109212362008365
710,0.625,-0.11111001584974092,4.371119202720057e-9,6.611444019819011e-5,8.486579607865701e-5,0.11111001584974092,-0.11109212810660768
711,0.25,-0.11110983539432923,4.3677267171246756e-9,6.608877905608997e-5,8.477124671519407e-5,0.11110983539432923,-0.11109213421543404
712,0.1,-0.11110965737544781,4.364753007198134e-9,6.606627738262642e-5,8.466869847915292e-5,0.11110965737544781,-0.11109214096168588
713,0.1,-0.11110948126123188,4.362179609276814e-9,6.604679863003818e-5,8.456357597313871e-5,0.11110948126123188,-0.11109214769028854
714,0.1,-0.1111093075428969,4.359991307653658e-9,6.603023025594912e-5,8.445866830109592e-5,0.1111093075428969,-0.11109215440126483
715,0.1,-0.11110913670143086,4.358169832836992e-9,6.601643608100177e-5,8.435397094600277e-5,0.11110913670143086,-0.11109216109463857
716,0.1,-0.111108969206221,4.3566941022247956e-9,6.600525814073297e-5,8.424948233381895e-5,0.111108969206221,-0.11109216777043561
717,0.1,-0.11110880551369517,4.3555404928829556e-9,6.599651879366787e-5,8.41452035898746e-5,0.11110880551369517,-0.11109217442868437
718,0.1,-0.1111086460660274,4.354683142259127e-9,6.599002305090616e-5,8.404113828993966e-5,0.1111086460660274,-0.11109218106941612
719,0.1,-0.11110849128989214,4.354094272610001e-9,6.598556109187828e-5,8.39372922061026e-5,0.11110849128989214,-0.1110921876926665
720,0.1,-0.11110834159527251,4.353744534582475e-9,6.59829109283796e-5,8.383367304801045e-5,0.11110834159527251,-0.1110921942984748
721,0.1,-0.11110819737432993,4.35360336531624e-9,6.59818411785867e-5,8.373029020044153e-5,0.11110819737432993,-0.11109220088688537
722,0.1,-0.11110805900033342,4.353639356319345e-9,6.598211391217581e-5,8.362715445847004e-5,0.11110805900033342,-0.11109220745794673
723,0.1,-0.11110792682665636,4.353820626368917e-9,6.598348752808476e-5,8.352427776177408e-5,0.11110792682665636,-0.11109221401171333
724,0.1,-0.11110780118583818,4.354115194683144e-9,6.598571962692492e-5,8.342167292982936e-5,0.11110780118583818,-0.11109222054824404
725,0.1,-0.11110768238871878,4.354491349686897e-9,6.598856984119975e-5,8.331935339990971e-5,0.11110768238871878,-0.1110922270676037
726,0.1,-0.11110757072364212,4.354918008922251e-9,6.59918025888235e-5,8.32173329698971e-5,0.11110757072364212,-0.11109223356986138
727,0.1,-0.11110746645573782,4.355365065692417e-9,6.599518971631505e-5,8.311562554800178e-5,0.11110746645573782,-0.11109224005509216
728,0.1,-0.11110736982627499,4.3558037183909255e-9,6.599851300136182e-5,8.301424491146538e-5,0.11110736982627499,-0.11109224652337528
729,0.1,-0.11110728105209601,4.35620677870566e-9,6.600156648675591e-5,8.291320447633908e-5,0.11110728105209601,-0.11109225297479475
730,0.1,-0.11110720032512848,4.3565489552119375e-9,6.600415862058948e-5,8.281251708032156e-5,0.11110720032512848,-0.11109225940943909
731,0.1,-0.11110712781197586,4.35680710920806e-9,6.600611418049133e-5,8.271219478056896e-5,0.11110712781197586,-0.11109226582740049
732,0.1,-0.1111070636535899,4.356960480118968e-9,6.600727596347972e-5,8.261224866824238e-5,0.1111070636535899,-0.11109227222877477
733,0.1,-0.11110700796502249,4.3569908781113395e-9,6.600750622551453e-5,8.251268870139707e-5,0.11110700796502249,-0.11109227861366036
734,0.1,-0.1111069608352601,4.356882842072946e-9,6.600668785867797e-5,8.241352355761527e-5,0.1111069608352601,-0.11109228498215845
735,0.25,-0.11110694741984252,4.355856459334771e-9,6.599891256175946e-5,8.231475695965506e-5,0.11110694741984252,-0.11109229068104076
736,0.625,-0.11110701786827244,4.352405783675335e-9,6.597276546936118e-5,8.221652224690574e-5,0.11110701786827244,-0.11109229473268017
737,1.5625,-0.11110728880092767,4.343536847623498e-9,6.590551454638297e-5,8.212238136539687e-5,0.11110728880092767,-0.11109229470483532
738,3.90625,-0.11110798957277652,4.326163385945516e-9,6.577357665465302e-5,8.205431098628348e-5,0.11110798957277652,-0.11109228456896109
739,9.765625,-0.11110933310588608,4.3073377650750724e-9,6.563031132849419e-5,8.208936578347631e-5,0.11110933310588608,-0.11109224933063871
740,3.90625,-0.11110987302185425,4.302562482343209e-9,6.559392107766701e-5,8.221859494605644e-5,0.11110987302185425,-0.1110922393143595
741,1.5625,-0.11111029488352854,4.300064928818703e-9,6.557488031875242e-5,8.218228064702525e-5,0.11111029488352854,-0.11109223936610065
742,0.625,-0.11111068425840773,4.299062321899075e-9,6.556723512471053e-5,8.209627098987774e-5,0.11111068425840773,-0.11109224343197384
743,0.25,-0.1111110632297939,4.299437711400963e-9,6.55700976924769e-5,8.199853429441632e-5,0.1111110632297939,-0.11109224909293271
744,0.1,-0.11111143874426588,4.301177841318442e-9,6.558336558395308e-5,8.189922268602933e-5,0.11111143874426588,-0.11109225538214955
745,0.25,-0.11111179296155248,4.303804803629892e-9,6.560339018396756e-5,8.18006117099239e-5,0.11111179296155248,-0.11109226100882692
746,0.625,-0.11111208427598787,4.306019346909954e-9,6.562026628191899e-5,8.169827250724213e-5,0.11111208427598787,-0.11109226500185838
747,1.5625,-0.11111220067699863,4.304284298057934e-9,6.560704457646247e-5,8.158643687273286e-5,0.11111220067699863,-0.11109226493917065
748,3.90625,-0.1111118798969987,4.291920842059892e-9,6.551275327796788e-5,8.146660661158674e-5,0.1111118798969987,-0.11109225481852761
749,9.765625,-0.11111073718954394,4.2693261598946995e-9,6.534008080722506e-5,8.142015849752786e-5,0.11111073718954394,-0.11109221981278514
750,24.4140625,-0.11110941511330301,4.259887604299473e-9,6.526781445934492e-5,8.163762873622521e-5,0.11110941511330301,-0.11109212265036347
751,9.765625,-0.11110996611990741,4.251263253262438e-9,6.520171204241831e-5,8.22484968286413e-5,0.11110996611990741,-0.11109208797947778
752,3.90625,-0.11111019332012634,4.245392745388781e-9,6.515667844042375e-5,8.248574627088178e-5,0.11111019332012634,-0.11109207823547787
753,1.5625,-0.11111037382631302,4.240371043777624e-9,6.511813145182856e-5,8.250736037688388e-5,0.11111037382631302,-0.11109207843793155
754,0.625,-0.11111054168734344,4.236050255528933e-9,6.508494645867763e-5,8.245061753654237e-5,0.11111054168734344,-0.11109208260368307
755,0.25,-0.11111070557130415,4.232401905764661e-9,6.505691282073459e-5,8.236632020483013e-5,0.11111070557130415,-0.11109208834301891
756,0.1,-0.11111086816918066,4.229419113487244e-9,6.503398429657561e-5,8.227270258453787e-5,0.11111086816918066,-0.11109209470137096
757,0.1,-0.11111102747567964,4.2270678361606e-9,6.501590448621475e-5,8.217620696687085e-5,0.11111102747567964,-0.11109210104395086
758,0.1,-0.11111118306591661,4.22532404140014e-9,6.500249257836303e-5,8.207979214598563e-5,0.11111118306591661,-0.1110921073707341
759,0.1,-0.11111133452867987,4.22416157330542e-9,6.499355024389281e-5,8.198345616676181e-5,0.11111133452867987,-0.11109211368169832
760,0.1,-0.11111148146758809,4.2235524387433274e-9,6.498886395947637e-5,8.188719980425925e-5,0.11111148146758809,-0.11109211997682393
761,0.1,-0.1111116235021959,4.223467111553695e-9,6.498820748069371e-5,8.179102624980309e-5,0.1111116235021959,-0.11109212625609496
762,0.1,-0.11111176026904403,4.223874850554055e-9,6.499134442796253e-5,8.169494080408773e-5,0.11111176026904403,-0.11109213251949968
763,0.1,-0.11111189142264943,4.2247440269458105e-9,6.499803094668184e-5,8.159895057697187e-5,0.11111189142264943,-0.11109213876703002
764,0.1,-0.11111201663643644,4.226042456856813e-9,6.500801840432312e-5,8.150306419412717e-5,0.11111201663643644,-0.11109214499868256
765,0.1,-0.11111213560360378,4.227737734723589e-9,6.502105608742133e-5,8.140729151106511e-5,0.11111213560360378,-0.11109215121445935
766,0.1,-0.11111224803792391,4.2297975632921535e-9,6.503689386257737e-5,8.131164333534491e-5,0.11111224803792391,-0.11109215741436677
767,0.1,-0.11111235367447632,4.232190076133561e-9,6.50552847671391e-5,8.121613115803643e-5,0.11111235367447632,-0.1110921635984161
768,0.25,-0.11111243277334454,4.234387566959038e-9,6.507217198587302e-5,8.112076765015023e-5,0.11111243277334454,-0.11109216913109801
769,0.625,-0.11111244384949276,4.235248349967086e-9,6.507878571368005e-5,8.10228576303515e-5,0.11111244384949276,-0.11109217305835245
770,1.5625,-0.11111228739729108,4.2322861442849766e-9,6.505602312073015e-5,8.091972831132268e-5,0.11111228739729108,-0.11109217300139307
771,3.90625,-0.11111175924017254,4.222180570043919e-9,6.497830845785321e-5,8.081542215834098e-5,0.11111175924017254,-0.11109216305075216
772,9.765625,-0.11111064065781688,4.208207454775844e-9,6.48706979673862e-5,8.075044866717028e-5,0.11111064065781688,-0.11109212851535515
773,24.4140625,-0.1111096912963231,4.199153041689884e-9,6.48008722293912e-5,8.072898397225028e-5,0.1111096912963231,-0.11109203258297871
774,61.03515625,-0.11111140017089162,4.189802284615093e-9,6.47286820861903e-5,8.091561155211954e-5,0.11111140017089162,-0.11109178370489514
775,24.4140625,-0.11110677019078036,4.229784390218378e-9,6.503679258864461e-5,8.975179915337469e-5,0.11110677019078036,-0.11109168965567971
776,9.765625,-0.11110857434407197,4.174099230307906e-9,6.460726917544113e-5,8.37875255193611e-5,0.11110857434407197,-0.11109165597188053
777,3.90625,-0.11110916728587734,4.1624885919820735e-9,6.451735109241601e-5,8.405046552345699e-5,0.11110916728587734,-0.11109164682750156
778,1.5625,-0.11110959107855295,4.157358950923528e-9,6.447758487198111e-5,8.408326140824435e-5,0.11110959107855295,-0.11109164742481993
779,0.625,-0.11110996827207242,4.156092989868951e-9,6.446776706129158e-5,8.400506895302767e-5,0.11110996827207242,-0.11109165189895887
780,0.25,-0.11111033024693055,4.158208179677677e-9,6.448416999293453e-5,8.390009300101659e-5,0.11111033024693055,-0.1110916579114298
781,0.1,-0.11111068699174813,4.163596237476991e-9,6.4525934611418e-5,8.379243512557758e-5,0.11111068699174813,-0.11109166452866928
782,0.1,-0.11111103850867261,4.172121269814098e-9,6.459195979233095e-5,8.368710805758357e-5,0.11111103850867261,-0.11109167112697708
783,0.1,-0.1111113836526253,4.183646211755652e-9,6.468111170779033e-5,8.358064456847537e-5,0.1111113836526253,-0.11109167770590124
784,0.1,-0.11111172130713737,4.198014044371945e-9,6.479208319209952e-5,8.347307264854275e-5,0.11111172130713737,-0.11109168426501353
785,0.1,-0.11111205038771833,4.215049807742649e-9,6.492341494208887e-5,8.336443707252568e-5,0.11111205038771833,-0.11109169080391285
786,0.1,-0.11111236984510013,4.234562810446056e-9,6.507351850365904e-5,8.325479785160851e-5,0.11111236984510013,-0.11109169732222846
787,0.1,-0.11111267866834162,4.256349003518041e-9,6.524070051369805e-5,8.314422861936215e-5,0.11111267866834162,-0.11109170381962541
788,0.1,-0.11111297588780104,4.2801934852530155e-9,6.542318767266707e-5,8.303281495981277e-5,0.11111297588780104,-0.11109171029580485
789,0.1,-0.11111326057794384,4.3058731022917865e-9,6.561915194736812e-5,8.292065268803961e-5,0.11111326057794384,-0.11109171675050812
790,0.1,-0.11111353185998814,4.333159111736182e-9,6.582673553911193e-5,8.280784609559141e-5,0.11111353185998814,-0.111091723183518
791,0.1,-0.11111378890439683,4.361819868990868e-9,6.604407519975481e-5,8.269450617463673e-5,0.11111378890439683,-0.11109172959465938
792,0.1,-0.11111403093318382,4.391623506180024e-9,6.62693255298409e-5,8.258074883592065e-5,0.11111403093318382,-0.11109173598379979
793,0.25,-0.11111421487862429,4.41919686182056e-9,6.647704011025581e-5,8.246674290831663e-5,0.11111421487862429,-0.11109174168352967
794,0.625,-0.11111424819184997,4.4370749673444275e-9,6.661137265771085e-5,8.232392923810488e-5,0.11111424819184997,-0.1110917456798795
795,1.5625,-0.1111139073266528,4.42894832349853e-9,6.655034427783624e-5,8.212174856377497e-5,0.1111139073266528,-0.11109174547569362
796,3.90625,-0.11111273522708898,4.373755892363264e-9,6.613437753818557e-5,8.185751046167832e-5,0.11111273522708898,-0.11109173506184328
797,9.765625,-0.11111028111257608,4.297436397352865e-9,6.555483504176382e-5,8.172550310530657e-5,0.11111028111257608,-0.11109169987666771
798,24.4140625,-0.11110852911427654,4.256041657096467e-9,6.523834499047678e-5,8.15335913933703e-5,0.11110852911427654,-0.1110916027407623
799,61.03515625,-0.11111322937914829,4.233259102806525e-9,6.506350054221279e-5,8.191379741708958e-5,0.11111322937914829,-0.11109135228227981
800,24.4140625,-0.11110193352100538,4.615751263834153e-9,6.793932045460974e-5,0.0001300794345387722,0.11110193352100538,-0.11109126465254869
801,9.765625,-0.11110706661289466,4.1566648332242464e-9,6.447220201935285e-5,9.215848937752012e-5,0.11110706661289466,-0.1110912331078664
802,3.90625,-0.11110881974645513,4.0991039536000654e-9,6.402424504513946e-5,9.392747081038288e-5,0.11110881974645513,-0.11109122615356178
803,1.5625,-0.11111011301086124,4.093913223507862e-9,6.398369498167375e-5,9.417953380398225e-5,0.11111011301086124,-0.11109122867593824
804,0.625,-0.11111128106456335,4.119872524237898e-9,6.418623313638135e-5,9.395206591799697e-5,0.11111128106456335,-0.11109123493821764
805,0.25,-0.11111240855979505,4.173444813088537e-9,6.460220439805855e-5,9.369308027083418e-5,0.11111240855979505,-0.11109124268031101
806,0.1,-0.11111352221134174,4.2539514029154e-9,6.522232288806801e-5,9.348220053492048e-5,0.11111352221134174,-0.11109125100386487
807,0.1,-0.11111461828317405,4.360039644718138e-9,6.603059627716637e-5,9.331400056059727e-5,0.11111461828317405,-0.11109125928236692
808,0.1,-0.1111156935026902,4.490278126353312e-9,6.700953757752184e-5,9.31340304898594e-5,0.1111156935026902,-0.11109126751140484
809,0.1,-0.11111674468555033,4.643050051988603e-9,6.813992993824255e-5,9.294277355305106e-5,0.11111674468555033,-0.11109127568684808
810,0.1,-0.11111776874532282,4.816575131852506e-9,6.94015499239931e-5,9.274083189245219e-5,0.11111776874532282,-0.11109128380488635
811,0.1,-0.11111876270274601,5.008933219186136e-9,7.077381732806374e-5,9.25289154216299e-5,0.11111876270274601,-0.11109129186206089
812,0.1,-0.11111972369457958,5.218089359316103e-9,7.223634375656137e-5,9.230782992586918e-5,0.11111972369457958,-0.11109129985529001
813,0.1,-0.11112064898202356,5.441919903188574e-9,7.376936968138317e-5,9.207846447902747e-5,0.11112064898202356,-0.11109130778189255
814,0.25,-0.11112143809966127,5.6586066581720266e-9,7.522371074449881e-5,9.184217060883226e-5,0.11112143809966127,-0.11109131475697155
815,0.625,-0.1111218650292223,5.816168396546196e-9,7.626380790746156e-5,9.140075623575656e-5,0.1111218650292223,-0.11109131934011714
816,1.5625,-0.11112137026548544,5.796056697539163e-9,7.613183760779167e-5,9.051571204767328e-5,0.11112137026548544,-0.11109131816889427
817,3.90625,-0.11111877209033579,5.436277878537221e-9,7.373111879347296e-5,8.907460781396673e-5,0.11111877209033579,-0.11109130448151029
818,9.765625,-0.11111276786338266,4.927888087679413e-9,7.019891799507605e-5,8.831541494198569e-5,0.11111276786338266,-0.11109126463322598
819,3.90625,-0.11111066899486272,4.903797016359732e-9,7.00271162933312e-5,8.688036429305436e-5,0.11111066899486272,-0.1110912530723389
820,9.765625,-0.11110908253038144,4.859175120433305e-9,6.970778378655647e-5,8.59101647499114e-5,0.11110908253038144,-0.11109121272951042
821,24.4140625,-0.11111029449836103,4.626043780341832e-9,6.801502613644894e-5,8.357668841778923e-5,0.11111029449836103,-0.11109110653825101
822,61.03515625,-0.11110942278027613,4.258901789603788e-9,6.526026194862987e-5,9.047400645574177e-5,0.11110942278027613,-0.11109086025619654
823,24.4140625,-0.11111081294502186,4.1347077787675415e-9,6.430169343623495e-5,0.00011584979947753187,0.11111081294502186,-0.11109077609010609
824,9.765625,-0.11110975134951186,4.049666142902446e-9,6.36369872236457e-5,0.00012246784846647925,0.11110975134951186,-0.11109075247745501
825,3.90625,-0.11110935137045001,4.034995764091466e-9,6.352161651037752e-5,0.00012363344073294054,0.11110935137045001,-0.11109075217608122
826,1.5625,-0.11110902776060662,4.0663448228940496e-9,6.376789805924333e-5,0.00012328628203981767,0.11110902776060662,-0.1110907610393869
827,0.625,-0.11110872379720461,4.141393140866452e-9,6.43536567792884e-5,0.00012276862642401933,0.11110872379720461,-0.11109077352095627
828,0.25,-0.1111084257602319,4.259579229604354e-9,6.526545203707972e-5,0.0001223546934021423,0.1111084257602319,-0.11109078743273286
829,0.1,-0.11110812950100445,4.420680608803499e-9,6.648819901910037e-5,0.00012205159799945536,0.11110812950100445,-0.11109080190245718
830,0.1,-0.11110783930286029,4.624008088899928e-9,6.800005947717934e-5,0.00012182212750309197,0.11110783930286029,-0.11109081629063512
831,0.1,-0.11110755588520997,4.86897394122427e-9,6.97780333717157e-5,0.00012157992393440556,0.11110755588520997,-0.11109083059023622
832,0.1,-0.1111072799412612,5.154948536670991e-9,7.179797028239023e-5,0.00012132477630470763,0.1111072799412612,-0.11109084479425729
833,0.1,-0.1111070121359216,5.481261973942583e-9,7.40355453410224e-5,0.00012105652438984231,0.1111070121359216,-0.11109085889574012
834,0.1,-0.11110675310380391,5.847205894844074e-9,7.646702488552875e-5,0.00012077505361633619,0.11110675310380391,-0.11109087288778882
835,0.1,-0.11110650344734806,6.252035451268012e-9,7.906981378040555e-5,0.00012048029049705901,0.11110650344734806,-0.1110908867635858
836,0.1,-0.11110626373506038,6.694971389271069e-9,8.182280482402855e-5,0.00012017219854782271,0.11110626373506038,-0.11109090051640393
837,0.1,-0.11110603449988433,7.175202216595005e-9,8.470656536889573e-5,0.00011985077462666266,0.11110603449988433,-0.1110909141396222
838,0.1,-0.11110581623769582,7.69188642134115e-9,8.770340028380398e-5,0.00011951604564660891,0.11110581623769582,-0.11109092762673474
839,0.1,-0.11110560940593728,8.244154710993671e-9,9.079732766438487e-5,0.00011916806562041135,0.11110560940593728,-0.11109094097136213
840,0.1,-0.11110541442238957,8.831112242667555e-9,9.397399769440244e-5,0.00011880691300235005,0.11110541442238957,-0.11109095416726095
841,0.1,-0.11110523166408609,9.4518408176612e-9,9.722057815946786e-5,0.00011843268829769309,0.11110523166408609,-0.1110909672083324
842,0.25,-0.1111050971397578,1.00932458883005e-8,0.00010046514762991443,0.00011804629219276026,0.1111050971397578,-0.11109097847956614
843,0.625,-0.11110508522183479,1.072503555653333e-8,0.0001035617475544582,0.00011722103101174162,0.11110508522183479,-0.11109098511875391
844,1.5625,-0.1111053716082323,1.1269694400441042e-8,0.00010615881687566532,0.00011526968457582488,0.1111053716082323,-0.11109097976160441
845,3.90625,-0.11110630511835762,1.1546117702596284e-8,0.00010745286270079679,0.00011057786717082042,0.11110630511835762,-0.11109094444481733
846,9.765625,-0.11110820065902956,1.1187423119981152e-8,0.00010577061557909716,0.00010011800927530475,0.11110820065902956,-0.1110908406083041
847,24.4140625,-0.11110954969816168,9.50343280658387e-9,9.748555178375854e-5,8.454411392700262e-5,0.11110954969816168,-0.11109061332259311
848,61.03515625,-0.11112319676673958,5.992181793587245e-9,7.740918416820607e-5,0.00011376118069694966,0.11112319676673958,-0.11109038242139976
849,24.4140625,-0.1110989440966346,6.557977538876088e-9,8.098134068337031e-5,0.0005325847554266457,0.1110989440966346,-0.1110904830284506
850,9.765625,-0.11109095560005938,8.469130206356087e-9,9.202787733266528e-5,0.00030286658891368653,0.11109095560005938,-0.11109043915912062
851,3.90625,-0.1110865445693496,9.906267052934105e-9,9.953023185411608e-5,0.0001911524885336722,0.1110865445693496,-0.11109042155228661
852,1.5625,-0.11108256743923499,1.1486982547623645e-8,0.0001071773415775165,0.00014794304963823522,0.11108256743923499,-0.11109042108962434
853,0.625,-0.11107868601728091,1.326690111640334e-8,0.00011518203469466642,0.00013200443261561373,0.11107868601728091,-0.11109042880200558
854,1.5625,-0.11107747428218981,1.3387852477637696e-8,0.00011570588782615038,0.00012583918952917064,0.11107747428218981,-0.11109042028999512
855,3.90625,-0.11108285215578456,9.863007094621515e-9,9.931267338372034e-5,0.00011437447542228067,0.11108285215578456,-0.11109039015973433
856,9.765625,-0.11110014968121795,4.956275927487582e-9,7.04008233438188e-5,0.00011001010639429082,0.11110014968121795,-0.11109035897839432
857,3.90625,-0.11110578551147658,4.642632069281608e-9,6.813686277839337e-5,0.00011474482605493607,0.11110578551147658,-0.11109035514886115
858,1.5625,-0.11110989608665492,4.753174839245833e-9,6.894327261775317e-5,0.0001142241710950392,0.11110989608665492,-0.11109036079153477
859,0.625,-0.11111359355548624,5.093507800695487e-9,7.136881532360957e-5,0.0001123383024246135,0.11111359355548624,-0.11109037010329104
860,0.25,-0.11111715758962731,5.633480589852567e-9,7.505651597198318e-5,0.00011090108360999451,0.11111715758962731,-0.11109038090718945
861,0.1,-0.11112067611652872,6.368384828260895e-9,7.980216054882785e-5,0.0001100131979465239,0.11112067611652872,-0.11109039233338404
862,0.1,-0.11112413208521972,7.284254384253775e-9,8.534784346574772e-5,0.00010948468945460804,0.11112413208521972,-0.11109040353174647
863,0.1,-0.11112751450837666,8.367148259329128e-9,9.14721173873718e-5,0.0001088746842113124,0.11112751450837666,-0.11109041446958638
864,0.25,-0.11113062797263146,9.529952604152976e-9,9.76214761420507e-5,0.00010818775879953803,0.11113062797263146,-0.11109042351664074
865,0.625,-0.11113297126013016,1.0524394171170673e-8,0.00010258846997187683,0.00010651569710161555,0.11113297126013016,-0.11109042749890934
866,1.5625,-0.11113322870764547,1.0713873230196609e-8,0.00010350784139473013,0.00010247208721093496,0.11113322870764547,-0.11109041939144049
867,3.90625,-0.11112843800916566,9.051604615300916e-9,9.513992124918391e-5,9.469063723379419e-5,0.11112843800916566,-0.1110903902535956
868,9.765625,-0.11111481833361106,6.211251963879858e-9,7.881149639411662e-5,9.039039728040793e-5,0.11111481833361106,-0.11109033992926708
869,24.4140625,-0.11110246669582637,5.8208873883492506e-9,7.629474024039436e-5,9.539863476287885e-5,0.11110246669582637,-0.11109021269448204
870,9.765625,-0.1111092065336221,5.1928510481137505e-9,7.206143939801473e-5,9.879954811788075e-5,0.1111092065336221,-0.11109017564597869
871,3.90625,-0.11111180965855665,4.994544338147988e-9,7.067209023474534e-5,0.0001065189419884785,0.11111180965855665,-0.1110901683125802
872,1.5625,-0.11111387081986697,4.879311331537967e-9,6.985206748220103e-5,0.0001082683112893129,0.11111387081986697,-0.11109017265276104
873,0.625,-0.1111157873943819,4.828767708287757e-9,6.94893352125904e-5,0.00010842575134116926,0.1111157873943819,-0.11109018147469864
874,0.25,-0.11111765858457794,4.840064729217073e-9,6.957057373068784e-5,0.00010819320148420062,0.11111765858457794,-0.11109019201250794
875,0.1,-0.11111951494751622,4.9126426137406215e-9,7.009024620973037e-5,0.00010790139306523396,0.11111951494751622,-0.11109020319674326
876,0.1,-0.11112133220586438,5.040456055416863e-9,7.099616930100428e-5,0.0001076290364860997,0.11112133220586438,-0.11109021430185693
877,0.1,-0.11112310550013256,5.219485263206844e-9,7.224600517126774e-5,0.0001073401107848102,0.11112310550013256,-0.11109022531981809
878,0.1,-0.11112483014326678,5.445423212041426e-9,7.379311087114723e-5,0.00010703540778282139,0.11112483014326678,-0.11109023624324323
879,0.1,-0.11112650163425856,5.7137306420705045e-9,7.558922305507912e-5,0.00010671596110102305,0.11112650163425856,-0.11109024706546723
880,0.1,-0.11112811567104842,6.0196933068616346e-9,7.758668253548179e-5,0.00010638301380369503,0.11112811567104842,-0.11109025778060119
881,0.1,-0.11112966816268872,6.35848065255165e-9,7.974008184440025e-5,0.00010603798623885385,0.11112966816268872,-0.11109026838357547
882,0.1,-0.11113115524073258,6.725205108883317e-9,8.200734789568138e-5,0.0001056824440653205,0.11113115524073258,-0.1110902788701686
883,0.1,-0.11113257326981855,7.11498118216842e-9,8.435034784853243e-5,0.00010531806650236823,0.11113257326981855,-0.11109028923702287
884,0.25,-0.11113372468251433,7.46233108309855e-9,8.638478502085045e-5,0.00010494773949477132,0.11113372468251433,-0.11109029830442986
885,0.625,-0.1111341840302862,7.622209325609602e-9,8.730526516545037e-5,0.00010427085340333365,0.1111341840302862,-0.11109030418008355
886,1.5625,-0.11113292112811464,7.282606351255004e-9,8.533818811795223e-5,0.00010301898760017092,0.11113292112811464,-0.11109030296427905
887,3.90625,-0.11112781504085473,6.0791330336735785e-9,7.796879525600982e-5,0.00010163671961334579,0.11112781504085473,-0.11109028948380636
888,1.5625,-0.11112438655870213,5.552679862650665e-9,7.451630601855318e-5,0.00010386501926296549,0.11112438655870213,-0.11109029211236064
889,0.625,-0.1111214233948851,5.280743170800083e-9,7.266872209417256e-5,0.00010547882818507368,0.1111214233948851,-0.11109030013048131
890,0.25,-0.11111861518631255,5.176327305382397e-9,7.194669766835999e-5,0.00010580365438955482,0.11111861518631255,-0.11109031008922914
891,0.1,-0.11111586169493863,5.216273053628398e-9,7.22237706965539e-5,0.00010571767947529301,0.11111586169493863,-0.11109032076441479
892,0.1,-0.11111311887081209,5.3926838839436054e-9,7.343489554662419e-5,0.00010555424422023532,0.11111311887081209,-0.11109033137338281
893,0.1,-0.11111039573530128,5.702475699028067e-9,7.551473829013822e-5,0.00010532919480344773,0.11111039573530128,-0.11109034188998884
894,0.1,-0.11110770117889811,6.1410138068292905e-9,7.836462088742146e-5,0.00010504306753081142,0.11110770117889811,-0.11109035228890851
895,0.1,-0.11110504393281813,6.702192455300635e-9,8.186691917557809e-5,0.00010469705310811417,0.11110504393281813,-0.11109036254593506
896,0.1,-0.11110243254130914,7.378532500919107e-9,8.589838473987219e-5,0.00010429297759384389,0.11110243254130914,-0.11109037263826237
897,0.25,-0.11109998654397645,8.126505633761676e-9,9.014713325315274e-5,0.0001038339144591374,0.11109998654397645,-0.11109038121775765
898,0.625,-0.11109803207170048,8.817141409268723e-9,9.38996347664288e-5,0.00010271885322372701,0.11109803207170048,-0.11109038575731756
899,1.5625,-0.11109744462107041,9.105917120638843e-9,9.542492924094229e-5,9.997304589336823e-5,0.11109744462107041,-0.11109038027424788
900,3.90625,-0.11110023252680042,8.371898192968112e-9,9.149807753700683e-5,9.428206294764525e-5,0.11110023252680042,-0.1110903542902632
901,9.765625,-0.1111090073996801,6.743488074487738e-9,8.211874374640504e-5,8.855353013824264e-5,0.1111090073996801,-0.11109029607597712
902,24.4140625,-0.11111676135411763,6.003324467578217e-9,7.748112329837647e-5,8.959602691450693e-5,0.11111676135411763,-0.11109016136621602
903,61.03515625,-0.11110562005182044,5.357849863918959e-9,7.319733508754919e-5,0.0001056744627102587,0.11110562005182044,-0.11108985243128751
904,24.4140625,-0.11112195154236452,5.785174291948417e-9,7.606033323584914e-5,0.0002395809619552296,0.11112195154236452,-0.11108980532092574
905,9.765625,-0.11111211621114009,4.144184632392719e-9,6.437534180408458e-5,0.0002106121097640744,0.11111211621114009,-0.11108981619524196
906,3.90625,-0.11110833028219365,3.981374174226206e-9,6.309813130534221e-5,0.0002153753501932403,0.11110833028219365,-0.11108984830946965
907,1.5625,-0.11110533939161892,4.165640342358066e-9,6.454177207327102e-5,0.0002143695207454248,0.11110533939161892,-0.1110898878528228
908,0.625,-0.11110256255275705,4.632710974814327e-9,6.806402114784527e-5,0.00021262921554810518,0.11110256255275705,-0.1110899301150961
909,0.25,-0.11109985371709238,5.371453638434295e-9,7.329020151721712e-5,0.00021125931680889465,0.11109985371709238,-0.11108997339688835
910,0.1,-0.11109716720985864,6.378941815553003e-9,7.986827790526727e-5,0.00021029679270011877,0.11109716720985864,-0.11109001703446408
911,0.1,-0.11109452036673291,7.645658206359154e-9,8.743945451773561e-5,0.00020960583220417346,0.11109452036673291,-0.11109006022144029
912,0.1,-0.11109191941449993,9.163104115943568e-9,9.572410415325687e-5,0.00020887199579821994,0.11109191941449993,-0.11109010291705089
913,0.1,-0.1110893703977797,1.0922097743762124e-8,0.00010450884050529947,0.00020809518437170764,0.1110893703977797,-0.11109014508161691
914,0.1,-0.11108687916186664,1.2912858797935333e-8,0.00011363476051778933,0.00020727560784544565,0.11108687916186664,-0.11109018667674489
915,0.1,-0.11108445133636304,1.512509821892353e-8,0.00012298413807854868,0.0002064137506290459,0.11108445133636304,-0.1110902276655
916,0.1,-0.11108209231959644,1.7548111666302512e-8,0.00013246928574693273,0.00020551033859740373,0.11108209231959644,-0.11109026801255041
917,0.1,-0.11107980726391527,2.0170875413587933e-8,0.00014202420713944485,0.0002045663074072376,0.11107980726391527,-0.11109030768428618
918,0.1,-0.11107760106188364,2.298214330379535e-8,0.00015159862566591873,0.00020358277202662576,0.11107760106188364,-0.11109034664891267
919,0.1,-0.11107547833341373,2.5970543442385093e-8,0.0001611537881726182,0.0002025609973961079,0.11107547833341373,-0.11109038487651739
920,0.1,-0.11107344341388768,2.912467334410455e-8,0.00017065952462169977,0.00020150237018025545,0.11107344341388768,-0.11109042233911558
921,0.25,-0.11107175053856165,3.228850389077197e-8,0.0001796900216783669,0.00020041298097638112,0.11107175053856165,-0.11109045368834182
922,0.625,-0.11107094402662483,3.5111894894939996e-8,0.00018738168238902113,0.0001980210500745301,0.11107094402662483,-0.1110904689220907
923,1.5625,-0.1110723423287415,3.678979217828831e-8,0.00019180665311268092,0.00019242642532450014,0.1110723423287415,-0.11109044350328667
924,3.90625,-0.11107868501045748,3.599012293580841e-8,0.00018971062947502023,0.00017991193029926651,0.11107868501045748,-0.11109032523088558
925,9.765625,-0.11109304948651276,3.2177290241777565e-8,0.00017938029502087894,0.00015602562403315792,0.11109304948651276,-0.11109002183632974
926,24.4140625,-0.11112026293161711,7.46210025748068e-9,8.638344897884479e-5,0.00011919594731353289,0.11112026293161711,-0.1110898392264863
927,9.765625,-0.1111172235786428,7.178114294350613e-9,8.472375283443606e-5,0.0001642801699758032,0.1111172235786428,-0.11108981117598227
928,3.90625,-0.11111634923301525,7.120439339127905e-9,8.438269573276208e-5,0.00012454162528223052,0.11111634923301525,-0.1110897963679807
929,1.5625,-0.11111556549243644,7.197515019329201e-9,8.483816958969118e-5,0.00011332592869595863,0.11111556549243644,-0.11108979739815483
930,0.625,-0.11111481130609474,7.391237164770331e-9,8.59723046380073e-5,0.00010974615662681012,0.11111481130609474,-0.11108980468257616
931,0.25,-0.11111406786295533,7.696839828814004e-9,8.773163527949313e-5,0.00010821157907087561,0.11111406786295533,-0.11108981444196767
932,0.625,-0.11111328612868634,7.85258558072904e-9,8.861481580824416e-5,0.00010736735046226705,0.11111328612868634,-0.1110898208616333
933,1.5625,-0.11111241653349326,7.436427075526474e-9,8.6234720823613e-5,0.00010584349414479919,0.11111241653349326,-0.11108981996741214
934,3.90625,-0.11111133457620023,6.006559030970292e-9,7.750199372255073e-5,0.00010411899813061507,0.11111133457620023,-0.11108980730853932
935,1.5625,-0.11111028045112753,5.419804885478335e-9,7.361932413081728e-5,0.0001067165029105268,0.11111028045112753,-0.11108981083587897
936,0.625,-0.11110925212263396,5.093056873097909e-9,7.136565611761661e-5,0.00010848586084924433,0.11110925212263396,-0.1110898196650348
937,0.25,-0.11110823425790627,4.930018839445445e-9,7.021409288344787e-5,0.00010883795749103877,0.11110823425790627,-0.11108983036803752
938,0.1,-0.1111072203860468,4.906439753832336e-9,7.004598313845224e-5,0.00010872090938070122,0.1111072203860468,-0.11108984174033312
939,0.1,-0.11110620667708297,5.011931690904818e-9,7.079499764040407e-5,0.0001085013312871735,0.11110620667708297,-0.11108985303933981
940,0.1,-0.11110519378698974,5.241629465723019e-9,7.239909851457419e-5,0.00010823384397659353,0.11110519378698974,-0.11108986424282585
941,0.1,-0.1111041823886784,5.589133430319795e-9,7.476050715665186e-5,0.00010791882443645189,0.1111041823886784,-0.11108987532949689
942,0.1,-0.1111031731732287,6.046654207193897e-9,7.776023538540697e-5,0.0001075574608234838,0.1111031731732287,-0.11108988627931606
943,0.1,-0.11110216685097464,6.6051797589449794e-9,8.127225700658854e-5,0.0001071516873976059,0.11110216685097464,-0.11108989707378492
944,0.1,-0.11110116415242606,7.254660949554386e-9,8.517429747027202e-5,0.00010670411492584009,0.11110116415242606,-0.11108990769618463
945,0.1,-0.1111001658290222,7.984211499352879e-9,8.935441510833631e-5,0.00010621795665084432,0.1111001658290222,-0.11108991813177442
946,0.25,-0.11109918354773546,8.70668538849695e-9,9.330962109288061e-5,0.00010569906827066888,0.11109918354773546,-0.11108992695021473
947,0.625,-0.11109824988379759,9.206750342629741e-9,9.595181260731734e-5,0.0001045600463503342,0.11109824988379759,-0.11108993163706789
948,1.5625,-0.1110974656463531,9.016739073960536e-9,9.49565114879466e-5,0.00010208154357892281,0.1110974656463531,-0.1110899269024677
949,3.90625,-0.11109715975302498,7.690158959367445e-9,8.769355141267484e-5,9.808711331576522e-5,0.11109715975302498,-0.11108990530584917
950,9.765625,-0.11109842222398118,6.336562722734663e-9,7.9602529625224e-5,9.589771649456972e-5,0.11109842222398118,-0.11108985388676927
951,24.4140625,-0.11110376945251536,4.978466441479968e-9,7.055824857151691e-5,9.273486390928749e-5,0.11110376945251536,-0.11108974381893233
952,9.765625,-0.11110474378752112,4.44560716416429e-9,6.667538649430006e-5,0.00012786070848733796,0.11110474378752112,-0.11108972233537659
953,3.90625,-0.11110624045439481,4.145945603477095e-9,6.438901772412043e-5,0.00013291938739647965,0.11110624045439481,-0.1110897247930072
954,1.5625,-0.11110770751279136,4.019113918485015e-9,6.339648190936951e-5,0.00013427040957899697,0.11110770751279136,-0.1110897368315805
955,0.625,-0.11110915767933965,4.03879152646614e-9,6.355148720892486e-5,0.00013406631898635915,0.11110915767933965,-0.11108975235541906
956,0.25,-0.11111060060915708,4.197466842548525e-9,6.4787860302286e-5,0.0001335486329741041,0.11111060060915708,-0.11108976916971941
957,0.1,-0.11111204047622018,4.492496041073934e-9,6.702608478103083e-5,0.00013307408180321474,0.11111204047622018,-0.11108978645659122
958,0.1,-0.111113483386381,4.91807044186078e-9,7.012895580187103e-5,0.00013269473573852776,0.111113483386381,-0.11108980358420041
959,0.1,-0.11111492911094221,5.471057255032605e-9,7.396659553496163e-5,0.00013227715636767758,0.11111492911094221,-0.1110898205304663
960,0.1,-0.11111637739068309,6.148121054862398e-9,7.840995507499286e-5,0.00013182111882107194,0.11111637739068309,-0.11108983727367674
961,0.1,-0.11111782793414189,6.9457403224412054e-9,8.334110823861898e-5,0.00013132655678435587,0.11111782793414189,-0.11108985379255863
962,0.1,-0.11111928041603858,7.860223443926223e-9,8.865790119287858e-5,0.00013079354308392468,0.11111928041603858,-0.111089870066342
963,0.1,-0.11112073447585524,8.8877239056917e-9,9.427472569937131e-5,0.00013022227282195566,0.11112073447585524,-0.11108988607481708
964,0.1,-0.11112218971655835,1.0024254474725117e-8,0.00010012119892772518,0.000129613048817382,0.11112218971655835,-0.11108990179838497
965,0.1,-0.11112364570349686,1.1265700200530594e-8,0.00010614000282895508,0.00012896626914283863,0.11112364570349686,-0.11108991721810205
966,0.25,-0.11112510611789424,1.2563757945422446e-8,0.00011208817040804282,0.00012828475027857255,0.11112510611789424,-0.11108993023915907
967,0.625,-0.11112657180535071,1.3806101077178387e-8,0.00011749936628415656,0.00012675132478394053,0.11112657180535071,-0.11108993683971442
968,1.5625,-0.11112802337807845,1.4716947658148475e-8,0.00012131342736131262,0.00012302452990513855,0.11112802337807845,-0.11108992683917739
969,3.90625,-0.11112929884351756,1.4722743096500792e-8,0.0001213373112298966,0.0001141319073878282,0.11112929884351756,-0.11108987764639319
970,9.765625,-0.11112942605278729,1.2887612779130231e-8,0.00011352362211949648,9.589962552847153e-5,0.11112942605278729,-0.11108975415330764
971,24.4140625,-0.11111796580232525,5.7634481137371785e-9,7.591737688920225e-5,8.459576107915858e-5,0.11111796580232525,-0.11108965580734889
972,61.03515625,-0.11111234851127144,5.171628081565885e-9,7.191403257755669e-5,0.00022031554747946867,0.11111234851127144,-0.11108940494418591
973,24.4140625,-0.11111166763968552,5.271499710209328e-9,7.260509424420113e-5,0.0002972365381356307,0.11111166763968552,-0.11108936844479819
974,9.765625,-0.11110775567048094,3.864784900030073e-9,6.216739418722707e-5,0.00018742091015538776,0.11110775567048094,-0.11108936153691062
975,3.90625,-0.11110507770395485,4.005669353935315e-9,6.329035751151446e-5,0.00018266915408504173,0.11110507770395485,-0.11108937897867698
976,1.5625,-0.11110254550831299,4.3789006898993e-9,6.61732626511592e-5,0.00017851961734382496,0.11110254550831299,-0.11108940364027009
977,0.625,-0.11110005819156638,4.977345277073464e-9,7.055030316783524e-5,0.00017574582434766727,0.11110005819156638,-0.11108943120262013
978,0.25,-0.11109758509024456,5.799161504909199e-9,7.615222586969602e-5,0.0001740369357514253,0.11109758509024456,-0.11108945996193956
979,0.1,-0.1110951162029666,6.843353524179115e-9,8.272456421268784e-5,0.00017298323588529614,0.1110951162029666,-0.11108948920282409
980,0.1,-0.11109266535235912,8.09977429777897e-9,8.999874609003711e-5,0.00017229408516886477,0.11109266535235912,-0.11108951805328565
981,0.1,-0.11109023463068506,9.562562451191504e-9,9.778835539670101e-5,0.00017155870088726797,0.11109023463068506,-0.11108954647869762
982,0.1,-0.11108782610159877,1.1225566370934483e-8,0.00010595077333806715,0.00017077671742458733,0.11108782610159877,-0.11108957444511695
983,0.1,-0.11108544179774528,1.3082366304204447e-8,0.00011437817232411282,0.00016994796855031752,0.11108544179774528,-0.11108960191939657
984,0.1,-0.11108308371838434,1.5126296378902402e-8,0.0001229890091792856,0.0001690724645721496,0.11108308371838434,-0.11108962886928735
985,0.1,-0.11108075382704102,1.7350466168813603e-8,0.00013172116826392637,0.00016815037237029098,0.11108075382704102,-0.1110896552635276
986,0.1,-0.11107845404919071,1.974778148468485e-8,0.00014052679988060942,0.00016718199802200233,0.11107845404919071,-0.11108968107192489
987,0.25,-0.11107627201572616,2.223472960773448e-8,0.00014911314364513437,0.00016617140343372675,0.11107627201572616,-0.11108970256138807
988,0.625,-0.11107440250720242,2.461500079453309e-8,0.00015689168491202167,0.0001639189974888519,0.11107440250720242,-0.11108971245724102
989,1.5625,-0.11107334630668854,2.6395198230824144e-8,0.00016246599099757508,0.00015846623486985665,0.11107334630668854,-0.11108969227458461
990,3.90625,-0.11107432179890893,2.649406446734071e-8,0.0001627699740963938,0.00014538566633941698,0.11107432179890893,-0.11108960099182442
991,9.765625,-0.11107986570079192,2.302896710694914e-8,0.00015175298055375764,0.00011811759489670207,0.11107986570079192,-0.11108937714831146
992,24.4140625,-0.11108794362736127,1.501642613811667e-8,0.00012254152821846424,0.00010232521278826152,0.11108794362736127,-0.11108911008566416
993,61.03515625,-0.11111536142738378,4.921119062347569e-9,7.015068825284303e-5,0.0004778880027170225,0.11111536142738378,-0.1110890582367249
994,24.4140625,-0.11113527859208577,7.925999461405626e-9,8.902808243136335e-5,0.0004087024110728295,0.11113527859208577,-0.11108902296209613
995,9.765625,-0.11112372802071993,4.967846614559574e-9,7.048295265210996e-5,0.00021471761694151592,0.11112372802071993,-0.1110890096087387
996,3.90625,-0.1111194021465749,4.968342418547224e-9,7.048646975517518e-5,0.00019845648488584373,0.1111194021465749,-0.11108902849799014
997,1.5625,-0.11111594662924992,5.346747457616756e-9,7.31214568893205e-5,0.00019251328989405682,0.11111594662924992,-0.11108905675744209
998,0.625,-0.11111274547483714,6.022222948609124e-9,7.760298285896699e-5,0.0001892083562144776,0.11111274547483714,-0.11108908858505265
999,0.25,-0.11110963136543199,6.975341056843627e-9,8.351850727140439e-5,0.00018721080904001954,0.11110963136543199,-0.11108912183145207
1000,0.1,-0.11110654844734309,8.199405721835588e-9,9.055056996968925e-5,0.0001859632427395918,0.11110654844734309,-0.11108915562289813
1001,0.1,-0.11110345546775724,9.678539207852223e-9,9.837956702411443e-5,0.00018513790620747743,0.11110345546775724,-0.11108918892103048
1002,0.1,-0.11110035667883895,1.1406097950709933e-8,0.00010679933497316325,0.00018428182374529074,0.11110035667883895,-0.11108922169320731
1003,0.1,-0.1110972563438466,1.3375067039044752e-8,0.00011565062489690556,0.00018339117930874478,0.1110972563438466,-0.11108925390607488
1004,0.1,-0.11109415872673904,1.557806011427055e-8,0.00012481209923028517,0.00018246284736887598,0.11109415872673904,-0.1110892855259223
1005,0.1,-0.11109106808184725,1.800732423109174e-8,0.00013419137167154877,0.00018149431008676576,0.11109106808184725,-0.11108931651899256
1006,0.1,-0.11108798864364178,2.065474902342357e-8,0.00014371760164789686,0.0001804835852203331,0.11108798864364178,-0.11108934685176174
1007,0.1,-0.11108492461663289,2.351187957381254e-8,0.00015333583916949273,0.00017942916342751685,0.11108492461663289,-0.11108937649118764
1008,0.25,-0.11108191510566852,2.647708044139996e-8,0.0001627177938684026,0.00017833441040759898,0.11108191510566852,-0.11108940099376231
1009,0.625,-0.11107908354734652,2.9308866504184803e-8,0.0001711983250624398,0.00017586384190094033,0.11107908354734652,-0.11108941169784156
1010,1.5625,-0.11107679122765285,3.138719018085079e-8,0.00017716430278374588,0.00016983677165861784,0.11107679122765285,-0.11108938666026293
1011,3.90625,-0.1110760103209347,3.130986833966919e-8,0.00017694594750846708,0.00015538521768777944,0.1110760103209347,-0.11108927796559644
1012,9.765625,-0.11107892475747054,2.66859313247583e-8,0.00016335829126419725,0.00012618468129411324,0.11107892475747054,-0.11108901915458635
1013,24.4140625,-0.11109116594491214,1.54375303356405e-8,0.00012424785847506788,0.00011576860012598322,0.11109116594491214,-0.11108876834774828
1014,61.03515625,-0.11111366530002051,5.149851511983312e-9,7.176246589954467e-5,0.00046884394265086723,0.11111366530002051,-0.11108871565981229
1015,24.4140625,-0.1111305325321273,7.81825256489983e-9,8.842088308142953e-5,0.0003792424405375606,0.1111305325321273,-0.11108865665005999
1016,9.765625,-0.11112093073510675,4.794963377680547e-9,6.924567407196313e-5,0.0002026253762430054,0.11112093073510675,-0.11108864719328186
1017,3.90625,-0.11111742103155793,4.640311328734804e-9,6.811983065697393e-5,0.0001891602549040697,0.11111742103155793,-0.11108866415448009
1018,1.5625,-0.11111465848795181,4.805435784415423e-9,6.932125059760119e-5,0.000185335114682974,0.11111465848795181,-0.1110886907641025
1019,0.625,-0.11111211230133491,5.213166801765927e-9,7.220226313465477e-5,0.00018323659523829006,0.11111211230133491,-0.11108872095613302
1020,0.25,-0.11110963986721757,5.8454663087378076e-9,7.645564929250034e-5,0.0001819174482432965,0.11110963986721757,-0.111088752544445
1021,0.1,-0.11110719375603907,6.696502293344267e-9,8.183215928560279e-5,0.00018107294821755867,0.11110719375603907,-0.11108878467309104
1022,0.1,-0.11110473785830895,7.754025899077104e-9,8.805694690981004e-5,0.0001805085757588763,0.11110473785830895,-0.11108881646465216
1023,0.1,-0.11110227571772069,9.013924159861348e-9,9.494168820840163e-5,0.00017990607804808183,0.11110227571772069,-0.11108884788684743
1024,0.1,-0.1110998109007862,1.0471774473900626e-8,0.00010233168851289724,0.00017926389630711458,0.1110998109007862,-0.11108887890736116
1025,0.1,-0.11109734698817479,1.2122845222047433e-8,0.00011010379295032225,0.00017858079817368176,0.11109734698817479,-0.11108890949402202
1026,0.1,-0.11109488756605178,1.3962098754653768e-8,0.00011816132512228258,0.00017785584161555376,0.11109488756605178,-0.1110889396149618
1027,0.1,-0.11109243621745123,1.5984196483268288e-8,0.00012642862208878293,0.00017708834378810895,0.11109243621745123,-0.11108896923876234
1028,0.1,-0.11108999651370532,1.81835058403327e-8,0.00013484623035269727,0.00017627785415974995,0.11108999651370532,-0.11108899833458884
1029,0.1,-0.1110875720059563,2.0554108894390547e-8,0.00014336704256693916,0.00017542413132114486,0.1110875720059563,-0.11108902687231038
1030,0.25,-0.11108520281932978,2.3017030599338937e-8,0.00015171364671425882,0.00017452940849183626,0.11108520281932978,-0.11108905100485253
1031,0.625,-0.111083007751417,2.5386667677758026e-8,0.00015933194179999823,0.00017246073509930653,0.111083007751417,-0.11108906329340534
1032,1.5625,-0.1110813309009763,2.718587365718254e-8,0.00016488139269542375,0.00016736581510446656,0.1110813309009763,-0.11108904479028368
1033,3.90625,-0.11108110632743431,2.7316342248758407e-8,0.00016527656291428136,0.00015507297453943466,0.11108110632743431,-0.1110889532069316
1034,9.765625,-0.11108452303587772,2.3788683337555362e-8,0.00015423580433075637,0.00012978430228905767,0.11108452303587772,-0.11108872491459502
1035,24.4140625,-0.11111003866795906,5.954701589859436e-9,7.716671296523804e-5,0.0001151242855762946,0.11111003866795906,-0.11108867487654828
1036,9.765625,-0.11111464595667002,5.697947719923115e-9,7.548475157224216e-5,8.91079387386878e-5,0.11111464595667002,-0.11108862724776292
1037,24.4140625,-0.11111436548919733,5.0559030107293825e-9,7.110487332616086e-5,8.679253247459352e-5,0.11111436548919733,-0.11108851215099239
1038,61.03515625,-0.11110781772661109,4.267887945677754e-9,6.532907427537723e-5,0.00010397017911078355,0.11110781772661109,-0.11108827839477066
1039,24.4140625,-0.11111572169101752,7.079569138015424e-9,8.4140175528789e-5,0.00024109974631209677,0.11111572169101752,-0.11108819999266506
1040,9.765625,-0.11111345774821406,5.9977643090189664e-9,7.744523425633734e-5,0.00022090003873166341,0.11111345774821406,-0.11108827951392147
1041,3.90625,-0.11111262237859697,5.027331156458991e-9,7.090367519712213e-5,0.0001695111534550898,0.11111262237859697,-0.11108828552111068
1042,1.5625,-0.11111214822568954,4.830973708639447e-9,6.950520634196727e-5,0.0001640264883589937,0.11111214822568954,-0.11108830467994314
1043,0.625,-0.11111175803089497,4.877253599461612e-9,6.983733671512405e-5,0.00016288733232840683,0.11111175803089497,-0.11108832815789808
1044,0.25,-0.1111113947720678,5.079827869187908e-9,7.127291118782724e-5,0.00016226301349301056,0.1111113947720678,-0.11108835323032229
1045,0.1,-0.11111104091491135,5.415842728492483e-9,7.359240944888598e-5,0.00016181092338799963,0.11111104091491135,-0.11108837889775587
1046,0.1,-0.11111067833880861,5.873206372357506e-9,7.66368473539818e-5,0.0001614686515569421,0.11111067833880861,-0.11108840439452329
1047,0.1,-0.11111030800317863,6.452405698790905e-9,8.032686785124206e-5,0.00016109790612963223,0.11111030800317863,-0.11108842969955765
1048,0.1,-0.11110993088674724,7.153209380883153e-9,8.45766479643356e-5,0.00016069750889119073,0.11110993088674724,-0.11108845479154587
1049,0.1,-0.11110954798247163,7.974662002034477e-9,8.93009630521109e-5,0.00016026655574123938,0.11110954798247163,-0.11108847964910201
1050,0.1,-0.11110916029251144,8.915091884555094e-9,9.441976426869056e-5,0.00015980441075718,0.11110916029251144,-0.11108850425093794
1051,0.1,-0.11110876882326755,9.972132101449479e-9,9.986056329427288e-5,0.00015931069824138346,0.11110876882326755,-0.11108852857602555
1052,0.1,-0.11110837458051491,1.114275391660912e-8,0.00010555924363412765,0.00015878529262191855,0.11110837458051491,-0.11108855260374935
1053,0.1,-0.11110797856465589,1.2423311673719559e-8,0.0001114599106123792,0.00015822830615351015,0.11110797856465589,-0.11108857631405009
1054,0.1,-0.11110758176610876,1.3809597953744404e-8,0.00011751424574809815,0.00015764007443567454,0.11110758176610876,-0.11108859968755272
1055,0.1,-0.11110718516086772,1.5296907648168658e-8,0.00012368066804544943,0.00015702113982872935,0.11110718516086772,-0.11108862270568284
1056,0.1,-0.11110678970621853,1.6880109453213877e-8,0.0001299234753738287,0.00015637223290600164,0.11110678970621853,-0.11108864535076499
1057,0.25,-0.11110639810703678,1.8511540972825294e-8,0.000136057123932653,0.00015569539711957227,0.11110639810703678,-0.11108866458674693
1058,0.625,-0.11110602562763977,2.0072769925756407e-8,0.00014167840317337151,0.00015415954724756265,0.11110602562763977,-0.11108867476922155
1059,1.5625,-0.11110571802734816,2.12778274114892e-8,0.00014586921337790643,0.00015044868197515492,0.11110571802734816,-0.11108866153941398
1060,3.90625,-0.11110557512133278,2.163636754349053e-8,0.00014709305742791035,0.00014165062456166907,0.11110557512133278,-0.11108859125505398
1061,9.765625,-0.1111056453678629,2.0738768195305145e-8,0.00014400961146848894,0.00012233796909355652,0.1111056453678629,-0.11108839330187628
1062,24.4140625,-0.11110558019630937,1.7065422774174928e-8,0.0001306346920774682,8.789184432784798e-5,0.11110558019630937,-0.11108797686937866
1063,61.03515625,-0.11111092792379741,3.984140868057816e-9,6.312005123617864e-5,0.00014053091183069167,0.11111092792379741,-0.11108805621629878
1064,24.4140625,-0.11111605086763553,3.897336355079634e-9,6.242865011418742e-5,0.00011751946867460313,0.11111605086763553,-0.11108797736431082
1065,9.765625,-0.11111345817646953,3.785440911515886e-9,6.152593690075662e-5,0.00010827843033570125,0.11111345817646953,-0.11108795266233919
1066,3.90625,-0.11111202136142279,3.780835701085543e-9,6.148850055974322e-5,0.00010554901348210268,0.11111202136142279,-0.11108794903394766
1067,1.5625,-0.11111082775153343,3.823187000843097e-9,6.183192541756319e-5,0.00010415623663618638,0.11111082775153343,-0.11108795391547477
1068,0.625,-0.1111097051486028,3.904317547843527e-9,6.2484538470277e-5,0.00010318739167597091,0.1111097051486028,-0.11108796214190561
1069,0.25,-0.11110860648074028,4.021863144920088e-9,6.341816100235081e-5,0.00010249494449627417,0.11110860648074028,-0.1110879716731211
1070,0.1,-0.11110751622827288,4.174798013350019e-9,6.461267687807106e-5,0.00010198204843952878,0.11110751622827288,-0.11108798169478708
1071,0.1,-0.11110643043515352,4.361087194442308e-9,6.60385281062677e-5,0.00010157907346891185,0.11110643043515352,-0.11108799160829531
1072,0.1,-0.11110535071770518,4.57964417414174e-9,6.767306830742744e-5,0.00010118216650927236,0.11110535071770518,-0.11108800141254978
1073,0.1,-0.11110427867436205,4.829368543909945e-9,6.94936582999481e-5,0.0001007891059122099,0.11110427867436205,-0.11108801110604194
1074,0.1,-0.11110321588203692,5.109142435861018e-9,7.147826547882243e-5,0.00010039801161666771,0.11110321588203692,-0.11108802068693624
1075,0.1,-0.11110216389255699,5.4178280197513706e-9,7.360589663709947e-5,0.00010000730396846647,0.11110216389255699,-0.11108803015314479
1076,0.1,-0.11110112422918005,5.75426589533939e-9,7.58568777062396e-5,9.961566757203547e-5,0.11110112422918005,-0.11108803950239576
1077,0.1,-0.11110009838320312,6.11727423484877e-9,7.821300553519709e-5,9.922201959720879e-5,0.11110009838320312,-0.11108804873229039
1078,0.1,-0.11109908781065118,6.505648549318184e-9,8.065760069155407e-5,9.882548201780438e-5,0.11109908781065118,-0.1110880578403523
1079,0.25,-0.11109813520785614,6.905479221866714e-9,8.309921312423309e-5,9.842707997501848e-5,0.11109813520785614,-0.11108806572882496
1080,0.625,-0.11109734060644785,7.284337094171853e-9,8.5348328010406e-5,9.77043689465484e-5,0.11109734060644785,-0.11108807048433386
1081,1.5625,-0.11109696298289383,7.561095389375048e-9,8.695455933632835e-5,9.61556641746091e-5,0.11109696298289383,-0.11108806728659565
1082,3.90625,-0.11109761239805693,7.560207721264123e-9,8.694945497968416e-5,9.274760408775573e-5,0.11109761239805693,-0.11108804496627302
1083,9.765625,-0.11110036637311997,6.989558530466931e-9,8.360357965103487e-5,8.646336268634136e-5,0.11110036637311997,-0.11108798222912793
1084,24.4140625,-0.11110525367055589,5.561837607328867e-9,7.457772862811569e-5,8.332664549945348e-5,0.11110525367055589,-0.11108785605905667
1085,61.03515625,-0.11111289923185735,3.988555813393747e-9,6.315501415876452e-5,0.00011268938167990898,0.11111289923185735,-0.11108767855065856
1086,24.4140625,-0.1111119190930547,4.291448651999637e-9,6.550914937624848e-5,0.00021537755544673236,0.1111119190930547,-0.11108761127358123
1087,9.765625,-0.1111123957593902,3.6293403786731633e-9,6.024400699383436e-5,0.0001333782618588555,0.1111123957593902,-0.11108759008624677
1088,3.90625,-0.11111207932811167,3.571793628967271e-9,5.97644846791744e-5,0.0001303274280741675,0.11111207932811167,-0.11108759317524375
1089,1.5625,-0.11111175778555514,3.578511692009346e-9,5.982066275133824e-5,0.00012909591893772702,0.11111175778555514,-0.11108760429210916
1090,0.625,-0.11111143703640729,3.645887659731185e-9,6.0381186306093596e-5,0.00012825404546302094,0.11111143703640729,-0.11108761849773299
1091,0.25,-0.11111111693035498,3.772281170209849e-9,6.141889912893138e-5,0.00012761755738799612,0.11111111693035498,-0.11108763388132936
1092,0.1,-0.11111079704647647,3.956770169102566e-9,6.290286296427663e-5,0.00012712668511332434,0.11111079704647647,-0.11108764969335562
1093,0.1,-0.11111047434850756,4.194272494316459e-9,6.476320324317242e-5,0.0001267332862900328,0.11111047434850756,-0.11108766537199045
1094,0.1,-0.11111014872412195,4.482854388655153e-9,6.695412152104718e-5,0.00012633792678883496,0.11111014872412195,-0.1110876809126216
1095,0.1,-0.11110982006443265,4.820614504377318e-9,6.94306452827375e-5,0.00012593902205851413,0.11110982006443265,-0.11108769631036436
1096,0.1,-0.11110948826466166,5.205694049793567e-9,7.215049583886147e-5,0.0001255352752193678,0.11110948826466166,-0.11108771156014155
1097,0.1,-0.11110915322484584,5.636286657483838e-9,7.507520667626456e-5,0.00012512563186082795,0.11110915322484584,-0.11108772665675333
1098,0.1,-0.11110881485054754,6.1106475283537325e-9,7.817063085554402e-5,0.00012470924056504908,0.11110881485054754,-0.11108774159492808
1099,0.1,-0.11110847305360043,6.627101474391771e-9,8.140701121151525e-5,0.00012428541855282342,0.11110847305360043,-0.11108775636936745
1100,0.1,-0.11110812775286921,7.184049551235354e-9,8.475877270958655e-5,0.00012385362192347764,0.11110812775286921,-0.11108777097477933
1101,0.1,-0.11110777887502914,7.779974040161549e-9,8.820416112724812e-5,0.00012341342002562068,0.11110777887502914,-0.11108778540590422
1102,0.1,-0.11110742635535958,8.413441605733226e-9,9.17248145581839e-5,0.00012296447355166588,0.11110742635535958,-0.11108779965753308
1103,0.1,-0.11110707013855363,9.08310452057807e-9,9.530532262459464e-5,0.0001225065159959085,0.11110707013855363,-0.11108781372452305
1104,0.1,-0.11110671017953443,9.787699911064353e-9,9.893280502979967e-5,0.00012203933815475454,0.11110671017953443,-0.11108782760180524
1105,0.25,-0.11110633606244637,1.0493157149247798e-8,0.00010243611252506509,0.0001215642440913559,0.11110633606244637,-0.11108783960333478
1106,0.625,-0.11110592674861598,1.1131263815730754e-8,0.00010550480470448137,0.00012061199634174056,0.11110592674861598,-0.11108784675176685
1107,1.5625,-0.11110543213363307,1.1559738815243787e-8,0.00010751622582309978,0.00011847679000625572,0.11110543213363307,-0.11108784161403505
1108,3.90625,-0.11110474979855714,1.1570522902874343e-8,0.00010756636510951899,0.00011366307953322957,0.11110474979855714,-0.11108780690777881
1109,9.765625,-0.11110380799778943,1.0946683529905738e-8,0.00010462639977513198,0.00010349619293614197,0.11110380799778943,-0.1110877064808638
1110,24.4140625,-0.11110380646030775,8.977877274272822e-9,9.475166106339679e-5,8.81315442207404e-5,0.11110380646030775,-0.11108749363106829
1111,61.03515625,-0.11111112194115642,4.1657834220572255e-9,6.454288049085837e-5,0.00011985784112775648,0.11111112194115642,-0.11108737289971406
1112,24.4140625,-0.11112036396048036,3.807044971478014e-9,6.170125583388084e-5,0.00015346086359039831,0.11112036396048036,-0.11108731772852835
1113,9.765625,-0.11111492915981667,3.4502656520963286e-9,5.8738961959642496e-5,0.00014540942580484425,0.11111492915981667,-0.11108730700836308
1114,3.90625,-0.11111230658238878,3.4472503928541668e-9,5.8713289746480456e-5,0.00014493020610495828,0.11111230658238878,-0.11108731480653969
1115,1.5625,-0.11111011678459029,3.6017185103322805e-9,6.0014319210770696e-5,0.00014296119537470024,0.11111011678459029,-0.11108732957004325
1116,0.625,-0.11110805230275128,3.892180887622412e-9,6.238734557281958e-5,0.00014121653042356518,0.11110805230275128,-0.11108734703086522
1117,0.25,-0.11110602962201795,4.3132926359328574e-9,6.567566243238706e-5,0.00013999864642489417,0.11110602962201795,-0.11108736554865281
1118,0.1,-0.11110402143161015,4.86293111952083e-9,6.973471961312264e-5,0.00013918048245472662,0.11110402143161015,-0.11108738446405508
1119,0.1,-0.11110202561424158,5.536474797290044e-9,7.440749154009993e-5,0.00013860707264791067,0.11110202561424158,-0.11108740313401841
1120,0.1,-0.11110004526949994,6.3302857011952e-9,7.956309258189503e-5,0.00013801317602569045,0.11110004526949994,-0.1110874215425408
1121,0.1,-0.11109808344472706,7.240539103931302e-9,8.509135739857076e-5,0.00013739677866084213,0.11109808344472706,-0.11108743967344574
1122,0.1,-0.11109614312793491,8.263222194228674e-9,9.090226726671164e-5,0.00013675630245465887,0.11109614312793491,-0.11108745751054744
1123,0.1,-0.11109422724095669,9.394135973747579e-9,9.692335102413442e-5,0.0001360905527960382,0.11109422724095669,-0.11108747503779812
1124,0.1,-0.11109233863282902,1.0628899957513461e-8,0.0001030965564774763,0.0001353986732880147,0.11109233863282902,-0.11108749223941561
1125,0.1,-0.11109048007343152,1.196295929865052e-8,0.00010937531393623755,0.0001346801065599436,0.11109048007343152,-0.11108750910000117
1126,0.25,-0.11108873585772182,1.335298986866777e-8,0.00011555513778568122,0.0001339389135289024,0.11108873585772182,-0.11108752339658214
1127,0.625,-0.11108730193017495,1.4692413827499245e-8,0.00012121226764440655,0.00013235134148019068,0.11108730193017495,-0.11108753085224005
1128,1.5625,-0.11108668052000897,1.5700798360911323e-8,0.00012530282662777932,0.00012858040931553168,0.11108668052000897,-0.1110875205928368
1129,3.90625,-0.11108802741452846,1.572162263491925e-8,0.0001253858948802426,0.00011969400685622357,0.11108802741452846,-0.11108746853734418
1130,9.765625,-0.11109324043479302,1.360226410192669e-8,0.0001166287447498544,0.0001023159417687814,0.11109324043479302,-0.11108733944321564
1131,24.4140625,-0.11108861218418646,8.386539118889392e-9,9.157804932891611e-5,9.539593340141682e-5,0.11108861218418646,-0.11108720380520272
1132,61.03515625,-0.11111391939780281,4.429677276568903e-9,6.655582075648157e-5,0.00027772713403592864,0.11111391939780281,-0.11108702882541614
1133,24.4140625,-0.11112658030643319,4.838128016314873e-9,6.955665328575601e-5,0.0002672647965269731,0.11112658030643319,-0.11108698932763375
1134,9.765625,-0.11112085417663829,4.197543896586107e-9,6.478845496372102e-5,0.00019369603968387404,0.11112085417663829,-0.1110869814826501
1135,3.90625,-0.11111889255199484,4.258179296806722e-9,6.525472624114457e-5,0.00018171047618897098,0.11111889255199484,-0.11108699713773348
1136,1.5625,-0.1111174339662464,4.5736784767649005e-9,6.76289766059261e-5,0.00017666734505174188,0.1111174339662464,-0.11108702087578932
1137,0.625,-0.1111161249678031,5.103437614035017e-9,7.143834834341438e-5,0.00017377003291511685,0.1111161249678031,-0.11108704774381328
1138,0.25,-0.11111486837959816,5.836579141512846e-9,7.639750742997343e-5,0.00017199308202500563,0.11111486837959816,-0.11108707584758679
1139,0.1,-0.11111363115690709,6.768407442724684e-9,8.227033148544307e-5,0.00017085273205837327,0.11111363115690709,-0.11108710441022109
1140,0.1,-0.11111237337794692,7.886021866068693e-9,8.880327621247255e-5,0.00017006664055862355,0.11111237337794692,-0.11108713256371106
1141,0.1,-0.11111109667194012,9.183343724420766e-9,9.582976429283736e-5,0.0001692588269029082,0.11111109667194012,-0.11108716028568667
1142,0.1,-0.11110980272598092,1.0654131456314432e-8,0.00010321885223308014,0.0001684266560786793,0.11110980272598092,-0.11108718755347616
1143,0.1,-0.11110849328080903,1.229197489168256e-8,0.0001108691791783567,0.0001675680447461759,0.11110849328080903,-0.11108721434435352
1144,0.1,-0.11110717012641162,1.4090293424645727e-8,0.00011870254177837022,0.00016668138990013782,0.11110717012641162,-0.11108724063575397
1145,0.1,-0.1111058350974974,1.6042337508668978e-8,0.0001266583495418639,0.0001657655075321845,0.1111058350974974,-0.1110872664054635
1146,0.1,-0.11110449006885224,1.814119296593586e-8,0.00013468924591791232,0.0001648195799324813,0.11110449006885224,-0.11108729163178484
1147,0.25,-0.11110310231877214,2.0308665830306425e-8,0.00014250847634546664,0.00016385004553271114,0.11110310231877214,-0.11108731292589955
1148,0.625,-0.11110162895523823,2.2361015288214067e-8,0.00014953599997396635,0.00016180488550575,0.11110162895523823,-0.11108732376010384
1149,1.5625,-0.11110000700931799,2.3825369614079774e-8,0.000154354687697134,0.0001570015479043385,0.11110000700931799,-0.111087307681414
1150,3.90625,-0.11109824314263916,2.3611473492139785e-8,0.0001536602534559272,0.00014581644170515637,0.11109824314263916,-0.11108722916094117
1151,9.765625,-0.11109698171815845,1.980798485266755e-8,0.00014074084287323118,0.000124599733183649,0.11109698171815845,-0.1110870419014385
1152,24.4140625,-0.11111093789120727,6.453053160575999e-9,8.033089791964235e-5,0.00011965768148121695,0.11111093789120727,-0.1110869960124063
1153,9.765625,-0.11111287130833257,5.835157231771996e-9,7.638820086748997e-5,9.757486091258787e-5,0.11111287130833257,-0.11108695086987402
1154,3.90625,-0.11111309248973514,5.535319548488086e-9,7.439972814794478e-5,9.945828403268165e-5,0.11111309248973514,-0.11108693991993285
1155,1.5625,-0.11111316076536222,5.354359833108041e-9,7.317349132785753e-5,0.0001008170936906743,0.11111316076536222,-0.11108694205117516
1156,0.625,-0.11111319523142643,5.261272325992853e-9,7.253462846112092e-5,0.00010085017309434666,0.11111319523142643,-0.11108694908240263
1157,0.25,-0.11111322038466023,5.246497513203304e-9,7.243271024339283e-5,0.0001004210365802142,0.11111322038466023,-0.11108695794120171
1158,0.1,-0.11111324288541634,5.3059124116304885e-9,7.284169418424099e-5,9.991567086702654e-5,0.11111324288541634,-0.1110869674595424
1159,0.1,-0.11111325020808338,5.430400053630314e-9,7.369124814813706e-5,9.944716670350679e-5,0.11111325020808338,-0.11108697685841806
1160,0.1,-0.11111324097188922,5.615139861243234e-9,7.493423690972794e-5,9.898410126351067e-5,0.11111324097188922,-0.1110869861346343
1161,0.1,-0.1111132138767454,5.855252389465934e-9,7.651962094434299e-5,9.852365508220902e-5,0.1111132138767454,-0.11108699528480089
1162,0.1,-0.11111316770870709,6.14582001965482e-9,7.839528059554873e-5,9.80637416906911e-5,0.11111316770870709,-0.11108700430550532
1163,0.1,-0.11111310134505827,6.481910967872958e-9,8.051031590965817e-5,9.760290471706796e-5,0.11111310134505827,-0.11108701319345897
1164,0.25,-0.1111129571610109,6.819472015284174e-9,8.258009454635042e-5,9.714493372263418e-5,0.1111129571610109,-0.11108702087111719
1165,0.625,-0.11111261128352978,7.056826027052173e-9,8.400491668379996e-5,9.639100394117683e-5,0.11111261128352978,-0.11108702554123225
1166,1.5625,-0.1111117713603054,6.960290555200453e-9,8.342835582222901e-5,9.496141995122493e-5,0.1111117713603054,-0.11108702317688236
1167,3.90625,-0.11110989420677411,6.174993969749666e-9,7.858112985793514e-5,9.273452078109763e-5,0.11110989420677411,-0.11108700706994633
1168,9.765625,-0.11110683412174696,4.853189534854661e-9,6.966483714798062e-5,9.24964432837121e-5,0.11110683412174696,-0.11108696980382604
1169,3.90625,-0.11110626597315144,4.512286808046295e-9,6.7173557357388e-5,9.759855934712665e-5,0.11110626597315144,-0.1110869626276591
1170,1.5625,-0.11110590062833753,4.3527101746622704e-9,6.597507237330074e-5,9.996621802678564e-5,0.11110590062833753,-0.11108696610712195
1171,0.625,-0.11110557979727156,4.3030530144190965e-9,6.559766012914711e-5,0.00010027839631524655,0.11110557979727156,-0.11108697355269728
1172,0.25,-0.11110527143854713,4.3477931880218785e-9,6.593779787058314e-5,0.00010004291778694993,0.11110527143854713,-0.11108698250037388
1173,0.1,-0.11110496678445947,4.482543699590418e-9,6.695180131699533e-5,9.974221579292505e-5,0.11110496678445947,-0.111086992017412
1174,0.1,-0.11110467865631628,4.700002331904865e-9,6.85565630111725e-5,9.948376123078524e-5,0.11110467865631628,-0.11108700145090646
1175,0.1,-0.11110440868286087,4.994829666362278e-9,7.06741088826897e-5,9.919309778893747e-5,0.11110440868286087,-0.11108701078746902
1176,0.1,-0.11110415840679672,5.361179505019849e-9,7.322007583320199e-5,9.887144040837749e-5,0.11110415840679672,-0.11108702001463075
1177,0.1,-0.11110392927856855,5.792762477844606e-9,7.611019956513453e-5,9.852038108315105e-5,0.11110392927856855,-0.11108702912096105
1178,0.1,-0.11110372265054881,6.2829139775313276e-9,7.926483443199341e-5,9.814185155503212e-5,0.11110372265054881,-0.11108703809616834
1179,0.25,-0.11110360242954069,6.77616449004659e-9,8.231746163510261e-5,9.773980854084534e-5,0.11110360242954069,-0.11108704583918753
1180,0.625,-0.111103707431509,7.135037047427527e-9,8.446914849474645e-5,9.688149977212362e-5,0.111103707431509,-0.11108705043281418
1181,1.5625,-0.11110436918340738,7.029539437272574e-9,8.384234871037771e-5,9.501133489826933e-5,0.11110436918340738,-0.11108704773077094
1182,3.90625,-0.1111062251088053,5.931410668737586e-9,7.701565210226805e-5,9.199270198448303e-5,0.1111062251088053,-0.11108703221635885
1183,9.765625,-0.11110959845648312,4.086467994241202e-9,6.39254878295129e-5,9.261033500534093e-5,0.11110959845648312,-0.11108700354717857
1184,3.90625,-0.11111031415187554,3.7110315029338903e-9,6.091823620997156e-5,0.00010187161333963868,0.11111031415187554,-0.11108700067315057
1185,1.5625,-0.11111081014237972,3.603364889220516e-9,6.002803419420393e-5,0.00010443808407960498,0.11111081014237972,-0.11108700622541809
1186,0.625,-0.11111125615900709,3.6581451988403663e-9,6.048260244764908e-5,0.00010434943189255706,0.11111125615900709,-0.11108701485421485
1187,0.25,-0.11111168764651032,3.854684640514466e-9,6.208610666255749e-5,0.0001038232776704485,0.11111168764651032,-0.11108702465546748
1188,0.1,-0.11111211464197311,4.188339169685515e-9,6.471737919357918e-5,0.0001033809599673453,0.11111211464197311,-0.11108703491510293
1189,0.1,-0.1111125264890962,4.651937366628124e-9,6.820511246694139e-5,0.00010307441312443623,0.1111125264890962,-0.11108704505081779
1190,0.1,-0.11111292153304958,5.2384676948421315e-9,7.237725951458878e-5,0.00010270784802357731,0.11111292153304958,-0.1110870550387844
1191,0.1,-0.11111329820536693,5.939956985555884e-9,7.707111641565784e-5,0.00010228340614080322,0.11111329820536693,-0.11108706485664266
1192,0.1,-0.11111365503052613,6.747566080199727e-9,8.21435699260735e-5,0.0001018036801472055,0.11111365503052613,-0.11108707448368646
1193,0.25,-0.11111393616215312,7.596475348197017e-9,8.715776126196116e-5,0.00010127292094028568,0.11111393616215312,-0.11108708263525101
1194,0.625,-0.11111401742687174,8.31467991055543e-9,9.118486667509817e-5,9.998571471117204e-5,0.11111401742687174,-0.11108708686088757
1195,1.5625,-0.11111360079771761,8.470231133156845e-9,9.203385862364375e-5,9.688479683027105e-5,0.11111360079771761,-0.11108708165101237
1196,3.90625,-0.11111212105253071,7.315706918618672e-9,8.553190585166843e-5,9.078058390374733e-5,0.11111212105253071,-0.11108705921744871
1197,9.765625,-0.11110939043025665,4.983594756278886e-9,7.059458021887293e-5,8.632081157753865e-5,0.11110939043025665,-0.11108701925126185
1198,24.4140625,-0.11110992307079429,4.132680023533791e-9,6.428592399222236e-5,9.301819937516531e-5,0.11110992307079429,-0.11108693491364832
1199,9.765625,-0.11111172620140101,3.793781324603346e-9,6.15936792585355e-5,8.786869387446051e-5,0.11111172620140101,-0.11108690718582903
1200,3.90625,-0.11111221862159977,3.6702497388495116e-9,6.05825861023571e-5,9.268349888595207e-5,0.11111221862159977,-0.11108690192723589
1201,1.5625,-0.11111257637126651,3.601732760302297e-9,6.001443793207012e-5,9.39466814268438e-5,0.11111257637126651,-0.11108690527752385
1202,0.625,-0.1111129018035772,3.574389967980608e-9,5.9786202153846566e-5,9.406161886030186e-5,0.1111129018035772,-0.11108691194427758
1203,0.25,-0.11111321779296775,3.5850762187874818e-9,5.987550600026259e-5,9.388877164909665e-5,0.11111321779296775,-0.11108691988984618
1204,0.1,-0.11111353090364388,3.632718395339662e-9,6.0272036595254206e-5,9.367504547020762e-5,0.11111353090364388,-0.11108692832239203
1205,0.1,-0.11111383102131617,3.7146418104528896e-9,6.0947861410002645e-5,9.34780840702686e-5,0.11111383102131617,-0.11108693670491417
1206,0.1,-0.1111141168555292,3.828898521388461e-9,6.187809403487199e-5,9.327149705459584e-5,0.1111141168555292,-0.11108694503276759
1207,0.1,-0.11111438717380236,3.973431151466351e-9,6.303515805854976e-5,9.305532802263729e-5,0.11111438717380236,-0.11108695330152993
1208,0.1,-0.11111464080575824,4.1460901844785946e-9,6.439014042909516e-5,9.28297905254647e-5,0.11111464080575824,-0.11108696150704209
1209,0.1,-0.11111487664700333,4.344652271792886e-9,6.591397630087936e-5,9.259524578458481e-5,0.11111487664700333,-0.11108696964544441
1210,0.1,-0.11111509366274859,4.5668392622103535e-9,6.75783934568613e-5,9.235218193963706e-5,0.11111509366274859,-0.11108697771320604
1211,0.1,-0.11111529089115339,4.8103376697278745e-9,6.935659788172914e-5,9.210119462378775e-5,0.11111529089115339,-0.11108698570714594
1212,0.1,-0.11111546744639965,5.072818302084854e-9,7.122372008035563e-5,9.18429687085016e-5,0.11111546744639965,-0.11108699362445022
1213,0.1,-0.11111562252146494,5.351955782617751e-9,7.315706242474305e-5,9.157826109711257e-5,0.11111562252146494,-0.11108700146268327
1214,0.1,-0.11111575539060382,5.64544771005225e-9,7.513619440757064e-5,9.130788447974536e-5,0.11111575539060382,-0.11108700921979274
1215,0.25,-0.11111580173625459,5.920518757964752e-9,7.694490729063719e-5,9.103470211190788e-5,0.11111580173625459,-0.1110870159622507
1216,0.625,-0.11111562835314574,6.104812566452023e-9,7.81332999843986e-5,9.050293412491562e-5,0.11111562835314574,-0.11108702015684184
1217,1.5625,-0.11111492212394047,6.035661185127444e-9,7.768951785876551e-5,8.94210357439356e-5,0.11111492212394047,-0.11108701832988022
1218,3.90625,-0.11111307645165706,5.467505815355621e-9,7.39425845866617e-5,8.769756675253497e-5,0.11111307645165706,-0.11108700422699713
1219,9.765625,-0.11110966197917728,4.478686853322927e-9,6.69229919633225e-5,8.7382153134257e-5,0.11110966197917728,-0.11108696926403423
1220,3.90625,-0.11110858572758263,4.194127862886336e-9,6.476208661621656e-5,9.147678249818307e-5,0.11110858572758263,-0.11108696199839255
1221,1.5625,-0.11110778011711972,4.056844001335402e-9,6.36933591619676e-5,9.35753948876786e-5,0.11110778011711972,-0.1110869646593369
1222,0.625,-0.1111070444221298,4.011682140185005e-9,6.333784129716615e-5,9.386952106769498e-5,0.1111070444221298,-0.11108697103361051
1223,0.25,-0.11110633044761452,4.045972861889881e-9,6.36079622522989e-5,9.365835315524072e-5,0.11110633044761452,-0.11108697881862825
1224,0.1,-0.11110562353059211,4.156039390970314e-9,6.446735135687145e-5,9.337953002604465e-5,0.11110562353059211,-0.11108698713921157
1225,0.1,-0.11110493392220895,4.336331111448023e-9,6.585082468312772e-5,9.313448241055511e-5,0.11110493392220895,-0.11108699538748881
1226,0.1,-0.11110426386148764,4.582906470272664e-9,6.769716737259148e-5,9.285947602448387e-5,0.11110426386148764,-0.11108700355182048
1227,0.1,-0.11110361550619728,4.8914130022597035e-9,6.993863740637004e-5,9.255549033583094e-5,0.11110361550619728,-0.11108701162126708
1228,0.1,-0.1111029909259617,5.257135931528266e-9,7.25061096151784e-5,9.222380694399422e-5,0.1111029909259617,-0.1110870195856797
1229,0.1,-0.11110239209572213,5.675049865965906e-9,7.533292683791004e-5,9.186598053716923e-5,0.11110239209572213,-0.11108702743578254
1230,0.25,-0.11110189159915193,6.10402810107333e-9,7.812827977802487e-5,9.148511690783146e-5,0.11110189159915193,-0.11108703418275447
1231,0.625,-0.11110165243864117,6.441944715159792e-9,8.026172634051545e-5,9.068277605030923e-5,0.11110165243864117,-0.11108703809488445
1232,1.5625,-0.11110207610084867,6.443470149891921e-9,8.027122865567663e-5,8.890686861034025e-5,0.11110207610084867,-0.11108703526374203
1233,3.90625,-0.11110399673692577,5.715373272439843e-9,7.560008778063582e-5,8.572329147345745e-5,0.11110399673692577,-0.11108701936302101
1234,9.765625,-0.11110824492765023,4.4209238718148845e-9,6.64900283637696e-5,8.407741328815312e-5,0.11110824492765023,-0.11108698435817393
1235,3.90625,-0.11110962557284566,4.1691283023500924e-9,6.456878736936363e-5,8.757881088050542e-5,0.11110962557284566,-0.11108697643297186
1236,1.5625,-0.11111066791097993,4.087270122951877e-9,6.393176145666468e-5,8.901203140482176e-5,0.11111066791097993,-0.11108697814317933
1237,0.625,-0.11111162096390063,4.103759915957177e-9,6.406059565721487e-5,8.889973213341542e-5,0.11111162096390063,-0.11108698351089022
1238,0.25,-0.1111125456720548,4.204155470697908e-9,6.483945921040604e-5,8.850460564894955e-5,0.1111125456720548,-0.11108699029545242
1239,0.1,-0.1111134608908159,4.384746989381815e-9,6.621742209858229e-5,8.816058684589552e-5,0.1111134608908159,-0.11108699763260295
1240,0.1,-0.11111435810752153,4.639076821295286e-9,6.811076876159369e-5,8.790660173901775e-5,0.11111435810752153,-0.11108700489070406
1241,0.1,-0.11111523470983871,4.961911430964139e-9,7.044083638745453e-5,8.761764449296624e-5,0.11111523470983871,-0.11108701205743239
1242,0.25,-0.11111603497276201,5.3229007783902636e-9,7.295821254930978e-5,8.729720855870107e-5,0.11111603497276201,-0.11108701827099932
1243,0.625,-0.1111166218094525,5.6380843969174264e-9,7.508717864534149e-5,8.659396744884116e-5,0.1111166218094525,-0.11108702200232963
1244,1.5625,-0.11111664304159309,5.690303210036566e-9,7.543409845710736e-5,8.495877330320094e-5,0.11111664304159309,-0.11108701972384304
1245,3.90625,-0.111115330892066,5.0940482333960545e-9,7.137260141956474e-5,8.188732005487702e-5,0.111115330892066,-0.11108700562026189
1246,9.765625,-0.1111118130500899,3.9199418339251834e-9,6.260943885649498e-5,8.044563974718376e-5,0.1111118130500899,-0.11108697477976183
1247,3.90625,-0.11111080325052929,3.6548934756657715e-9,6.0455714995902345e-5,8.677798952259463e-5,0.11111080325052929,-0.11108696882133169
1248,1.5625,-0.11111007782498554,3.5294754574381746e-9,5.940938863040231e-5,8.938730957321345e-5,0.11111007782498554,-0.1110869715358127
1249,0.625,-0.11110942653406691,3.4822185211705156e-9,5.901032554706435e-5,8.985355801756638e-5,0.11110942653406691,-0.11108697749790615
1250,0.25,-0.1111087987077649,3.5007281328700697e-9,5.916695135690253e-5,8.974998591480437e-5,0.1111087987077649,-0.11108698469763226
1251,0.1,-0.11110817871619676,3.5818296724066375e-9,5.9848389054398425e-5,8.955272713463156e-5,0.11110817871619676,-0.11108699237028687
1252,0.1,-0.11110757184801286,3.7214466680565967e-9,6.100366110371243e-5,8.937300880342872e-5,0.11110757184801286,-0.11108699998983333
1253,0.1,-0.11110698015625003,3.915931726797011e-9,6.257740588101277e-5,8.916613184924289e-5,0.11110698015625003,-0.11108700754637973
1254,0.1,-0.11110640562179634,4.161208123469503e-9,6.450742688613074e-5,8.89332250555657e-5,0.11110640562179634,-0.11108701503071579
1255,0.1,-0.11110585014678374,4.452820512133886e-9,6.672945760407382e-5,8.867572046936937e-5,0.11110585014678374,-0.11108702243440323
1256,0.1,-0.11110531554830982,4.785989396136414e-9,6.918084558702946e-5,8.839532529525809e-5,0.11110531554830982,-0.11108702974985404
1257,0.1,-0.11110480355251201,5.155668603883343e-9,7.180298464467436e-5,8.809399325492358e-5,0.11110480355251201,-0.11108703697039594
1258,0.25,-0.11110437779822734,5.5172576616526e-9,7.42782448746105e-5,8.777527011341265e-5,0.11110437779822734,-0.11108704320638418
1259,0.625,-0.11110418086165381,5.76128882128344e-9,7.590315422486367e-5,8.708495879908682e-5,0.11110418086165381,-0.11108704694335984
1260,1.5625,-0.11110456115143735,5.630871770614033e-9,7.50391349271434e-5,8.560435287088746e-5,0.11110456115143735,-0.1110870449463256
1261,3.90625,-0.11110622354246776,4.748525663046712e-9,6.890954696590824e-5,8.33904304873571e-5,0.11110622354246776,-0.11108703288612844
1262,9.765625,-0.11110973987582821,3.4684891299583125e-9,5.8893880241993844e-5,8.449924535029846e-5,0.11110973987582821,-0.11108700836187127
1263,3.90625,-0.11111062864546774,3.3109402670540164e-9,5.754077047671517e-5,8.959017551487794e-5,0.11111062864546774,-0.11108700407208161
1264,1.5625,-0.11111124566394294,3.314900424209635e-9,5.7575171942510384e-5,9.008285127238822e-5,0.11111124566394294,-0.11108700708032503
1265,0.625,-0.11111179493676197,3.4140059401813403e-9,5.842949546403204e-5,8.941277443525696e-5,0.11111179493676197,-0.11108701291760295
1266,0.25,-0.11111232337608838,3.5969055443827546e-9,5.9974207326006025e-5,8.878851680326275e-5,0.11111232337608838,-0.11108701987833458
1267,0.1,-0.11111284501918234,3.861366406144299e-9,6.213989383756863e-5,8.837100122314509e-5,0.11111284501918234,-0.11108702729113273
1268,0.1,-0.11111335067884691,4.201164634642407e-9,6.48163917126093e-5,8.810851924363336e-5,0.11111335067884691,-0.11108703461489668
1269,0.1,-0.11111383829089005,4.610504255282328e-9,6.790069407069657e-5,8.780695792863067e-5,0.11111383829089005,-0.11108704183649402
1270,0.1,-0.11111430587622807,5.082955425712205e-9,7.129484852156013e-5,8.746845195315463e-5,0.11111430587622807,-0.11108704894394511
1271,0.25,-0.11111469812504839,5.574547911157016e-9,7.466289514315003e-5,8.709688104778867e-5,0.11111469812504839,-0.11108705501675148
1272,0.625,-0.1111148859701931,5.967421595372317e-9,7.724908799055376e-5,8.621636867684937e-5,0.1111148859701931,-0.1110870583862957
1273,1.5625,-0.11111454832135463,5.9678862456044534e-9,7.72520954123864e-5,8.416371495631709e-5,0.11111454832135463,-0.11108705537777994
1274,3.90625,-0.11111302555589887,5.0977581119246525e-9,7.139858620396242e-5,8.052554219098814e-5,0.11111302555589887,-0.11108704095616188
1275,9.765625,-0.1111097828542948,3.6410959287819873e-9,6.034149425380504e-5,7.975636486463698e-5,0.1111097828542948,-0.11108701346846017
1276,3.90625,-0.11110903157277528,3.443189392935241e-9,5.867869624433761e-5,8.563104990186607e-5,0.11110903157277528,-0.11108700805664982
1277,1.5625,-0.11110852217492163,3.4188580602833048e-9,5.847100187514581e-5,8.676307253218517e-5,0.11110852217492163,-0.11108701036084219
1278,0.625,-0.11110807156647917,3.491482096057322e-9,5.908876455010142e-5,8.632100210964392e-5,0.11110807156647917,-0.11108701562526604
1279,0.25,-0.11110763878642496,3.6474335575006236e-9,6.039398610375559e-5,8.576878997779685e-5,0.11110763878642496,-0.11108702205454368
1280,0.1,-0.11110721175303928,3.883739585121423e-9,6.231965649072067e-5,8.53684705299766e-5,0.11110721175303928,-0.1110870289476096
1281,0.1,-0.1111067991572981,4.194520618929295e-9,6.47651188444003e-5,8.510384146634635e-5,0.1111067991572981,-0.11108703575586362
1282,0.1,-0.111106402808259,4.5739881886879425e-9,6.763126635431236e-5,8.479956652837478e-5,0.111106402808259,-0.11108704246637525
1283,0.1,-0.11110602443757882,5.015711366409996e-9,7.082168711920097e-5,8.445799291079907e-5,0.11110602443757882,-0.11108704906739383
1284,0.25,-0.11110571384610779,5.478287264060514e-9,7.401545287344065e-5,8.408405518968377e-5,0.11110571384610779,-0.1110870546578142
1285,0.625,-0.11110558666648186,5.849719892470934e-9,7.64834615617712e-5,8.32166299072037e-5,0.11110558666648186,-0.1110870576135386
1286,1.5625,-0.11110592964215533,5.848939167959141e-9,7.64783575134766e-5,8.121194563474399e-5,0.11110592964215533,-0.11108705434634374
1287,3.90625,-0.11110732794932454,5.011951165919393e-9,7.079513518540234e-5,7.769935925914441e-5,0.11110732794932454,-0.11108703987750633
1288,9.765625,-0.11111023336520498,3.5920229455485783e-9,5.993348768049944e-5,7.729816519468147e-5,0.11111023336520498,-0.11108701252276877
1289,3.90625,-0.1111108968849659,3.3750257481304977e-9,5.809497179731218e-5,8.450367956413751e-5,0.1111108968849659,-0.11108700724815866
1290,1.5625,-0.11111135046689928,3.3241258995010944e-9,5.765523306258587e-5,8.624905819529813e-5,0.11111135046689928,-0.1110870096457984
1291,0.625,-0.11111175365458126,3.3655646767890105e-9,5.801348702490663e-5,8.610248231280352e-5,0.11111175365458126,-0.11108701496632101
1292,0.25,-0.11111214165427066,3.4862699156817047e-9,5.904464341226649e-5,8.56962090816639e-5,0.11111214165427066,-0.11108702142886408
1293,0.1,-0.11111252477760046,3.683496630624373e-9,6.069181683410353e-5,8.537207194717823e-5,0.11111252477760046,-0.11108702834358695
1294,0.1,-0.11111289513318441,3.951955472975597e-9,6.286458043266969e-5,8.515128226389718e-5,0.11111289513318441,-0.11108703518577194
1295,0.1,-0.11111325116033989,4.286344621743732e-9,6.54701811647389e-5,8.489137652208109e-5,0.11111325116033989,-0.11108704194274409
1296,0.1,-0.1111135913680202,4.6807268268763575e-9,6.841583754421455e-5,8.459460655547862e-5,0.1111135913680202,-0.11108704860293318
1297,0.25,-0.11111387191990933,5.096456689006464e-9,7.138947183588393e-5,8.42650576533044e-5,0.11111387191990933,-0.11108705432967449
1298,0.625,-0.11111399143921986,5.428379092808879e-9,7.367753451907087e-5,8.348545504297135e-5,0.11111399143921986,-0.1110870576229391
1299,1.5625,-0.11111369947303548,5.412106392327459e-9,7.35670197325368e-5,8.167207063051581e-5,0.11111369947303548,-0.11108705518266228
1300,3.90625,-0.1111124897119254,4.612824621770592e-9,6.791777839248418e-5,7.853347802581624e-5,0.1111124897119254,-0.1110870425204724
1301,9.765625,-0.11111000142762738,3.2883833460656097e-9,5.7344427332266644e-5,7.847039905674083e-5,0.11111000142762738,-0.11108701833221848
1302,3.90625,-0.1111094949553028,3.104528972306637e-9,5.571830015629189e-5,8.528944292569612e-5,0.1111094949553028,-0.11108701417919171
1303,1.5625,-0.1111091630712389,3.0766695138612328e-9,5.546773398888071e-5,8.666460039511012e-5,0.1111091630712389,-0.11108701700412896
1304,0.625,-0.11110887198216432,3.135959938800893e-9,5.599964230957992e-5,8.637545098394295e-5,0.11110887198216432,-0.11108702250342548
1305,0.25,-0.11110859299684644,3.270461150154348e-9,5.718794584660607e-5,8.592452629016008e-5,0.11110859299684644,-0.11108702905464928
1306,0.1,-0.11110831783687486,3.4777369129200986e-9,5.8972340236081005e-5,8.559085682836013e-5,0.11110831783687486,-0.11108703602543606
1307,0.1,-0.11110805353481767,3.752933687258047e-9,6.126119234277152e-5,8.537202462438533e-5,0.11110805353481767,-0.1110870429235939
1308,0.1,-0.11110780137229609,4.0909851466365565e-9,6.396080945889097e-5,8.511611837303505e-5,0.11110780137229609,-0.11108704973707106
1309,0.1,-0.11110756256972391,4.486230297685124e-9,6.697932739051e-5,8.482524186007885e-5,0.11110756256972391,-0.11108705645485964
1310,0.1,-0.11110733828139589,4.932487715174885e-9,7.023167173843212e-5,8.450187350970287e-5,0.11110733828139589,-0.11108706306710836
1311,0.25,-0.11110716922012796,5.3844141327750086e-9,7.337856725757875e-5,8.415040542387592e-5,0.11110716922012796,-0.11108706868881002
1312,0.625,-0.11110714686698164,5.723369641257933e-9,7.565295527114544e-5,8.331734666266638e-5,0.11110714686698164,-0.11108707174477614
1313,1.5625,-0.11110749274802031,5.6591467324131865e-9,7.522730044613581e-5,8.141391744611797e-5,0.11110749274802031,-0.11108706884756273
1314,3.90625,-0.11110863638541277,4.7355575441369204e-9,6.88153874081729e-5,7.827260874110203e-5,0.11110863638541277,-0.11108705572001705
1315,9.765625,-0.1111107809619086,3.2944079804498395e-9,5.739693354570294e-5,7.879542611777448e-5,0.1111107809619086,-0.11108703192733185
1316,3.90625,-0.11111109469248402,3.119129440557216e-9,5.584916687433409e-5,8.555807869073093e-5,0.11111109469248402,-0.111087027771554
1317,1.5625,-0.1111112681829569,3.118164015918318e-9,5.584052306272138e-5,8.647554717893022e-5,0.1111112681829569,-0.11108703047038625
1318,0.625,-0.11111141134744547,3.2157542888192767e-9,5.6707621082349034e-5,8.586573546698753e-5,0.11111141134744547,-0.11108703581287793
1319,0.25,-0.11111154596396972,3.3989820242555106e-9,5.8300789224979716e-5,8.523577686188415e-5,0.11111154596396972,-0.11108704220448372
1320,0.1,-0.11111167799520817,3.6652461661697745e-9,6.0541276548894924e-5,8.480752854468286e-5,0.11111167799520817,-0.1110870490189707
1321,0.1,-0.11111179996247302,4.008523662357227e-9,6.331290281101654e-5,8.453821483645674e-5,0.11111179996247302,-0.11108705574474975
1322,0.1,-0.11111191083863936,4.422683438226338e-9,6.650325885418201e-5,8.422635291944206e-5,0.11111191083863936,-0.11108706236824566
1323,0.1,-0.11111200965527827,4.900913922377145e-9,7.00065277126151e-5,8.387455353976615e-5,0.11111200965527827,-0.11108706887715782
1324,0.25,-0.11111206269957755,5.39884232310974e-9,7.34768148677509e-5,8.348805428953454e-5,0.11111206269957755,-0.11108707437635626
1325,0.625,-0.11111199418000221,5.796351873950867e-9,7.613377617031003e-5,8.256741294024467e-5,0.11111199418000221,-0.11108707723246544
1326,1.5625,-0.11111162146550288,5.792293389595668e-9,7.610711786420288e-5,8.042000461163055e-5,0.11111162146550288,-0.11108707387427375
1327,3.90625,-0.11111059844445555,4.891709797675562e-9,6.99407592014525e-5,7.665602342093378e-5,0.11111059844445555,-0.11108705966047597
1328,9.765625,-0.11110882699466473,3.3840351945443625e-9,5.817246079154949e-5,7.631830592815703e-5,0.11110882699466473,-0.11108703434035273
1329,3.90625,-0.11110863847765706,3.179955133068716e-9,5.639109090156632e-5,8.371636615092399e-5,0.11110863847765706,-0.11108702969246623
1330,1.5625,-0.11110855372033886,3.1551574556855475e-9,5.617078827723132e-5,8.515021914309279e-5,0.11110855372033886,-0.11108703213742634
1331,0.625,-0.11110848912539407,3.229766941498921e-9,5.683103853968288e-5,8.476435466240118e-5,0.11110848912539407,-0.11108703729521462
1332,0.25,-0.11110842975910426,3.3899193622506466e-9,5.8223014025818404e-5,8.423155942066725e-5,0.11110842975910426,-0.1110870435224998
1333,0.1,-0.11110837183777685,3.6327915430573266e-9,6.0272643405257466e-5,8.385019696201966e-5,0.11110837183777685,-0.11108705017902022
1334,0.1,-0.11110832239557472,3.95270401952538e-9,6.287053379386387e-5,8.36077988981646e-5,0.11110832239557472,-0.11108705675431922
1335,0.1,-0.11110828218612918,4.343754543256113e-9,6.590716609941679e-5,8.332166172570159e-5,0.11110828218612918,-0.11108706323461777
1336,0.1,-0.11110825191278607,4.7993440679058374e-9,6.927729835888405e-5,8.299435947138778e-5,0.11110825191278607,-0.11108706960737648
1337,0.25,-0.11110825956054739,5.276791901925793e-9,7.264153014581806e-5,8.263073041608218e-5,0.11110825956054739,-0.11108707499875557
1338,0.625,-0.11110836685981788,5.6596833282658425e-9,7.523086685839691e-5,8.174497766425116e-5,0.11110836685981788,-0.11108707781709179
1339,1.5625,-0.11110872031613092,5.654505607456484e-9,7.519644677414275e-5,7.965648619388921e-5,0.11110872031613092,-0.1110870745783141
1340,3.90625,-0.11110958701610568,4.773882309139382e-9,6.90932870048848e-5,7.598379552737245e-5,0.11110958701610568,-0.11108706075952662
1341,9.765625,-0.11111097368900977,3.286190130206584e-9,5.732530096045361e-5,7.577585794285039e-5,0.11111097368900977,-0.11108703632970374
1342,3.90625,-0.11111103942486865,3.074300422102523e-9,5.5446374291765215e-5,8.378999671028776e-5,0.11111103942486865,-0.11108703214014527
1343,1.5625,-0.11111103657755529,3.039927419425119e-9,5.513553681089102e-5,8.54666151663705e-5,0.11111103657755529,-0.11108703483510547
1344,0.625,-0.1111110229129621,3.1039430776652066e-9,5.5713042258211016e-5,8.518430384743666e-5,0.1111110229129621,-0.11108704014991938
1345,0.25,-0.11111100696070796,3.252522882404161e-9,5.703089410489863e-5,8.469642244407293e-5,0.11111100696070796,-0.11108704649317916
1346,0.1,-0.1111109905246306,3.4828203696867003e-9,5.901542484543088e-5,8.433444100198846e-5,0.1111109905246306,-0.11108705324755284
1347,0.1,-0.11111096744635367,3.789426815174874e-9,6.155832043822243e-5,8.41002594354399e-5,0.11111096744635367,-0.11108705992324645
1348,0.1,-0.11111093724876335,4.166606471512621e-9,6.454925616544795e-5,8.382329934323297e-5,0.11111093724876335,-0.1110870665066353
1349,0.1,-0.11111089949688198,4.6079412867130525e-9,6.788181852832946e-5,8.35060274977871e-5,0.11111089949688198,-0.11108707298529481
1350,0.25,-0.11111083282267753,5.072382250820443e-9,7.122065887662402e-5,8.315320834257915e-5,0.11111083282267753,-0.11108707851823199
1351,0.625,-0.11111069135695908,5.447607983941548e-9,7.380791274613819e-5,8.229555869440596e-5,0.11111069135695908,-0.11108708156844022
1352,1.5625,-0.11111036923561694,5.449832493428439e-9,7.382298079479343e-5,8.02708229867292e-5,0.11111036923561694,-0.11108707876457403
1353,3.90625,-0.11110968953417845,4.6062208271319055e-9,6.786914488286932e-5,7.668611499356109e-5,0.11110968953417845,-0.11108706571297047
1354,9.765625,-0.1111087627420896,3.1731650605521803e-9,5.633085354006435e-5,7.631183850674948e-5,0.1111087627420896,-0.11108704233943675
1355,3.90625,-0.11110888335653848,2.9775575156922344e-9,5.45670002445822e-5,8.365626316241491e-5,0.11110888335653848,-0.11108703845227383
1356,1.5625,-0.1111090330715571,2.9548318811854507e-9,5.435836532848878e-5,8.507758451199408e-5,0.1111090330715571,-0.11108704119613134
1357,0.625,-0.11110918264773947,3.0278369856798278e-9,5.502578473479345e-5,8.470176626897743e-5,0.11110918264773947,-0.1110870464712605
1358,0.25,-0.11110933093685363,3.183063532730436e-9,5.6418645257843936e-5,8.417752835767603e-5,0.11110933093685363,-0.11108705274317573
1359,0.1,-0.1111094784778943,3.417680816713806e-9,5.846093410743456e-5,8.379900503033493e-5,0.1111094784778943,-0.11108705941432606
1360,0.1,-0.11110963081231827,3.726424635766333e-9,6.104444803392307e-5,8.35548806512434e-5,0.11110963081231827,-0.11108706600541417
1361,0.1,-0.11110978811099148,4.103656067114405e-9,6.405978510043883e-5,8.326898418733055e-5,0.11110978811099148,-0.1110870725032306
1362,0.1,-0.1111099505107835,4.543078564811463e-9,6.740236319901152e-5,8.294382842107758e-5,0.1111099505107835,-0.11108707889575802
1363,0.25,-0.11111013276553829,5.0049749560070926e-9,7.074584762377996e-5,8.258442573655633e-5,0.11111013276553829,-0.11108708435291521
1364,0.625,-0.11111036455102559,5.3806844534326364e-9,7.33531488992302e-5,8.172323251344765e-5,0.11111036455102559,-0.11108708735456828
1365,1.5625,-0.11111070981614204,5.3953922298303636e-9,7.345333368765752e-5,7.969966788592663e-5,0.11111070981614204,-0.11108708454945251
1366,3.90625,-0.11111125121362964,4.588819258778716e-9,6.774082416666272e-5,7.609182388777621e-5,0.11111125121362964,-0.1110870714588506
1367,9.765625,-0.11111174984397347,3.197829719314115e-9,5.654935648894791e-5,7.55006809858712e-5,0.11111174984397347,-0.11108704757540737
1368,3.90625,-0.11111147597391788,3.0069759314330343e-9,5.483590002391713e-5,8.247294016625386e-5,0.11111147597391788,-0.11108704334416224
1369,1.5625,-0.11111121164817431,2.985433275659522e-9,5.463911854760765e-5,8.385413907133766e-5,0.11111121164817431,-0.11108704582582384
1370,0.625,-0.1111109581574006,3.0575103494029305e-9,5.529475878781759e-5,8.349027311824756e-5,0.1111109581574006,-0.11108705087580084
1371,0.25,-0.1111107094209635,3.2099809444305044e-9,5.665669373013664e-5,8.29857597116734e-5,0.1111107094209635,-0.11108705693968539
1372,0.1,-0.11111046259861009,3.440159867502896e-9,5.865287603777752e-5,8.26271240819138e-5,0.11111046259861009,-0.11108706341147201
1373,0.1,-0.11111021252715268,3.743015569086671e-9,6.118018935151043e-5,8.240188834784888e-5,0.11111021252715268,-0.11108706980771309
1374,0.1,-0.11110995932186087,4.113153380641667e-9,6.413387077544648e-5,8.213450804998156e-5,0.11110995932186087,-0.11108707611531839
1375,0.1,-0.11110970312404266,4.544518451268464e-9,6.741304362857729e-5,8.182737381767855e-5,0.11110970312404266,-0.11108708232233408
1376,0.25,-0.11110943496036091,4.998279512150017e-9,7.069851138567216e-5,8.148495115358506e-5,0.11110943496036091,-0.11108708760088061
1377,0.625,-0.11110913946453627,5.367810068656805e-9,7.326534015929228e-5,8.064019491511356e-5,0.11110913946453627,-0.11108709043849363
1378,1.5625,-0.11110878973018103,5.3826749124478166e-9,7.336671529002655e-5,7.863044589688793e-5,0.11110878973018103,-0.11108708749480747
1379,3.90625,-0.11110838559407216,4.587353984467773e-9,6.773000800581506e-5,7.50258197811949e-5,0.11110838559407216,-0.1110870742646764
1380,9.765625,-0.11110827082014826,3.2052545282765965e-9,5.661496735207569e-5,7.445109573195151e-5,0.11110827082014826,-0.11108705015229389
1381,3.90625,-0.11110867274144631,3.0067197385401104e-9,5.483356397809749e-5,8.18115805068047e-5,0.11110867274144631,-0.11108704583744036
1382,1.5625,-0.11110902935460852,2.9765978006808072e-9,5.455820562189346e-5,8.337464191383847e-5,0.11110902935460852,-0.11108704826622198
1383,0.625,-0.11110936542180001,3.039348755981044e-9,5.513028891617605e-5,8.308460356731061e-5,0.11110936542180001,-0.11108705326667945
1384,0.25,-0.11110969359905001,3.1816139777149505e-9,5.640579737682068e-5,8.260708916300337e-5,0.11110969359905001,-0.11108705927843154
1385,0.1,-0.11111001878487527,3.4005789551822124e-9,5.83144832368616e-5,8.22556137152782e-5,0.11111001878487527,-0.11108706569494964
1386,0.1,-0.11111034551269446,3.691233615488801e-9,6.075552333318182e-5,8.202932130285217e-5,0.11111034551269446,-0.11108707203718597
1387,0.1,-0.11111067339776304,4.048199100292183e-9,6.36254595291239e-5,8.176182612807005e-5,0.11111067339776304,-0.11108707829233246
1388,0.1,-0.11111100203746455,4.465455916419169e-9,6.682406689523745e-5,8.1455541074906e-5,0.11111100203746455,-0.11108708444871311
1389,0.25,-0.11111133437906581,4.905048749024869e-9,7.003605320850732e-5,8.111528449185352e-5,0.11111133437906581,-0.1110870896948949
1390,0.625,-0.11111167115609781,5.262824835153132e-9,7.254532951991556e-5,8.028738237191146e-5,0.11111167115609781,-0.11108709255147205
1391,1.5625,-0.1111120016519225,5.274446180948306e-9,7.262538248400697e-5,7.832918378133978e-5,0.1111120016519225,-0.11108708975160332
1392,3.90625,-0.11111224266894638,4.493018367837969e-9,6.70299811117232e-5,7.483817891310646e-5,0.11111224266894638,-0.11108707689560328
1393,9.765625,-0.11111194512146429,3.1310194664649247e-9,5.595551328032765e-5,7.440030672189532e-5,0.11111194512146429,-0.11108705350735619
1394,3.90625,-0.11111139110109701,2.931729523243322e-9,5.414544785338212e-5,8.196040112910349e-5,0.11111139110109701,-0.11108704951731584
1395,1.5625,-0.1111109189125249,2.9002832283919034e-9,5.3854277716741344e-5,8.357911821532698e-5,0.1111109189125249,-0.11108705210246482
1396,0.625,-0.11111047721942927,2.961655080096677e-9,5.4421090397902515e-5,8.330859190536345e-5,0.11111047721942927,-0.11108705718989857
1397,0.25,-0.1111100465954332,3.10255056207594e-9,5.5700543642552896e-5,8.283805135059497e-5,0.1111100465954332,-0.11108706326014535
1398,0.1,-0.11110962001139406,3.320174890365676e-9,5.762095877686934e-5,8.248865666889825e-5,0.11110962001139406,-0.1110870697234077
1399,0.1,-0.11110919361015648,3.6096526634373797e-9,6.0080385014057454e-5,8.226234666870347e-5,0.11110919361015648,-0.11108707611241926
1400,0.1,-0.11110876806337767,3.965676048095242e-9,6.297361390372353e-5,8.199465009359675e-5,0.11110876806337767,-0.11108708241428603
1401,0.1,-0.11110834405312982,4.382295008599992e-9,6.619890488973358e-5,8.168798041270343e-5,0.11110834405312982,-0.1110870886172415
1402,0.25,-0.11110792499684613,4.822157839970336e-9,6.944175861807026e-5,8.134706662573186e-5,0.11110792499684613,-0.1110870939222313
1403,0.625,-0.111107525641346,5.182524464524125e-9,7.198975249661666e-5,8.05195222529898e-5,0.111107525641346,-0.11108709686662015
1404,1.5625,-0.11110719661990022,5.20213647802874e-9,7.21258377977597e-5,7.856069315516962e-5,0.11110719661990022,-0.11108709421391921
1405,3.90625,-0.11110711024802639,4.43734992870959e-9,6.661343654781361e-5,7.504404759184578e-5,0.11110711024802639,-0.11108708158772844
1406,9.765625,-0.11110783306597224,3.0910031235912547e-9,5.55967905871486e-5,7.444916069766736e-5,0.11110783306597224,-0.11108705851753618
1407,3.90625,-0.11110854510506696,2.896304765119543e-9,5.3817327740417796e-5,8.172396168244398e-5,0.11110854510506696,-0.11108705460655882
1408,1.5625,-0.11110913739800697,2.8692443596056353e-9,5.356532796133741e-5,8.3259944229849e-5,0.11110913739800697,-0.1110870571786919
1409,0.625,-0.11110968869023603,2.9349162783981085e-9,5.417486759003762e-5,8.296127722855299e-5,0.11110968869023603,-0.11108706222101869
1410,0.25,-0.11111022547350882,3.0800681160216926e-9,5.5498361381411005e-5,8.248430875915898e-5,0.11111022547350882,-0.11108706823597088
1411,0.1,-0.1111107570156767,3.3019593760598105e-9,5.7462678114231766e-5,8.213784188363064e-5,0.1111107570156767,-0.11108707464154195
1412,0.1,-0.11111128665654925,3.5958269231362986e-9,5.996521427574739e-5,8.191837387412172e-5,0.11111128665654925,-0.11108708097374363
1413,0.1,-0.11111181344140192,3.956448144665978e-9,6.290030321600983e-5,8.165687109029443e-5,0.11111181344140192,-0.11108708721956988
1414,0.1,-0.11111233641362284,4.377953347230428e-9,6.616610421681503e-5,8.135569536032814e-5,0.11111233641362284,-0.11108709336712465
1415,0.25,-0.11111284610232337,4.823271200394055e-9,6.944977466049876e-5,8.101931894053017e-5,0.11111284610232337,-0.11108709861624763
1416,0.625,-0.11111331291595831,5.190157935451379e-9,7.204275074878374e-5,8.01876338854811e-5,0.11111331291595831,-0.11108710149808598
1417,1.5625,-0.11111364781197125,5.217932560695795e-9,7.223525843170906e-5,7.820036213385111e-5,0.11111364781197125,-0.11108709875361304
1418,3.90625,-0.1111135922110635,4.460864439182024e-9,6.678970309248293e-5,7.458896857460785e-5,0.1111135922110635,-0.11108708593931309
1419,9.765625,-0.11111246317813363,3.1086915291558902e-9,5.575564123168067e-5,7.380595330625742e-5,0.11111246317813363,-0.11108706254951542
1420,3.90625,-0.111111601117127,2.908920062134805e-9,5.393440518013344e-5,8.112519787379068e-5,0.111111601117127,-0.11108705850132322
1421,1.5625,-0.11111089629996741,2.8787239381550807e-9,5.365374113848055e-5,8.272107677855673e-5,0.11111089629996741,-0.11108706097465479
1422,0.625,-0.1111102428035465,2.9420488779095315e-9,5.4240657056395724e-5,8.243677799788092e-5,0.1111102428035465,-0.11108706592827106
1423,0.25,-0.11110960712787146,3.0853010060833422e-9,5.554548591994981e-5,8.195831670327326e-5,0.11110960712787146,-0.11108707185678535
1424,0.1,-0.11110897778330941,3.305597728023327e-9,5.7494327789994436e-5,8.160618170102664e-5,0.11110897778330941,-0.11108707817588884
1425,0.1,-0.11110835194102375,3.5981248480999366e-9,5.998437169880115e-5,8.138042559920162e-5,0.11110835194102375,-0.11108708442088976
1426,0.1,-0.11110773084464169,3.957605351319514e-9,6.290950128016843e-5,8.111262036014222e-5,0.11110773084464169,-0.11108709057881684
1427,0.1,-0.11110711573255538,4.378115326166164e-9,6.616732823808261e-5,8.080516091222969e-5,0.11110711573255538,-0.11108709663781807
1428,0.25,-0.1111065221317332,4.822644251335105e-9,6.944526082703632e-5,8.046284961702554e-5,0.1111065221317332,-0.11108710179805409
1429,0.625,-0.11110599452330172,5.189091341765078e-9,7.203534786315034e-5,7.962410716017592e-5,0.11110599452330172,-0.11108710459150234
1430,1.5625,-0.11110566046546914,5.216846354536607e-9,7.22277395086999e-5,7.76269303915411e-5,0.11110566046546914,-0.1110871017606889
1431,3.90625,-0.11110586449876628,4.4585372144234624e-9,6.677227878710942e-5,7.400719702860056e-5,0.11110586449876628,-0.11108708887146615
1432,9.765625,-0.11110740067331991,3.0963510020375848e-9,5.5644865010507346e-5,7.329430931409016e-5,0.11110740067331991,-0.11108706554880331
1433,3.90625,-0.11110840700311951,2.889011076429119e-9,5.374952163907246e-5,8.098840404257669e-5,0.11110840700311951,-0.11108706158072232
1434,1.5625,-0.11110921903179934,2.8535067956359847e-9,5.341822531342636e-5,8.27273281767407e-5,0.11110921903179934,-0.11108706410296787
1435,0.625,-0.11110996956536444,2.9128618563114646e-9,5.397093529216873e-5,8.249133436356158e-5,0.11110996956536444,-0.11108706908623503
1436,0.25,-0.11111069895804343,3.053268697682297e-9,5.525639055966556e-5,8.202980746430736e-5,0.11111069895804343,-0.11108707503493077
1437,0.1,-0.11111142085702637,3.2717971539888785e-9,5.71996254707046e-5,8.168450593445793e-5,0.11111142085702637,-0.11108708137006788
1438,0.1,-0.11111213749650524,3.563655115878384e-9,5.9696357643313415e-5,8.146236313365994e-5,0.11111213749650524,-0.11108708763164855
1439,0.1,-0.1111128473552454,3.923556700109704e-9,6.263830058446433e-5,8.119729742387458e-5,0.1111128473552454,-0.11108709380643615
1440,0.1,-0.11111354892581275,4.345560520815836e-9,6.592086559516521e-5,8.089173418709778e-5,0.11111354892581275,-0.11108709988232182
1441,0.25,-0.11111422056375277,4.792635511250912e-9,6.922886328151657e-5,8.055039706566246e-5,0.11111422056375277,-0.1110871050634073
1442,0.625,-0.11111480287553209,5.162449561297586e-9,7.185018831776008e-5,7.970913969807785e-5,0.11111480287553209,-0.11108710788496157
1443,1.5625,-0.11111512983773209,5.193303220383436e-9,7.206457673769712e-5,7.769881430961716e-5,0.11111512983773209,-0.11108710509606322
1444,3.90625,-0.1111147709932436,4.433585398307268e-9,6.658517401274302e-5,7.403922843341278e-5,0.1111147709932436,-0.11108709229538846
1445,9.765625,-0.11111281923827863,3.057388648202959e-9,5.529365830005245e-5,7.328589431991236e-5,0.11111281923827863,-0.11108706935222024
1446,3.90625,-0.11111165821172486,2.845436635719509e-9,5.3342634315522036e-5,8.115693395912314e-5,0.11111165821172486,-0.11108706559718673
1447,1.5625,-0.11111072916427026,2.8089213646896886e-9,5.2999258152258026e-5,8.295335761180099e-5,0.11111072916427026,-0.111087068229275
1448,0.625,-0.11110987194465603,2.8694188208224557e-9,5.356695642672314e-5,8.272606407190359e-5,0.11110987194465603,-0.11108707327776154
1449,0.25,-0.11110903915641947,3.0128659129780433e-9,5.488957927492288e-5,8.226449624746343e-5,0.11110903915641947,-0.11108707927390385
1450,0.1,-0.11110821492368718,3.2363233685070823e-9,5.6888692800125775e-5,8.191989259430444e-5,0.11110821492368718,-0.11108708565001735
1451,0.1,-0.1111073976165134,3.5350382547436327e-9,5.945618769096815e-5,8.170026665532034e-5,0.1111073976165134,-0.11108709195202668
1452,0.1,-0.11110658905232836,3.903709195863031e-9,6.247967026051779e-5,8.143641098842116e-5,0.11110658905232836,-0.11108709816626844
1453,0.1,-0.11110579102761726,4.336357064514115e-9,6.585102174237022e-5,8.113072889654221e-5,0.11110579102761726,-0.11108710428021261
1454,0.25,-0.1111050315454709,4.79553621455742e-9,6.924981021315091e-5,8.078779231930992e-5,0.1111050315454709,-0.11108710949538016
1455,0.625,-0.11110438556405408,5.177424307230503e-9,7.195432097678708e-5,7.993184677997928e-5,0.11110438556405408,-0.1110871123343387
1456,1.5625,-0.11110405938707443,5.215844133854473e-9,7.222080125458643e-5,7.787183228311314e-5,0.11110405938707443,-0.111087109515464
1457,3.90625,-0.11110457396100261,4.449149875724656e-9,6.670194806544001e-5,7.408456331909838e-5,0.11110457396100261,-0.11108709661850594
1458,9.765625,-0.11110695855835435,3.0458126064172013e-9,5.51888811846843e-5,7.315060315107543e-5,0.11110695855835435,-0.11108707374626976
1459,3.90625,-0.1111082852021057,2.829101991915893e-9,5.3189303359941586e-5,8.105650962631427e-5,0.1111082852021057,-0.11108707005206706
1460,1.5625,-0.11110934034030223,2.7924735974586454e-9,5.284386054650668e-5,8.286278835910487e-5,0.11110934034030223,-0.11108707269790012
1461,0.625,-0.11111031264059783,2.8552079387769246e-9,5.343414581311209e-5,8.261367407728816e-5,0.11111031264059783,-0.11108707773726223
1462,0.25,-0.11111125687701921,3.0027025318054965e-9,5.479692082412566e-5,8.212975256478866e-5,0.11111125687701921,-0.11108708371422865
1463,0.1,-0.11111219126502725,3.231816198772535e-9,5.684906506506976e-5,8.176782944824073e-5,0.11111219126502725,-0.1110870900665582
1464,0.1,-0.11111311691714953,3.5376457131411743e-9,5.9478111210269396e-5,8.153502291564293e-5,0.11111311691714953,-0.11108709634177104
1465,0.1,-0.11111403172207662,3.9147199099462445e-9,6.256772258877771e-5,8.125750411722293e-5,0.11111403172207662,-0.11108710252603897
1466,0.1,-0.1111149335983348,4.356885893567694e-9,6.60067109737161e-5,8.093775477313313e-5,0.1111149335983348,-0.11108710860670129
1467,0.25,-0.11111578828694627,4.82618646802146e-9,6.947075980598931e-5,8.058077049813614e-5,0.11111578828694627,-0.11108711377914171
1468,0.625,-0.11111650546185409,5.217451122777711e-9,7.22319259246056e-5,7.970045646227275e-5,0.11111650546185409,-0.11108711655013138
1469,1.5625,-0.11111683901085309,5.260819034136086e-9,7.25315037355223e-5,7.759001779098823e-5,0.11111683901085309,-0.11108711360133437
1470,3.90625,-0.11111617844493966,4.486106916128653e-9,6.69784063421089e-5,7.37047444868921e-5,0.11111617844493966,-0.11108710047484527
1471,9.765625,-0.1111133734632678,3.0542448542873854e-9,5.526522282853282e-5,7.272011033005707e-5,0.1111133734632678,-0.11108707746214046
1472,3.90625,-0.11111189301142602,2.8286060109804084e-9,5.318464074317329e-5,8.092193063634336e-5,0.11111189301142602,-0.1110870737729782
1473,1.5625,-0.11111072278885617,2.7882157757529155e-9,5.280355836260389e-5,8.284685387171238e-5,0.11111072278885617,-0.1110870764288046
1474,0.625,-0.11110964605196516,2.850154248900035e-9,5.3386835913922025e-5,8.262767914838913e-5,0.11110964605196516,-0.11108708147365591
1475,0.25,-0.1111086007693054,2.999427006369045e-9,5.476702480844696e-5,8.215148864057792e-5,0.1111086007693054,-0.11108708745369943
1476,0.1,-0.11110756642161161,3.2328687686588626e-9,5.6858321894502505e-5,8.179401940958334e-5,0.11110756642161161,-0.1110870938087921
1477,0.1,-0.11110654243318134,3.5455645412562585e-9,5.954464326248213e-5,8.156640161947003e-5,0.11110654243318134,-0.11108710008671933
1478,0.1,-0.11110553121824086,3.931995729559556e-9,6.270562757488003e-5,8.129200735837059e-5,0.11110553121824086,-0.11108710627305897
1479,0.1,-0.11110453515421302,4.3859291561049065e-9,6.622634789949471e-5,8.097334154341523e-5,0.11110453515421302,-0.11108711235457502
1480,0.25,-0.11110359481996673,4.86856482076712e-9,6.977510172523663e-5,8.061518659843671e-5,0.11110359481996673,-0.11108711751780347
1481,0.625,-0.11110281608972618,5.2720560531854226e-9,7.260892543747926e-5,7.971664610866106e-5,0.11110281608972618,-0.11108712024711459
1482,1.5625,-0.11110248534437384,5.319032934132281e-9,7.293170047470634e-5,7.754497389026452e-5,0.11110248534437384,-0.11108711717680224
1483,3.90625,-0.11110330326432427,4.524131995568366e-9,6.72616680998053e-5,7.352227613247628e-5,0.11110330326432427,-0.1110871038387263
1484,9.765625,-0.11110653896038236,3.045125735346017e-9,5.518265792208651e-5,7.247238829284779e-5,0.11110653896038236,-0.11108708091952366
1485,3.90625,-0.11110817813002104,2.808259659482324e-9,5.299301519523421e-5,8.108525802227968e-5,0.11110817813002104,-0.11108707737439812
1486,1.5625,-0.11110946737639353,2.7635835214378836e-9,5.256979666536559e-5,8.313984300426086e-5,0.11110946737639353,-0.11108708012715218
1487,0.625,-0.11111065213776626,2.825040174094363e-9,5.3151106988419e-5,8.294083726977295e-5,0.11111065213776626,-0.11108708524129816
1488,0.25,-0.11111180181256257,2.9769978371552736e-9,5.456187164270736e-5,8.246018670877174e-5,0.11111180181256257,-0.11108709127776746
1489,0.1,-0.11111293924380067,3.2161243821988098e-9,5.6710884159910695e-5,8.209565547420232e-5,0.11111293924380067,-0.11108709768378949
1490,0.1,-0.11111406440087808,3.5373674644314928e-9,5.947577207932229e-5,8.186268933707276e-5,0.11111406440087808,-0.11108710401045346
1491,0.1,-0.11111517457580876,3.935031614446265e-9,6.272983033968978e-5,8.158154745299477e-5,0.11111517457580876,-0.11108711024283394
1492,0.1,-0.11111626710696854,4.4026867741090856e-9,6.63527450382355e-5,8.125478830767099e-5,0.11111626710696854,-0.11108711636722751
1493,0.25,-0.1111172949508256,4.900553576586784e-9,7.000395400680438e-5,8.088738110821396e-5,0.1111172949508256,-0.11108712156276034
1494,0.625,-0.11111813644758399,5.317973289660684e-9,7.292443547714775e-5,7.996453945259023e-5,0.11111813644758399,-0.11108712429247079
1495,1.5625,-0.11111846438219969,5.3699517342072e-9,7.327995451832105e-5,7.77297905496297e-5,0.11111846438219969,-0.11108712114546127
1496,3.90625,-0.11111748603869616,4.555593857580724e-9,6.749513951078792e-5,7.35706320611617e-5,0.11111748603869616,-0.11108710764888167
1497,9.765625,-0.11111380560537007,3.028259750637976e-9,5.502962611755577e-5,7.242658276643916e-5,0.11111380560537007,-0.11108708491443749
1498,3.90625,-0.11111199270171676,2.7813632958267835e-9,5.273863191083727e-5,8.134259445221622e-5,0.11111199270171676,-0.11108708154991218
1499,1.5625,-0.11111057052775052,2.7345638835778333e-9,5.229305769963957e-5,8.347819883749946e-5,0.11111057052775052,-0.11108708441163417
1500,0.625,-0.11110926412367504,2.7982924909732843e-9,5.289888931701009e-5,8.327330850397496e-5,0.11110926412367504,-0.11108708959833816
1501,0.25,-0.11110799639277794,2.9562198767294567e-9,5.4371130912732144e-5,8.277387969856905e-5,0.11110799639277794,-0.11108709569147171
1502,0.1,-0.11110674203900127,3.204848879981091e-9,5.661138472057622e-5,8.239392877205182e-5,0.11110674203900127,-0.11108710214754007
1503,0.1,-0.11110550165097914,3.5389756642054357e-9,5.948929033200376e-5,8.215015704335795e-5,0.11110550165097914,-0.11108710852066508
1504,0.1,-0.11110427826198922,3.9527014190625185e-9,6.287051311276629e-5,8.185649530222608e-5,0.11110427826198922,-0.11108711479532252
1505,0.1,-0.11110307485225564,4.439361659226472e-9,6.66285348722788e-5,8.151556599334211e-5,0.11110307485225564,-0.11108712095725483
1506,0.25,-0.11110194518442335,4.957891193725855e-9,7.04122943364712e-5,8.113253324429919e-5,0.11110194518442335,-0.11108712617348668
1507,0.625,-0.11110102749044723,5.3939024858622555e-9,7.344319223632818e-5,8.017317500118233e-5,0.11110102749044723,-0.11108712887540069
1508,1.5625,-0.1111006920124427,5.452418594720373e-9,7.384049427462124e-5,7.784961635177576e-5,0.1111006920124427,-0.11108712558439818
1509,3.90625,-0.11110182835096089,4.613428279178987e-9,6.792222227797752e-5,7.350967119811993e-5,0.11110182835096089,-0.11108711179786579
1510,9.765625,-0.11110596316227815,3.0292849923194697e-9,5.5038940690382744e-5,7.226051015020575e-5,0.11110596316227815,-0.11108708905780883
1511,3.90625,-0.11110794485035773,2.771711489361942e-9,5.264704634983754e-5,8.149819753970653e-5,0.11110794485035773,-0.11108708578958573
1512,1.5625,-0.11110949388038487,2.7226763602817765e-9,5.2179271365953135e-5,8.372892060159772e-5,0.11110949388038487,-0.11108708871756291
1513,0.625,-0.11111091543081192,2.788871852246909e-9,5.2809770424107216e-5,8.352810644462088e-5,0.11111091543081192,-0.11108709395161487
1514,0.25,-0.11111229440758826,2.953282532086333e-9,5.434411221177813e-5,8.301923972750246e-5,0.11111229440758826,-0.11108710008425517
1515,0.1,-0.11111365858081235,3.2122878720264255e-9,5.667704890011852e-5,8.263330272756085e-5,0.11111365858081235,-0.11108710657750444
1516,0.1,-0.11111500683273905,3.5605368470059855e-9,5.9670234179245395e-5,8.238817591146249e-5,0.11111500683273905,-0.11108711298571008
1517,0.1,-0.1111163358257138,3.9919426441782766e-9,6.318182210239173e-5,8.209066870239967e-5,0.1111163358257138,-0.11108711929257176
1518,0.1,-0.11111764228531246,4.499617142168731e-9,6.707918561050612e-5,8.174348720422357e-5,0.11111764228531246,-0.111087125483103
1519,0.25,-0.11111886592655941,5.041009688737555e-9,7.100006823051338e-5,8.13517980441245e-5,0.11111886592655941,-0.11108713070783695
1520,0.625,-0.11111985250044962,5.497422971344708e-9,7.414460851164236e-5,8.03587417359536e-5,0.11111985250044962,-0.11108713335849027
1521,1.5625,-0.11112019024435839,5.562279541385278e-9,7.45806914783262e-5,7.793845245715235e-5,0.11112019024435839,-0.11108712987122571
1522,3.90625,-0.11111889577635793,4.692768738732673e-9,6.850378630946375e-5,7.338566658591143e-5,0.11111889577635793,-0.11108711569604335
1523,9.765625,-0.11111431292004245,3.0376439596066923e-9,5.511482522522132e-5,7.200281430058225e-5,0.11111431292004245,-0.11108709288510976
1524,3.90625,-0.11111215983825104,2.764703035425045e-9,5.2580443469269493e-5,8.172509475180313e-5,0.11111215983825104,-0.11108708973154267
1525,1.5625,-0.11111048126920571,2.710874298654657e-9,5.206605706844582e-5,8.410358795183215e-5,0.11111048126920571,-0.111087092752738
1526,0.625,-0.11110894171436878,2.778093200296279e-9,5.270761994528191e-5,8.391499705298746e-5,0.11110894171436878,-0.1110870980597935
1527,0.25,-0.11110744836960654,2.9484196666131582e-9,5.429935235905819e-5,8.339208394633523e-5,0.11110744836960654,-0.11108710425523183
1528,0.1,-0.11110597095044776,3.2180289387001896e-9,5.6727673482174374e-5,8.299249131794773e-5,0.11110597095044776,-0.11108711080692987
1529,0.1,-0.1111045111683538,3.5813590244495463e-9,5.984445692334041e-5,8.273809839290074e-5,0.1111045111683538,-0.1110871172698571
1530,0.1,-0.11110307269778626,4.032060868115291e-9,6.349851075509796e-5,8.242907189689192e-5,0.11110307269778626,-0.11108712362691787
1531,0.1,-0.11110165914343291,4.562941973627817e-9,6.754955198687713e-5,8.206817205955634e-5,0.11110165914343291,-0.11108712986238413
1532,0.25,-0.11110033775476254,5.129622246536628e-9,7.162138121075736e-5,8.166075793006783e-5,0.11110033775476254,-0.11108713510913833
1533,0.625,-0.11109927994835066,5.608125781761263e-9,7.488742071777651e-5,8.062600633764415e-5,0.11109927994835066,-0.1110871377161919
1534,1.5625,-0.11109894205863234,5.677859063173217e-9,7.535156974591317e-5,7.809932197069174e-5,0.11109894205863234,-0.11108713403174707
1535,3.90625,-0.11110040783905607,4.769854795051858e-9,6.906413537467806e-5,7.333208495349486e-5,0.11110040783905607,-0.11108711948558864
1536,9.765625,-0.1111054690758092,3.0346860688657324e-9,5.508798479583122e-5,7.187510799601499e-5,0.1111054690758092,-0.11108709675699396
1537,3.90625,-0.11110780462627327,2.7464107180328517e-9,5.240620877370211e-5,8.212444654508338e-5,0.11110780462627327,-0.11108709379318724
1538,1.5625,-0.11110962160701039,2.6885638668267165e-9,5.1851363210881126e-5,8.463990212513942e-5,0.11110962160701039,-0.11108709695109233
1539,0.625,-0.11111128723515118,2.7580142919543175e-9,5.2516800092487716e-5,8.445457100969167e-5,0.11111128723515118,-0.11108710236248259
1540,0.25,-0.11111290252213091,2.9358379833117877e-9,5.4183373679679525e-5,8.391247691506878e-5,0.11111290252213091,-0.11108710864741342
1541,0.1,-0.11111450035187065,3.217966881644262e-9,5.6727126506145736e-5,8.34961547920703e-5,0.11111450035187065,-0.11108711528245849
1542,0.1,-0.11111607843723587,3.598569232933337e-9,5.998807575621456e-5,8.323029265814175e-5,0.11111607843723587,-0.11108712182432734
1543,0.1,-0.11111763278443483,4.070974238088207e-9,6.380418668150396e-5,8.29073260846288e-5,0.11111763278443483,-0.11108712825505432
1544,0.1,-0.11111915948037493,4.627629976027136e-9,6.802668576394955e-5,8.253014319947381e-5,0.11111915948037493,-0.11108713455811443
1545,0.25,-0.11112058437151534,5.222204204006708e-9,7.226481996107586e-5,8.21043696308933e-5,0.11112058437151534,-0.11108713984771869
1546,0.625,-0.11112171910310513,5.7252494586400124e-9,7.56653782032444e-5,8.102403057580875e-5,0.11112171910310513,-0.11108714242697268
1547,1.5625,-0.11112206340478777,5.801762152011601e-9,7.616929927478395e-5,7.83835851687154e-5,0.11112206340478777,-0.1110871385477539
1548,3.90625,-0.11112043396580368,4.855369884301546e-9,6.968048424273145e-5,7.338199861416992e-5,0.11112043396580368,-0.11108712360406896
1549,9.765625,-0.11111489916941314,3.0356348265150873e-9,5.5096595416732306e-5,7.181067391579199e-5,0.11111489916941314,-0.11108710091958515
1550,3.90625,-0.11111237999162604,2.7310594641302046e-9,5.225953945577979e-5,8.257769566948722e-5,0.11111237999162604,-0.11108709814415635
1551,1.5625,-0.11111042360084025,2.6696312392694524e-9,5.1668474326899305e-5,8.523459488871903e-5,0.11111042360084025,-0.11108710144251507
1552,0.625,-0.11110863078984806,2.7426886378584897e-9,5.237068490919791e-5,8.505475753180492e-5,0.11110863078984806,-0.11108710696423778
1553,0.25,-0.111106892163402,2.9303256309709052e-9,5.413248221697307e-5,8.449756305998724e-5,0.111106892163402,-0.11108711334662227
1554,0.1,-0.11110517215863225,3.2283329221490574e-9,5.681842062350077e-5,8.407074967287518e-5,0.11110517215863225,-0.11108712007488634
1555,0.1,-0.11110347363561339,3.6306823334703837e-9,6.025514362666795e-5,8.380104748162858e-5,0.11110347363561339,-0.11108712670626988
1556,0.1,-0.11110180094669864,4.130434171678194e-9,6.42684539387575e-5,8.347078165616403e-5,0.11110180094669864,-0.11108713322162907
1557,0.1,-0.11110015835716545,4.719704404568332e-9,6.870010483666187e-5,8.308290181161104e-5,0.11110015835716545,-0.11108713960332248
1558,0.25,-0.11109862728421295,5.3497340899940175e-9,7.314187644567248e-5,8.264297807180794e-5,0.11109862728421295,-0.1110871449401935
1559,0.625,-0.11109741405787138,5.883952857235177e-9,7.670692835223673e-5,8.151197190131241e-5,0.11109741405787138,-0.11108714747439573
1560,1.5625,-0.11109706570098875,5.968373103819931e-9,7.725524644850945e-5,7.872931651189799e-5,0.11109706570098875,-0.11108714333007799
1561,3.90625,-0.11109887101722675,4.971412039754488e-9,7.050824093504594e-5,7.342266687577016e-5,0.11109887101722675,-0.111087127849373
1562,9.765625,-0.1111049049773334,3.0462448677122786e-9,5.519279724486048e-5,7.168081514503539e-5,0.1111049049773334,-0.1110871051233737
1563,3.90625,-0.11110761400491681,2.7228446634882274e-9,5.2180884081129056e-5,8.30223557637054e-5,0.11110761400491681,-0.11108710251772466
1564,1.5625,-0.11110971380400202,2.6570667889706417e-9,5.1546743728102186e-5,8.582297353748853e-5,0.11110971380400202,-0.11108710594999283
1565,0.625,-0.11111163698303038,2.7336277669078926e-9,5.228410625522724e-5,8.563540594487518e-5,0.11111163698303038,-0.1110871115777085
1566,0.25,-0.11111350158412377,2.931317405310796e-9,5.414164206330277e-5,8.504800387457665e-5,0.11111350158412377,-0.11108711805253808
1567,0.1,-0.11111534590783657,3.2455796903647423e-9,5.696998938357583e-5,8.459623685214651e-5,0.11111534590783657,-0.1110871248673914
1568,0.1,-0.11111716650716258,3.6699945335060933e-9,6.058047980584252e-5,8.430915459107979e-5,0.11111716650716258,-0.11108713157926771
1569,0.1,-0.11111895869791544,4.197179174164821e-9,6.478564018488064e-5,8.395881858112804e-5,0.11111895869791544,-0.11108713816803155
1570,0.1,-0.11112071789491844,4.818763306875513e-9,6.941731273159105e-5,8.354832034695574e-5,0.11112071789491844,-0.11108714461514442
1571,0.25,-0.11112235549259122,5.483430021869524e-9,7.405018583278183e-5,8.308369059199055e-5,0.11112235549259122,-0.11108714998353622
1572,0.625,-0.11112364752043076,6.04754372211743e-9,7.776595477532202e-5,8.189489195673651e-5,0.11112364752043076,-0.1110871524547317
1573,1.5625,-0.11112400117093481,6.138692046434006e-9,7.834980565664478e-5,7.897188969523747e-5,0.11112400117093481,-0.11108714802661665
1574,3.90625,-0.11112202365686685,5.0908483899024e-9,7.13501814286579e-5,7.33824192353508e-5,0.11112202365686685,-0.11108713198981619
1575,9.765625,-0.11111549244114918,3.057960130381437e-9,5.5298825759517146e-5,7.153744849758482e-5,0.11111549244114918,-0.111087109222361
1576,3.90625,-0.11111258754310605,2.713371916118824e-9,5.209003663003918e-5,8.357612609306882e-5,0.11111258754310605,-0.11108710681693873
1577,1.5625,-0.11111033845180857,2.6421629120636645e-9,5.1401973814861084e-5,8.656275925118379e-5,0.11111033845180857,-0.11108711041429624
1578,0.625,-0.11110827886572762,2.7221614153582476e-9,5.21743367505352e-5,8.63853652455797e-5,0.11110827886572762,-0.11108711617820448
1579,0.25,-0.11110628188529365,2.9309101517728737e-9,5.413788093168104e-5,8.577882837428683e-5,0.11110628188529365,-0.11108712277581005
1580,0.1,-0.11110430637522269,3.2636442200525006e-9,5.7128313646146604e-5,8.531153860594574e-5,0.11110430637522269,-0.11108712970859078
1581,0.1,-0.11110235638374888,3.713658555479676e-9,6.093979451458362e-5,8.50161522099066e-5,0.11110235638374888,-0.11108713653328525
1582,0.1,-0.11110043697812916,4.273204211936275e-9,6.536974997608814e-5,8.465358160124888e-5,0.11110043697812916,-0.11108714322836455
1583,0.1,-0.11109855312050827,4.933470055895073e-9,7.023866496378667e-5,8.422700906655749e-5,0.11109855312050827,-0.11108714977398129
1584,0.25,-0.11109680111649033,5.640106232169328e-9,7.510064069080455e-5,8.374248544508682e-5,0.11109680111649033,-0.11108715520220032
1585,0.625,-0.11109542401726616,6.240686401165728e-9,7.899801517231764e-5,8.249212274241959e-5,0.11109542401726616,-0.11108715762143936
1586,1.5625,-0.11109506429324222,6.339558783266024e-9,7.962134627890955e-5,7.940343144247117e-5,0.11109506429324222,-0.11108715287856959
1587,3.90625,-0.1110972268407054,5.228198709516053e-9,7.230628402508356e-5,7.346812457848313e-5,0.1110972268407054,-0.11108713621577296
1588,9.765625,-0.11110428656359356,3.0673504123772696e-9,5.5383665573680386e-5,7.148018363556568e-5,0.11110428656359356,-0.11108711346247574
1589,3.90625,-0.11110739201135118,2.700285572939284e-9,5.196427208129913e-5,8.424682378483239e-5,0.11110739201135118,-0.11108711129838549
1590,1.5625,-0.11110979247311134,2.6240620822091764e-9,5.122559987163817e-5,8.740934693613244e-5,0.11110979247311134,-0.11108711508651425
1591,0.625,-0.11111198957921706,2.7086759713515844e-9,5.204494184213855e-5,8.722993456478465e-5,0.11111198957921706,-0.11108712100563581
1592,0.25,-0.11111411938016351,2.930199285706766e-9,5.413131520392578e-5,8.659543693832801e-5,0.11111411938016351,-0.11108712774221623
1593,0.1,-0.11111622590862551,3.283532218564305e-9,5.730211356105728e-5,8.610628010321449e-5,0.11111622590862551,-0.11108713480776963
1594,0.1,-0.11111830451306969,3.761549404024659e-9,6.133147156252374e-5,8.579765138915718e-5,0.11111830451306969,-0.11108714175890143
1595,0.1,-0.11112034977985702,4.356010869439682e-9,6.600008234418864e-5,8.541814203194988e-5,0.11112034977985702,-0.1110871485727106
1596,0.1,-0.11112235641361938,5.0575530509355375e-9,7.111647524262953e-5,8.49710869473202e-5,0.11112235641361938,-0.1110871552280867
1597,0.25,-0.11112422058044298,5.808597944977594e-9,7.621415842858592e-5,8.446284744039067e-5,0.11112422058044298,-0.11108716072416903
1598,0.625,-0.11112568075241257,6.4476753477212894e-9,8.029741806385364e-5,8.314729052876964e-5,0.11112568075241257,-0.11108716309186113
1599,1.5625,-0.11112604647176436,6.555454705238196e-9,8.096576254959992e-5,7.98889808848133e-5,0.11112604647176436,-0.1110871580163059
1600,3.90625,-0.11112370353379887,5.379338931605681e-9,7.334397679159264e-5,7.359535848490061e-5,0.11112370353379887,-0.11108714067257615
1601,9.765625,-0.11111611967450047,3.082436194566039e-9,5.551969195309029e-5,7.143153429585852e-5,0.11111611967450047,-0.1110871178771846
1602,3.90625,-0.11111280429195039,2.6900535577974653e-9,5.18657262341661e-5,8.496909792080153e-5,0.11111280429195039,-0.11108711596118502
1603,1.5625,-0.11111024333544445,2.6081393996478947e-9,5.1069946148864254e-5,8.832212026250498e-5,0.11111024333544445,-0.11108711995187233
1604,0.625,-0.11110789942335113,2.6979878239098415e-9,5.1942158444849416e-5,8.813813153830668e-5,0.11110789942335113,-0.11108712603738063
1605,0.25,-0.11110562706829184,2.934055367857828e-9,5.416692134372996e-5,8.747027761701602e-5,0.11110562706829184,-0.11108713292330881
1606,0.1,-0.1111033792115757,3.3109222099016624e-9,5.754061356904063e-5,8.69547042698032e-5,0.1111033792115757,-0.11108714013152007
1607,0.1,-0.11110116112727834,3.821050624610415e-9,6.181464733063204e-5,8.662952397994967e-5,0.11110116112727834,-0.11108714721776838
1608,0.1,-0.11109897864087474,4.455695200936599e-9,6.675099400710523e-5,8.622929470731816e-5,0.11109897864087474,-0.11108715415757497
1609,0.1,-0.11109683745379928,5.2049021249907885e-9,7.214500762347169e-5,8.575744985873476e-5,0.11109683745379928,-0.11108716092835864
1610,0.25,-0.11109484959023469,6.007326412327237e-9,7.75069442845429e-5,8.522056622340276e-5,0.11109484959023469,-0.11108716649057408
1611,0.625,-0.11109329691371572,6.690717727916736e-9,8.179680756555684e-5,8.382790963174869e-5,0.11109329691371572,-0.11108716878463024
1612,1.5625,-0.11109292286813674,6.807444445244736e-9,8.250723874451705e-5,8.037114623163255e-5,0.11109292286813674,-0.11108716330891119
1613,3.90625,-0.11109546140438355,5.553646364636315e-9,7.452279090745539e-5,7.366910142256127e-5,0.11109546140438355,-0.11108714517249693
1614,9.765625,-0.11110360804809558,3.102249781209842e-9,5.569784359568907e-5,7.135383038811906e-5,0.11110360804809558,-0.11108712231234918
1615,3.90625,-0.11110713755362131,2.683160689456885e-9,5.1799234448559995e-5,8.574498561080601e-5,0.11110713755362131,-0.11108712064766181
1616,1.5625,-0.11110986022011358,2.5954607201978024e-9,5.094566439058188e-5,8.929743066006761e-5,0.11110986022011358,-0.11108712484895589
1617,0.625,-0.11111235103254283,2.691077485975412e-9,5.1875596246938806e-5,8.910969875088176e-5,0.11111235103254283,-0.11108713111082597
1618,0.25,-0.1111147652265618,2.942723397361233e-9,5.4246874540025184e-5,8.840937492116047e-5,0.1111147652265618,-0.11108713815718803
1619,0.1,-0.11111715294831033,3.344589963667941e-9,5.783243003426314e-5,8.786883732645124e-5,0.11111715294831033,-0.11108714551993444
1620,0.1,-0.11111950830863898,3.888627865739577e-9,6.235886356998158e-5,8.7528804974551e-5,0.11111950830863898,-0.11108715275319661
1621,0.1,-0.11112182511812575,4.5655001265008084e-9,6.75684847136652e-5,8.710926841585387e-5,0.11112182511812575,-0.1110871598308188
1622,0.1,-0.11112409732588559,5.364585657992692e-9,7.324333183295727e-5,8.661384861435449e-5,0.11112409732588559,-0.11108716672867683
1623,0.25,-0.1111262049920641,6.2205785873415356e-9,7.887064464895375e-5,8.604943814879862e-5,0.1111262049920641,-0.11108717236597485
1624,0.625,-0.11112784681386595,6.950152218610664e-9,8.336757294422493e-5,8.458022387833492e-5,0.11112784681386595,-0.11108717458749612
1625,1.5625,-0.1111282288296134,7.0767430116846725e-9,8.412337969723205e-5,8.09232660112833e-5,0.1111282288296134,-0.11108716869260853
1626,3.90625,-0.11112550178690203,5.74295939802363e-9,7.578231586606224e-5,7.379658697529499e-5,0.11112550178690203,-0.11108714970598618
1627,9.765625,-0.11111680280183847,3.125838597976122e-9,5.5909199582681575e-5,7.129423225185304e-5,0.11111680280183847,-0.11108712675250117
1628,3.90625,-0.11111305131201574,2.675730345130581e-9,5.172746219495579e-5,8.66425592930948e-5,0.11111305131201574,-0.11108712537696318
1629,1.5625,-0.11111015904575193,2.5807050713014447e-9,5.0800640461528086e-5,9.043134079761792e-5,0.11111015904575193,-0.11108712982604718
1630,0.625,-0.11110751312414292,2.6822502935050754e-9,5.179044596742796e-5,9.024714553073128e-5,0.11110751312414292,-0.11108713629755852
1631,0.25,-0.11110494828442966,2.951181141680554e-9,5.432477465835044e-5,8.951453716802219e-5,0.11110494828442966,-0.11108714353550046
1632,0.1,-0.11110241116104762,3.381350090274258e-9,5.814937738509551e-5,8.894858067725055e-5,0.11110241116104762,-0.11108715108316325
1633,0.1,-0.11109990830187692,3.964239610423516e-9,6.29622077950219e-5,8.859397473635817e-5,0.11109990830187692,-0.11108715849301723
1634,0.1,-0.11109744633880882,4.6899304175336195e-9,6.848306664814026e-5,8.815477237597309e-5,0.11109744633880882,-0.11108716573691274
1635,0.1,-0.11109503175977566,5.547111445215864e-9,7.447893289525478e-5,8.763468891092506e-5,0.11109503175977566,-0.11108717278885938
1636,0.25,-0.11109279323814615,6.4658431725874995e-9,8.041046680990914e-5,8.70407368891413e-5,0.11109279323814615,-0.11108717852034762
1637,0.625,-0.1110910537861137,7.249470671418203e-9,8.514382344843461e-5,8.548477228929067e-5,0.1110910537861137,-0.11108718066488873
1638,1.5625,-0.11109066396941063,7.386397218855114e-9,8.594415174318212e-5,8.159676385374575e-5,0.11109066396941063,-0.11108717429280429
1639,3.90625,-0.11109360105273362,5.9559355927432006e-9,7.717470824527424e-5,7.39830861817982e-5,0.11109360105273362,-0.11108715435220223
1640,9.765625,-0.11110290285739677,3.148374717191474e-9,5.611037976338668e-5,7.1288597417282e-5,0.11110290285739677,-0.11108713135382363
1641,3.90625,-0.11110688587392493,2.6659488150791546e-9,5.163282691349714e-5,8.763397357558433e-5,0.11110688587392493,-0.11108713030236284
1642,1.5625,-0.11110995347915857,2.56416695120807e-9,5.063760412191783e-5,9.164043356175819e-5,0.11110995347915857,-0.11108713501961505
1643,0.625,-0.11111275881091072,2.6729861035504303e-9,5.170092942636941e-5,9.144201859513907e-5,0.11111275881091072,-0.11108714171470759
1644,0.25,-0.11111547757669714,2.9610331023589824e-9,5.441537560615549e-5,9.066397497578908e-5,0.11111547757669714,-0.11108714915509224
1645,0.1,-0.11111816644979121,3.421626708680016e-9,5.849467248117572e-5,9.006221415648053e-5,0.11111816644979121,-0.11108715689666053
1646,0.1,-0.1111208182403518,4.045571914216076e-9,6.360481046443009e-5,8.968404453257829e-5,0.1111208182403518,-0.11108716449012389
1647,0.1,-0.11112342593181097,4.822179215253099e-9,6.944191252588813e-5,8.921657443079637e-5,0.11112342593181097,-0.11108717190542193
1648,0.1,-0.11112598266766033,5.739282690539573e-9,7.575805363484184e-5,8.866373094227496e-5,0.11112598266766033,-0.11108717911482277
1649,0.25,-0.11112835137356306,6.722139372480707e-9,8.198865392528839e-5,8.803305964424466e-5,0.11112835137356306,-0.11108718494040251
1650,0.625,-0.11113018840526682,7.560795849947334e-9,8.695283692868987e-5,8.638529301627035e-5,0.11113018840526682,-0.11108718700142454
1651,1.5625,-0.11113058954727158,7.709113567725619e-9,8.78015578889442e-5,8.226601100275772e-5,0.11113058954727158,-0.11108718013106401
1652,3.90625,-0.1111274547714765,6.18293047912487e-9,7.863161246677363e-5,7.416604373143854e-5,0.1111274547714765,-0.11108715917778132
1653,9.765625,-0.11111756598974493,3.1788132191590096e-9,5.6380965042813957e-5,7.127517136461512e-5,0.11111756598974493,-0.11108713605494319
1654,3.90625,-0.11111334537155232,2.6602544028556603e-9,5.157765410384288e-5,8.871190354964148e-5,0.11111334537155232,-0.11108713533835483
1655,1.5625,-0.11111009605963786,2.5504792875269206e-9,5.050227012250955e-5,9.297821347524577e-5,0.11111009605963786,-0.11108714034709391
1656,0.625,-0.11110712448366149,2.667131125500821e-9,5.164427485695603e-5,9.27824121973404e-5,0.11110712448366149,-0.11108714729178247
1657,0.25,-0.1111042442002507,2.976643016206268e-9,5.455861999910067e-5,9.196938986844536e-5,0.1111042442002507,-0.11108715496236558
1658,0.1,-0.11110139508189787,3.471981380140267e-9,5.8923521450608047e-5,9.134160951380288e-5,0.11110139508189787,-0.11108716292756945
1659,0.1,-0.11109858499922437,4.143420931703077e-9,6.43694099064383e-5,9.095011524462907e-5,0.11109858499922437,-0.1110871707352131
1660,0.1,-0.11109582144749604,4.979603481663099e-9,7.056630556903981e-5,9.046315619049896e-5,0.11109582144749604,-0.11108717835276108
1661,0.1,-0.11109311175699338,5.96755967293678e-9,7.724998170185401e-5,8.988476176668857e-5,0.11109311175699338,-0.11108718575015723
1662,0.25,-0.11109060233262232,7.026919603683109e-9,8.382672368453338e-5,8.922247266049861e-5,0.11109060233262232,-0.11108719169037018
1663,0.625,-0.11108866006176868,7.931486352920325e-9,8.905889261000456e-5,8.747543994040346e-5,0.11108866006176868,-0.11108719365557147
1664,1.5625,-0.11108824981184041,8.092393852372593e-9,8.99577336996247e-5,8.308520745025892e-5,0.11108824981184041,-0.11108718619616993
1665,3.90625,-0.11109160878347239,6.448427198869275e-9,8.030209959191152e-5,7.440165958301095e-5,0.11109160878347239,-0.11108716405830175
1666,9.765625,-0.11110214206493149,3.2130635909894653e-9,5.668389181230824e-5,7.126792869778528e-5,0.11110214206493149,-0.11108714081354298
1667,3.90625,-0.11110660946980708,2.6555210429314326e-9,5.1531747912635685e-5,8.987375798754579e-5,0.11110660946980708,-0.111087140459238
1668,1.5625,-0.11111004538747771,2.537546684050889e-9,5.037406757500221e-5,9.439047327393756e-5,0.11111004538747771,-0.11108714577950754
1669,0.625,-0.11111318646940764,2.662868497495899e-9,5.1602989230236454e-5,9.417913369774888e-5,0.11111318646940764,-0.11108715298878777
1670,0.25,-0.1111162303264997,2.995284555637272e-9,5.472919290138739e-5,9.331479956008337e-5,0.1111162303264997,-0.11108716090127817
1671,0.1,-0.11111924061936773,3.5271194987198523e-9,5.938955715207727e-5,9.26466389285998e-5,0.11111924061936773,-0.11108716909928551
1672,0.1,-0.11112220879652701,4.2478246640074895e-9,6.517533785111888e-5,9.222873873041278e-5,0.11112220879652701,-0.11108717712750033
1673,0.1,-0.11112512695802203,5.145111375586443e-9,7.172943172496519e-5,9.170999610587115e-5,0.11112512695802203,-0.11108718495109575
1674,0.1,-0.11112798738694685,6.204978523400592e-9,7.877168605152864e-5,9.109467125112764e-5,0.11112798738694685,-0.11108719253792575
1675,0.25,-0.11113063476089001,7.341236952842937e-9,8.568101862631499e-5,9.039092134920421e-5,0.11113063476089001,-0.1110871985906509
1676,0.625,-0.11113268031048688,8.311598215114454e-9,9.116796704497942e-5,8.853927055550034e-5,0.11113268031048688,-0.11108720045298258
1677,1.5625,-0.1111331022548415,8.485442163782696e-9,9.21164597875032e-5,8.388341162751672e-5,0.1111331022548415,-0.11108719238836225
1678,3.90625,-0.11112953284069861,6.724986986207992e-9,8.200601798775498e-5,7.463335160281727e-5,0.11112953284069861,-0.11108716902239357
1679,9.765625,-0.11111837291520872,3.251945084936325e-9,5.702582822665818e-5,7.127320282464623e-5,0.11111837291520872,-0.11108714561517764
1680,24.4140625,-0.11110428857261237,2.901280382792411e-9,5.386353481523851e-5,9.095802934154625e-5,0.11110428857261237,-0.11108709601795348
1681,9.765625,-0.11110833145948117,2.547154207434376e-9,5.046933928073931e-5,7.309810519468584e-5,0.11110833145948117,-0.11108707787020033
1682,3.90625,-0.11111010458425348,2.518539566690816e-9,5.018505321996596e-5,7.601076551610335e-5,0.11111010458425348,-0.11108707402891259
1683,1.5625,-0.11111149559214703,2.5482443032158636e-9,5.0480137709953444e-5,7.575697777072158e-5,0.11111149559214703,-0.11108707578318577
1684,0.625,-0.11111277868530993,2.6160061606556968e-9,5.114690763531747e-5,7.515912503583554e-5,0.11111277868530993,-0.11108707977213372
1685,0.25,-0.11111402674784787,2.7187716258109602e-9,5.214184141177755e-5,7.473417914567939e-5,0.11111402674784787,-0.11108708466181103
1686,0.1,-0.11111526298038243,2.8560716532426193e-9,5.3442227248147316e-5,7.447831333793092e-5,0.11111526298038243,-0.11108708991657092
1687,0.1,-0.11111647787483758,3.024963583482779e-9,5.499966893975617e-5,7.432708368871252e-5,0.11111647787483758,-0.11108709512816002
1688,0.1,-0.1111176681852669,3.2227169349822523e-9,5.676897863254413e-5,7.41571704527341e-5,0.1111176681852669,-0.11108710029123643
1689,0.1,-0.11111883075164629,3.4463476550987763e-9,5.870560156491692e-5,7.396983382073592e-5,0.11111883075164629,-0.11108710540098637
1690,0.1,-0.11111996250810448,3.692652228285277e-9,6.076719697571443e-5,7.376655155852143e-5,0.11111996250810448,-0.11108711045317686
1691,0.25,-0.11112097811540028,3.936362366135431e-9,6.274043645158544e-5,7.355031738656333e-5,0.11112097811540028,-0.11108711481623237
1692,0.625,-0.11112167686194276,4.112797028134895e-9,6.413109252254242e-5,7.304369852567442e-5,0.11112167686194276,-0.11108711741490136
1693,1.5625,-0.11114863158012972,3.7764311885684754e-7,0.000614526743809289,9.80811285595122e-5,0.11114863158012972,-0.11110523494657101
1694,3.90625,-0.11111835121746835,7.152740865399395e-8,0.0002674460855088254,0.00018883005632287068,0.11111835121746835,-0.11110562360850933
1695,9.765625,-0.11110688822807667,1.4780642367607902e-8,0.0001215756651950048,0.00010911153046502022,0.11110688822807667,-0.11110594166537549
1696,24.4140625,-0.11110469638481829,7.706848439085017e-9,8.778865780432583e-5,0.00018069847614803398,0.11110469638481829,-0.11110582398232086
1697,9.765625,-0.11110589709723645,4.859624953376729e-9,6.971101027367721e-5,0.00016093708034761457,0.11110589709723645,-0.11110581473388817
1698,3.90625,-0.11110652619754167,3.376807768248386e-9,5.811030690203233e-5,0.00019259326453866023,0.11110652619754167,-0.11110584459970481
1699,1.5625,-0.11110715167677172,2.368980267657678e-9,4.867217138835782e-5,0.0002015666726844939,0.11110715167677172,-0.1111058837369905
1700,0.625,-0.11110776973634062,1.7530385655901095e-9,4.186930338075987e-5,0.0002030630788993986,0.11110776973634062,-0.11110592478899556
1701,0.25,-0.11110838349857112,1.5013738591007852e-9,3.874756584742821e-5,0.000202385761378561,0.11110838349857112,-0.11110596587606414
1702,0.1,-0.11110899481073616,1.602334094319775e-9,4.002916554613367e-5,0.00020120276302478627,0.11110899481073616,-0.11110600657368687
1703,0.1,-0.11110961300570317,2.045445953490336e-9,4.5226606698826476e-5,0.000199988299567476,0.11110961300570317,-0.11110604667945399
1704,0.1,-0.11111023836980517,2.82254286527517e-9,5.312760925615955e-5,0.00019875929521588384,0.11111023836980517,-0.11110608616056909
1705,0.1,-0.11111087114821756,3.9251095944392285e-9,6.265069508344842e-5,0.00019750933773511443,0.11111087114821756,-0.11110612498234064
1706,0.1,-0.11111151154344077,5.34427607782294e-9,7.31045557938966e-5,0.00019623300674379587,0.11111151154344077,-0.11110616310872426
1707,0.1,-0.11111215971389603,7.07081621290678e-9,8.408814549570457e-5,0.00019492574996432082,0.11111215971389603,-0.11110620050279958
1708,0.1,-0.11111281577265007,9.09515087517213e-9,9.536850043474591e-5,0.00019358377530806202,0.11111281577265007,-0.11110623712718835
1709,0.1,-0.11111347978628278,1.1407354531075256e-8,0.00010680521771465688,0.00019220395696286735,0.11111347978628278,-0.11110627294442497
1710,0.1,-0.11111415177390425,1.3997164893571985e-8,0.00011830961454409352,0.00019078375381120576,0.11111415177390425,-0.11110630791728246
1711,0.1,-0.11111483170633046,1.6853995139156173e-8,0.0001298229376464582,0.00018932113867191523,0.11111483170633046,-0.11110634200905976
1712,0.1,-0.1111155195054241,1.996694826893691e-8,0.00014130445240308922,0.00018781453701873185,0.1111155195054241,-0.11110637518383507
1713,0.1,-0.11111621504360848,2.3324833254019114e-8,0.0001527246975902035,0.00018626277398107219,0.11111621504360848,-0.1111064074066915
1714,0.25,-0.11111694343226654,2.6812667571435332e-8,0.00016374574062074206,0.0001846735269285396,0.11111694343226654,-0.1111064341062665
1715,0.625,-0.11111775110428072,3.015695519391028e-8,0.00017365758029498822,0.0001815402285988691,0.11111775110428072,-0.11110644607052554
1716,1.5625,-0.11111873242312963,3.2646459804540677e-8,0.0001806833135752737,0.0001743766871129849,0.11111873242312963,-0.11110641985821489
1717,3.90625,-0.11111999174624676,3.260618022333572e-8,0.00018057181458725976,0.00015747256467536368,0.11111999174624676,-0.11110630489854637
1718,9.765625,-0.11112109460279392,2.6939747950030404e-8,0.00016413332370372082,0.00012269178568131682,0.11112109460279392,-0.11110604034275016
1719,24.4140625,-0.11110842007123335,2.9203338955972758e-9,5.4040113763733654e-5,0.00011056511168150513,0.11110842007123335,-0.11110609875322791
1720,9.765625,-0.111107891778851,2.269845102761609e-9,4.764289141898935e-5,0.00010909084091189249,0.111107891778851,-0.1111060944151694
1721,3.90625,-0.11110746899103836,1.932754680359735e-9,4.3963105899830774e-5,9.998555250888969e-5,0.11110746899103836,-0.11110609724061889
1722,1.5625,-0.11110720047745415,1.785787260277108e-9,4.2258576174276246e-5,9.864104906748867e-5,0.11110720047745415,-0.11110610444037489
1723,0.625,-0.11110697221812274,1.778807832393979e-9,4.217591531186939e-5,9.747216889563174e-5,0.11110697221812274,-0.11110611296707622
1724,0.25,-0.11110675648664019,1.8974921762382154e-9,4.3560213225352966e-5,9.629938317501659e-5,0.11110675648664019,-0.11110612186436905
1725,0.1,-0.11110654482674374,2.1362306420491896e-9,4.6219375180211916e-5,9.527518959397532e-5,0.11110654482674374,-0.11110613081710168
1726,0.1,-0.11110634152863764,2.4808731999616814e-9,4.9808364758960735e-5,9.441631428483494e-5,0.11110634152863764,-0.1111061395513405
1727,0.1,-0.11110614784252106,2.92510343089815e-9,5.408422534249844e-5,9.35567744770211e-5,0.11110614784252106,-0.11110614806028211
1728,0.1,-0.11110596499422988,3.462448173907787e-9,5.884257110211778e-5,9.269200005516022e-5,0.11110596499422988,-0.11110615633678009
1729,0.1,-0.11110579418178744,4.08631105134708e-9,6.392426027219306e-5,9.181842245794522e-5,0.11110579418178744,-0.1111061643735941
1730,0.1,-0.1111056365719556,4.7900076025599355e-9,6.920988081596396e-5,9.093334584404758e-5,0.1111056365719556,-0.11110617216360008
1731,0.1,-0.11110549329677728,5.566801111295381e-9,7.461099859468027e-5,9.00348325993591e-5,0.11110549329677728,-0.11110617969996513
1732,0.25,-0.11110540497009465,6.342222408786547e-9,7.963807135275531e-5,8.912635791063363e-5,0.11110540497009465,-0.11110618590609395
1733,0.625,-0.1111054638328685,6.948505683556283e-9,8.33576972064145e-5,8.746555603650009e-5,0.1111054638328685,-0.11110618872297365
1734,1.5625,-0.11110590428866161,7.004932738836474e-9,8.369547621488555e-5,8.399635890870046e-5,0.11110590428866161,-0.1111061836492524
1735,3.90625,-0.11110725899228098,5.9143165787621966e-9,7.690459400297355e-5,7.742432250415856e-5,0.11110725899228098,-0.11110616470026731
1736,9.765625,-0.11111032428103451,3.6028626483447067e-9,6.002385066242174e-5,7.11689908973705e-5,0.11111032428103451,-0.11110613530900189
1737,24.4140625,-0.11111366713529432,1.6242275253794231e-9,4.030170623409663e-5,7.95499666889541e-5,0.11111366713529432,-0.11110611313086234
1738,9.765625,-0.11111160629162696,1.2073843604273368e-9,3.474743674614484e-5,9.587598442830499e-5,0.11111160629162696,-0.1111061140208336
1739,3.90625,-0.11111073471145276,9.9869596727076e-10,3.160215130763664e-5,9.88242108930555e-5,0.11111073471145276,-0.11110612055353264
1740,1.5625,-0.11110998909442343,9.268407682928144e-10,3.0444059655256465e-5,9.933663535982859e-5,0.11110998909442343,-0.11110612917880376
1741,0.625,-0.11110928096842895,9.670461846726029e-10,3.109736620153872e-5,9.869447946055228e-5,0.11110928096842895,-0.11110613838150697
1742,0.25,-0.11110858521770405,1.112301356059925e-9,3.335118222881949e-5,9.78989893963161e-5,0.11110858521770405,-0.1111061477273497
1743,0.1,-0.11110789364469037,1.3598608385812892e-9,3.687629100901132e-5,9.72191267340675e-5,0.11110789364469037,-0.11110615708357235
1744,0.1,-0.11110721013175932,1.7035536259072402e-9,4.127412780310736e-5,9.66720437339845e-5,0.11110721013175932,-0.11110616628535118
1745,0.1,-0.11110653586041479,2.1397364907614596e-9,4.6257285812739376e-5,9.609804857625897e-5,0.11110653586041479,-0.11110617531960874
1746,0.1,-0.11110587197594406,2.664596116244018e-9,5.1619726038056595e-5,9.549584657580655e-5,0.11110587197594406,-0.11110618417345802
1747,0.1,-0.11110521958496432,3.274162018999715e-9,5.722029376890436e-5,9.486452192641366e-5,0.11110521958496432,-0.11110619283430946
1748,0.1,-0.11110457975311433,3.9643202804722505e-9,6.296284841453928e-5,9.420349134315755e-5,0.11110457975311433,-0.11110620128996083
1749,0.1,-0.11110395350290299,4.730827821049159e-9,6.878101352153193e-5,9.351246396141788e-5,0.11110395350290299,-0.11110620952867895
1750,0.1,-0.11110334181172297,5.569326987061625e-9,7.462792364163446e-5,9.279140670817603e-5,0.11110334181172297,-0.11110621753926847
1751,0.25,-0.11110278600129225,6.434849094909729e-9,8.02175111488117e-5,9.204498117635014e-5,0.11110278600129225,-0.11110622421690466
1752,0.625,-0.11110237761580934,7.221344515677832e-9,8.497849443051949e-5,9.050707903477038e-5,0.11110237761580934,-0.1111062273442743
1753,1.5625,-0.11110234345229957,7.664954220902096e-9,8.754972427656237e-5,8.69610363259183e-5,0.11110234345229957,-0.11110622154115357
1754,3.90625,-0.11110317530423028,7.217378625997397e-9,8.495515655919538e-5,7.903873980700998e-5,0.11110317530423028,-0.11110619683977167
1755,9.765625,-0.11110554799134457,5.168124260146117e-9,7.188966726968569e-5,6.633284895236774e-5,0.11110554799134457,-0.11110614872304518
1756,24.4140625,-0.11110864968128754,1.9304509124044852e-9,4.393689693645291e-5,7.46938880729366e-5,0.11110864968128754,-0.11110612036739824
1757,9.765625,-0.11110922938451098,1.0978740110092624e-9,3.313418191247918e-5,0.00012426764823720752,0.11110922938451098,-0.1111061319623724
1758,3.90625,-0.11110964729191875,7.551364060713923e-10,2.7479745378576423e-5,0.0001366041241047719,0.11110964729191875,-0.11110614940196681
1759,1.5625,-0.11111006762638381,7.159291624388101e-10,2.6756852625800555e-5,0.00013784839561547147,0.11111006762638381,-0.11110616764191741
1760,0.625,-0.11111048662571382,9.361005660078572e-10,3.0595760588811274e-5,0.00013663912570319018,0.11111048662571382,-0.11110618577549335
1761,0.25,-0.11111090497821381,1.4035409988370992e-9,3.746386257231226e-5,0.0001352997236038705,0.11111090497821381,-0.11110620374797163
1762,0.1,-0.11111132307129301,2.1137030575126855e-9,4.597502645472524e-5,0.00013426117215478624,0.11111132307129301,-0.1111062216009416
1763,0.1,-0.11111173864160055,3.057618791538341e-9,5.529573936153075e-5,0.00013349489423601359,0.11111173864160055,-0.1111062391237838
1764,0.1,-0.11111215150371911,4.227681148884751e-9,6.50206209512394e-5,0.00013266707444497557,0.11111215150371911,-0.11110625628002012
1765,0.1,-0.11111256147767479,5.615745023863712e-9,7.493827475905562e-5,0.00013177639910076657,0.11111256147767479,-0.11110627303392194
1766,0.1,-0.11111296838876654,7.2131476256600894e-9,8.493025153418592e-5,0.00013082200621188165,0.11111296838876654,-0.11110628935072417
1767,0.1,-0.11111337206735437,9.010732196170274e-9,9.492487659286302e-5,0.0001298034364491244,0.11111337206735437,-0.11110630519681597
1768,0.1,-0.11111377234861575,1.099887470001957e-8,0.00010487552002264195,0.00012872059125320972,0.11111377234861575,-0.11110632053991717
1769,0.25,-0.11111415971433587,1.3098065920202062e-8,0.00011444678204389174,0.00012758043240804583,0.11111415971433587,-0.11110633307628093
1770,0.625,-0.11111451349443073,1.5108018224231688e-8,0.00012291467863616488,0.00012505303961364344,0.11111451349443073,-0.11110633792246265
1771,1.5625,-0.11111478126546069,1.649571354459955e-8,0.00012843563969786406,0.00011888278764906283,0.11111478126546069,-0.11110632281941636
1772,3.90625,-0.11111483592540064,1.6010603235326835e-8,0.0001265330124328305,0.00010398590580174409,0.11111483592540064,-0.11110626377336652
1773,9.765625,-0.11111438986998923,1.1615885822813722e-8,0.00010777701899205471,7.518375869369053e-5,0.11111438986998923,-0.1111061485677904
1774,24.4140625,-0.1111111807741936,1.0334791176087468e-9,3.2147770025442615e-5,8.535220281499737e-5,0.1111111807741936,-0.11110620724479546
1775,9.765625,-0.11110849481673256,1.0980597242297025e-9,3.313698423558943e-5,0.00010781967192681867,0.11110849481673256,-0.11110621440802552
1776,3.90625,-0.11110786628208028,1.0784823310692331e-9,3.2840254735145294e-5,7.032151264477564e-5,0.11110786628208028,-0.11110621360377024
1777,1.5625,-0.1111073254904887,1.1150667058223944e-9,3.339261454008048e-5,6.0005097858086284e-5,0.1111073254904887,-0.1111062151687501
1778,0.625,-0.11110680791648352,1.185398530786887e-9,3.442961705838284e-5,5.698326108522031e-5,0.11110680791648352,-0.11110621762025417
1779,0.25,-0.1111062969856275,1.2832578596020502e-9,3.58225886781239e-5,5.5788274443270866e-5,0.1111062969856275,-0.1111062204116869
1780,0.1,-0.11110578786400042,1.4060034417068003e-9,3.749671241198087e-5,5.513495895604044e-5,0.11110578786400042,-0.11110622332603164
1781,0.1,-0.11110529500626203,1.5395408811617423e-9,3.923698358897817e-5,5.469146264230066e-5,0.11110529500626203,-0.11110622617423797
1782,0.1,-0.11110481976355685,1.6808667009044893e-9,4.09983743690465e-5,5.4262704333862816e-5,0.11110481976355685,-0.11110622895817451
1783,0.1,-0.11110436341257211,1.827176781831746e-9,4.274548843833401e-5,5.384801603342435e-5,0.11110436341257211,-0.11110623167981838
1784,0.1,-0.1111039271520312,1.975898398915079e-9,4.445107871486449e-5,5.344706836722874e-5,0.1111039271520312,-0.11110623434127398
1785,0.25,-0.1111035681915232,2.080777284774056e-9,4.561553775605475e-5,5.306193990355425e-5,0.1111035681915232,-0.11110623661170921
1786,0.625,-0.11110341086767486,2.0505980991167772e-9,4.5283530108824086e-5,5.24741128593309e-5,0.11110341086767486,-0.11110623800749331
1787,1.5625,-0.1111037544816332,1.7250712774210145e-9,4.1533977385040005e-5,5.162925307445184e-5,0.1111037544816332,-0.11110623788190957
1788,3.90625,-0.11110519624750465,1.0635974003055857e-9,3.2612841033948355e-5,5.1447373832066056e-5,0.11110519624750465,-0.11110623667930201
1789,1.5625,-0.11110611500501047,8.728615146594871e-10,2.9544229803118697e-5,5.391832784044441e-5,0.11110611500501047,-0.11110623845461533
1790,0.625,-0.11110689993480685,8.161369585496405e-10,2.856811086770773e-5,5.4716657218496695e-5,0.11110689993480685,-0.1111062409979692
1791,0.25,-0.11110764123537736,8.458678646474909e-10,2.9083807602298068e-5,5.459185129165295e-5,0.11110764123537736,-0.11110624377741986
1792,0.1,-0.11110836726533513,9.51472604256031e-10,3.084594955996704e-5,5.430874607406615e-5,0.11110836726533513,-0.11110624663398756
1793,0.1,-0.11110908973502354,1.12647102093757e-9,3.3562941184252166e-5,5.406386059397345e-5,0.11110908973502354,-0.11110624943883159
1794,0.1,-0.11110980610928267,1.3652132226696226e-9,3.694879189729513e-5,5.375792946018365e-5,0.11110980610928267,-0.111106252179554
1795,0.1,-0.1111105139044876,1.6610061846827157e-9,4.075544362024189e-5,5.339427266606102e-5,0.1111105139044876,-0.11110625484501248
1796,0.1,-0.11111121069794787,2.0062729811140634e-9,4.4791438703328824e-5,5.297714625702258e-5,0.11111121069794787,-0.11110625742550523
1797,0.25,-0.11111186859460392,2.3505056899322903e-9,4.848201408700231e-5,5.251321830289143e-5,0.11111186859460392,-0.11110625950707702
1798,0.625,-0.11111240746138677,2.5608236706767597e-9,5.0604581518640775e-5,5.1423570924360216e-5,0.11111240746138677,-0.11110626030935057
1799,1.5625,-0.11111261287196592,2.34332067346312e-9,4.840785755911038e-5,4.903293525898516e-5,0.11111261287196592,-0.1111062585619538
1800,3.90625,-0.11111201872401646,1.450491832033545e-9,3.808532305276595e-5,4.5867699374680076e-5,0.11111201872401646,-0.11110625473256111
1801,9.765625,-0.1111102064637462,8.079067662637596e-10,2.8423700784094947e-5,4.794521694822321e-5,0.1111102064637462,-0.11110625083799003
1802,3.90625,-0.11110999623992261,6.959980414613486e-10,2.638177479741173e-5,4.786225572113723e-5,0.11110999623992261,-0.11110625060824375
1803,1.5625,-0.11110985496814796,6.178697057877283e-10,2.4856985050237455e-5,4.9635495588666454e-5,0.11110985496814796,-0.111106252217591
1804,0.625,-0.11110973271858184,5.604163677124353e-10,2.3673114871356393e-5,5.029622257451987e-5,0.11110973271858184,-0.11110625444476112
1805,0.25,-0.11110961662242591,5.198478697674674e-10,2.2800172581966728e-5,5.0417806094915476e-5,0.11110961662242591,-0.11110625687924938
1806,0.1,-0.11110950261688024,4.948139245952849e-10,2.2244413334482095e-5,5.0354375303009894e-5,0.11110950261688024,-0.11110625937896425
1807,0.1,-0.11110939137470137,4.841156433880696e-10,2.2002628101844326e-5,5.0239068440576196e-5,0.11110939137470137,-0.1111062618661106
1808,0.1,-0.11110928338706276,4.874064683657868e-10,2.2077283989788844e-5,5.011661805821847e-5,0.11110928338706276,-0.11110626433869097
1809,0.1,-0.11110917912708573,5.043112070920411e-10,2.2456874383850507e-5,4.9986538198600234e-5,0.11110917912708573,-0.11110626679469729
1810,0.1,-0.11110907904836757,5.344266031666616e-10,2.311766863605977e-5,4.984846321305774e-5,0.11110907904836757,-0.11110626923212662
1811,0.1,-0.11110898358357757,5.77322159995561e-10,2.4027529211210233e-5,4.9702134192224504e-5,0.11110898358357757,-0.11110627164899757
1812,0.1,-0.11110889314314654,6.32541180741075e-10,2.515037138376042e-5,4.9547387141647663e-5,0.11110889314314654,-0.11110627404336267
1813,0.1,-0.1111088081140436,6.996019916336786e-10,2.644999039004889e-5,4.938414266821477e-5,0.1111088081140436,-0.11110627641332035
1814,0.1,-0.11110872885865895,7.779993196655236e-10,2.789263916637369e-5,4.921239697311233e-5,0.11110872885865895,-0.11110627875702717
1815,0.1,-0.11110865571376925,8.672057990826301e-10,2.944835817295474e-5,4.903221397296276e-5,0.11110865571376925,-0.11110628107270577
1816,0.1,-0.11110858898961622,9.66673584302573e-10,3.109137475735953e-5,4.884371839405899e-5,0.11110858898961622,-0.11110628335865523
1817,0.1,-0.1111085289690807,1.0758360496713993e-9,3.279993978152093e-5,4.864708970457767e-5,0.1111085289690807,-0.11110628561325674
1818,0.1,-0.11110847590696638,1.1941095591126584e-9,3.4555890367818025e-5,4.844255676714214e-5,0.11110847590696638,-0.11110628783498276
1819,0.1,-0.11110843002938518,1.3208952909132214e-9,3.6344123196374146e-5,4.823039310922984e-5,0.11110843002938518,-0.11110629002240117
1820,0.1,-0.11110839153325151,1.4555811050219905e-9,3.815207864614968e-5,4.801091272187729e-5,0.11110839153325151,-0.11110629217418053
1821,0.1,-0.1111083605858853,1.5975434418696958e-9,3.9969281227834155e-5,4.778446630833718e-5,0.1111083605858853,-0.1111062942890958
1822,0.25,-0.11110835921568354,1.7370736391127716e-9,4.167821540220708e-5,4.755249063502905e-5,0.11110835921568354,-0.11110629608400834
1823,0.625,-0.11110843205191921,1.852361866010577e-9,4.303907371227426e-5,4.7074292993045844e-5,0.11110843205191921,-0.1111062970527472
1824,1.5625,-0.11110868191402176,1.8900503357800967e-9,4.347470915118463e-5,4.6015448797237e-5,0.11110868191402176,-0.11110629600488903
1825,3.90625,-0.11110929904811785,1.7403803889746704e-9,4.1717866543900235e-5,4.390842772775595e-5,0.11110929904811785,-0.11110629077561635
1826,9.765625,-0.11111037060523565,1.2706394301226682e-9,3.564602965440426e-5,4.184980847797531e-5,0.11111037060523565,-0.11110628023045478
1827,24.4140625,-0.11111062453758486,6.079995269755325e-10,2.4657646420036373e-5,4.884643382322866e-5,0.11111062453758486,-0.11110627143603595
1828,9.765625,-0.11111013991924304,4.385038696112219e-10,2.094048398703387e-5,6.855804656486887e-5,0.11111013991924304,-0.11110627332882085
1829,3.90625,-0.1111098815624556,3.760676012534613e-10,1.9392462485549928e-5,7.338115460464107e-5,0.1111098815624556,-0.11110627760194726
1830,1.5625,-0.11110967012819897,3.796777867114568e-10,1.9485322340455567e-5,7.364074536501593e-5,0.11110967012819897,-0.11110628249569961
1831,0.625,-0.11110947190404857,4.4063750220682034e-10,2.099136732580373e-5,7.300439543085354e-5,0.11110947190404857,-0.11110628755508567
1832,0.25,-0.11110927798263119,5.566627270101128e-10,2.359370100281244e-5,7.237847598979817e-5,0.11110927798263119,-0.11110629265743396
1833,0.1,-0.11110908551832588,7.26905890047329e-10,2.6961192296471774e-5,7.190437488630986e-5,0.11110908551832588,-0.11110629776463385
1834,0.1,-0.11110889557133118,9.493631507017311e-10,3.081173722304101e-5,7.155312598913922e-5,0.11110889557133118,-0.11110630279267786
1835,0.1,-0.11110870854661115,1.2222989129888467e-9,3.4961391748453704e-5,7.117393912597201e-5,0.11110870854661115,-0.11110630773301781
1836,0.1,-0.11110852484174168,1.5438494476256887e-9,3.9291849633552357e-5,7.076682902678068e-5,0.11110852484174168,-0.11110631257736309
1837,0.1,-0.11110834484589072,1.9120288375549934e-9,4.3726751966673595e-5,7.03319457787311e-5,0.11110834484589072,-0.11110631731771525
1838,0.1,-0.1111081689388249,2.3247354768969727e-9,4.8215510750141106e-5,6.986956440238672e-5,0.1111081689388249,-0.11110632194640384
1839,0.1,-0.11110799748993917,2.7797590677527402e-9,5.272342048608702e-5,6.938007592713832e-5,0.11110799748993917,-0.1111063264561162
1840,0.1,-0.11110783085731561,3.2747880613760833e-9,5.722576396498419e-5,6.88639797652025e-5,0.11110783085731561,-0.1111063308399255
1841,0.25,-0.11110768266835248,3.788259796000778e-9,6.154884073644912e-5,6.832492311821928e-5,0.11110768266835248,-0.1111063344469083
1842,0.625,-0.11110758361988873,4.266809040922723e-9,6.532081629100116e-5,6.715725975916313e-5,0.11110758361988873,-0.11110633596225933
1843,1.5625,-0.11110761127893945,4.569308286295196e-9,6.759665883973257e-5,6.438077864258338e-5,0.11110761127893945,-0.11110633213985784
1844,3.90625,-0.1111079411430614,4.3649830727104e-9,6.606801853174045e-5,5.7982053085221685e-5,0.1111079411430614,-0.11110631676989302
1845,9.765625,-0.11110884621568995,3.1149697624642805e-9,5.581191416233886e-5,4.747611174652008e-5,0.11110884621568995,-0.11110628734383685
1846,24.4140625,-0.111110082311543,9.44027409497211e-10,3.0725029039810705e-5,5.826998786076142e-5,0.111110082311543,-0.1111062771146132
1847,9.765625,-0.11111000668739156,3.8859441082470775e-10,1.9712798148023222e-5,0.00010553280289877049,0.11111000668739156,-0.11110628925774277
1848,3.90625,-0.1111100553113268,2.0167517477041228e-10,1.4201238494244517e-5,0.00011625305929219813,0.1111100553113268,-0.11110630313415934
1849,1.5625,-0.1111101090437383,2.390672295735095e-10,1.5461799040652078e-5,0.00011681832902716823,0.1111101090437383,-0.11110631657096894
1850,0.625,-0.11111016373683555,4.698676470725184e-10,2.1676430681099654e-5,0.00011551480505534557,0.11111016373683555,-0.11110632959769165
1851,0.25,-0.11111021876532133,8.860304565116103e-10,2.9766263731137138e-5,0.00011428486953736832,0.11111021876532133,-0.11110634241360388
1852,0.1,-0.11111027399016342,1.484725792258707e-9,3.8532139731121953e-5,0.00011340657002051979,0.11111027399016342,-0.11110635512922118
1853,0.1,-0.11111032913035952,2.260335163666272e-9,4.754298227568683e-5,0.00011280209201281053,0.11111032913035952,-0.11110636760909272
1854,0.1,-0.11111038416329323,3.207407229200873e-9,5.663397592612471e-5,0.00011213423746126917,0.11111038416329323,-0.11110637982334698
1855,0.1,-0.11111043906115713,4.320048377793995e-9,6.572707492193758e-5,0.0001114025833742071,0.11111043906115713,-0.11110639174287039
1856,0.1,-0.11111049379095407,5.591937436910443e-9,7.477925806606029e-5,0.00011060698932209792,0.11111049379095407,-0.11110640333944406
1857,0.1,-0.11111054831452472,7.0163426958540465e-9,8.376361200338752e-5,0.00010974756972120336,0.11111054831452472,-0.11110641458586908
1858,0.1,-0.11111060258859644,8.58614105520888e-9,9.266143240425803e-5,0.00010882467051588755,0.11111060258859644,-0.11110642545608256
1859,0.25,-0.1111106554826048,1.0243277357163484e-8,0.00010120907744448363,0.00010784475108595384,0.1111106554826048,-0.11110643414554734
1860,0.625,-0.1111107041551746,1.1839171615543057e-8,0.00010880795750101671,0.0001055686574815152,0.1111107041551746,-0.11110643681684808
1861,1.5625,-0.11111073980375853,1.2971456953815084e-8,0.00011389230419047234,9.987256990851125e-5,0.11111073980375853,-0.11110642378296705
1862,3.90625,-0.11111073238269177,1.2664547094035478e-8,0.00011253686993174938,8.577833002211439e-5,0.11111073238269177,-0.11110637584000391
1863,9.765625,-0.11111057324397278,9.21584981252845e-9,9.599921777039879e-5,5.685520087072619e-5,0.11111057324397278,-0.11110628302588045
1864,24.4140625,-0.11111084059542742,3.925230866674715e-10,1.9812195402515884e-5,6.929495036173872e-5,0.11111084059542742,-0.11110634046675112
1865,9.765625,-0.11110965542108521,3.628253512773275e-10,1.90479749915136e-5,6.287810473095847e-5,0.11110965542108521,-0.11110634140946689
1866,3.90625,-0.1111092143161772,3.91389829543621e-10,1.9783574741275172e-5,5.428415984798133e-5,0.1111092143161772,-0.11110634259718478
1867,1.5625,-0.1111088302864731,4.4854121640983254e-10,2.1178791665480647e-5,5.072555610806322e-5,0.1111088302864731,-0.11110634438086024
1868,0.625,-0.11110846258030824,5.295191001422101e-10,2.3011282018657935e-5,4.9018711250287044e-5,0.11110846258030824,-0.11110634642033484
1869,0.25,-0.11110809994482503,6.331815180053597e-10,2.5163098338745163e-5,4.8107415225417464e-5,0.11110809994482503,-0.11110634856882041
1870,0.1,-0.11110773887482933,7.58986552773416e-10,2.7549710575129753e-5,4.7573308896613644e-5,0.11110773887482933,-0.11110635075985793
1871,0.1,-0.11110738514088007,9.032027040351905e-10,3.00533309973319e-5,4.722746468240601e-5,0.11110738514088007,-0.1111063529001638
1872,0.1,-0.1111070394791922,1.0640202096567055e-9,3.261932264251827e-5,4.68784873264803e-5,0.1111070394791922,-0.11110635498838396
1873,0.1,-0.1111067025969249,1.2395955199165975e-9,3.520789002363813e-5,4.6525713139115685e-5,0.1111067025969249,-0.11110635702327137
1874,0.1,-0.11110637517064081,1.4280621294225894e-9,3.778970930587571e-5,4.616884705104798e-5,0.11110637517064081,-0.11110635900372819
1875,0.25,-0.11110608396012972,1.6112009533997004e-9,4.01397677297677e-5,4.58105855208269e-5,0.11110608396012972,-0.11110636065874298
1876,0.625,-0.11110588867777019,1.7463244570327909e-9,4.17890470940986e-5,4.511623522775554e-5,0.11110588867777019,-0.11110636148426119
1877,1.5625,-0.11110593740218841,1.7327260096754907e-9,4.1626025629112016e-5,4.365782425888708e-5,0.11110593740218841,-0.11110636041473479
1878,3.90625,-0.1111065493448034,1.3996571661055048e-9,3.741199227661506e-5,4.115382628325592e-5,0.1111065493448034,-0.11110635630230983
1879,9.765625,-0.1111081426649141,7.121880238341489e-10,2.6686851141229625e-5,4.070064637168113e-5,0.1111081426649141,-0.11110635173410453
1880,3.90625,-0.11110883769552254,4.625666945910384e-10,2.1507363729454114e-5,5.0985786713731345e-5,0.11110883769552254,-0.11110635323129779
1881,1.5625,-0.11110940353262835,3.2963728872398817e-10,1.8155916080550388e-5,5.5451733650505976e-5,0.11110940353262835,-0.11110635603090793
1882,0.625,-0.11110993038706231,2.680162897719623e-10,1.6371203064282182e-5,5.6436926256754795e-5,0.11110993038706231,-0.11110635911810145
1883,0.25,-0.11111044411071852,2.6647165331105926e-10,1.6323959486321303e-5,5.642593754764274e-5,0.11111044411071852,-0.11110636225665321
1884,0.1,-0.1111109532670842,3.216312878605224e-10,1.7934081740098165e-5,5.6209093772923945e-5,0.1111109532670842,-0.11110636539414558
1885,0.1,-0.1111114570577061,4.312333511093889e-10,2.0766158795246386e-5,5.599076370778981e-5,0.1111114570577061,-0.1111063684897015
1886,0.1,-0.11111195441965795,5.931507633985872e-10,2.4354686682414683e-5,5.5733250590048484e-5,0.11111195441965795,-0.11110637153406668
1887,0.1,-0.11111244431132139,8.049729185602102e-10,2.8372044666541223e-5,5.543680570669147e-5,0.11111244431132139,-0.11110637451833708
1888,0.1,-0.11111292571469779,1.064024189959529e-9,3.2619383653887895e-5,5.510198114535642e-5,0.11111292571469779,-0.11110637743402549
1889,0.1,-0.11111339763764021,1.367384517864938e-9,3.6978162716188834e-5,5.472960813747834e-5,0.11111339763764021,-0.11110638027312483
1890,0.1,-0.11111385911599587,1.711911820536993e-9,4.137525613862702e-5,5.432077822477088e-5,0.11111385911599587,-0.11110638302816342
1891,0.1,-0.1111143092156582,2.094265967901689e-9,4.576315076458011e-5,5.387682678921e-5,0.1111143092156582,-0.11110638569225463
1892,0.25,-0.11111471596381509,2.4871140875335835e-9,4.9870974399279425e-5,5.3402418498642494e-5,0.11111471596381509,-0.11110638782717012
1893,0.625,-0.11111500637463635,2.8212450223271474e-9,5.311539345921432e-5,5.228760599679733e-5,0.11111500637463635,-0.11110638853562604
1894,1.5625,-0.11111499544169322,2.921546708410788e-9,5.405133401138947e-5,4.9600788487748834e-5,0.11111499544169322,-0.11110638580907344
1895,3.90625,-0.11111426485204762,2.448185509479967e-9,4.947914216596693e-5,4.399332671239856e-5,0.11111426485204762,-0.11110637717136942
1896,9.765625,-0.11111216566595498,1.2167723274869173e-9,3.4882263795328954e-5,3.928721244360314e-5,0.11111216566595498,-0.11110636734563396
1897,24.4140625,-0.11110921295726217,3.1042179672721524e-10,1.761879101207615e-5,5.3766621313313156e-5,0.11110921295726217,-0.11110636980388061
1898,9.765625,-0.11110924952821993,2.3343677512165415e-10,1.527863786866009e-5,5.824395360234504e-5,0.11110924952821993,-0.11110637159234268
1899,3.90625,-0.11110921298457016,2.4768885563440205e-10,1.5738133804057014e-5,5.772626598731108e-5,0.11110921298457016,-0.11110637398769767
1900,1.5625,-0.11110916039521772,3.0324342795836094e-10,1.7413886067112102e-5,5.596223152872072e-5,0.11110916039521772,-0.11110637659950633
1901,0.625,-0.11110910346739963,3.946669407537659e-10,1.9866226132654535e-5,5.4624143577223526e-5,0.11110910346739963,-0.11110637930443949
1902,0.25,-0.11110904502701428,5.210013429299806e-10,2.282545383842303e-5,5.378423653731145e-5,0.11110904502701428,-0.1111063820538171
1903,0.1,-0.11110898600551078,6.819246735780921e-10,2.6113687475691597e-5,5.327088434689662e-5,0.11110898600551078,-0.11110638482251446
1904,0.1,-0.11110892830169833,8.749019798784084e-10,2.9578742026638122e-5,5.294251968027936e-5,0.11110892830169833,-0.11110638753267305
1905,0.1,-0.11110887192617547,1.09805752216755e-9,3.313695100891978e-5,5.2593125464082594e-5,0.11110887192617547,-0.11110639017954667
1906,0.1,-0.11110881688861307,1.3494020968419021e-9,3.673420880925438e-5,5.222279425287662e-5,0.11110881688861307,-0.11110639275864216
1907,0.1,-0.1111087631980125,1.6268433584606485e-9,4.0334146308811946e-5,5.183186258777847e-5,0.1111087631980125,-0.11110639526575623
1908,0.1,-0.11110871086296692,1.9281969510881957e-9,4.391123946198963e-5,5.14208880193915e-5,0.11110871086296692,-0.11110639769701144
1909,0.25,-0.11110866392919581,2.2338818575468898e-9,4.726395939346269e-5,5.099354356079705e-5,0.11110866392919581,-0.11110639966774333
1910,0.625,-0.11110863055257786,2.4953258019628233e-9,4.995323615105255e-5,5.00590337617522e-5,0.11110863055257786,-0.11110640041482114
1911,1.5625,-0.11110863109639083,2.587860155127868e-9,5.0871014882031474e-5,4.7883789661177785e-5,0.11110863109639083,-0.11110639818762562
1912,3.90625,-0.11110871630609433,2.2493241560633935e-9,4.7427040346867454e-5,4.3379549811900725e-5,0.11110871630609433,-0.11110639048428943
1913,9.765625,-0.11110901262532741,1.2254039887155981e-9,3.5005770791622316e-5,3.947910015892556e-5,0.11110901262532741,-0.11110638045567613
1914,24.4140625,-0.11110980581164932,2.316545409229242e-10,1.5220201737261046e-5,5.4619075575100465e-5,0.11110980581164932,-0.11110638504172932
1915,9.765625,-0.11111024978568573,1.5803543830665573e-10,1.2571214671091084e-5,6.64692447709938e-5,0.11111024978568573,-0.11110638880953841
1916,3.90625,-0.11111050759504915,1.7795227232636758e-10,1.3339875274018403e-5,6.625382695455074e-5,0.11111050759504915,-0.1111063925446713
1917,1.5625,-0.11111073100410601,2.534311635002609e-10,1.5919521459524494e-5,6.431259175179586e-5,0.11111073100410601,-0.11110639621782606
1918,0.625,-0.11111094425862499,3.7910842316445413e-10,1.9470706796735812e-5,6.279959276372646e-5,0.11111094425862499,-0.1111063998752313
1919,0.25,-0.11111115424183012,5.541063901943071e-10,2.353946452649905e-5,6.185234201435931e-5,0.11111115424183012,-0.11110640353916992
1920,0.1,-0.11111136315553545,7.782099359908674e-10,2.7896414393087643e-5,6.128486951258336e-5,0.11111136315553545,-0.11110640721123517
1921,0.1,-0.11111156858316414,1.0484974626284008e-9,3.23805105368708e-5,6.093340774487781e-5,0.11111156858316414,-0.11110641080767125
1922,0.1,-0.11111177011454539,1.362792802366535e-9,3.691602365323946e-5,6.055023277249522e-5,0.11111177011454539,-0.11110641432074289
1923,0.1,-0.11111196734801913,1.7187486762313933e-9,4.145779391418932e-5,6.013574542959641e-5,0.11111196734801913,-0.11110641774308043
1924,0.1,-0.11111215989123001,2.1138586810475414e-9,4.5976718902587445e-5,5.969054506468785e-5,0.11111215989123001,-0.11110642106772346
1925,0.1,-0.11111234736190602,2.545470249012492e-9,5.045265353787144e-5,5.921541462063368e-5,0.11111234736190602,-0.11110642428816173
1926,0.25,-0.11111251542119796,2.98947391852837e-9,5.4676081777394856e-5,5.8713855537754795e-5,0.11111251542119796,-0.11110642688357858
1927,0.625,-0.11111263161248094,3.3854066917278233e-9,5.81842477972159e-5,5.756736935258551e-5,0.11111263161248094,-0.11110642779128392
1928,1.5625,-0.11111261305130131,3.5755464596097983e-9,5.9795873265717916e-5,5.480350259232874e-5,0.11111261305130131,-0.1111064245002842
1929,3.90625,-0.11111226613749822,3.2140975016737027e-9,5.6693011047868174e-5,4.869662411185819e-5,0.11111226613749822,-0.1111064130255183
1930,9.765625,-0.11111124708467535,1.892684981599654e-9,4.350499950120278e-5,4.132853696623763e-5,0.11111124708467535,-0.1111063961370639
1931,24.4140625,-0.11110953930304854,3.650732813921369e-10,1.9106890939976e-5,5.7991068623833545e-5,0.11110953930304854,-0.11110640002609264
1932,9.765625,-0.11110933171819742,1.8948631323494387e-10,1.376540276326646e-5,7.95580989963536e-5,0.11110933171819742,-0.11110640632253216
1933,3.90625,-0.11110918207215784,1.8557130290672525e-10,1.3622455832438043e-5,8.172920440433138e-5,0.11110918207215784,-0.1111064124997504
1934,1.5625,-0.11110904541537416,2.855921687265824e-10,1.6899472439297697e-5,7.998007942057038e-5,0.11110904541537416,-0.11110641838671627
1935,0.625,-0.11110891267688484,4.779408835439866e-10,2.186185910539144e-5,7.822555277191115e-5,0.11110891267688484,-0.11110642413651634
1936,0.25,-0.11110878114038436,7.602660932328357e-10,2.757292318984035e-5,7.704522497692483e-5,0.11110878114038436,-0.11110642984445833
1937,0.1,-0.1111086499588071,1.131912966286317e-9,3.364391425334331e-5,7.63214795173438e-5,0.1111086499588071,-0.11110643554416182
1938,0.1,-0.11110852132760309,1.5886135544698192e-9,3.9857415300917585e-5,7.587441741019857e-5,0.11110852132760309,-0.11110644112002248
1939,0.1,-0.1111083954866288,2.1269523625417405e-9,4.61188937697094e-5,7.537919749001234e-5,0.1111083954866288,-0.11110644655742673
1940,0.1,-0.11110827267092466,2.743224847139163e-9,5.2375804023796745e-5,7.48360761065067e-5,0.11110827267092466,-0.11110645184232715
1941,0.1,-0.11110815311035838,3.4334541832236754e-9,5.8595683998257716e-5,7.424554907130964e-5,0.11110815311035838,-0.11110645696132063
1942,0.1,-0.11110803702927469,4.193409553823774e-9,6.47565406258223e-5,7.360833139373518e-5,0.11110803702927469,-0.11110646190171561
1943,0.25,-0.11110793434443801,4.98646741877939e-9,7.061492348490785e-5,7.292868075761309e-5,0.11110793434443801,-0.11110646578613374
1944,0.625,-0.11110786711127,5.719583500910316e-9,7.562792804850809e-5,7.13187921229404e-5,0.11110786711127,-0.11110646677734708
1945,1.5625,-0.11110789163055229,6.146258630495804e-9,7.839807797705123e-5,6.730840035078498e-5,0.11110789163055229,-0.11110646041299431
1946,3.90625,-0.11110814174817141,5.706054642979023e-9,7.553843156287416e-5,5.7841812439296215e-5,0.11110814174817141,-0.11110643894727422
1947,9.765625,-0.1111088754140835,3.6316793923471283e-9,6.026341669991114e-5,4.2778194458592616e-5,0.1111088754140835,-0.11110640399568675
1948,24.4140625,-0.11111023921583688,7.935732857425377e-10,2.8170432828455754e-5,6.28249287067758e-5,0.11111023921583688,-0.1111064032115206
1949,9.765625,-0.11111053791102148,3.321787900969293e-10,1.8225772688611292e-5,0.00010461302445547135,0.11111053791102148,-0.11110641521778283
1950,3.90625,-0.11111072964075004,2.4454197413377075e-10,1.5637837898308408e-5,0.00011163331644245978,0.11111072964075004,-0.11110642749260308
1951,1.5625,-0.11111089766502281,3.8230973107458344e-10,1.9552742290394548e-5,0.00011046192495697444,0.11111089766502281,-0.1111064390801292
1952,0.625,-0.11111105875150329,7.174146630106334e-10,2.6784597495774198e-5,0.00010839522506078097,0.11111105875150329,-0.11110645027307767
1953,0.25,-0.11111121770979691,1.243615362984777e-9,3.5264931064511906e-5,0.00010685575813203016,0.11111121770979691,-0.1111064613123122
1954,0.1,-0.11111137606047744,1.9591393779169467e-9,4.42621664394881e-5,0.00010587610094411684,0.11111137606047744,-0.11110647230191002
1955,0.1,-0.11111153134293028,2.8566443194413148e-9,5.3447584785856456e-5,0.00010526407127648401,0.11111153134293028,-0.11110648305130594
1956,0.1,-0.11111168322056657,3.9297783350542715e-9,6.26879440965667e-5,0.00010457628129541086,0.11111168322056657,-0.11110649352859894
1957,0.1,-0.11111183136261271,5.171600376187557e-9,7.191383994884126e-5,0.00010381282871314074,0.11111183136261271,-0.111106503702947
1958,0.1,-0.11111197544473687,6.574607879831588e-9,8.108395574854244e-5,0.00010297411115169201,0.11111197544473687,-0.11110651354472093
1959,0.1,-0.11111211514965987,8.130767494428777e-9,9.017076851412977e-5,0.00010206079837653771,0.11111211514965987,-0.11110652302564608
1960,0.25,-0.11111223777783702,9.773548867578062e-9,9.886126070194564e-5,0.00010107850347919632,0.11111223777783702,-0.11110653041122794
1961,0.625,-0.11111231477685896,1.1331548293658271e-8,0.00010644974539029331,9.870171189284052e-5,0.11111231477685896,-0.11110653199158184
1962,1.5625,-0.11111227307787484,1.2344360332016876e-8,0.00011110517689116415,9.265543708607092e-5,0.11111227307787484,-0.1111065185718133
1963,3.90625,-0.11111193975219245,1.1734961651678082e-8,0.00010832802800604321,7.77423150211321e-5,0.11111193975219245,-0.11110647322615314
1964,9.765625,-0.11111099211679723,7.872802919546048e-9,8.872881673698826e-5,4.912327490364336e-5,0.11111099211679723,-0.11110639436005641
1965,24.4140625,-0.11111140159745996,3.074649060492475e-10,1.7534677243942857e-5,7.355284927801383e-5,0.11111140159745996,-0.11110644756199321
1966,9.765625,-0.11110875457045796,2.9085214558295696e-10,1.7054387868902154e-5,5.232888167479932e-5,0.11110875457045796,-0.11110644703995869
1967,3.90625,-0.11110763919016377,3.1678885519294894e-10,1.7798563290135217e-5,4.4458965178863834e-5,0.11110763919016377,-0.11110644758117029
1968,1.5625,-0.11110672924665062,3.564924219123114e-10,1.888100690938678e-5,4.138769709807072e-5,0.11110672924665062,-0.11110644866577611
1969,0.625,-0.11110587399698699,4.0796559511713013e-10,2.0198158211013452e-5,4.005360590526417e-5,0.11110587399698699,-0.1111064499893816
1970,0.25,-0.11110503547567069,4.708176749650398e-10,2.169833346054576e-5,3.940214683213563e-5,0.11110503547567069,-0.11110645141662287
1971,0.1,-0.11110420216941087,5.448856389252672e-10,2.3342785586241998e-5,3.9047540237048165e-5,0.11110420216941087,-0.11110645288688835
1972,0.1,-0.1111033898764549,6.27815288492274e-10,2.505624250545708e-5,3.883142613786404e-5,0.1111033898764549,-0.11110645433033163
1973,0.1,-0.11110260082327261,7.185778654351629e-10,2.6806302718486987e-5,3.861315459138244e-5,0.11110260082327261,-0.11110645574629019
1974,0.1,-0.11110183715415795,8.161063026004063e-10,2.856757432125462e-5,3.8392434924682085e-5,0.11110183715415795,-0.11110645713418055
1975,0.1,-0.11110110092536801,9.193033230538547e-10,3.0320015221860537e-5,3.816925634692965e-5,0.11110110092536801,-0.11110645849352144
1976,0.1,-0.11110039409956823,1.027050196667485e-9,3.204762388489177e-5,3.794385026144092e-5,0.11110039409956823,-0.11110645982395731
1977,0.25,-0.11109980016720972,1.1259423761908844e-9,3.3555064836636575e-5,3.771729385798002e-5,0.11109980016720972,-0.11110646094037219
1978,0.625,-0.11109950383191251,1.1849959068492332e-9,3.442376950377796e-5,3.726242255344509e-5,0.11109950383191251,-0.11110646152220466
1979,1.5625,-0.11109996090094289,1.1318678920370614e-9,3.364324437442176e-5,3.634385870794219e-5,0.11109996090094289,-0.11110646094132007
1980,3.90625,-0.1111021432258911,8.496787508100407e-10,2.9149249575418588e-5,3.513342772607428e-5,0.1111021432258911,-0.11110645878157238
1981,9.765625,-0.11110722647671348,3.670798919025034e-10,1.915932910888331e-5,3.700794761174746e-5,0.11110722647671348,-0.11110645747067147
1982,3.90625,-0.11110927381793824,2.2831924068423048e-10,1.5110236288166724e-5,4.6011750039031734e-5,0.11110927381793824,-0.11110645915614513
1983,1.5625,-0.11111086559933456,1.6942075085437278e-10,1.3016172665356463e-5,4.873504200462104e-5,0.11111086559933456,-0.1111064613897191
1984,0.625,-0.11111232960432434,1.6073487249016853e-10,1.2678125748318184e-5,4.909355684747842e-5,0.11111232960432434,-0.11110646372353097
1985,0.25,-0.1111137520295358,1.9585849596921512e-10,1.3994945372141154e-5,4.891907154507839e-5,0.1111137520295358,-0.11110646606945719
1986,0.1,-0.11111516032757122,2.732006938689784e-10,1.6528783798845528e-5,4.870054870337684e-5,0.11111516032757122,-0.11110646841331416
1987,0.1,-0.11111654582185193,3.9091911201080017e-10,1.9771674486770212e-5,4.85318378096645e-5,0.11111654582185193,-0.11110647072451763
1988,0.1,-0.11111790483558716,5.471562526493619e-10,2.3391371328961496e-5,4.832460179252151e-5,0.11111790483558716,-0.11110647299572006
1989,0.1,-0.11111923379088257,7.397870104600364e-10,2.7199025910132084e-5,4.8079754732280604e-5,0.11111923379088257,-0.11110647521994897
1990,0.1,-0.1111205292182988,9.66440350217664e-10,3.1087623746720556e-5,4.779846663367563e-5,0.1111205292182988,-0.11110647739065953
1991,0.1,-0.11112178776603511,1.2245230286431995e-9,3.499318546007493e-5,4.7482151604057084e-5,0.11112178776603511,-0.11110647950178573
1992,0.1,-0.11112300620869492,1.5112450775927978e-9,3.887473572376792e-5,4.71324567278415e-5,0.11112300620869492,-0.11110648154778278
1993,0.25,-0.11112407199095801,1.80252380326594e-9,4.2456139759355654e-5,4.675247964417941e-5,0.11112407199095801,-0.11110648320913617
1994,0.625,-0.11112472957990159,2.0373920207449535e-9,4.513747911375815e-5,4.5816738800671367e-5,0.11112472957990159,-0.11110648383692133
1995,1.5625,-0.11112433890069885,2.0647428667130657e-9,4.543944175177624e-5,4.3561553860981416e-5,0.11112433890069885,-0.11110648205513186
1996,3.90625,-0.11112150420282044,1.6147119918391659e-9,4.0183479090780155e-5,3.917568778004661e-5,0.11112150420282044,-0.1111064766375697
1997,9.765625,-0.11111440559889617,6.623129519233003e-10,2.5735441552911042e-5,3.7239664242781676e-5,0.11111440559889617,-0.11110647236630934
1998,3.90625,-0.11111149049002052,3.939455938287568e-10,1.9848062722310124e-5,4.8918987773398626e-5,0.11111149049002052,-0.11110647398953175
1999,1.5625,-0.1111092285580495,2.7344783345877355e-10,1.6536258145625738e-5,5.3414964408451916e-5,0.1111092285580495,-0.11110647664211781
2000,0.625,-0.11110715068232026,2.4024467096711115e-10,1.5499828094759992e-5,5.4174375649149435e-5,0.11110715068232026,-0.11110647947745544
2001,0.25,-0.11110513279226134,2.810810944400692e-10,1.6765473284105916e-5,5.400602455227555e-5,0.11110513279226134,-0.11110648233123822
2002,0.1,-0.11110313521885833,3.925546635486648e-10,1.9812992291641988e-5,5.371544915790365e-5,0.11110313521885833,-0.11110648517812302
2003,0.1,-0.11110116825762245,5.712529451715821e-10,2.3900898417665856e-5,5.347738118192721e-5,0.11110116825762245,-0.11110648797407344
2004,0.1,-0.1110992371187663,8.139201200570675e-10,2.8529285305753236e-5,5.3181956677198775e-5,0.1110992371187663,-0.11110649070700736
2005,0.1,-0.11109734688039014,1.1168112891967335e-9,3.341872662440527e-5,5.2830385793311015e-5,0.11109734688039014,-0.11110649336549394
2006,0.1,-0.11109550247476606,1.4757329083377367e-9,3.841526920819034e-5,5.242428029143752e-5,0.11109550247476606,-0.11110649593885329
2007,0.1,-0.11109370867512254,1.886087246195217e-9,4.342910597969082e-5,5.196563677829928e-5,0.11109370867512254,-0.11110649841724693
2008,0.25,-0.11109210673857153,2.3128374813728795e-9,4.809196899039256e-5,5.14583931497006e-5,0.11109210673857153,-0.1111065003809358
2009,0.625,-0.11109102520183343,2.6645353132866896e-9,5.161913708390222e-5,5.0197172302664826e-5,0.11109102520183343,-0.11110650094391913
2010,1.5625,-0.11109129691772508,2.711766177882696e-9,5.207462124569602e-5,4.7099179680638306e-5,0.11109129691772508,-0.11110649824726268
2011,3.90625,-0.11109476427422899,2.0481987808519046e-9,4.525703018152986e-5,4.088930337423768e-5,0.11109476427422899,-0.11110649094130326
2012,9.765625,-0.11110391407215442,6.95844304006869e-10,2.6378860930807246e-5,3.7988017155245075e-5,0.11110391407215442,-0.11110648673234946
2013,3.90625,-0.11110765183482492,3.773893432064022e-10,1.942651134934943e-5,5.188937642255593e-5,0.11110765183482492,-0.11110648889795852
2014,1.5625,-0.1111105373099521,2.5798362957202224e-10,1.6061868806960857e-5,5.652347665430299e-5,0.1111105373099521,-0.11110649193639387
2015,0.625,-0.11111318231967397,2.531987231284401e-10,1.591221930242416e-5,5.701274492361707e-5,0.11111318231967397,-0.11110649506952175
2016,0.25,-0.11111574864224157,3.4565546949595274e-10,1.85918118938406e-5,5.662266612692688e-5,0.11111574864224157,-0.11110649818669996
2017,0.1,-0.11111828802344968,5.311468902066909e-10,2.3046624269221965e-5,5.6201250868203435e-5,0.11111828802344968,-0.11110650128676008
2018,0.1,-0.11112078856092257,8.047383567067234e-10,2.8367910686314623e-5,5.58955157339191e-5,0.11112078856092257,-0.11110650431536495
2019,0.1,-0.11112324357778842,1.161515873012596e-9,3.4081019248440855e-5,5.5515862481017296e-5,0.11112324357778842,-0.11110650725661578
2020,0.1,-0.11112564656902413,1.5958646194143925e-9,3.994827429832724e-5,5.506414781335377e-5,0.11112564656902413,-0.11110651009561828
2021,0.1,-0.11112799121874761,2.101533708743563e-9,4.584248802959503e-5,5.4542744215763574e-5,0.11112799121874761,-0.11110651281862188
2022,0.25,-0.1111301173507945,2.6349801047309606e-9,5.1332057281302886e-5,5.3956511450730085e-5,0.1111301173507945,-0.1111065149386576
2023,0.625,-0.11113164239689856,3.0793916393832603e-9,5.5492266482666395e-5,5.246144699145039e-5,0.11113164239689856,-0.11110651539984967
2024,1.5625,-0.11113158439391414,3.1384737571913575e-9,5.602208276377591e-5,4.872208382686204e-5,0.11113158439391414,-0.11110651201378453
2025,3.90625,-0.11112773996352265,2.2905995297356795e-9,4.786020820823578e-5,4.110975942608015e-5,0.11112773996352265,-0.11110650353351761
2026,9.765625,-0.11111704245236549,6.312509123192206e-10,2.5124707208626742e-5,3.79894076164121e-5,0.11111704245236549,-0.11110650032589336
2027,3.90625,-0.11111271158227275,3.0698867969661745e-10,1.7521092423037367e-5,5.3668857068088126e-5,0.11111271158227275,-0.11110650303787202
2028,1.5625,-0.11110938631754334,2.1568123187444798e-10,1.468608974078696e-5,5.789570479286605e-5,0.11110938631754334,-0.11110650627787494
2029,0.625,-0.1111063443895273,2.56244743500009e-10,1.600764640726453e-5,5.794468866850663e-5,0.1111063443895273,-0.11110650949180427
2030,0.25,-0.11110339492594719,4.0930714834556477e-10,2.0231340745130184e-5,5.729938469408424e-5,0.11110339492594719,-0.11110651265469468
2031,0.1,-0.11110047684563255,6.706548763852233e-10,2.5897005162474353e-5,5.675545640921419e-5,0.11110047684563255,-0.11110651579448297
2032,0.1,-0.11109760275059481,1.0343528101841653e-9,3.21613558511479e-5,5.640040015587559e-5,0.11109760275059481,-0.11110651884653738
2033,0.1,-0.11109478047474508,1.4941662346637396e-9,3.8654446505722207e-5,5.5956379829992583e-5,0.11109478047474508,-0.1111065217920651
2034,0.1,-0.11109201765923081,2.042953873234489e-9,4.519904726025195e-5,5.542591465975865e-5,0.11109201765923081,-0.11110652461359821
2035,0.25,-0.11108947655751011,2.6350731839916516e-9,5.133296391200932e-5,5.4813527170051534e-5,0.11108947655751011,-0.11110652681300112
2036,0.625,-0.1110875580801176,3.1430005902306593e-9,5.60624704256837e-5,5.3193445797704284e-5,0.1110875580801176,-0.11110652726947587
2037,1.5625,-0.11108730673104782,3.236082226505429e-9,5.688657334121496e-5,4.903449608222141e-5,0.11108730673104782,-0.11110652364894617
2038,3.90625,-0.11109110269528791,2.3219407289730607e-9,4.818652019987603e-5,4.028159922300133e-5,0.11109110269528791,-0.1111065147816892
2039,9.765625,-0.11110235378766091,5.194340521974671e-10,2.279109589724608e-5,3.6363747133667946e-5,0.11110235378766091,-0.11110651262379537
2040,3.90625,-0.11110684771184307,2.031527142477404e-10,1.4253165060706355e-5,5.36777616246418e-5,0.11110684771184307,-0.11110651576879058
2041,1.5625,-0.11111027839220634,1.3128086421095088e-10,1.1457786182808217e-5,5.779225991500379e-5,0.11111027839220634,-0.11110651911183633
2042,0.625,-0.11111340946326541,1.955701944975776e-10,1.3984641378940598e-5,5.765333050206507e-5,0.11111340946326541,-0.11110652231570192
2043,0.25,-0.11111644236557507,3.760534188916004e-10,1.9392096815238945e-5,5.690603577864287e-5,0.11111644236557507,-0.1111065254332918
2044,0.1,-0.11111944155620408,6.686415140601571e-10,2.5858103450565685e-5,5.632258583533043e-5,0.11111944155620408,-0.11110652851907846
2045,0.1,-0.11112239565018377,1.067438103762319e-9,3.267167127286755e-5,5.596062560154986e-5,0.11112239565018377,-0.11110653151296845
2046,0.1,-0.11112529653173571,1.565815593685419e-9,3.957038783845085e-5,5.55027488665161e-5,0.11112529653173571,-0.11110653439514036
2047,0.1,-0.11112813628860678,2.1561612629796757e-9,4.643448355457047e-5,5.4951890155310786e-5,0.11112813628860678,-0.11110653714722685
2048,0.25,-0.11113074983448637,2.7899014822329695e-9,5.281951800454989e-5,5.431303421397581e-5,0.11113074983448637,-0.11110653924078871
2049,0.625,-0.11113272758081057,3.330582411759859e-9,5.771119832198825e-5,5.258711560683422e-5,0.11113272758081057,-0.1111065394866144
2050,1.5625,-0.11113300053934203,3.423753657389262e-9,5.851285036117504e-5,4.811856662043238e-5,0.11113300053934203,-0.11110653542230653
2051,3.90625,-0.11112912791604167,2.434387143373538e-9,4.93395089494569e-5,3.863834683483601e-5,0.11112912791604167,-0.1111065259201212
2052,9.765625,-0.11111760303246782,5.01078655082461e-10,2.2384786241607513e-5,3.49131827209289e-5,0.11111760303246782,-0.11110652407292117
2053,3.90625,-0.11111300701024225,1.6766653989438108e-10,1.2948611504496576e-5,5.456086996479597e-5,0.11111300701024225,-0.1111065275423024
2054,1.5625,-0.1111095018517294,9.565869664346802e-11,9.780526399098774e-6,5.892559418206903e-5,0.1111095018517294,-0.11110653108635436
2055,0.625,-0.111106303561728,1.691160262738137e-10,1.3004461783319358e-5,5.875000560467819e-5,0.111106303561728,-0.11110653443263062
2056,0.25,-0.11110320545520375,3.668253213054694e-10,1.9152684441233543e-5,5.7946064886857284e-5,0.11110320545520375,-0.1111065376690919
2057,0.1,-0.11110014141091686,6.844970777122918e-10,2.6162895056019543e-5,5.732443393732475e-5,0.11110014141091686,-0.11110654086529995
2058,0.1,-0.11109712320923075,1.1159479284897381e-9,3.3405806807944905e-5,5.694089217797229e-5,0.11109712320923075,-0.11110654396233166
2059,0.1,-0.11109415921729497,1.6540357755060061e-9,4.0669838646176186e-5,5.645639509603015e-5,0.11109415921729497,-0.11110654693898006
2060,0.1,-0.1110912575990668,2.2905561387417757e-9,4.785975489638216e-5,5.587395181102065e-5,0.1110912575990668,-0.11110654977560509
2061,0.25,-0.11108858823256135,2.9734177841914022e-9,5.452905449566682e-5,5.5198924128716655e-5,0.11108858823256135,-0.11110655190786643
2062,0.625,-0.11108657264669437,3.555959145504116e-9,5.963186350856492e-5,5.337234768730316e-5,0.11108657264669437,-0.1111065520622903
2063,1.5625,-0.1110863109347388,3.6569239662687015e-9,6.047250587059132e-5,4.863081181631638e-5,0.1110863109347388,-0.1111065476045806
2064,3.90625,-0.11109031336892711,2.5933255622582e-9,5.092470483231297e-5,3.849408718648914e-5,0.11109031336892711,-0.11110653735830386
2065,9.765625,-0.11110217416022519,5.174284684766401e-10,2.2747054061496407e-5,3.450937074719518e-5,0.11110217416022519,-0.11110653546444665
2066,3.90625,-0.11110689347387297,1.6189351217168796e-10,1.2723738136714696e-5,5.550390848686301e-5,0.11110689347387297,-0.11110653914211953
2067,1.5625,-0.11111049007656362,8.619480985034854e-11,9.284115997247585e-6,6.006973387675405e-5,0.11111049007656362,-0.11110654285225416
2068,0.625,-0.1111137707674312,1.6586992145648967e-10,1.2879049710925478e-5,5.9867623534141056e-5,0.1111137707674312,-0.1111065463332706
2069,0.25,-0.11111694802874901,3.780968064405368e-10,1.9444711528858865e-5,5.901266379838608e-5,0.11111694802874901,-0.11110654969000978
2070,0.1,-0.11112008978671874,7.181769588839855e-10,2.679882383396677e-5,5.835235320122852e-5,0.11112008978671874,-0.11110655300076322
2071,0.1,-0.11112318371763037,1.179421492966255e-9,3.434270654689661e-5,5.794350489499439e-5,0.11112318371763037,-0.11110655620478932
2072,0.1,-0.111126221254736,1.7540968591445861e-9,4.1881939534178526e-5,5.742944688803672e-5,0.111126221254736,-0.11110655927960768
2073,0.1,-0.11112919404677456,2.433350683560572e-9,4.932900448580502e-5,5.681331281975865e-5,0.11112919404677456,-0.11110656220442712
2074,0.25,-0.11113192719443793,3.1615940501550878e-9,5.622805394245018e-5,5.6101071337824886e-5,0.11113192719443793,-0.11110656437898596
2075,0.625,-0.1111339870833505,3.78251623685126e-9,6.150216448915648e-5,5.418225734752759e-5,0.1111339870833505,-0.1111065644480091
2076,1.5625,-0.11113424230010079,3.889939713238554e-9,6.236938121577409e-5,4.9200608821247e-5,0.11113424230010079,-0.11110655960933803
2077,3.90625,-0.11113011000826303,2.755889023780665e-9,5.2496562018675705e-5,3.848652743268351e-5,0.11113011000826303,-0.1111065486236529
2078,9.765625,-0.11111788162207253,5.414159652935388e-10,2.3268346853473255e-5,3.4275929863678176e-5,0.11111788162207253,-0.1111065466157723
2079,3.90625,-0.11111299510049862,1.6258176323796374e-10,1.275075539871908e-5,5.653546687069675e-5,0.11111299510049862,-0.11110655048951222
2080,1.5625,-0.11110926744703307,8.27286704697156e-11,9.095530246759427e-6,6.130213949281316e-5,0.11110926744703307,-0.11110655436978946
2081,0.625,-0.11110586576756329,1.688558181748949e-10,1.299445336191157e-5,6.107930944718072e-5,0.11110586576756329,-0.11110655799502459
2082,0.25,-0.11110257046768644,3.966116579969903e-10,1.9915111297630005e-5,6.0178711590537504e-5,0.11110257046768644,-0.11110656148375275
2083,0.1,-0.11109931130846813,7.610128564962753e-10,2.7586461471096202e-5,5.948504895679909e-5,0.11109931130846813,-0.1111065649220291
2084,0.1,-0.11109610109223111,1.2549361740355192e-9,3.5425078320809955e-5,5.9056480006100695e-5,0.11109610109223111,-0.11110656824611172
2085,0.1,-0.11109294872733529,1.8701234993262002e-9,4.324492454989603e-5,5.8517821274438094e-5,0.11109294872733529,-0.11110657143201877
2086,0.1,-0.11108986290646307,2.597113275063816e-9,5.096188060760529e-5,5.787219167934257e-5,0.11108986290646307,-0.1111065744575613
2087,0.25,-0.1110870249864655,3.376324455229185e-9,5.810614817064701e-5,5.712558290986198e-5,0.1110870249864655,-0.11110657668147193
2088,0.625,-0.1110848847542935,4.04010663787607e-9,6.356183318530131e-5,5.510967800037992e-5,0.1110848847542935,-0.11110657665552882
2089,1.5625,-0.11108461606095972,4.152815207254219e-9,6.444234017518466e-5,4.986344957902109e-5,0.11108461606095972,-0.11110657138978242
2090,3.90625,-0.11108889878579842,2.934677154136145e-9,5.417266057834103e-5,3.8518973257182114e-5,0.11108889878579842,-0.1111065595957227
2091,9.765625,-0.11110158071372161,5.643796212669139e-10,2.3756675299100965e-5,3.417445135523382e-5,0.11110158071372161,-0.11110655752988119
2092,3.90625,-0.11110665519757304,1.6179486991843932e-10,1.271986123817549e-5,5.7767652678369424e-5,0.11110665519757304,-0.11110656163545611
2093,1.5625,-0.11111052824467049,7.863786610680925e-11,8.867799394822215e-6,6.272213198646218e-5,0.11111052824467049,-0.11110656571218132
2094,0.625,-0.1111140628436209,1.7284191980584418e-10,1.314693575727227e-5,6.24748728521892e-5,0.1111140628436209,-0.1111065695052985
2095,0.25,-0.11111748656968896,4.1846105050925736e-10,2.045632055158643e-5,6.153076451316401e-5,0.11111748656968896,-0.1111065731495433
2096,0.1,-0.11112087221216871,8.101997178129216e-10,2.8464007409585207e-5,6.080792129123918e-5,0.11112087221216871,-0.11110657673950707
2097,0.1,-0.11112420670687667,1.3404252192974806e-9,3.661181802775547e-5,6.036399121745364e-5,0.11112420670687667,-0.11110658020776593
2098,0.1,-0.1111274808797202,2.0002807627965518e-9,4.472449846333161e-5,5.980410393344064e-5,0.1111274808797202,-0.11110658352857954
2099,0.1,-0.11113068578645209,2.7796242119583512e-9,5.27221415721929e-5,5.9131585420687404e-5,0.11113068578645209,-0.11110658667814678
2100,0.25,-0.11113363440201433,3.614628129564973e-9,6.012177749838217e-5,5.835269856464973e-5,0.11113363440201433,-0.11110658896976193
2101,0.625,-0.11113586284884062,4.3257949560146024e-9,6.577077585078804e-5,5.624113323182608e-5,0.11113586284884062,-0.11110658885246884
2102,1.5625,-0.11113616019845034,4.446718803593903e-9,6.668372217860895e-5,5.072923216221214e-5,0.11113616019845034,-0.11110658312429826
2103,3.90625,-0.11113175895199831,3.1417162200911895e-9,5.605101444301601e-5,3.872072502784906e-5,0.11113175895199831,-0.11110657040783373
2104,9.765625,-0.11111866560094713,5.983485053260707e-10,2.4461163204681637e-5,3.40870825296129e-5,0.11111866560094713,-0.11110656817421109
2105,3.90625,-0.1111134070064636,1.649891382557016e-10,1.2844809778883516e-5,5.918463088787581e-5,0.1111134070064636,-0.1111065725402847
2106,1.5625,-0.11110939147898677,7.533696835570056e-11,8.679687111624506e-6,6.440724921410804e-5,0.11110939147898677,-0.1111065768562636
2107,0.625,-0.11110572607093988,1.7669886843209962e-10,1.329281266068621e-5,6.416027474028283e-5,0.11110572607093988,-0.11110658085950824
2108,0.25,-0.1111021749871136,4.412601799616549e-10,2.100619384756922e-5,6.31792881545203e-5,0.1111021749871136,-0.11110658469999113
2109,0.1,-0.11109866274750581,8.634297388655062e-10,2.9384174973368e-5,6.242910265334829e-5,0.11109866274750581,-0.11110658848159713
2110,0.1,-0.11109520271315045,1.4350962791758966e-9,3.788266462613073e-5,6.197099776922251e-5,0.11109520271315045,-0.11110659213301732
2111,0.1,-0.11109180444143622,2.1468047852825064e-9,4.633362478030946e-5,6.13905058762577e-5,0.11109180444143622,-0.11110659562638296
2112,0.1,-0.1110884772603505,2.987698064626239e-9,5.465983959568706e-5,6.06909880126725e-5,0.1110884772603505,-0.11110659893589893
2113,0.25,-0.11108541493108369,3.888955031887282e-9,6.236148676777425e-5,5.9878611058597797e-5,0.11108541493108369,-0.11110660132212495
2114,0.625,-0.1110830984631022,4.656735571720562e-9,6.824027822130096e-5,5.7661458722985076e-5,0.1110830984631022,-0.1111066011134052
2115,1.5625,-0.11108278390632896,4.787094655623901e-9,6.918883331596148e-5,5.1850049714869686e-5,0.11108278390632896,-0.11110659486015649
2116,3.90625,-0.11108734159894725,3.377458796748835e-9,5.811590829324476e-5,3.909562444177675e-5,0.11108734159894725,-0.11110658109756501
2117,9.765625,-0.11110090726264653,6.336026955309636e-10,2.5171465899525272e-5,3.412739960606517e-5,0.11110090726264653,-0.11110657871884344
2118,3.90625,-0.11110634744624974,1.678286903498993e-10,1.2954871298083177e-5,6.0703867669330906e-5,0.11110634744624974,-0.1111065833711099
2119,1.5625,-0.11111049990248205,7.212094806256278e-11,8.492405316667522e-6,6.616051440602006e-5,0.11111049990248205,-0.11110658794230298
2120,0.625,-0.11111428931823601,1.819193137777069e-10,1.3487746801364077e-5,6.58899683637938e-5,0.11111428931823601,-0.11110659216695565
2121,0.25,-0.11111795973782221,4.672093067260809e-10,2.16150250225643e-5,6.485505632163232e-5,0.11111795973782221,-0.1111065962125874
2122,0.1,-0.11112158924750111,9.218907672043396e-10,3.0362654152829583e-5,6.406391131576974e-5,0.11112158924750111,-0.11110660019318754
2123,0.1,-0.11112516410600065,1.5371498950930304e-9,3.9206503224503846e-5,6.357966724845114e-5,0.11112516410600065,-0.11110660403321977
2124,0.1,-0.11112867448807956,2.3027359644276646e-9,4.798683115634606e-5,6.296729371735297e-5,0.11112867448807956,-0.11110660770278748
2125,0.1,-0.11113211081429508,3.206904521106581e-9,5.6629537532162325e-5,6.223032752734844e-5,0.11113211081429508,-0.11110661117424385
2126,0.25,-0.1111352732757184,4.175663558431542e-9,6.461937448189623e-5,6.137547212802513e-5,0.1111352732757184,-0.11110661365354764
2127,0.625,-0.11113766599941212,5.000859871301823e-9,7.071675806555207e-5,5.904807644545008e-5,0.11113766599941212,-0.11110661334524095
2128,1.5625,-0.11113799408278896,5.141480784632155e-9,7.170411971868949e-5,5.29430106625425e-5,0.11113799408278896,-0.11110660654382087
2129,3.90625,-0.11113329626535517,3.6275940983219574e-9,6.0229511855252135e-5,3.9454352271423754e-5,0.11113329626535517,-0.11110659167474705
2130,9.765625,-0.1111192901166333,6.753930169995879e-10,2.5988324628563264e-5,3.4131076992127174e-5,0.1111192901166333,-0.11110658908588143
2131,3.90625,-0.11111365526954707,1.7296113274781136e-10,1.3151468843738001e-5,6.232835221793566e-5,0.11111365526954707,-0.11110659404548429
2132,1.5625,-0.1111093523896357,6.988202337607144e-11,8.359546840353934e-6,6.806211204024277e-5,0.1111093523896357,-0.1111065988991449
2133,0.625,-0.11110542479360577,1.8869681732685028e-10,1.373669601202743e-5,6.778084153297876e-5,0.11110542479360577,-0.11110660337153304
2134,0.25,-0.11110161973808537,4.970850524848071e-10,2.229540429067854e-5,6.669751746772632e-5,0.11110161973808537,-0.11110660764811524
2135,0.1,-0.11109785630344061,9.885456682251616e-10,3.144114610228389e-5,6.58702847580856e-5,0.11109785630344061,-0.11110661185381074
2136,0.1,-0.11109414872081558,1.6536520437243823e-9,4.0665120726789715e-5,6.53655444474507e-5,0.11109414872081558,-0.11110661590812633
2137,0.1,-0.1110905072346069,2.481402929196622e-9,4.981368214854852e-5,6.472589384826406e-5,0.1110905072346069,-0.1111066197787065
2138,0.1,-0.11108694184430988,3.4591681045380547e-9,5.8814692930746944e-5,6.395487658507425e-5,0.11108694184430988,-0.11110662343560786
2139,0.25,-0.11108366002259279,4.506961320065381e-9,6.713390589013409e-5,6.305917181685472e-5,0.11108366002259279,-0.11110662602135292
2140,0.625,-0.11108117694772084,5.39948410112052e-9,7.348118195239187e-5,6.061084726423945e-5,0.11108117694772084,-0.11110662559591428
2141,1.5625,-0.11108083816234933,5.550939593337303e-9,7.450462799945587e-5,5.416842362061153e-5,0.11108083816234933,-0.11110661815749884
2142,3.90625,-0.11108571974904571,3.9118172732279754e-9,6.254452232792233e-5,3.983285367917645e-5,0.11108571974904571,-0.11110660202567486
2143,9.765625,-0.1111002605455669,7.20789541746021e-10,2.684752394069183e-5,3.414714917637661e-5,0.1111002605455669,-0.11110659923181432
2144,3.90625,-0.1111061026329348,1.798710480492888e-10,1.3411601248519463e-5,6.403373830775921e-5,0.1111061026329348,-0.11110660451703441
2145,1.5625,-0.11111056303613358,6.966743344905953e-11,8.346701950414877e-6,7.002340280340329e-5,0.11111056303613358,-0.11110660966714464
2146,0.625,-0.11111463376347443,1.9860252447279925e-10,1.409264079130662e-5,6.971427497713109e-5,0.11111463376347443,-0.11110661439887984
2147,0.25,-0.11111857673148016,5.31731941995802e-10,2.305931356297932e-5,6.857021581666836e-5,0.11111857673148016,-0.11110661891669228
2148,0.1,-0.11112247575659712,1.0619392513467374e-9,3.258740939913355e-5,6.769690631912219e-5,0.11112247575659712,-0.11110662335675446
2149,0.1,-0.1111263161574893,1.7789505944624544e-9,4.217760773754783e-5,6.716265203594654e-5,0.1111263161574893,-0.11110662763300048
2150,0.1,-0.11113008739238839,2.6708088224387682e-9,5.167986863797903e-5,6.64872392180848e-5,0.11113008739238839,-0.11110663171068318
2151,0.1,-0.11113377918306201,3.7238208385870755e-9,6.102311724737663e-5,6.567439309037422e-5,0.11113377918306201,-0.11110663555767807
2152,0.25,-0.11113717726278168,4.851850856304778e-9,6.965522849223006e-5,6.473137504448665e-5,0.11113717726278168,-0.11110663825100935
2153,0.625,-0.11113974978984004,5.812608385668676e-9,7.624046422778836e-5,6.216085761243943e-5,0.11113974978984004,-0.11110663770261832
2154,1.5625,-0.1111401077017932,5.976319629228629e-9,7.730665966932364e-5,5.539265251098239e-5,0.1111401077017932,-0.11110662960424347
2155,3.90625,-0.11113507312666988,4.213508748268123e-9,6.491154556986086e-5,4.02294159275845e-5,0.11113507312666988,-0.11110661213862705
2156,9.765625,-0.11112004288656317,7.746905092105348e-10,2.7833262640418836e-5,3.414514201661052e-5,0.11112004288656317,-0.11110660905419283
2157,24.4140625,-0.11110244728913253,4.383456306526898e-10,2.093670534379012e-5,6.569944133014247e-5,0.11110244728913253,-0.11110661535054858
2158,9.765625,-0.11110809018199717,8.76141238666775e-11,9.360241656425195e-6,3.7220482360268345e-5,0.11110809018199717,-0.11110661725832387
2159,3.90625,-0.1111104272846078,6.214504290171979e-11,7.883212727163957e-6,4.236425251501053e-5,0.1111104272846078,-0.11110661901371734
2160,1.5625,-0.11111224837743254,9.396832383243822e-11,9.693726003577685e-6,4.181343461560784e-5,0.11111224837743254,-0.11110662060517776
2161,0.625,-0.11111392612469506,1.6342306252799705e-10,1.2783703005310982e-5,4.071384669979024e-5,0.11111392612469506,-0.1111066221320208
2162,0.25,-0.11111555772761851,2.676723144473796e-10,1.636069419209893e-5,3.9945352265673165e-5,0.11111555772761851,-0.11110662364228072
2163,0.1,-0.11111717385347504,4.0637327930097215e-10,2.0158702321850286e-5,3.949423324051352e-5,0.11111717385347504,-0.11110662515255423
2164,0.1,-0.11111875952852042,5.766022913668271e-10,2.4012544458403966e-5,3.923992595703656e-5,0.11111875952852042,-0.11110662662209567
2165,0.1,-0.11112031035157151,7.756742751653757e-10,2.7850929520670862e-5,3.894763386014647e-5,0.11112031035157151,-0.11110662804544645
2166,0.1,-0.11112182204918285,1.0006363866572517e-9,3.163283715788471e-5,3.861922257106807e-5,0.11112182204918285,-0.11110662941768115
2167,0.25,-0.11112318710369869,1.2303599508414258e-9,3.507648715081694e-5,3.8258585332399316e-5,0.11112318710369869,-0.11110663051518127
2168,0.625,-0.11112414841582338,1.4087457782181017e-9,3.75332622911745e-5,3.7356711006225344e-5,0.11112414841582338,-0.11110663087269533
2169,1.5625,-0.11112404613421978,1.3956086566612237e-9,3.7357845985297706e-5,3.5190841295510294e-5,0.11112404613421978,-0.11110662957855419
2170,3.90625,-0.11112140257548839,9.551248656214814e-10,3.09050944930036e-5,3.129992917714718e-5,0.11112140257548839,-0.11110662640941585
2171,9.765625,-0.11111418964917719,1.9324848175503565e-10,1.3901384166874739e-5,3.190814436297622e-5,0.11111418964917719,-0.11110662660575728
2172,3.90625,-0.11111130827668925,7.469792338864557e-11,8.6427960399772e-6,4.216096685646548e-5,0.11111130827668925,-0.11110662854616406
2173,1.5625,-0.11110910618831413,6.063028278183599e-11,7.786544983613464e-6,4.402650233120944e-5,0.11110910618831413,-0.11110663046190919
2174,0.625,-0.11110709447220621,1.0605189974080586e-10,1.0298150306768971e-5,4.366038202999237e-5,0.11110709447220621,-0.11110663229339071
2175,0.25,-0.11110514472313646,2.0302986034301887e-10,1.4248854702853099e-5,4.3093539211166855e-5,0.11110514472313646,-0.11110663408413672
2176,0.1,-0.11110321599622247,3.500497511818231e-10,1.870961654288572e-5,4.2694327102028855e-5,0.11110321599622247,-0.11110663586198731
2177,0.1,-0.11110131778336263,5.442717625731024e-10,2.332963271406351e-5,4.245519752521699e-5,0.11110131778336263,-0.11110663759494727
2178,0.1,-0.11109945538355198,7.825060142250476e-10,2.797330896095504e-5,4.2160285607412614e-5,0.11109945538355198,-0.11110663927428331
2179,0.1,-0.11109763396204932,1.0611233915553272e-9,3.257488897226401e-5,4.181178026442395e-5,0.11109763396204932,-0.1111066408919556
2180,0.1,-0.11109585853609068,1.3761010795176607e-9,3.709583641755043e-5,4.1412285765177495e-5,0.11109585853609068,-0.11110664244069889
2181,0.25,-0.111094256087973,1.6979647797303974e-9,4.1206368193889614e-5,4.0966033465967445e-5,0.111094256087973,-0.11110664361070373
2182,0.625,-0.11109312986451327,1.948244382593722e-9,4.413892140269993e-5,3.980193836995989e-5,0.11109312986451327,-0.11110664375512927
2183,1.5625,-0.11109325776263274,1.9306110908479783e-9,4.3938719722449565e-5,3.693852362024896e-5,0.11109325776263274,-0.11110664160853996
2184,3.90625,-0.11109638099225298,1.314466458902416e-9,3.625557141878219e-5,3.162806143857943e-5,0.11109638099225298,-0.1111066368866585
2185,9.765625,-0.11110488866043323,2.4751599465539964e-10,1.573264105785801e-5,3.2422271122061795e-5,0.11110488866043323,-0.1111066370115461
2186,3.90625,-0.11110829678817585,8.149732310042305e-11,9.027586781661146e-6,4.6016944339083643e-5,0.11110829678817585,-0.1111066394474539
2187,1.5625,-0.1111109037813593,6.191544535378178e-11,7.868636816741626e-6,4.841808546928619e-5,0.1111109037813593,-0.1111066417952982
2188,0.625,-0.11111328594319735,1.2576119517323402e-10,1.1214329902996166e-5,4.7961964053452374e-5,0.11111328594319735,-0.1111066440043113
2189,0.25,-0.11111559473238898,2.6195029535450793e-10,1.618487860178469e-5,4.7247737029218144e-5,0.11111559473238898,-0.11110664614856723
2190,0.1,-0.11111787845380044,4.683874431311548e-10,2.164226058273846e-5,4.674636281676679e-5,0.11111787845380044,-0.1111066482722652
2191,0.1,-0.1111201259855825,7.41122335480625e-10,2.7223562137983064e-5,4.6449125183711774e-5,0.1111201259855825,-0.11110665033386666
2192,0.1,-0.11112233109937975,1.0757045089641045e-9,3.279793452283397e-5,4.607938585462181e-5,0.11112233109937975,-0.11110665232103321
2193,0.1,-0.11112448772708915,1.4670647723087666e-9,3.830228155487303e-5,4.5639772394346116e-5,0.11112448772708915,-0.11110665422240358
2194,0.25,-0.11112646432651727,1.8822672663768228e-9,4.338510419921592e-5,4.513476398228943e-5,0.11112646432651727,-0.11110665568391101
2195,0.625,-0.1111279371212883,2.2296403350560643e-9,4.721906749456266e-5,4.377954683182336e-5,0.1111279371212883,-0.11110665592039363
2196,1.5625,-0.11112806396478106,2.2728143449506586e-9,4.767404267471617e-5,4.031707077471797e-5,0.11112806396478106,-0.11110665332910492
2197,3.90625,-0.1111249291880117,1.5940689775588499e-9,3.9925793386717436e-5,3.3239053209864674e-5,0.1111249291880117,-0.11110664728519601
2198,9.765625,-0.11111580418889501,3.100044647202673e-10,1.7606943650738117e-5,3.141145753210914e-5,0.11111580418889501,-0.11110664661057701
2199,3.90625,-0.11111215696944611,9.829092853749511e-11,9.914178157441752e-6,4.676977864631472e-5,0.11111215696944611,-0.11110664917133256
2200,1.5625,-0.11110937461772348,5.995756425838939e-11,7.74322699256514e-6,4.9953079556090964e-5,0.11110937461772348,-0.11110665170924183
2201,0.625,-0.11110683534347461,1.1839506822118988e-10,1.0880949784885044e-5,4.9682457983950246e-5,0.11110683534347461,-0.1111066540982556
2202,0.25,-0.11110437537164151,2.598096412626709e-10,1.6118611641908583e-5,4.8990109241660724e-5,0.11110437537164151,-0.11110665641114634
2203,0.1,-0.11110194235769488,4.81475898432036e-10,2.194255906752984e-5,4.847608058016047e-5,0.11110194235769488,-0.11110665869755658
2204,0.1,-0.1110995463830811,7.791475921971388e-10,2.7913215368300707e-5,4.8164604131688965e-5,0.1110995463830811,-0.11110666091593568
2205,0.1,-0.11109719411192638,1.1479078181389338e-9,3.3880788334082984e-5,4.777335365454476e-5,0.11109719411192638,-0.11110666305213471
2206,0.1,-0.11109489204509869,1.5821245317316598e-9,3.977592904925867e-5,4.7304959046749235e-5,0.11109489204509869,-0.1111066650930831
2207,0.25,-0.11109277693214095,2.045876268639883e-9,4.5231363771611874e-5,4.676404674712879e-5,0.11109277693214095,-0.11110666665165819
2208,0.625,-0.11109118735682809,2.438332470052799e-9,4.9379474177564905e-5,4.5303724803423554e-5,0.11109118735682809,-0.1111066668598179
2209,1.5625,-0.1110910062565068,2.4980719739547304e-9,4.9980716020828775e-5,4.154127418407234e-5,0.1110910062565068,-0.11110666393352255
2210,3.90625,-0.11109424737005001,1.759470806508524e-9,4.194604637517729e-5,3.368903881958275e-5,0.11109424737005001,-0.11110665713594903
2211,9.765625,-0.11110379357630053,3.4055756250867134e-10,1.8454201757558394e-5,3.116229672125022e-5,0.11110379357630053,-0.11110665620942868
2212,3.90625,-0.11110760606358933,1.0463954802324425e-10,1.0229347389899526e-5,4.775642910491613e-5,0.11110760606358933,-0.11110665891546415
2213,1.5625,-0.1111105129055969,5.955766849562305e-11,7.717361498311651e-6,5.125308748896023e-5,0.1111105129055969,-0.11110666160262248
2214,0.625,-0.11111316490935354,1.205583656464425e-10,1.0979907360558307e-5,5.1009024862668435e-5,0.11111316490935354,-0.11110666412522967
2215,0.25,-0.11111573351652063,2.722994049948687e-10,1.6501497053142444e-5,5.0289416450435144e-5,0.11111573351652063,-0.1111066665627025
2216,0.1,-0.11111827352796881,5.116986525239974e-10,2.2620757116506896e-5,4.974863459340827e-5,0.11111827352796881,-0.11110666896999914
2217,0.1,-0.11112077479098548,8.341333678567125e-10,2.8881367139675236e-5,4.941908034700654e-5,0.11112077479098548,-0.11110667130345873
2218,0.1,-0.11112323037800238,1.2342344255782327e-9,3.513167268403588e-5,4.900455371053169e-5,0.11112323037800238,-0.11110667354762557
2219,0.1,-0.11112563353503983,1.7058557074811619e-9,4.1302006095117966e-5,4.850781334582387e-5,0.11112563353503983,-0.11110667568822309
2220,0.25,-0.1111278424901676,2.210125680938765e-9,4.701197380390197e-5,4.793382343008975e-5,0.1111278424901676,-0.1111066773064795
2221,0.625,-0.11112950592239398,2.637860733203834e-9,5.136010838387935e-5,4.638390637834983e-5,0.11112950592239398,-0.11110667746104638
2222,1.5625,-0.11112970717743507,2.70572325550285e-9,5.201656712531931e-5,4.237905648614959e-5,0.11112970717743507,-0.1111066742141048
2223,3.90625,-0.11112635310439581,1.9077107608746102e-9,4.3677348372750497e-5,3.393619777265925e-5,0.11112635310439581,-0.11110666675438377
2224,9.765625,-0.1111164334444775,3.6644713704599906e-10,1.9142809016599393e-5,3.1077732854638134e-5,0.1111164334444775,-0.11110666567214761
2225,3.90625,-0.1111124585365178,1.0849582078775825e-10,1.0416132717460844e-5,4.889139474290282e-5,0.1111124585365178,-0.11110666854736663
2226,1.5625,-0.11110942587238927,5.831440988584259e-11,7.636387227337453e-6,5.264098230503883e-5,0.11110942587238927,-0.11110667139528556
2227,0.625,-0.11110665832739262,1.2362274784507317e-10,1.1118576700507721e-5,5.240365443501648e-5,0.11110665832739262,-0.11110667406015502
2228,0.25,-0.11110397733056153,2.8771862279251875e-10,1.6962270567129825e-5,5.1652623511283856e-5,0.11110397733056153,-0.1111066766305843
2229,0.1,-0.11110132576462722,5.472742620271511e-10,2.3393893691028673e-5,5.1086706691410474e-5,0.11110132576462722,-0.11110667916755453
2230,0.1,-0.11109871406074588,8.973235862655965e-10,2.9955359892106063e-5,5.0742860498990534e-5,0.11109871406074588,-0.11110668162480643
2231,0.1,-0.1110961494618717,1.3320751422267639e-9,3.6497604609436545e-5,5.030864833421676e-5,0.1110961494618717,-0.11110668398546797
2232,0.1,-0.11109363903532626,1.8448847687467663e-9,4.295212181891328e-5,4.978687318923879e-5,0.11109363903532626,-0.1111066862339397
2233,0.25,-0.1110913303066767,2.3935598153140956e-9,4.89240208416489e-5,4.918252149155971e-5,0.1110913303066767,-0.11110668791619738
2234,0.625,-0.11108958914410277,2.8594025304982334e-9,5.3473381513592664e-5,4.7541176571422534e-5,0.11108958914410277,-0.11110668801002684
2235,1.5625,-0.11108937047119091,2.9341551423601316e-9,5.416784232697599e-5,4.3281529226551486e-5,0.11108937047119091,-0.11110668441085182
2236,3.90625,-0.11109285506390532,2.0671109870362834e-9,4.546549226651223e-5,3.42232312481134e-5,0.11109285506390532,-0.11110667624319917
2237,9.765625,-0.11110317807611639,3.9160725379696033e-10,1.9789069048264004e-5,3.108368883245447e-5,0.11110317807611639,-0.11110667504259474
2238,3.90625,-0.11110731206313021,1.1139484938781504e-10,1.0554375840750368e-5,5.01158880784902e-5,0.11110731206313021,-0.11110667810589839
2239,1.5625,-0.11111046535026892,5.677293907111906e-11,7.534781952460141e-6,5.408172206380598e-5,0.11111046535026892,-0.11110668112482601
2240,0.625,-0.11111334244363331,1.2744473940963737e-10,1.1289142545367977e-5,5.383007090440633e-5,0.11111334244363331,-0.11110668393889687
2241,0.25,-0.11111612910098462,3.052160627408851e-10,1.7470433959718492e-5,5.303461025835245e-5,0.11111612910098462,-0.11110668664777835
2242,0.1,-0.11111888472692183,5.864170044313434e-10,2.4216048489201193e-5,5.2433968389475486e-5,0.11111888472692183,-0.11110668931905454
2243,0.1,-0.11112159858167893,9.656194019903186e-10,3.107441716252002e-5,5.20676477283893e-5,0.11112159858167893,-0.11110669190361479
2244,0.1,-0.11112426317046202,1.4365044110405501e-9,3.790124550777389e-5,5.1605983543283816e-5,0.11112426317046202,-0.11110669438321344
2245,0.1,-0.1111268711856926,1.991836983226938e-9,4.4630000932410234e-5,5.105191712666109e-5,0.1111268711856926,-0.11110669674099351
2246,0.25,-0.1111292697399798,2.5859624415699323e-9,5.0852359252741976e-5,5.0410860995291576e-5,0.1111292697399798,-0.11110669848625673
2247,0.625,-0.11113107968571569,3.0905623307566725e-9,5.5592826252644075e-5,4.8674486685786786e-5,0.11113107968571569,-0.11110669851347929
2248,1.5625,-0.11113131133750312,3.172427314505381e-9,5.632430482931308e-5,4.416332434776999e-5,0.11113131133750312,-0.11110669454564975
2249,3.90625,-0.11112770311345127,2.2355603798366286e-9,4.7281712953705774e-5,3.449781530231973e-5,0.11112770311345127,-0.11110668563228332
2250,9.765625,-0.11111699412175607,4.205020546012965e-10,2.0506146751676593e-5,3.1082873497122864e-5,0.11111699412175607,-0.11110668428032365
2251,3.90625,-0.11111269604488752,1.1559457532822756e-10,1.0751491772225265e-5,5.142837774266098e-5,0.11111269604488752,-0.11110668754574536
2252,1.5625,-0.11110941675175141,5.578585430701399e-11,7.468992857608983e-6,5.5640115850530235e-5,0.11110941675175141,-0.11110669075324267
2253,0.625,-0.11110642425640703,1.3218615105439128e-10,1.1497223623744615e-5,5.5385127187598716e-5,0.11110642425640703,-0.11110669373373057
2254,0.25,-0.11110352539845819,3.2505871863794667e-10,1.8029384865766958e-5,5.455159197832827e-5,0.11110352539845819,-0.11110669659820069
2255,0.1,-0.11110065837614296,6.304605172229294e-10,2.5108972842849018e-5,5.392211715198735e-5,0.11110065837614296,-0.11110669942132878
2256,0.1,-0.11109783434099689,1.042554421225616e-9,3.228861132389586e-5,5.35396369042999e-5,0.11109783434099689,-0.11110670215070574
2257,0.1,-0.11109506112518767,1.5545239228946303e-9,3.942745138725848e-5,5.3056076210725605e-5,0.11109506112518767,-0.11110670476644514
2258,0.1,-0.1110923463717884,2.1585480930283766e-9,4.6460177496737745e-5,5.2474404265482926e-5,0.1110923463717884,-0.11110670725015802
2259,0.25,-0.11108984932206062,2.8050319139101078e-9,5.296255199582161e-5,5.180002122995399e-5,0.11108984932206062,-0.11110670906917576
2260,0.625,-0.1110879650610107,3.354397499396014e-9,5.79171606641418e-5,4.9963559692499164e-5,0.1110879650610107,-0.1111067090221609
2261,1.5625,-0.11108772503421854,3.44399930927579e-9,5.8685597119530014e-5,4.517311669319615e-5,0.11108772503421854,-0.11110670463485744
2262,3.90625,-0.11109148583292133,2.4252176164835015e-9,4.924649852003187e-5,3.482390681569646e-5,0.11109148583292133,-0.11110669488087253
2263,9.765625,-0.11110264074194631,4.5182666102911674e-10,2.1256214644877784e-5,3.11092575257123e-5,0.11110264074194631,-0.11110669337757151
2264,3.90625,-0.11110711533465324,1.207292181529011e-10,1.0987684840443008e-5,5.2822133748250034e-5,0.11110711533465324,-0.11110669686026911
2265,1.5625,-0.11111052916332814,5.5744191678053275e-11,7.466203297396427e-6,5.7269093934257044e-5,0.11111052916332814,-0.1111067002689192
2266,0.625,-0.11111364411962232,1.385623946098981e-10,1.1771252890406276e-5,5.7000403349855994e-5,0.11111364411962232,-0.11110670342670978
2267,0.25,-0.11111666118521277,3.477075607311431e-10,1.8646918263647297e-5,5.612102592669749e-5,0.11111666118521277,-0.11110670645675498
2268,0.1,-0.11111964464410927,6.788485285041068e-10,2.6054721808227136e-5,5.545630042292964e-5,0.11111964464410927,-0.11110670944113439
2269,0.1,-0.11112258294210621,1.1256097203578964e-9,3.355010760575734e-5,5.505177580210119e-5,0.11112258294210621,-0.11110671232374304
2270,0.1,-0.11112546797321603,1.6805594713166794e-9,4.0994627346966816e-5,5.454059342108924e-5,0.11112546797321603,-0.11110671508303496
2271,0.1,-0.11112829183376366,2.3351852778181425e-9,4.832375479842334e-5,5.3925882863664665e-5,0.11112829183376366,-0.11110671769909926
2272,0.25,-0.11113088928282987,3.0357749859075593e-9,5.5097867344458616e-5,5.321346177005772e-5,0.11113088928282987,-0.11110671959532631
2273,0.625,-0.11113285045299816,3.631295149144868e-9,6.0260228585235784e-5,5.1275060978687926e-5,0.11113285045299816,-0.11110671947074839
2274,1.5625,-0.11113310525631774,3.729368066204825e-9,6.10685521869057e-5,4.621039075979957e-5,0.11113310525631774,-0.11110671464469345
2275,3.90625,-0.1111292071890683,2.6273296122692095e-9,5.125748347577366e-5,3.5182543831805546e-5,0.1111292071890683,-0.11110670399913478
2276,9.765625,-0.11111762156067267,4.872352306088184e-10,2.207340550546785e-5,3.11341412564224e-5,0.11111762156067267,-0.11110670230762233
2277,3.90625,-0.11111296056254139,1.2651408217424265e-10,1.124784789078527e-5,5.4321392278696706e-5,0.11111296056254139,-0.11110670603075387
2278,1.5625,-0.1111094027382645,5.5227205371039536e-11,7.4315008827988126e-6,5.9037163135775536e-5,0.1111094027382645,-0.11110670966542793
2279,0.625,-0.11110615562125567,1.4477236710886318e-10,1.2032138924931976e-5,5.876336692335093e-5,0.11110615562125567,-0.11110671302320223
2280,0.25,-0.11110300995880443,3.7181377320432856e-10,1.9282473212851316e-5,5.784034979541242e-5,0.11110300995880443,-0.11110671624025326
2281,0.1,-0.11109989878140301,7.316806350789925e-10,2.704959583947591e-5,5.714185075101515e-5,0.11109989878140301,-0.11110671940696838
2282,0.1,-0.11109683406755111,1.2174994126172512e-9,3.489268422774681e-5,5.67173640786743e-5,0.11109683406755111,-0.11110672246326647
2283,0.1,-0.11109382430172798,1.8212352430796552e-9,4.267593283197984e-5,5.6180073497593524e-5,0.11109382430172798,-0.11110672538567039
2284,0.1,-0.11109087776445964,2.5336681555981547e-9,5.033555558050546e-5,5.553312635481556e-5,0.11109087776445964,-0.1111067281524676
2285,0.25,-0.11108816672416261,3.2963879173549492e-9,5.74141787135804e-5,5.478237813544019e-5,0.11108816672416261,-0.11110673013716955
2286,0.625,-0.11108611872470384,3.944954484648424e-9,6.280887265863338e-5,5.27331302485881e-5,0.11108611872470384,-0.1111067299250604
2287,1.5625,-0.11108585021109761,4.05196735453021e-9,6.365506542711437e-5,4.736213309237776e-5,0.11108585021109761,-0.1111067246016434
2288,3.90625,-0.11108991313579367,2.85224797789405e-9,5.340644135208832e-5,3.5577167369494805e-5,0.11108991313579367,-0.11110671296088702
2289,9.765625,-0.11110198854083843,5.239724500219879e-10,2.2890444513420612e-5,3.120295829698978e-5,0.11110198854083843,-0.11110671109850054
2290,3.90625,-0.11110684002396072,1.3218856992588834e-10,1.1497328816985637e-5,5.591334645558796e-5,0.11110684002396072,-0.11110671508441186
2291,1.5625,-0.11111054210988393,5.47777847108879e-11,7.401201572102188e-6,6.0881600283172e-5,0.11111054210988393,-0.11110671896143108
2292,0.625,-0.11111392019113642,1.5195394221817487e-10,1.232695997471294e-5,6.059132056683391e-5,0.11111392019113642,-0.11110672253269095
2293,0.25,-0.11111719211164148,3.9830950046808924e-10,1.9957692764147092e-5,5.961748826947373e-5,0.11111719211164148,-0.11110672594902933
2294,0.1,-0.1111204275640197,7.887042458175338e-10,2.808387875307707e-5,5.887985639883016e-5,0.1111204275640197,-0.11110672930973134
2295,0.1,-0.11112361413771103,1.3156178064958936e-9,3.627144615942262e-5,5.843065590389746e-5,0.11112361413771103,-0.11110673255040561
2296,0.1,-0.11112674305211219,1.9702786794322946e-9,4.4387821296300344e-5,5.786273577127042e-5,0.11112674305211219,-0.11110673564562643
2297,0.1,-0.11112980574564424,2.742641259359313e-9,5.23702325692689e-5,5.7179410067230026e-5,0.11112980574564424,-0.11110673857189701
2298,0.25,-0.11113262342485439,3.5694218500811043e-9,5.97446386722784e-5,5.638699041804376e-5,0.11113262342485439,-0.11110674065074252
2299,0.625,-0.11113475247979432,4.272642425527808e-9,6.536545284420362e-5,5.422721923840618e-5,0.11113475247979432,-0.1111067403495516
2300,1.5625,-0.11113503448931338,4.38978497062309e-9,6.625545238411017e-5,4.855938913853126e-5,0.11113503448931338,-0.11110673450942819
2301,3.90625,-0.1111308198717909,3.091797574812889e-9,5.56039348860572e-5,3.603004262259942e-5,0.1111308198717909,-0.11110672181475298
2302,9.765625,-0.11111827426414324,5.663331291698155e-10,2.3797754708581555e-5,3.128087323054493e-5,0.11111827426414324,-0.11110671972777911
2303,3.90625,-0.11111321936329394,1.393527403278794e-10,1.1804776165937217e-5,5.762424175694699e-5,0.11111321936329394,-0.11110672400118327
2304,1.5625,-0.11110936022283253,5.442728220851991e-11,7.3774848158786414e-6,6.288782115247231e-5,0.11110936022283253,-0.11110672815000008
2305,0.625,-0.11110583798322649,1.5959771241847827e-10,1.263319881971618e-5,6.259584448997741e-5,0.11110583798322649,-0.11110673196283259
2306,0.25,-0.11110242575203386,4.272765305186474e-10,2.067066836168215e-5,6.15781280234829e-5,0.11110242575203386,-0.11110673560579937
2307,0.1,-0.11109905089936777,8.519464310406192e-10,2.918812140307456e-5,6.080693789442624e-5,0.11109905089936777,-0.11110673918796918
2308,0.1,-0.11109572633532194,1.425517466578286e-9,3.775602556650112e-5,6.033885968437466e-5,0.11109572633532194,-0.11110674264012804
2309,0.1,-0.11109246126029249,2.138520486224572e-9,4.624414002038066e-5,5.9745140882034755e-5,0.11109246126029249,-0.1111067459344971
2310,0.1,-0.11108926465437663,2.980084494624559e-9,5.45901501612201e-5,5.9029119122177685e-5,0.11108926465437663,-0.11110674904537929
2311,0.25,-0.11108632313048415,3.881321335011331e-9,6.230025148433456e-5,5.819705947287054e-5,0.11108632313048415,-0.1111067512345428
2312,0.625,-0.11108409994535359,4.6482069463318794e-9,6.817775990989935e-5,5.591811956442733e-5,0.11108409994535359,-0.111106750832997
2313,1.5625,-0.11108380502215665,4.776247717383687e-9,6.911040238186786e-5,4.991616857027366e-5,0.11108380502215665,-0.11110674440123346
2314,3.90625,-0.11108820499108318,3.3614232553501405e-9,5.797778242870402e-5,3.654501787207285e-5,0.11108820499108318,-0.11110673051676596
2315,9.765625,-0.11110129617396805,6.106903701922959e-10,2.4712150254324204e-5,3.140119013140672e-5,0.11110129617396805,-0.11110672822222796
2316,3.90625,-0.11110656445204158,1.466043756430144e-10,1.2108029387270845e-5,5.942461038896295e-5,0.11110656445204158,-0.11110673280880594
2317,1.5625,-0.1111105857745452,5.4354517015123e-11,7.372551594605697e-6,6.495969173185928e-5,0.1111105857745452,-0.11110673724725549
2318,0.625,-0.1111142554384827,1.685936311666894e-10,1.298436102265681e-5,6.464743871420545e-5,0.1111142554384827,-0.11110674131549192
2319,0.25,-0.11111780984248064,4.592413582038975e-10,2.142991736344071e-5,6.35724143369248e-5,0.11111780984248064,-0.11110674519687486
2320,0.1,-0.1111213246288998,9.202026086010538e-10,3.0334841496224334e-5,6.275677440456961e-5,0.1111213246288998,-0.1111067490109895
2321,0.1,-0.11112478641676134,1.5426018976732202e-9,3.9275970995931086e-5,6.226004572741116e-5,0.11112478641676134,-0.11110675268345357
2322,0.1,-0.11112818568168732,2.3160799196308808e-9,4.812566799152902e-5,6.163139072457171e-5,0.11112818568168732,-0.11110675618419896
2323,0.1,-0.11113151313675695,3.228771897004362e-9,5.682228345468318e-5,6.0874325439262494e-5,0.11113151313675695,-0.11110675948543472
2324,0.25,-0.11113457499323089,4.205997888931351e-9,6.485366519273488e-5,5.999567431381872e-5,0.11113457499323089,-0.11110676178717033
2325,0.625,-0.11113689033244578,5.037681494149168e-9,7.097662639312444e-5,5.7595860362730536e-5,0.11113689033244578,-0.11110676128046817
2326,1.5625,-0.11113720307880175,5.177722154746511e-9,7.195639064563002e-5,5.127137096583009e-5,0.11113720307880175,-0.1111067542356503
2327,3.90625,-0.11113263910287696,3.6463870271746055e-9,6.038532128899047e-5,3.708267878072273e-5,0.11113263910287696,-0.11110673909912273
2328,9.765625,-0.11111903208693844,6.615726752426886e-10,2.5721055095829344e-5,3.151573671893923e-5,0.11111903208693844,-0.11110673653352418
2329,24.4140625,-0.11110309873533925,3.8060660283983847e-10,1.9509141519806516e-5,6.117012166868717e-5,0.11110309873533925,-0.11110674200080582
2330,9.765625,-0.11110825722013261,7.349774358545903e-11,8.5730825019627e-6,3.43629498374263e-5,0.11110825722013261,-0.11110674366583201
2331,3.90625,-0.11111040805455422,5.0874813510026235e-11,7.132658235891177e-6,3.93309226834548e-5,0.11111040805455422,-0.11110674519376763
2332,1.5625,-0.11111208590074594,7.871373852771e-11,8.872076336896003e-6,3.884437068963345e-5,0.11111208590074594,-0.11110674657074232
2333,0.625,-0.11111363219930608,1.396781459783176e-10,1.1818550925486491e-5,3.7820001068528296e-5,0.11111363219930608,-0.11110674788821939
2334,0.25,-0.11111513613787614,2.3126577177003718e-10,1.520742488950832e-5,3.710328558090038e-5,0.11111513613787614,-0.11110674919036843
2335,0.1,-0.11111662586901265,3.531805309443698e-10,1.8793097960271738e-5,3.6685056717483e-5,0.11111662586901265,-0.11110675049257931
2336,0.1,-0.11111808766380758,5.028913334280941e-10,2.242523875966751e-5,3.6452249826252665e-5,0.11111808766380758,-0.11110675175957886
2337,0.1,-0.1111195174803757,6.780556257211305e-10,2.6039501257150268e-5,3.618289619261234e-5,0.1111195174803757,-0.11110675298650409
2338,0.1,-0.11112091139333424,8.760933320744873e-10,2.9598873831186335e-5,3.5878798485436446e-5,0.11112091139333424,-0.11110675416896319
2339,0.25,-0.11112217072765904,1.0785541392258615e-9,3.284134801170411e-5,3.55436076386706e-5,0.11112217072765904,-0.11110675511071293
2340,0.625,-0.11112305946554303,1.2363656539847302e-9,3.516199161004294e-5,3.469446340314131e-5,0.11112305946554303,-0.11110675540257646
2341,1.5625,-0.11112747152267666,1.663565324587296e-8,0.00012897927448188317,4.2154890533745944e-5,0.11112747152267666,-0.11110764462565557
2342,3.90625,-0.11112356139855896,1.5103787129285976e-8,0.00012289746591889508,4.061525267468621e-5,0.11112356139855896,-0.11110758764606124
2343,9.765625,-0.111113972677702,1.2361271096371436e-8,0.00011118125334952577,5.4645961268711206e-5,0.111113972677702,-0.11110747619989039
2344,24.4140625,-0.11110435636366003,9.708041507737757e-9,9.852939413057281e-5,9.659900178336161e-5,0.11110435636366003,-0.11110727224852746
2345,61.03515625,-0.11110816951582396,2.2883166904713926e-9,4.783635323131763e-5,0.00015715495844137415,0.11110816951582396,-0.11110757773989909
2346,24.4140625,-0.11111785695770947,2.9362653760667077e-9,5.418731748358381e-5,0.00019607735936144933,0.11111785695770947,-0.11110756855488468
2347,9.765625,-0.11111334955987637,1.5045372676718442e-9,3.8788365106973045e-5,0.0001913254132754771,0.11111334955987637,-0.11110761088898789
2348,3.90625,-0.11111212548283503,1.3334446291881796e-9,3.65163611164664e-5,0.00017417308697146696,0.11111212548283503,-0.11110763556378805
2349,1.5625,-0.11111119514330386,1.3726449388670554e-9,3.70492231884429e-5,0.00016890128785215108,0.11111119514330386,-0.11110766215541118
2350,0.625,-0.11111034676790697,1.5739131655055793e-9,3.967257447539269e-5,0.00016588535177922348,0.11111034676790697,-0.11110768897954601
2351,0.25,-0.11110952497063353,1.923723490148349e-9,4.386027234466687e-5,0.0001636449236427317,0.11110952497063353,-0.11110771558620466
2352,0.1,-0.11110871195559713,2.4155642684602683e-9,4.914839029368376e-5,0.00016183531499168574,0.11110871195559713,-0.1111077418454358
2353,0.1,-0.11110790791412185,3.030072088757706e-9,5.5046090585596595e-5,0.00016030371946574597,0.11110790791412185,-0.11110776750758206
2354,0.1,-0.11110711492695535,3.7601604893580105e-9,6.132014749948022e-5,0.0001588291010380681,0.11110711492695535,-0.1111077925880614
2355,0.1,-0.11110633501521776,4.598994713657325e-9,6.781588835706072e-5,0.00015740222080944067,0.11110633501521776,-0.11110781709906764
2356,0.1,-0.11110557013478439,5.539994753415034e-9,7.443114101916639e-5,0.00015601516261552336,0.11110557013478439,-0.11110784105014526
2357,0.1,-0.1111048221709172,6.576841251356932e-9,8.109772654863348e-5,0.00015466116173365409,0.1111048221709172,-0.11110786444867571
2358,0.1,-0.11110409293315408,7.703482654873383e-9,8.776948589842248e-5,0.00015333445165141148,0.11110409293315408,-0.11110788730028583
2359,0.1,-0.11110338415047909,8.914142263892743e-9,9.441473541716221e-5,0.0001520301277133584,0.11110338415047909,-0.11110790960918868
2360,0.1,-0.11110269746679542,1.0203324054710582e-8,0.00010101150456611653,0.0001507440264034012,0.11110269746679542,-0.11110793137847003
2361,0.1,-0.11110203443671106,1.156581638778359e-8,0.000107544485622386,0.0001494726190133853,0.11110203443671106,-0.11110795261032379
2362,0.1,-0.11110139652165689,1.2996692920770486e-8,0.00011400303908567739,0.00014821291847819844,0.11110139652165689,-0.11110797330624861
2363,0.1,-0.11110078508634395,1.4491310248689079e-8,0.00012037985815197275,0.0001469623982094944,0.11110078508634395,-0.11110799346720679
2364,0.25,-0.11110027742510133,1.5948150013332325e-8,0.00012628598502340758,0.0001457260625840875,0.11110027742510133,-0.11110801047702372
2365,0.625,-0.11110003888030053,1.7163058501246396e-8,0.00013100785663938783,0.0001436867627469862,0.11110003888030053,-0.11110801955089647
2366,1.5625,-0.11110046582948767,1.7708786688277054e-8,0.0001330743652559615,0.0001396889645632911,0.11110046582948767,-0.11110800923260573
2367,3.90625,-0.11110235275151667,1.696756652234929e-8,0.0001302596120151956,0.0001316263531058645,0.11110235275151667,-0.11110795600825348
2368,9.765625,-0.11110641050176312,1.4443410497546002e-8,0.00012018074095938168,0.00011737418205271785,0.11110641050176312,-0.11110782369169941
2369,24.4140625,-0.11110457735678658,9.762226190485899e-9,9.880397861668273e-5,0.00010601650816539924,0.11110457735678658,-0.11110766832115125
2370,61.03515625,-0.11110942587584546,3.5140598239213607e-9,5.9279505935199564e-5,0.000373242637838108,0.11110942587584546,-0.11110759226882118
2371,24.4140625,-0.11111351253991941,3.536233358317497e-9,5.946623712929461e-5,0.0002907179167667124,0.11111351253991941,-0.11110758940532856
2372,9.765625,-0.11111289459782284,2.4571728495185517e-9,4.9569878449705236e-5,0.000204329989888879,0.11111289459782284,-0.11110760527234503
2373,3.90625,-0.11111289660493853,2.7024683266203475e-9,5.1985270285152384e-5,0.0001943434818384773,0.11111289660493853,-0.11110763252967346
2374,1.5625,-0.11111301664018702,3.2277295937697946e-9,5.681311110799861e-5,0.00018654358154811978,0.11111301664018702,-0.1111076622876484
2375,0.625,-0.11111316989322738,4.017111190029659e-9,6.338068467624549e-5,0.00018114123871052545,0.11111316989322738,-0.11110769278055534
2376,0.25,-0.11111333461214563,5.0610510284904134e-9,7.114106429124049e-5,0.00017738290702370236,0.11111333461214563,-0.11110772330450908
2377,0.1,-0.11111350354442322,6.351086896437372e-9,7.969370675553605e-5,0.00017462249905685827,0.11111350354442322,-0.11110775354825862
2378,0.1,-0.11111366630926955,7.864994053213989e-9,8.868480170364023e-5,0.00017245302999373247,0.11111366630926955,-0.11110778281706786
2379,0.1,-0.11111382316691916,9.588524213810655e-9,9.792101007348042e-5,0.00017035491982320478,0.11111382316691916,-0.11110781113093891
2380,0.1,-0.11111397438054282,1.1507891593783713e-8,0.00010727484138316734,0.00016831448464143712,0.11111397438054282,-0.11110783850487436
2381,0.1,-0.11111412021565026,1.360969203215767e-8,0.00011666058474119557,0.00016632008520340156,0.11111412021565026,-0.11110786494989508
2382,0.1,-0.11111426093944805,1.5880839646566328e-8,0.0001260192034833038,0.00016436188274144504,0.11111426093944805,-0.11110789047391251
2383,0.1,-0.1111143968201076,1.8308518242642852e-8,0.00013530897325248926,0.00016243162088023022,0.1111143968201076,-0.11110791508247354
2384,0.25,-0.11111451298999163,2.0779985822660127e-8,0.0001441526476436008,0.0001605436447120242,0.11111451298999163,-0.1111079352956507
2385,0.625,-0.11111458277732791,2.303251211976445e-8,0.0001517646603124866,0.00015749040108144004,0.11111458277732791,-0.1111079442996545
2386,1.5625,-0.11111454520777435,2.4402244826183086e-8,0.0001562121788663838,0.00015141111908029007,0.11111454520777435,-0.1111079253226183
2387,3.90625,-0.11111426748542934,2.3423437270658365e-8,0.00015304717335076255,0.0001386153543155547,0.11111426748542934,-0.11110784524305924
2388,9.765625,-0.1111134921936336,1.779646455495997e-8,0.0001334033903428244,0.00011796344829895481,0.1111134921936336,-0.11110767873454752
2389,24.4140625,-0.111108761987424,4.733497835229333e-9,6.880042031288277e-5,0.00012926921630774415,0.111108761987424,-0.11110771700045478
2390,9.765625,-0.11111017197810269,5.239017828070161e-9,7.23810598711442e-5,0.00023690991463714582,0.11111017197810269,-0.11110776089066449
2391,3.90625,-0.11111028249110144,5.134518106848934e-9,7.165555182153673e-5,0.00014131172196464725,0.11111028249110144,-0.11110775254775927
2392,1.5625,-0.11111040419639358,5.33656548058198e-9,7.30517999818073e-5,0.0001127146584001455,0.11111040419639358,-0.11110775536741181
2393,0.625,-0.11111052819734776,5.718186498859866e-9,7.561869146487438e-5,0.0001038249854544179,0.11111052819734776,-0.1111077623006316
2394,0.25,-0.11111065319740122,6.24423563730092e-9,7.902047606349205e-5,0.00010018755937090583,0.11111065319740122,-0.11110777079196121
2395,0.1,-0.11111077873279591,6.899314081283541e-9,8.306210978107611e-5,9.816205434090802e-5,0.11111077873279591,-0.11110777982956209
2396,0.25,-0.11111088609695462,7.4432697142857045e-9,8.627438620057348e-5,9.678723899281282e-5,0.11111088609695462,-0.11110778728879128
2397,0.625,-0.11111094648996522,7.493896491136072e-9,8.656729458136065e-5,9.49090233267948e-5,0.11111094648996522,-0.11110779128624015
2398,1.5625,-0.11111089526961686,6.357707626040018e-9,7.973523453304704e-5,9.216862256489954e-5,0.11111089526961686,-0.11110778925612139
2399,3.90625,-0.11111063522589569,3.876444419818168e-9,6.226109876815673e-5,9.025701596444542e-5,0.11111063522589569,-0.11110778290261605
2400,1.5625,-0.11111054991860606,3.3621832150844258e-9,5.798433594587788e-5,9.254241972104363e-5,0.11111054991860606,-0.11110778686226534
2401,0.625,-0.11111049981072242,3.3869599023131717e-9,5.819759361273601e-5,9.260220618374863e-5,0.11111049981072242,-0.11110779343111295
2402,0.25,-0.1111104603015486,3.7580448650639705e-9,6.130289442647851e-5,9.145845121070334e-5,0.1111104603015486,-0.11110780084787804
2403,0.1,-0.11111042455239085,4.433648144193244e-9,6.658564518117433e-5,9.039456281186011e-5,0.11111042455239085,-0.11110780856716274
2404,0.1,-0.11111039241956129,5.390994830714355e-9,7.342339430123314e-5,8.962433307356117e-5,0.11111039241956129,-0.11110781601962676
2405,0.25,-0.11111037189101129,6.553317408784022e-9,8.095256270671128e-5,8.871474403751391e-5,0.11111037189101129,-0.11110782201363403
2406,0.625,-0.1111103859125537,7.666167407149472e-9,8.755665255792659e-5,8.654468933999974e-5,0.1111103859125537,-0.11110782392161545
2407,1.5625,-0.11111049466575708,8.035337502541248e-9,8.964004407931339e-5,8.105422188541132e-5,0.11111049466575708,-0.11110781588642588
2408,3.90625,-0.11111081800015922,6.629835365840575e-9,8.142380097883282e-5,6.937586880775967e-5,0.11111081800015922,-0.11110779143113943
2409,9.765625,-0.11111136763751553,4.630342021143968e-9,6.804661652972885e-5,5.7839302803740625e-5,0.11111136763751553,-0.1111077493568881
2410,24.4140625,-0.1111109578366893,2.950972103431384e-9,5.432285065634336e-5,5.70504358622729e-5,0.1111109578366893,-0.11110768569168704
2411,61.03515625,-0.11111036176186341,2.753909446982113e-9,5.247770428460179e-5,9.659218612498635e-5,0.11111036176186341,-0.11110755650453759
2412,24.4140625,-0.1111095705279906,3.0398870940570587e-9,5.5135171116602685e-5,0.00042726792096870234,0.1111095705279906,-0.11110762669843967
2413,9.765625,-0.1111094641360696,2.8289903035259085e-9,5.3188253435565157e-5,0.00023341923128460576,0.1111094641360696,-0.11110762325295327
2414,3.90625,-0.11110935595585199,2.9773612632272493e-9,5.45652019443459e-5,0.0001752555917233033,0.11110935595585199,-0.11110763662382003
2415,1.5625,-0.1111092481487771,3.243378646041264e-9,5.695066853023996e-5,0.0001588538281162959,0.1111092481487771,-0.11110765557920724
2416,0.625,-0.1111091389496837,3.6226813851545736e-9,6.0188714765764636e-5,0.0001537227517436792,0.1111091389496837,-0.11110767672162071
2417,0.25,-0.1111090286216216,4.111410922304863e-9,6.412028479588081e-5,0.00015153259688402323,0.1111090286216216,-0.11110769868291422
2418,0.1,-0.11110891752499301,4.706520881771323e-9,6.860408793775575e-5,0.0001502501321877028,0.11110891752499301,-0.11110772089048333
2419,0.1,-0.1111088120506306,5.350660369348163e-9,7.314820824427733e-5,0.00014932071323361164,0.1111088120506306,-0.11110774273907287
2420,0.1,-0.11110871246042463,6.030508850703678e-9,7.76563510004409e-5,0.0001484066835342499,0.11110871246042463,-0.1111077642337367
2421,0.1,-0.11110861897712743,6.733488623857175e-9,8.205783706543315e-5,0.00014750895975636924,0.11110861897712743,-0.11110778538080827
2422,0.1,-0.11110853178400652,7.447977259151184e-9,8.630166428957894e-5,0.00014662875100780536,0.11110853178400652,-0.1111078061878798
2423,0.1,-0.11110845102465594,8.16349648457695e-9,9.035206961977656e-5,0.0001457674268363887,0.11110845102465594,-0.11110782666371963
2424,0.1,-0.11110837680296963,8.870873984986018e-9,9.41853172473609e-5,0.0001449263963597118,0.11110837680296963,-0.11110784681813803
2425,0.1,-0.1111083091832742,9.562375258433812e-9,9.778739825986686e-5,0.00014410699927840912,0.1111083091832742,-0.11110786666181088
2426,0.1,-0.11110824819061392,1.0231803384798413e-8,0.00010115237705955512,0.00014331040954448256,0.11110824819061392,-0.11110788620606527
2427,0.1,-0.1111081938111908,1.0874565296740966e-8,0.000104281183809645,0.00014253755241969883,0.1111081938111908,-0.11110790546264307
2428,0.1,-0.11110814599295742,1.1487703885615587e-8,0.00010718070668555786,0.00014178903556385112,0.11110814599295742,-0.11110792444344239
2429,0.1,-0.11110810464633558,1.2069896010724947e-8,0.00010986307846917884,0.00014106509463965324,0.11110810464633558,-0.11110794316025041
2430,0.1,-0.11110806964511234,1.2621417193928524e-8,0.00011234508086217448,0.0001403655537161666,0.11110806964511234,-0.1111079616244761
2431,0.25,-0.11110806059213311,1.2906320286078568e-8,0.00011360598701687587,0.00013969082464034252,0.11110806059213311,-0.11110797783610214
2432,0.625,-0.11110811362931741,1.2530390810112952e-8,0.00011193922820045238,0.00013873155482686794,0.11110811362931741,-0.1111079890135196
2433,1.5625,-0.11110830301554825,1.0925883548415075e-8,0.00010452695130163836,0.00013748962620099622,0.11110830301554825,-0.11110799066043459
2434,0.625,-0.1111084354200055,1.02377995359613e-8,0.00010118201191892411,0.00013710253153393357,0.1111084354200055,-0.11110800334578151
2435,0.25,-0.11110855042393827,9.990482958597113e-9,9.995240346583524e-5,0.00013710593337413506,0.11110855042393827,-0.11110801978589112
2436,0.1,-0.11110865956639575,1.0063103922533855e-8,0.00010031502341391271,0.0001367532135460111,0.11110865956639575,-0.11110803755751048
2437,0.1,-0.1111087683718785,1.0408505117332579e-8,0.00010202208151832905,0.00013632000551938884,0.1111087683718785,-0.11110805514779398
2438,0.1,-0.11110887587634115,1.1026103533428568e-8,0.00010500525478959883,0.00013580093675907764,0.11110887587634115,-0.1111080725060766
2439,0.1,-0.11110898112314072,1.1910367172826131e-8,0.00010913462866032088,0.00013519384249325951,0.11110898112314072,-0.11110808958242338
2440,0.25,-0.11110907858941488,1.3028115513074178e-8,0.00011414077059961606,0.00013450050843650458,0.11110907858941488,-0.11110810422359478
2441,0.625,-0.11110914717886608,1.4266706217676013e-8,0.0001194433180118336,0.00013301853101502752,0.11110914717886608,-0.1111081122741318
2442,1.5625,-0.11110912543127795,1.5251733425697296e-8,0.00012349790858835343,0.00012932232858031874,0.11110912543127795,-0.11110810303974816
2443,3.90625,-0.11110887259548287,1.518224835260293e-8,0.00012321626659091294,0.00012042362644531951,0.11110887259548287,-0.11110805339817979
2444,9.765625,-0.11110828515095512,1.3940623027443372e-8,0.00011807041554700895,0.00010389950995976039,0.11110828515095512,-0.11110792152844293
2445,24.4140625,-0.11110839280027922,1.1720370199190575e-8,0.00010826065859392587,8.34431598440039e-5,0.11110839280027922,-0.11110763974934548
2446,61.03515625,-0.11111030277868462,1.923684659629415e-9,4.3859829680807186e-5,0.00010304929256841544,0.11111030277868462,-0.11110769330893114
2447,24.4140625,-0.1111105188601381,1.3337194648577545e-9,3.652012410791829e-5,9.621245010668805e-5,0.1111105188601381,-0.11110767878116341
2448,9.765625,-0.1111105348466117,9.115218157673467e-10,3.0191419571913917e-5,0.00011743959425295327,0.1111105348466117,-0.11110768810160551
2449,3.90625,-0.11111047638358522,7.284428149618104e-10,2.698967978620366e-5,0.00012179012238800905,0.11111047638358522,-0.11110770128996961
2450,1.5625,-0.111110432148915,6.527092805468705e-10,2.5548175679427105e-5,0.00012117623914402283,0.111110432148915,-0.11110771551054953
2451,0.625,-0.11111039144724967,6.703530444253671e-10,2.5891176960991308e-5,0.00011934166035390594,0.11111039144724967,-0.11110772969049347
2452,0.25,-0.1111103517614221,7.750389757141759e-10,2.7839521829840683e-5,0.00011742344934586399,0.1111103517614221,-0.11110774357436218
2453,0.1,-0.11111031229004158,9.626382760615502e-10,3.1026412555459105e-5,0.00011568768943176429,0.11111031229004158,-0.111107757119962
2454,0.1,-0.11111027204192159,1.227773220779191e-9,3.503959504302513e-5,0.0001141557682449012,0.11111027204192159,-0.11110777025086287
2455,0.1,-0.11111023107551295,1.5664052530417564e-9,3.957783790256558e-5,0.00011271578772555803,0.11111023107551295,-0.11110778298921507
2456,0.1,-0.11111018944581841,1.9747127160054913e-9,4.4437739771566814e-5,0.00011135375583071756,0.11111018944581841,-0.11110779535308597
2457,0.1,-0.11111014720479179,2.4490504958596447e-9,4.948788231334661e-5,0.00011005751743539463,0.11111014720479179,-0.11110780735712274
2458,0.1,-0.11111010440165182,2.9859170788917444e-9,5.464354562884572e-5,0.00010881654957658923,0.11111010440165182,-0.11110781901311945
2459,0.1,-0.11111006108312288,3.581927885291706e-9,5.984920956279795e-5,0.00010762177380729231,0.11111006108312288,-0.11110783033050126
2460,0.1,-0.1111100172936156,4.233793900368381e-9,6.506761022481448e-5,0.00010646538578457158,0.1111100172936156,-0.11110784131673875
2461,0.1,-0.11110997307535697,4.938304759959233e-9,7.027307279434444e-5,0.00010534070170595355,0.11110997307535697,-0.1111078519777005
2462,0.1,-0.11110992846848172,5.692315564667852e-9,7.544743577264805e-5,0.00010424202084402876,0.11110992846848172,-0.11110786231795702
2463,0.1,-0.11110988351108873,6.492736799803361e-9,8.057752043717504e-5,0.00010316450318850671,0.11110988351108873,-0.1111078723410371
2464,0.1,-0.1111098382392741,7.336526826386424e-9,8.565352781051359e-5,0.00010210406106295585,0.1111098382392741,-0.11110788204964889
2465,0.25,-0.11110979192725373,8.188942345070757e-9,9.049277509873789e-5,0.00010106661562982789,0.11110979192725373,-0.11110789009027812
2466,0.625,-0.11110974340868114,8.971844902278702e-9,9.471982317487032e-5,9.939138402013774e-5,0.11110974340868114,-0.11110789388228272
2467,1.5625,-0.1111096899149447,9.49279488096753e-9,9.743097495646613e-5,9.606932601268674e-5,0.1111096899149447,-0.1111078869868462
2468,3.90625,-0.11110962379560199,9.339482294787162e-9,9.664099696705929e-5,8.900877363907698e-5,0.11110962379560199,-0.11110785565132413
2469,9.765625,-0.11110952390327555,7.843011745065916e-9,8.8560779948383e-5,7.631064763244167e-5,0.11110952390327555,-0.11110778156120482
2470,24.4140625,-0.11110944227270513,4.462634327235886e-9,6.680295148596271e-5,7.459441033300543e-5,0.11110944227270513,-0.111107686976651
2471,61.03515625,-0.1111094089084561,1.8235746584906289e-9,4.2703333107506125e-5,0.00013258553068190373,0.1111094089084561,-0.11110768303969615
2472,24.4140625,-0.11111021985114368,3.2796315263506356e-9,5.726806724825481e-5,0.00037904258045777034,0.11111021985114368,-0.11110772818179682
2473,9.765625,-0.11111241328435062,1.3521762840253067e-9,3.6771949690291195e-5,0.00014974512190432524,0.11111241328435062,-0.11110771776471069
2474,3.90625,-0.11111313263611881,1.380530296920729e-9,3.715548811307327e-5,0.0001224081208996797,0.11111313263611881,-0.11110772573971847
2475,1.5625,-0.11111374476426454,1.4785422005630164e-9,3.845181660940113e-5,0.00011445172351760236,0.11111374476426454,-0.1111077362052288
2476,0.625,-0.11111432962420148,1.64542088982138e-9,4.0563787912636805e-5,0.00011155857665420104,0.11111432962420148,-0.11110774758955748
2477,0.25,-0.11111490674488357,1.878989979383811e-9,4.3347318018348164e-5,0.00011008408656106531,0.11111490674488357,-0.11110775928416484
2478,0.1,-0.11111548171608653,2.1772902249332652e-9,4.666144259378685e-5,0.00010912085683074602,0.11111548171608653,-0.11110777104476394
2479,0.1,-0.1111160388538608,2.519318003180886e-9,5.019280828147481e-5,0.00010839327925998486,0.1111160388538608,-0.1111077825998172
2480,0.1,-0.11111657659590278,2.8990605613823773e-9,5.384292489624219e-5,0.00010768477496338426,0.11111657659590278,-0.11110779395225122
2481,0.1,-0.11111709343349463,3.3107755781713127e-9,5.75393393963757e-5,0.0001069933843652196,0.11111709343349463,-0.11110780510492452
2482,0.1,-0.11111758791568586,3.74905634745549e-9,6.12295381940407e-5,0.00010631767244234544,0.11111758791568586,-0.11110781606072952
2483,0.1,-0.11111805865332253,4.2088917676328065e-9,6.487597219027093e-5,0.0001056566185289018,0.11111805865332253,-0.11110782682265796
2484,0.1,-0.11111850432291615,4.685719693390623e-9,6.845231693223118e-5,0.00010500951701392081,0.11111850432291615,-0.11110783739383627
2485,0.1,-0.11111892367033908,5.175472433332823e-9,7.194075641340466e-5,0.00010437588851699951,0.11111892367033908,-0.11110784777753338
2486,0.1,-0.1111193155143441,5.674613411959653e-9,7.533002994795404e-5,0.00010375540118238785,0.1111193155143441,-0.1111078579771456
2487,0.1,-0.11111967874987756,6.180164255845672e-9,7.861402073323608e-5,0.00010314780177825647,0.11111967874987756,-0.11110786799616618
2488,0.1,-0.11112001235120968,6.689721806995857e-9,8.17907195652163e-5,0.00010255285632013869,0.11112001235120968,-0.11110787783813486
2489,0.1,-0.11112031537484263,7.201464808043296e-9,8.486144476759335e-5,0.00010197029995063116,0.11112031537484263,-0.11110788750658268
2490,0.25,-0.1111204988469006,7.616422337589033e-9,8.727211660999769e-5,0.00010140436272875408,0.1111204988469006,-0.11110789578878039
2491,0.625,-0.11112037796937461,7.755529005268415e-9,8.806548134921204e-5,0.00010046597881487312,0.11112037796937461,-0.11110790075383829
2492,1.5625,-0.11111950840866533,7.315744075654253e-9,8.553212306294199e-5,9.883283969258076e-5,0.11111950840866533,-0.1111078985522426
2493,3.90625,-0.11111695830636352,6.2074513234503045e-9,7.878738048349053e-5,9.661663405657128e-5,0.11111695830636352,-0.11110788326988359
2494,9.765625,-0.11111159728823518,5.384380249520849e-9,7.337833637744078e-5,9.356695866430758e-5,0.11111159728823518,-0.11110783963125677
2495,3.90625,-0.11110925100493857,5.287585019921756e-9,7.271578246791927e-5,7.499294214721009e-5,0.11110925100493857,-0.11110782409226311
2496,9.765625,-0.1111075168611735,4.797848547364065e-9,6.926650379053403e-5,6.999873337811712e-5,0.1111075168611735,-0.11110778126993576
2497,24.4140625,-0.11110923836144249,3.6834314345521076e-9,6.0691279724126e-5,6.658371677458697e-5,0.11110923836144249,-0.11110769830982513
2498,61.03515625,-0.11110997485412881,1.0925434204242262e-9,3.305364458610012e-5,9.101369321357884e-5,0.11110997485412881,-0.11110773116512054
2499,24.4140625,-0.11110892148406364,3.706723125842767e-9,6.088286397536475e-5,0.00019106165209084377,0.11110892148406364,-0.11110770654360892
2500,9.765625,-0.11111122499537401,1.244903314638196e-9,3.5283187421747997e-5,0.0001561365733484712,0.11111122499537401,-0.11110775090121075
2501,3.90625,-0.11111125632580311,1.3044185385026913e-9,3.611673488152952e-5,0.00011374274440537854,0.11111125632580311,-0.11110775619780976
2502,1.5625,-0.11111127380854414,1.4975896327466855e-9,3.869870324373525e-5,0.0001002463021452996,0.11111127380854414,-0.11110776332572565
2503,0.625,-0.11111129056599822,1.7894160064171975e-9,4.230148941133394e-5,9.521249167837784e-5,0.11111129056599822,-0.11110777115815759
2504,0.25,-0.11111130797791573,2.172944523477241e-9,4.6614853035027805e-5,9.278010051510849e-5,0.11111130797791573,-0.11110777924156515
2505,0.1,-0.11111132594983959,2.645074721721926e-9,5.143028992453694e-5,9.132037798411472e-5,0.11111132594983959,-0.11110778737852178
2506,0.1,-0.11111133473779632,3.1737837617807197e-9,5.63363449451659e-5,9.030522437229471e-5,0.11111133473779632,-0.11110779525947147
2507,0.1,-0.11111133385749576,3.7487996014223205e-9,6.122744157175212e-5,8.932407324994763e-5,0.11111133385749576,-0.11110780289058403
2508,0.1,-0.11111132287538228,4.3600752971714235e-9,6.603086624580525e-5,8.837279032467334e-5,0.11111132287538228,-0.11110781027785209
2509,0.1,-0.11111130141085064,4.997912223380154e-9,7.069591376720548e-5,8.744859092288307e-5,0.11111130141085064,-0.11110781742735365
2510,0.25,-0.11111123933949738,5.531632710808094e-9,7.43749467953295e-5,8.655468269247486e-5,0.11111123933949738,-0.11110782342284961
2511,0.625,-0.11111107449963346,5.686673204468027e-9,7.541003384476118e-5,8.510379546519221e-5,0.11111107449963346,-0.11110782675737793
2512,1.5625,-0.11111066610174389,4.9453541075775974e-9,7.032321172683737e-5,8.266160053865801e-5,0.11111066610174389,-0.11110782522918045
2513,3.90625,-0.11110977972663229,3.054355224252839e-9,5.526622136760246e-5,8.035783722257792e-5,0.11110977972663229,-0.11110781990092292
2514,1.5625,-0.1111092326559871,2.5527500893190274e-9,5.052474729594427e-5,8.227753362531998e-5,0.1111092326559871,-0.11110782321616025
2515,0.625,-0.11110876422955424,2.4613859417962446e-9,4.961235674503122e-5,8.308591553806212e-5,0.11110876422955424,-0.11110782870579379
2516,0.25,-0.11110832037822732,2.631457999241593e-9,5.129773873419366e-5,8.257958599561256e-5,0.11110832037822732,-0.11110783487627315
2517,0.1,-0.11110788501209427,3.0285414537448257e-9,5.503218561664461e-5,8.193394714327739e-5,0.11110788501209427,-0.1111078412817583
2518,0.1,-0.11110745665404004,3.635961737308742e-9,6.0298936452550654e-5,8.143484362180973e-5,0.11110745665404004,-0.11110784752163695
2519,0.1,-0.11110703696113017,4.439306723097755e-9,6.662812261423666e-5,8.081479590423182e-5,0.11110703696113017,-0.11110785355833795
2520,0.25,-0.1111066475351756,5.369271334282221e-9,7.327531190163725e-5,8.008203441197498e-5,0.1111066475351756,-0.11110785842075457
2521,0.625,-0.11110634843583776,6.21123898208198e-9,7.88114140342754e-5,7.824440601034582e-5,0.11110634843583776,-0.11110786002136099
2522,1.5625,-0.11110630019421101,6.407999029925648e-9,8.004997832557888e-5,7.360042121448153e-5,0.11110630019421101,-0.11110785384071932
2523,3.90625,-0.1111068586259363,5.187471642188143e-9,7.202410459136679e-5,6.408036371118894e-5,0.1111068586259363,-0.1111078352353514
2524,9.765625,-0.11110839471636041,3.634147050821786e-9,6.02838871575298e-5,5.565361562345612e-5,0.11110839471636041,-0.11110780307402834
2525,24.4140625,-0.1111094207909257,2.6580107638841594e-9,5.1555899409128334e-5,5.050522073466147e-5,0.1111094207909257,-0.11110774258338955
2526,61.03515625,-0.11110999403087986,2.8702284729693405e-9,5.357451327795093e-5,8.446663547192438e-5,0.11110999403087986,-0.11110760026658113
2527,24.4140625,-0.1111105024361502,3.3881255980315358e-9,5.820760773328119e-5,0.0005040048157417549,0.1111105024361502,-0.11110774211926437
2528,9.765625,-0.11111091116166029,3.51055042663807e-9,5.92498981150016e-5,0.000269553200835082,0.11111091116166029,-0.11110773597482693
2529,3.90625,-0.1111111449080834,3.985602715682429e-9,6.313163007306583e-5,0.0001893051076507115,0.1111111449080834,-0.11110774684103127
2530,1.5625,-0.11111136063485065,4.650897381930248e-9,6.819748809105984e-5,0.00016436455063862512,0.11111136063485065,-0.11110776428990245
2531,0.625,-0.11111157144081124,5.496348656668057e-9,7.413736343213223e-5,0.00015624238481066495,0.11111157144081124,-0.11110778464174031
2532,0.25,-0.11111178069838595,6.515430120525202e-9,8.071821430461158e-5,0.00015301277554804178,0.11111178069838595,-0.11110780627232694
2533,0.1,-0.111111989466141,7.70327179492049e-9,8.776828467573289e-5,0.00015140674163168882,0.111111989466141,-0.11110782843128594
2534,0.1,-0.11111219758814679,8.977202787850758e-9,9.474810176383883e-5,0.0001504393497048659,0.11111219758814679,-0.1111078501506961
2535,0.1,-0.11111240486418662,1.0317815328601678e-8,0.00010157664755543804,0.0001494716260037162,0.11111240486418662,-0.1111078714286899
2536,0.1,-0.11111261107585223,1.170656641402464e-8,0.00010819688726587581,0.000148505877501871,0.11111261107585223,-0.11110789226574717
2537,0.1,-0.11111281598728749,1.3126043909747528e-8,0.00011456894827896225,0.00014754481471978425,0.11111281598728749,-0.11110791266467596
2538,0.1,-0.11111301934606277,1.4560208232642029e-8,0.00012066568788451019,0.00014659138707033868,0.11111301934606277,-0.11110793263051562
2539,0.25,-0.11111321673472582,1.568513735927372e-8,0.00012524031842531272,0.0001456520539035914,0.11111321673472582,-0.11110794961166817
2540,0.625,-0.11111339599301771,1.5856610111361995e-8,0.00012592303248954099,0.00014396255229539548,0.11111339599301771,-0.11110795961509612
2541,1.5625,-0.11111351743158103,1.3913872446006512e-8,0.00011795707882957475,0.0001410654222411968,0.11111351743158103,-0.11110795647566489
2542,3.90625,-0.11111343993524286,9.440783395269146e-9,9.716369381239654e-5,0.00013865596997236185,0.11111343993524286,-0.11110793958837639
2543,1.5625,-0.11111330765992676,8.382069246563225e-9,9.155364136157134e-5,0.00014094403581744246,0.11111330765992676,-0.11110794751528469
2544,0.625,-0.1111131795498897,8.378406390200899e-9,9.153363529435996e-5,0.0001413221332262958,0.1111131795498897,-0.11110796242247474
2545,0.25,-0.11111305527500849,9.069730595936715e-9,9.523513320165365e-5,0.00014016608974513838,0.11111305527500849,-0.11110797974022027
2546,0.1,-0.11111293314248923,1.0374322707260655e-8,0.00010185441918375783,0.00013906082817873822,0.11111293314248923,-0.11110799797798329
2547,0.1,-0.11111280659418676,1.2250112801598543e-8,0.0001106802276903989,0.0001383001797366717,0.11111280659418676,-0.11110801575590684
2548,0.25,-0.11111266080353065,1.456451455222872e-8,0.00012068353057575305,0.00013734033580978746,0.11111266080353065,-0.11110803046750224
2549,0.625,-0.11111246568986213,1.6871847432442227e-8,0.00012989167576269939,0.0001347353936754833,0.11111246568986213,-0.11110803646339903
2550,1.5625,-0.11111215426265018,1.791913102882192e-8,0.00013386235852106416,0.00012775550165786167,0.11111215426265018,-0.1111080205593848
2551,3.90625,-0.11111162629173646,1.5652445694369932e-8,0.00012510973461074055,0.00011211701664110536,0.11111162629173646,-0.11110796442916303
2552,9.765625,-0.11111101731884618,1.1691325179207726e-8,0.00010812643145506897,9.330502345500254e-5,0.11111101731884618,-0.11110785617248506
2553,24.4140625,-0.11111161380494118,8.772708144345229e-9,9.366273615662329e-5,8.424173325000758e-5,0.11111161380494118,-0.11110765443538534
2554,61.03515625,-0.11110953357016558,2.2346779860243164e-9,4.7272380794966486e-5,0.00014025193876797534,0.11110953357016558,-0.1111076988442234
2555,24.4140625,-0.11110702773816891,1.926463815383466e-9,4.3891500491364685e-5,0.00013702116379580467,0.11110702773816891,-0.11110768116977215
2556,9.765625,-0.11110869873459434,1.0019559949255012e-9,3.1653688488476364e-5,0.00014162313692127942,0.11110869873459434,-0.11110769918503643
2557,3.90625,-0.11110918728646657,6.831837913592032e-10,2.6137784744679555e-5,0.00014761474128801476,0.11110918728646657,-0.11110771952065567
2558,1.5625,-0.11110957931987593,4.941334908209778e-10,2.222911358603797e-5,0.00014927441550322684,0.11110957931987593,-0.1111077414971579
2559,0.625,-0.11110994447229842,4.152628168609099e-10,2.0377998352657453e-5,0.00014920397432734346,0.11110994447229842,-0.11110776370604207
2560,0.25,-0.11111030091508288,4.406340844363755e-10,2.0991285916693515e-5,0.00014867339105148925,0.11111030091508288,-0.11110778582781067
2561,0.1,-0.11111065446446872,5.67474521409565e-10,2.382172372876415e-5,0.00014809041422457088,0.11111065446446872,-0.11110780780731914
2562,0.1,-0.11111100406715031,7.908015477444769e-10,2.812119392459141e-5,0.00014755491008914566,0.11111100406715031,-0.1111078295874677
2563,0.1,-0.1111113490052688,1.1078362290238273e-9,3.3284173852205305e-5,0.0001470210382320149,0.1111113490052688,-0.1111078511612083
2564,0.1,-0.1111116885825424,1.515793871657386e-9,3.893319755244085e-5,0.0001464856839952047,0.1111116885825424,-0.11110787252071773
2565,0.1,-0.11111202212641887,2.0118890581089453e-9,4.485408630335641e-5,0.0001459462433888982,0.11111202212641887,-0.11110789365758003
2566,0.1,-0.11111234899009799,2.5933421224330926e-9,5.092486742676011e-5,0.0001454005517349,0.11111234899009799,-0.11110791456294122
2567,0.1,-0.1111126685544046,3.2573865648886925e-9,5.7073518946081224e-5,0.0001448468212523518,0.1111126685544046,-0.11110793522764059
2568,0.1,-0.11111298022953568,4.001276958671509e-9,6.32556476424952e-5,0.00014428358653198443,0.11111298022953568,-0.11110795564232019
2569,0.1,-0.11111328345664684,4.822296955034445e-9,6.944276027804803e-5,0.00014370965696224342,0.11111328345664684,-0.11110797579751917
2570,0.1,-0.11111357770931203,5.7177670452669715e-9,7.56159179357559e-5,0.00014312407527995844,0.11111357770931203,-0.11110799568375052
2571,0.1,-0.11111386249482796,6.685051788835232e-9,8.176216599892173e-5,0.00014252608151913682,0.11111386249482796,-0.11110801529156478
2572,0.1,-0.11111413735536639,7.721566266897483e-9,8.78724431599434e-5,0.00014191508172142466,0.11111413735536639,-0.1111080346116028
2573,0.1,-0.11111440186898018,8.824781568639642e-9,9.39403085402621e-5,0.00014129062085260348,0.11111440186898018,-0.11110805363463812
2574,0.1,-0.11111465565046574,9.992229164671523e-9,9.996113827218817e-5,0.00014065235943966467,0.11111465565046574,-0.1111080723516118
2575,0.1,-0.11111489835206141,1.1221504066064785e-8,0.00010593160088502762,0.00014000005350430072,0.11111489835206141,-0.11110809075365766
2576,0.1,-0.1111151296640081,1.251026671024012e-8,0.00011184930357512343,0.00013933353742134918,0.1111151296640081,-0.11110810883212519
2577,0.25,-0.11111531596423745,1.3812059048188008e-8,0.00011752471675434069,0.00013865692037836374,0.11111531596423745,-0.11110812431124971
2578,0.625,-0.11111538825489908,1.502954125662461e-8,0.00012259502949395874,0.0001372277703638999,0.11111538825489908,-0.11110813292873242
2579,1.5625,-0.11111518396985745,1.5940550228150878e-8,0.00012625589185519574,0.0001338984979287488,0.11111518396985745,-0.11110812387974633
2580,3.90625,-0.11111437949119726,1.6129403428641544e-8,0.00012700158829180659,0.00012608215309560194,0.11111437949119726,-0.11110807215252583
2581,9.765625,-0.11111265907395435,1.4979554473223814e-8,0.0001223909901635893,0.00010894871225293281,0.11111265907395435,-0.11110792979248803
2582,24.4140625,-0.1111111694838246,1.133155986671494e-8,0.00010644979974952954,8.237051976776438e-5,0.1111111694838246,-0.11110765808266569
2583,61.03515625,-0.11110860122800163,8.215896899838219e-9,9.064158482638208e-5,0.00012264745576859876,0.11110860122800163,-0.1111073712522936
2584,24.4140625,-0.11110894388713027,8.704631108391708e-9,9.329861257484866e-5,0.000790497491869554,0.11110894388713027,-0.11110768304254576
2585,9.765625,-0.11110412827899215,1.4182149608287297e-7,0.00037659194904149634,0.0004089924982298023,0.11110412827899215,-0.11110775228267847
2586,24.4140625,-0.11111374444932479,5.217558941472505e-9,7.223267225759064e-5,0.000343797801068381,0.11111374444932479,-0.11110790304592016
2587,9.765625,-0.11111181366633585,5.671115763461696e-9,7.530681087034357e-5,0.0001805198004334451,0.11111181366633585,-0.11110785954090233
2588,3.90625,-0.11111167303943778,5.994341371909111e-9,7.74231320207928e-5,9.467802741945644e-5,0.11111167303943778,-0.11110783886767223
2589,9.765625,-0.11111075629979736,4.154327480767993e-9,6.445407264686998e-5,5.9860391724497924e-5,0.11111075629979736,-0.11110779214536695
2590,24.4140625,-0.11110976783639621,3.418282810857841e-9,5.8466082568082504e-5,3.991726612139101e-5,0.11110976783639621,-0.11110770839927435
2591,61.03515625,-0.11111037045441335,3.4381792693889804e-9,5.863598954046039e-5,0.00010696952904120592,0.11111037045441335,-0.11110752467827119
2592,24.4140625,-0.11110962118801193,3.2540841148048965e-9,5.7044580065111326e-5,0.00038618735509708956,0.11110962118801193,-0.11110759977794107
2593,9.765625,-0.11110940302457033,1.5804164896841019e-9,3.975445245106643e-5,0.0002523958693847533,0.11110940302457033,-0.11110763476081882
2594,3.90625,-0.11110924241517647,1.3061368826789141e-9,3.61405158053799e-5,0.00024289198425285399,0.11110924241517647,-0.11110768822925811
2595,1.5625,-0.11110910256522478,1.2566589518801211e-9,3.544938577578067e-5,0.00024054491361614647,0.11110910256522478,-0.11110774408298942
2596,0.625,-0.11110896780637868,1.4248478905683893e-9,3.7747157383946e-5,0.00023942616886273523,0.11110896780637868,-0.11110780050094994
2597,0.25,-0.11110883450567156,1.8072681144902351e-9,4.251197613014755e-5,0.00023868257059080048,0.11110883450567156,-0.11110785702724255
2598,0.1,-0.11110870167582772,2.4019282636601306e-9,4.9009471162828626e-5,0.00023815718699686224,0.11110870167582772,-0.1111079135416896
2599,0.1,-0.11110857332481257,3.1863209796366407e-9,5.644750640760529e-5,0.00023777213967256003,0.11110857332481257,-0.11110796977040409
2600,0.1,-0.11110844978885481,4.154141876785496e-9,6.445263281500218e-5,0.0002373576360013768,0.11110844978885481,-0.11110802568232878
2601,0.1,-0.11110833138547298,5.299256145465166e-9,7.279598989961717e-5,0.00023691395852019765,0.11110833138547298,-0.1111080812471776
2602,0.1,-0.11110821841274253,6.615779784795025e-9,8.133744392833491e-5,0.00023644146484783952,0.11110821841274253,-0.11110813643544805
2603,0.1,-0.1111081111486217,8.098151881365855e-9,8.998973208853249e-5,0.00023594055466145774,0.1111081111486217,-0.11110819121840938
2604,0.1,-0.11110800985033896,9.741196611687878e-9,9.869750053414665e-5,0.00023541164062756699,0.11110800985033896,-0.11110824556807151
2605,0.1,-0.11110791475384107,1.1540173906661898e-8,0.00010742520145041338,0.00023485512316908278,0.11110791475384107,-0.11110829945713593
2606,0.1,-0.11110782607330484,1.3490817990232173e-8,0.00011614998058644768,0.0002342713689728493,0.11110782607330484,-0.11110835285893317
2607,0.1,-0.11110774400070976,1.5589363284669077e-8,0.0001248573717674254,0.00023366069315154927,0.11110774400070976,-0.1111084057473512
2608,0.1,-0.11110766870548293,1.783255745725234e-8,0.00013353859912868766,0.00023302334497223677,0.11110766870548293,-0.11110845809675497
2609,0.1,-0.11124881762851395,0.0007998643599279002,0.028281873345446906,0.0002701342254650471,0.11124881762851395,-0.11119019771860995
2610,0.25,-0.11121785940361158,4.009111274785971e-5,0.0063317543183433545,0.00012437328912525352,0.11121785940361158,-0.11111744522380038
2611,0.625,-0.11121690486755834,3.9962350419671844e-5,0.006321578158946691,7.000023511973028e-5,0.11121690486755834,-0.11109245738128729
2612,1.5625,-0.11111542232295982,7.701314440602819e-7,0.0008775713327475334,0.0001219265549123315,0.11111542232295982,-0.11111034250536325
2613,3.90625,-0.111109511462681,7.433251065316192e-7,0.0008621630394140189,7.535969258523143e-5,0.111109511462681,-0.11110743351273046
2614,9.765625,-0.11110329629103215,2.2857454037477797e-8,0.00015118681833241215,0.00013064544397666303,0.11110329629103215,-0.1111091751023762
2615,24.4140625,-0.11110938764273026,1.9148609445074835e-8,0.00013837850066059697,8.774155921480285e-5,0.11110938764273026,-0.11110870733880969
2616,61.03515625,-0.11111259449888902,3.896755454937991e-9,6.242399742837679e-5,0.0001764652929070299,0.11111259449888902,-0.11110888925913291
2617,24.4140625,-0.11111040631170192,3.983845712595917e-9,6.311771314453587e-5,0.0004035917838782561,0.11111040631170192,-0.11110895192594385
2618,9.765625,-0.11110963088319069,2.138632129923196e-9,4.624534711647428e-5,0.00024465080475272595,0.11110963088319069,-0.11110897589758217
2619,3.90625,-0.11110856176950965,2.1866274455449487e-9,4.6761388404804116e-5,0.00022756215417114333,0.11110856176950965,-0.111109018318962
2620,1.5625,-0.11110755199111141,2.5480879549483067e-9,5.047858907446113e-5,0.0002200085333923291,0.11110755199111141,-0.11110906265269886
2621,0.625,-0.11110655836356752,3.2062181904308314e-9,5.6623477378476426e-5,0.00021557888467122805,0.11110655836356752,-0.11110910730470827
2622,0.25,-0.11110556890073292,4.152811507219456e-9,6.444231146707462e-5,0.0002125804407372811,0.11110556890073292,-0.1111091517702653
2623,0.1,-0.11110457999050809,5.381709007653778e-9,7.33601322766922e-5,0.0002103662626444212,0.11110457999050809,-0.11110919585903489
2624,0.1,-0.11110360319516872,6.8591158263161284e-9,8.28197791974606e-5,0.00020860846776376074,0.11110360319516872,-0.111109238997744
2625,0.1,-0.11110263961059141,8.570042022234129e-9,9.257452145290371e-5,0.00020689007492902587,0.11110263961059141,-0.11110928119162698
2626,0.1,-0.11110169027347146,1.0499697506492371e-8,0.00010246803163178441,0.0002052022919866182,0.11110169027347146,-0.11110932244273278
2627,0.1,-0.11110075616014758,1.263354231448928e-8,0.00011239903164391266,0.00020353782899804244,0.11110075616014758,-0.11110936275072429
2628,0.1,-0.11109983818560039,1.495734008650017e-8,0.0001223002047688399,0.0002018906881480167,0.11109983818560039,-0.11110940211354578
2629,0.1,-0.11109893720263485,1.7457211668918737e-8,0.0001321257418859729,0.00020025597764165257,0.11109893720263485,-0.11110944052797347
2630,0.1,-0.11109805400125473,2.0119686199982126e-8,0.00014184387967051002,0.0001986297474841304,0.11109805400125473,-0.11110947799006608
2631,0.1,-0.11109718930823688,2.293174748055579e-8,0.00015143231980180384,0.00019700884513849343,0.11109718930823688,-0.11110951449552908
2632,0.1,-0.11109634378690926,2.5880873852301348e-8,0.0001608753363704373,0.00019539078919235056,0.11109634378690926,-0.1111095500400065
2633,0.25,-0.11109557495319193,2.8755272765396817e-8,0.00016957379740218363,0.00019378400913653876,0.11109557495319193,-0.11110957986274243
2634,0.625,-0.11109500227017444,3.110979845632556e-8,0.00017637969967183173,0.00019097249760279399,0.11109500227017444,-0.11110959515257735
2635,1.5625,-0.11109491024678418,3.1973320791473675e-8,0.00017881085199582735,0.0001852571828831681,0.11109491024678418,-0.11110957522570558
2636,3.90625,-0.11109588107633883,2.981296968621405e-8,0.00017266432661732433,0.0001738254331414652,0.11109588107633883,-0.11110948108018144
2637,9.765625,-0.11109860697419567,2.3329336913852254e-8,0.0001527394412516042,0.00015643616783316623,0.11109860697419567,-0.11110927215072601
2638,24.4140625,-0.11110762348197156,1.432976574640825e-8,0.00011970699957148809,0.00015645249542421848,0.11110762348197156,-0.1111091065021072
2639,9.765625,-0.11111259798843305,1.61924416811717e-8,0.00012724952526894432,0.0004650451256739448,0.11111259798843305,-0.11110936744508357
2640,3.90625,-0.11111406153140568,1.651016630883924e-8,0.0001284918919964962,0.00024287132596777667,0.11111406153140568,-0.11110932321112776
2641,1.5625,-0.11111527063673969,1.7834547326141114e-8,0.00013354604945913268,0.00016701105972057772,0.11111527063673969,-0.11110931513169423
2642,0.625,-0.1111164154553701,1.963617085090088e-8,0.0001401291220656894,0.00014273755748352027,0.1111164154553701,-0.11110932122222494
2643,1.5625,-0.11111728596155396,1.7460724340725155e-8,0.0001321390341296816,0.00013438027683732097,0.11111728596155396,-0.11110930769559234
2644,3.90625,-0.11111731130554442,9.038505424626398e-9,9.507105460983588e-5,0.00012343528794531093,0.11111731130554442,-0.11110928549169329
2645,1.5625,-0.11111730132013908,6.4344167156753625e-9,8.021481606084603e-5,0.00013024048412198027,0.11111730132013908,-0.11110929495504372
2646,0.625,-0.11111731524327209,5.325962756844405e-9,7.297919399969011e-5,0.00013558975464583408,0.11111731524327209,-0.11110931090126905
2647,0.25,-0.11111734182899866,5.089482736772895e-9,7.134061071208246e-5,0.00013618475438636907,0.11111734182899866,-0.1111093284326219
2648,0.1,-0.11111737440907114,5.5796858414125e-9,7.469729473958545e-5,0.00013548786079934538,0.11111737440907114,-0.11110934632875713
2649,0.1,-0.11111739007565406,6.747135312052348e-9,8.214094783999238e-5,0.00013465415062372625,0.11111739007565406,-0.11110936380730105
2650,0.1,-0.1111173883783013,8.55449042885422e-9,9.24904883155788e-5,0.0001335958616245463,0.1111173883783013,-0.11110938074829
2651,0.1,-0.11111736892445778,1.0953609555440331e-8,0.00010465949338421398,0.00013231678463159732,0.11111736892445778,-0.11110939704012526
2652,0.1,-0.11111733138582595,1.3886692063635509e-8,0.00011784180948897344,0.00013082421436737805,0.11111733138582595,-0.11110941258163692
2653,0.25,-0.11111722027381733,1.704149839007793e-8,0.00013054309016595988,0.00012913695952849382,0.11111722027381733,-0.11110942426361575
2654,0.625,-0.1111169248194918,1.9515640802324337e-8,0.00013969839226821593,0.00012515076963698295,0.1111169248194918,-0.11110942557942237
2655,1.5625,-0.11111619513123151,1.91383646626653e-8,0.00013834147846060232,0.00011568643175936398,0.11111619513123151,-0.11110940415224604
2656,3.90625,-0.11111460492154063,1.3466997483909795e-8,0.00011604739326632803,9.883881462263082e-5,0.11111460492154063,-0.11110935565571482
2657,9.765625,-0.11111218680533388,7.925681240735653e-9,8.902629522076976e-5,9.423084603811219e-5,0.11111218680533388,-0.11110929461138057
2658,24.4140625,-0.11111220839803707,4.770710490247775e-9,6.907033002851351e-5,9.680170313200599e-5,0.11111220839803707,-0.11110920028407956
2659,9.765625,-0.11111036669983387,4.327812490946767e-9,6.578611168739772e-5,0.00015252694632592154,0.11111036669983387,-0.11110919103621468
2660,3.90625,-0.11110963848911541,4.181711788323021e-9,6.466615643691081e-5,0.00014291237261932242,0.11110963848911541,-0.11110919514545096
2661,1.5625,-0.11110896870771658,4.326854980886599e-9,6.577883383647508e-5,0.0001383928219747334,0.11110896870771658,-0.11110920746205584
2662,0.625,-0.11110831570870942,4.717750684817796e-9,6.868588417439056e-5,0.00013532669261881924,0.11110831570870942,-0.11110922278162723
2663,0.25,-0.11110766781433339,5.3420544600886835e-9,7.308935941769282e-5,0.00013321771879511857,0.11110766781433339,-0.11110923921400434
2664,0.1,-0.11110702145055712,6.194228997494124e-9,7.870342430602447e-5,0.00013175176203172604,0.11110702145055712,-0.11110925602393293
2665,0.1,-0.11110638592884568,7.253362162542493e-9,8.516667283945341e-5,0.0001306799394788147,0.11110638592884568,-0.11110927241567958
2666,0.1,-0.11110576218047859,8.508219298947057e-9,9.224000920938298e-5,0.0001295644526718441,0.11110576218047859,-0.11110928836248282
2667,0.1,-0.11110515108937773,9.947219590219961e-9,9.973574880763648e-5,0.00012840463103093357,0.11110515108937773,-0.11110930383880249
2668,0.1,-0.1111045534904689,1.1558496101177873e-8,0.0001075104464746467,0.0001272003449808294,0.1111045534904689,-0.1111093188205132
2669,0.25,-0.1111040074536263,1.3242991725119759e-8,0.00011507819830497763,0.00012596126216115057,0.1111040074536263,-0.11110933104932058
2670,0.625,-0.11110359636105485,1.4766439344181029e-8,0.00012151723887655212,0.00012359362506692194,0.11110359636105485,-0.11110933604195966
2671,1.5625,-0.11110352366333427,1.5561580892584532e-8,0.00012474606563970078,0.00011834065929972044,0.11110352366333427,-0.11110932301711744
2672,3.90625,-0.11110421354843653,1.454054866597364e-8,0.00012058419741397974,0.00010686093375750016,0.11110421354843653,-0.11110927229827186
2673,9.765625,-0.11110615739010177,1.0483151322487658e-8,0.00010238726152450635,8.867277804385872e-5,0.11110615739010177,-0.11110917396601636
2674,24.4140625,-0.11110882497280097,5.134447533989882e-9,7.165505937468674e-5,9.844270203314743e-5,0.11110882497280097,-0.11110913052973663
2675,9.765625,-0.11111200128656507,5.843201248018155e-9,7.644083495107935e-5,0.0002480292627298338,0.11111200128656507,-0.11110919178083842
2676,3.90625,-0.11111281475041887,5.837439617588597e-9,7.640313879408749e-5,0.00013384125188506684,0.11111281475041887,-0.11110917626845922
2677,1.5625,-0.11111347956930344,6.108702028106884e-9,7.815818593152532e-5,9.800351531233052e-5,0.11111347956930344,-0.11110917421194094
2678,0.625,-0.11111410771054754,6.494398539370715e-9,8.05878312114845e-5,8.765221773522989e-5,0.11111410771054754,-0.11110917735048456
2679,1.5625,-0.11111452682766335,5.7826754197935605e-9,7.604390455384021e-5,8.43150244533532e-5,0.11111452682766335,-0.11110917443669184
2680,3.90625,-0.11111434374611313,3.3902383502693176e-9,5.822575332504782e-5,8.070864619733898e-5,0.11111434374611313,-0.11110916762332458
2681,1.5625,-0.1111141991221314,2.576656186006234e-9,5.076077408793363e-5,8.61659467477526e-5,0.1111141991221314,-0.11110917191072651
2682,0.625,-0.11111408291580367,2.164218693260947e-9,4.652116392848471e-5,8.92561819555661e-5,0.11111408291580367,-0.11110917885537935
2683,0.25,-0.1111139785132035,1.9835286250519317e-9,4.4536823248318144e-5,8.977590079799104e-5,0.1111139785132035,-0.11110918653567706
2684,0.1,-0.11111387891963707,1.99513905136703e-9,4.466697942963045e-5,8.953034949882051e-5,0.11111387891963707,-0.11110919440699006
2685,0.1,-0.11111376998500393,2.1863441701276446e-9,4.675835936094897e-5,8.913733997330374e-5,0.11111376998500393,-0.11110920216802794
2686,0.1,-0.11111365178366406,2.547177416758866e-9,5.0469569215110865e-5,8.866114645269326e-5,0.11111365178366406,-0.11110920978817385
2687,0.1,-0.11111352442523392,3.064790482636822e-9,5.536054987657567e-5,8.810351239615141e-5,0.11111352442523392,-0.11110921723893595
2688,0.1,-0.11111338805641287,3.7237710146832414e-9,6.102270900806716e-5,8.74678290160919e-5,0.11111338805641287,-0.11110922449450225
2689,0.1,-0.11111324286265363,4.5065056780024616e-9,6.713051227275464e-5,8.6759034988964e-5,0.11111324286265363,-0.1111092315322228
2690,0.1,-0.11111308906966143,5.393580088188876e-9,7.34409973256687e-5,8.598350607277937e-5,0.11111308906966143,-0.11110923833301059
2691,0.25,-0.1111129004423035,6.250381424044629e-9,7.905935380487643e-5,8.515095448396006e-5,0.1111129004423035,-0.11110924380899395
2692,0.625,-0.11111262902244143,6.730365363071103e-9,8.203880400804916e-5,8.336996392508176e-5,0.11111262902244143,-0.11110924596523625
2693,1.5625,-0.11111217519909174,6.086896326201243e-9,7.80185639844854e-5,7.968905188780963e-5,0.11111217519909174,-0.11110924164692716
2694,3.90625,-0.11111140512414801,3.76196593404116e-9,6.133486719673533e-5,7.524717873164554e-5,0.11111140512414801,-0.11110923219626774
2695,9.765625,-0.11111053929019908,2.2724440052596355e-9,4.767015843543669e-5,7.906669527983465e-5,0.11111053929019908,-0.11110922075456166
2696,3.90625,-0.11111050368944052,2.071946744678699e-9,4.551864172708473e-5,7.586757410001138e-5,0.11111050368944052,-0.11110921868727684
2697,1.5625,-0.11111044036291501,1.9373389457806343e-9,4.401521266313085e-5,7.712044782978826e-5,0.11111044036291501,-0.11110922180917222
2698,0.625,-0.11111037038309789,1.841666184376341e-9,4.291463834609749e-5,7.753061420106697e-5,0.11111037038309789,-0.11110922677299617
2699,0.25,-0.1111102981279496,1.777285649588171e-9,4.215786580921965e-5,7.742058121747438e-5,0.1111102981279496,-0.1111092323845126
2700,0.1,-0.11111022496382827,1.7414414956052504e-9,4.17305822581623e-5,7.713286391431577e-5,0.11111022496382827,-0.11110923820606093
2701,0.1,-0.11111015374549381,1.7314730125533665e-9,4.1610972261572626e-5,7.680368684983142e-5,0.11111015374549381,-0.1111092439730525
2702,0.1,-0.11111008448252542,1.7467026390902146e-9,4.179357174363319e-5,7.64746794668791e-5,0.11111008448252542,-0.11110924968348174
2703,0.1,-0.11111001717647982,1.7864134764433385e-9,4.226598486304724e-5,7.614458226258275e-5,0.11111001717647982,-0.11110925533520002
2704,0.1,-0.11110995182119084,1.849850443359359e-9,4.300988773944149e-5,7.581235045858422e-5,0.11110995182119084,-0.11110926092595906
2705,0.1,-0.11110988840306518,1.936221645477147e-9,4.400251862651895e-5,7.547712852879452e-5,0.11110988840306518,-0.1111092664534485
2706,0.1,-0.11110982690143671,2.0446999063745364e-9,4.521835806809593e-5,7.513822801549068e-5,0.11110982690143671,-0.1111092719153304
2707,0.1,-0.11110976728892168,2.174424419817047e-9,4.6630723989844366e-5,7.4795108228176e-5,0.11110976728892168,-0.11110927730926828
2708,0.1,-0.11110970953180367,2.3245024937796046e-9,4.8213094629774645e-5,7.444735946364651e-5,0.11110970953180367,-0.11110928263295314
2709,0.1,-0.1111096535904383,2.494011366661906e-9,4.9940077759870435e-5,7.409468842515407e-5,0.1111096535904383,-0.1111092878841272
2710,0.1,-0.1111095994196743,2.6820000847890924e-9,5.1788030323512906e-5,7.37369055543879e-5,0.1111095994196743,-0.11110929306060384
2711,0.1,-0.11110954696929098,2.8874914376201436e-9,5.373538347886003e-5,7.337391402182805e-5,0.11110954696929098,-0.11110929816028473
2712,0.1,-0.11110949618445254,3.1094839533773573e-9,5.576274700350905e-5,7.300570014915516e-5,0.11110949618445254,-0.11110930318117856
2713,0.1,-0.11110944700616822,3.346953962582691e-9,5.7852864774207085e-5,7.26323250622513e-5,0.11110944700616822,-0.11110930812141151
2714,0.1,-0.11110939937176763,3.5988577408024884e-9,5.999048041816709e-5,7.225391739526216e-5,0.11110939937176763,-0.11110931297924193
2715,0.25,-0.11110935818591132,3.850016797649154e-9,6.204850358912094e-5,7.187191160946571e-5,0.11110935818591132,-0.11110931713730623
2716,0.625,-0.11110933237082939,4.066419961892315e-9,6.376848721658932e-5,7.120172060837492e-5,0.11110933237082939,-0.11110931951642784
2717,1.5625,-0.11110934172803119,4.164643490882491e-9,6.4534049081725e-5,6.983356431345986e-5,0.11110934172803119,-0.11110931750766545
2718,3.90625,-0.11110942443107583,3.970890709132535e-9,6.301500384140698e-5,6.711111045026787e-5,0.11110942443107583,-0.11110930579348233
2719,9.765625,-0.11110962756481335,3.265482000709965e-9,5.7144396056918524e-5,6.368639684990506e-5,0.11110962756481335,-0.11110927775359129
2720,24.4140625,-0.11110991985903888,2.2825892236666604e-9,4.777645051347641e-5,6.832173412399525e-5,0.11110991985903888,-0.11110923155827279
2721,9.765625,-0.11110998050845937,2.0735774926759214e-9,4.553655117239251e-5,8.330732340046055e-5,0.11110998050845937,-0.11110922002636013
2722,3.90625,-0.11110994361344922,1.9936795010383846e-9,4.4650638304937864e-5,8.653897048519323e-5,0.11110994361344922,-0.11110922015899397
2723,1.5625,-0.11110991467539547,1.995078936582848e-9,4.466630650258479e-5,8.617585086604562e-5,0.11110991467539547,-0.11110922457814593
2724,0.625,-0.11110988841404079,2.0678115601210844e-9,4.5473196062307784e-5,8.513216961179797e-5,0.11110988841404079,-0.11110923057710202
2725,0.25,-0.11110986311483478,2.209282285618996e-9,4.700300294256736e-5,8.416773538227117e-5,0.11110986311483478,-0.11110923714867836
2726,0.1,-0.11110983816595306,2.4184410502165647e-9,4.917764787194041e-5,8.339237733221574e-5,0.11110983816595306,-0.11110924390656325
2727,0.1,-0.11110981289270781,2.6915203890747854e-9,5.18798649677771e-5,8.276692451773681e-5,0.11110981289270781,-0.11110925052258422
2728,0.1,-0.11110978734841088,3.025855086629039e-9,5.500777296554587e-5,8.212786675252645e-5,0.11110978734841088,-0.11110925698977989
2729,0.1,-0.11110976159028192,3.4186118323362452e-9,5.8468896281153153e-5,8.147364449739973e-5,0.11110976159028192,-0.11110926330124159
2730,0.1,-0.111109735679359,3.8667994126434786e-9,6.218359440112383e-5,8.080308644081947e-5,0.111109735679359,-0.11110926945020659
2731,0.1,-0.11110970968038325,4.367279901047828e-9,6.60853985464855e-5,8.011536999598223e-5,0.11110970968038325,-0.11110927543014192
2732,0.25,-0.11110968327615976,4.893769910620591e-9,6.995548520752745e-5,7.941220097246974e-5,0.11110968327615976,-0.11110928042298579
2733,0.625,-0.11110965664860178,5.380544003011386e-9,7.3352191535164e-5,7.814976962002208e-5,0.11110965664860178,-0.11110928285185717
2734,1.5625,-0.11110963238582133,5.654465013545849e-9,7.519617685458384e-5,7.544795156776297e-5,0.11110963238582133,-0.11110927887233954
2735,3.90625,-0.11110962638762889,5.321504375149467e-9,7.29486420377341e-5,6.968902412173079e-5,0.11110962638762889,-0.11110926128483808
2736,9.765625,-0.11110971548835158,3.825975173343959e-9,6.185446769105656e-5,6.182667915092853e-5,0.11110971548835158,-0.1111092270333227
2737,24.4140625,-0.1111101244946709,1.744666491436739e-9,4.176920506110619e-5,7.37922289440046e-5,0.1111101244946709,-0.11110920090758529
2738,9.765625,-0.11111020119891606,1.4399381143986702e-9,3.794651649886548e-5,0.00010263466047613832,0.11111020119891606,-0.11110920051038208
2739,3.90625,-0.1111102853909968,1.4040040984417954e-9,3.747004268001033e-5,0.00010627705810703734,0.1111102853909968,-0.11110920682293214
2740,1.5625,-0.11111036066710274,1.5287852420068084e-9,3.909968340033981e-5,0.00010448673965308215,0.11111036066710274,-0.11110921534238784
2741,0.625,-0.11111043326344586,1.795351187444223e-9,4.2371584669967475e-5,0.00010238256298353624,0.11111043326344586,-0.11110922465262696
2742,0.25,-0.11111050500931749,2.1995962386588023e-9,4.68998532903761e-5,0.00010083283448191895,0.11111050500931749,-0.11110923425767906
2743,0.1,-0.11111057651336494,2.7401240629417137e-9,5.234619435013126e-5,9.977430747718805e-5,0.11111057651336494,-0.11110924395991201
2744,0.1,-0.1111106474449341,3.4100795543588387e-9,5.8395886450663964e-5,9.902721050263937e-5,0.1111106474449341,-0.11110925342951342
2745,0.1,-0.11111071770278169,4.203892411554467e-9,6.483743063658882e-5,9.823228095948066e-5,0.11111071770278169,-0.11110926264657421
2746,0.1,-0.11111078718429025,5.115563713481674e-9,7.152316906766418e-5,9.738934765031001e-5,0.11111078718429025,-0.11110927159199392
2747,0.1,-0.11111085578570527,6.138693428649657e-9,7.83498144774425e-5,9.649858355737326e-5,0.11111085578570527,-0.11110928024760432
2748,0.25,-0.11111092083274142,7.225835321881237e-9,8.500491351610938e-5,9.556532661011097e-5,0.11111092083274142,-0.11110928735310406
2749,0.625,-0.1111109758600215,8.253910580647362e-9,9.085103511048932e-5,9.366365504460707e-5,0.1111109758600215,-0.11110929028277124
2750,1.5625,-0.1111110033826754,8.891269939591165e-9,9.42935307409324e-5,8.923549500538618e-5,0.1111110033826754,-0.11110928257689014
2751,3.90625,-0.11111095803256299,8.362467679907443e-9,9.144652907523305e-5,7.909183400348227e-5,0.11111095803256299,-0.11110925257183446
2752,9.765625,-0.11111073599871704,5.5266279269703075e-9,7.434129355190362e-5,6.320552352789083e-5,0.11111073599871704,-0.11110920037503876
2753,24.4140625,-0.11111054428164091,9.293190873234546e-10,3.0484735316604845e-5,8.15542799561195e-5,0.11111054428164091,-0.11110923145002936
2754,9.765625,-0.1111096441309317,8.696681677408116e-10,2.9490136787421173e-5,6.6466311119376e-5,0.1111096441309317,-0.11110922731211
2755,3.90625,-0.11110938536408389,8.315894411379772e-10,2.8837292541741454e-5,6.293789796263376e-5,0.11110938536408389,-0.11110922801067888
2756,1.5625,-0.11110917976907948,8.064248704694847e-10,2.839762085931645e-5,6.248110440677927e-5,0.11110917976907948,-0.111109230692294
2757,0.625,-0.1111089874954073,7.90438239505919e-10,2.811473349519641e-5,6.227709444919486e-5,0.1111089874954073,-0.11110923410812604
2758,0.25,-0.11110879904045798,7.823672709673339e-10,2.797082892885611e-5,6.205066844607673e-5,0.11110879904045798,-0.11110923778823681
2759,0.1,-0.11110861164435419,7.816883954800256e-10,2.7958690875647695e-5,6.181315560529984e-5,0.11110861164435419,-0.1111092415534019
2760,0.1,-0.11110843094918647,7.870565058612611e-10,2.8054527368345756e-5,6.158093310874361e-5,0.11110843094918647,-0.11110924528760152
2761,0.1,-0.11110825757890334,7.98234721700928e-10,2.8253048007266896e-5,6.13543002221632e-5,0.11110825757890334,-0.1111092489911839
2762,0.1,-0.11110809212697585,8.149950607519153e-10,2.8548118339952202e-5,6.113242291434022e-5,0.11110809212697585,-0.111109252664396
2763,0.1,-0.11110793515464734,8.371197228466189e-10,2.8933021322471992e-5,6.091458436087376e-5,0.11110793515464734,-0.11110925630739912
2764,0.1,-0.11110778718930699,8.644023135373867e-10,2.940071960917601e-5,6.07001677043694e-5,0.11110778718930699,-0.1111092599202842
2765,0.1,-0.11110764872299139,8.966489611963823e-10,2.994409726801565e-5,6.0488640985697904e-5,0.11110764872299139,-0.1111092635030823
2766,0.1,-0.11110752021102166,9.33679289363923e-10,3.0556166143086786e-5,6.027954400161208e-5,0.11110752021102166,-0.11110926705577466
2767,0.1,-0.11110740207077661,9.753272138558439e-10,3.1230229167520434e-5,6.0072476873712465e-5,0.11110740207077661,-0.11110927057829936
2768,0.1,-0.11110729468060931,1.0214415416877152e-9,3.19599990877302e-5,5.9867090139723805e-5,0.11110729468060931,-0.11110927407055887
2769,0.1,-0.11110719837890372,1.071886355964867e-9,3.273967556291398e-5,5.966307620074772e-5,0.11110719837890372,-0.11110927753242303
2770,0.1,-0.11110711346327988,1.1265411777397495e-9,3.356398632075382e-5,5.946016197769623e-5,0.11110711346327988,-0.11110928096373389
2771,0.1,-0.11110704018994517,1.1853009021257403e-9,3.442819922862275e-5,5.925810264671501e-5,0.11110704018994517,-0.11110928436430884
2772,0.1,-0.11110697877319224,1.2480755118224647e-9,3.532811220292509e-5,5.905667633763518e-5,0.11110697877319224,-0.11110928773394133
2773,0.1,-0.11110692938504735,1.314789576542319e-9,3.626002725512378e-5,5.8855679691479645e-5,0.11110692938504735,-0.11110929107240382
2774,0.1,-0.11110689215506535,1.3853815515186092e-9,3.722071401140243e-5,5.865492418305959e-5,0.11110689215506535,-0.11110929437944786
2775,0.1,-0.111106867170273,1.4598028924029038e-9,3.820736699123487e-5,5.845423312339603e-5,0.111106867170273,-0.11110929765480554
2776,0.1,-0.11110685447525809,1.5380170072997675e-9,3.921755993556671e-5,5.825343926368387e-5,0.11110685447525809,-0.11110930089818953
2777,0.1,-0.11110685407240344,1.619998069450252e-9,4.024919961254201e-5,5.805238292894176e-5,0.11110685407240344,-0.11110930410929394
2778,0.1,-0.11110686592226264,1.7057297161976758e-9,4.13004808228388e-5,5.785091061470805e-5,0.11110686592226264,-0.11110930728779413
2779,0.1,-0.1111068899440768,1.7952036612392716e-9,4.236984377171188e-5,5.764887398481545e-5,0.1111068899440768,-0.11110931043334833
2780,0.1,-0.11110692601642415,1.888418247956714e-9,4.345593455394458e-5,5.744612921270014e-5,0.11110692601642415,-0.11110931354559549
2781,0.1,-0.11110697397800749,1.985376971691787e-9,4.455756918517646e-5,5.7242536612458893e-5,0.11110697397800749,-0.1111093166241587
2782,0.1,-0.11110703362856572,2.086086998327675e-9,4.567370138633035e-5,5.703796050968138e-5,0.11110703362856572,-0.11110931966864404
2783,0.25,-0.11110714022569675,2.1860085151267275e-9,4.675476997191546e-5,5.683252131466211e-5,0.11110714022569675,-0.1111093223354764
2784,0.625,-0.11110736031563709,2.2767323868231805e-9,4.771511696331866e-5,5.6484051172910124e-5,0.11110736031563709,-0.11110932404575906
2785,1.5625,-0.11110784203750988,2.3403825114353006e-9,4.837750005359207e-5,5.5779606464415554e-5,0.11110784203750988,-0.11110932334806889
2786,3.90625,-0.11110885253569003,2.3473648674135618e-9,4.844961163325834e-5,5.4256020342917736e-5,0.11110885253569003,-0.11110931677766472
2787,9.765625,-0.11111052903303409,2.2702131463212895e-9,4.764675378576477e-5,5.104160225525798e-5,0.11111052903303409,-0.11110929658136934
2788,24.4140625,-0.11111130004505898,2.0623340656795372e-9,4.541292839797426e-5,4.466548061554727e-5,0.11111130004505898,-0.11110924749370144
2789,61.03515625,-0.11110888376408992,1.6361162246398259e-9,4.044893354143995e-5,4.1579912630633814e-5,0.11110888376408992,-0.11110915230951231
2790,152.587890625,-0.1111111867723609,1.515340161591992e-9,3.8927370340057545e-5,0.00012377816030273916,0.1111111867723609,-0.11110893149641207
2791,61.03515625,-0.11111040222328043,2.4245213207878216e-9,4.9239428518087226e-5,0.00031020660657104685,0.11111040222328043,-0.11110886743889617
2792,24.4140625,-0.11111057551447219,2.474622237896805e-9,4.974557505845927e-5,0.00044891968820963646,0.11111057551447219,-0.11110902394459553
2793,9.765625,-0.1111067026982907,2.1501550345448256e-7,0.0004636976422783305,0.00028971223243644175,0.1111067026982907,-0.11111153415611724
2794,24.4140625,-0.1111092056931369,2.48263295566229e-8,0.00015756373172980798,0.0002329176247207628,0.1111092056931369,-0.11110954593944658
2795,9.765625,-0.11110968725527537,2.4750481059387324e-8,0.0001573228561251903,0.0001428830944989443,0.11110968725527537,-0.11110931798549126
2796,24.4140625,-0.11110832732126326,2.2913574305408376e-8,0.0001513723036272104,0.00010883630471389028,0.11110832732126326,-0.1111087590999116
2797,61.03515625,-0.11111187722373206,2.3393265032770135e-8,0.00015294856989449143,0.00019659070654036797,0.11111187722373206,-0.11110741200077642
2798,24.4140625,-0.11112389642465914,5.5645325045953245e-8,0.00023589261337725954,0.0007283028568215115,0.11112389642465914,-0.11110975009637067
2799,9.765625,-0.11109785760083217,8.035090001218686e-8,0.000283462343199563,0.0009566040958973132,0.11109785760083217,-0.11111041740088509
2800,3.90625,-0.11109236005019572,8.867501917039257e-8,0.000297783510575036,0.0004919252677796656,0.11109236005019572,-0.1111101365450134
2801,1.5625,-0.11108770969187368,9.903100375528248e-8,0.00031469191879564127,0.00030223353460842443,0.11108770969187368,-0.11111003109975377
2802,3.90625,-0.11108843511323539,7.109662406451296e-8,0.000266639502070704,0.0002280386745772792,0.11108843511323539,-0.1111097295034517
2803,9.765625,-0.1111032978427049,3.101139546421664e-8,0.00017610052658699417,0.0001404696938239838,0.1111032978427049,-0.11110946325994771
2804,24.4140625,-0.11111452870748062,2.8123260916134553e-8,0.00016769991328600785,0.00012948129094338213,0.11111452870748062,-0.11110879990787716
2805,61.03515625,-0.11110920372936023,6.161005905705981e-9,7.849207543253001e-5,0.00015959590374516275,0.11110920372936023,-0.1111090359108898
2806,24.4140625,-0.11111355002473458,5.961863148068154e-9,7.721310217876338e-5,0.0002098209666914374,0.11111355002473458,-0.11110897018029899
2807,9.765625,-0.11111551805447283,4.686282280818863e-8,0.00021647822709960608,0.00018709726442581008,0.11111551805447283,-0.11110957348302378
2808,24.4140625,-0.11109661963746753,5.255532243417549e-8,0.00022924947640981755,0.00020666216340808324,0.11109661963746753,-0.11110845378706123
2809,61.03515625,-0.11110944278135179,4.686590425298159e-9,6.845867677145213e-5,0.0006390356182309701,0.11110944278135179,-0.11110920781917212
2810,24.4140625,-0.11111162441162156,3.573183374371169e-9,5.977611039847917e-5,0.00023076783779762072,0.11111162441162156,-0.11110911827649422
2811,9.765625,-0.11111391901905326,4.1540422760843645e-9,6.445186014448585e-5,0.0002262753765097354,0.11111391901905326,-0.11110913729919443
2812,3.90625,-0.11111447665440143,4.4847095908324435e-9,6.696797436709911e-5,0.00016337716946898692,0.11111447665440143,-0.11110914054737457
2813,1.5625,-0.1111150577009659,4.915715758748459e-9,7.01121655545488e-5,0.00014184958473615277,0.1111150577009659,-0.11110915156327253
2814,0.625,-0.11111565135507111,5.490857836264744e-9,7.410032278111036e-5,0.00013412479769711364,0.11111565135507111,-0.11110916584025467
2815,0.25,-0.111116250811341,6.2178782491609625e-9,7.885352401231642e-5,0.00013058796596138544,0.111116250811341,-0.1111091813749654
2816,0.1,-0.11111685287766114,7.096988085276569e-9,8.424362341018202e-5,0.00012849970294553936,0.11111685287766114,-0.11110919731194616
2817,0.1,-0.11111743568778347,8.052313181633668e-9,8.973468215597394e-5,0.00012702252692076328,0.11111743568778347,-0.11110921274577683
2818,0.1,-0.11111799842310566,9.060556570862173e-9,9.518695588609908e-5,0.0001255892835199705,0.11111799842310566,-0.11110922769123446
2819,0.1,-0.11111854034612395,1.0098951267083009e-8,0.00010049353843448348,0.00012419941507048769,0.11111854034612395,-0.1111092421645404
2820,0.25,-0.11111900191532932,1.0875038946338103e-8,0.00010428345480630234,0.00012285592574452049,0.11111900191532932,-0.11110925440432308
2821,0.625,-0.11111925948788474,1.076457858366201e-8,0.00010375248712036743,0.00012089407934621422,0.11111925948788474,-0.11110926179295028
2822,1.5625,-0.11111902468943036,8.58822102083624e-9,9.26726551947026e-5,0.00011813411492722037,0.11111902468943036,-0.1111092616845327
2823,0.625,-0.11111891288060252,7.228734564221919e-9,8.502196518677935e-5,0.00011780037525871008,0.11111891288060252,-0.11110927153589147
2824,0.25,-0.11111884172093785,6.219268881717121e-9,7.886234134057346e-5,0.00011888003440483276,0.11111884172093785,-0.11110928443004695
2825,0.1,-0.11111878516152508,5.430831227160207e-9,7.36941736310287e-5,0.00011905828513288207,0.11111878516152508,-0.11110929824419219
2826,0.1,-0.1111187183264496,4.784513611416538e-9,6.917017862790682e-5,0.00011877904248984147,0.1111187183264496,-0.11110931203813704
2827,0.1,-0.11111864276230575,4.291960183601282e-9,6.551305353592734e-5,0.000118476113149256,0.11111864276230575,-0.11110932579023866
2828,0.1,-0.11111856002259818,3.962265999310125e-9,6.294653286170832e-5,0.0001181407716755475,0.11111856002259818,-0.11110933947607217
2829,0.1,-0.11111847166050655,3.801839787452308e-9,6.165906087066448e-5,0.00011776560129243363,0.11111847166050655,-0.11110935306906738
2830,0.1,-0.11111837922176604,3.8143221001887e-9,6.176019834965477e-5,0.00011734450413602694,0.11111837922176604,-0.11110936654115021
2831,0.1,-0.11111828423769426,4.0005589465363265e-9,6.324997190937183e-5,0.00011687269872501253,0.11111828423769426,-0.11110937986337982
2832,0.1,-0.11111818821840162,4.358629963089149e-9,6.601992095639882e-5,0.00011634670548743022,0.11111818821840162,-0.11110939300657176
2833,0.1,-0.11111809264618659,4.883929170871126e-9,6.988511408641418e-5,0.00011576432112710434,0.11111809264618659,-0.11110940594189751
2834,0.1,-0.11111799896918166,5.5692954231034705e-9,7.462771216581325e-5,0.00011512458251111486,0.11111799896918166,-0.11110941864145535
2835,0.1,-0.11111790859523359,6.405188782391398e-9,8.003242331949844e-5,0.00011442772063275851,0.11111790859523359,-0.11110943107879617
2836,0.1,-0.111117822886051,7.379908292069891e-9,8.590639261469365e-5,0.00011367510506879126,0.111117822886051,-0.11110944322940637
2837,0.1,-0.11111774315164104,8.479845938040345e-9,9.20860789589846e-5,0.00011286917921984275,0.11111774315164104,-0.111109455071134
2838,0.25,-0.11111768441832262,9.6084934344462e-9,9.802292300501041e-5,0.00011201707483748518,0.11111768441832262,-0.11110946497348155
2839,0.625,-0.11111768940847573,1.0511049783690569e-8,0.00010252341090546378,0.00011027652797404346,0.11111768940847573,-0.11110946983610481
2840,1.5625,-0.11111786730487573,1.0595304802550548e-8,0.00010293349698980672,0.00010647337006857646,0.11111786730487573,-0.11110946290789124
2841,3.90625,-0.11111841626194136,9.172121886036374e-9,9.57711954923628e-5,9.955778533893373e-5,0.11111841626194136,-0.11110943451063561
2842,9.765625,-0.11111919336744137,7.428935395552885e-9,8.619127215416237e-5,9.296304572981948e-5,0.11111919336744137,-0.11110937056234134
2843,24.4140625,-0.11111693041893583,5.600116797981049e-9,7.483392812074647e-5,8.396419116320171e-5,0.11111693041893583,-0.11110924272034456
2844,61.03515625,-0.11110766758868044,5.6888249656382475e-9,7.542429957008715e-5,0.00011941710077200166,0.11110766758868044,-0.11110895310069034
2845,24.4140625,-0.11111231957333523,6.5183371651250115e-9,8.073621966084993e-5,0.0006937863181401921,0.11111231957333523,-0.11110917142763704
2846,9.765625,-0.11111295690164105,6.80689129640171e-9,8.250388655331159e-5,0.00037030799259897,0.11111295690164105,-0.11110915815331172
2847,3.90625,-0.11111289236769609,7.649302309856826e-9,8.746028990265712e-5,0.0002559360993818594,0.11111289236769609,-0.1111091762068775
2848,1.5625,-0.11111276320116739,8.846875590483712e-9,9.405783109600026e-5,0.00021926404298492136,0.11111276320116739,-0.11110920649925934
2849,0.625,-0.11111262401949124,1.0382899085126764e-8,0.00010189651164356297,0.00020658695560501385,0.11111262401949124,-0.11110924187936128
2850,0.25,-0.11111248425647968,1.2242758460437331e-8,0.00011064699932866382,0.00020095663475513167,0.11111248425647968,-0.11110927924280152
2851,0.1,-0.11111234528775338,1.441422593396425e-8,0.00012005926009252369,0.00019770569300783594,0.11111234528775338,-0.11110931719249043
2852,0.1,-0.11111216985877893,1.6730836746078713e-8,0.00012934773575938124,0.00019543317511724892,0.11111216985877893,-0.11110935395286033
2853,0.1,-0.11111195586661278,1.9151939741092984e-8,0.0001383905334229657,0.0001932326390699811,0.11111195586661278,-0.11110938956094064
2854,0.1,-0.11111170139992661,2.163948763865181e-8,0.00014710366290018686,0.00019110114211062982,0.11111170139992661,-0.11110942405466522
2855,0.1,-0.11111140474804791,2.415857462183377e-8,0.00015543028862430183,0.00018903697966234407,0.11111140474804791,-0.11110945747313132
2856,0.25,-0.11111094578981293,2.6110421026645647e-8,0.00016158719326309757,0.0001870498686514689,0.11111094578981293,-0.1111094855807831
2857,0.625,-0.1111100740765956,2.6308186431024196e-8,0.0001621979852865756,0.00018410135379807576,0.1111100740765956,-0.1111095017871341
2858,1.5625,-0.11110821538188198,2.2706885869753447e-8,0.00015068804156187526,0.00017962358948361428,0.11110821538188198,-0.11110949651834226
2859,3.90625,-0.11110437660550126,1.5104626358638745e-8,0.00012290088021913733,0.00017605244614916622,0.11110437660550126,-0.11110947012046894
2860,1.5625,-0.11110185785176356,1.3763666878706237e-8,0.00011731865528851853,0.0001766999707896772,0.11110185785176356,-0.11110948147613783
2861,0.625,-0.11109965876889205,1.4163108346175203e-8,0.00011900885826767352,0.00017530607695869722,0.11109965876889205,-0.11110950351845779
2862,0.25,-0.11109756107633763,1.568961997183263e-8,0.00012525821319112223,0.00017270218134420989,0.11109756107633763,-0.11110952932174338
2863,0.1,-0.11109549869667042,1.8211200016074033e-8,0.00013494887926942568,0.0001705843194270778,0.11109549869667042,-0.11110955654951939
2864,0.1,-0.11109346357334494,2.1647794399415558e-8,0.00014713189456883765,0.00016911144872907622,0.11109346357334494,-0.1111095828286328
2865,0.25,-0.1110915190741404,2.5719570570597677e-8,0.00016037322273558538,0.00016739098690324053,0.1110915190741404,-0.11110960357436225
2866,0.625,-0.11108986505798077,2.9518691186686093e-8,0.00017181004390513988,0.00016334388954579313,0.11108986505798077,-0.11110960905623911
2867,1.5625,-0.11108906713111182,3.061640598940431e-8,0.00017497544396115791,0.00015328291435538196,0.11108906713111182,-0.11110957770613993
2868,3.90625,-0.11109049574775742,2.5567685072316904e-8,0.000159898983962741,0.00013246882598900019,0.11109049574775742,-0.11110948422427183
2869,9.765625,-0.11109618015044641,1.8981608161582673e-8,0.00013777375715854842,0.00011322519271153313,0.11109618015044641,-0.11110931169433066
2870,24.4140625,-0.11110489387000744,5.191223323916892e-9,7.205014451003476e-5,0.00010879389175619519,0.11110489387000744,-0.11110929463366757
2871,9.765625,-0.11112096931035957,5.419447123626356e-9,7.361689428131532e-5,0.00023413220261752566,0.11112096931035957,-0.11110933540849449
2872,3.90625,-0.1111265683285855,5.9312243247209906e-9,7.701444231260128e-5,0.00014447102930620554,0.1111265683285855,-0.11110932445043652
2873,1.5625,-0.11113099802792162,6.813652943155747e-9,8.254485412886589e-5,0.000109557839656234,0.11113099802792162,-0.1111093233062922
2874,0.625,-0.11113512402689615,7.969711834135114e-9,8.927324254296532e-5,9.551531892758941e-5,0.11113512402689615,-0.11110932660291564
2875,1.5625,-0.1111373131018037,8.118895527435716e-9,9.010491400270973e-5,8.937134686676873e-5,0.1111373131018037,-0.11110931960385613
2876,3.90625,-0.11113435772511161,5.9512583132611704e-9,7.714439910493289e-5,7.667954569075306e-5,0.11113435772511161,-0.11110929863442558
2877,9.765625,-0.11112116895768125,3.0644157011691246e-9,5.535716485848173e-5,6.582530847610919e-5,0.11112116895768125,-0.11110927424183649
2878,24.4140625,-0.11110451612102566,2.525755760150403e-9,5.025689763754228e-5,6.484968111628436e-5,0.11110451612102566,-0.11110922140261087
2879,9.765625,-0.11111008647306868,2.2277484995606867e-9,4.719903070573258e-5,0.00010151565226697777,0.11111008647306868,-0.11110921571906172
2880,3.90625,-0.11111193126237402,2.17248182488559e-9,4.6609889775514275e-5,9.141555027154557e-5,0.11111193126237402,-0.1111092153921223
2881,1.5625,-0.11111324288372462,2.212217703263323e-9,4.7034218429387374e-5,8.763607159269633e-5,0.11111324288372462,-0.1111092195514709
2882,0.625,-0.11111441512278451,2.3304154070977114e-9,4.827437629941697e-5,8.566388562489755e-5,0.11111441512278451,-0.11110922542244667
2883,0.25,-0.11111554410554701,2.5249670748862024e-9,5.0249050487409236e-5,8.442768218028186e-5,0.11111554410554701,-0.11110923193768957
2884,0.1,-0.11111665897971192,2.795372291180552e-9,5.287128040042677e-5,8.357366091200242e-5,0.11111665897971192,-0.11110923867760326
2885,0.1,-0.11111773247891003,3.1293703383692347e-9,5.5940775275010574e-5,8.293503907212063e-5,0.11111773247891003,-0.11110924526688029
2886,0.1,-0.11111875979717138,3.5213280220437107e-9,5.93407787448371e-5,8.228134904651952e-5,0.11111875979717138,-0.11110925169900125
2887,0.1,-0.11111973631711913,3.965382981495893e-9,6.297128696077199e-5,8.161244373190822e-5,0.11111973631711913,-0.1111092579680435
2888,0.1,-0.11112065762414887,4.455510566800745e-9,6.674961098613793e-5,8.092873319640804e-5,0.11112065762414887,-0.11110926406879008
2889,0.25,-0.1111213696536541,4.927040405616408e-9,7.019288002081414e-5,8.023261891415753e-5,0.1111213696536541,-0.11110926918321708
2890,0.625,-0.11112152359526083,5.2309662942949765e-9,7.232541942011105e-5,7.900360221039234e-5,0.11112152359526083,-0.11110927185621035
2891,1.5625,-0.11112025536096135,5.039311762331313e-9,7.098811000675615e-5,7.661502777062401e-5,0.11112025536096135,-0.1111092691850936
2892,3.90625,-0.11111575107971296,3.9408644298522156e-9,6.277630468458793e-5,7.300819650309655e-5,0.11111575107971296,-0.11110925848506067
2893,9.765625,-0.11110614789395894,2.452939526526782e-9,4.952715948372955e-5,7.283645749023166e-5,0.11110614789395894,-0.11110924194455495
2894,3.90625,-0.1111029015480153,2.1738597747235497e-9,4.662466916476244e-5,7.579430368875062e-5,0.1111029015480153,-0.11110923990057268
2895,1.5625,-0.11110052350602198,2.0652562304310983e-9,4.544509027861094e-5,7.736674770911618e-5,0.11110052350602198,-0.11110924285371128
2896,0.625,-0.11109837538943722,2.058600107463217e-9,4.537179859189205e-5,7.726911223292282e-5,0.11109837538943722,-0.11110924758223173
2897,0.25,-0.11109629950787206,2.141216472447276e-9,4.627328032944364e-5,7.680474477397797e-5,0.11109629950787206,-0.11110925295844279
2898,0.1,-0.11109424727549777,2.3104035089019814e-9,4.8066656934947965e-5,7.636753972518934e-5,0.11109424727549777,-0.11110925857028772
2899,0.1,-0.11109224504476668,2.558097319490616e-9,5.057763655500933e-5,7.602083344891152e-5,0.11109224504476668,-0.11110926409508808
2900,0.1,-0.1110902998831198,2.8788187469145938e-9,5.36546246554255e-5,7.562916783000082e-5,0.1110902998831198,-0.1111092695195221
2901,0.1,-0.11108841864207791,3.266424427950569e-9,5.715264147833037e-5,7.51944407664795e-5,0.11108841864207791,-0.11110927483133716
2902,0.1,-0.1110866079362499,3.714192412838538e-9,6.094417456031822e-5,7.471907660045164e-5,0.1110866079362499,-0.11110928001948532
2903,0.25,-0.11108506512759012,4.164165213247786e-9,6.45303433529358e-5,7.420596959161561e-5,0.11108506512759012,-0.11110928438014724
2904,0.625,-0.11108424810768158,4.4701977070654945e-9,6.68595371436678e-5,7.311761411041477e-5,0.11108424810768158,-0.11110928662682912
2905,1.5625,-0.11108531153075529,4.2842374062411034e-9,6.545408624555921e-5,7.077058004804244e-5,0.11108531153075529,-0.11110928427410767
2906,3.90625,-0.11109076624934007,3.0920517201001882e-9,5.560622015656331e-5,6.725794152565132e-5,0.11109076624934007,-0.11110927617108898
2907,9.765625,-0.11110369885693627,1.3964602156816473e-9,3.736924157220276e-5,6.964827145603829e-5,0.11110369885693627,-0.11110927053268636
2908,3.90625,-0.11110876217596456,1.18428229589309e-9,3.441340285256734e-5,7.856981755212699e-5,0.11110876217596456,-0.11110927294273504
2909,1.5625,-0.11111270533218688,1.177740844840087e-9,3.43182290458014e-5,7.949362636334106e-5,0.11111270533218688,-0.11110927754553938
2910,0.625,-0.1111163401457925,1.2969026048139086e-9,3.6012533996011845e-5,7.849923218912151e-5,0.1111163401457925,-0.11110928288421007
2911,0.25,-0.11111987532525681,1.5287110317249003e-9,3.90987344005519e-5,7.74993402908656e-5,0.11111987532525681,-0.1111092884910233
2912,0.1,-0.11112337680968597,1.870902205581761e-9,4.325392705387294e-5,7.678300717133079e-5,0.11112337680968597,-0.11110929419747123
2913,0.1,-0.11112682371595821,2.315733111207892e-9,4.8122064702253705e-5,7.629321168701949e-5,0.11112682371595821,-0.11110929977227887
2914,0.1,-0.11113020725446719,2.8561070972053267e-9,5.344255885720038e-5,7.574254203302142e-5,0.11113020725446719,-0.11110930519783699
2915,0.1,-0.11113351888125957,3.484073417261038e-9,5.90260401624659e-5,7.513313332302283e-5,0.11113351888125957,-0.11110931045793636
2916,0.1,-0.11113675032210031,4.190932871852964e-9,6.473741477579224e-5,7.446775519720248e-5,0.11113675032210031,-0.11110931553794152
2917,0.25,-0.11113968005198033,4.907815382058748e-9,7.005580191574962e-5,7.374976195532661e-5,0.11113968005198033,-0.11110931957953658
2918,0.625,-0.11114178460695376,5.457277336387006e-9,7.387338719990445e-5,7.21439110083958e-5,0.11114178460695376,-0.11110932089391255
2919,1.5625,-0.11114173119239729,5.4106730716372925e-9,7.3557277489296e-5,6.847804620616093e-5,0.11114173119239729,-0.11110931604429256
2920,3.90625,-0.1111365785338027,4.112169465548472e-9,6.412619952522114e-5,6.194713088966462e-5,0.1111365785338027,-0.11110930248354732
2921,9.765625,-0.11112249837895075,2.0915570837366217e-9,4.5733544403824874e-5,6.058586386821104e-5,0.11112249837895075,-0.11110928818466168
2922,3.90625,-0.11111726122651183,1.8672731855996066e-9,4.321195651205354e-5,6.662917872232884e-5,0.11111726122651183,-0.11110928609290757
2923,1.5625,-0.11111329419736823,1.8802002379475503e-9,4.336127578782191e-5,6.67908882386358e-5,0.11111329419736823,-0.11110928769170078
2924,0.625,-0.11110967842008182,2.030704949304582e-9,4.5063343743053314e-5,6.526250381722074e-5,0.11110967842008182,-0.11110929064107043
2925,0.25,-0.11110617656267112,2.302371507158693e-9,4.798303353435142e-5,6.393960649587511e-5,0.11110617656267112,-0.1111092941193895
2926,0.1,-0.11110271330562475,2.6923952652016698e-9,5.188829603293666e-5,6.305509527434928e-5,0.11110271330562475,-0.11110929781217216
2927,0.25,-0.11109941448753347,3.16834682773329e-9,5.628807003027631e-5,6.248999759879692e-5,0.11109941448753347,-0.11110930083049926
2928,0.625,-0.11109662121681263,3.6355822148462495e-9,6.029578936249404e-5,6.11710439742313e-5,0.11109662121681263,-0.11110930197744846
2929,1.5625,-0.1110952725110018,3.8294765403379395e-9,6.188276448525825e-5,5.783292688331599e-5,0.1110952725110018,-0.11110929847805516
2930,3.90625,-0.111097600404642,3.2415603112060534e-9,5.693470217017082e-5,5.0483252172595005e-5,0.111097600404642,-0.11110928684787184
2931,9.765625,-0.11110687803890998,1.9062057966297126e-9,4.366011677297385e-5,4.3651275056260536e-5,0.11110687803890998,-0.11110927043968462
2932,24.4140625,-0.11111716973161334,1.551127597139829e-9,3.938435726452609e-5,5.190880488971738e-5,0.11111716973161334,-0.11110923954265457
2933,9.765625,-0.11111135809288916,1.2353175238762868e-9,3.514708414472368e-5,6.558472721464507e-5,0.11111135809288916,-0.11110923403288957
2934,3.90625,-0.11110867485058733,1.130315544631884e-9,3.3620165743670626e-5,7.228190112674279e-5,0.11110867485058733,-0.11110923533285166
2935,1.5625,-0.11110644528924289,1.0823426861530588e-9,3.289897697730218e-5,7.33654972570138e-5,0.11110644528924289,-0.11110923915757893
2936,0.625,-0.11110434001252742,1.082198048107793e-9,3.289677868892018e-5,7.315467736199417e-5,0.11110434001252742,-0.11110924387779857
2937,0.25,-0.11110227413299449,1.1284733143551663e-9,3.359275687339707e-5,7.271689653262993e-5,0.11110227413299449,-0.11110924890916075
2938,0.1,-0.11110022116280903,1.220918971360406e-9,3.494165095355979e-5,7.230452599221557e-5,0.11110022116280903,-0.11110925403842696
2939,0.1,-0.11109820174790357,1.3561673777718356e-9,3.682617788709325e-5,7.195500200555995e-5,0.11109820174790357,-0.1111092590973575
2940,0.1,-0.11109622012930837,1.5319349423060658e-9,3.913994049952128e-5,7.158974241963766e-5,0.11109622012930837,-0.11110926408028686
2941,0.1,-0.11109428041199226,1.7457596916963618e-9,4.1782289210817086e-5,7.120837975515805e-5,0.11109428041199226,-0.11110926898177327
2942,0.1,-0.11109238655406306,1.9950275554783245e-9,4.466573133262596e-5,7.08108742408824e-5,0.11109238655406306,-0.11110927379666433
2943,0.1,-0.11109054235648737,2.2770001527997933e-9,4.771792276283402e-5,7.03974749334834e-5,0.11109054235648737,-0.11110927852015152
2944,0.1,-0.11108875145336143,2.5888436673709606e-9,5.08806806889507e-5,6.996868361054982e-5,0.11108875145336143,-0.11110928314781637
2945,0.1,-0.11108701730275743,2.9276583970193863e-9,5.4107840439435265e-5,6.952522101226984e-5,0.11108701730275743,-0.11110928767566629
2946,0.1,-0.11108534317817215,3.290508568795883e-9,5.7362954672818965e-5,6.906799507299077e-5,0.11108534317817215,-0.11110929210016238
2947,0.25,-0.11108390090465997,3.639011595555552e-9,6.032422063777991e-5,6.859870042278117e-5,0.11108390090465997,-0.1111092958174963
2948,0.625,-0.11108306250294085,3.8864986151923426e-9,6.234178867495175e-5,6.767961478103303e-5,0.11108306250294085,-0.11110929774229687
2949,1.5625,-0.11108373749516313,3.838160091491598e-9,6.195288606264923e-5,6.575956887371803e-5,0.11108373749516313,-0.11110929556218745
2950,3.90625,-0.11108785306007944,3.213579116033846e-9,5.668843899803421e-5,6.247869358974691e-5,0.11108785306007944,-0.11110928627508886
2951,9.765625,-0.11109777382677335,2.1862814183623347e-9,4.67576883342444e-5,6.074821910320063e-5,0.11109777382677335,-0.11110926952353452
2952,3.90625,-0.11110181917263359,1.954642738542848e-9,4.421134174103799e-5,6.227944973846925e-5,0.11110181917263359,-0.11110926629051675
2953,1.5625,-0.1111049911330821,1.8544909092128293e-9,4.306380045017891e-5,6.381678370564975e-5,0.1111049911330821,-0.11110926762437938
2954,0.625,-0.11110791805021757,1.8352578545685982e-9,4.283990960037846e-5,6.385697530443325e-5,0.11110791805021757,-0.11110927059384056
2955,0.25,-0.11111076495153659,1.8868386840386903e-9,4.34377564342208e-5,6.350419850576068e-5,0.11111076495153659,-0.11110927416468538
2956,0.1,-0.1111135845950396,2.006888407735556e-9,4.479830809010041e-5,6.314846063275899e-5,0.1111135845950396,-0.11110927795814876
2957,0.1,-0.1111163637521626,2.1889047061125736e-9,4.6785731864667604e-5,6.28666778039816e-5,0.1111163637521626,-0.11110928169026946
2958,0.1,-0.11111909557423115,2.4288253496052987e-9,4.928311424418407e-5,6.254401354819623e-5,0.11111909557423115,-0.11110928535075532
2959,0.1,-0.11112177340567915,2.7220983811049038e-9,5.217373267368268e-5,6.218167744725368e-5,0.11112177340567915,-0.11110928893003745
2960,0.25,-0.11112425027475305,3.032194982238639e-9,5.5065370081736844e-5,6.178093452127824e-5,0.11112425027475305,-0.11110929191794791
2961,0.625,-0.1111261665811601,3.264516882868603e-9,5.713595087918467e-5,6.089338376931622e-5,0.1111261665811601,-0.1111092933719017
2962,1.5625,-0.11112659519773076,3.187963081679439e-9,5.646204992452399e-5,5.8880902067653734e-5,0.11112659519773076,-0.11110929136654513
2963,3.90625,-0.11112347576336556,2.441107134969869e-9,4.9407561516126954e-5,5.552767791667316e-5,0.11112347576336556,-0.11110928438805144
2964,9.765625,-0.11111417028882987,1.2946570101920753e-9,3.5981342529039624e-5,5.6219343664711684e-5,0.11111417028882987,-0.11110927667739989
2965,3.90625,-0.11111119777751532,1.1448610262946384e-9,3.383579504451814e-5,6.297652833343141e-5,0.11111119777751532,-0.11110927674172495
2966,1.5625,-0.11110910766449376,1.1418111076224966e-9,3.3790695577666e-5,6.371403767814846e-5,0.11110910766449376,-0.11110927909544951
2967,0.625,-0.11110725701695588,1.2289424031557495e-9,3.505627480431641e-5,6.28582465300191e-5,0.11110725701695588,-0.11110928226327964
2968,0.25,-0.11110548308363244,1.3967097617184119e-9,3.73725803460025e-5,6.201280679316825e-5,0.11110548308363244,-0.11110928574202338
2969,0.1,-0.11110373477734171,1.6433902509472075e-9,4.0538749992411054e-5,6.142484917822599e-5,0.11110373477734171,-0.11110928934395828
2970,0.1,-0.1111020264524426,1.9639461765372594e-9,4.431643235344266e-5,6.104154588368916e-5,0.1111020264524426,-0.11110929285814267
2971,0.1,-0.11110036478692169,2.3537286005541827e-9,4.85152409099881e-5,6.060399957074366e-5,0.11110036478692169,-0.11110929627185112
2972,0.25,-0.11109887629329902,2.7836042091666516e-9,5.275987309657456e-5,6.011329673093874e-5,0.11109887629329902,-0.1111092990932848
2973,0.625,-0.11109788069997528,3.1711693740475467e-9,5.6313136780395625e-5,5.89584004472747e-5,0.11109788069997528,-0.11110930029867667
2974,1.5625,-0.11109821314186104,3.3024685313920692e-9,5.746710825674169e-5,5.61216148765879e-5,0.11109821314186104,-0.11110929757080427
2975,3.90625,-0.11110174819900179,2.800770249173938e-9,5.292230389140232e-5,5.014899153353916e-5,0.11110174819900179,-0.11110928794427362
2976,9.765625,-0.11111087429279495,1.7522884896642048e-9,4.186034507340097e-5,4.4343556190620794e-5,0.11111087429279495,-0.11110927295664262
2977,24.4140625,-0.11111904050712705,1.3274741045338632e-9,3.6434518036250504e-5,4.6299356375751675e-5,0.11111904050712705,-0.11110924529553444
2978,9.765625,-0.11111399944879724,9.89949957075462e-10,3.146347020078144e-5,5.636095802462249e-5,0.11111399944879724,-0.1111092408099589
2979,3.90625,-0.11111159893460411,8.303661311135426e-10,2.881607417941491e-5,6.662104193204446e-5,0.11111159893460411,-0.11110924265362886
2980,1.5625,-0.11110959925305228,7.255944554988789e-10,2.6936860535312554e-5,6.937244381145422e-5,0.11110959925305228,-0.11110924655313573
2981,0.625,-0.11110771206944794,6.643325870001359e-10,2.5774650084921344e-5,6.98447687773004e-5,0.11110771206944794,-0.11110925110073373
2982,0.25,-0.11110586124056712,6.440226311224826e-10,2.5377600972560085e-5,6.967839473541647e-5,0.11110586124056712,-0.11110925583809537
2983,0.1,-0.1111040225660918,6.639232504981868e-10,2.5766708181259532e-5,6.936945904151855e-5,0.1111040225660918,-0.11110926061515104
2984,0.1,-0.11110220879373404,7.219979453392766e-10,2.6870019451784484e-5,6.90548937971917e-5,0.11110220879373404,-0.11110926533678557
2985,0.1,-0.1111004234721753,8.167936154605145e-10,2.8579601387362186e-5,6.872975742429651e-5,0.1111004234721753,-0.11110926999842896
2986,0.1,-0.11109867004691142,9.467283639062656e-10,3.076895129682299e-5,6.839288115858827e-5,0.11109867004691142,-0.11110927459551376
2987,0.1,-0.11109695185140461,1.1101058014273143e-9,3.331825027559692e-5,6.804343606132104e-5,0.11109695185140461,-0.11110927912353884
2988,0.1,-0.1110952720986443,1.3051306039376254e-9,3.6126591368929696e-5,6.768089132157063e-5,0.1110952720986443,-0.1111092835781268
2989,0.1,-0.11109363387310876,1.5299250522315939e-9,3.911425638091045e-5,6.730497674794322e-5,0.11109363387310876,-0.11110928795506998
2990,0.1,-0.1110920401231952,1.782546285179028e-9,4.222021180878926e-5,6.691564886972548e-5,0.1110920401231952,-0.1111092922503718
2991,0.1,-0.11109049365410277,2.061004001689957e-9,4.5398281924429224e-5,6.651306014550996e-5,0.11109049365410277,-0.11110929646027819
2992,0.1,-0.11108899712119717,2.363278352738538e-9,4.8613561407682716e-5,6.609753085024266e-5,0.11108899712119717,-0.11110930058130525
2993,0.1,-0.11108755302388014,2.687337772976292e-9,5.183953870335163e-5,6.566952327965486e-5,0.11108755302388014,-0.11110930461025674
2994,0.1,-0.11108616369997511,3.0311565118362277e-9,5.505593984154868e-5,6.522961797249374e-5,0.11108616369997511,-0.11110930854423963
2995,0.25,-0.11108498735098397,3.3632595773247503e-9,5.799361669463934e-5,6.477916331275554e-5,0.11108498735098397,-0.11110931182419775
2996,0.625,-0.11108435926182336,3.6145370113983033e-9,6.0121019713560275e-5,6.38822188091501e-5,0.11108435926182336,-0.11110931343117735
2997,1.5625,-0.11108509096313912,3.6303888514944837e-9,6.025270825028933e-5,6.196121441105616e-5,0.11108509096313912,-0.11110931110441387
2998,3.90625,-0.11108888697588602,3.1789984311853545e-9,5.6382607523822044e-5,5.8379887045698475e-5,0.11108888697588602,-0.11110930135379837
2999,9.765625,-0.11109783192303851,2.3174815836112854e-9,4.814022832944694e-5,5.4863289438841146e-5,0.11109783192303851,-0.11110928194851862
3000,24.4140625,-0.11110726670976957,1.4158989771437338e-9,3.762843309445311e-5,5.444989980557569e-5,0.11110726670976957,-0.11110925310190906
3001,9.765625,-0.11110697972340293,9.487496714711643e-10,3.080178032957128e-5,7.4358443636854e-5,0.11110697972340293,-0.11110925218256834
3002,3.90625,-0.11110789892152435,7.092743145903184e-10,2.663220446358728e-5,8.716044504768166e-5,0.11110789892152435,-0.1111092580058392
3003,1.5625,-0.11110893362506062,5.869578838696265e-10,2.4227213704213417e-5,9.0319410114385e-5,0.11110893362506062,-0.1111092655286736
3004,0.625,-0.11110999234359277,5.625065283171044e-10,2.3717220079872437e-5,9.068042838619451e-5,0.11110999234359277,-0.11110927347162558
3005,0.25,-0.11111105739007306,6.308197454554325e-10,2.5116125207830775e-5,9.039856986934664e-5,0.11111105739007306,-0.11110928150651281
3006,0.1,-0.11111212407373451,7.903894945645892e-10,2.8113866588653172e-5,9.005587873171722e-5,0.11111212407373451,-0.11110928955063647
3007,0.1,-0.11111319598577489,1.039634749839069e-9,3.224336753254953e-5,8.977136420942556e-5,0.11111319598577489,-0.11110929750782023
3008,0.1,-0.11111427379327117,1.3770576291859494e-9,3.710872712969214e-5,8.944782101719122e-5,0.11111427379327117,-0.11110930536274607
3009,0.1,-0.11111535812258388,1.8009460812674574e-9,4.243755508117141e-5,8.908425960791454e-5,0.11111535812258388,-0.11110931310016092
3010,0.1,-0.11111644955518675,2.309379319890746e-9,4.805600191329639e-5,8.86799288036971e-5,0.11111644955518675,-0.11110932070495473
3011,0.1,-0.11111754862365729,2.9002343550152004e-9,5.3853823959076486e-5,8.823428719204113e-5,0.11111754862365729,-0.11110932816223408
3012,0.1,-0.11111865580785969,3.5711935098058136e-9,5.975946376772313e-5,8.77469785811098e-5,0.11111865580785969,-0.11110933545738864
3013,0.1,-0.11111977153131959,4.319752815618132e-9,6.572482647841782e-5,8.721781090601011e-5,0.11111977153131959,-0.11110934257614997
3014,0.1,-0.11112089615781606,5.143231179291769e-9,7.171632435709299e-5,8.664673806919492e-5,0.11112089615781606,-0.11110934950465078
3015,0.25,-0.11112205631696212,6.015544289031292e-9,7.755993997568134e-5,8.60345945443912e-5,0.11112205631696212,-0.11110935519905381
3016,0.625,-0.11112330662847747,6.870911310485197e-9,8.289096036652728e-5,8.456021962490918e-5,0.11112330662847747,-0.11110935748800185
3017,1.5625,-0.11112476575918488,7.533811001695437e-9,8.67975287764314e-5,8.080917719195595e-5,0.11112476575918488,-0.11110935079018511
3018,3.90625,-0.11112658692143172,7.587118125816155e-9,8.710406492131211e-5,7.138398118504182e-5,0.11112658692143172,-0.11110932300987601
3019,9.765625,-0.11112827426829475,6.28027374110684e-9,7.924817815638943e-5,5.0255172785801155e-5,0.11112827426829475,-0.11110925966560647
3020,24.4140625,-0.11112491042502624,3.0570371502542873e-9,5.529047974339061e-5,4.018795088835264e-5,0.11112491042502624,-0.11110919337731867
3021,61.03515625,-0.11111450906100837,6.013202657308994e-10,2.4521832430120295e-5,0.00012249079946418948,0.11111450906100837,-0.11110925136459819
3022,24.4140625,-0.1110906984158267,1.7252976150682712e-9,4.153670202445388e-5,0.00018035453402983888,0.1110906984158267,-0.1111092605165706
3023,9.765625,-0.11110046743362444,5.565833013832705e-10,2.3592017747180306e-5,8.5506667636076e-5,0.11110046743362444,-0.11110926400390195
3024,3.90625,-0.1111030406104657,4.720261551867199e-10,2.1726162919087206e-5,8.053884378817409e-5,0.1111030406104657,-0.11110926873808806
3025,1.5625,-0.11110477569656642,5.114542383783099e-10,2.2615354040525432e-5,7.859370962878424e-5,0.11110477569656642,-0.11110927410085644
3026,0.625,-0.11110628183288657,6.257178159377938e-10,2.5014352199043528e-5,7.715206183110393e-5,0.11110628183288657,-0.11110927964283349
3027,0.25,-0.11110771320849505,8.06344733058135e-10,2.839620983614072e-5,7.615581479093045e-5,0.11110771320849505,-0.11110928523951744
3028,0.1,-0.11110911872610924,1.0515202216181709e-9,3.242715253638794e-5,7.548203680464473e-5,0.11110911872610924,-0.11110929084495903
3029,0.1,-0.1111104975033353,1.3553186038917388e-9,3.6814652027307536e-5,7.500705118472244e-5,0.1111104975033353,-0.11110929633975633
3030,0.1,-0.11111184395919493,1.7137833544561827e-9,4.139786654474096e-5,7.451001258828002e-5,0.11111184395919493,-0.1111093017162312
3031,0.1,-0.11111315268085199,2.1225534976637733e-9,4.607117860076702e-5,7.39906284094066e-5,0.11111315268085199,-0.11110930696717215
3032,0.1,-0.1111144184409692,2.57692029556297e-9,5.076337553357706e-5,7.344918622306755e-5,0.1111144184409692,-0.1111093120859571
3033,0.1,-0.11111563621425474,3.071887958433672e-9,5.542461509504303e-5,7.288649200075319e-5,0.11111563621425474,-0.1111093170666599
3034,0.1,-0.11111680119316736,3.6022373687943642e-9,6.001864184396682e-5,7.230381176896242e-5,0.11111680119316736,-0.1111093219041363
3035,0.25,-0.11111776717467757,4.113049246237927e-9,6.413305891845428e-5,7.170407203693308e-5,0.11111776717467757,-0.1111093258970185
3036,0.625,-0.11111819747076197,4.4748507886870494e-9,6.689432553428616e-5,7.047832305330303e-5,0.11111819747076197,-0.11110932773188148
3037,1.5625,-0.11111725865251042,4.3958523023012076e-9,6.630122398795672e-5,6.786493135158869e-5,0.11111725865251042,-0.11110932473242784
3038,3.90625,-0.11111323890743456,3.4881540788618232e-9,5.906059666869124e-5,6.346512221606278e-5,0.11111323890743456,-0.11110931426158152
3039,9.765625,-0.11110467760401385,2.1851468063422103e-9,4.674555386710281e-5,6.167308016290278e-5,0.11110467760401385,-0.11110929807739194
3040,3.90625,-0.11110246744918194,1.9804706843973174e-9,4.450247953089038e-5,6.161754846104714e-5,0.11110246744918194,-0.11110929458574019
3041,1.5625,-0.11110096266032583,1.9226478617956058e-9,4.384800864116415e-5,6.213327116142825e-5,0.11110096266032583,-0.111109295543813
3042,0.625,-0.11109963837697051,1.9537182762585814e-9,4.4200885469168844e-5,6.162422066033449e-5,0.11109963837697051,-0.11110929812842821
3043,0.25,-0.1110983698077062,2.0626209538993715e-9,4.541608695054398e-5,6.100402903469819e-5,0.1110983698077062,-0.11110930132871526
3044,0.1,-0.11109711925028744,2.2468640151590354e-9,4.740109719362027e-5,6.052622856364452e-5,0.11109711925028744,-0.11110930476611101
3045,0.1,-0.11109591155512695,2.4993684596585154e-9,4.9993684197691566e-5,6.019256181369864e-5,0.11109591155512695,-0.1111093081298446
3046,0.25,-0.1110948630361069,2.793761864715229e-9,5.2856048515900515e-5,5.98084047506475e-5,0.1110948630361069,-0.11110931094728772
3047,0.625,-0.11109426434224384,3.0564392126830383e-9,5.5285072240913626e-5,5.893624093855929e-5,0.11109426434224384,-0.11110931230795373
3048,1.5625,-0.11109487053977479,3.098156886266092e-9,5.5661089517418646e-5,5.683013199496395e-5,0.11109487053977479,-0.11110931018162709
3049,3.90625,-0.11109836220724785,2.602861145688545e-9,5.101824326344984e-5,5.265903639300809e-5,0.11109836220724785,-0.11110930199096965
3050,9.765625,-0.11110681791620935,1.7379160942975719e-9,4.168832083806653e-5,4.981000111523879e-5,0.11110681791620935,-0.11110928805518108
3051,24.4140625,-0.1111142998154679,1.498887451551702e-9,3.871546785913483e-5,5.132145965710106e-5,0.1111142998154679,-0.1111092558910798
3052,9.765625,-0.11111140633225577,1.2547599901885547e-9,3.542259152276347e-5,5.543946222682153e-5,0.11111140633225577,-0.11110924819336274
3053,3.90625,-0.11111067275226916,1.1533418277875538e-9,3.39608867344119e-5,6.120191699651408e-5,0.11111067275226916,-0.11110924783620509
3054,1.5625,-0.11111021313503022,1.0926067658003551e-9,3.305460279295994e-5,6.256714503015599e-5,0.11111021313503022,-0.11110925017894073
3055,0.625,-0.11110982483862362,1.0658839292361103e-9,3.264787786726896e-5,6.260597127617665e-5,0.11110982483862362,-0.11110925348638495
3056,0.25,-0.11110945863831405,1.0717799298512135e-9,3.273805018401697e-5,6.230865581653915e-5,0.11110945863831405,-0.11110925713133878
3057,0.1,-0.11110909953841268,1.1098420972090378e-9,3.3314292686608816e-5,6.196987399838998e-5,0.11110909953841268,-0.11110926088464239
3058,0.1,-0.11110875868157032,1.177574025326331e-9,3.431579848009268e-5,6.166128241604109e-5,0.11110875868157032,-0.11110926458765986
3059,0.1,-0.11110843838206452,1.273472430613399e-9,3.5685745482102496e-5,6.13488094530242e-5,0.11110843838206452,-0.11110926823769582
3060,0.1,-0.11110814086280459,1.3959393237834765e-9,3.736227139486405e-5,6.103092917530552e-5,0.11110814086280459,-0.11110927183200812
3061,0.1,-0.11110786824802593,1.543296221959036e-9,3.9284809048269994e-5,6.070653132004497e-5,0.11110786824802593,-0.11110927536787686
3062,0.1,-0.11110762255634593,1.713799496433071e-9,4.139806150574047e-5,6.037486687124584e-5,0.11110762255634593,-0.11110927884265794
3063,0.1,-0.11110740569421286,1.9056565667526114e-9,4.365382648465781e-5,6.003549913532064e-5,0.11110740569421286,-0.11110928225383304
3064,0.1,-0.11110721944975906,2.1170426572298112e-9,4.601133183499268e-5,5.9688259624094326e-5,0.11110721944975906,-0.11110928559904595
3065,0.1,-0.1111070654870812,2.346117839322381e-9,4.843674059350382e-5,5.933320812767463e-5,0.1111070654870812,-0.1111092888761351
3066,0.25,-0.11110703653241316,2.568922730278138e-9,5.068454133439641e-5,5.897127169742855e-5,0.11110703653241316,-0.1111092916629778
3067,0.625,-0.11110733112607993,2.731623367169504e-9,5.226493439362097e-5,5.827664488395088e-5,0.11110733112607993,-0.11110929320745844
3068,1.5625,-0.11110842352881069,2.712931717793475e-9,5.208581109854655e-5,5.6826716281782945e-5,0.11110842352881069,-0.11110929186687508
3069,3.90625,-0.11111124614036216,2.3336828491312186e-9,4.830820685071242e-5,5.428188123790964e-5,0.11111124614036216,-0.11110928525020805
3070,9.765625,-0.11111645084493643,1.6622359697468878e-9,4.077052820048923e-5,5.255711328225856e-5,0.11111645084493643,-0.11110927224410924
3071,3.90625,-0.1111179346225651,1.4651466555874708e-9,3.827723416846456e-5,5.4482963136618444e-5,0.1111179346225651,-0.11110926991639333
3072,1.5625,-0.11111895974282716,1.352300697772162e-9,3.677364134501997e-5,5.674063561899798e-5,0.11111895974282716,-0.11110927118755803
3073,0.625,-0.11111986756599966,1.2922446444570337e-9,3.594780444557127e-5,5.732923528434734e-5,0.11111986756599966,-0.11110927372131765
3074,0.25,-0.11112073925115469,1.2779326477130743e-9,3.5748183837966847e-5,5.730524279425293e-5,0.11112073925115469,-0.11110927670559785
3075,0.1,-0.11112159916095433,1.3074346293829804e-9,3.615846552860036e-5,5.7133790043930914e-5,0.11112159916095433,-0.11110927984983882
3076,0.1,-0.11112242757572736,1.3766057502345625e-9,3.7102638049531766e-5,5.6955263240211475e-5,0.11112242757572736,-0.11110928296183482
3077,0.1,-0.11112322063977027,1.4832171807119476e-9,3.851255874012979e-5,5.674967073650181e-5,0.11112322063977027,-0.11110928603510288
3078,0.1,-0.11112397463479935,1.6247881610526775e-9,4.0308661117093403e-5,5.651761832860947e-5,0.11112397463479935,-0.1111092890635277
3079,0.1,-0.11112468599176296,1.7986197381912637e-9,4.241013721023859e-5,5.6260038711815756e-5,0.11112468599176296,-0.11110929204142128
3080,0.1,-0.11112535130209422,2.0018307759503657e-9,4.474182356532158e-5,5.597815702495366e-5,0.11112535130209422,-0.11110929496357541
3081,0.1,-0.11112596732835454,2.2313957050995075e-9,4.723765135037418e-5,5.567345750763358e-5,0.11112596732835454,-0.11110929782530246
3082,0.25,-0.1111263947826937,2.4552085234667986e-9,4.9550060781666035e-5,5.534764588176191e-5,0.1111263947826937,-0.11110930021890693
3083,0.625,-0.11112632629407634,2.5976358460935602e-9,5.096700742729124e-5,5.463730124511389e-5,0.11112632629407634,-0.11110930142481043
3084,1.5625,-0.11112500820072078,2.487233367421523e-9,4.987217026981604e-5,5.31002778989776e-5,0.11112500820072078,-0.11110930002701018
3085,3.90625,-0.11112086785640705,1.895026398944218e-9,4.3531900934190987e-5,5.077691075291161e-5,0.11112086785640705,-0.1111092949284875
3086,9.765625,-0.1111122449768017,1.12788315581053e-9,3.358397170988759e-5,5.150696186748329e-5,0.1111122449768017,-0.1111092878730241
3087,3.90625,-0.11110895003058718,1.0828300756428385e-9,3.290638350902205e-5,5.194122422159879e-5,0.11110895003058718,-0.11110928652232002
3088,1.5625,-0.111106377573643,1.1330482564175048e-9,3.3660782171802024e-5,5.027610257783841e-5,0.111106377573643,-0.11110928724278243
3089,0.625,-0.11110400086754085,1.2432860997126236e-9,3.526026233187473e-5,4.8628912253585555e-5,0.11110400086754085,-0.111109288784554
3090,0.25,-0.11110168670324012,1.4081880922246409e-9,3.752583233220338e-5,4.753660271086975e-5,0.11110168670324012,-0.11110929066591929
3091,0.1,-0.1110993934357712,1.626949733738798e-9,4.03354649624719e-5,4.6883828111680864e-5,0.1110993934357712,-0.11110929269070398
3092,0.25,-0.11109722159234668,1.882953016664237e-9,4.3393006540965065e-5,4.649528961653714e-5,0.11109722159234668,-0.11110929432817447
3093,0.625,-0.11109540994016927,2.130133248120617e-9,4.6153366595738355e-5,4.5581402153397676e-5,0.11109540994016927,-0.11110929490215464
3094,1.5625,-0.11109460371330622,2.2425759746920703e-9,4.735584414506905e-5,4.328009890677449e-5,0.11109460371330622,-0.1111092928207967
3095,3.90625,-0.1110963200556229,1.9830418995747014e-9,4.4531358609127356e-5,3.817141506601309e-5,0.1110963200556229,-0.11110928571546276
3096,9.765625,-0.11110281023177544,1.3599595879609816e-9,3.6877629912468363e-5,3.231747500229972e-5,0.11110281023177544,-0.11110927336316904
3097,24.4140625,-0.11111061488283404,1.038993352586687e-9,3.223341980905357e-5,3.4630960234430244e-5,0.11111061488283404,-0.11110925098843014
3098,61.03515625,-0.11110533029296728,7.804764168621208e-10,2.793700801557176e-5,5.284919718180527e-5,0.11110533029296728,-0.11110920996932655
3099,24.4140625,-0.11111815124144053,8.754908815485727e-10,2.9588695164683635e-5,0.0001432138105673859,0.11111815124144053,-0.11110922278360871
3100,9.765625,-0.11111372617662041,2.7519944087521466e-10,1.6589136230533964e-5,0.0001288518688162835,0.11111372617662041,-0.11110923924847538
3101,3.90625,-0.11111284837050156,1.7817698083486175e-10,1.3348295053483863e-5,0.0001330521303751316,0.11111284837050156,-0.11110925687155504
3102,1.5625,-0.11111240883558457,2.0353879398959393e-10,1.4266702281522312e-5,0.0001330391038218436,0.11111240883558457,-0.11110927435680745
3103,0.625,-0.11111208450360768,3.287708995304625e-10,1.813204068852876e-5,0.00013226159800337083,0.11111208450360768,-0.11110929165539156
3104,0.25,-0.11111179664537843,5.500714928535869e-10,2.3453602982347657e-5,0.0001315617412549203,0.11111179664537843,-0.1111093088374233
3105,0.1,-0.11111152084670017,8.665646599809918e-10,2.9437470339364962e-5,0.00013104394576939939,0.11111152084670017,-0.11110932594689499
3106,0.1,-0.11111126181049898,1.2751755070171156e-9,3.570959964795343e-5,0.000130663687294705,0.11111126181049898,-0.11110934290282337
3107,0.1,-0.11111102254878562,1.7731121616728113e-9,4.210833838650976e-5,0.00013026401709810998,0.11111102254878562,-0.11110935969216551
3108,0.1,-0.11111080597151995,2.3573251386322556e-9,4.855229282569728e-5,0.00012984385381208438,0.11111080597151995,-0.11110937630192169
3109,0.1,-0.11111061487632629,3.0245333643968705e-9,5.499575769454286e-5,0.00012940245387920677,0.11111061487632629,-0.11110939271925603
3110,0.1,-0.11111045193865292,3.771252816293494e-9,6.141052691756923e-5,0.00012893936954732566,0.11111045193865292,-0.11110940893160516
3111,0.1,-0.11111031970239926,4.593827275511494e-9,6.777777862626876e-5,0.00012845441100471134,0.11111031970239926,-0.11110942492676681
3112,0.1,-0.11111022057105037,5.4884606898283185e-9,7.40841460086321e-5,0.0001279476120552101,0.11111022057105037,-0.11110944069297857
3113,0.1,-0.11111015679934032,6.451250641856007e-9,8.03196777997522e-5,0.00012741919883016412,0.11111015679934032,-0.11110945621898081
3114,0.1,-0.11111013048547425,7.478222423532844e-9,8.64767160774092e-5,0.00012686956111984158,0.11111013048547425,-0.11110947149406768
3115,0.1,-0.11111014356393294,8.565363227373254e-9,9.25492475786446e-5,0.0001262992259832255,0.11111014356393294,-0.1111094865081264
3116,0.1,-0.11111019779888116,9.708655979639282e-9,9.853251229741015e-5,0.000125708833361491,0.11111019779888116,-0.11110950125166526
3117,0.1,-0.11111029477820174,1.0904112360163174e-8,0.00010442275786514726,0.00012509911347869117,0.11111029477820174,-0.1111095157158323
3118,0.25,-0.11111055889994897,1.2085739131086049e-8,0.00010993515875772432,0.00012447243355141464,0.11111055889994897,-0.11110952789870257
3119,0.625,-0.11111124883007809,1.3108943669288635e-8,0.00011449429535696805,0.00012305750729271303,0.11111124883007809,-0.11110953408065417
3120,1.5625,-0.11111296749775142,1.3645827089010162e-8,0.00011681535467998273,0.00011973909461940022,0.11111296749775142,-0.11110952526516522
3121,3.90625,-0.1111168348493242,1.3165140660579258e-8,0.00011473944683751642,0.0001124713153474262,0.1111168348493242,-0.11110948293080483
3122,9.765625,-0.1111232527671878,1.1497982593843109e-8,0.00010722864633036784,9.948268011106327e-5,0.1111232527671878,-0.11110937637738566
3123,24.4140625,-0.11112331137318636,8.568636166087011e-9,9.256692803635114e-5,8.136763997301175e-5,0.11112331137318636,-0.11110917447992051
3124,61.03515625,-0.11110656221053186,2.2098097935157984e-9,4.7008614035257395e-5,0.00011790332808404774,0.11110656221053186,-0.11110917798561086
3125,24.4140625,-0.11109651386340029,1.882075199988451e-9,4.338289063661446e-5,0.0001586467426110235,0.11109651386340029,-0.11110917704172316
3126,9.765625,-0.11110251692373248,8.009234607963763e-10,2.8300591173973313e-5,0.00015023161743568674,0.11110251692373248,-0.11110919770085417
3127,3.90625,-0.11110575618662961,4.6142456909970503e-10,2.1480795355379767e-5,0.00015893724805750268,0.11110575618662961,-0.11110922264057833
3128,1.5625,-0.11110842966962832,3.2126594101702996e-10,1.792389302068694e-5,0.0001607726773580141,0.11110842966962832,-0.1111092484051717
3129,0.625,-0.11111094018371913,3.434109740110763e-10,1.8531351111321494e-5,0.00016057931758043596,0.11111094018371913,-0.1111092741006213
3130,0.25,-0.11111339608864644,5.196732334742394e-10,2.2796342545992754e-5,0.000160009540662257,0.11111339608864644,-0.11110929963371509
3131,0.1,-0.11111583274918073,8.47512456405718e-10,2.9112067195678805e-5,0.00015947829358608907,0.11111583274918073,-0.11110932503549961
3132,0.1,-0.11111825447164596,1.322403493199754e-9,3.636486619251821e-5,0.0001590465657968621,0.11111825447164596,-0.11110935023096041
3133,0.1,-0.11112065733245592,1.9407596582699e-9,4.405405382334184e-5,0.00015859113373573725,0.11112065733245592,-0.11110937519967694
3134,0.1,-0.111123037466537,2.698715833864758e-9,5.194916586303151e-5,0.00015811001600416334,0.111123037466537,-0.11110939992097853
3135,0.1,-0.11112539107719079,3.5921502392238317e-9,5.9934549628939664e-5,0.00015760168301164916,0.11112539107719079,-0.11110942437413623
3136,0.1,-0.11112771444571079,4.616709252673058e-9,6.794637041574081e-5,0.00015706499775551251,0.11112771444571079,-0.11110944853853202
3137,0.1,-0.1111300039407263,5.767834655144829e-9,7.594626162718497e-5,0.00015649916368385347,0.1111300039407263,-0.11110947239380228
3138,0.1,-0.11113225602725461,7.0407926887166485e-9,8.390943146462528e-5,0.00015590367867171525,0.11113225602725461,-0.11110949591996472
3139,0.1,-0.11113446727543058,8.430704350957548e-9,9.181886707511451e-5,0.00015527829427828649,0.11113446727543058,-0.11110951909752298
3140,0.1,-0.11113663436889333,9.932576375036304e-9,9.966231170826966e-5,0.0001546229795756879,0.11113663436889333,-0.11110954190755629
3141,0.1,-0.11113875411280771,1.1541332377391166e-8,0.0001074305933027979,0.00015393788894838413,0.11113875411280771,-0.11110956433179353
3142,0.1,-0.11114082344149624,1.3251843689058363e-8,0.0001151166525271577,0.00015322333335692498,0.11114082344149624,-0.11110958635267301
3143,0.1,-0.11114283942566133,1.5058959423741347e-8,0.00012271495191598026,0.00015247975464189624,0.11114283942566133,-0.1111096079533885
3144,0.25,-0.11114464987052039,1.6882873224553717e-8,0.0001299341110892506,0.00015170996537211708,0.11114464987052039,-0.11110962631024515
3145,0.625,-0.11114592392296486,1.8546001647311978e-8,0.00013618370551322202,0.00014994564252533973,0.11114592392296486,-0.1111096360221821
3146,1.5625,-0.1111458428859179,1.963244002005759e-8,0.00014011580931521463,0.00014570506942456293,0.1111458428859179,-0.11110962367759578
3147,3.90625,-0.11114260610615329,1.9383685549843787e-8,0.00013922530499102447,0.00013591941457189303,0.11114260610615329,-0.11110956037602374
3148,9.765625,-0.11113356726309695,1.707551512290305e-8,0.00013067331450186396,0.00011654020766028359,0.11113356726309695,-0.11110939872905028
3149,24.4140625,-0.1111052523205509,5.398229593899292e-9,7.3472645208263e-5,9.345095351401446e-5,0.1111052523205509,-0.11110928177881539
3150,9.765625,-0.11110561748597153,5.385073183442631e-9,7.338305787743266e-5,0.00013847770398166083,0.11110561748597153,-0.11110926165107961
3151,3.90625,-0.11110469654017688,5.3104287386843324e-9,7.287268856495095e-5,8.07947817976081e-5,0.11110469654017688,-0.11110924454037871
3152,9.765625,-0.11110462626083681,3.8221403596003735e-9,6.182346123924455e-5,6.311502903862495e-5,0.11110462626083681,-0.11110920736492548
3153,24.4140625,-0.1111089284712634,2.842579499455466e-9,5.3315846607321784e-5,6.938277592737909e-5,0.1111089284712634,-0.11110914809611865
3154,9.765625,-0.11110973322106317,2.3475965595399288e-9,4.845200263704204e-5,0.00013102333596525632,0.11110973322106317,-0.11110914930637156
3155,3.90625,-0.11111001357943155,1.9452733857287514e-9,4.410525349353239e-5,0.0001358444031079294,0.11111001357943155,-0.1111091612579913
3156,1.5625,-0.11111037083028577,1.654486701833119e-9,4.0675382012135046e-5,0.00013829435900929168,0.11111037083028577,-0.11110917825155281
3157,0.625,-0.11111074682737607,1.4655444535383127e-9,3.8282430089249985e-5,0.00013896247438290683,0.11111074682737607,-0.11110919682470444
3158,0.25,-0.11111112828826647,1.3752789687691445e-9,3.708475385881838e-5,0.00013894591074420847,0.11111112828826647,-0.11110921586859776
3159,0.1,-0.11111151132583053,1.382335703233555e-9,3.717977545969791e-5,0.00013873524173894344,0.11111151132583053,-0.11110923502919474
3160,0.1,-0.11111189742036198,1.4779815833118729e-9,3.844452605133627e-5,0.0001384959931347681,0.11111189742036198,-0.11110925410125563
3161,0.1,-0.1111122871099469,1.6591760176578148e-9,4.0732984394196e-5,0.00013823916067824858,0.1111122871099469,-0.11110927307217447
3162,0.1,-0.11111268092617503,1.9228455880381326e-9,4.385026326076199e-5,0.00013796397141329906,0.11111268092617503,-0.11110929192941818
3163,0.1,-0.11111307939219166,2.2659164669796403e-9,4.760164353233657e-5,0.00013766990149239008,0.11111307939219166,-0.11110931066060217
3164,0.1,-0.11111348302068362,2.6853455223812407e-9,5.182031958972504e-5,0.00013735663033457465,0.11111348302068362,-0.11110932925355067
3165,0.1,-0.11111389231178402,3.178149496465546e-9,5.6375078682566344e-5,0.0001370240003783941,0.11111389231178402,-0.11110934769634237
3166,0.1,-0.11111430775092013,3.741431720906291e-9,6.11672438557296e-5,0.0001366719818163986,0.11111430775092013,-0.11110936597734007
3167,0.1,-0.11111472980661317,4.372405908780906e-9,6.612417038255304e-5,0.0001363006417979049,0.11111472980661317,-0.11110938408521122
3168,0.1,-0.11111515892821454,5.068416646264114e-9,7.11928131644207e-5,0.00013591011766920036,0.11111515892821454,-0.11110940200893721
3169,0.1,-0.11111559554362889,5.826956291341076e-9,7.633450262719393e-5,0.00013550059388823364,0.11111559554362889,-0.11110941973781309
3170,0.1,-0.111116040056993,6.645678072152249e-9,8.152102840465304e-5,0.00013507228230470218,0.111116040056993,-0.11110943726144315
3171,0.1,-0.11111649284635061,7.52240526225479e-9,8.673180075528693e-5,0.00013462540553879407,0.11111649284635061,-0.11110945456972714
3172,0.1,-0.11111695426131322,8.455136393145562e-9,9.195181560548743e-5,0.00013416018322418537,0.11111695426131322,-0.11110947165284582
3173,0.1,-0.11111742462073419,9.442046544406617e-9,9.717019370365902e-5,0.00013367682090403268,0.11111742462073419,-0.11110948850124172
3174,0.1,-0.11111790421039501,1.0481484827501329e-8,0.00010237912300611551,0.0001331755013854872,0.11111790421039501,-0.11110950510559567
3175,0.1,-0.1111183932807276,1.1571968249544991e-8,0.00010757308329477682,0.000132656378368708,0.1111183932807276,-0.1111095214568087
3176,0.25,-0.11111892018408474,1.264463260639357e-8,0.00011244835528540901,0.00013212065839997105,0.11111892018408474,-0.1111095354839116
3177,0.625,-0.11111954286397209,1.35655354512344e-8,0.00011647117862902565,0.00013089641468847082,0.11111954286397209,-0.11110954342996587
3178,1.5625,-0.11112039628746023,1.4056382792095973e-8,0.00011855961703757301,0.00012800042998581076,0.11112039628746023,-0.11110953614948219
3179,3.90625,-0.11112173100538769,1.3712628179210437e-8,0.00011710093158984875,0.00012148234184476388,0.11112173100538769,-0.11110949389046637
3180,9.765625,-0.11112356874673622,1.2258677522522645e-8,0.00011071891221703113,0.00010839495375261664,0.11112356874673622,-0.11110938088235948
3181,24.4140625,-0.11112252257456863,8.824766421703283e-9,9.394022792022214e-5,8.951970600135028e-5,0.11112252257456863,-0.11110917438093076
3182,61.03515625,-0.11110821756074275,2.692532981901516e-9,5.188962306571051e-5,0.00013500535735473256,0.11110821756074275,-0.1111091617687769
3183,24.4140625,-0.11109199293337603,2.291030922577216e-9,4.7864714796781316e-5,0.00018163805784249232,0.11109199293337603,-0.1111091658408991
3184,9.765625,-0.11110096608579867,9.555799714847609e-10,3.091245657473312e-5,0.00016464183690377437,0.11110096608579867,-0.11110918987511113
3185,3.90625,-0.11110494141706961,5.346797935109943e-10,2.312314410954951e-5,0.00017387573673811318,0.11110494141706961,-0.11110921977965256
3186,1.5625,-0.1111081523903933,3.7344265584006255e-10,1.9324664443142667e-5,0.0001758683376073077,0.1111081523903933,-0.1111092506061815
3187,0.625,-0.11111114698082272,4.2063203604565813e-10,2.0509315835630845e-5,0.00017563460265861358,0.11111114698082272,-0.11110928131796274
3188,0.25,-0.11111406973304577,6.650689965026708e-10,2.578893166656329e-5,0.00017500156430493022,0.11111406973304577,-0.1111093118319588
3189,0.1,-0.11111696739361976,1.1034915126736332e-9,3.321884273531565e-5,0.00017442473595937624,0.11111696739361976,-0.11110934219677131
3190,0.1,-0.11111984204729274,1.7304477178626643e-9,4.1598650433189104e-5,0.00017396499834094215,0.11111984204729274,-0.11110937231333694
3191,0.1,-0.11112268835894644,2.541573799016925e-9,5.0414023832827756e-5,0.0001734712214181988,0.11112268835894644,-0.11110940215290299
3192,0.1,-0.11112550109916426,3.532082409299011e-9,5.94313251518003e-5,0.00017294194695076327,0.11112550109916426,-0.11110943168674706
3193,0.1,-0.11112827515839123,4.696792293985328e-9,6.853314741047085e-5,0.000172376115166861,0.11112827515839123,-0.11110946088637735
3194,0.1,-0.11113100556061582,6.030161753360146e-9,7.765411613919861e-5,0.00017177301747816468,0.11113100556061582,-0.11110948972371043
3195,0.1,-0.11113368747654712,7.526325261471287e-9,8.675439620832646e-5,0.00017113225425973601,0.11113368747654712,-0.11110951817122679
3196,0.1,-0.11113631623623017,9.179132569493897e-9,9.580778971197435e-5,0.00017045369699528716,0.11113631623623017,-0.11110954620210656
3197,0.1,-0.111138887341085,1.0982189636214369e-8,0.00010479594284233703,0.0001697374541917902,0.111138887341085,-0.11110957379034658
3198,0.1,-0.11114139647532294,1.292890074653812e-8,0.00011370532417850152,0.00016898384055995692,0.11114139647532294,-0.11110960091085992
3199,0.1,-0.11114383951672187,1.5012511201608886e-8,0.0001225255532597543,0.00016819334903788995,0.11114383951672187,-0.11110962753955951
3200,0.1,-0.11114621254670577,1.7226149991657877e-8,0.00013124842853024136,0.00016736662530648027,0.11114621254670577,-0.11110965365342618
3201,0.1,-0.11114851185973916,1.9562871894440736e-8,0.00013986733676752674,0.00016650444450607525,0.11114851185973916,-0.11110967923056149
3202,0.25,-0.1111505264165194,2.191770547685848e-8,0.0001480462950460378,0.00016561015655164305,0.1111505264165194,-0.11110970060682665
3203,0.625,-0.11115180241696983,2.4055156655238307e-8,0.00015509724902537216,0.00016353740412691534,0.11115180241696983,-0.1111097107886884
3204,1.5625,-0.11115123140229195,2.541805483137941e-8,0.0001594304074867132,0.00015853587338926243,0.11115123140229195,-0.11110969247296563
3205,3.90625,-0.11114645095920257,2.4967465017635842e-8,0.00015801096486521384,0.00014702188788215666,0.11114645095920257,-0.11110960885828754
3206,9.765625,-0.11113440761490029,2.166848901037016e-8,0.0001472022045024128,0.00012479956198945745,0.11113440761490029,-0.11110940279563321
3207,24.4140625,-0.11110454849725325,6.515770865306541e-9,8.072032498266185e-5,0.00010309208191892899,0.11110454849725325,-0.11110927376376535
3208,9.765625,-0.1111050674589856,6.436305129208541e-9,8.022658617446301e-5,0.0001530009731749281,0.1111050674589856,-0.11110925157503906
3209,3.90625,-0.1111041559931155,6.200555729259316e-9,7.87436075453704e-5,8.854127415565382e-5,0.1111041559931155,-0.11110923184559893
3210,9.765625,-0.11110431854780696,4.295796080963564e-9,6.554232282246002e-5,7.126703917643172e-5,0.11110431854780696,-0.11110919127604817
3211,24.4140625,-0.11110890439269186,3.0918791733856896e-9,5.560466862940278e-5,8.211381552909956e-5,0.11110890439269186,-0.11110913033856744
3212,9.765625,-0.11110948825442506,2.505973133817162e-9,5.005969570240277e-5,0.00014438527186145232,0.11110948825442506,-0.1111091344561957
3213,3.90625,-0.11110975516146926,2.0090638626831534e-9,4.482258206175938e-5,0.0001512484730958017,0.11110975516146926,-0.11110915095637178
3214,1.5625,-0.11111010214496131,1.6606035306095151e-9,4.0750503439951695e-5,0.00015427769832743204,0.11111010214496131,-0.11110917274984099
3215,0.625,-0.11111046802410793,1.4429223546957523e-9,3.798581781001631e-5,0.0001550255689480648,0.11111046802410793,-0.11110919610677024
3216,0.25,-0.11111083928048145,1.3506759207688823e-9,3.675154310731567e-5,0.00015496870401037857,0.11111083928048145,-0.1111092198885894
3217,0.1,-0.11111121203738139,1.3816608623135434e-9,3.7170698975315803e-5,0.00015469812418474453,0.11111121203738139,-0.111109243749496
3218,0.1,-0.11111158908968966,1.5276609765262193e-9,3.908530384334014e-5,0.0001544015351003433,0.11111158908968966,-0.11110926748798308
3219,0.1,-0.11111197104236202,1.785721560809274e-9,4.225779881642292e-5,0.00015408407804899259,0.11111197104236202,-0.11110929108735261
3220,0.1,-0.11111235848637017,2.152846643323973e-9,4.639877846801544e-5,0.0001537446927859045,0.11111235848637017,-0.11110931453086086
3221,0.1,-0.11111275199645998,2.626019195419275e-9,5.124469919337292e-5,0.0001533825748522419,0.11111275199645998,-0.11110933780181116
3222,0.1,-0.11111315212885826,3.2022202619668987e-9,5.658816362073343e-5,0.00015299713305741699,0.11111315212885826,-0.11110936088363163
3223,0.1,-0.11111355941898832,3.878446595510238e-9,6.22771755582271e-5,0.00015258795272354785,0.11111355941898832,-0.1111093837599379
3224,0.1,-0.11111397437913985,4.6517264496691275e-9,6.820356625330619e-5,0.00015215476398178308,0.11111397437913985,-0.11110940641458181
3225,0.1,-0.11111439749615165,5.5191332573135595e-9,7.429086927283567e-5,0.00015169741451527213,0.11111439749615165,-0.1111094288316914
3226,0.1,-0.1111148292290925,6.47779698916474e-9,8.04847624657285e-5,0.00015121584623138193,0.1111148292290925,-0.11110945099570083
3227,0.1,-0.11111527000695541,7.524913056946228e-9,8.674625673160905e-5,0.0001507100754192987,0.11111527000695541,-0.11110947289137187
3228,0.1,-0.11111572022637735,8.657748692132035e-9,9.304702409068242e-5,0.00015018017600941522,0.11111572022637735,-0.11110949450381044
3229,0.1,-0.11111618024939025,9.873646794521364e-9,9.936622562280085e-5,0.0001496262656006855,0.11111618024939025,-0.11110951581847618
3230,0.1,-0.11111665040121894,1.1170027304709876e-8,0.00010568834990059158,0.0001490484939620111,0.11111665040121894,-0.11110953682119057
3231,0.1,-0.11111713096813096,1.2544386209215944e-8,0.00011200172413501474,0.00014844703374607533,0.11111713096813096,-0.11110955749813953
3232,0.1,-0.11111762219535158,1.3994292336306095e-8,0.00011829747392191473,0.00014782207318002384,0.11111762219535158,-0.11110957783587527
3233,0.25,-0.11111815589476683,1.545167887333133e-8,0.00012430478218206783,0.0001471756650523692,0.11111815589476683,-0.11110959528273569
3234,0.625,-0.1111187966247697,1.6776569852121058e-8,0.00012952439867500276,0.00014570527243875928,0.1111187966247697,-0.11110960508070016
3235,1.5625,-0.11111969372109805,1.765321394026935e-8,0.00013286539782904105,0.00014218211661019595,0.11111969372109805,-0.11110959537901546
3236,3.90625,-0.11112112110440835,1.750397120158849e-8,0.00013230257443295836,0.00013399623576486008,0.11112112110440835,-0.11110953998738597
3237,9.765625,-0.11112310360260642,1.556323287755329e-8,0.0001247526868550465,0.00011732072344271377,0.11112310360260642,-0.1111093944083406
3238,24.4140625,-0.11109398305426078,1.071126014064627e-8,0.00010349521796028195,9.820896163142953e-5,0.11109398305426078,-0.11110916923823734
3239,61.03515625,-0.11110492799264235,4.119010070810529e-9,6.417951441706714e-5,0.0003715900903853276,0.11110492799264235,-0.1111090513376454
3240,24.4140625,-0.11110505265009953,1.1869507787361254e-8,0.0001089472706742177,0.00032365563968979197,0.11110505265009953,-0.11110927512502031
3241,9.765625,-0.1111485799692831,9.436758644260166e-9,9.714298041680709e-5,0.0003082079465985787,0.1111485799692831,-0.11110940934972277
3242,3.90625,-0.11115395002616867,1.0628654185950441e-8,0.00010309536452212797,0.00019012831840031224,0.11115395002616867,-0.11110938805299089
3243,1.5625,-0.11115875496991348,1.2236680871649036e-8,0.00011061953205311003,0.00014553911078570562,0.11115875496991348,-0.1111093856044068
3244,0.625,-0.11116344938238713,1.4173745931839211e-8,0.00011905354229017804,0.00012869521411200025,0.11116344938238713,-0.11110939178326577
3245,1.5625,-0.11116447635795566,1.456047225901428e-8,0.00012066678192035404,0.00012192741278242398,0.11116447635795566,-0.11110938011495716
3246,3.90625,-0.11115636779426713,1.1114747588801284e-8,0.00010542650325606595,0.00010781493647188926,0.11115636779426713,-0.1111093424502353
3247,9.765625,-0.11113088589778335,4.628325380197273e-9,6.803179683204959e-5,9.84966197000382e-5,0.11113088589778335,-0.1111093112078653
3248,3.90625,-0.11112050704827507,3.601357027273747e-9,6.0011307495119176e-5,0.00011536342402741348,0.11112050704827507,-0.11110931357766748
3249,1.5625,-0.11111248472888689,3.4164495530270745e-9,5.845040250526145e-5,0.0001200525950910945,0.11111248472888689,-0.1111093232408397
3250,0.625,-0.1111051232020837,3.716573991863026e-9,6.096371045025906e-5,0.00011910628712751163,0.1111051232020837,-0.11110933507503601
3251,0.25,-0.11109797813143076,4.4354553431367055e-9,6.659921428317834e-5,0.00011751455067343484,0.11109797813143076,-0.11110934767609615
3252,0.1,-0.11109090729536691,5.559182472957878e-9,7.455992538192268e-5,0.00011634130730428516,0.11109090729536691,-0.1111093605916603
3253,0.1,-0.11108392861863968,7.067468922538914e-9,8.406823967788855e-5,0.00011560587118074019,0.11108392861863968,-0.11110937314382484
3254,0.1,-0.11107705964047261,8.939414047421917e-9,9.454847459066655e-5,0.00011470730733358898,0.11107705964047261,-0.11110938526165232
3255,0.25,-0.11107059121871134,1.1054059820346886e-8,0.00010513828903090864,0.00011365078024823215,0.11107059121871134,-0.11110939491822253
3256,0.625,-0.11106528386123472,1.3055472124786279e-8,0.00011426054491724726,0.00011085376335083104,0.11106528386123472,-0.1111093975986846
3257,1.5625,-0.11106316488676611,1.3987282814474828e-8,0.000118267843535235,0.00010346902232861927,0.11106316488676611,-0.11110938279282585
3258,3.90625,-0.11106895906985104,1.2039989392582932e-8,0.00010972688545922978,8.624772960915841e-5,0.11106895906985104,-0.11110933657951559
3259,9.765625,-0.11108970005369857,7.0911613381974096e-9,8.420903359021174e-5,6.367974873418142e-5,0.11108970005369857,-0.11110926987199034
3260,24.4140625,-0.11111509107709558,4.788452139453186e-9,6.919864261279397e-5,7.096108463180832e-5,0.11111509107709558,-0.11110917190058599
3261,61.03515625,-0.11110341673045133,2.1959553252726107e-9,4.686102138529004e-5,9.948224921373059e-5,0.11110341673045133,-0.11110908170339752
3262,24.4140625,-0.11111932078414963,1.6242800189457924e-9,4.0302357486204106e-5,0.00022633713094052772,0.11111932078414963,-0.11110912256744945
3263,9.765625,-0.11111556798344716,7.258735817927834e-10,2.6942041158620173e-5,0.00023369409390701455,0.11111556798344716,-0.11110917610618548
3264,3.90625,-0.11111467232390007,4.941834033270605e-10,2.223023624091882e-5,0.00023901384803835953,0.11111467232390007,-0.11110923270842894
3265,1.5625,-0.11111424618834788,5.636999230319626e-10,2.3742365573631507e-5,0.00023892471313255925,0.11111424618834788,-0.11110928912991595
3266,0.625,-0.11111394802437831,9.052140526092006e-10,3.0086775377384674e-5,0.0002378278996947003,0.11111394802437831,-0.11110934511982827
3267,0.25,-0.11111369125029029,1.5124483808394724e-9,3.8890209318535075e-5,0.00023684827612749205,0.11111369125029029,-0.11110940083967316
3268,0.1,-0.11111344839281517,2.3833520182451714e-9,4.881958642025935e-5,0.00023613155346287952,0.11111344839281517,-0.11110945639925005
3269,0.1,-0.11111321680041507,3.5121481101213807e-9,5.926337916556379e-5,0.00023561218278062221,0.11111321680041507,-0.1111095115687209
3270,0.1,-0.11111299945454271,4.894289875033562e-9,6.995920150368758e-5,0.00023505261818772133,0.11111299945454271,-0.11110956630536485
3271,0.1,-0.11111279925858912,6.524861458251444e-9,8.077661455057053e-5,0.00023445203861798417,0.11111279925858912,-0.11110962056666368
3272,0.1,-0.11111261902814851,8.398599687187164e-9,9.164387424802142e-5,0.00023380986891145293,0.11111261902814851,-0.11110967431047582
3273,0.1,-0.11111246148159008,1.0509918460161882e-8,0.00010251789336580167,0.00023312574880582178,0.11111246148159008,-0.11110972749518867
3274,0.1,-0.11111232923097174,1.285293532284272e-8,0.00011337078690228237,0.00023239950573076886,0.11111232923097174,-0.11110978007985602
3275,0.1,-0.11111222477331682,1.5421499794149742e-8,0.00012418333138609924,0.00023163113082024487,0.11111222477331682,-0.11110983202431368
3276,0.1,-0.11111215048229267,1.8209223012289243e-8,0.00013494155406059782,0.00023082075765503944,0.11111215048229267,-0.11110988328928642
3277,0.1,-0.11111210860030545,2.120950828274716e-8,0.00014563484570234955,0.00022996864332994847,0.11111210860030545,-0.11110993383647524
3278,0.1,-0.11111210123104424,2.441558212358769e-8,0.00015625486271981327,0.00022907515151006523,0.11111210123104424,-0.11110998362863421
3279,0.1,-0.11111213033249262,2.7820525419502896e-8,0.00016679486029102606,0.00022814073719992645,0.11111213033249262,-0.11111003262963585
3280,0.1,-0.11111219771043739,3.141730431467107e-8,0.00017724927169010052,0.0002271659329990416,0.11111219771043739,-0.11111008080452396
3281,0.1,-0.11111230501247983,3.519880049600413e-8,0.00018761343367681358,0.00022615133665947058,0.11111230501247983,-0.11111012811955799
3282,0.25,-0.11111256867545186,3.905040322264089e-8,0.00019761174869587306,0.0002251003274169318,0.11111256867545186,-0.1111101681081481
3283,0.625,-0.1111132328807125,4.2714287456735217e-8,0.00020667435123095275,0.00022265609238146723,0.1111132328807125,-0.11111018851984196
3284,1.5625,-0.1111148722913847,4.5556719004136434e-8,0.00021344020006581804,0.0002166764938250628,0.1111148722913847,-0.11111015810566369
3285,3.90625,-0.11111858212272083,4.623659811244081e-8,0.00021502697066284686,0.0002022735910959047,0.11111858212272083,-0.11111000462524746
3286,9.765625,-0.11112491474968046,4.2678985485200675e-8,0.00020658892875757083,0.0001707872797559463,0.11112491474968046,-0.11110959416149278
3287,24.4140625,-0.11111141137728793,1.16329634987746e-8,0.00010785621678315349,0.00012505018359476182,0.11111141137728793,-0.11110927185170733
3288,61.03515625,-0.11111654805315563,2.0397508214945955e-9,4.516360062588672e-5,4.807869849858652e-5,0.11111654805315563,-0.11110916362551569
3289,152.587890625,-0.11111118087845447,5.969430393694716e-10,2.4432417796228673e-5,0.00018976099409463118,0.11111118087845447,-0.1111091736213305
3290,61.03515625,-0.1110963204673471,1.0659911169604777e-9,3.264951939861409e-5,0.0003378128638995572,0.1110963204673471,-0.11110919785203538
3291,24.4140625,-0.11112191928571157,2.8584166545160963e-9,5.346416233811296e-5,0.0002862450337339719,0.11112191928571157,-0.11110924498962031
3292,9.765625,-0.11110057271755434,5.3997332152545205e-9,7.348287702080343e-5,0.0002900455256828106,0.11110057271755434,-0.11110944267403705
3293,3.90625,-0.1111025119038172,3.7919965599615226e-9,6.157918934154235e-5,0.000232060701798962,0.1111025119038172,-0.11110947784483029
3294,1.5625,-0.11110357578834512,3.9230663412308816e-9,6.26343862525281e-5,0.000224656681813239,0.11110357578834512,-0.11110952159925722
3295,0.625,-0.11110442495932044,4.617728048942502e-9,6.795386706393171e-5,0.00022176080990430924,0.11110442495932044,-0.11110956760889808
3296,0.25,-0.11110520359067752,5.7032162019546775e-9,7.551964116674998e-5,0.00022006406125439464,0.11110520359067752,-0.11110961448157672
3297,0.1,-0.11110595678829306,7.138317970505877e-9,8.448856709937669e-5,0.0002190337872634974,0.11110595678829306,-0.11110966171394335
3298,0.1,-0.1111067284781262,8.901522373913762e-9,9.434787954116277e-5,0.0002183886338227775,0.1111067284781262,-0.11110970844686371
3299,0.1,-0.11110751609544313,1.0981252375835275e-8,0.00010479147091168858,0.00021768764763613617,0.11110751609544313,-0.11110975462678183
3300,0.1,-0.11110831705740619,1.3363015712428609e-8,0.00011559851085731428,0.00021693026598171083,0.11110831705740619,-0.11110980020178371
3301,0.1,-0.11110912877604033,1.602969729702902e-8,0.00012660844086011413,0.00021611687527562195,0.11110912877604033,-0.11110984512228578
3302,0.1,-0.11110994867099626,1.8961898133181527e-8,0.0001377022081637819,0.00021524872137948498,0.11110994867099626,-0.11110988934163837
3303,0.1,-0.11111077418202371,2.2138312501833662e-8,0.00014878949056245088,0.00021432781684410863,0.11111077418202371,-0.11110993281663378
3304,0.1,-0.1111116027810979,2.5536134646922354e-8,0.0001598002961415352,0.00021335684511040608,0.1111116027810979,-0.11110997550792029
3305,0.1,-0.11111243198412485,2.9131485822995542e-8,0.00017067948272418552,0.0002123390619084302,0.11111243198412485,-0.11111001738031567
3306,0.25,-0.11111326889662482,3.269087534681682e-8,0.00018080618171626992,0.00021128161907693266,0.11111326889662482,-0.11111005295479955
3307,0.625,-0.11111410191758353,3.5664536022554244e-8,0.00018885056532230515,0.00020881106969349895,0.11111410191758353,-0.11111007192047952
3308,1.5625,-0.11111488009562864,3.687702155557945e-8,0.0001920339073069635,0.0002030106118766847,0.11111488009562864,-0.11111005006363091
3309,3.90625,-0.11111549782259118,3.5111272075444705e-8,0.00018738002048095925,0.00019079360690072802,0.11111549782259118,-0.1111099393850899
3310,9.765625,-0.1111161067226875,3.2094539477868294e-8,0.00017914948919231752,0.00016847271390698485,0.1111161067226875,-0.11110964104727224
3311,24.4140625,-0.11110902578844739,1.4300212212940331e-8,0.00011958349473460094,0.00011864096997105533,0.11110902578844739,-0.11110924335105873
3312,61.03515625,-0.11111057583276816,8.754083760426866e-10,2.958730092527344e-5,0.00012000681322703522,0.11111057583276816,-0.11110924004908126
3313,24.4140625,-0.11110994963984108,1.6349309695574834e-9,4.043427963445724e-5,0.00033522161101279984,0.11110994963984108,-0.11110929572607935
3314,9.765625,-0.11111145908412286,1.3764989621740133e-9,3.710119893175979e-5,0.0001686560409770124,0.11111145908412286,-0.11110929374936154
3315,3.90625,-0.11111227388338675,1.9560808633810766e-9,4.422760295766747e-5,0.00011284536690313936,0.11111227388338675,-0.11110929436006754
3316,1.5625,-0.11111294387607124,2.6064731478935703e-9,5.105363011474865e-5,8.853389352008546e-5,0.11111294387607124,-0.1111092966711664
3317,0.625,-0.11111357125197543,3.3621874560957975e-9,5.798437251618575e-5,7.830438482122686e-5,0.11111357125197543,-0.11110930019913168
3318,0.25,-0.11111418468018218,4.231782289165535e-9,6.505215053451758e-5,7.376913166819752e-5,0.11111418468018218,-0.11110930440858328
3319,0.625,-0.11111474542262881,4.907152646210609e-9,7.005107169922963e-5,7.16050300561595e-5,0.11111474542262881,-0.1111093059029344
3320,1.5625,-0.11111513497905698,4.834717355076165e-9,6.953213181742787e-5,6.689694894479684e-5,0.11111513497905698,-0.1111093014887781
3321,3.90625,-0.1111149798100753,3.2182405938951966e-9,5.6729538988918254e-5,5.852123118956454e-5,0.1111149798100753,-0.11110929067729357
3322,9.765625,-0.11111317059286957,8.72576582003815e-10,2.9539407272384714e-5,5.6529769467490356e-5,0.11111317059286957,-0.11110928812401875
3323,3.90625,-0.11111163905854048,5.895074428466292e-10,2.4279774357407632e-5,6.343106972555013e-5,0.11111163905854048,-0.11110929071090384
3324,1.5625,-0.11111039528317389,5.599393241784789e-10,2.3663037086952277e-5,6.46934696563936e-5,0.11111039528317389,-0.11110929415596253
3325,0.625,-0.11110924265612665,6.734274841131891e-10,2.595048138499918e-5,6.361390750765705e-5,0.11110924265612665,-0.11110929776338226
3326,0.25,-0.11110812123982565,9.102804701859406e-10,3.017085464792041e-5,6.246958593446135e-5,0.11110812123982565,-0.11110930141067236
3327,0.1,-0.11110701079237055,1.2662922143019965e-9,3.5584999849683804e-5,6.166693977234253e-5,0.11110701079237055,-0.11110930507368187
3328,0.1,-0.11110590838291474,1.7321877601048112e-9,4.1619559825937746e-5,6.115165101638286e-5,0.11110590838291474,-0.11110930861384999
3329,0.1,-0.11110481630685028,2.2997208540417214e-9,4.7955404847021376e-5,6.0553873689442714e-5,0.11110481630685028,-0.11110931201234359
3330,0.1,-0.11110373684434127,2.9596877203601527e-9,5.44030120522766e-5,5.987623287039816e-5,0.11110373684434127,-0.11110931525195301
3331,0.25,-0.11110270336377391,3.6494472203739693e-9,6.0410654858012996e-5,5.9124559144666134e-5,0.11110270336377391,-0.11110931766674526
3332,0.625,-0.11110180713799235,4.201417295527891e-9,6.48183407341463e-5,5.72952534187732e-5,0.11110180713799235,-0.11110931785206367
3333,1.5625,-0.1111013047046523,4.20013563800588e-9,6.480845344556433e-5,5.28380652007657e-5,0.1111013047046523,-0.11110931299772486
3334,3.90625,-0.11110187232497529,2.983183684091033e-9,5.46185287616852e-5,4.4167648827052814e-5,0.11110187232497529,-0.1111093018889838
3335,9.765625,-0.11110500027369821,1.0013850457692384e-9,3.1644668520451254e-5,4.199909622657696e-5,0.11110500027369821,-0.11110929615325657
3336,3.90625,-0.11110697431927838,7.618148160100884e-10,2.7600993025796886e-5,5.36510240200395e-5,0.11110697431927838,-0.1111092969060498
3337,1.5625,-0.11110856844989465,7.598939648118114e-10,2.756617428682862e-5,5.520885240074977e-5,0.11110856844989465,-0.11110929887179427
3338,0.625,-0.11111004454287754,8.934360799309481e-10,2.989040113365741e-5,5.3914578604172935e-5,0.11111004454287754,-0.11110930118317114
3339,0.25,-0.11111148036526089,1.1445877569893023e-9,3.383175663469608e-5,5.260527663010425e-5,0.11111148036526089,-0.11110930362491066
3340,0.1,-0.11111290200930624,1.5097912205770928e-9,3.885603197158831e-5,5.172962084337052e-5,0.11111290200930624,-0.11110930612796902
3341,0.1,-0.11111431261489792,1.981391548305192e-9,4.451282453748798e-5,5.120169312917381e-5,0.11111431261489792,-0.1111093085176815
3342,0.25,-0.11111568521696412,2.526009986920484e-9,5.025942684631893e-5,5.057229298504629e-5,0.11111568521696412,-0.11110931031898966
3343,0.625,-0.11111693376223249,3.0426335518875846e-9,5.5160072080152184e-5,4.891737810427939e-5,0.11111693376223249,-0.11110931043546755
3344,1.5625,-0.11111780616779156,3.2566909995395674e-9,5.706742502986767e-5,4.44929227733164e-5,0.11111780616779156,-0.11110930637452181
3345,3.90625,-0.11111762686863158,2.6537505055996496e-9,5.151456595565617e-5,3.384743044031322e-5,0.11111762686863158,-0.11110929549494303
3346,9.765625,-0.11111494280111882,1.2734636416454448e-9,3.568562233793107e-5,2.0602267440651436e-5,0.11111494280111882,-0.11110928359771605
3347,24.4140625,-0.11110899782921028,8.878427881148636e-10,2.9796690892024632e-5,3.2805620190832875e-5,0.11110899782921028,-0.1111092671429945
3348,61.03515625,-0.11111123457132274,6.738225565627049e-10,2.5958092313625532e-5,4.322338251836675e-5,0.11111123457132274,-0.111109232279433
3349,24.4140625,-0.11111081015972588,1.059160820841432e-9,3.254475104900069e-5,0.00014796144461336682,0.11111081015972588,-0.11110924491012207
3350,9.765625,-0.11110864199799332,2.299058721016346e-10,1.516264726562069e-5,0.0001155319128774674,0.11110864199799332,-0.11110925907607654
3351,3.90625,-0.11110809980271848,1.3159926158662754e-10,1.1471672135596779e-5,0.00011949490789471075,0.11110809980271848,-0.111109273388408
3352,1.5625,-0.11110768271026869,1.4901299617312253e-10,1.2207087948119426e-5,0.00011945570516847795,0.11110768271026869,-0.11110928750360989
3353,0.625,-0.1111072923377854,2.555954539260978e-10,1.5987352936809076e-5,0.00011872374707284392,0.1111072923377854,-0.11110930143880844
3354,0.25,-0.11110690905737841,4.4735452980667815e-10,2.1150757192277495e-5,0.00011807777447838591,0.11110690905737841,-0.11110931527135919
3355,0.1,-0.11110652766295719,7.235098197645118e-10,2.6898137849384887e-5,0.00011760547362759317,0.11110652766295719,-0.1111093290447257
3356,0.1,-0.11110616167705144,1.0795193808387286e-9,3.285604024892118e-5,0.00011726085072390927,0.11110616167705144,-0.11110934269132751
3357,0.1,-0.11110581240531998,1.511768592328959e-9,3.888146849501648e-5,0.00011689109091373645,0.11110581240531998,-0.11110935619837302
3358,0.1,-0.1111054810814236,2.0163462620044123e-9,4.4903744409619254e-5,0.00011649658307831383,0.1111054810814236,-0.11110936955362298
3359,0.1,-0.11110516886252991,2.589094176761102e-9,5.0883142363272945e-5,0.00011607794350445499,0.11110516886252991,-0.11110938274546914
3360,0.1,-0.11110487682514586,3.225658965813883e-9,5.6794885032138964e-5,0.00011563598557983792,0.11110487682514586,-0.11110939576299762
3361,0.1,-0.11110460596127214,3.921545476665867e-9,6.26222442640462e-5,0.00011517169048140011,0.11110460596127214,-0.11110940859604128
3362,0.1,-0.11110435717492272,4.672170863063704e-9,6.835327982667477e-5,0.0001146861787342988,0.11110435717492272,-0.11110942123521492
3363,0.1,-0.11110413127899765,5.472918593501131e-9,7.397917675603811e-5,0.00011418068257280613,0.11110413127899765,-0.11110943367193885
3364,0.1,-0.11110392899252212,6.3191916087062696e-9,7.949334317228248e-5,0.00011365651908240272,0.11110392899252212,-0.1111094458984509
3365,0.1,-0.1111037509382693,7.206463886731312e-9,8.48908940153849e-5,0.000113115064144516,0.1111037509382693,-0.1111094579078038
3366,0.1,-0.11110359764076762,8.130329713446094e-9,9.016834097090893e-5,0.00011255772724227156,0.11110359764076762,-0.11110946969385335
3367,0.25,-0.11110354145296746,9.016072531161933e-9,9.49530016964284e-5,0.00011198786955922352,0.11110354145296746,-0.11110947976013084
3368,0.625,-0.1111037286750174,9.704365183020999e-9,9.851073638452308e-5,0.00011074730344110157,0.1111037286750174,-0.11110948537569248
3369,1.5625,-0.11110449565234526,9.858161302119648e-9,9.928827373924701e-5,0.00010796859940037899,0.11110449565234526,-0.11110948030124265
3370,3.90625,-0.11110646012004906,9.07022889514575e-9,9.523774931793459e-5,0.00010243201396692737,0.11110646012004906,-0.11110945313330331
3371,9.765625,-0.11110987440071944,7.822268991479709e-9,8.844359214482251e-5,9.372020038799338e-5,0.11110987440071944,-0.11110938357672123
3372,24.4140625,-0.11111057908710194,6.4479240305003245e-9,8.029896655935445e-5,7.036168078554243e-5,0.11111057908710194,-0.11110922643305758
3373,61.03515625,-0.11111512225631145,8.076857654958968e-10,2.8419812903956578e-5,6.324830738115485e-5,0.11111512225631145,-0.1111092566073106
3374,24.4140625,-0.11110668976409034,1.4693704021193744e-9,3.83323675517098e-5,0.0002694818581574491,0.11110668976409034,-0.11110928653905074
3375,9.765625,-0.11110406914592415,5.008813007045194e-10,2.2380377581813034e-5,0.00010949112946561977,0.11110406914592415,-0.11110928449588364
3376,3.90625,-0.11110216903994315,6.076354182903397e-10,2.4650262032894087e-5,8.606123398319864e-5,0.11110216903994315,-0.11110928845733631
3377,1.5625,-0.11110048949338519,7.842207019209693e-10,2.8003940828407873e-5,7.673719738659576e-5,0.11110048949338519,-0.111109292792209
3378,0.625,-0.1110988629877986,1.0342623387814023e-9,3.2159949296934566e-5,7.255171760998664e-5,0.1110988629877986,-0.11110929731739291
3379,0.25,-0.11109724997233533,1.3578765402448965e-9,3.684937638881961e-5,7.033111188706583e-5,0.11109724997233533,-0.11110930191926258
3380,0.1,-0.11109563983545288,1.7544015064148803e-9,4.188557635290316e-5,6.897759748368437e-5,0.11109563983545288,-0.11110930653183869
3381,0.1,-0.11109408457068125,2.2082243579368565e-9,4.699174776422831e-5,6.805053183963071e-5,0.11109408457068125,-0.11110931095912642
3382,0.1,-0.11109258830403733,2.713345741829931e-9,5.208978538859544e-5,6.712502717119873e-5,0.11109258830403733,-0.11110931519930185
3383,0.1,-0.11109115494144328,3.2637580789719336e-9,5.712931015662568e-5,6.619842056296323e-5,0.11109115494144328,-0.11110931925067907
3384,0.25,-0.1110899634119495,3.79632499264328e-9,6.161432457345677e-5,6.527314296860253e-5,0.1110899634119495,-0.11110932245903048
3385,0.625,-0.11108940543002262,4.1692389648546245e-9,6.456964429865341e-5,6.363952392681718e-5,0.11108940543002262,-0.11110932356738577
3386,1.5625,-0.11109043602808685,4.080465488856643e-9,6.387852134212754e-5,6.036722482053832e-5,0.11109043602808685,-0.11110932006321715
3387,3.90625,-0.11109503102406802,3.185268013138305e-9,5.643817868374479e-5,5.471055542709731e-5,0.11109503102406802,-0.11110930960933471
3388,9.765625,-0.11110524687427649,1.9403930211066762e-9,4.404989240743587e-5,5.005210208568107e-5,0.11110524687427649,-0.11110929380359094
3389,24.4140625,-0.11111346907052244,9.158641967637773e-10,3.026324828506975e-5,4.513300245414325e-5,0.11111346907052244,-0.11110927611653723
3390,9.765625,-0.11111141085853797,5.449503293717861e-10,2.3344171207643808e-5,7.006044537672857e-5,0.11111141085853797,-0.11110927900144446
3391,3.90625,-0.11111061814517574,3.784979694668888e-10,1.945502427309945e-5,7.391426542963549e-5,0.11111061814517574,-0.11110928353494051
3392,1.5625,-0.11111006955752684,3.2894571403276486e-10,1.813686064435532e-5,7.458220111724695e-5,0.11111006955752684,-0.11110928873793663
3393,0.625,-0.11110958723840175,3.7238296482803534e-10,1.929722686885438e-5,7.390722839224591e-5,0.11110958723840175,-0.11110929400887512
3394,0.25,-0.11110912634241335,5.023193595942748e-10,2.241248222741682e-5,7.307480972156454e-5,0.11110912634241335,-0.1111092992452999
3395,0.1,-0.11110867276061993,7.16261130301297e-10,2.6763055324482237e-5,7.238144586583821e-5,0.11110867276061993,-0.11110930443732366
3396,0.1,-0.11110822835734967,1.0095475428463387e-9,3.177337789480902e-5,7.183919108034495e-5,0.11110822835734967,-0.11110930951068561
3397,0.1,-0.11110779486436435,1.3791201688984004e-9,3.713650722534903e-5,7.126303151234476e-5,0.11110779486436435,-0.11110931445407306
3398,0.1,-0.11110737397180959,1.821763229951984e-9,4.268211838641545e-5,7.065175004830036e-5,0.11110737397180959,-0.1111093192564207
3399,0.1,-0.11110696732314172,2.3341168887389783e-9,4.831269904216673e-5,7.000447749007083e-5,0.11110696732314172,-0.1111093239069888
3400,0.1,-0.11110657651018974,2.9126912194520092e-9,5.396935444724172e-5,6.932064648838621e-5,0.11110657651018974,-0.11110932839543552
3401,0.1,-0.11110620306836427,3.553880605419474e-9,5.961443286167766e-5,6.859995157886536e-5,0.11110620306836427,-0.11110933271187698
3402,0.25,-0.11110589544174208,4.22668951774475e-9,6.501299499134576e-5,6.784756203399746e-5,0.11110589544174208,-0.11110933611371288
3403,0.625,-0.11110576517295641,4.856818004228589e-9,6.96908746123091e-5,6.625603004223641e-5,0.11110576517295641,-0.11110933703772062
3404,1.5625,-0.11110609323059871,5.259653152090532e-9,7.252346621673934e-5,6.246098685397665e-5,0.11110609323059871,-0.11110933161874946
3405,3.90625,-0.111107492385643,5.057121456683415e-9,7.111344075970038e-5,5.3354862033267343e-5,0.111107492385643,-0.11110931241590469
3406,9.765625,-0.11111071872281841,3.740779235916027e-9,6.116191000873032e-5,3.437761467859462e-5,0.11111071872281841,-0.11110927461051345
3407,24.4140625,-0.11111348877585815,1.2671548239643566e-9,3.5597118197465885e-5,3.567787536443985e-5,0.11111348877585815,-0.11110925264056372
3408,61.03515625,-0.11110439408506033,7.214781221826157e-10,2.6860344788974986e-5,0.00010009218777214335,0.11110439408506033,-0.11110925633446972
3409,24.4140625,-0.1111146343326536,1.5194530166779632e-9,3.898016183493808e-5,0.0002926326092688098,0.1111146343326536,-0.11110929679845835
3410,9.765625,-0.11111845079357918,5.784246765340143e-10,2.4050461046184007e-5,0.00011792047105895527,0.11111845079357918,-0.11110929360673216
3411,3.90625,-0.11112083610091386,8.414040142626645e-10,2.9006964926766547e-5,8.484608318688874e-5,0.11112083610091386,-0.111109295632372
3412,1.5625,-0.11112290145732659,1.1440041309353938e-9,3.3823130117353034e-5,7.058601233885973e-5,0.11112290145732659,-0.11110929820242048
3413,0.625,-0.11112488955467913,1.503244723089933e-9,3.8771700028370345e-5,6.451429961020512e-5,0.11112488955467913,-0.11110930121625037
3414,0.25,-0.11112685740672207,1.9234515435294476e-9,4.38571720876922e-5,6.169183943702769e-5,0.11112685740672207,-0.11110930447956406
3415,0.1,-0.11112882049394579,2.4056750194394024e-9,4.904768108116226e-5,6.0218933311241054e-5,0.11112882049394579,-0.1111093078600566
3416,0.25,-0.11113053446889314,2.88045948610678e-9,5.366991229829596e-5,5.93502286270388e-5,0.11113053446889314,-0.11110931056878368
3417,0.625,-0.11113157577981854,3.2092311428870223e-9,5.665007628315272e-5,5.777591744435233e-5,0.11113157577981854,-0.11110931159875218
3418,1.5625,-0.11113088132017725,3.07813415538806e-9,5.5480935062308206e-5,5.458191122674537e-5,0.11113088132017725,-0.11110930908835093
3419,3.90625,-0.11112616459107798,2.0900485714587407e-9,4.571704902395539e-5,4.948988539527261e-5,0.11112616459107798,-0.1111093026716261
3420,9.765625,-0.11111474401639473,8.012106081715705e-10,2.8305663888550123e-5,4.926945589622444e-5,0.11111474401639473,-0.11110929911975245
3421,3.90625,-0.11111062158984523,6.48282606773057e-10,2.546139443889625e-5,5.200188446122299e-5,0.11111062158984523,-0.11110929973746443
3422,1.5625,-0.11110748749915293,6.559944844790741e-10,2.56123892770486e-5,5.199542458455161e-5,0.11110748749915293,-0.11110930145750757
3423,0.625,-0.1111046257833837,7.57280417238137e-10,2.7518728481493054e-5,5.073031656986903e-5,0.1111046257833837,-0.11110930352567236
3424,0.25,-0.11110185181995579,9.40305284121303e-10,3.0664397664413744e-5,4.965221495056639e-5,0.11110185181995579,-0.11110930572818757
3425,0.1,-0.1110991073185325,1.2027943631128625e-9,3.4681325855752146e-5,4.895176922853957e-5,0.1110991073185325,-0.11110930799013805
3426,0.1,-0.11109641187611463,1.5388911114970853e-9,3.922870264866129e-5,4.8527566780643596e-5,0.11109641187611463,-0.11110931016867752
3427,0.25,-0.11109389585833225,1.9237445652818744e-9,4.3860512597117175e-5,4.803106511313607e-5,0.11109389585833225,-0.11110931190747432
3428,0.625,-0.11109190190116645,2.283511917295479e-9,4.7786105902191685e-5,4.67712847951308e-5,0.11109190190116645,-0.11110931240405682
3429,1.5625,-0.11109134325693154,2.4187775101846537e-9,4.918106861572503e-5,4.349961890796365e-5,0.11109134325693154,-0.11110930985010857
3430,3.90625,-0.1110943363976666,1.9564050271188177e-9,4.423126752783395e-5,3.613796387030948e-5,0.1110943363976666,-0.11110930237895537
3431,9.765625,-0.11110392540367095,9.228896619972989e-10,3.0379099097855073e-5,2.9019161588317587e-5,0.11110392540367095,-0.11110929447472058
3432,24.4140625,-0.11111477447812879,6.586257477705788e-10,2.566370487226228e-5,3.7193672862931836e-5,0.11111477447812879,-0.11110928302012615
3433,9.765625,-0.1111107965546031,4.6118483799915743e-10,2.1475214504147738e-5,3.991353124877148e-5,0.1111107965546031,-0.111109281306389
3434,3.90625,-0.1111092458917071,4.008805187040639e-10,2.0022000866648264e-5,4.5597805287451675e-5,0.1111092458917071,-0.11110928210187626
3435,1.5625,-0.11110805299773525,3.7830375683997844e-10,1.9450032309484178e-5,4.637549118160946e-5,0.11110805299773525,-0.11110928373888959
3436,0.625,-0.11110695704636177,3.8534299406609617e-10,1.9630155222669438e-5,4.602342423190264e-5,0.11110695704636177,-0.11110928564355074
3437,0.25,-0.11110589174822823,4.2037843684001737e-10,2.0503132366543836e-5,4.5512084075637966e-5,0.11110589174822823,-0.11110928762692468
3438,0.1,-0.11110483650026831,4.82925545979113e-10,2.1975567022926007e-5,4.505682002984729e-5,0.11110483650026831,-0.11110928962482722
3439,0.1,-0.11110380516674388,5.710119186401272e-10,2.3895855679178498e-5,4.4679267045702714e-5,0.11110380516674388,-0.11110929157569775
3440,0.1,-0.11110280090963486,6.831630976958976e-10,2.6137388884429478e-5,4.429202326087943e-5,0.11110280090963486,-0.11110929347688575
3441,0.1,-0.11110182678890253,8.178000681021285e-10,2.8597203851113284e-5,4.389374894870669e-5,0.11110182678890253,-0.11110929532578546
3442,0.1,-0.11110088575373078,9.732513528257327e-10,3.1196976661621115e-5,4.348356200093492e-5,0.11110088575373078,-0.11110929711989449
3443,0.1,-0.11109998063416952,1.1477665901375622e-9,3.387870407996094e-5,4.3060984885006765e-5,0.11109998063416952,-0.11110929885686316
3444,0.1,-0.1110991141331744,1.3395313075928766e-9,3.6599608025126124e-5,4.262589720579233e-5,0.1110991141331744,-0.11110930053453465
3445,0.25,-0.1110983957144511,1.5307954678877265e-9,3.912538137689812e-5,4.2179836335975765e-5,0.1110983957144511,-0.11110930189202282
3446,0.625,-0.11109806880091395,1.6792631454735383e-9,4.097881337317539e-5,4.133711724104526e-5,0.11109806880091395,-0.1111093024300551
3447,1.5625,-0.11109873454038359,1.6855367827286292e-9,4.1055289339238975e-5,3.956002108047597e-5,0.11109873454038359,-0.11110930107510193
3448,3.90625,-0.11110166925242566,1.3920427186679404e-9,3.7310088698205214e-5,3.631683407081912e-5,0.11110166925242566,-0.11110929654670733
3449,9.765625,-0.11110835382891256,8.489995368762948e-10,2.9137596621483638e-5,3.415703264319217e-5,0.11110835382891256,-0.11110928978130097
3450,24.4140625,-0.11111421231893462,4.950651854237309e-10,2.2250060346518857e-5,3.6429091603696965e-5,0.11111421231893462,-0.11110928079466237
3451,9.765625,-0.11111169401751657,2.880486201658648e-10,1.6971995173398584e-5,4.4839181196867124e-5,0.11111169401751657,-0.11110928117898987
3452,3.90625,-0.11111064948486556,1.8422661622992013e-10,1.3573010580925667e-5,5.320975165289643e-5,0.11111064948486556,-0.11110928373517392
3453,1.5625,-0.1111098203746374,1.2455814057898307e-10,1.1160561839754443e-5,5.523233315599285e-5,0.1111098203746374,-0.11110928674259746
3454,0.625,-0.1111090512501054,9.980846267739023e-11,9.990418543654226e-6,5.535479121616547e-5,0.1111090512501054,-0.1111092898042039
3455,0.25,-0.11110830152275829,1.0718292871439487e-10,1.0352918849985973e-5,5.500683193031666e-5,0.11110830152275829,-0.11110929283711217
3456,0.1,-0.11110755832121079,1.4546626857297644e-10,1.206093978813328e-5,5.459326090586705e-5,0.11110755832121079,-0.11110929583005623
3457,0.1,-0.11110682661686366,2.1343745236562052e-10,1.4609498703433342e-5,5.420972871431533e-5,0.11110682661686366,-0.11110929876916462
3458,0.1,-0.11110610818800913,3.099947601430857e-10,1.7606668059093e-5,5.382173290217008e-5,0.11110610818800913,-0.11110930165174472
3459,0.1,-0.11110540476300394,4.34003858295053e-10,2.0832759257838434e-5,5.342736077601391e-5,0.11110540476300394,-0.1111093044749918
3460,0.1,-0.1111047180155531,5.842983738252768e-10,2.4172264557241567e-5,5.302506021166173e-5,0.1111047180155531,-0.11110930723604213
3461,0.1,-0.11110404956015896,7.596814033768077e-10,2.756231854138559e-5,5.26135938677576e-5,0.11110404956015896,-0.11110930993201944
3462,0.1,-0.1111034009478133,9.589278206462176e-10,3.0966559716026214e-5,5.219199914611029e-5,0.1111034009478133,-0.11110931256007235
3463,0.1,-0.11110277366186964,1.1807872556611724e-9,3.4362585113189203e-5,5.1759553192051375e-5,0.11110277366186964,-0.11110931511741128
3464,0.1,-0.11110216911416455,1.4239876280972085e-9,3.773576060048622e-5,5.131574229275246e-5,0.11110216911416455,-0.11110931760133587
3465,0.1,-0.11110158864137304,1.687239124718303e-9,4.107601641734874e-5,5.086023509822284e-5,0.11110158864137304,-0.11110932000926026
3466,0.25,-0.11110110113156572,1.9589254177121978e-9,4.425974940860146e-5,5.0396776525363796e-5,0.11110110113156572,-0.11110932200461364
3467,0.625,-0.1111008559126092,2.2115442372418844e-9,4.7027058564637917e-5,4.9495528125194394e-5,0.1111008559126092,-0.11110932290408011
3468,1.5625,-0.11110121771938408,2.3765871157752205e-9,4.875025246883569e-5,4.7468683146807136e-5,0.11110121771938408,-0.1111093210109455
3469,3.90625,-0.11110295526481606,2.313227259621069e-9,4.809602124522432e-5,4.285802776991192e-5,0.11110295526481606,-0.11110931290280497
3470,9.765625,-0.11110697788862749,1.8524736517578378e-9,4.304037234687727e-5,3.409910545924024e-5,0.11110697788862749,-0.11110929491137514
3471,24.4140625,-0.11111085201750419,9.75497534635707e-10,3.123295590615315e-5,2.938837975962677e-5,0.11111085201750419,-0.11110927383748317
3472,61.03515625,-0.1111056085735385,3.0970739836986654e-10,1.7598505572061127e-5,5.972330710263155e-5,0.1111056085735385,-0.11110927352745908
3473,24.4140625,-0.11112132430438243,8.575143320070484e-10,2.9283345642310892e-5,0.00013725834714891188,0.11112132430438243,-0.11110928406116863
3474,9.765625,-0.11111577850822378,2.9023802033625057e-10,1.703637345024611e-5,8.215432063298238e-5,0.11111577850822378,-0.11110928941260202
3475,3.90625,-0.11111380854833681,2.6204711330123087e-10,1.618786932555458e-5,7.569169011431325e-5,0.11111380854833681,-0.11110929404967557
3476,1.5625,-0.11111242716207664,3.239060199508948e-10,1.799738925374719e-5,7.315088639033323e-5,0.11111242716207664,-0.11110929884599252
3477,0.625,-0.11111120761800453,4.4599328450601506e-10,2.111855308741617e-5,7.152288830832575e-5,0.11111120761800453,-0.11110930365814756
3478,0.25,-0.11111004102805341,6.224626787097483e-10,2.4949201965388557e-5,7.04593285367654e-5,0.11111004102805341,-0.1111093084664746
3479,0.1,-0.11110889268174734,8.515761900564475e-10,2.918177839091455e-5,6.975083936030378e-5,0.11110889268174734,-0.11110931326132585
3480,0.1,-0.11110775990234568,1.1293204368541944e-9,3.360536321562668e-5,6.924921407450719e-5,0.11110775990234568,-0.11110931795111628
3481,0.1,-0.11110664652974644,1.453212411644318e-9,3.8121023223994366e-5,6.873068476135408e-5,0.11110664652974644,-0.11110932252987415
3482,0.1,-0.11110555631680885,1.82059448175457e-9,4.266842488016835e-5,6.819440866568876e-5,0.11110555631680885,-0.11110932699181934
3483,0.1,-0.11110449291791745,2.228655560965589e-9,4.72086386264801e-5,6.763991451941328e-5,0.11110449291791745,-0.11110933133143752
3484,0.1,-0.1111034598779107,2.674454092271007e-9,5.171512440544842e-5,6.706706266517089e-5,0.1111034598779107,-0.11110933554354306
3485,0.1,-0.11110246062141037,3.1549424406511388e-9,5.616887430464615e-5,6.647600858789544e-5,0.11110246062141037,-0.11110933962333308
3486,0.25,-0.11110158892802244,3.6402238140005865e-9,6.033426732795043e-5,6.587166482213157e-5,0.11110158892802244,-0.11110934294722992
3487,0.625,-0.11110106523292342,4.059562435451358e-9,6.371469560039786e-5,6.465474049242186e-5,0.11110106523292342,-0.11110934428228328
3488,1.5625,-0.1111014472408649,4.246461470370761e-9,6.516487911728803e-5,6.192787076349152e-5,0.1111014472408649,-0.11110934072887296
3489,3.90625,-0.11110394422924638,3.9251095557533255e-9,6.265069477470561e-5,5.61371872546418e-5,0.11110394422924638,-0.11110932715244703
3490,9.765625,-0.1111099769276308,3.0281905035712508e-9,5.502899693408241e-5,4.7118203957925234e-5,0.1111099769276308,-0.11110929874713664
3491,24.4140625,-0.11111492383044361,1.7601388146952386e-9,4.19540083269196e-5,4.1412748349961266e-5,0.11111492383044361,-0.11110926017621155
3492,61.03515625,-0.11110073887795559,1.1096577078961186e-9,3.33115251511563e-5,7.80564788483231e-5,0.11110073887795559,-0.11110922489792305
3493,24.4140625,-0.11111774898961652,1.3246677863779494e-9,3.639598585528285e-5,0.00033747932277241975,0.11111774898961652,-0.11110929440027217
3494,9.765625,-0.11112460566629695,1.6396723266373373e-9,4.0492867602052306e-5,0.00021123775755750061,0.11112460566629695,-0.11110930788097496
3495,3.90625,-0.11112825432792248,2.520660366820737e-9,5.020617857217115e-5,0.00015786770582985245,0.11112825432792248,-0.1111093171620156
3496,1.5625,-0.11113140576858382,3.549550886754352e-9,5.957810744522145e-5,0.00013477088482457923,0.11113140576858382,-0.11110932770613517
3497,0.625,-0.11113444165127973,4.780391496038714e-9,6.914037529576126e-5,0.00012496412354022745,0.11113444165127973,-0.11110933956280898
3498,0.25,-0.11113744865509786,6.227938559872403e-9,7.891728935963527e-5,0.00012051659377138296,0.11113744865509786,-0.11110935224758368
3499,0.1,-0.11114044945577535,7.896073901155185e-9,8.885985539688428e-5,0.00011831387679254264,0.11114044945577535,-0.11110936537435133
3500,0.1,-0.11114332793146599,9.726700757863195e-9,9.862403742426689e-5,0.00011710162007467574,0.11114332793146599,-0.11110937800954122
3501,0.25,-0.11114574133068424,1.1525797682623771e-8,0.00010735826788200232,0.0001158330810383283,0.11114574133068424,-0.11110938812261387
3502,0.625,-0.11114691717502277,1.2826005648666837e-8,0.00011325195648935535,0.00011317535210161632,0.11114691717502277,-0.11110939172065369
3503,1.5625,-0.11114494388913236,1.2557429768211243e-8,0.00011205993828398819,0.00010736321627354354,0.11114494388913236,-0.11110938097165225
3504,3.90625,-0.11113579755680376,9.25491012906601e-9,9.620244346723221e-5,9.732452641045463e-5,0.11113579755680376,-0.11110935112171094
3505,9.765625,-0.11111515047241888,4.572948294625765e-9,6.76235779490095e-5,9.388149416256096e-5,0.11111515047241888,-0.11110932038774199
3506,3.90625,-0.11110797558119566,4.148286566824458e-9,6.44071934400534e-5,9.075867955164725e-5,0.11110797558119566,-0.1111093134289658
3507,1.5625,-0.11110257558819939,4.2624755699784894e-9,6.52876371909605e-5,8.728352582365373e-5,0.11110257558819939,-0.11110931431515803
3508,0.625,-0.11109765517406593,4.692668528255907e-9,6.850305488265401e-5,8.350231407084514e-5,0.11109765517406593,-0.11110931816769463
3509,1.5625,-0.11109378754558273,5.141541672014566e-9,7.170454429124116e-5,8.083531425448884e-5,0.11109378754558273,-0.1111093157433233
3510,3.90625,-0.11109322399447355,4.91372563431814e-9,7.009797168476518e-5,7.277166477249455e-5,0.11109322399447355,-0.11110929926021419
3511,9.765625,-0.11110042552183555,3.219530164549862e-9,5.674090380448537e-5,5.744987464049069e-5,0.11110042552183555,-0.11110926865729878
3512,24.4140625,-0.11111364609127997,1.6826526580041582e-9,4.102014941469811e-5,6.537487925809075e-5,0.11111364609127997,-0.11110924069088095
3513,9.765625,-0.11110817711819111,9.765744090577855e-10,3.125019054434366e-5,0.00012151298699191323,0.11110817711819111,-0.11110925280225994
3514,3.90625,-0.11110626002394386,7.403905813675718e-10,2.72101190987392e-5,0.00013097300693872409,0.11110626002394386,-0.11110926843019041
3515,1.5625,-0.11110480701506704,7.247576459063057e-10,2.692132325697059e-5,0.00013117661358035102,0.11110480701506704,-0.11110928480105008
3516,0.625,-0.1111034736122709,9.059627637499335e-10,3.0099215334455705e-5,0.00012972916170073476,0.1111034736122709,-0.11110930114440913
3517,0.25,-0.11110217626505342,1.2777799631054262e-9,3.5746048216627054e-5,0.00012830994706207398,0.11110217626505342,-0.11110931735039037
3518,0.1,-0.11110088999438289,1.837246506787096e-9,4.286311359184136e-5,0.00012718376886883514,0.11110088999438289,-0.11110933342067669
3519,0.1,-0.11109964796199034,2.5733176391243303e-9,5.0727878322716496e-5,0.00012630124493527323,0.11109964796199034,-0.11110934916776467
3520,0.1,-0.11109845487313678,3.4778972366177067e-9,5.8973699533077514e-5,0.00012537959201913183,0.11109845487313678,-0.11110936456795983
3521,0.1,-0.1110973152401406,4.542535086414928e-9,6.739833148094193e-5,0.00012441776568396893,0.1110973152401406,-0.11110937959832336
3522,0.1,-0.1110962333688027,5.758479149235034e-9,7.588464369841261e-5,0.00012341522471698461,0.1110962333688027,-0.11110939423685331
3523,0.1,-0.11109521334557859,7.1167312373500465e-9,8.436072093901312e-5,0.0001223718685764613,0.11109521334557859,-0.11110940846263477
3524,0.1,-0.11109425902550724,8.608105143726657e-9,9.277987466970763e-5,0.00012128798103948684,0.11109425902550724,-0.11110942225596893
3525,0.1,-0.11109337402095971,1.022328628002989e-8,0.000101110267925814,0.00012016417918305247,0.11109337402095971,-0.11110943559847221
3526,0.25,-0.11109275738964139,1.1867478730298714e-8,0.00010893795817022969,0.00011900979149443019,0.11109275738964139,-0.11110944644627394
3527,0.625,-0.11109283681659264,1.3321246529330234e-8,0.00011541770457486249,0.00011670179208809996,0.11109283681659264,-0.11110945070143047
3528,1.5625,-0.11109464397762,1.4067486680317018e-8,0.00011860643608302636,0.00011150452776839434,0.11109464397762,-0.11110943856584798
3529,3.90625,-0.11110027711220988,1.3213051475441081e-8,0.00011494803815394624,0.00010010023248232401,0.11110027711220988,-0.11110939193335415
3530,9.765625,-0.11111171810045606,1.036248430670909e-8,0.0001017962882756984,8.005788196447173e-5,0.11111171810045606,-0.11110929221836457
3531,24.4140625,-0.11111706448564578,8.205205588669957e-10,2.8644730036552896e-5,5.971047897160958e-5,0.11111706448564578,-0.11110928452998438
3532,9.765625,-0.11110944730551829,6.591998144302716e-10,2.5674886843572877e-5,0.00010965605002529788,0.11110944730551829,-0.11110929930437334
3533,3.90625,-0.11110743130965073,8.684359547614251e-10,2.9469237430945258e-5,7.241886441247448e-5,0.11110743130965073,-0.11110929933690838
3534,1.5625,-0.11110586876095617,1.1573362547400449e-9,3.401964512954309e-5,5.51852548851193e-5,0.11110586876095617,-0.11110929993025564
3535,0.625,-0.1111044233490602,1.5196668416225451e-9,3.898290447904755e-5,4.7351619580974194e-5,0.1111044233490602,-0.11110930098340856
3536,1.5625,-0.11110358154017391,1.642123407691898e-9,4.052312188975447e-5,4.36988479954753e-5,0.11110358154017391,-0.11110929963989119
3537,3.90625,-0.1111043375510332,1.1308580103533004e-9,3.362823234059888e-5,3.55565688264533e-5,0.1111043375510332,-0.11110929528177235
3538,9.765625,-0.11110804573194924,3.1122081643408923e-10,1.7641451653253743e-5,2.662272032899056e-5,0.11110804573194924,-0.11110929292342919
3539,3.90625,-0.11110882021166965,2.1629898578838956e-10,1.470710664231376e-5,2.5774725763930197e-5,0.11110882021166965,-0.11110929292233054
3540,1.5625,-0.11110937060758405,1.7381157867367824e-10,1.3183761931773427e-5,2.7748359979915837e-5,0.11110937060758405,-0.11110929349195604
3541,0.625,-0.11110986082606376,1.5661229473113727e-10,1.2514483398492215e-5,2.813337760955509e-5,0.11110986082606376,-0.11110929420833096
3542,0.25,-0.11111033139724645,1.5933623682229602e-10,1.2622845828983892e-5,2.8006700746768015e-5,0.11111033139724645,-0.11110929496149444
3543,0.1,-0.11111079515594018,1.8062046753754447e-10,1.3439511432248735e-5,2.7789196367717355e-5,0.11111079515594018,-0.11110929572094506
3544,0.1,-0.11111125374773374,2.1924249134367822e-10,1.4806839343481722e-5,2.7589762597997025e-5,0.11111125374773374,-0.11110929646304674
3545,0.1,-0.11111170581193441,2.7424387314733987e-10,1.6560310176664563e-5,2.7371145129012482e-5,0.11111170581193441,-0.11110929718534297
3546,0.1,-0.11111215002412972,3.4451429645281674e-10,1.8561096316026614e-5,2.7132753717672656e-5,0.11111215002412972,-0.11110929788548703
3547,0.1,-0.11111258510058218,4.2880792817284206e-10,2.0707678000510874e-5,2.6874470803781395e-5,0.11111258510058218,-0.11110929856128497
3548,0.1,-0.11111300980242271,5.257613504327658e-10,2.2929486484279706e-5,2.659660608845234e-5,0.11111300980242271,-0.11110929921073195
3549,0.25,-0.11111339588693216,6.247811528589601e-10,2.4995622673959537e-5,2.630098672934032e-5,0.11111339588693216,-0.11110929972329509
3550,0.625,-0.11111367499527669,6.988998453299167e-10,2.6436713966185674e-5,2.5661067818830904e-5,0.11111367499527669,-0.11110929987818029
3551,1.5625,-0.11111367416605644,6.845022555307356e-10,2.61629940093013e-5,2.4215676592965056e-5,0.11111367416605644,-0.11110929924366766
3552,3.90625,-0.11111302929572577,4.92351780081312e-10,2.2189001331319804e-5,2.167588718664409e-5,0.11111302929572577,-0.11110929761094822
3553,9.765625,-0.1111113941409442,2.1993250001844368e-10,1.4830121375715158e-5,2.1150329695402804e-5,0.1111113941409442,-0.11110929624703957
3554,3.90625,-0.11111100758999475,1.835047575763599e-10,1.3546392788353655e-5,2.298834856012112e-5,0.11111100758999475,-0.11110929615877276
3555,1.5625,-0.11111072809500043,1.7449601355453918e-10,1.3209693923575185e-5,2.3557552364845068e-5,0.11111072809500043,-0.11110929646099217
3556,0.625,-0.11111047616920008,1.8140078473258682e-10,1.3468510858019412e-5,2.3373133794262614e-5,0.11111047616920008,-0.11110929689442568
3557,0.25,-0.1111102329527393,2.0211625880629236e-10,1.4216759785770187e-5,2.3102595572652193e-5,0.1111102329527393,-0.1111092973755469
3558,0.1,-0.11110999264585662,2.361841397824448e-10,1.5368283566568026e-5,2.2897817365170214e-5,0.11110999264585662,-0.11110929787504589
3559,0.1,-0.11110975737926089,2.82456540368791e-10,1.680644341818908e-5,2.276191233382789e-5,0.11110975737926089,-0.11110929836230905
3560,0.1,-0.11110952791611105,3.4003803704676075e-10,1.844012030998607e-5,2.2600912591520734e-5,0.11110952791611105,-0.11110929883519093
3561,0.25,-0.11110931991566421,4.031553105600939e-10,2.0078727812291642e-5,2.2416235149173066e-5,0.11110931991566421,-0.11110929922202455
3562,0.625,-0.11110917202763888,4.5601726795469304e-10,2.135456082326895e-5,2.1963040635663325e-5,0.11110917202763888,-0.11110929937565481
3563,1.5625,-0.11110918223125159,4.5900523904635117e-10,2.1424407554150737e-5,2.0851735779104975e-5,0.11110918223125159,-0.11110929898885569
3564,3.90625,-0.11110955338548234,3.4876572238414255e-10,1.8675270343000193e-5,1.8696569590190682e-5,0.11110955338548234,-0.11110929783020189
3565,9.765625,-0.11111044166859411,1.6690725864476103e-10,1.2919259214241388e-5,1.77081375341276e-5,0.11111044166859411,-0.11110929668513611
3566,3.90625,-0.11111056402163666,1.4128892140352928e-10,1.1886501646974575e-5,1.9909762918367863e-5,0.11111056402163666,-0.11110929660819356
3567,1.5625,-0.11111062895272279,1.3587286442495837e-10,1.1656451622383134e-5,2.046904332364986e-5,0.11111062895272279,-0.11110929683109348
3568,0.625,-0.11111068038133656,1.4212145852272882e-10,1.192147048491623e-5,2.0280774455944564e-5,0.11111068038133656,-0.11110929715486292
3569,0.25,-0.11111072777105249,1.5843481127838165e-10,1.2587089070884564e-5,2.0008498773242416e-5,0.11111072777105249,-0.11110929751498813
3570,0.1,-0.1111107738697627,1.8443423142325614e-10,1.3580656516651033e-5,1.9795358901548186e-5,0.1111107738697627,-0.11110929788849012
3571,0.1,-0.11111081663699203,2.1943379017668517e-10,1.4813297748195206e-5,1.9644189743974097e-5,0.11111081663699203,-0.11110929825145575
3572,0.1,-0.11111085566531102,2.628204201498639e-10,1.6211737110805368e-5,1.9472779061490357e-5,0.11111085566531102,-0.11110929860236163
3573,0.25,-0.11111088070050093,3.110938384855197e-10,1.7637852434055564e-5,1.9282389052217508e-5,0.11111088070050093,-0.11110929888617596
3574,0.625,-0.11111086744278528,3.544523595533957e-10,1.882690520381392e-5,1.8859724687858554e-5,0.11111086744278528,-0.11110929898820049
3575,1.5625,-0.11111075557048394,3.676296685494548e-10,1.9173671232955226e-5,1.784586853821911e-5,0.11111075557048394,-0.11110929865149306
3576,3.90625,-0.11111042464752094,3.0693080279570735e-10,1.7519440710128486e-5,1.5732959187418435e-5,0.11111042464752094,-0.1111092975667311
3577,9.765625,-0.11110980710330104,1.8418166297461632e-10,1.3571354500366436e-5,1.3794612232911382e-5,0.11110980710330104,-0.11110929599026304
3578,24.4140625,-0.11110974763285902,1.294876946722931e-10,1.1379265998837232e-5,1.5183652783484884e-5,0.11110974763285902,-0.11110929341486284
3579,9.765625,-0.11111007886253732,9.292686342538858e-11,9.63985806043785e-6,2.0117631054884936e-5,0.11111007886253732,-0.11110929313842284
3580,3.90625,-0.11111021148678904,7.372507311895514e-11,8.586330596882183e-6,2.3679771548274476e-5,0.11111021148678904,-0.11110929348669081
3581,1.5625,-0.11111032359522989,6.022502878598703e-11,7.760478644129306e-6,2.473086086628482e-5,0.11111032359522989,-0.11110929402985588
3582,0.625,-0.11111043028633394,5.131384840063203e-11,7.163368509341958e-6,2.4985290639764055e-5,0.11111043028633394,-0.11110929463119931
3583,0.25,-0.11111053527070164,4.672025431844276e-11,6.8352215998051416e-6,2.5000346959264e-5,0.11111053527070164,-0.11110929524852367
3584,0.1,-0.11111063969608369,4.635766485272191e-11,6.808646330418545e-6,2.4951680172670366e-5,0.11111063969608369,-0.11110929586893728
3585,0.1,-0.11111074264821526,5.003360885376896e-11,7.073443917482414e-6,2.4891389849661992e-5,0.11111074264821526,-0.1111092964854393
3586,0.1,-0.11111084394474774,5.7612905844461946e-11,7.590316583941802e-6,2.4825910959726425e-5,0.11111084394474774,-0.11110929709741146
3587,0.1,-0.11111094341034335,6.894933584724648e-11,8.303573679280897e-6,2.4755177461049645e-5,0.11111094341034335,-0.11110929770424997
3588,0.1,-0.11111104087719144,8.388696384362295e-11,9.158982686064155e-6,2.4679179093741124e-5,0.11111104087719144,-0.11110929830536762
3589,0.1,-0.11111113618549075,1.0226154988694635e-10,1.0112445297105263e-5,2.4597954334897547e-5,0.11111113618549075,-0.11110929890019773
3590,0.1,-0.11111122918390538,1.2390202281600602e-10,1.1131128550870573e-5,2.4511583967177043e-5,0.11111122918390538,-0.11110929948819721
3591,0.1,-0.11111131972997379,1.4863199572196634e-10,1.2191472254078519e-5,2.4420185172552706e-5,0.11111131972997379,-0.11110930006884916
3592,0.1,-0.11111140769048851,1.7627130168791896e-10,1.327672029109294e-5,2.432390607891202e-5,0.11111140769048851,-0.11110930064166424
3593,0.1,-0.11111149294183538,2.0663752894600218e-10,1.4374892310761921e-5,2.4222920701367867e-5,0.11111149294183538,-0.11110930120618281
3594,0.1,-0.11111157537029308,2.395475353685544e-10,1.5477323262391157e-5,2.4117424232039475e-5,0.11111157537029308,-0.11110930176197514
3595,0.1,-0.11111165487229391,2.7481892318533986e-10,1.6577663381349613e-5,2.4007628643131605e-5,0.11111165487229391,-0.11110930230864259
3596,0.1,-0.11111173135464351,3.1227145599648403e-10,1.7671204146760458e-5,2.3893758576782267e-5,0.11111173135464351,-0.11110930284581763
3597,0.1,-0.11111180473470018,3.517284014693293e-10,1.8754423517381955e-5,2.377604750317029e-5,0.11111180473470018,-0.11110930337316431
3598,0.1,-0.11111187494051107,3.930177846171669e-10,1.9824676154156135e-5,2.365473413472779e-5,0.11111187494051107,-0.11110930389037632
3599,0.25,-0.11111193269521434,4.3272070064997014e-10,2.080193982901523e-5,2.3530527826887175e-5,0.11111193269521434,-0.11110930432605794
3600,0.625,-0.11111195912205588,4.636029593142467e-10,2.1531441180614147e-5,2.3262228509787378e-5,0.11111195912205588,-0.11110930455119133
3601,1.5625,-0.11111191009675743,4.697324450374186e-10,2.1673311815166102e-5,2.266135976644147e-5,0.11111191009675743,-0.11110930427074331
3602,3.90625,-0.11111169941950116,4.270830251960151e-10,2.0665987157549845e-5,2.14718866851513e-5,0.11111169941950116,-0.11110930296487848
3603,9.765625,-0.11111125148089168,3.3664719347573214e-10,1.8347947936369674e-5,1.9925499968708442e-5,0.11111125148089168,-0.11110930004306643
3604,24.4140625,-0.111110890725848,2.2259220032120667e-10,1.4919524131861802e-5,1.8790334275032735e-5,0.111110890725848,-0.11110929521154655
3605,9.765625,-0.11111072587064741,1.6386600387534623e-10,1.2801015736079157e-5,2.5338750835500054e-5,0.11111072587064741,-0.11110929459366302
3606,3.90625,-0.1111105447451099,1.2985606052063064e-10,1.1395440339040464e-5,3.0069088952086385e-5,0.1111105447451099,-0.11110929512627428
3607,1.5625,-0.11111037239389972,1.0931445985037059e-10,1.0455355558295021e-5,3.135011457973861e-5,0.11111037239389972,-0.1111092959835754
3608,0.625,-0.11111020342506907,9.988655028111138e-11,9.99432590428746e-6,3.153461327396233e-5,0.11111020342506907,-0.11110929693161052
3609,0.25,-0.11111003568346828,1.0084469812174418e-10,1.0042146091436042e-5,3.1426595361403644e-5,0.11111003568346828,-0.1111092979018249
3610,0.1,-0.11110986838193238,1.1189865732812689e-10,1.057821616947427e-5,3.126439057098819e-5,0.11110986838193238,-0.11110929887390965
3611,0.1,-0.1111097016370338,1.327655049220513e-10,1.1522391458462575e-5,3.1108037695095507e-5,0.1111097016370338,-0.11110929983281286
3612,0.1,-0.11110953556011595,1.6321266475383904e-10,1.2775471214551698e-5,3.094210969791808e-5,0.11110953556011595,-0.11110930077708418
3613,0.1,-0.111109370262836,2.0299211631672947e-10,1.4247530183043287e-5,3.076621096720935e-5,0.111109370262836,-0.11110930170528036
3614,0.1,-0.1111092058571081,2.5184061709953513e-10,1.5869486982871725e-5,3.0580034462481095e-5,0.1111092058571081,-0.11110930261597417
3615,0.1,-0.1111090424550482,3.0948004681005445e-10,1.759204498658568e-5,3.038335065034073e-5,0.1111090424550482,-0.11110930350776271
3616,0.1,-0.11110888016889849,3.756178588230425e-10,1.9380863211504345e-5,3.0175998044898714e-5,0.11110888016889849,-0.11110930437927348
3617,0.1,-0.11110871911095506,4.499476256532009e-10,2.1211968924482257e-5,2.9957875122215587e-5,0.11110871911095506,-0.11110930522917105
3618,0.1,-0.11110855939348463,5.32149666510437e-10,2.3068369394268788e-5,2.9728933410201295e-5,0.11110855939348463,-0.11110930605616269
3619,0.1,-0.11110840112863525,6.218917460730765e-10,2.4937757438732868e-5,2.9489171584351333e-5,0.11110840112863525,-0.11110930685900385
3620,0.25,-0.11110824843709464,7.161883903993923e-10,2.6761696328883795e-5,2.924002129123717e-5,0.11110824843709464,-0.11110930751521521
3621,0.625,-0.11110811077721572,8.077241549536817e-10,2.842048829548292e-5,2.8723776248809276e-5,0.11110811077721572,-0.11110930777645794
3622,1.5625,-0.11110801330995156,8.770679492441163e-10,2.9615333009171386e-5,2.7505788002953947e-5,0.11110801330995156,-0.11110930700841616
3623,3.90625,-0.11110802163627409,8.773741016004926e-10,2.9620501373212652e-5,2.4570342291066805e-5,0.11110802163627409,-0.1111093038429842
3624,9.765625,-0.11110829661078538,7.217017947496213e-10,2.686450808687219e-5,1.841119203763128e-5,0.11110829661078538,-0.11110929668030263
3625,24.4140625,-0.1111091393590607,3.5524121893687394e-10,1.8847843880318883e-5,1.700483273238358e-5,0.1111091393590607,-0.11110928920018082
3626,61.03515625,-0.1111103450752809,5.446984450540282e-11,7.3803688597117435e-6,4.1649477001897895e-5,0.1111103450752809,-0.1111092941385098
3627,24.4140625,-0.11111047551932193,4.8022267968370995e-11,6.929810096126083e-6,5.5644445896277906e-5,0.11111047551932193,-0.11110929712211053
3628,9.765625,-0.11111082497534779,3.6511344824502866e-11,6.0424618182081104e-6,5.102033313647301e-5,0.11111082497534779,-0.11110929938973942
3629,3.90625,-0.11111102259948107,5.7087392341925886e-11,7.555619917778149e-6,4.89378013716643e-5,0.11111102259948107,-0.11110930151796339
3630,1.5625,-0.1111112040774018,9.513820099576049e-11,9.753881329796897e-6,4.736757635860899e-5,0.1111112040774018,-0.11110930357920053
3631,0.625,-0.11111138152177534,1.4935192658717746e-10,1.2220962588404298e-5,4.635815055045687e-5,0.11111138152177534,-0.11110930561970202
3632,0.25,-0.11111155777780639,2.193700331384489e-10,1.4811145571442098e-5,4.5736143923678385e-5,0.11111155777780639,-0.1111093076542112
3633,0.1,-0.11111173367501898,3.049842580279341e-10,1.7463798499408256e-5,4.533931187923101e-5,0.11111173367501898,-0.1111093096839146
3634,0.1,-0.11111190751891543,4.0553638859604235e-10,2.013793406971138e-5,4.506440110945429e-5,0.11111190751891543,-0.11110931167641479
3635,0.1,-0.1111120791150109,5.205624771630828e-10,2.2815838296303794e-5,4.4781650499861195e-5,0.1111120791150109,-0.11110931362982901
3636,0.1,-0.11111224827502342,6.495827273615907e-10,2.5486912864479892e-5,4.4490438110688986e-5,0.11111224827502342,-0.11110931554227202
3637,0.1,-0.11111241481733163,7.921013401011646e-10,2.8144294983196232e-5,4.419026699705627e-5,0.11111241481733163,-0.11110931741187206
3638,0.1,-0.11111257856740915,9.47606651075702e-10,3.078322028436437e-5,4.3880750224419934e-5,0.11111257856740915,-0.11110931923678613
3639,0.1,-0.11111273935823109,1.1155715274438958e-9,3.340017256607959e-5,4.356159791197027e-5,0.11111273935823109,-0.11110932101521169
3640,0.1,-0.11111289703065365,1.295453993625079e-9,3.599241577923159e-5,4.3232606018811375e-5,0.11111289703065365,-0.11110932274539748
3641,0.25,-0.11111304265503999,1.482045778583459e-9,3.849734768245027e-5,4.289595809633238e-5,0.11111304265503999,-0.11110932417580356
3642,0.625,-0.11111315695727071,1.6627787431874186e-9,4.077718410076177e-5,4.220879070347299e-5,0.11111315695727071,-0.11110932480253877
3643,1.5625,-0.11111319243484097,1.8046618242384616e-9,4.248131147032141e-5,4.0606775508344144e-5,0.11111319243484097,-0.11110932333087752
3644,3.90625,-0.11111304499194684,1.8293981475990412e-9,4.277146417413181e-5,3.6758109683390005e-5,0.11111304499194684,-0.11110931685864983
3645,9.765625,-0.11111255869729852,1.5904570166399662e-9,3.988053430735308e-5,2.835446424590416e-5,0.11111255869729852,-0.11110930110904851
3646,24.4140625,-0.11111179693689471,9.378571440461668e-10,3.0624453367303826e-5,2.1581506040187105e-5,0.11111179693689471,-0.11110927964968688
3647,61.03515625,-0.11111078409633499,2.1639158114162774e-10,1.471025428541695e-5,5.471270553030744e-5,0.11111078409633499,-0.11110928220504286
3648,24.4140625,-0.11110881320325104,2.420296302866167e-10,1.5557301510436078e-5,9.697044126353903e-5,0.11110881320325104,-0.11110929006958545
3649,9.765625,-0.11110985113175775,1.1965549807984744e-10,1.0938715558960633e-5,8.82665823764054e-5,0.11110985113175775,-0.11110929738666188
3650,3.90625,-0.11110995348004789,1.6442776942304632e-10,1.282293918815208e-5,8.561719007846457e-5,0.11110995348004789,-0.11110930401088691
3651,1.5625,-0.11110997079430303,2.6813371079341527e-10,1.637478887782726e-5,8.321522476949942e-5,0.11110997079430303,-0.11110931043205281
3652,0.625,-0.11110996734230422,4.247654516859763e-10,2.060983871081907e-5,8.157068048917149e-5,0.11110996734230422,-0.11110931677812694
3653,0.25,-0.111109957565507,6.329785127294295e-10,2.515906422602855e-5,8.052740515144105e-5,0.111109957565507,-0.11110932309751831
3654,0.1,-0.11110994573054793,8.920821668939628e-10,2.9867744590008178e-5,7.985059066196539e-5,0.11110994573054793,-0.11110932939799711
3655,0.1,-0.11110992870917841,1.1997081203561824e-9,3.463680297539284e-5,7.93761630781541e-5,0.11110992870917841,-0.11110933558532698
3656,0.1,-0.11110990586821785,1.5541497271468523e-9,3.942270573092177e-5,7.888304947142679e-5,0.11110990586821785,-0.11110934165261876
3657,0.1,-0.1111098766052619,1.9536351497686355e-9,4.419994513309531e-5,7.837090245590773e-5,0.1111098766052619,-0.11110934759315287
3658,0.1,-0.11110984035108655,2.396334804363766e-9,4.8952372816481186e-5,7.783952208568188e-5,0.11110984035108655,-0.11110935340041166
3659,0.1,-0.11110979657190499,2.88036930051198e-9,5.366907210407108e-5,7.728883723365593e-5,0.11110979657190499,-0.11110935906811013
3660,0.1,-0.11110974477147317,3.4038177237868077e-9,5.8342246475318445e-5,7.671888896999615e-5,0.11110974477147317,-0.11110936459022044
3661,0.1,-0.11110968449301273,3.964726115532697e-9,6.29660711457583e-5,7.612981567833144e-5,0.11110968449301273,-0.11110936996099319
3662,0.25,-0.11110959165331068,4.5440985202297516e-9,6.740992894396012e-5,7.552623780260972e-5,0.11110959165331068,-0.11110937440756997
3663,0.625,-0.11110941466846887,5.0972338584093516e-9,7.139491479376772e-5,7.430184707307636e-5,0.11110941466846887,-0.11110937638286904
3664,1.5625,-0.11110903241142489,5.512348874380761e-9,7.424519428475328e-5,7.147104046941834e-5,0.11110903241142489,-0.11110937194789026
3665,3.90625,-0.11110822324426255,5.551502190681234e-9,7.450840349035292e-5,6.475558698293223e-5,0.11110822324426255,-0.11110935239226656
3666,9.765625,-0.1111069534035412,4.846953522355984e-9,6.962006551530947e-5,5.01262113897657e-5,0.1111069534035412,-0.11110930444428314
3667,24.4140625,-0.11110726258293757,2.9393100600019527e-9,5.421540426854671e-5,3.418227398662565e-5,0.11110726258293757,-0.11110923581939167
3668,61.03515625,-0.11110764236213547,5.268861667111517e-10,2.2954001104625567e-5,9.101821910140443e-5,0.11110764236213547,-0.11110927877454942
3669,24.4140625,-0.11111392625977982,8.111124279904028e-10,2.848003560374184e-5,0.00021602136887734054,0.11111392625977982,-0.11110929863761727
3670,9.765625,-0.11111687398000739,5.879404435339042e-10,2.42474832412336e-5,0.00011430659736747813,0.11111687398000739,-0.11110929960202516
3671,3.90625,-0.11111835384209078,7.536303990868318e-10,2.74523295748618e-5,8.785439217932976e-5,0.11111835384209078,-0.11110930296597588
3672,1.5625,-0.11111965312622463,9.611575010685487e-10,3.100254023573792e-5,7.771933428656839e-5,0.11111965312622463,-0.11110930707683649
3673,0.625,-0.11112091099427923,1.2196151015897682e-9,3.4922988153790166e-5,7.355835637075955e-5,0.11112091099427923,-0.11110931159758097
3674,0.25,-0.1111221588883354,1.5306938381821386e-9,3.9124082585820954e-5,7.156237137898414e-5,0.1111221588883354,-0.11110931631135552
3675,0.1,-0.11112340488665183,1.8943974694741647e-9,4.352467655795003e-5,7.044416937058198e-5,0.11112340488665183,-0.11110932109870163
3676,0.1,-0.11112460297543576,2.2959389838875456e-9,4.7915957507781746e-5,6.972370309580763e-5,0.11112460297543576,-0.111109325735781
3677,0.1,-0.11112574967097621,2.73035076305623e-9,5.2252758425333204e-5,6.900862170364668e-5,0.11112574967097621,-0.1111093302221723
3678,0.1,-0.11112684167688446,3.192688278059095e-9,5.65038784337774e-5,6.829746659910991e-5,0.11112684167688446,-0.11110933455764715
3679,0.25,-0.11112772345968398,3.624190856085041e-9,6.020125294447817e-5,6.759186236138251e-5,0.11112772345968398,-0.11110933812941196
3680,0.625,-0.11112805535079512,3.89422003278352e-9,6.240368605125437e-5,6.633177505633001e-5,0.11112805535079512,-0.11110933981858476
3681,1.5625,-0.11112700918749062,3.726761148598495e-9,6.10472042652118e-5,6.387376263492028e-5,0.11112700918749062,-0.1111093374773832
3682,3.90625,-0.11112286781864755,2.825938196361493e-9,5.3159554139980264e-5,6.011120458852379e-5,0.11112286781864755,-0.11110932945615432
3683,9.765625,-0.1111138322176384,1.806241616188001e-9,4.2499901366803205e-5,5.8648035652202556e-5,0.1111138322176384,-0.11110931646157313
3684,3.90625,-0.11111057955601963,1.756970888907016e-9,4.1916236578526656e-5,4.989415404393209e-5,0.11111057955601963,-0.11110931204041245
3685,9.765625,-0.11110822674734887,1.5786818903697534e-9,3.973263004596793e-5,4.5864507704644466e-5,0.11110822674734887,-0.1111092980870535
3686,24.4140625,-0.1111101990262151,1.0059728170324008e-9,3.171707453458469e-5,3.890288168927436e-5,0.1111101990262151,-0.11110927537729329
3687,61.03515625,-0.11110930087868075,3.938427981857443e-10,1.9845472989720965e-5,6.6786799976117e-5,0.11110930087868075,-0.11110926889108023
3688,24.4140625,-0.11111255358701956,1.0460530648827364e-9,3.234274362021157e-5,0.0001501135578571578,0.11111255358701956,-0.11110928122124065
3689,9.765625,-0.11110941612771232,1.7455926300668694e-10,1.3212087761087834e-5,0.00011985131077044936,0.11110941612771232,-0.11110929970013017
3690,3.90625,-0.11110844774750273,2.477081313968257e-10,1.573874618248943e-5,0.00011464550594311782,0.11110844774750273,-0.1111093117258748
3691,1.5625,-0.11110770207282282,4.567750730933388e-10,2.1372296860500013e-5,0.00011052951744641316,0.11110770207282282,-0.11110932302977325
3692,0.625,-0.1111070110891813,7.771560370931397e-10,2.7877518488795586e-5,0.00010787752774544568,0.1111070110891813,-0.11110933408253691
3693,0.25,-0.11110633642769215,1.205928225522708e-9,3.4726477297916474e-5,0.00010625421653376911,0.11110633642769215,-0.11110934504817004
3694,0.1,-0.11110566681027577,1.7424787194388186e-9,4.174300803055307e-5,0.00010523053595006724,0.11110566681027577,-0.11110935596744742
3695,0.1,-0.11110501574342678,2.377835211803325e-9,4.8763051707243725e-5,0.00010453309231374893,0.11110501574342678,-0.11110936666209607
3696,0.1,-0.11110438523870465,3.1062499092823037e-9,5.5733741210170914e-5,0.00010380887792745395,0.11110438523870465,-0.11110937711916317
3697,0.1,-0.11110377722062854,3.921654753982691e-9,6.262311676994919e-5,0.00010305752565324535,0.11110377722062854,-0.1111093873263286
3698,0.1,-0.11110319352050646,4.81772958483674e-9,6.940986662454221e-5,0.00010227912918717898,0.11110319352050646,-0.11110939727203041
3699,0.1,-0.11110263587061903,5.787972609087917e-9,7.607872638975969e-5,0.00010147418104532718,0.11110263587061903,-0.11110940694556985
3700,0.1,-0.11110210589881152,6.825771978220243e-9,8.261823030191485e-5,0.00010064351482887249,0.11110210589881152,-0.1111094163371903
3701,0.25,-0.11110168266230151,7.85843338160604e-9,8.864780528363937e-5,9.979237222321541e-5,0.11110168266230151,-0.11110942410175324
3702,0.625,-0.11110153792533146,8.719642766058935e-9,9.337902744224173e-5,9.806855175215567e-5,0.11110153792533146,-0.1111094276099267
3703,1.5625,-0.11110208656828419,9.040523648575857e-9,9.508166830980542e-5,9.424132299029383e-5,0.11110208656828419,-0.11110942078431087
3704,3.90625,-0.11110416429261577,8.32500219128205e-9,9.124144996262417e-5,8.629473735942002e-5,0.11110416429261577,-0.11110939285896823
3705,9.765625,-0.11110848979185244,6.898656345125452e-9,8.305815038348406e-5,7.307854521087e-5,0.11110848979185244,-0.11110932804981026
3706,24.4140625,-0.11111098343473348,4.851701725142367e-9,6.965415798889803e-5,4.479748811084939e-5,0.11111098343473348,-0.1111092094867597
3707,61.03515625,-0.1111115646711841,3.7767982262900514e-10,1.943398627736999e-5,8.649539620711402e-5,0.1111115646711841,-0.11110929521558743
3708,24.4140625,-0.11111002739407891,4.0900435701599073e-10,2.0223856136157386e-5,0.0001190287619285187,0.11111002739407891,-0.11110929733420345
3709,9.765625,-0.11110918718957966,2.830379169722871e-10,1.682373076853904e-5,7.091721583207224e-5,0.11110918718957966,-0.11110929831532367
3710,3.90625,-0.11110876628630696,2.950984366082711e-10,1.7178429398762597e-5,6.09925420528821e-5,0.11110876628630696,-0.11110930071592062
3711,1.5625,-0.11110838630628886,3.3486311582418957e-10,1.829926544493493e-5,5.689924161592261e-5,0.11110838630628886,-0.11110930342775185
3712,0.625,-0.11110801570596271,4.010429798516883e-10,2.002605752143163e-5,5.465663481423113e-5,0.11110801570596271,-0.11110930620594363
3713,0.25,-0.11110764728616691,4.9229683446141e-10,2.2187763169400606e-5,5.314929095961592e-5,0.11110764728616691,-0.11110930896236172
3714,0.1,-0.11110727919620082,6.074825100164303e-10,2.4647160283010907e-5,5.2014148651675815e-5,0.11110727919620082,-0.11110931166439661
3715,0.1,-0.11110692274020371,7.418944035085836e-10,2.7237738590209423e-5,5.109646825484297e-5,0.11110692274020371,-0.11110931424885427
3716,0.1,-0.11110657877104134,8.93534653952938e-10,2.9892050012552467e-5,5.022974201094955e-5,0.11110657877104134,-0.11110931672199832
3717,0.1,-0.11110624809414653,1.0604936761964231e-9,3.256522188157825e-5,4.940693191555706e-5,0.11110624809414653,-0.11110931908917471
3718,0.1,-0.11110593146535234,1.2409500790350635e-9,3.5227121356066885e-5,4.862200566896756e-5,0.11110593146535234,-0.11110932135497932
3719,0.1,-0.11110562958889014,1.4331723535732708e-9,3.7857262890669615e-5,4.786982491777738e-5,0.11110562958889014,-0.11110932352340083
3720,0.1,-0.11110534311556418,1.6355217981615852e-9,4.0441585010501076e-5,4.714603961565684e-5,0.11110534311556418,-0.11110932559793739
3721,0.25,-0.11110511658232482,1.8275721415460437e-9,4.2750112766471666e-5,4.645180438585072e-5,0.11110511658232482,-0.11110932727744002
3722,0.625,-0.11110504392962078,1.9663682001482117e-9,4.4343750406886104e-5,4.543912949510577e-5,0.11110504392962078,-0.11110932800854786
3723,1.5625,-0.11110534943105002,1.963225245013278e-9,4.430829769933932e-5,4.366821199830324e-5,0.11110534943105002,-0.11110932658346236
3724,3.90625,-0.11110648320522559,1.7205372526864774e-9,4.147935935723306e-5,4.0670187779659134e-5,0.11110648320522559,-0.11110932110677799
3725,9.765625,-0.11110885765947777,1.3807647857306493e-9,3.7158643486148e-5,3.690999333275292e-5,0.11110885765947777,-0.11110930881223331
3726,24.4140625,-0.11111047358370855,9.687014964549176e-10,3.112396980551995e-5,2.7083043012831037e-5,0.11111047358370855,-0.11110928553698932
3727,61.03515625,-0.11110717229299272,6.808203609419484e-10,2.6092534582557295e-5,3.980569289399453e-5,0.11110717229299272,-0.11110925421626681
3728,24.4140625,-0.11111296015910245,9.112606126992101e-10,3.01870934788232e-5,0.00025560873604859674,0.11111296015910245,-0.11110929073855359
3729,9.765625,-0.11111507954145947,7.639641256686603e-10,2.7639900970673906e-5,0.00015098969437298457,0.11111507954145947,-0.11110929761306293
3730,3.90625,-0.11111623578396902,1.0037022789097476e-9,3.16812606900317e-5,0.00011958133280179718,0.11111623578396902,-0.11110930580647564
3731,1.5625,-0.11111727279365916,1.3215443190238485e-9,3.635305102771772e-5,0.00010791125437097545,0.11111727279365916,-0.11110931473413799
3732,0.625,-0.11111828362325821,1.731399220463037e-9,4.161008556183269e-5,0.00010311387727977132,0.11111828362325821,-0.11110932409524409
3733,0.25,-0.11111928864598661,2.235545323677936e-9,4.728155373586972e-5,0.00010075505071769935,0.11111928864598661,-0.11110933366001378
3734,0.1,-0.1111202928009049,2.833695773470372e-9,5.3232469165635854e-5,9.938412671440534e-5,0.1111202928009049,-0.1111093432889419
3735,0.1,-0.11112125854395176,3.5018559942242657e-9,5.917648176619041e-5,9.846303512296483e-5,0.11112125854395176,-0.11110935265410386
3736,0.1,-0.11112218324514005,4.231967222821813e-9,6.505357194514236e-5,9.753876124137239e-5,0.11112218324514005,-0.11110936175190463
3737,0.1,-0.11112306443203306,5.01601092619903e-9,7.082380197503542e-5,9.661073996754898e-5,0.11112306443203306,-0.11110937057936891
3738,0.1,-0.11112389979706715,5.8460952125176485e-9,7.645976204852882e-5,9.567899777312207e-5,0.11112389979706715,-0.1111093791342503
3739,0.1,-0.11112468720422534,6.7145392305845495e-9,8.194229207548779e-5,9.474404905074793e-5,0.11112468720422534,-0.11110938741510602
3740,0.25,-0.11112528930588947,7.50862314943702e-9,8.665231185281222e-5,9.381093587874329e-5,0.11112528930588947,-0.11110939416606043
3741,0.625,-0.11112541505034464,7.987819832965234e-9,8.93746039597672e-5,9.213764615892349e-5,0.11112541505034464,-0.11110939715207988
3742,1.5625,-0.11112436977319937,7.658664503025562e-9,8.751379607253683e-5,8.889858858507918e-5,0.11112436977319937,-0.11110939199891855
3743,3.90625,-0.11112076919191136,6.032908121510745e-9,7.767179746542979e-5,8.391545138911123e-5,0.11112076919191136,-0.1111093743681417
3744,9.765625,-0.11111342477862199,4.302459050026312e-9,6.559313264379367e-5,8.089279960255285e-5,0.11111342477862199,-0.11110934056607517
3745,24.4140625,-0.11110887013994036,3.2974020093250097e-9,5.742300940672659e-5,6.168130725610688e-5,0.11110887013994036,-0.11110926070002018
3746,61.03515625,-0.11111916686334053,3.339230635214896e-9,5.778607648227119e-5,5.743959986293816e-5,0.11111916686334053,-0.11110908335785792
3747,152.587890625,-0.11111078049790721,6.314843405907102e-10,2.5129352172125534e-5,0.000591319054399447,0.11111078049790721,-0.11110916769596324
3748,61.03515625,-0.11110739712993399,2.2738562553162587e-9,4.768496886143744e-5,0.0004876595476088626,0.11110739712993399,-0.11110945449313768
3749,24.4140625,-0.11109792212675136,3.450671900135796e-9,5.8742419937688946e-5,0.0002844288329759698,0.11109792212675136,-0.11110940761845614
3750,9.765625,-0.11110165419470293,3.1212589073094775e-9,5.586822806667021e-5,0.00013650522654460473,0.11110165419470293,-0.11110938247463256
3751,3.90625,-0.11110233454864159,3.392899980346564e-9,5.824860496481065e-5,9.694957628259484e-5,0.11110233454864159,-0.11110937604383997
3752,1.5625,-0.11110263211754864,3.746826099294812e-9,6.121132329311965e-5,8.346443479645727e-5,0.11110263211754864,-0.11110937642069925
3753,0.625,-0.11110282079374133,4.147843830668553e-9,6.440375633973963e-5,7.829102261921149e-5,0.11110282079374133,-0.11110937971963399
3754,1.5625,-0.11110350859670998,4.43116979214766e-9,6.656703232192088e-5,7.603626085873159e-5,0.11110350859670998,-0.11110937791178427
3755,3.90625,-0.1111052410700142,4.439360670601754e-9,6.662852745334954e-5,7.11097881655238e-5,0.1111052410700142,-0.11110936413041476
3756,9.765625,-0.11110846535317774,4.099224717388622e-9,6.402518814801423e-5,6.081300877341512e-5,0.11110846535317774,-0.11110932526042659
3757,24.4140625,-0.11111076203756222,3.0897804191266568e-9,5.5585793321015546e-5,4.092377440647232e-5,0.11111076203756222,-0.11110924953307723
3758,61.03515625,-0.11111097838043486,6.324320931711066e-10,2.5148202583308148e-5,6.323011041941394e-5,0.11111097838043486,-0.11110928280681011
3759,24.4140625,-0.11111134303002045,1.1954754814935455e-9,3.457564867784183e-5,0.0002207942423541021,0.11111134303002045,-0.11110929680080278
3760,9.765625,-0.11111118253837471,3.6811827781684553e-10,1.9186408674289348e-5,7.145851851288257e-5,0.11111118253837471,-0.11110929211009184
3761,3.90625,-0.1111110100786854,3.6558562742429544e-10,1.912029360193759e-5,5.784811403334079e-5,0.1111110100786854,-0.11110929370129406
3762,1.5625,-0.11111082170407358,3.9033527276126965e-10,1.9756904432660236e-5,5.324798137334094e-5,0.11111082170407358,-0.11110929586304148
3763,0.625,-0.11111063077388912,4.440072787303775e-10,2.1071480221626044e-5,5.128241332376764e-5,0.11111063077388912,-0.11110929821639287
3764,0.25,-0.11111043945714522,5.262970097508421e-10,2.294116408883477e-5,5.015261425065941e-5,0.11111043945714522,-0.11110930062032347
3765,0.1,-0.11111024813849478,6.367030223886305e-10,2.5232974901676387e-5,4.937247130044801e-5,0.11111024813849478,-0.11110930302128244
3766,0.1,-0.11111005274390291,7.684054238522955e-10,2.7720126692572952e-5,4.877354717285478e-5,0.11111005274390291,-0.11110930534454964
3767,0.1,-0.1111098530233323,9.190089723942716e-10,3.0315160768075627e-5,4.81862894391245e-5,0.1111098530233323,-0.11110930759071254
3768,0.1,-0.11110964874553508,1.0861708335950493e-9,3.2957105965103326e-5,4.760860265413745e-5,0.11110964874553508,-0.11110930976029741
3769,0.1,-0.1111094396991218,1.2676260553108206e-9,3.5603736535802256e-5,4.703891977729071e-5,0.1111094396991218,-0.11110931185382654
3770,0.1,-0.11110922569354376,1.461211532283251e-9,3.822579668605026e-5,4.647611492722338e-5,0.11110922569354376,-0.11110931387185857
3771,0.25,-0.1111089925731928,1.6363958735418756e-9,4.045239020801955e-5,4.5921853259056844e-5,0.1111089925731928,-0.11110931554072853
3772,0.625,-0.11110871075738099,1.7298080443142833e-9,4.159096108909102e-5,4.5028454774402344e-5,0.11110871075738099,-0.11110931637799323
3773,1.5625,-0.11110831112730424,1.6201692944590361e-9,4.0251326617380404e-5,4.341740361712424e-5,0.11110831112730424,-0.11110931549510482
3774,3.90625,-0.11110766556533158,1.2237222351915441e-9,3.498174145452945e-5,4.10398851113287e-5,0.11110766556533158,-0.11110931218005711
3775,9.765625,-0.11110673995051203,8.350570125861239e-10,2.8897353037711323e-5,3.900869083908959e-5,0.11110673995051203,-0.11110930583183483
3776,3.90625,-0.11110644876216703,7.465965754039903e-10,2.7323919473677094e-5,3.1975669274732305e-5,0.11110644876216703,-0.11110930399874545
3777,9.765625,-0.1111065916173478,5.820596139279919e-10,2.4125911670401017e-5,3.1645844436430854e-5,0.1111065916173478,-0.11110929951966773
3778,3.90625,-0.11110687424724394,5.069083612772163e-10,2.251462549715665e-5,3.3817553680322414e-5,0.11110687424724394,-0.11110929887500649
3779,1.5625,-0.11110716231837801,4.649811672177431e-10,2.156342197374394e-5,3.5108978356085406e-5,0.11110716231837801,-0.11110929945497272
3780,0.625,-0.11110744814253937,4.4775993049826787e-10,2.1160338619650393e-5,3.525167201994288e-5,0.11110744814253937,-0.11110930044461605
3781,0.25,-0.11110773233829117,4.5261554943135103e-10,2.127476320505944e-5,3.5034852554375686e-5,0.11110773233829117,-0.11110930157149239
3782,0.1,-0.11110801568240425,4.785081650117394e-10,2.1874829485318036e-5,3.476494922055374e-5,0.11110801568240425,-0.11110930274129267
3783,0.1,-0.11110830424971689,5.237413863217278e-10,2.288539679187861e-5,3.452226438037782e-5,0.11110830424971689,-0.11110930388678755
3784,0.1,-0.11110859826911083,5.873895458921454e-10,2.423612068570681e-5,3.426697002370516e-5,0.11110859826911083,-0.11110930500557781
3785,0.1,-0.11110889795014667,6.684905891760861e-10,2.5855184957297947e-5,3.39981694047682e-5,0.11110889795014667,-0.11110930609531035
3786,0.1,-0.11110920348198054,7.660495984666323e-10,2.7677601024413807e-5,3.371522342098928e-5,0.11110920348198054,-0.11110930715370182
3787,0.25,-0.11110953192809674,8.728396670198027e-10,2.954386005619108e-5,3.342001450197533e-5,0.11110953192809674,-0.11110930803214909
3788,0.625,-0.11110991868497434,9.712028319138742e-10,3.116412732476034e-5,3.284379391198263e-5,0.11110991868497434,-0.11110930843498407
3789,1.5625,-0.11111044766107522,1.0168400674482277e-9,3.188792980813003e-5,3.152881964755133e-5,0.11111044766107522,-0.111109307658788
3790,3.90625,-0.11111128504567036,9.229144539844805e-10,3.037950713860382e-5,2.8638050789493483e-5,0.11111128504567036,-0.11110930452390794
3791,9.765625,-0.11111255858579086,6.262714505891005e-10,2.5025416092227126e-5,2.4402348047808403e-5,0.11111255858579086,-0.11110929883438926
3792,24.4140625,-0.111113205754976,2.892420708673655e-10,1.7007118241117908e-5,2.5773045671848297e-5,0.111113205754976,-0.11110929382719612
3793,9.765625,-0.11111235180848952,1.752361209742591e-10,1.3237678080927149e-5,3.86426453139789e-5,0.11111235180848952,-0.11110929437905791
3794,3.90625,-0.1111118045988465,1.1781512932946313e-10,1.085426779333655e-5,4.444531568987909e-5,0.1111118045988465,-0.11110929615544003
3795,1.5625,-0.111111325490371,8.99722958294847e-11,9.485372730129518e-6,4.5628602944268654e-5,0.111111325490371,-0.11110929817891944
3796,0.625,-0.11111086763344485,8.645070169505625e-11,9.297886947853058e-6,4.553369319768554e-5,0.11111086763344485,-0.11110930022901204
3797,0.25,-0.11111041705195837,1.0566215438151306e-10,1.0279209813089382e-5,4.516926048010495e-5,0.11111041705195837,-0.11110930226123479
3798,0.1,-0.11110996901809041,1.4690537106010768e-10,1.2120452593039077e-5,4.479756638455723e-5,0.11110996901809041,-0.11110930426952978
3799,0.1,-0.11110952336746342,2.092592705870881e-10,1.446579657630675e-5,4.4467973088020494e-5,0.11110952336746342,-0.1111093062388671
3800,0.1,-0.11110908066463977,2.919205709821518e-10,1.7085683216721296e-5,4.412828547095088e-5,0.11110908066463977,-0.11110930816670819
3801,0.1,-0.11110864146623528,3.9405467747351704e-10,1.9850810499158895e-5,4.377784276358329e-5,0.11110864146623528,-0.11110931005055324
3802,0.1,-0.1111082063199138,5.147973120377993e-10,2.2689145246963344e-5,4.341614544463864e-5,0.1111082063199138,-0.1111093118879615
3803,0.1,-0.11110777576340636,6.532564942768546e-10,2.5558882883977042e-5,4.304283754788551e-5,0.11110777576340636,-0.11110931367657013
3804,0.1,-0.1111073503235561,8.085148286710551e-10,2.843439516977731e-5,4.2657691147504986e-5,0.1111073503235561,-0.11110931541411057
3805,0.1,-0.11110693051538718,9.796320556184689e-10,3.1299074357214924e-5,4.2260592746644694e-5,0.11110693051538718,-0.11110931709842255
3806,0.1,-0.11110651684121248,1.1656478259687717e-9,3.414158499497016e-5,4.185153132407172e-5,0.11110651684121248,-0.1111093187274664
3807,0.25,-0.11110612661705896,1.3581469432551165e-9,3.6853045237200095e-5,4.143412093039416e-5,0.11110612661705896,-0.11110932006711173
3808,0.625,-0.11110579945627892,1.536858510144234e-9,3.920278702011165e-5,4.063721127439316e-5,0.11110579945627892,-0.11110932063970855
3809,1.5625,-0.11110563698486177,1.6496726518074113e-9,4.0616162445600535e-5,3.8861848140827534e-5,0.11110563698486177,-0.11110931926610827
3810,3.90625,-0.111105877732656,1.5814049480999362e-9,3.9766882554456496e-5,3.4855734488038916e-5,0.111105877732656,-0.1111093136715404
3811,9.765625,-0.11110695031988235,1.173704613900468e-9,3.425937264312451e-5,2.782715391786619e-5,0.11110695031988235,-0.11110930240085691
3812,24.4140625,-0.11110893270943234,5.257097691815557e-10,2.292836167678702e-5,2.9204176996138524e-5,0.11110893270943234,-0.11110929271993858
3813,9.765625,-0.11110927857165322,3.53280916081796e-10,1.8795768568531482e-5,4.885246672473085e-5,0.11110927857165322,-0.11110929290972342
3814,3.90625,-0.111109647114811,2.7654272448765286e-10,1.6629573791521322e-5,5.5201039511730505e-5,0.111109647114811,-0.11110929524383789
3815,1.5625,-0.11111000586339842,2.556088130688006e-10,1.5987770734808547e-5,5.6046467101919154e-5,0.11111000586339842,-0.11110929807745543
3816,0.625,-0.11111036017380851,2.818386952488531e-10,1.67880521576761e-5,5.5587300976878194e-5,0.11111036017380851,-0.11110930101561682
3817,0.25,-0.11111071280066392,3.526640494035323e-10,1.877935167686926e-5,5.4977067052677896e-5,0.11111071280066392,-0.11110930396361411
3818,0.1,-0.11111106482458927,4.669469655315341e-10,2.1608955678873844e-5,5.446103900601227e-5,0.11111106482458927,-0.11110930689815664
3819,0.1,-0.111111416089183,6.225842530396808e-10,2.495163828368151e-5,5.4050721279784935e-5,0.111111416089183,-0.11110930976687546
3820,0.1,-0.11111176643550136,8.178652278994084e-10,2.859834309709932e-5,5.3616311115105097e-5,0.11111176643550136,-0.11110931256382478
3821,0.1,-0.11111211570252195,1.0509999464209704e-9,3.241912932854568e-5,5.315744272505476e-5,0.11111211570252195,-0.11110931528325828
3822,0.1,-0.11111246372706736,1.3201239608722432e-9,3.6333510164478234e-5,5.2673935315672774e-5,0.11111246372706736,-0.11110931791965936
3823,0.1,-0.11111281034374594,1.6233036132745615e-9,4.029024215954232e-5,5.216577260033393e-5,0.11111281034374594,-0.11110932046777414
3824,0.1,-0.1111131553848934,1.958541801957895e-9,4.4255415509945165e-5,5.163308535241145e-5,0.1111131553848934,-0.1111093229226346
3825,0.25,-0.1111134943754401,2.310198899720102e-9,4.806452849784446e-5,5.108120091308459e-5,0.1111134943754401,-0.1111093248813252
3826,0.625,-0.11111381645658232,2.6395206589140203e-9,5.1376265521289306e-5,4.995594202645344e-5,0.11111381645658232,-0.1111093255051656
3827,1.5625,-0.11111409142771535,2.8442807456409053e-9,5.333179863496923e-5,4.733194795915356e-5,0.11111409142771535,-0.11110932272976909
3828,3.90625,-0.11111423413793213,2.688275072423353e-9,5.1848578306674455e-5,4.12142761853271e-5,0.11111423413793213,-0.11110931276209664
3829,9.765625,-0.11111400026118746,1.8162021200858396e-9,4.261692293075416e-5,3.0560320624633294e-5,0.11111400026118746,-0.11110929509795986
3830,24.4140625,-0.11111274157312612,4.673747674439226e-10,2.1618852130580906e-5,3.9477078339364565e-5,0.11111274157312612,-0.11110929122213062
3831,9.765625,-0.1111118808872781,2.1400825803135447e-10,1.4629021089305822e-5,7.09191861070984e-5,0.1111118808872781,-0.1111092964578752
3832,3.90625,-0.11111120881547389,1.585990660276467e-10,1.2593612112005303e-5,7.64496451665808e-5,0.11111120881547389,-0.11110930214199867
3833,1.5625,-0.11111058790602243,2.1963722254539592e-10,1.4820162703067599e-5,7.560376695557681e-5,0.11111058790602243,-0.11110930754641916
3834,0.625,-0.11110998397839798,3.8069507068245647e-10,1.9511408731366796e-5,7.396976370129901e-5,0.11110998397839798,-0.11110931275353071
3835,0.25,-0.11110938602439066,6.37260996395701e-10,2.5244028925583592e-5,7.268090697481508e-5,0.11110938602439066,-0.11110931786543851
3836,0.1,-0.11110879024280607,9.87341119688505e-10,3.1421984655468614e-5,7.179284811884838e-5,0.11110879024280607,-0.11110932292911638
3837,0.1,-0.1111081973910167,1.4264498466599548e-9,3.776837098234387e-5,7.117654055901228e-5,0.1111081973910167,-0.11110932784914078
3838,0.1,-0.111107607988781,1.9506327440678754e-9,4.4165968166314156e-5,7.051401258394895e-5,0.111107607988781,-0.11110933261176466
3839,0.1,-0.11110702255041571,2.555737021660676e-9,5.055429775657729e-5,6.98051327849322e-5,0.11110702255041571,-0.11110933720382488
3840,0.1,-0.11110644158422156,3.237424176248215e-9,5.689836707892604e-5,6.904998173768051e-5,0.11110644158422156,-0.11110934161280417
3841,0.25,-0.111105877052144,3.96860247078001e-9,6.29968449271867e-5,6.825706171771825e-5,0.111105877052144,-0.11110934512552122
3842,0.625,-0.11110535823643469,4.679086617427752e-9,6.840384943428076e-5,6.656672147158537e-5,0.11110535823643469,-0.1111093461656467
3843,1.5625,-0.11110496376809198,5.1783587209306344e-9,7.196081378730117e-5,6.246313840126518e-5,0.11110496376809198,-0.11110934075549192
3844,3.90625,-0.11110489340487074,5.009804088202808e-9,7.077996954084403e-5,5.228960440226981e-5,0.11110489340487074,-0.1111093213110791
3845,9.765625,-0.1111055891596506,3.435680139827289e-9,5.861467512344745e-5,3.0312904026086863e-5,0.1111055891596506,-0.11110928604803791
3846,24.4140625,-0.11110766015027003,7.862451462550439e-10,2.8040063235574985e-5,3.9534981144176e-5,0.11110766015027003,-0.11110927857868147
3847,9.765625,-0.11110853890645896,2.6253275797722924e-10,1.6202862647607344e-5,9.35020415525079e-5,0.11110853890645896,-0.11110928941979467
3848,3.90625,-0.11110926555714219,1.2475539065641102e-10,1.1169395268160717e-5,0.00010329916563858293,0.11110926555714219,-0.11110930061722474
3849,1.5625,-0.11110994452464433,2.0969516387121293e-10,1.4480855080802822e-5,0.00010282829014542663,0.11110994452464433,-0.11110931097778708
3850,0.625,-0.11111060720585733,4.839953570152042e-10,2.1999894477365207e-5,0.00010082437397523852,0.11111060720585733,-0.1111093208112412
3851,0.25,-0.11111126428501944,9.384246726694749e-10,3.063371790477732e-5,9.914212123906643e-5,0.11111126428501944,-0.11110933039207474
3852,0.1,-0.11111191953808079,1.5689702291506586e-9,3.961022884496703e-5,9.795626891539456e-5,0.11111191953808079,-0.11110933984868604
3853,0.1,-0.1111125723642181,2.3677000802250977e-9,4.865901848809836e-5,9.7124326303904e-5,0.1111125723642181,-0.11110934904096903
3854,0.1,-0.11111322223676545,3.327289908084001e-9,5.7682665577138516e-5,9.622993263910474e-5,0.11111322223676545,-0.11110935794321034
3855,0.1,-0.111113868629605,4.440050852270665e-9,6.663370657760729e-5,9.527263816559076e-5,0.111113868629605,-0.11110936653071372
3856,0.1,-0.11111451101782173,5.697950831101172e-9,7.548477218022965e-5,9.425230963099343e-5,0.11111451101782173,-0.11110937477992497
3857,0.25,-0.11111513770383269,7.052678100783924e-9,8.398022446257169e-5,9.318050156382331e-5,0.11111513770383269,-0.11110938141461281
3858,0.625,-0.11111571972270155,8.37824776523742e-9,9.153276880569832e-5,9.089169606745363e-5,0.11111571972270155,-0.11110938357479119
3859,1.5625,-0.11111617856446444,9.33104161338417e-9,9.659731680219782e-5,8.531591863850318e-5,0.11111617856446444,-0.11110937400153663
3860,3.90625,-0.1111163114761279,9.081709365114814e-9,9.529800294400095e-5,7.139473255431605e-5,0.1111163114761279,-0.11110933871576786
3861,9.765625,-0.11111565191975474,6.268391585739619e-9,7.91731746599795e-5,4.0382295522415215e-5,0.11111565191975474,-0.1111092738919232
3862,24.4140625,-0.11111357228485456,1.8650719062902663e-10,1.3656763548843724e-5,4.743297567293509e-5,0.11111357228485456,-0.1111093052224647
3863,9.765625,-0.11110989423452006,1.4963689218999455e-10,1.2232615917701109e-5,3.588300565781676e-5,0.11110989423452006,-0.11110930518813893
3864,3.90625,-0.11110830941027178,1.6989678110446523e-10,1.3034445945434936e-5,2.8949802430288482e-5,0.11110830941027178,-0.11110930524829275
3865,1.5625,-0.11110701112639698,2.055661991769978e-10,1.4337579962357588e-5,2.518135083144588e-5,0.11110701112639698,-0.11110930550361449
3866,0.625,-0.11110578988455735,2.548156187150741e-10,1.5962945176723313e-5,2.321993203270233e-5,0.11110578988455735,-0.11110930585834271
3867,0.25,-0.11110459249369847,3.1754475061336966e-10,1.7819785369452957e-5,2.2184021679702744e-5,0.11110459249369847,-0.11110930626142339
3868,0.625,-0.11110358476387723,3.786629747267033e-10,1.9459264496036412e-5,2.1613402014380554e-5,0.11110358476387723,-0.11110930645170902
3869,1.5625,-0.11110311049339809,4.045273192316583e-10,2.0112864520790127e-5,2.0289889646315775e-5,0.11110311049339809,-0.11110930611993682
3870,3.90625,-0.11110398295168691,3.2856818337188694e-10,1.812644982813477e-5,1.73819441154532e-5,0.11110398295168691,-0.11110930493671088
3871,9.765625,-0.11110742262710563,1.3454507795569396e-10,1.1599356790602398e-5,1.4306666889609966e-5,0.11110742262710563,-0.11110930385988001
3872,24.4140625,-0.11111160443203534,4.1029794069220694e-11,6.405450340859781e-6,1.871894215002387e-5,0.11111160443203534,-0.11110930406333198
3873,9.765625,-0.11111014651975197,1.805486869003182e-11,4.249102103978183e-6,2.1720190531504625e-5,0.11111014651975197,-0.11110930455240503
3874,3.90625,-0.11110958946965781,1.9059430474460292e-11,4.365710763949015e-6,2.2039991707672894e-5,0.11110958946965781,-0.11110930498178723
3875,1.5625,-0.11110915769584873,2.8196587318022664e-11,5.310045886621194e-6,2.1290798743835844e-5,0.11110915769584873,-0.11110930538674511
3876,0.625,-0.11110875935140167,4.418125800809604e-11,6.646898375038996e-6,2.0639772853570322e-5,0.11110875935140167,-0.1111093057812924
3877,0.25,-0.11110837147212461,6.676502970451568e-11,8.17098707039215e-6,2.020420780912426e-5,0.11110837147212461,-0.11110930617176469
3878,0.1,-0.11110798699855419,9.584831876101095e-11,9.790215460397741e-6,1.9923263117243077e-5,0.11110798699855419,-0.1111093065599978
3879,0.1,-0.11110761159465908,1.3092052386718805e-10,1.1442050684522773e-5,1.973449814663767e-5,0.11110761159465908,-0.11110930693627338
3880,0.1,-0.11110724638719581,1.7158553402046806e-10,1.3099066150702044e-5,1.953881653988853e-5,0.11110724638719581,-0.11110930729990622
3881,0.1,-0.11110689246370532,2.1742931336261138e-10,1.4745484507557268e-5,1.9335814611302784e-5,0.11110689246370532,-0.11110930765024186
3882,0.1,-0.11110655086936456,2.6802215663679714e-10,1.637138224576035e-5,1.912526761787456e-5,0.11110655086936456,-0.11110930798666786
3883,0.25,-0.11110625611901748,3.2010821403898514e-10,1.789156823867e-5,1.8909293348822838e-5,0.11110625611901748,-0.11110930825284622
3884,0.625,-0.11110608705375555,3.6554257886493333e-10,1.9119167839237494e-5,1.8463247860112266e-5,0.11110608705375555,-0.11110930833174733
3885,1.5625,-0.11110624077092306,3.8389447243328434e-10,1.9593225166707098e-5,1.743749664168612e-5,0.11110624077092306,-0.11110930795378968
3886,3.90625,-0.1111071407503213,3.3591620392738514e-10,1.8328016912022565e-5,1.5244046255900311e-5,0.1111071407503213,-0.11110930672899762
3887,9.765625,-0.1111092881588475,1.9822214605731646e-10,1.4079138683077046e-5,1.2609178140967996e-5,0.1111092881588475,-0.11110930493601978
3888,24.4140625,-0.11111119290490093,6.064017497945371e-11,7.787180168678115e-6,1.593915961463159e-5,0.11111119290490093,-0.11110930444114243
3889,9.765625,-0.11111041002900725,3.347085081403453e-11,5.785399797251226e-6,2.2334468404901204e-5,0.11111041002900725,-0.11110930483330989
3890,3.90625,-0.11111013349339902,2.884693536495651e-11,5.37093431024403e-6,2.37884200715827e-5,0.11111013349339902,-0.11110930532699188
3891,1.5625,-0.11110992751323946,3.5213135318723405e-11,5.934065665184656e-6,2.34444225695759e-5,0.11110992751323946,-0.11110930582340942
3892,0.625,-0.11110974069636377,5.087881931654815e-11,7.132939037770346e-6,2.2917098235935043e-5,0.11110974069636377,-0.11110930631393474
3893,0.25,-0.11110955998319977,7.542358760782854e-11,8.684675446315109e-6,2.2516292146336202e-5,0.11110955998319977,-0.11110930680085893
3894,0.1,-0.11110938130109053,1.086753646000635e-10,1.0424747699587914e-5,2.2245713020337073e-5,0.11110938130109053,-0.11110930728552293
3895,0.1,-0.11110920695131632,1.5015479350649852e-10,1.2253766502855297e-5,2.206146302153116e-5,0.11110920695131632,-0.11110930775673247
3896,0.1,-0.11110903753450103,1.9945729766647197e-10,1.4122935164705386e-5,2.1865042435686795e-5,0.11110903753450103,-0.11110930821330428
3897,0.1,-0.11110887363263282,2.561568215500007e-10,1.6004899923148558e-5,2.1656222800721568e-5,0.11110887363263282,-0.11110930865410172
3898,0.1,-0.11110871580735686,3.1980724233022286e-10,1.7883155267743522e-5,2.143489356597962e-5,0.11110871580735686,-0.11110930907804262
3899,0.25,-0.11110858096277462,3.873819421737001e-10,1.9682020784810185e-5,2.120317807217942e-5,0.11110858096277462,-0.11110930941611798
3900,0.625,-0.11110850826418811,4.5108176148447186e-10,2.123868549332731e-5,2.070302824982012e-5,0.11110850826418811,-0.11110930951928315
3901,1.5625,-0.11110859639866363,4.901625386566215e-10,2.2139614690789482e-5,1.949577129407238e-5,0.11110859639866363,-0.11110930902220202
3902,3.90625,-0.11110905986839972,4.5772066935402766e-10,2.139440743171046e-5,1.663607800135643e-5,0.11110905986839972,-0.11110930728704006
3903,9.765625,-0.11111016282632225,2.9125025826214407e-10,1.70660557324223e-5,1.1713400479825932e-5,0.11111016282632225,-0.11110930442784289
3904,24.4140625,-0.11111119124846977,5.807016037938546e-11,7.620377968275948e-6,1.6363774197948926e-5,0.11111119124846977,-0.11110930437585737
3905,9.765625,-0.1111107835433341,2.0996844268981434e-11,4.582231363536922e-6,2.8756908069322397e-5,0.1111107835433341,-0.11110930535504147
3906,3.90625,-0.11111060284125983,1.639137443105276e-11,4.048626239979774e-6,3.057881801503185e-5,0.11111060284125983,-0.11110930628569857
3907,1.5625,-0.11111045579229309,3.0136815286343396e-11,5.48970083759975e-6,3.0039145412482875e-5,0.11111045579229309,-0.11110930713878321
3908,0.625,-0.11111031810063472,5.969342618304672e-11,7.726152094221723e-6,2.9308829285522666e-5,0.11111031810063472,-0.11110930795256097
3909,0.25,-0.11111018345886797,1.0442804159913618e-10,1.0219003943591381e-5,2.877550350504708e-5,0.11111018345886797,-0.1111093087505051
3910,0.1,-0.1111100498648514,1.6408465319570026e-10,1.2809553200471133e-5,2.842777439637154e-5,0.1111100498648514,-0.11110930954199608
3911,0.1,-0.11110991790190755,2.379405127400057e-10,1.542532050688107e-5,2.8198935311492102e-5,0.11110991790190755,-0.11110931031132944
3912,0.1,-0.11110978783002669,3.2535678401577755e-10,1.8037649071200426e-5,2.7950664224917773e-5,0.11110978783002669,-0.11110931105625044
3913,0.1,-0.11110965990085198,4.256568750338601e-10,2.063145353662364e-5,2.7682927956286773e-5,0.11110965990085198,-0.1111093117746004
3914,0.1,-0.11110953435700939,5.38128774429047e-10,2.3197602773326534e-5,2.7395789346665977e-5,0.11110953435700939,-0.1111093124643279
3915,0.25,-0.11110941771565211,6.580278677465739e-10,2.5652053869945266e-5,2.709218744274879e-5,0.11110941771565211,-0.11110931300731225
3916,0.625,-0.11110932535017777,7.73013251616442e-10,2.7803115861651946e-5,2.6414829734849233e-5,0.11110932535017777,-0.11110931314442063
3917,1.5625,-0.11110929620615018,8.497191626909699e-10,2.914994275622115e-5,2.474124162471362e-5,0.11110929620615018,-0.11110931222970054
3918,3.90625,-0.11110941502768842,8.095043396994785e-10,2.8451789745101776e-5,2.0614936654774293e-5,0.11110941502768842,-0.11110930907883651
3919,9.765625,-0.11110978480396642,5.328909875457546e-10,2.3084431713727644e-5,1.232087948922655e-5,0.11110978480396642,-0.11110930367369251
3920,24.4140625,-0.11111012269342742,1.0628798975350605e-10,1.0309606673074684e-5,1.8390407573460423e-5,0.11111012269342742,-0.11110930327388849
3921,9.765625,-0.11110996758106548,3.546201360448847e-11,5.954999043197947e-6,3.774627036636846e-5,0.11110996758106548,-0.11110930502798538
3922,3.90625,-0.1111099342387539,2.3518030939434108e-11,4.849539250221005e-6,4.069735453630216e-5,0.1111099342387539,-0.11110930671421883
3923,1.5625,-0.1111099167808329,4.5541171066420816e-11,6.748419894050815e-6,4.0132757437776245e-5,0.1111099167808329,-0.11110930825444429
3924,0.625,-0.11110990346248187,9.680355665713733e-11,9.838879847682729e-6,3.92026480060333e-5,0.11110990346248187,-0.11110930971779949
3925,0.25,-0.11110989143432647,1.7612032100554499e-10,1.3271033155167121e-5,3.8501628349227206e-5,0.11110989143432647,-0.11110931114922347
3926,0.1,-0.1111098798445591,2.830246226789841e-10,1.6823335658512674e-5,3.80388579731084e-5,0.1111098798445591,-0.11110931256742092
3927,0.1,-0.1111098697344598,4.1625188257780383e-10,2.0402251899675285e-5,3.773244779774446e-5,0.1111098697344598,-0.11110931394578599
3928,0.1,-0.11110986126338174,5.746657430859241e-10,2.3972186864905006e-5,3.7398166510890576e-5,0.11110986126338174,-0.11110931528004334
3929,0.1,-0.11110985458553706,7.570578356762913e-10,2.751468400102555e-5,3.703602244772226e-5,0.11110985458553706,-0.11110931656609849
3930,0.1,-0.11110984984951085,9.62152065657152e-10,3.101857613845536e-5,3.664613684407122e-5,0.11110984984951085,-0.11110931780005658
3931,0.25,-0.11110985239564904,1.1815120312819988e-9,3.437312949502851e-5,3.6232454990791186e-5,0.11110985239564904,-0.11110931876908638
3932,0.625,-0.11110987430452975,1.3930966373280288e-9,3.732420980178989e-5,3.530581443329793e-5,0.11110987430452975,-0.11110931900307722
3933,1.5625,-0.11110994581371916,1.537025611658642e-9,3.920491820752394e-5,3.3005296566092904e-5,0.11110994581371916,-0.11110931732498446
3934,3.90625,-0.11111013277477116,1.4707891496216966e-9,3.835086895523616e-5,2.7271379777227207e-5,0.11111013277477116,-0.11110931155684661
3935,9.765625,-0.11111051988495622,9.719708657126266e-10,3.1176447291386914e-5,1.5183030171255961e-5,0.11111051988495622,-0.11110930160948172
3936,24.4140625,-0.11111090923479561,1.8361795925372434e-10,1.3550570440159497e-5,2.346764558529813e-5,0.11111090923479561,-0.11110930103315876
3937,9.765625,-0.11111081704678569,5.1198312810109876e-11,7.155299631050392e-6,5.095949156712967e-5,0.11111081704678569,-0.11110930439532837
3938,3.90625,-0.11111076579371192,2.9099553743228998e-11,5.394400220898427e-6,5.5093218960166726e-5,0.11111076579371192,-0.11110930754554374
3939,1.5625,-0.1111107208695049,7.075128435420899e-11,8.411378267216913e-6,5.431901071681264e-5,0.1111107208695049,-0.11110931038668737
3940,0.625,-0.11111067785221462,1.67236157024066e-10,1.2931981944932726e-5,5.3030825766403e-5,0.11111067785221462,-0.11110931306982778
3941,0.25,-0.11111063555930449,3.163144790904242e-10,1.7785232050508203e-5,5.2058938889501324e-5,0.11111063555930449,-0.11110931568774181
3942,0.1,-0.11111059359628615,5.17105592236139e-10,2.2739955853874015e-5,5.1417331868623124e-5,0.11111059359628615,-0.11110931827882072
3943,0.1,-0.11111055153457224,7.672820177393792e-10,2.7699855915498535e-5,5.099256961046964e-5,0.11111055153457224,-0.11110932079522799
3944,0.1,-0.11111050938560706,1.0647291135976038e-9,3.263018715235332e-5,5.0528803435642006e-5,0.11111050938560706,-0.11110932322891269
3945,0.1,-0.11111046715883094,1.4071971009650313e-9,3.7512625887359995e-5,5.002604337297074e-5,0.11111046715883094,-0.11110932557216491
3946,0.1,-0.11111042486171006,1.7923090605784457e-9,4.23356712546104e-5,4.9484443609077555e-5,0.11111042486171006,-0.11110932781765284
3947,0.25,-0.11111038193197667,2.20446780077757e-9,4.6951760358665684e-5,4.89094442852885e-5,0.11111038193197667,-0.11110932956781923
3948,0.625,-0.11111033732203278,2.602857671210386e-9,5.101820921210765e-5,4.76200875970582e-5,0.11111033732203278,-0.11110932994233597
3949,1.5625,-0.11111028835963148,2.876380577789496e-9,5.3631898882936226e-5,4.441117183930124e-5,0.11111028835963148,-0.11110932673241221
3950,3.90625,-0.11111022764496473,2.7595200814524646e-9,5.2531134400967056e-5,3.6348549026469915e-5,0.11111022764496473,-0.11110931582708228
3951,9.765625,-0.1111101328504827,1.8324008970383938e-9,4.28065520339865e-5,1.8592312093162017e-5,0.1111101328504827,-0.1111092969511048
3952,24.4140625,-0.11110995032919294,3.4341616357988533e-10,1.8531491132121164e-5,3.036403348503449e-5,0.11110995032919294,-0.11110929573441217
3953,9.765625,-0.11110987872439357,8.724759795094924e-11,9.340642266511935e-6,6.980265049643781e-5,0.11110987872439357,-0.11110930219218462
3954,3.90625,-0.1111098542164309,4.211335802439246e-11,6.4894805666087375e-6,7.577436167379265e-5,0.1111098542164309,-0.11110930821821899
3955,1.5625,-0.11110983702728687,1.189417230072595e-10,1.0906040665945616e-5,7.478687419540176e-5,0.11110983702728687,-0.11110931363229667
3956,0.625,-0.1111098219673027,3.005673921656762e-10,1.7336879539457963e-5,7.303466882483759e-5,0.1111098219673027,-0.11110931873312047
3957,0.25,-0.11110980769133093,5.826643499780651e-10,2.4138441332821493e-5,7.170192492728093e-5,0.11110980769133093,-0.11110932370394629
3958,0.1,-0.11110979379835474,9.635387349014251e-10,3.1040920329484836e-5,7.082012076895456e-5,0.11110979379835474,-0.11110932862120927
3959,0.1,-0.11110978117697486,1.4388277491719473e-9,3.793188301642758e-5,7.023648504296612e-5,0.11110978117697486,-0.11110933339681901
3960,0.1,-0.11110976992869993,2.0045375409404613e-9,4.4772062058168165e-5,6.959904866737838e-5,0.11110976992869993,-0.11110933801542194
3961,0.1,-0.1111097601520284,2.656418626394683e-9,5.1540456210579694e-5,6.890772125982355e-5,0.1111097601520284,-0.11110934246229377
3962,0.1,-0.11110975194219536,3.389980351791606e-9,5.822353778148152e-5,6.816261822298224e-5,0.11110975194219536,-0.11110934672341087
3963,0.25,-0.1111097491438396,4.1758755516076525e-9,6.462101478317756e-5,6.737110954436893e-5,0.1111097491438396,-0.11110935004486087
3964,0.625,-0.11110976038733715,4.9371768352219625e-9,7.026504703778375e-5,6.559044204579232e-5,0.11110976038733715,-0.11110935075301492
3965,1.5625,-0.1111098075749951,5.464170858076164e-9,7.392003015472981e-5,6.114718203387952e-5,0.1111098075749951,-0.11110934464049639
3966,3.90625,-0.11110994119594438,5.254219056097586e-9,7.248599213708525e-5,4.993823152938558e-5,0.11110994119594438,-0.11110932383673978
3967,9.765625,-0.11111024703441005,3.505429354625677e-9,5.920666647114729e-5,2.4770527717945743e-5,0.11111024703441005,-0.11110928761629785
3968,24.4140625,-0.11111070722382872,6.610927644825932e-10,2.571172426117302e-5,4.0758629190613576e-5,0.11111070722382872,-0.11110928489055145
3969,9.765625,-0.11111078078455836,1.6191860606750727e-10,1.2724724203986006e-5,9.647324150673666e-5,0.11111078078455836,-0.11110929733618205
3970,3.90625,-0.11111082852639091,7.034329957566111e-11,8.387091246413211e-6,0.00010502027773175317,0.11111082852639091,-0.11110930897074067
3971,1.5625,-0.11111087064584836,2.1442023490774285e-10,1.4643095127320004e-5,0.00010374901700330812,0.11111087064584836,-0.111109319417603
3972,0.625,-0.11111091127575032,5.608885133156963e-10,2.368308496196592e-5,0.00010135984975848701,0.11111091127575032,-0.11110932925400427
3973,0.25,-0.11111095170883316,1.1013754849156752e-9,3.3186977640569726e-5,9.95323337351112e-5,0.11111095170883316,-0.11110933883692473
3974,0.1,-0.1111109923736892,1.8326365129404699e-9,4.280930404643913e-5,9.832307277059435e-5,0.1111109923736892,-0.11110934831615671
3975,0.1,-0.11111103231454948,2.7464077267243175e-9,5.240618023405558e-5,9.752457688034144e-5,0.11111103231454948,-0.11110935752495171
3976,0.1,-0.11111107139631222,3.835081959464502e-9,6.192803855657389e-5,9.665058549267113e-5,0.11111107139631222,-0.111109366433443
3977,0.1,-0.11111110948154677,5.09055602909112e-9,7.134813262511584e-5,9.570097202298959e-5,0.11111110948154677,-0.111109375012967
3978,0.1,-0.11111114643098054,6.504258281631772e-9,8.064898190077648e-5,9.467589092053456e-5,0.11111114643098054,-0.1111093832362027
3979,0.25,-0.11111117778223244,8.020232511414531e-9,8.955575085618194e-5,9.358534461247475e-5,0.11111117778223244,-0.1111093896539246
3980,0.625,-0.11111119324735398,9.49158358978132e-9,9.74247586077652e-5,9.111984859003451e-5,0.11111119324735398,-0.11110939104323776
3981,1.5625,-0.11111116614110712,1.0517332174026994e-8,0.00010255404513731769,8.494987299753639e-5,0.11111116614110712,-0.11110937928844829
3982,3.90625,-0.11111103274613873,1.0134011335587201e-8,0.00010066782671532748,6.933606575809764e-5,0.11111103274613873,-0.111109339136297
3983,9.765625,-0.11111067448329054,6.792375303929933e-9,8.241586803480222e-5,3.380532356582582e-5,0.11111067448329054,-0.11110926880846048
3984,24.4140625,-0.11111070957334614,1.3675447317402808e-10,1.1694206821072906e-5,5.368925081717241e-5,0.11111070957334614,-0.11110931118167434
3985,9.765625,-0.11110974068307841,1.348269648727204e-10,1.1611501404759007e-5,3.053107342884707e-5,0.11110974068307841,-0.11110931037631674
3986,3.90625,-0.111109320018982,1.4679448148350543e-10,1.211587724778959e-5,2.1542086879223957e-5,0.111109320018982,-0.11110931014539455
3987,1.5625,-0.11110898222122294,1.6468637868552854e-10,1.2833019079138335e-5,1.8058935871584868e-5,0.11110898222122294,-0.1111093101784053
3988,0.625,-0.11110866625024936,1.873481322470021e-10,1.3687517388007296e-5,1.6548094765108563e-5,0.11110866625024936,-0.11110931032417504
3989,1.5625,-0.11110847130643936,2.0063257034034256e-10,1.4164482706415458e-5,1.578208702418806e-5,0.11110847130643936,-0.11110931022141839
3990,3.90625,-0.11110860709230799,1.8207757042921408e-10,1.3493612208345624e-5,1.4161249755357331e-5,0.11110860709230799,-0.1111093096279359
3991,9.765625,-0.11110944439322445,1.0625354107411089e-10,1.0307935829937577e-5,1.176848587494084e-5,0.11110944439322445,-0.11110930869446309
3992,24.4140625,-0.11111072617500777,1.9161958258728015e-11,4.377437407745314e-6,1.404329399408794e-5,0.11111072617500777,-0.11110930892021485
3993,9.765625,-0.11111034324296626,8.604397333554801e-12,2.9333253030570616e-6,1.9394723049189943e-5,0.11111034324296626,-0.11110930933701708
3994,3.90625,-0.1111102203364511,1.0142092165023953e-11,3.1846651574418233e-6,1.9555713549724585e-5,0.1111102203364511,-0.11110930969384429
3995,1.5625,-0.11111013006392513,1.826074833040049e-11,4.273259684409607e-6,1.880768806482599e-5,0.11111013006392513,-0.11110931001618231
3996,0.625,-0.11111004834423063,3.207220664736174e-11,5.66323287949222e-6,1.8157040867499827e-5,0.11111004834423063,-0.111109310323315
3997,0.25,-0.11110996926243023,5.133721911285542e-11,7.16499958917343e-6,1.7714869560737384e-5,0.11110996926243023,-0.11110931062403544
3998,0.1,-0.11110989102781706,7.593397449320465e-11,8.714010241743158e-6,1.742495107336719e-5,0.11110989102781706,-0.1111093109213235
3999,0.1,-0.11110981543023146,1.0551144296438815e-10,1.027187631177421e-5,1.7227502549814246e-5,0.11110981543023146,-0.11110931120790137
4000,0.1,-0.1111097427692327,1.3978155543553529e-10,1.182292499492132e-5,1.7026841952820786e-5,0.1111097427692327,-0.11110931148334266
4001,0.1,-0.11110967333175187,1.7844860592787473e-10,1.335846570261251e-5,1.6821965004279397e-5,0.11110967333175187,-0.11110931174721493
4002,0.1,-0.11110960739124802,2.212094658171013e-10,1.4873112176578959e-5,1.661207144754489e-5,0.11110960739124802,-0.11110931199909059
4003,0.25,-0.1111095547439359,2.660248836575625e-10,1.631026926992815e-5,1.639913294951231e-5,0.1111095547439359,-0.11110931219207451
4004,0.625,-0.11110953747071735,3.077024167479108e-10,1.754144853619309e-5,1.596368812361905e-5,0.11110953747071735,-0.11110931222611126
4005,1.5625,-0.11110961004325785,3.3246836022906945e-10,1.8233714932209218e-5,1.4938346106583211e-5,0.11110961004325785,-0.11110931185720872
4006,3.90625,-0.11110988578737561,3.089762201939927e-10,1.757771942528361e-5,1.2528487655448265e-5,0.11110988578737561,-0.11110931066326842
4007,9.765625,-0.11111047617259727,1.9409919151678893e-10,1.3931948590085629e-5,8.47081425803444e-6,0.11111047617259727,-0.11110930875596771
4008,24.4140625,-0.11111084973312772,3.3448955625038585e-11,5.783507208004377e-6,1.3538332919287161e-5,0.11111084973312772,-0.1111093089261304
4009,9.765625,-0.11111051577584939,1.0510746221836446e-11,3.242028103184247e-6,2.4062864437219903e-5,0.11111051577584939,-0.11110930964258348
4010,3.90625,-0.111110343347103,9.598499708503505e-12,3.0981445590068106e-6,2.5260279507663e-5,0.111110343347103,-0.11110931027817497
4011,1.5625,-0.11111019782340573,2.1233329298565223e-11,4.607963682426894e-6,2.4632992095817957e-5,0.11111019782340573,-0.11110931084771539
4012,0.625,-0.11111006003913698,4.371435105709809e-11,6.611682921699897e-6,2.3934779971931627e-5,0.11111006003913698,-0.11110931138699512
4013,0.25,-0.1111099248052212,7.662009271750511e-11,8.753290393760801e-6,2.3444830150061666e-5,0.1111099248052212,-0.11110931191461995
4014,0.1,-0.11110979044983356,1.1977572462775151e-10,1.0944209639245381e-5,2.313095551376176e-5,0.11110979044983356,-0.11110931243759375
4015,0.1,-0.1111096576942258,1.726588964692842e-10,1.3139973229397548e-5,2.2926834233981212e-5,0.1111096576942258,-0.11110931294454231
4016,0.1,-0.1111095267798609,2.348103946420767e-10,1.5323524223953077e-5,2.2708335145334767e-5,0.1111095267798609,-0.11110931343404312
4017,0.1,-0.11110939794276813,3.057460905896182e-10,1.7485596660955502e-5,2.247510535913931e-5,0.11110939794276813,-0.11110931390472376
4018,0.1,-0.11110927141295235,3.8495813703246047e-10,1.962035007415669e-5,2.2226919539732546e-5,0.11110927141295235,-0.11110931435527166
4019,0.25,-0.1111091535350078,4.690149277183141e-10,2.165675247395865e-5,2.1965972082754915e-5,0.1111091535350078,-0.1111093147018025
4020,0.625,-0.11110905927488673,5.48990245183159e-10,2.3430540864076505e-5,2.138253749816839e-5,0.11110905927488673,-0.11110931476149988
4021,1.5625,-0.11110902712195816,6.007538156713114e-10,2.4510279795859358e-5,1.9939333758948637e-5,0.11110902712195816,-0.1111093140815982
4022,3.90625,-0.11110914518151113,5.674891440966233e-10,2.382203064595089e-5,1.638597766414495e-5,0.11110914518151113,-0.11110931184967571
4023,9.765625,-0.11110955142464904,3.6364935794314853e-10,1.9069592495466403e-5,9.443022168905576e-6,0.11110955142464904,-0.11110930817624089
4024,24.4140625,-0.11111014190117102,5.914444331103987e-11,7.690542458828237e-6,1.6441782738782113e-5,0.11111014190117102,-0.11110930843877707
4025,9.765625,-0.11111016682543028,1.441681885711514e-11,3.796948624502989e-6,3.243851411237918e-5,0.11111016682543028,-0.11110930981150134
4026,3.90625,-0.11111023450526902,1.1441337322159989e-11,3.382504593073007e-6,3.4400751848580616e-5,0.11111023450526902,-0.11110931101856811
4027,1.5625,-0.1111103041922687,3.263457006942381e-11,5.712667509090986e-6,3.366162222809448e-5,0.1111103041922687,-0.11110931209171072
4028,0.625,-0.11111037394323996,7.481152716912957e-11,8.649365709063848e-6,3.2765588723301346e-5,0.11111037394323996,-0.11110931310450298
4029,0.25,-0.11111044366294215,1.372361460989988e-10,1.1714783228852287e-5,3.2136197198100296e-5,0.11111044366294215,-0.11110931409531694
4030,0.1,-0.11111051338541617,2.1964436794252733e-10,1.482040377123806e-5,3.174107679785851e-5,0.11111051338541617,-0.11110931507875914
4031,0.1,-0.11111058322371908,3.2112633415414094e-10,1.7919998162782855e-5,3.149220044267976e-5,0.11111058322371908,-0.1111093160339977
4032,0.1,-0.11111065316843079,4.4086816521229197e-10,2.0996860841856623e-5,3.121785069713795e-5,0.11111065316843079,-0.11110931695783623
4033,0.1,-0.11111072320759247,5.779983438285667e-10,2.4041596116492905e-5,3.091807465562379e-5,0.11111072320759247,-0.11110931784721353
4034,0.1,-0.11111079332663738,7.31590951001936e-10,2.7047938017563113e-5,3.059301062465512e-5,0.11111079332663738,-0.11110931869921874
4035,0.25,-0.11111086363170125,8.952124338273583e-10,2.9920100832506537e-5,3.024561822356182e-5,0.11111086363170125,-0.1111093193529289
4036,0.625,-0.11111093411504544,1.0520034968130675e-9,3.243460338609164e-5,2.943685152298238e-5,0.11111093411504544,-0.11110931945525353
4037,1.5625,-0.11111100390854477,1.1561425101422671e-9,3.4002095672800334e-5,2.7394861642759013e-5,0.11111100390854477,-0.11110931812709206
4038,3.90625,-0.11111106607656968,1.0987745753176995e-9,3.314776878339928e-5,2.2266913853910283e-5,0.11111106607656968,-0.11110931376892119
4039,9.765625,-0.11111107787509772,7.116993608213406e-10,2.6677694068666065e-5,1.1439997295415023e-5,0.11111107787509772,-0.1111093064951394
4040,24.4140625,-0.11111083900126424,1.1640949537468632e-10,1.0789323212078056e-5,2.1171023017351728e-5,0.11111083900126424,-0.11110930681270441
4041,9.765625,-0.11111061756613747,2.5398984192441672e-11,5.039740488600744e-6,4.481592054626197e-5,0.11111061756613747,-0.1111093094948017
4042,3.90625,-0.11111046271911602,1.707905728925386e-11,4.132681609954227e-6,4.7858713370177324e-5,0.11111046271911602,-0.11110931186095374
4043,1.5625,-0.11111032239187361,5.67644847287817e-11,7.534220910537578e-6,4.6925130457928906e-5,0.11111032239187361,-0.11110931395893507
4044,0.625,-0.1111101867333493,1.3811878714772729e-10,1.1752394953698896e-5,4.570780216554577e-5,0.1111101867333493,-0.11110931593441385
4045,0.25,-0.11111005272904452,2.5969737431974867e-10,1.6115128740402562e-5,4.484317391760887e-5,0.11111005272904452,-0.11110931786495397
4046,0.1,-0.11110991935888614,4.2100932033612686e-10,2.0518511650120406e-5,4.4300272085820765e-5,0.11110991935888614,-0.11110931978062102
4047,0.1,-0.11110978697837036,6.203305163331634e-10,2.490643523937465e-5,4.396013254627843e-5,0.11110978697837036,-0.11110932164181056
4048,0.1,-0.11110965573481695,8.561041560602086e-10,2.9259257612936946e-5,4.358252645868557e-5,0.11110965573481695,-0.11110932344201836
4049,0.1,-0.11110952577336791,1.126654504349713e-9,3.356567449567658e-5,4.3167572682932226e-5,0.11110952577336791,-0.1111093251750108
4050,0.1,-0.11110939723673234,1.4301934312841408e-9,3.781789829279439e-5,4.271550198017887e-5,0.11110939723673234,-0.11110932683485392
4051,0.25,-0.11110927381413802,1.7542142338847716e-9,4.1883340767956555e-5,4.223023833834177e-5,0.11110927381413802,-0.1111093281055276
4052,0.625,-0.1111091643610239,2.06582568144436e-9,4.545135511119949e-5,4.108812473779835e-5,0.1111091643610239,-0.11110932829091748
4053,1.5625,-0.11110909220775617,2.275409245906786e-9,4.7701249940717336e-5,3.818519418700962e-5,0.11110909220775617,-0.11110932565308086
4054,3.90625,-0.1111091141990493,2.169253677434844e-9,4.6575247475830376e-5,3.082950507982354e-5,0.1111091141990493,-0.11110931700784596
4055,9.765625,-0.11110934234540727,1.4134515632248395e-9,3.7595898223407825e-5,1.4594794118348512e-5,0.11110934234540727,-0.11110930247431905
4056,24.4140625,-0.11110986446717981,2.3265742778797737e-10,1.5253112068950958e-5,2.8391802616136676e-5,0.11110986446717981,-0.11110930287336505
4057,9.765625,-0.11111005044644337,4.6603167819447326e-11,6.82665128884194e-6,6.283358553538365e-5,0.11111005044644337,-0.1111093082276128
4058,3.90625,-0.11111020577001866,2.6610962831801022e-11,5.1585814747662e-6,6.739988951284954e-5,0.11111020577001866,-0.11110931296278415
4059,1.5625,-0.11111035097914992,1.0308482648886467e-10,1.015306980616526e-5,6.617614546600695e-5,0.11111035097914992,-0.11110931715465924
4060,0.625,-0.11111049275195038,2.632253338922542e-10,1.622422059429217e-5,6.449108152289522e-5,0.11111049275195038,-0.11110932109565894
4061,0.25,-0.11111063342754386,5.041133492909435e-10,2.24524686680762e-5,6.328336997990912e-5,0.11111063342754386,-0.11110932494365026
4062,0.1,-0.1111107738393924,8.247733291045722e-10,2.8718867127805932e-5,6.252321525048907e-5,0.1111107738393924,-0.11110932876059208
4063,0.1,-0.11111091370732108,1.2218335475718043e-9,3.495473569592258e-5,6.204721814920799e-5,0.11111091370732108,-0.11110933246948444
4064,0.1,-0.11111105289568705,1.6922279360800475e-9,4.11366981669658e-5,6.151754648420771e-5,0.11111105289568705,-0.1111093360571854
4065,0.1,-0.11111119126766948,2.232650245180736e-9,4.7250928511307964e-5,6.093435228760209e-5,0.11111119126766948,-0.11110933951109052
4066,0.1,-0.11111132868553815,2.8395670381733693e-9,5.3287588031110675e-5,6.029794059145853e-5,0.11111132868553815,-0.11110934281918974
4067,0.25,-0.11111146197117969,3.488291368463902e-9,5.906175893472782e-5,5.961367908966963e-5,0.11111146197117969,-0.11110934535227415
4068,0.625,-0.11111158334437202,4.113779091296927e-9,6.413874875063379e-5,5.7996619691797936e-5,0.11111158334437202,-0.11110934572066804
4069,1.5625,-0.11111167187192156,4.538526269941492e-9,6.736858518583785e-5,5.3874306898166364e-5,0.11111167187192156,-0.11110934044728794
4070,3.90625,-0.1111116743715083,4.338016323858887e-9,6.586361912208353e-5,4.337813380334474e-5,0.1111116743715083,-0.11110932312344868
4071,9.765625,-0.11111147384265413,2.8428613281057996e-9,5.3318489551991244e-5,1.9578747261540956e-5,0.11111147384265413,-0.11110929378686014
4072,24.4140625,-0.11111090972908161,4.753410212993463e-10,2.1802316879160948e-5,3.891252467285842e-5,0.11111090972908161,-0.11110929409267963
4073,9.765625,-0.11111064865841948,9.223728766262391e-11,9.6040245554988e-6,8.887665872005144e-5,0.11111064865841948,-0.11110930488247604
4074,3.90625,-0.11111044739012255,4.5790797238456854e-11,6.766889775846571e-6,9.568432984182088e-5,0.11111044739012255,-0.11110931447809563
4075,1.5625,-0.11111026205686111,1.950580097708387e-10,1.3966316972302995e-5,9.407378838055293e-5,0.11111026205686111,-0.11110932297723634
4076,0.625,-0.11111008230433175,5.139788900056685e-10,2.267110253176207e-5,9.173365603217488e-5,0.11111008230433175,-0.1111093309646404
4077,0.25,-0.11110990474669678,9.966202996919382e-10,3.1569293620414416e-5,9.004322630465933e-5,0.11110990474669678,-0.11110933876100458
4078,0.1,-0.11110972821659165,1.641040430427989e-9,4.050975722499444e-5,8.897778263057394e-5,0.11110972821659165,-0.11110934649353171
4079,0.1,-0.11110955314895472,2.440576004779188e-9,4.940218623481342e-5,8.831175694328487e-5,0.11110955314895472,-0.11110935400975223
4080,0.1,-0.11110937971079003,3.3891320421653006e-9,5.821625238853237e-5,8.756870183201958e-5,0.11110937971079003,-0.11110936128283891
4081,0.1,-0.11110920806594941,4.480122996205852e-9,6.693372092007027e-5,8.674881513346176e-5,0.11110920806594941,-0.11110936828703631
4082,0.1,-0.11110903837492224,5.706498517423332e-9,7.55413695760365e-5,8.58525077273031e-5,0.11110903837492224,-0.1111093749977772
4083,0.25,-0.11110887494466098,7.0189294798326606e-9,8.377905155725183e-5,8.488711094975075e-5,0.11110887494466098,-0.11110938014766372
4084,0.625,-0.11110872811723418,8.28718961772056e-9,9.103400253597861e-5,8.259475046995357e-5,0.11110872811723418,-0.1111093809313751
4085,1.5625,-0.11110862538221469,9.155377039552448e-9,9.568373445655457e-5,7.673468738932333e-5,0.11110862538221469,-0.11110937031674906
4086,3.90625,-0.1111086356710108,8.770329548304877e-9,9.365003763109163e-5,6.176842701936492e-5,0.1111086356710108,-0.11110933527669453
4087,9.765625,-0.11110890833207097,5.777172854456129e-9,7.600771575607394e-5,2.7334123631516177e-5,0.11110890833207097,-0.1111092755270948
4088,24.4140625,-0.1111095534507677,1.20739688510049e-10,1.0988161288862163e-5,5.304144566085679e-5,0.1111095534507677,-0.11110931524498655
4089,9.765625,-0.11111060368278908,1.2455272546696524e-10,1.1160319236785534e-5,2.9590784130021124e-5,0.11111060368278908,-0.1111093144565854
4090,3.90625,-0.11111107027480054,1.3910233770981825e-10,1.1794165409634472e-5,2.0024074825982196e-5,0.11111107027480054,-0.11110931418263716
4091,1.5625,-0.1111114487609862,1.5801243622966203e-10,1.2570299766897448e-5,1.6236173055727665e-5,0.1111114487609862,-0.1111093141594989
4092,0.625,-0.11111180386076877,1.8049643740463016e-10,1.3434896255819401e-5,1.4642258763427255e-5,0.11111180386076877,-0.11110931424789545
4093,1.5625,-0.11111203945316325,1.9330381528943234e-10,1.3903374241148525e-5,1.3890578319275975e-5,0.11111203945316325,-0.11110931409993005
4094,3.90625,-0.11111194703177468,1.7558273295824798e-10,1.3250763485861786e-5,1.2232879889480418e-5,0.11111194703177468,-0.1111093134844608
4095,9.765625,-0.1111111636392455,1.0369310691005585e-10,1.0182981238814882e-5,9.819849749069763e-6,0.1111111636392455,-0.11110931254010274
4096,24.4140625,-0.11110999174504804,1.8322815713589015e-11,4.280515823307865e-6,1.2893233235593724e-5,0.11110999174504804,-0.11110931275156623
4097,9.765625,-0.11111044601757991,7.175701512659269e-12,2.678749990697017e-6,1.93152118455027e-5,0.11111044601757991,-0.11110931318496184
4098,3.90625,-0.11111061003048876,8.49010353358078e-12,2.913778223128998e-6,1.970448940066203e-5,0.11111061003048876,-0.1111093135535514
4099,1.5625,-0.11111073839464843,1.6664460793463635e-11,4.082212732509617e-6,1.9051475929713684e-5,0.11111073839464843,-0.11110931388584191
4100,0.625,-0.11111085742810024,3.08409245605089e-11,5.553460593225534e-6,1.8462763946831244e-5,0.11111085742810024,-0.11110931420313999
4101,0.25,-0.11111097360595437,5.082225626324773e-11,7.128973016027465e-6,1.8072184914372076e-5,0.11111097360595437,-0.11110931451519811
4102,0.1,-0.11111108888679866,7.652804189037982e-11,8.748030743566223e-6,1.7828841776802017e-5,0.11111108888679866,-0.11110931482531816
4103,0.1,-0.11111120108626922,1.0763952531571255e-10,1.0374947003031512e-5,1.7673803476013544e-5,0.11111120108626922,-0.11110931512602706
4104,0.1,-0.11111130986079108,1.4389146863200549e-10,1.1995477007272595e-5,1.7509952490254693e-5,0.11111130986079108,-0.11110931541660185
4105,0.1,-0.1111114148805382,1.850046611305002e-10,1.3601641854221137e-5,1.7336804141695823e-5,0.1111114148805382,-0.11110931569633656
4106,0.1,-0.11111151583039103,2.3068661667572003e-10,1.5188371100145006e-5,1.7154010593368947e-5,0.11111151583039103,-0.11110931596455115
4107,0.25,-0.11111160122813095,2.788301048652556e-10,1.6698206636200655e-5,1.6963131231370453e-5,0.11111160122813095,-0.11110931617170605
4108,0.625,-0.11111164522629972,3.239987482811514e-10,1.79999652299984e-5,1.6534222745105863e-5,0.11111164522629972,-0.11110931621129826
4109,1.5625,-0.1111115838782073,3.5167827276198364e-10,1.8753087019527843e-5,1.547676088255186e-5,0.1111115838782073,-0.11110931582235359
4110,3.90625,-0.1111112824611593,3.2862309896621573e-10,1.8127964556623993e-5,1.2927289131187842e-5,0.1111112824611593,-0.11110931454797265
4111,9.765625,-0.11111059480346798,2.0816878504686865e-10,1.4428055483912884e-5,8.41841257512038e-6,0.11111059480346798,-0.11110931248460601
4112,24.4140625,-0.11111005418698607,3.4913737434076175e-11,5.9087847679600055e-6,1.3615602756506394e-5,0.11111005418698607,-0.11110931266266755
4113,9.765625,-0.1111103126489419,9.382434218985624e-12,3.063075940780056e-6,2.513891867758327e-5,0.1111103126489419,-0.11110931346780553
4114,3.90625,-0.11111041387360962,8.220345185784579e-12,2.8671144354184012e-6,2.65314169363145e-5,0.11111041387360962,-0.11110931417716344
4115,1.5625,-0.11111049174514735,2.1035240038133738e-11,4.5864190866223446e-6,2.5940340322609356e-5,0.11111049174514735,-0.11110931481101415
4116,0.625,-0.11111056322842536,4.60053214158818e-11,6.7827222717638826e-6,2.5254263289401063e-5,0.11111056322842536,-0.11110931541139381
4117,0.25,-0.1111106326806752,8.272325157103664e-11,9.095232353878412e-6,2.4779374613992182e-5,0.1111106326806752,-0.1111093159999817
4118,0.1,-0.11111070147184188,1.3105223200067707e-10,1.1447804680403884e-5,2.44855400459218e-5,0.11111070147184188,-0.11110931658492534
4119,0.1,-0.11111076888747518,1.9047287165971482e-10,1.3801190950773589e-5,2.43039618513628e-5,0.11111076888747518,-0.11110931715370048
4120,0.1,-0.11111083472465015,2.6052255007153896e-10,1.6140710953100517e-5,2.4103678515631924e-5,0.11111083472465015,-0.11110931770446925
4121,0.1,-0.11111089878569809,3.4070435191320663e-10,1.84581784559909e-5,2.3884598636508956e-5,0.11111089878569809,-0.11110931823546236
4122,0.1,-0.11111096087880262,4.304887476147147e-10,2.0748222757978928e-5,2.364672243113242e-5,0.11111096087880262,-0.11110931874499025
4123,0.25,-0.11111101545197023,5.261013365547941e-10,2.293689901784446e-5,2.3391896929182002e-5,0.11111101545197023,-0.1111093191385599
4124,0.625,-0.11111104955421398,6.176254611769906e-10,2.4852071567114694e-5,2.2787584035347672e-5,0.11111104955421398,-0.1111093192091934
4125,1.5625,-0.11111103034238426,6.781007691394855e-10,2.6040368068433396e-5,2.125158969670281e-5,0.11111103034238426,-0.11110931844216164
4126,3.90625,-0.11111088542707404,6.436018499935743e-10,2.5369309213961152e-5,1.740826792516198e-5,0.11111088542707404,-0.1111093159039424
4127,9.765625,-0.11111051972828395,4.1600044271334003e-10,2.0396088907271904e-5,9.607763114005329e-6,0.11111051972828395,-0.11110931167564403
4128,24.4140625,-0.11111013757079033,6.773335745264038e-11,8.230027791729525e-6,1.7046920489060668e-5,0.11111013757079033,-0.11110931192055915
4129,9.765625,-0.11111023078288056,1.483542592058487e-11,3.851678325170064e-6,3.486837838847282e-5,0.11111023078288056,-0.11110931353099196
4130,3.90625,-0.11111025685981635,1.0787743401404874e-11,3.2844700335678014e-6,3.7146128851381746e-5,0.11111025685981635,-0.11110931494848691
4131,1.5625,-0.11111027478734534,3.5177554211562465e-11,5.931066869591209e-6,3.642185588579372e-5,0.11111027478734534,-0.11110931620812962
4132,0.625,-0.11111029063891367,8.434748639661831e-11,9.184088762453155e-6,3.5500031284951676e-5,0.11111029063891367,-0.1111093173974022
4133,0.25,-0.11111030587776204,1.5751300402604524e-10,1.255041848011632e-5,3.485650576725734e-5,0.11111030587776204,-0.11110931856224586
4134,0.1,-0.11111032095204076,2.54444543627238e-10,1.5951317927595763e-5,3.4462238242829046e-5,0.11111032095204076,-0.11110931972026275
4135,0.1,-0.11111033570641911,3.7416765930254755e-10,1.934341384819514e-5,3.422372598771922e-5,0.11111033570641911,-0.11110932084729559
4136,0.1,-0.11111035008345925,5.158016944834762e-10,2.271126800694924e-5,3.395515838214422e-5,0.11111035008345925,-0.111109321939321
4137,0.1,-0.11111036402811669,6.783898593550863e-10,2.6045918285886684e-5,3.3656678344236e-5,0.11111036402811669,-0.11110932299247471
4138,0.1,-0.11111037748791429,8.609031356500439e-10,2.9341150891709137e-5,3.332850946574192e-5,0.11111037748791429,-0.11110932400306962
4139,0.25,-0.11111038896496922,1.0558753194369238e-9,3.24942351723644e-5,3.297310321090971e-5,0.11111038896496922,-0.11110932478076309
4140,0.625,-0.11111039499146291,1.243576731853254e-9,3.5264383332950174e-5,3.210830120596929e-5,0.11111039499146291,-0.11110932490621972
4141,1.5625,-0.11111038703510134,1.3701334643453396e-9,3.701531391661213e-5,2.988052907217048e-5,0.11111038703510134,-0.11110932333202928
4142,3.90625,-0.11111034809320952,1.3068727453095684e-9,3.615069494919245e-5,2.421933075283288e-5,0.11111034809320952,-0.11110931813726498
4143,9.765625,-0.11111026819902758,8.522031885022448e-10,2.9192519392855505e-5,1.1912301228640622e-5,0.11111026819902758,-0.11110930938925974
4144,24.4140625,-0.11111027378641355,1.4009975792488056e-10,1.1836374357246418e-5,2.2627552618189655e-5,0.11111027378641355,-0.11110930967551598
4145,9.765625,-0.11111038595824248,2.8000623495177684e-11,5.291561536557775e-6,4.933922063128224e-5,0.11111038595824248,-0.1111093129607765
4146,3.90625,-0.11111044648369284,1.6811503267763524e-11,4.10018332123864e-6,5.288920253787393e-5,0.11111044648369284,-0.11110931586586623
4147,1.5625,-0.11111049831168378,6.450362034456741e-11,8.031414591749539e-6,5.195409440537061e-5,0.11111049831168378,-0.11110931844306457
4148,0.625,-0.11111054766324015,1.6346874799032124e-10,1.2785489743858905e-5,5.067137036064808e-5,0.11111054766324015,-0.11110932087174478
4149,0.25,-0.11111059627895342,3.1207926972922633e-10,1.7665765472495846e-5,4.976503025945725e-5,0.11111059627895342,-0.11110932324811071
4150,0.1,-0.11111064472467007,5.098761593948983e-10,2.258043753772053e-5,4.9208349546518345e-5,0.11111064472467007,-0.11110932560965346
4151,0.1,-0.11111069256986505,7.549161614432002e-10,2.7475737686970303e-5,4.887226562311548e-5,0.11111069256986505,-0.11110932790834825
4152,0.1,-0.11111073971326796,1.0454281340743694e-9,3.233308111013192e-5,4.849184831209818e-5,0.11111073971326796,-0.11110933013575734
4153,0.1,-0.11111078605441205,1.379480954482997e-9,3.714136446716783e-5,4.8067337317774996e-5,0.11111078605441205,-0.11110933228377386
4154,0.1,-0.11111083149393773,1.7549916430897934e-9,4.189262038939309e-5,4.759907532245316e-5,0.11111083149393773,-0.11110933434465735
4155,0.25,-0.11111087318342623,2.1568240619162858e-9,4.644161993208555e-5,4.709043067907931e-5,0.11111087318342623,-0.1111093359289154
4156,0.625,-0.1111109044584789,2.5448810869284957e-9,5.0446814437866104e-5,4.584504281969665e-5,0.1111109044584789,-0.1111093361755788
4157,1.5625,-0.11111090815701988,2.8094611303225357e-9,5.300435010753868e-5,4.2623460595537325e-5,0.11111090815701988,-0.11110933292865113
4158,3.90625,-0.11111084465048125,2.687682925723468e-9,5.184286764564117e-5,3.438076474167933e-5,0.11111084465048125,-0.11110932220761101
4159,9.765625,-0.11111064921477645,1.7635131337693515e-9,4.19942035734618e-5,1.5774649573391127e-5,0.11111064921477645,-0.1111093040140711
4160,24.4140625,-0.11111034791381323,2.9441710551987746e-10,1.7158586932491775e-5,3.109571126297797e-5,0.11111034791381323,-0.11110930425514792
4161,9.765625,-0.11111029171760708,5.6153831214702175e-11,7.4935860050247085e-6,7.058761824439389e-5,0.11111029171760708,-0.11110931104842862
4162,3.90625,-0.11111023895244457,2.834488532385553e-11,5.323991484202011e-6,7.59946382341283e-5,0.11111023895244457,-0.11110931708907303
4163,1.5625,-0.11111018927588111,1.2340365058087676e-10,1.110871957431984e-5,7.475838623891293e-5,0.11111018927588111,-0.11110932244720781
4164,0.625,-0.11111014092350603,3.253510121529744e-10,1.8037489075616218e-5,7.295224699352026e-5,0.11111014092350603,-0.11110932749175953
4165,0.25,-0.11111009319641726,6.307529833084108e-10,2.5114796103261734e-5,7.166248912163953e-5,0.11111009319641726,-0.11110933242418795
4166,0.1,-0.11111004584603983,1.0386507516460397e-9,3.22281049961992e-5,7.086704446545719e-5,0.11111004584603983,-0.1111093373240269
4167,0.1,-0.11110999910202635,1.5450896161961542e-9,3.930762796450778e-5,7.038599073681538e-5,0.11110999910202635,-0.11110934209407819
4168,0.1,-0.11110995300767562,2.1464413025186432e-9,4.63297021630686e-5,6.984057229405097e-5,0.11110995300767562,-0.11110934671669764
4169,0.1,-0.11110990760534332,2.838743697521972e-9,5.3279862026116134e-5,6.923111381680356e-5,0.11110990760534332,-0.11110935117491956
4170,0.1,-0.11110986293641663,3.617717486533109e-9,6.014746450627083e-5,6.855808401514848e-5,0.11110986293641663,-0.11110935545253255
4171,0.25,-0.11110982037876065,4.452322159504522e-9,6.6725723371909e-5,6.782620320815996e-5,0.11110982037876065,-0.11110935874460802
4172,0.625,-0.11110978316519732,5.260191497156412e-9,7.252717764504843e-5,6.603107021977642e-5,0.11110978316519732,-0.11110935926753938
4173,1.5625,-0.11110975991151624,5.815670633407557e-9,7.626054440801978e-5,6.137950523688663e-5,0.11110975991151624,-0.1111093525460985
4174,3.90625,-0.11110977283625302,5.576704073334398e-9,7.467733306254581e-5,4.9436909032151154e-5,0.11110977283625302,-0.11110933027334025
4175,9.765625,-0.11110987487779156,3.6789224430249264e-9,6.065412140180522e-5,2.191382205258562e-5,0.11110987487779156,-0.11110929220931488
4176,24.4140625,-0.1111101654321884,6.258535894722608e-10,2.5017065964502328e-5,4.357115371743972e-5,0.1111101654321884,-0.11110929204141903
4177,9.765625,-0.11111033598927261,1.1802892590806127e-10,1.0864111832453737e-5,0.00010164895563407739,0.11111033598927261,-0.11110930619523302
4178,3.90625,-0.11111045461051978,5.163351390794888e-11,7.185646380663947e-6,0.00010981138056631927,0.11111045461051978,-0.1111093188671813
4179,1.5625,-0.11111056230118531,2.4307348331690033e-10,1.5590814068447494e-5,0.00010816600296604892,0.11111056230118531,-0.11110933011966832
4180,0.625,-0.1111106667902106,6.58615078394833e-10,2.566349700245142e-5,0.0001056126259150512,0.1111106667902106,-0.1111093407112669
4181,0.25,-0.11111077051288523,1.290963291471085e-9,3.592997761578881e-5,0.00010377171868283794,0.11111077051288523,-0.11110935106362224
4182,0.1,-0.11111087430483418,2.138082415776062e-9,4.623940328092548e-5,0.00010263178189245306,0.11111087430483418,-0.11110936134499941
4183,0.1,-0.11111097757685016,3.1918370888346697e-9,5.649634580072122e-5,0.00010194081896197581,0.11111097757685016,-0.11110937135623651
4184,0.1,-0.11111108016268584,4.44472001484799e-9,6.666873341265746e-5,0.00010115645832467177,0.11111108016268584,-0.11110938106025037
4185,0.1,-0.11111118189383203,5.888525688688852e-9,7.673672972370436e-5,0.00010027916686365498,0.11111118189383203,-0.11110939042136851
4186,0.1,-0.11111128260005883,7.514384870287602e-9,8.668555168127847e-5,9.930961460142347e-5,0.11111128260005883,-0.11110939940548792
4187,0.25,-0.1111113779975194,9.258188435082483e-9,9.621948053841532e-5,9.825452348223529e-5,0.1111113779975194,-0.11110940633737182
4188,0.625,-0.11111145786427971,1.0949622205495728e-8,0.00010464044249474353,9.566534596085168e-5,0.11111145786427971,-0.11110940749762153
4189,1.5625,-0.11111149538672987,1.2121557184550273e-8,0.00011009794359819021,8.895088562656928e-5,0.11111149538672987,-0.11110939353705865
4190,3.90625,-0.11111142635956112,1.1649332155191438e-8,0.00010793207194894128,7.167862706800208e-5,0.11111142635956112,-0.11110934701201154
4191,9.765625,-0.11111113286285118,7.72632829936352e-9,8.789953526250022e-5,3.141053255330561e-5,0.11111113286285118,-0.11110926691995685
4192,24.4140625,-0.11111095041829054,1.540396898023151e-10,1.2411272690675808e-5,6.071772252520077e-5,0.11111095041829054,-0.11110931993878183
4193,9.765625,-0.11110993727021977,1.615175793242449e-10,1.2708956657579918e-5,3.3028387403543215e-5,0.11110993727021977,-0.11110931882743552
4194,3.90625,-0.1111095037190911,1.8083808064025128e-10,1.3447605015029675e-5,2.1723001915912296e-5,0.1111095037190911,-0.11110931841872519
4195,1.5625,-0.11110915525239388,2.050745681932386e-10,1.4320424860779745e-5,1.721417650658818e-5,0.11110915525239388,-0.11110931834221918
4196,3.90625,-0.11110904722687207,1.998192623732602e-10,1.4135744139353265e-5,1.5297072965386794e-5,0.11110904722687207,-0.11110931767095464
4197,9.765625,-0.11110953487237961,1.298307151865347e-10,1.1394328202510875e-5,1.1448991923874831e-5,0.11110953487237961,-0.11110931639209258
4198,24.4140625,-0.11111058638731765,2.4044366848666437e-11,4.903505567312679e-6,1.1575829973710376e-5,0.11111058638731765,-0.11110931634102943
4199,9.765625,-0.11111015692710983,8.24274294188468e-12,2.871017753669364e-6,1.9639773395635382e-5,0.11111015692710983,-0.11110931681124278
4200,3.90625,-0.11111000445065143,7.248058398440029e-12,2.6922218330665155e-6,2.0579394375476527e-5,0.11111000445065143,-0.11110931723186951
4201,1.5625,-0.11110988561982968,1.4258220170826957e-11,3.7760058488867516e-6,2.007836661797377e-5,0.11110988561982968,-0.11110931761199332
4202,0.625,-0.11110977541311014,2.8139725625869394e-11,5.3046890225412265e-6,1.9514973761320906e-5,0.11110977541311014,-0.11110931797249411
4203,0.25,-0.11110966780225082,4.8608948466334535e-11,6.972011794764445e-6,1.911238174261642e-5,0.11110966780225082,-0.11110931832469208
4204,0.1,-0.11110956099831594,7.554827510253085e-11,8.691851074571564e-6,1.8848314628749567e-5,0.11110956099831594,-0.1111093186730178
4205,0.1,-0.1111094576113764,1.0861391754362168e-10,1.0421800110519376e-5,1.8672443761126044e-5,0.1111094576113764,-0.11110931901046435
4206,0.1,-0.11110935798731297,1.4750891996674115e-10,1.2145325025158493e-5,1.8489215738095708e-5,0.11110935798731297,-0.11110931933630754
4207,0.1,-0.1111092624567387,1.9192216566536268e-10,1.3853597571221804e-5,1.8297799290399903e-5,0.1111092624567387,-0.11110931964982797
4208,0.1,-0.11110917133403807,2.415288871796123e-10,1.5541199669897182e-5,1.809754945805904e-5,0.11110917133403807,-0.11110931995032054
4209,0.25,-0.11110909702920532,2.9409946207072333e-10,1.7149328327101426e-5,1.7890000289859638e-5,0.11110909702920532,-0.11110932018530362
4210,0.625,-0.11110906718471701,3.438585528210118e-10,1.8543423438540462e-5,1.743729271599111e-5,0.11110906718471701,-0.11110932024051498
4211,1.5625,-0.1111091497356607,3.753542004341052e-10,1.937405998839957e-5,1.6331736915672923e-5,0.1111091497356607,-0.11110931983414093
4212,3.90625,-0.11110948616830535,3.531158135205331e-10,1.879137604116668e-5,1.3657720197274344e-5,0.11110948616830535,-0.11110931846547406
4213,9.765625,-0.11111022167729898,2.2684326874100795e-10,1.506131696569088e-5,8.72970717854221e-6,0.11111022167729898,-0.11110931619722364
4214,24.4140625,-0.11111075015002475,3.9778872593971604e-11,6.3070494364616805e-6,1.352100574810192e-5,0.11111075015002475,-0.11110931627258842
4215,9.765625,-0.11111044387543519,1.0543571979237139e-11,3.2470866910566368e-6,2.5926971393750023e-5,0.11111044387543519,-0.11110931713594235
4216,3.90625,-0.1111103153539088,8.15992348982547e-12,2.856557979426546e-6,2.7570740201547542e-5,0.1111103153539088,-0.11110931790915565
4217,1.5625,-0.11111021242441937,2.1091182463493187e-11,4.592513741241629e-6,2.702955626191619e-5,0.11111021242441937,-0.11110931860177843
4218,0.625,-0.11111011659693062,4.729451735628259e-11,6.877100941260248e-6,2.634302322670009e-5,0.11111011659693062,-0.11110931925745579
4219,0.25,-0.11111002307777465,8.630666420405045e-11,9.290138007804321e-6,2.585853132066439e-5,0.11111002307777465,-0.11110931989966506
4220,0.1,-0.11110993035240611,1.3797268841444038e-10,1.1746177608670847e-5,2.5555790538671175e-5,0.11110993035240611,-0.11110932053747477
4221,0.1,-0.11110983915711371,2.0174451255298664e-10,1.4203679542744782e-5,2.5367401742989773e-5,0.11110983915711371,-0.11110932115781798
4222,0.1,-0.11110974971093884,2.7712767561181353e-10,1.6647152177228797e-5,2.5159567265884515e-5,0.11110974971093884,-0.11110932175869276
4223,0.1,-0.11110966222679024,3.6359060032848683e-10,1.9068051823101563e-5,2.4932146736173374e-5,0.11110966222679024,-0.11110932233816842
4224,0.1,-0.11110957691084704,4.605662948990166e-10,2.146080834682181e-5,2.468509972034626e-5,0.11110957691084704,-0.11110932289439703
4225,0.25,-0.11110949970996267,5.640462426829461e-10,2.374965773822743e-5,2.4420245483923364e-5,0.11110949970996267,-0.11110932332590714
4226,0.625,-0.11110944451220274,6.63470816316487e-10,2.5757927251944926e-5,2.3792751205893912e-5,0.11110944451220274,-0.11110932340959544
4227,1.5625,-0.1111094465477658,7.300714604537818e-10,2.701983457487817e-5,2.2196609123273477e-5,0.1111094465477658,-0.1111093225889524
4228,3.90625,-0.11110958355279034,6.953882996467762e-10,2.6370216147137972e-5,1.8190443809561804e-5,0.11110958355279034,-0.1111093198463959
4229,9.765625,-0.11110995890469302,4.530834567574567e-10,2.1285757133760988e-5,9.914895234418317e-6,0.11110995890469302,-0.11110931522562426
4230,24.4140625,-0.11111037094122639,7.545059246127948e-11,8.686230048834735e-6,1.7358945494683098e-5,0.11111037094122639,-0.11110931538985891
4231,9.765625,-0.11111031015150045,1.61175791211692e-11,4.014670487246643e-6,3.637996413105757e-5,0.11111031015150045,-0.11110931715346914
4232,3.90625,-0.11111031338565935,1.0650779173798478e-11,3.2635531516735678e-6,3.890417426744803e-5,0.11111031338565935,-0.11110931871644467
4233,1.5625,-0.11111032367430351,3.655337298618259e-11,6.045938552961201e-6,3.820276519972817e-5,0.11111032367430351,-0.11110932010683493
4234,0.625,-0.11111033564853984,8.976972128605006e-11,9.474688453244785e-6,3.726229736572456e-5,0.11111033564853984,-0.11110932141939597
4235,0.25,-0.1111103481566127,1.6943159680045644e-10,1.3016589292147787e-5,3.660077601622015e-5,0.1111103481566127,-0.11110932270476298
4236,0.1,-0.11111036087276459,2.752924811539621e-10,1.6591940246817492e-5,3.6195381497798956e-5,0.11111036087276459,-0.11110932398255888
4237,0.1,-0.11111037403179135,4.0631295667488073e-10,2.0157206073136244e-5,3.595105177088202e-5,0.11111037403179135,-0.11110932522674581
4238,0.1,-0.1111103876757523,5.615455631544662e-10,2.369695261324684e-5,3.567484745882337e-5,0.1111103876757523,-0.11110932643284895
4239,0.1,-0.11111040184345616,7.39958253597908e-10,2.7202173692517808e-5,3.536691827037593e-5,0.11111040184345616,-0.11110932759656571
4240,0.1,-0.11111041657032267,9.40438597194072e-10,3.066657133091458e-5,3.502749641334034e-5,0.11111041657032267,-0.11110932871378706
4241,0.25,-0.11111043325107017,1.154905446980595e-9,3.398389982007061e-5,3.4659008325525695e-5,0.11111043325107017,-0.11110932957608331
4242,0.625,-0.11111045497770684,1.3619524179080806e-9,3.690463951738427e-5,3.375667919311719e-5,0.11111045497770684,-0.1111093297231733
4243,1.5625,-0.1111104890979739,1.5030143945439261e-9,3.876872959672429e-5,3.142442059815819e-5,0.1111104890979739,-0.11110932800266965
4244,3.90625,-0.11111054906564169,1.4377317233165819e-9,3.791743297372044e-5,2.5477504003026285e-5,0.11111054906564169,-0.11110932228687444
4245,9.765625,-0.11111063477320378,9.4378667275829e-10,3.072111119016189e-5,1.2361302096877306e-5,0.11111063477320378,-0.11110931257505254
4246,24.4140625,-0.11111059242939131,1.579391616202696e-10,1.2567384836164985e-5,2.333122221405056e-5,0.11111059242939131,-0.11110931273031044
4247,9.765625,-0.1111104443446345,3.0621470193655314e-11,5.533666975311697e-6,5.201527068837395e-5,0.1111104443446345,-0.11110931640137571
4248,3.90625,-0.11111035358638327,1.6376574245150263e-11,4.046798023765242e-6,5.593861599884556e-5,0.11111035358638327,-0.11110931966588446
4249,1.5625,-0.11111027313398145,6.819131451312555e-11,8.257803249843482e-6,5.502491624934037e-5,0.11111027313398145,-0.11110932256494035
4250,0.625,-0.11111019589822951,1.7751785608161455e-10,1.3323582704423558e-5,5.370474492761274e-5,0.11111019589822951,-0.11110932529716734
4251,0.25,-0.11111011982185263,3.4254155046151846e-10,1.8507878064800364e-5,5.276663907597156e-5,0.11111011982185263,-0.11110932797058298
4252,0.1,-0.11111004422498065,5.627734263817268e-10,2.3722846085192367e-5,5.219159630718633e-5,0.11111004422498065,-0.11110933062765477
4253,0.1,-0.11110996941857014,8.3610953181142e-10,2.8915558646019964e-5,5.18467907365193e-5,0.11110996941857014,-0.11110933321553476
4254,0.1,-0.11110989550156902,1.1606167517378976e-9,3.406782575595187e-5,5.145444487526025e-5,0.11110989550156902,-0.1111093357246469
4255,0.1,-0.11110982257064654,1.534180114642105e-9,3.916861134431632e-5,5.1014829920977423e-5,0.11110982257064654,-0.11110933814578226
4256,0.1,-0.11110975071999367,1.9545117114239625e-9,4.4209859889214334e-5,5.052832070995469e-5,0.11110975071999367,-0.11110934047013907
4257,0.25,-0.11110968260516936,2.404906147262429e-9,4.903984244736548e-5,4.9998242522627745e-5,0.11110968260516936,-0.11110934226294422
4258,0.625,-0.11110962450079243,2.84099067563034e-9,5.330094441593263e-5,4.868906318219164e-5,0.11110962450079243,-0.11110934256100773
4259,1.5625,-0.11110959267357852,3.1411300621504704e-9,5.6045785409346084e-5,4.5288493289217e-5,0.11110959267357852,-0.11110933894714145
4260,3.90625,-0.11110962535901953,3.012922707406438e-9,5.4890096624131e-5,3.6560457337892934e-5,0.11110962535901953,-0.11110932693124011
4261,9.765625,-0.11110979002733955,1.9891338151561687e-9,4.459970644697304e-5,1.663752703607344e-5,0.11110979002733955,-0.1111093063695056
4262,24.4140625,-0.11111010124599179,3.383658977694238e-10,1.83947247266553e-5,3.243039733135223e-5,0.11111010124599179,-0.11110930631002111
4263,9.765625,-0.11111020687386612,6.344108412598933e-11,7.96499115667992e-6,7.510734687114487e-5,0.11111020687386612,-0.11110931402834116
4264,3.90625,-0.11111029927061057,2.827261214389397e-11,5.3171996524386755e-6,8.11079686065565e-5,0.11111029927061057,-0.11110932093469937
4265,1.5625,-0.11111038639218453,1.3327262208972914e-10,1.1544376210507398e-5,7.989764140630186e-5,0.11111038639218453,-0.11110932707006943
4266,0.625,-0.11111047172428246,3.602037032154913e-10,1.897903325292127e-5,7.802540456983296e-5,0.11111047172428246,-0.11110933284851729
4267,0.25,-0.11111055657504133,7.051792729044919e-10,2.6555211784214635e-5,7.668082768780094e-5,0.11111055657504133,-0.11110933849942477
4268,0.1,-0.11111064142244338,1.1671628825894252e-9,3.416376563831079e-5,7.585333720860672e-5,0.11111064142244338,-0.11110934411408106
4269,0.1,-0.11111072609329477,1.7417979635694725e-9,4.1734853103485014e-5,7.535634136536798e-5,0.11111072609329477,-0.11110934958348938
4270,0.1,-0.11111081049997407,2.4250559780372834e-9,4.9244857376555404e-5,7.478958555850142e-5,0.11111081049997407,-0.11110935488724803
4271,0.1,-0.11111089455278987,3.2125218214723106e-9,5.667911274422272e-5,7.415348428730918e-5,0.11111089455278987,-0.11110936000572913
4272,0.1,-0.11111097816022865,4.099412645785439e-9,6.402665574419328e-5,7.344859297760016e-5,0.11111097816022865,-0.11110936492016367
4273,0.25,-0.11111105936152194,5.050871462915797e-9,7.106948334493362e-5,7.267965367460457e-5,0.11111105936152194,-0.11110936871642718
4274,0.625,-0.11111113331558083,5.9741713748043e-9,7.729276405203982e-5,7.077762318706654e-5,0.11111113331558083,-0.11110936936470471
4275,1.5625,-0.11111118695492844,6.6147958350925596e-9,8.133139513799428e-5,6.582983304325205e-5,0.11111118695492844,-0.11110936176127104
4276,3.90625,-0.11111118717461763,6.359427974907062e-9,7.974602168702249e-5,5.3091378446225926e-5,0.11111118717461763,-0.11110933637577146
4277,9.765625,-0.11111106245478339,4.220668232969273e-9,6.496667016993616e-5,2.3469904611974628e-5,0.11111106245478339,-0.1111092926316069
4278,24.4140625,-0.1111106845424824,8.507359612285797e-11,9.22353490386728e-6,4.5141470238875874e-5,0.1111106845424824,-0.1111093218035451
4279,9.765625,-0.11111019646764224,9.022067229643359e-11,9.498456311234662e-6,2.4564722942817712e-5,0.11111019646764224,-0.11110932117024162
4280,3.90625,-0.11110998102832852,1.004362218598827e-10,1.0021787358544517e-5,1.6381558066205075e-5,0.11110998102832852,-0.11110932095179298
4281,1.5625,-0.11110980725362082,1.1304803248605391e-10,1.0632404830801634e-5,1.3247495720085954e-5,0.11110980725362082,-0.11110932092285492
4282,3.90625,-0.11110974469302404,1.1007847494985806e-10,1.0491828961142002e-5,1.1965627415070739e-5,0.11110974469302404,-0.11110932057119592
4283,9.765625,-0.11110996059580917,7.312563999512739e-11,8.551353109018911e-6,9.50601020254891e-6,0.11110996059580917,-0.11110931987513155
4284,24.4140625,-0.11111044473220621,1.5272353358949305e-11,3.907985844261633e-6,9.721173994054071e-6,0.11111044473220621,-0.11110931981753842
4285,9.765625,-0.11111022918318449,6.506114099333518e-12,2.550708548488737e-6,1.5260813097934837e-5,0.11111022918318449,-0.11110932007636758
4286,3.90625,-0.11111015205490972,5.7094432961826696e-12,2.3894441395819803e-6,1.601249459894634e-5,0.11111015205490972,-0.11110932032520916
4287,1.5625,-0.11111009108367886,9.32835126541744e-12,3.054234972201294e-6,1.570177781283592e-5,0.11111009108367886,-0.11110932055704963
4288,0.625,-0.11111003422585182,1.6733630201182666e-11,4.090676007847929e-6,1.5325506439691642e-5,0.11111003422585182,-0.11110932077999626
4289,0.25,-0.1111099785990679,2.776726453266896e-11,5.269465298554395e-6,1.5053528446088845e-5,0.1111099785990679,-0.1111093209991141
4290,0.1,-0.11110992335248045,4.236531840257357e-11,6.508864601647016e-6,1.4874924156573306e-5,0.11110992335248045,-0.11110932121642558
4291,0.1,-0.11110986979933253,6.035121373183833e-11,7.768604361906863e-6,1.4756225495875879e-5,0.11110986979933253,-0.111109321427898
4292,0.1,-0.11110981810749705,8.156892679752942e-11,9.031551738075214e-6,1.463200230744372e-5,0.11110981810749705,-0.11110932163311056
4293,0.1,-0.11110976843723087,1.0585443410158209e-10,1.0288558407356303e-5,1.4501740308643998e-5,0.11110976843723087,-0.111109321831645
4294,0.1,-0.11110972094072132,1.3303595260020456e-10,1.1534121232248453e-5,1.4365051058193986e-5,0.11110972094072132,-0.11110932202309294
4295,0.25,-0.11110968174019427,1.6194882401940963e-10,1.2725911520178413e-5,1.4222989620875551e-5,0.11110968174019427,-0.11110932217854827
4296,0.625,-0.11110966444139132,1.895561872776715e-10,1.3767940560507643e-5,1.3911525726183439e-5,0.11110966444139132,-0.11110932223493912
4297,1.5625,-0.11110970244395467,2.0765659735195734e-10,1.4410294839175128e-5,1.3150911085999216e-5,0.11110970244395467,-0.11110932203555954
4298,3.90625,-0.11110986524265257,1.9702659175592647e-10,1.403661610773503e-5,1.132650295790889e-5,0.11110986524265257,-0.11110932129569001
4299,9.765625,-0.11111022437321544,1.2881293320921127e-10,1.1349578547647101e-5,8.074050909482006e-6,0.11111022437321544,-0.11110932002445975
4300,24.4140625,-0.11111048796394457,2.4303412077564776e-11,4.929849092778071e-6,1.104298570604097e-5,0.11111048796394457,-0.11110932002607013
4301,9.765625,-0.11111035508115485,7.880581878912602e-12,2.8072374105003305e-6,2.0007320669745115e-5,0.11111035508115485,-0.11110932051455198
4302,3.90625,-0.11111030544707896,6.388141481702799e-12,2.527477295981667e-6,2.1244283007063932e-5,0.11111030544707896,-0.11110932096646957
4303,1.5625,-0.11111026737504756,1.350801196475186e-11,3.6753247427610883e-6,2.087100452961049e-5,0.11111026737504756,-0.11110932137819267
4304,0.625,-0.11111023246443918,2.8100785033439554e-11,5.301017358341657e-6,2.0382813417446777e-5,0.11111023246443918,-0.11110932177112208
4305,0.25,-0.11111019857600503,4.991086769318057e-11,7.064762394672632e-6,2.0037689279773657e-5,0.11111019857600503,-0.11110932215730954
4306,0.1,-0.11111016503974502,7.88561045655584e-11,8.880095977271777e-6,1.9822777288655936e-5,0.11111016503974502,-0.11110932254142397
4307,0.1,-0.1111101322125095,1.146371996612123e-10,1.0706876279345545e-5,1.9689866788362946e-5,0.1111101322125095,-0.11110932291588134
4308,0.1,-0.11111010019278071,1.5698275597825887e-10,1.2529275955866678e-5,1.9542415211852117e-5,0.11111010019278071,-0.11110932327952718
4309,0.1,-0.1111100690761775,2.0559988132139135e-10,1.4338754524762301e-5,1.9380388822437345e-5,0.1111100690761775,-0.11110932363124851
4310,0.1,-0.11111003895515077,2.601751713862925e-10,1.6129946416101092e-5,1.9203822664224695e-5,0.11111003895515077,-0.11110932396998012
4311,0.25,-0.11111001255573874,3.184803588246573e-10,1.7846018010319762e-5,1.90140144313127e-5,0.11111001255573874,-0.11110932423842844
4312,0.625,-0.11110999621638182,3.7463222619680985e-10,1.9355418522904894e-5,1.856164293924754e-5,0.11110999621638182,-0.11110932431061175
4313,1.5625,-0.11111000593592626,4.125696805589036e-10,2.031181135593041e-5,1.741086903274067e-5,0.11111000593592626,-0.11110932387168873
4314,3.90625,-0.11111007653865776,3.939257462980762e-10,1.9847562729415323e-5,1.4546174955745049e-5,0.11111007653865776,-0.1111093223422425
4315,9.765625,-0.11111025114099699,2.584707353324947e-10,1.6077025077186847e-5,8.883352862681914e-6,0.11111025114099699,-0.11110931972635724
4316,24.4140625,-0.111110419485073,4.510569095114067e-11,6.716077050714999e-6,1.3802635695034795e-5,0.111110419485073,-0.11110931976912276
4317,9.765625,-0.11111037782596904,1.1108487928504232e-11,3.332939832715891e-6,2.780808273846653e-5,0.11111037782596904,-0.11110932077447065
4318,3.90625,-0.11111036847902478,7.729757889998856e-12,2.7802442140932255e-6,2.9730635759117028e-5,0.11111036847902478,-0.11110932168075831
4319,1.5625,-0.11111036299061797,2.221387328163803e-11,4.713159585844514e-6,2.9230126387813033e-5,0.11111036299061797,-0.11110932249393146
4320,0.625,-0.11111035848686815,5.2251313304444486e-11,7.228506989997622e-6,2.8541066543819442e-5,0.11111035848686815,-0.11110932326464107
4321,0.25,-0.1111103543069029,9.734960393463872e-11,9.866590289184948e-6,2.805495015122234e-5,0.1111103543069029,-0.11110932402057885
4322,0.1,-0.11111035025471189,1.5737220648374964e-10,1.254480794925732e-5,2.775723462862907e-5,0.11111035025471189,-0.11110932477251961
4323,0.1,-0.1111103464201423,2.317382642856113e-10,1.5222951891325522e-5,2.757825775025716e-5,0.1111103464201423,-0.11110932550548876
4324,0.1,-0.11111034282632204,3.199160429527857e-10,1.788619699524708e-5,2.7375454898717234e-5,0.11111034282632204,-0.11110932621692049
4325,0.1,-0.11111033949472508,4.2132516566662036e-10,2.0526206801711328e-5,2.714896585011368e-5,0.11111033949472508,-0.11110932690434719
4326,0.1,-0.11111033644511825,5.353390024710188e-10,2.313739402938496e-5,2.689899202984641e-5,0.11111033644511825,-0.11110932756541103
4327,0.25,-0.11111033436567026,6.573961880025974e-10,2.5639738454254898e-5,2.6627300326652705e-5,0.11111033436567026,-0.11110932808145918
4328,0.625,-0.11111033481153254,7.753973765707486e-10,2.7845957993409896e-5,2.596012494546014e-5,0.11111033481153254,-0.11110932819036402
4329,1.5625,-0.11111034154717252,8.562052677759355e-10,2.926098542045253e-5,2.423569059098995e-5,0.11111034154717252,-0.11110932723508271
4330,3.90625,-0.11111036187222889,8.20259140546095e-10,2.864016655932879e-5,1.9857972410183032e-5,0.11111036187222889,-0.11110932399780088
4331,9.765625,-0.11111039900696126,5.408755586062161e-10,2.32567314686784e-5,1.048214294559632e-5,0.11111039900696126,-0.11110931845037042
4332,24.4140625,-0.11111039133292502,9.312083200491777e-11,9.649913574997331e-6,1.812243783256607e-5,0.11111039133292502,-0.11110931846494496
4333,9.765625,-0.11111033103556714,1.955591609421342e-11,4.422207151888457e-6,3.9623811251040117e-5,0.11111033103556714,-0.11110932057078327
4334,3.90625,-0.11111029685553742,1.0831274369432454e-11,3.291090149089273e-6,4.2638630374243745e-5,0.11111029685553742,-0.11110932246246595
4335,1.5625,-0.1111102670899551,4.001812078077009e-11,6.3259877316329095e-6,4.198188055614475e-5,0.1111102670899551,-0.11110932415030884
4336,0.625,-0.1111102386889285,1.0220801341423735e-10,1.0109797891859033e-5,4.100408283051606e-5,0.1111102386889285,-0.11110932574434379
4337,0.25,-0.11111021078632591,1.9636204896713603e-10,1.4012924354578385e-5,4.030695674207557e-5,0.11111021078632591,-0.11110932730533939
4338,0.1,-0.1111101830998635,3.2220600693005184e-10,1.795009768580806e-5,3.987983301808449e-5,0.1111101830998635,-0.11110932885729957
4339,0.1,-0.11111015581213483,4.785525192611644e-10,2.18758432811438e-5,3.962438020653696e-5,0.11111015581213483,-0.11110933036989636
4340,0.1,-0.11111012896738603,6.643064377211641e-10,2.577414281253916e-5,3.9333005684351e-5,0.11111012896738603,-0.11110933183760278
4341,0.1,-0.11111010260878446,8.78267533892236e-10,2.963557885198526e-5,3.900594180305291e-5,0.11111010260878446,-0.11110933325510246
4342,0.1,-0.1111100767783143,1.119135606546751e-9,3.345348422132964e-5,3.8643497812806354e-5,0.1111100767783143,-0.1111093346173118
4343,0.25,-0.11111005275238951,1.3774008662737515e-9,3.711335159041489e-5,3.824811893295553e-5,0.11111005275238951,-0.11110933567514036
4344,0.625,-0.11111003351036279,1.6277737518948193e-9,4.034567823069553e-5,3.726855314743233e-5,0.11111003351036279,-0.11110933587636371
4345,1.5625,-0.11111002671436088,1.8008692129031502e-9,4.243664940712391e-5,3.4722221524546595e-5,0.11111002671436088,-0.11110933383369893
4346,3.90625,-0.1111100500987071,1.7296458758375181e-9,4.1589011479446325e-5,2.8198508965686024e-5,0.1111100500987071,-0.11110932696190363
4347,9.765625,-0.11111013343945216,1.1460061954279433e-9,3.3852713265378645e-5,1.3544475823867583e-5,0.11111013343945216,-0.11110931513062555
4348,24.4140625,-0.11111027497848416,1.987408792401697e-10,1.409754869614465e-5,2.4868609684983658e-5,0.11111027497848416,-0.11110931496807684
4349,9.765625,-0.11111032433650718,3.9007777284837704e-11,6.245620648489444e-6,5.7182900371035814e-5,0.11111032433650718,-0.11110931941625052
4350,3.90625,-0.11111036651118052,1.7646569740497405e-11,4.20078203915621e-6,6.180959792967572e-5,0.11111036651118052,-0.11110932342376667
4351,1.5625,-0.11111040610550506,7.722624026687176e-11,8.787846167683624e-6,6.093302908505826e-5,0.11111040610550506,-0.11110932699398135
4352,0.625,-0.11111044484780289,2.0720757052908967e-10,1.4394706337021595e-5,5.95351228272102e-5,0.11111044484780289,-0.11110933036043644
4353,0.25,-0.11111048337868991,4.053501797393833e-10,2.013331020322747e-5,5.8527820895135386e-5,0.11111048337868991,-0.11110933365404808
4354,0.1,-0.11111052193075939,6.710671949150772e-10,2.5904964676970268e-5,5.790797804520515e-5,0.11111052193075939,-0.11110933692714381
4355,0.1,-0.11111056037340794,1.0018797963268654e-9,3.165248483653164e-5,5.753641934241078e-5,0.11111056037340794,-0.1111093401169997
4356,0.1,-0.11111059865926871,1.3954879874283807e-9,3.735623090500942e-5,5.711178436047342e-5,0.11111059865926871,-0.11110934321177492
4357,0.1,-0.11111063673977077,1.8493671933928973e-9,4.300426947865639e-5,5.663441978382773e-5,0.11111063673977077,-0.11110934620007672
4358,0.1,-0.11111067456528213,2.3607791052565648e-9,4.85878493582147e-5,5.6104776054516714e-5,0.11111067456528213,-0.11110934907100599
4359,0.25,-0.11111071101024521,2.909736773162812e-9,5.394197598496752e-5,5.552637429986505e-5,0.11111071101024521,-0.11110935129776182
4360,0.625,-0.11111074333210032,3.4430151175730952e-9,5.867721122866266e-5,5.409189004233934e-5,0.11111074333210032,-0.11110935170970679
4361,1.5625,-0.11111076420150454,3.814410238476883e-9,6.176091189803533e-5,5.035704583218972e-5,0.11111076420150454,-0.11110934736082535
4362,3.90625,-0.11111075542703835,3.6711708320659117e-9,6.059018758896453e-5,4.074644133633327e-5,0.11111075542703835,-0.11110933273571899
4363,9.765625,-0.11111067985432237,2.4432887551652315e-9,4.942963438227347e-5,1.85630862867042e-5,0.11111067985432237,-0.1111093074213351
4364,24.4140625,-0.11111049789000153,4.288841493059015e-10,2.0709518326264892e-5,3.4979420711482536e-5,0.11111049789000153,-0.11110930670180291
4365,9.765625,-0.11111040090980338,8.1703999135656e-11,9.039026448443217e-6,8.312298910779016e-5,0.11111040090980338,-0.11110931617068359
4366,3.90625,-0.11111032593019401,3.1058683742392315e-11,5.573031826788029e-6,9.014529867936404e-5,0.11111032593019401,-0.11110932474047616
4367,1.5625,-0.11111025699851801,1.5390226030843512e-10,1.2405734976551575e-5,8.89618219681145e-5,0.11111025699851801,-0.1111093323749207
4368,0.625,-0.11111019030142501,4.274971623714554e-10,2.0676004506950934e-5,8.695366246191392e-5,0.11111019030142501,-0.11110933956823389
4369,0.25,-0.11111012458229473,8.469666434739989e-10,2.910269134416951e-5,8.549243605716554e-5,0.11111012458229473,-0.11110934660156288
4370,0.1,-0.11111005940954853,1.4110192294711301e-9,3.756353590213693e-5,8.458856436028036e-5,0.11111005940954853,-0.1111093535883834
4371,0.1,-0.11110999495062401,2.1144208030240123e-9,4.5982831611635364e-5,8.404430207789487e-5,0.11110999495062401,-0.1111093603975351
4372,0.1,-0.11110993126256931,2.952289508161221e-9,5.4334974999177286e-5,8.342229046711901e-5,0.11110993126256931,-0.11110936700366926
4373,0.1,-0.11110986840054282,3.919265404648596e-9,6.260403664819542e-5,8.272301776798884e-5,0.11110986840054282,-0.11110937338238723
4374,0.1,-0.11110980641776598,5.009533345367124e-9,7.077805694823166e-5,8.194712053261612e-5,0.11110980641776598,-0.11110937951034208
4375,0.25,-0.11110974688816415,6.180858583512905e-9,7.86184366641369e-5,8.109973313212863e-5,0.11110974688816415,-0.11110938426763582
4376,0.625,-0.11110969356521588,7.320674588288053e-9,8.55609407865999e-5,7.900160100016096e-5,0.11110969356521588,-0.11110938516122279
4377,1.5625,-0.1111096563975612,8.11950252760576e-9,9.010828223646125e-5,7.353873990672552e-5,0.1111096563975612,-0.11110937590756295
4378,3.90625,-0.11110966032943503,7.8293115987242e-9,8.848339730550698e-5,5.9453343629729206e-5,0.11110966032943503,-0.111109344692521
4379,9.765625,-0.11110976015477705,5.23424067019721e-9,7.234805229028084e-5,2.646954880723842e-5,0.11110976015477705,-0.1111092903488454
4380,24.4140625,-0.11111014758004205,1.0089806080460696e-10,1.0044802676240432e-5,4.912982913312122e-5,0.11111014758004205,-0.11110932588310388
4381,9.765625,-0.11111048853103787,1.0749837843087497e-10,1.0368142477361843e-5,2.6731737320158242e-5,0.11111048853103787,-0.11110932512776384
4382,3.90625,-0.11111063673630832,1.1979892672728853e-10,1.094526960505261e-5,1.7628931796467308e-5,0.11111063673630832,-0.1111093248566141
4383,1.5625,-0.11111075456237555,1.3497755665107478e-10,1.1617984190515788e-5,1.41107156257575e-5,0.11111075456237555,-0.11110932481126366
4384,3.90625,-0.111110789693222,1.3142333502089612e-10,1.1464001701888226e-5,1.2664807914997131e-5,0.111110789693222,-0.11110932438017614
4385,9.765625,-0.11111061936989029,8.729185634212568e-11,9.343011096114875e-6,9.855727411659872e-6,0.11111061936989029,-0.11110932353744661
4386,24.4140625,-0.11111026122665159,1.7583131504870514e-11,4.193224475850358e-6,1.0104114256995761e-5,0.11111026122665159,-0.11110932347342609
4387,9.765625,-0.11111043113818732,6.82971147503768e-12,2.6133716679871005e-6,1.6475742185001015e-5,0.11111043113818732,-0.11110932378701902
4388,3.90625,-0.11111048309656404,5.737143662526649e-12,2.39523352985187e-6,1.7362929519287347e-5,0.11111048309656404,-0.11110932408427263
4389,1.5625,-0.11111052259220293,1.003386473022995e-11,3.1676276186177487e-6,1.7035702771929333e-5,0.11111052259220293,-0.11110932435867779
4390,0.625,-0.11111055900888073,1.8954038087708262e-11,4.353623558337154e-6,1.6624443118552626e-5,0.11111055900888073,-0.11110932462135138
4391,0.25,-0.11111059452892734,3.2306022043196173e-11,5.683838671461055e-6,1.6325695018919916e-5,0.11111059452892734,-0.11110932487904443
4392,0.1,-0.11111062978625459,5.0013549436713646e-11,7.072025836824527e-6,1.6129738555689354e-5,0.11111062978625459,-0.11110932513447008
4393,0.1,-0.11111066371278672,7.186777074368377e-11,8.47748610990804e-6,1.599997766392256e-5,0.11111066371278672,-0.11110932538291793
4394,0.1,-0.11111069617967069,9.768260070629899e-11,9.883450850097803e-6,1.5863394883703058e-5,0.11111069617967069,-0.11110932562384988
4395,0.1,-0.11111072706431953,1.272619113827173e-10,1.128104212308053e-5,1.5719469055015758e-5,0.11111072706431953,-0.1111093258567337
4396,0.1,-0.11111075625080802,1.6039985047422897e-10,1.266490625603794e-5,1.556780893657284e-5,0.11111075625080802,-0.111109326081051
4397,0.25,-0.1111107789111682,1.9570435355892817e-10,1.3989437213802712e-5,1.540960419462913e-5,0.1111107789111682,-0.11110932626179815
4398,0.625,-0.11111078437708573,2.2953741587912448e-10,1.5150492265240905e-5,1.5059900395719444e-5,0.11111078437708573,-0.11110932632231789
4399,1.5625,-0.11111074665771258,2.520472965211913e-10,1.5875997496887915e-5,1.420066214490982e-5,0.11111074665771258,-0.11110932607156272
4400,3.90625,-0.11111061282154304,2.4000220932239455e-10,1.549200469023924e-5,1.2117334622890816e-5,0.11111061282154304,-0.11110932515953947
4401,9.765625,-0.11111033577145546,1.5786955914150843e-10,1.2564615359871086e-5,8.255882184985027e-6,0.11111033577145546,-0.1111093235851349
4402,24.4140625,-0.11111017803238639,2.952720174332685e-11,5.433893792054354e-6,1.1572345970249367e-5,0.11111017803238639,-0.11110932356762197
4403,9.765625,-0.11111030019885508,8.761419050149769e-12,2.959969433989103e-6,2.1948881234613097e-5,0.11111030019885508,-0.1111093241705163
4404,3.90625,-0.11111035217615611,6.525561185647876e-12,2.5545177990469897e-6,2.341589248192535e-5,0.11111035217615611,-0.11110932472643806
4405,1.5625,-0.11111039430421384,1.500760263138626e-11,3.8739647173646616e-6,2.3026944477904e-5,0.11111039430421384,-0.11110932523040902
4406,0.625,-0.11111043372633764,3.277987742661797e-11,5.725371378925386e-6,2.2489492241968528e-5,0.11111043372633764,-0.11110932570979909
4407,0.25,-0.111110472289146,5.951869054316264e-11,7.714835743109677e-6,2.210505460764688e-5,0.111110472289146,-0.1111093261801505
4408,0.1,-0.11111051057665573,9.511925396669106e-11,9.752910025561144e-6,2.1863979289928e-5,0.11111051057665573,-0.11110932664757649
4409,0.1,-0.11111054828053844,1.392167461850536e-10,1.1799014627715892e-5,2.171394785531124e-5,0.11111054828053844,-0.11110932710302736
4410,0.1,-0.11111058531291168,1.914777488799973e-10,1.3837548514097332e-5,2.1547499290271663e-5,0.11111058531291168,-0.11110932754506671
4411,0.1,-0.11111062158801194,2.5154225540373316e-10,1.586008371364203e-5,2.1364585978214018e-5,0.11111062158801194,-0.1111093279723103
4412,0.1,-0.11111065702245687,3.190248779296786e-10,1.7861267534239517e-5,2.116523522642379e-5,0.11111065702245687,-0.11110932838343149
4413,0.25,-0.111110689221958,3.912076162604487e-10,1.9778969039372317e-5,2.095090791949763e-5,0.111110689221958,-0.11110932870796307
4414,0.625,-0.11111071259828315,4.609058301185839e-10,2.1468717477264075e-5,2.044149463689955e-5,0.11111071259828315,-0.11110932879049876
4415,1.5625,-0.11111071298895234,5.084774918157663e-10,2.254944548798853e-5,1.9144850544373727e-5,0.11111071298895234,-0.11110932824176777
4416,3.90625,-0.11111065926807398,4.868512876118969e-10,2.2064706832675046e-5,1.5898255916033305e-5,0.11111065926807398,-0.11110932634082349
4417,9.765625,-0.11111051086778631,3.2136105517510494e-10,1.7926546102780226e-5,9.28086779483018e-6,0.11111051086778631,-0.11110932306912434
4418,24.4140625,-0.11111035081385857,5.671011180178313e-11,7.530611648583608e-6,1.4747428856671236e-5,0.11111035081385857,-0.11110932306290315
4419,9.765625,-0.11111036448714605,1.3174687366668256e-11,3.6296952167734768e-6,3.08387459579361e-5,0.11111036448714605,-0.11110932431579833
4420,3.90625,-0.1111103535404788,8.091324364354046e-12,2.844525331993731e-6,3.3115524565040836e-5,0.1111103535404788,-0.11110932544968573
4421,1.5625,-0.11111034064974122,2.5454573005591276e-11,5.0452525214890165e-6,3.260169703191826e-5,0.11111034064974122,-0.11110932646591248
4422,0.625,-0.1111103274310134,6.23376457416988e-11,7.895419288530458e-6,3.18468215424383e-5,0.1111103274310134,-0.11110932742763778
4423,0.25,-0.11111031416349085,1.1810925919552516e-10,1.086780838971341e-5,3.130782980528011e-5,0.11111031416349085,-0.11110932836999665
4424,0.1,-0.1111103009140862,1.9259243871165331e-10,1.38777677856222e-5,3.0975583355152826e-5,0.1111103009140862,-0.11110932930685262
4425,0.1,-0.11111028757841868,2.850725103481949e-10,1.6884090450722978e-5,3.077474025132032e-5,0.11111028757841868,-0.11110933022001583
4426,0.1,-0.11111027414535056,3.9489021070564123e-10,1.9871844672944714e-5,3.0547054527434594e-5,0.11111027414535056,-0.1111093311062615
4427,0.1,-0.11111026060475555,5.213255737879773e-10,2.2832555130514353e-5,3.0292681474184877e-5,0.11111026060475555,-0.11110933196248829
4428,0.1,-0.11111024694758087,6.636008887705123e-10,2.576045202962309e-5,3.001184267267515e-5,0.11111024694758087,-0.11110933278573132
4429,0.25,-0.11111023272808161,8.16095057050971e-10,2.8567377496910195e-5,2.9706523761601527e-5,0.11111023272808161,-0.11110933342853095
4430,0.625,-0.11111021700136185,9.63880028251921e-10,3.1046417317492866e-5,2.8958254876280945e-5,0.11111021700136185,-0.11110933356430566
4431,1.5625,-0.11111019765027796,1.0660186909032562e-9,3.2649941667685355e-5,2.702370346783825e-5,0.11111019765027796,-0.11110933237269248
4432,3.90625,-0.11111017157860653,1.023954269568611e-9,3.19992854540318e-5,2.2095725609483036e-5,0.11111017157860653,-0.11110932832395042
4433,9.765625,-0.11111014500205309,6.793426584242134e-10,2.606420262398628e-5,1.1312219552181961e-5,0.11111014500205309,-0.1111093213323144
4434,24.4140625,-0.11111019412554642,1.1920204092398716e-10,1.0917968717851648e-5,1.965624357008539e-5,0.11111019412554642,-0.11110932121537573
4435,9.765625,-0.1111102759797202,2.4421558755817808e-11,4.9418173535469525e-6,4.426773222933155e-5,0.1111102759797202,-0.11110932386185181
4436,3.90625,-0.11111032985349537,1.1714260819158887e-11,3.4226102347709543e-6,4.781765299385766e-5,0.11111032985349537,-0.1111093262550045
4437,1.5625,-0.11111037840055053,4.7009641918778174e-11,6.856357773539693e-6,4.714508081964717e-5,0.11111037840055053,-0.11110932839154677
4438,0.625,-0.1111104253334287,1.2404078219890676e-10,1.1137359749909616e-5,4.607160055183512e-5,0.1111104253334287,-0.11110933040813888
4439,0.25,-0.11111047177286831,2.4146623589990207e-10,1.553918388783343e-5,4.529725811042404e-5,0.11111047177286831,-0.11110933238171991
4440,0.1,-0.11111051809831392,3.989272960822172e-10,1.997316439831749e-5,4.481982829896056e-5,0.11111051809831392,-0.1111093343430565
4441,0.1,-0.11111056414655134,5.94950385583933e-10,2.4391604817722287e-5,4.4532721535984694e-5,0.11111056414655134,-0.11110933625481782
4442,0.1,-0.11111060985552877,8.281663479791486e-10,2.877787949066346e-5,4.420520203008907e-5,0.11111060985552877,-0.11110933811001254
4443,0.1,-0.11111065516321196,1.0970739597131851e-9,3.3122106812719286e-5,4.383752718829209e-5,0.11111065516321196,-0.11110933990191331
4444,0.1,-0.11111070000775773,1.4000462867330402e-9,3.7417192395114845e-5,4.343003848088544e-5,0.11111070000775773,-0.11110934162408442
4445,0.25,-0.11111074286120762,1.7252632805193381e-9,4.1536288718653454e-5,4.298549789947342e-5,0.11111074286120762,-0.1111093429642422
4446,0.625,-0.11111078005646512,2.041255410840313e-9,4.5180254656656295e-5,4.1886488842144056e-5,0.11111078005646512,-0.11110934322855207
4447,1.5625,-0.11111080200113878,2.2615754307259706e-9,4.755602412656014e-5,3.903005082854414e-5,0.11111080200113878,-0.11110934067046314
4448,3.90625,-0.11111078597643283,2.1775631965034938e-9,4.6664367524948774e-5,3.1697076952046255e-5,0.11111078597643283,-0.11110933201639468
4449,9.765625,-0.11111069172926354,1.4514840926891839e-9,3.809834763725566e-5,1.4993849158189797e-5,0.11111069172926354,-0.11110931699694161
4450,24.4140625,-0.11111050969683138,2.571430641766071e-10,1.6035680970155496e-5,2.726605842438482e-5,0.11111050969683138,-0.1111093165061656
4451,9.765625,-0.11111043931886641,5.018065480774389e-11,7.083830517999699e-6,6.423999650015964e-5,0.11111043931886641,-0.11110932214151485
4452,3.90625,-0.11111037628120328,1.960883662933079e-11,4.428186607329324e-6,6.967455266202984e-5,0.11111037628120328,-0.1111093272572016
4453,1.5625,-0.11111031702896734,9.22386409226486e-11,9.604095007997817e-6,6.877732948422691e-5,0.11111031702896734,-0.11110933182082249
4454,0.625,-0.11111025928788384,2.545218919645745e-10,1.5953742255802382e-5,6.723767502996135e-5,0.11111025928788384,-0.11110933612326619
4455,0.25,-0.11111020220825486,5.035441015534651e-10,2.243978835803638e-5,6.61155337063234e-5,0.11111020220825486,-0.11110934033082567
4456,0.1,-0.11111014548419873,8.385284058741474e-10,2.8957354953001965e-5,6.542075167788829e-5,0.11111014548419873,-0.11110934451071904
4457,0.1,-0.11111008915501447,1.2563696785313269e-9,3.5445305451234676e-5,6.500197744458927e-5,0.11111008915501447,-0.11110934858496732
4458,0.1,-0.11111003325914891,1.7541666368984357e-9,4.1882772555054614e-5,6.452344816378571e-5,0.11111003325914891,-0.11110935253849734
4459,0.1,-0.11110997783438531,2.3287343431836953e-9,4.825696160331373e-5,6.398555343477538e-5,0.11110997783438531,-0.11110935635680187
4460,0.1,-0.11110992291782451,2.976617795088944e-9,5.4558388860824544e-5,6.338879726392342e-5,0.11110992291782451,-0.1111093600259995
4461,0.25,-0.11110986940351598,3.6727838237007083e-9,6.060349679433282e-5,6.273718081943583e-5,0.11110986940351598,-0.11110936288061182
4462,0.625,-0.11110981951141301,4.350504650478102e-9,6.595835542581472e-5,6.112501650009327e-5,0.11110981951141301,-0.11110936343891939
4463,1.5625,-0.11110977932443189,4.826282079178862e-9,6.947144794215003e-5,5.692948521238893e-5,0.11110977932443189,-0.11110935796485732
4464,3.90625,-0.11110976505391128,4.6563051069296395e-9,6.823712411092396e-5,4.612098649948235e-5,0.11110976505391128,-0.11110933942456136
4465,9.765625,-0.1111098175463474,3.1176325974356046e-9,5.583576450121915e-5,2.095606071351923e-5,0.1111098175463474,-0.11110930706943106
4466,24.4140625,-0.11111002694685804,5.601481432132959e-10,2.3667449022091416e-5,3.865052122667554e-5,0.11111002694685804,-0.11110930553000187
4467,9.765625,-0.1111101774492166,1.0754978576459435e-10,1.0370621281514157e-5,9.380032410227246e-5,0.1111101774492166,-0.11110931760944277
4468,3.90625,-0.11111029187201356,3.549465776684689e-11,5.957739316791806e-6,0.0001020556006715705,0.11111029187201356,-0.11110932863456213
4469,1.5625,-0.1111103974387403,1.8617711392384169e-10,1.3644673463437727e-5,0.00010085222652063346,0.1111103974387403,-0.11110933847526636
4470,0.625,-0.11111050027731081,5.302086813009166e-10,2.3026260688633674e-5,9.863775426728784e-5,0.11111050027731081,-0.11110934774895008
4471,0.25,-0.11111060240685619,1.0612350978730474e-9,3.2576603534945864e-5,9.700848296199485e-5,0.11111060240685619,-0.11110935681422561
4472,0.1,-0.11111070453743871,1.7775648658345711e-9,4.216117723492278e-5,9.59954831016424e-5,0.11111070453743871,-0.11110936581743054
4473,0.1,-0.11111080642424052,2.6726161195512143e-9,5.1697351185057966e-5,9.538322382838648e-5,0.11111080642424052,-0.11110937459404813
4474,0.1,-0.11111090794250393,3.740207284413935e-9,6.115723411350398e-5,9.468303306196004e-5,0.11111090794250393,-0.11110938311152278
4475,0.1,-0.11111100896528504,4.973545970003749e-9,7.052337179973564e-5,9.389546763798352e-5,0.11111100896528504,-0.11110939133850858
4476,0.1,-0.11111110936384304,6.3652578537720236e-9,7.978256610169933e-5,9.302124815185585e-5,0.11111110936384304,-0.1111093992449981
4477,0.25,-0.1111112063369932,7.86204413372507e-9,8.866816866116651e-5,9.206617381168547e-5,0.1111112063369932,-0.11110940540531355
4478,0.625,-0.11111129301812732,9.321668122790387e-9,9.654878623157511e-5,8.970331944305879e-5,0.11111129301812732,-0.11110940663949033
4479,1.5625,-0.11111135113387087,1.0352592199898049e-8,0.00010174768891674174,8.355053686471176e-5,0.11111135113387087,-0.1111093949174817
4480,3.90625,-0.11111133607256636,1.0006097490591324e-8,0.00010003048280694902,6.766997345186047e-5,0.11111133607256636,-0.11110935505953709
4481,9.765625,-0.11111116187712182,6.728042275645395e-9,8.202464431892036e-5,3.0261850461299438e-5,0.11111116187712182,-0.11110928510950875
4482,24.4140625,-0.11111086094277571,1.2486698902678214e-10,1.1174389872685763e-5,5.4564626127550755e-5,0.11111086094277571,-0.1111093301080553
4483,9.765625,-0.11111009246294518,1.3237502405490213e-10,1.1505434544375198e-5,2.9772031273257163e-5,0.11111009246294518,-0.11110932918689194
4484,3.90625,-0.11110977876005435,1.48757782136835e-10,1.2196629949983519e-5,1.967464164863171e-5,0.11110977876005435,-0.11110932885077267
4485,1.5625,-0.11110952705642196,1.6894471636214784e-10,1.2997873532318578e-5,1.5637653654609246e-5,0.11110952705642196,-0.1111093287879733
4486,3.90625,-0.11110945311324687,1.6557898264284766e-10,1.2867749711695811e-5,1.3935789580606894e-5,0.11110945311324687,-0.11110932823250118
4487,9.765625,-0.11110981061976398,1.0950572379098193e-10,1.0464498257966406e-5,1.0507491359824769e-5,0.11110981061976398,-0.11110932715333013
4488,24.4140625,-0.11111052417480621,2.155482753332224e-11,4.642717688307382e-6,1.0642340866419125e-5,0.11111052417480621,-0.1111093270652543
4489,9.765625,-0.11111018017519886,7.536559836879507e-12,2.7452795553239213e-6,1.8271304612516114e-5,0.11111018017519886,-0.11110932746789265
4490,3.90625,-0.11111005744684743,6.148445070823014e-12,2.4796058297283893e-6,1.9291818835018618e-5,0.11111005744684743,-0.11110932783918737
4491,1.5625,-0.11110996092243391,1.166527310630354e-11,3.4154462528787565e-6,1.8911059166172513e-5,0.11110996092243391,-0.11110932817827415
4492,0.625,-0.1111098710804525,2.311411336622666e-11,4.807713943885041e-6,1.8436169840043828e-5,0.1111098710804525,-0.111109328501258
4493,0.25,-0.11110978324448517,4.0255038741205945e-11,6.344685866235297e-6,1.8091850349891887e-5,0.11110978324448517,-0.11110932881747666
4494,0.1,-0.1111096960305107,6.299359433115058e-11,7.936850403727575e-6,1.786631014607067e-5,0.1111096960305107,-0.11110932913067002
4495,0.1,-0.11110961151682204,9.105597441223008e-11,9.542325419531136e-6,1.7717132244104403e-5,0.11110961151682204,-0.11110932943495844
4496,0.1,-0.11110952997431012,1.2420089141898267e-10,1.1144545366186217e-5,1.7559680635970066e-5,0.11110952997431012,-0.11110932972963816
4497,0.1,-0.11110945166181008,1.6217374904157821e-10,1.2734745739180591e-5,1.73933902449642e-5,0.11110945166181008,-0.11110933001401639
4498,0.1,-0.11110937682534446,2.047071774091905e-10,1.4307591600587099e-5,1.7217840226200517e-5,0.11110937682534446,-0.1111093302874193
4499,0.25,-0.11110931525342957,2.4997139664363003e-10,1.5810483757419634e-5,1.7034412953582686e-5,0.11110931525342957,-0.11110933050509816
4500,0.625,-0.11110928872584282,2.9320109634945397e-10,1.7123115848158417e-5,1.6628193968268406e-5,0.11110928872584282,-0.11110933056906468
4501,1.5625,-0.11110935072427289,3.215738048471228e-10,1.793247904911986e-5,1.562893051264748e-5,0.11110935072427289,-0.11110933023585022
4502,3.90625,-0.11110961245516356,3.0529037941385974e-10,1.7472560757194685e-5,1.3198736090784766e-5,0.11110961245516356,-0.11110932906291805
4503,9.765625,-0.1111101874424982,2.0032530887582431e-10,1.4153632356247789e-5,8.618425017762291e-6,0.1111101874424982,-0.11110932705415717
4504,24.4140625,-0.11111060251663206,3.762425695133483e-11,6.1338615040881735e-6,1.2467023336048325e-5,0.11111060251663206,-0.11110932700670945
4505,9.765625,-0.1111103876253451,1.0248365236652505e-11,3.2013068013941597e-6,2.4503923189656505e-5,0.1111103876253451,-0.11110932777491825
4506,3.90625,-0.11111030692747265,6.898889782449409e-12,2.6265737725122835e-6,2.6265956568002746e-5,0.11111030692747265,-0.11110932848199155
4507,1.5625,-0.11111024449914081,1.734608706478679e-11,4.164863390891325e-6,2.585668449524645e-5,0.11111024449914081,-0.11110932912051166
4508,0.625,-0.1111101870441842,3.973577701376797e-11,6.30363204936392e-6,2.525665836578539e-5,0.1111101870441842,-0.1111093297262631
4509,0.25,-0.11111013119362126,7.36464149333769e-11,8.581748943739667e-6,2.4822735564651334e-5,0.11111013119362126,-0.11110933031975552
4510,0.1,-0.11111007589445406,1.1894217384105723e-10,1.0906061334920927e-5,2.4549065906429363e-5,0.11111007589445406,-0.11110933090915893
4511,0.1,-0.11111002170516693,1.751621440835962e-10,1.3234883606726438e-5,2.4377943295568488e-5,0.11111002170516693,-0.11110933148325554
4512,0.1,-0.11110996877934742,2.418822914300259e-10,1.5552565429215394e-5,2.4187819530707837e-5,0.11110996877934742,-0.11110933204018794
4513,0.1,-0.1111099172658812,3.1864419099688995e-10,1.7850607580608845e-5,2.3978654746236845e-5,0.1111099172658812,-0.11110933257816487
4514,0.1,-0.11110986730850818,4.049566167225666e-10,2.0123533902437875e-5,2.3750489281063644e-5,0.11110986730850818,-0.11110933309547315
4515,0.25,-0.1111098231698364,4.973714600631153e-10,2.2301826384023246e-5,2.3504989241139603e-5,0.1111098231698364,-0.11110933350240779
4516,0.625,-0.11110979474824305,5.867660992267181e-10,2.4223255339171863e-5,2.2922420985516733e-5,0.11110979474824305,-0.1111093336006587
4517,1.5625,-0.111109806979206,6.481885624471973e-10,2.5459547569569993e-5,2.1438665065772267e-5,0.111109806979206,-0.11110933289272314
4518,3.90625,-0.11110991386440353,6.21801629519859e-10,2.4935950543740237e-5,1.7706153688099617e-5,0.11110991386440353,-0.11110933045338406
4519,9.765625,-0.11111018059683168,4.1233577091583444e-10,2.030605256852829e-5,9.891684597135836e-6,0.11111018059683168,-0.11110932623544727
4520,24.4140625,-0.11111042744193647,7.369062747043321e-11,8.584324520335495e-6,1.6052460293353032e-5,0.11111042744193647,-0.11110932615510231
4521,9.765625,-0.11111035718892827,1.6318478125135226e-11,4.039613610871122e-6,3.474811400653188e-5,0.11111035718892827,-0.1111093277636913
4522,3.90625,-0.11111034305329603,8.749765409560188e-12,2.9580002382623614e-6,3.7464066212786995e-5,0.11111034305329603,-0.11110932922549038
4523,1.5625,-0.11111033545908604,3.023987945785468e-11,5.499079873747487e-6,3.692831079302722e-5,0.11111033545908604,-0.11110933053461032
4524,0.625,-0.11111032952158789,7.697016665795954e-11,8.773264310275825e-6,3.6087572461436526e-5,0.11111032952158789,-0.11110933177198717
4525,0.25,-0.11111032412070344,1.4810913733714453e-10,1.2170009750905894e-5,3.5480356746558366e-5,0.11111032412070344,-0.1111093329833995
4526,0.1,-0.1111103189264968,2.434216660082778e-10,1.5601976349433358e-5,3.5103698409635266e-5,0.1111103189264968,-0.11110933418713258
4527,0.1,-0.11111031416853323,3.6199980314465803e-10,1.902629241719621e-5,3.48747509760357e-5,0.11111031416853323,-0.11110933536035042
4528,0.1,-0.11111030989151945,5.030003090406427e-10,2.2427668381725343e-5,3.4615127519463596e-5,0.11111030989151945,-0.1111093364988784
4529,0.1,-0.11111030613737337,6.655017857266137e-10,2.5797321289750485e-5,3.4325005229163694e-5,0.11111030613737337,-0.11110933759870083
4530,0.1,-0.11111030294510217,8.48508472279397e-10,2.9129168753663345e-5,3.400463351478828e-5,0.11111030294510217,-0.11110933865597743
4531,0.25,-0.11111030173954231,1.0448687688265083e-9,3.2324429907215815e-5,3.365628283972207e-5,0.11111030173954231,-0.1111093394817258
4532,0.625,-0.11111030572367588,1.2355707032434696e-9,3.515068567245125e-5,3.2804447378733106e-5,0.11111030572367588,-0.11110933965646252
4533,1.5625,-0.11111032269750032,1.3684220524321066e-9,3.699218907326392e-5,3.060206259065649e-5,0.11111032269750032,-0.11110933812446958
4534,3.90625,-0.11111036821251286,1.3174848217460272e-9,3.629717374322727e-5,2.4975385185502147e-5,0.11111036821251286,-0.1111093329066806
4535,9.765625,-0.11111045265217702,8.788966994977373e-10,2.9646191989827923e-5,1.242310408752501e-5,0.11111045265217702,-0.11110932383409473
4536,24.4140625,-0.11111046888794379,1.570617575253914e-10,1.2532428237392441e-5,2.167606594468464e-5,0.11111046888794379,-0.1111093235193435
4537,9.765625,-0.11111037594944702,3.167002808994379e-11,5.627613001081701e-6,5.019793205056482e-5,0.11111037594944702,-0.1111093269410438
4538,3.90625,-0.11111032208651735,1.3121580907096415e-11,3.6223722761605293e-6,5.441336932236048e-5,0.11111032208651735,-0.11110933005570785
4539,1.5625,-0.11111027496478697,5.707729695598387e-11,7.55495181692007e-6,5.371593993493588e-5,0.11111027496478697,-0.11110933283864048
4540,0.625,-0.11111022992920783,1.5531517186941632e-10,1.2462550777004534e-5,5.2519445581404784e-5,0.11111022992920783,-0.11110933546420824
4541,0.25,-0.1111101856598503,3.0605632574972734e-10,1.7494465574853303e-5,5.164658164592719e-5,0.1111101856598503,-0.11110933803243295
4542,0.1,-0.11111014172491313,5.088182637714407e-10,2.2557000327424758e-5,5.110509547316137e-5,0.11111014172491313,-0.11110934058376097
4543,0.1,-0.11111009833093616,7.61714819440597e-10,2.7599181499468366e-5,5.077767835429159e-5,0.11111009833093616,-0.11110934307083105
4544,0.1,-0.11111005554008362,1.0629820102551948e-9,3.260340488745301e-5,5.040416565708155e-5,0.11111005554008362,-0.11110934548454807
4545,0.1,-0.11111001341285243,1.4106852015287685e-9,3.7559089466183394e-5,4.998485426974935e-5,0.11111001341285243,-0.1111093478161576
4546,0.1,-0.1111099720079413,1.8027272877373283e-9,4.245853609979186e-5,4.952013361789043e-5,0.1111099720079413,-0.11110935005728412
4547,0.25,-0.11110993302810807,2.2239768445378136e-9,4.7159058986983755e-5,4.9013173142560646e-5,0.11110993302810807,-0.11110935180503909
4548,0.625,-0.1111099004793111,2.634111495086088e-9,5.132359589005907e-5,4.7762865176952224e-5,0.1111099004793111,-0.1111093521625107
4549,1.5625,-0.1111098846908863,2.9222502765591544e-9,5.405784195247859e-5,4.451435626371374e-5,0.1111098846908863,-0.11110934886780803
4550,3.90625,-0.11110990961514515,2.8201501325681758e-9,5.310508575050205e-5,3.616150373480743e-5,0.11110990961514515,-0.11110933765904071
4551,9.765625,-0.11111001554803704,1.890373969281593e-9,4.347843108118775e-5,1.6910873852304718e-5,0.11111001554803704,-0.11110931805964253
4552,24.4140625,-0.11111020106741384,3.420516069582022e-10,1.849463724862432e-5,3.036490384428568e-5,0.11111020106741384,-0.11110931706202874
4553,9.765625,-0.11111026864523595,6.696028270537178e-11,8.182926292309603e-6,7.317948461575681e-5,0.11111026864523595,-0.1111093243932071
4554,3.90625,-0.11111033111671001,2.2782686984494136e-11,4.773121304188082e-6,7.962469757740808e-5,0.11111033111671001,-0.11110933110024361
4555,1.5625,-0.11111039028179823,1.1375901382059665e-10,1.066578706990706e-5,7.869977613071562e-5,0.11111039028179823,-0.11110933709305314
4556,0.625,-0.11111044832119153,3.2203031997723423e-10,1.7945203258175545e-5,7.69817971177716e-5,0.11111044832119153,-0.11110934274300757
4557,0.25,-0.11111050609292973,6.437235382233713e-10,2.5371707436106292e-5,7.571594824452472e-5,0.11111050609292973,-0.11110934826669454
4558,0.1,-0.11111056391663388,1.0777995945363087e-9,3.2829858277737184e-5,7.492798623101803e-5,0.11111056391663388,-0.11110935375260102
4559,0.1,-0.11111062170501285,1.6202682813652374e-9,4.025255620908115e-5,7.445103073152011e-5,0.11111062170501285,-0.1111093591009379
4560,0.1,-0.11111067939745818,2.2673773089711998e-9,4.7616985509072284e-5,7.390577944520032e-5,0.11111067939745818,-0.11110936429196476
4561,0.1,-0.11111073693130046,3.015004713717403e-9,5.490905857613481e-5,7.329268157471372e-5,0.11111073693130046,-0.11110936930667609
4562,0.1,-0.11111079424200603,3.8586764045923854e-9,6.211824534379883e-5,7.261231343344226e-5,0.11111079424200603,-0.1111093741268804
4563,0.25,-0.1111108500695746,4.766137304696934e-9,6.903721680873973e-5,7.186925443771643e-5,0.1111108500695746,-0.11110937788830684
4564,0.625,-0.11111090125081849,5.651311068125497e-9,7.517520248143996e-5,7.003330072015587e-5,0.11111090125081849,-0.11110937866299733
4565,1.5625,-0.1111109391707408,6.27722383987389e-9,7.922893309816743e-5,6.525571451710585e-5,0.1111109391707408,-0.11110937158112963
4566,3.90625,-0.11111094182654326,6.069424461590702e-9,7.79065110346414e-5,5.293396476353752e-5,0.11111094182654326,-0.11110934742824333
4567,9.765625,-0.11111086130252072,4.085438833685548e-9,6.391743763391605e-5,2.4036518436892003e-5,0.11111086130252072,-0.11110930496676506
4568,24.4140625,-0.11111063060097719,7.492703356644529e-10,2.737280284633733e-5,4.334686600237664e-5,0.11111063060097719,-0.11110930221655799
4569,9.765625,-0.11111049141603735,1.4537086012796364e-10,1.2056983873588106e-5,0.00010723347449066328,0.11111049141603735,-0.11110931802297015
4570,3.90625,-0.11111038001743999,4.222496381434857e-11,6.498073854177757e-6,0.00011700536792575968,0.11111038001743999,-0.11110933256129708
4571,1.5625,-0.1111102771533272,2.3222766982198284e-10,1.5239018007141498e-5,0.00011576185913586054,0.1111102771533272,-0.11110934556064732
4572,0.625,-0.11111017750339215,6.764276397402257e-10,2.600822254096242e-5,0.0001132803374799254,0.11111017750339215,-0.11110935781273405
4573,0.25,-0.11111007929499657,1.3663135858557007e-9,3.696367927920191e-5,0.00011143493107841587,0.11111007929499657,-0.11110936978644881
4574,0.1,-0.11110998191530984,2.2995810166103673e-9,4.795394683037432e-5,0.00011028089145308248,0.11110998191530984,-0.11110938167501254
4575,0.1,-0.11110988548493343,3.4676902660168323e-9,5.888709761923092e-5,0.00010957970132007871,0.11110988548493343,-0.1111093932664553
4576,0.1,-0.11110979007445931,4.862573474595211e-9,6.973215524128887e-5,0.00010877796746733967,0.11110979007445931,-0.11110940451798716
4577,0.1,-0.11110969575158823,6.475366208215782e-9,8.04696601721157e-5,0.00010787634584551323,0.11110969575158823,-0.11110941538840369
4578,0.1,-0.11110960258112934,8.296445067184225e-9,9.108482347342078e-5,0.00010687567460446029,0.11110960258112934,-0.11110942583825267
4579,0.25,-0.11110951238358728,1.0256755930679004e-8,0.0001012756433239454,0.00010578266623887989,0.11110951238358728,-0.11110943400636746
4580,0.625,-0.11110942956976999,1.217188486286698e-8,0.00011032626551672535,0.00010308558518880694,0.11110942956976999,-0.11110943573449965
4581,1.5625,-0.11110936598084845,1.3533729426782812e-8,0.00011633455817934244,9.606742979900357e-5,0.11110936598084845,-0.11110942050466242
4582,3.90625,-0.11110935213348923,1.3108543962894816e-8,0.00011449254981392814,7.794316521107066e-5,0.11110935213348923,-0.11110936833642182
4583,9.765625,-0.11110946004221718,8.861131628427033e-9,9.413358395613668e-5,3.504750174139494e-5,0.11110946004221718,-0.11110927610223753
4584,24.4140625,-0.11111006443222994,1.5826589841170375e-10,1.2580377514673546e-5,6.14339691225996e-5,0.11111006443222994,-0.11110933455244879
4585,9.765625,-0.11111053101390464,1.6894802520051219e-10,1.2998000815529756e-5,3.341234729378632e-5,0.11111053101390464,-0.11110933336231205
4586,3.90625,-0.11111072083592013,1.8945061907666003e-10,1.3764106185170907e-5,2.1810136852032466e-5,0.11111072083592013,-0.11110933291610527
4587,1.5625,-0.11111087169266103,2.1476505140560521e-10,1.4654864428086846e-5,1.7174497072703502e-5,0.11111087169266103,-0.11110933282068408
4588,3.90625,-0.11111091138973118,2.1028450457213577e-10,1.4501189764020597e-5,1.5218719115075366e-5,0.11111091138973118,-0.11110933210153029
4589,9.765625,-0.11111068208153889,1.3976124295406634e-10,1.1822065934263196e-5,1.124250024107671e-5,0.11111068208153889,-0.11110933071214298
4590,24.4140625,-0.11111024065500931,2.6564901128035903e-11,5.154114970393647e-6,1.1403219387118234e-5,0.11111024065500931,-0.11110933060626312
4591,9.765625,-0.11111047127782862,8.417207034431427e-12,2.901242326044384e-6,2.03193587841623e-5,0.11111047127782862,-0.11110933111848402
4592,3.90625,-0.11111054258067228,6.254398741649738e-12,2.5008795935929697e-6,2.1580978636832633e-5,0.11111054258067228,-0.11110933159087591
4593,1.5625,-0.11111059702280249,1.3003569195566499e-11,3.606046199865789e-6,2.118368832470426e-5,0.11111059702280249,-0.11110933201949248
4594,0.625,-0.11111064730431726,2.7398404370178582e-11,5.234348514397812e-6,2.06540333265151e-5,0.11111064730431726,-0.1111093324260129
4595,0.25,-0.1111106963751057,4.91217958142649e-11,7.008694301670241e-6,2.0264456133445872e-5,0.1111106963751057,-0.11110933282313876
4596,0.1,-0.11111074509208152,7.804863699068636e-11,8.834513964598525e-6,2.000739578331313e-5,0.11111074509208152,-0.11110933321603934
4597,0.1,-0.11111079200781848,1.1384215283375319e-10,1.0669683820702148e-5,1.9836441478109134e-5,0.11111079200781848,-0.11110933359753804
4598,0.1,-0.11111083694750616,1.5620014534512355e-10,1.2498005654708416e-5,1.9655727796858015e-5,0.11111083694750616,-0.11110933396671592
4599,0.1,-0.11111087974476162,2.048034979305664e-10,1.4310957268141303e-5,1.9464610599028982e-5,0.11111087974476162,-0.11110933432266878
4600,0.1,-0.11111092024215068,2.5931677206296205e-10,1.6103315561180625e-5,1.9262603711334355e-5,0.11111092024215068,-0.1111093346645163
4601,0.25,-0.11111095189636598,3.1748506584162597e-10,1.7818110613688142e-5,1.905129643311977e-5,0.11111095189636598,-0.1111093349353148
4602,0.625,-0.11111096024524923,3.7341068259380905e-10,1.9323837160196964e-5,1.8583929669248053e-5,0.11111096024524923,-0.11110933500972897
4603,1.5625,-0.11111091004678343,4.111124437073969e-10,2.0275907962589416e-5,1.7431070496468976e-5,0.11111091004678343,-0.1111093345745047
4604,3.90625,-0.11111072949149309,3.9284064562780826e-10,1.9820208011718954e-5,1.459438659548511e-5,0.11111072949149309,-0.11110933305141754
4605,9.765625,-0.11111035439600048,2.602993016809776e-10,1.6133793778308237e-5,8.976201646193236e-6,0.11111035439600048,-0.11110933041436309
4606,24.4140625,-0.11111013782189053,4.8602277261426066e-11,6.971533350807845e-6,1.3403073325524441e-5,0.11111013782189053,-0.11110933031861082
4607,9.765625,-0.11111029500885551,1.2377893728449115e-11,3.5182230924785194e-6,2.771611964431941e-5,0.11111029500885551,-0.11110933131847497
4608,3.90625,-0.11111035924048014,7.425390492487246e-12,2.7249569707588493e-6,2.9831423938315977e-5,0.11111035924048014,-0.11110933223909834
4609,1.5625,-0.11111041075101102,2.0573559236739944e-11,4.53580855380162e-6,2.9396489878341987e-5,0.11111041075101102,-0.11110933306811908
4610,0.625,-0.11111045879989379,4.938343245458171e-11,7.027334662201717e-6,2.8719878489163532e-5,0.11111045879989379,-0.11110933385287057
4611,0.25,-0.11111050575753595,9.329545167055551e-11,9.658957069505771e-6,2.8225301621045704e-5,0.11111050575753595,-0.11110933462079198
4612,0.1,-0.1111105523704105,1.5212859226559693e-10,1.2334042008425175e-5,2.7911536629448344e-5,0.1111105523704105,-0.11110933538294081
4613,0.1,-0.11111059823527636,2.2529013375192144e-10,1.5009668009383867e-5,2.7714357020411108e-5,0.11111059823527636,-0.11110933612508976
4614,0.1,-0.11111064323959476,3.1223121455593243e-10,1.767006549382125e-5,2.7495143775126675e-5,0.11111064323959476,-0.11110933684479493
4615,0.1,-0.11111068727363148,4.123580436346349e-10,2.0306600986739136e-5,2.7253851410478003e-5,0.11111068727363148,-0.1111093375396997
4616,0.1,-0.11111073023080321,5.25033952311743e-10,2.2913619362984605e-5,2.699052233007281e-5,0.11111073023080321,-0.11110933820754815
4617,0.25,-0.11111076902737546,6.458186767378213e-10,2.541296276977207e-5,2.6707076823355274e-5,0.11111076902737546,-0.11110933873173125
4618,0.625,-0.11111079647972284,7.629499068826643e-10,2.7621547872678396e-5,2.6035766382943724e-5,0.11111079647972284,-0.11110933885379788
4619,1.5625,-0.1111107944319058,8.442008242941352e-10,2.9055134215730878e-5,2.4324942041033152e-5,0.1111107944319058,-0.11110933792391375
4620,3.90625,-0.11111072328813741,8.119923446165316e-10,2.8495479371586846e-5,2.0000075578498224e-5,0.11111072328813741,-0.11110933472621987
4621,9.765625,-0.11111053348057534,5.414026380108076e-10,2.3268060469467746e-5,1.069031550014916e-5,0.11111053348057534,-0.11110932916276717
4622,24.4140625,-0.11111034290033796,9.782271609832272e-11,9.890536694149753e-6,1.7691137659275855e-5,0.11111034290033796,-0.11110932896970503
4623,9.765625,-0.11111036909733395,2.0844960485754302e-11,4.5656281589453055e-6,3.9631745240651695e-5,0.11111036909733395,-0.11110933108157732
4624,3.90625,-0.11111035915215658,9.654856196582754e-12,3.107226447586779e-6,4.2884475309864904e-5,0.11111035915215658,-0.11110933300911177
4625,1.5625,-0.11111034622230746,3.6891599227201615e-11,6.0738455057073695e-6,4.231955215013622e-5,0.11111034622230746,-0.11110933473461848
4626,0.625,-0.11111033274382194,9.74708576710613e-11,9.872733039592497e-6,4.1371940194264254e-5,0.11111033274382194,-0.11110933636392882
4627,0.25,-0.11111031917076081,1.902741593108848e-10,1.3793989970667835e-5,4.0680067589309167e-5,0.11111031917076081,-0.11110933795785512
4628,0.1,-0.11111030561937228,3.1498138373964274e-10,1.774771488782831e-5,4.024829866963765e-5,0.11111030561937228,-0.11110933954095464
4629,0.1,-0.11111029191772677,4.704114382065281e-10,2.168897042753593e-5,3.9984427332355e-5,0.11111029191772677,-0.11110934108386246
4630,0.1,-0.11111027804507834,6.554605415833365e-10,2.5601963627490303e-5,3.968519939817221e-5,0.11111027804507834,-0.11110934258106235
4631,0.1,-0.11111026398207392,8.689223372615422e-10,2.9477488652555566e-5,3.9350817510503304e-5,0.11111026398207392,-0.1111093440272462
4632,0.1,-0.11111024971085263,1.109492848671103e-9,3.3309050551931126e-5,3.898156431998668e-5,0.11111024971085263,-0.11110934541733793
4633,0.25,-0.11111023445787499,1.3678707651264864e-9,3.698473692114744e-5,3.858006698584303e-5,0.11111023445787499,-0.11110934650371805
4634,0.625,-0.11111021655053231,1.6193073390761813e-9,4.024061802552467e-5,3.7600649911068e-5,0.11111021655053231,-0.11110934673562352
4635,1.5625,-0.11111019211555358,1.7957894150324793e-9,4.2376755598234265e-5,3.506883139001494e-5,0.11111019211555358,-0.11110934472443079
4636,3.90625,-0.11111015465005655,1.732818597064325e-9,4.162713774768e-5,2.858453453498454e-5,0.11111015465005655,-0.11110933785367479
4637,9.765625,-0.1111101087649646,1.1620843036307663e-9,3.4089357630069335e-5,1.3872097327967753e-5,0.1111101087649646,-0.11110932582671704
4638,24.4140625,-0.11111015790289518,2.1138923172101786e-10,1.4539230781613511e-5,2.421287233783681e-5,0.11111015790289518,-0.11110932520499854
4639,9.765625,-0.11111026280766315,4.221575756412331e-11,6.497365432552128e-6,5.756864676881599e-5,0.11111026280766315,-0.11110932972502913
4640,3.90625,-0.11111033203530833,1.506511677892443e-11,3.881380782521142e-6,6.260708157971625e-5,0.11111033203530833,-0.11110933386677749
4641,1.5625,-0.11111039436376537,7.103542291454203e-11,8.428251474329775e-6,6.187971088153245e-5,0.11111039436376537,-0.11110933757110153
4642,0.625,-0.11111045462416039,1.9912325937827823e-10,1.4111104116201476e-5,6.053210545062511e-5,0.11111045462416039,-0.11110934106505377
4643,0.25,-0.11111051427129996,3.969290107200475e-10,1.9923077340613008e-5,5.953847084825738e-5,0.11111051427129996,-0.11110934448130146
4644,0.1,-0.11111057379805679,6.637977177235641e-10,2.5764272117091995e-5,5.8918836917488695e-5,0.11111057379805679,-0.1111093478740529
4645,0.1,-0.11111063300474372,9.972664627157723e-10,3.157952600524226e-5,5.854262568004227e-5,0.11111063300474372,-0.11110935118182395
4646,0.1,-0.11111069181055615,1.3950175638281223e-9,3.734993391999673e-5,5.8113269135569385e-5,0.11111069181055615,-0.11110935439251961
4647,0.1,-0.11111075013451834,1.8545075536690947e-9,4.306399370319821e-5,5.763110843765464e-5,0.11111075013451834,-0.11110935749449545
4648,0.1,-0.11111080789571644,2.3729778987177277e-9,4.871322098483868e-5,5.709658839339916e-5,0.11111080789571644,-0.11110936047660645
4649,0.25,-0.11111086314094118,2.9306229813242525e-9,5.4135228653107694e-5,5.651336389197212e-5,0.11111086314094118,-0.1111093628075208
4650,0.625,-0.11111091116730873,3.474606613677605e-9,5.894579385908383e-5,5.507672805174482e-5,0.11111091116730873,-0.11110936330214728
4651,1.5625,-0.11111093965461992,3.859477330947256e-9,6.212469179760376e-5,5.1343860664649575e-5,0.11111093965461992,-0.11110935896668686
4652,3.90625,-0.11111091939904123,3.7325841644875945e-9,6.109487838180541e-5,4.1730885457825634e-5,0.11111091939904123,-0.11110934413270093
4653,9.765625,-0.11111079875445039,2.514833901014644e-9,5.0148119615940174e-5,1.9352872954181225e-5,0.11111079875445039,-0.11110931801362502
4654,24.4140625,-0.11111056648798062,4.638348721506499e-10,2.153682595348372e-5,3.423042939936531e-5,0.11111056648798062,-0.11110931624814388
4655,9.765625,-0.11111047532075691,9.124368403467752e-11,9.552155988816217e-6,8.425510709057058e-5,0.11111047532075691,-0.11110932598612186
4656,3.90625,-0.11111039090667728,2.712869459632336e-11,5.208521344520281e-6,9.194303887453502e-5,0.11111039090667728,-0.11110933495993063
4657,1.5625,-0.11111031143175601,1.435983205911331e-10,1.1983251670190905e-5,9.098044276329296e-5,0.11111031143175601,-0.11110934299031791
4658,0.625,-0.11111023398480135,4.1662684392335055e-10,2.041143904587206e-5,8.904004638412082e-5,0.11111023398480135,-0.111109350561532
4659,0.25,-0.11111015746166945,8.409509452239926e-10,2.8999154215666233e-5,8.759506874212102e-5,0.11111015746166945,-0.11110935796139738
4660,0.1,-0.11111008146370376,1.4151365782582858e-9,3.76183011080815e-5,8.66905666999786e-5,0.11111008146370376,-0.11110936530865598
4661,0.1,-0.11111000600298378,2.1339286438132857e-9,4.619446551063542e-5,8.614036493221356e-5,0.11111000600298378,-0.11110937247284344
4662,0.1,-0.11110993112461885,2.9923566946335884e-9,5.470243773940599e-5,8.551142969889154e-5,0.11110993112461885,-0.11110937942761476
4663,0.1,-0.1111098568725948,3.9849607317294676e-9,6.312654538092092e-5,8.480428982867718e-5,0.1111098568725948,-0.11110938614760277
4664,0.1,-0.11110978328978527,5.105814384786201e-9,7.145498152533664e-5,8.401961672998392e-5,0.11110978328978527,-0.1111093926085212
4665,0.25,-0.1111097113892529,6.312485165568457e-9,7.945114955473242e-5,8.316274249237423e-5,0.1111097113892529,-0.11110939766490778
4666,0.625,-0.11110964372123784,7.491654076446718e-9,8.655434175387574e-5,8.105035975911176e-5,0.11110964372123784,-0.11110939875722319
4667,1.5625,-0.11110958737969011,8.331062184732708e-9,9.127465247664714e-5,7.555630324191902e-5,0.11110958737969011,-0.11110938940960347
4668,3.90625,-0.11110956191432358,8.072190579067747e-9,8.984537038193869e-5,6.137543314154767e-5,0.11110956191432358,-0.111109357309452
4669,9.765625,-0.11110962035505607,5.462014213102e-9,7.39054410250152e-5,2.791462586589178e-5,0.11110962035505607,-0.1111093004679257
4670,24.4140625,-0.11111016982586407,9.864109605396312e-11,9.931822393396044e-6,4.8256851004984994e-5,0.11111016982586407,-0.11110933646772286
4671,9.765625,-0.11111046005534253,1.0528430424878628e-10,1.026081401492037e-5,2.6393481939951176e-5,0.11111046005534253,-0.11110933572901201
4672,3.90625,-0.11111057766152457,1.1766146182329596e-10,1.084718681609642e-5,1.7554867023235815e-5,0.11111057766152457,-0.11110933546739772
4673,1.5625,-0.11111067131284759,1.3293886919516003e-10,1.1529911933538782e-5,1.4104189286967708e-5,0.11111067131284759,-0.1111093354255354
4674,3.90625,-0.11111069711818466,1.3027992709399075e-10,1.1414023265001292e-5,1.2675223845751517e-5,0.11111069711818466,-0.1111093349993094
4675,9.765625,-0.11111055895423104,8.754529611377851e-11,9.35656433279751e-6,9.852922188362889e-6,0.11111055895423104,-0.11110933415032123
4676,24.4140625,-0.111110293229135,1.8013443895288533e-11,4.244224769647401e-6,9.986497070310521e-6,0.111110293229135,-0.11110933406359336
4677,9.765625,-0.11111043289507705,6.81728702765541e-12,2.6109934943724793e-6,1.654016877216013e-5,0.11111043289507705,-0.1111093343819278
4678,3.90625,-0.11111047405036735,5.382971637845163e-12,2.3201231945405753e-6,1.7522252823492985e-5,0.11111047405036735,-0.11110933468751846
4679,1.5625,-0.11111050515241731,9.433570036989952e-12,3.0714117335502174e-6,1.7232628024774208e-5,0.11111050515241731,-0.11110933497010426
4680,0.625,-0.11111053380402014,1.8185741082387633e-11,4.264474303168871e-6,1.6835378164264057e-5,0.11111053380402014,-0.11110933524049395
4681,0.25,-0.11111056174983219,3.144132676358905e-11,5.607256616527288e-6,1.654124256993687e-5,0.11111056174983219,-0.11110933550557381
4682,0.1,-0.11111058949213716,4.9121474550541164e-11,7.008671382690243e-6,1.6346082091084766e-5,0.11111058949213716,-0.11110933576817883
4683,0.1,-0.11111061613218337,7.10222434608767e-11,8.427469576383929e-6,1.621546691543557e-5,0.11111061613218337,-0.11110933602371584
4684,0.1,-0.1111106415654035,9.695910217392747e-11,9.846781310353524e-6,1.6077710452577213e-5,0.1111106415654035,-0.11110933627162503
4685,0.1,-0.11111066569248075,1.2673726817947686e-10,1.1257764794997134e-5,1.5932332843309764e-5,0.11111066569248075,-0.1111093365113539
4686,0.1,-0.11111068841965294,1.60152040977018e-10,1.2655119160917372e-5,1.5778977190355076e-5,0.11111068841965294,-0.11110933674236476
4687,0.25,-0.11111070576158959,1.9584250437533865e-10,1.3994374025848339e-5,1.56188645764979e-5,0.11111070576158959,-0.11110933692956773
4688,0.625,-0.11111070893492844,2.3024375627194314e-10,1.517378516626432e-5,1.5267769054384338e-5,0.11111070893492844,-0.11110933699577384
4689,1.5625,-0.11111067658619402,2.5366856954890197e-10,1.5926976158357932e-5,1.440733644764875e-5,0.11111067658619402,-0.11110933674762283
4690,3.90625,-0.11111056542304398,2.4308370698369353e-10,1.559114193969427e-5,1.2314115178871509e-5,0.11111056542304398,-0.11110933582542266
4691,9.765625,-0.11111033795524483,1.623288710318556e-10,1.2740834785517611e-5,8.33913269508093e-6,0.11111033795524483,-0.11110933419904928
4692,24.4140625,-0.11111021291573663,3.19609912276903e-11,5.653405277148482e-6,1.1370419298166721e-5,0.11111021291573663,-0.11110933410479783
4693,9.765625,-0.1111103095922937,9.4946339598989e-12,3.081336391875918e-6,2.221641081388521e-5,0.1111103095922937,-0.11110933472363291
4694,3.90625,-0.11111035016645905,6.287652963130144e-12,2.5075192846975564e-6,2.387088190734872e-5,0.11111035016645905,-0.11110933530622269
4695,1.5625,-0.11111038296054765,1.425995362053131e-11,3.7762353767384932e-6,2.354726421229389e-5,0.11111038296054765,-0.11110933583679296
4696,0.625,-0.11111041362309057,3.190385123218455e-11,5.648349425467988e-6,2.3030845202371095e-5,0.11111041362309057,-0.11110933634168162
4697,0.25,-0.11111044361047867,5.887232034184673e-11,7.672830008663474e-6,2.2651886933408638e-5,0.11111044361047867,-0.11110933683677247
4698,0.1,-0.11111047338333051,9.505290150023632e-11,9.749507756817075e-6,2.2410897599165643e-5,0.11111047338333051,-0.11110933732850155
4699,0.1,-0.1111105027031681,1.400819206863394e-10,1.183562084076452e-5,2.2259045814599708e-5,0.1111105027031681,-0.11110933780788898
4700,0.1,-0.11111053150066975,1.9362192326170516e-10,1.3914809494265638e-5,2.209022025103384e-5,0.11111053150066975,-0.11110933827342033
4701,0.1,-0.11111055970813832,2.553076909066616e-10,1.597835069419437e-5,2.1904416404616218e-5,0.11111055970813832,-0.11110933872363718
4702,0.1,-0.11111058725971318,3.2474751444538097e-10,1.8020752327396903e-5,2.1701697880885037e-5,0.11111058725971318,-0.11110933915714222
4703,0.25,-0.11111061227897243,3.9921691571897764e-10,1.9980413302005984e-5,2.148357151583629e-5,0.11111061227897243,-0.11110933950188259
4704,0.625,-0.11111063038310573,4.714962808115306e-10,2.171396511030472e-5,2.0968483304218738e-5,0.11111063038310573,-0.11110933959822869
4705,1.5625,-0.11111063047325137,5.217942741277211e-10,2.2842816685507967e-5,1.9659698327622788e-5,0.11111063047325137,-0.11110933904452365
4706,3.90625,-0.1111105882566496,5.024059152122305e-10,2.2414413113267776e-5,1.6374776881732813e-5,0.1111105882566496,-0.11110933708706715
4707,9.765625,-0.11111047282895173,3.3622019645630673e-10,1.8336308146851882e-5,9.547645587400855e-6,0.11111047282895173,-0.11110933365135796
4708,24.4140625,-0.11111035300919755,6.25220350512789e-11,7.907087646616731e-6,1.4545299803967443e-5,0.11111035300919755,-0.11110933349141064
4709,9.765625,-0.11111036297760754,1.466321190104727e-11,3.829257356335203e-6,3.1466973924062355e-5,0.11111036297760754,-0.11110933479999599
4710,3.90625,-0.11111035217473883,7.514216255592584e-12,2.7412070800274434e-6,3.402909944116955e-5,0.11111035217473883,-0.11110933600746999
4711,1.5625,-0.11111033998358154,2.4154255444152203e-11,4.914697899581642e-6,3.360095806637382e-5,0.11111033998358154,-0.11110933709429309
4712,0.625,-0.1111103276020172,6.142921289941791e-11,7.837679050549206e-6,3.2867387333811206e-5,0.1111103276020172,-0.11110933812308174
4713,0.25,-0.11111031521312385,1.1864303392755482e-10,1.0892338313124268e-5,3.233013306643824e-5,0.11111031521312385,-0.11110933913046588
4714,0.1,-0.11111030285514378,1.9559577103419337e-10,1.3985555799974249e-5,3.19942423331928e-5,0.11111030285514378,-0.11110934013129199
4715,0.1,-0.11111029042948672,2.915601343827281e-10,1.7075132045835785e-5,3.178857509973938e-5,0.11111029042948672,-0.11110934110725218
4716,0.1,-0.11111027792830686,4.058550102808446e-10,2.014584349886707e-5,3.155541537836689e-5,0.11111027792830686,-0.1111093420549322
4717,0.1,-0.11111026534462581,5.377358926479937e-10,2.318913307236805e-5,3.1294936341429626e-5,0.11111026534462581,-0.11110934297104702
4718,0.1,-0.11111025267238055,6.863979438103232e-10,2.619919738866676e-5,3.1007374757846124e-5,0.11111025267238055,-0.11110934385245434
4719,0.25,-0.11111023954639822,8.461137151040215e-10,2.908803388171881e-5,3.0694799529154134e-5,0.11111023954639822,-0.11110934454600442
4720,0.625,-0.11111022521028796,1.0016393485619648e-9,3.1648686363922985e-5,2.9933512994644176e-5,0.11111022521028796,-0.11110934471104483
4721,1.5625,-0.1111102080108099,1.1110676731527465e-9,3.33326817575896e-5,2.7968410200066545e-5,0.1111102080108099,-0.11110934348820305
4722,3.90625,-0.11111018575856081,1.072960344251535e-9,3.275607339489174e-5,2.2953214277238092e-5,0.11111018575856081,-0.11110933925487239
4723,9.765625,-0.11111016497083416,7.214392244311721e-10,2.6859620705273782e-5,1.1807270390349441e-5,0.11111016497083416,-0.11110933180597321
4724,24.4140625,-0.111110212887911,1.3353605021322645e-10,1.1555779948286764e-5,1.946550020384248e-5,0.111110212887911,-0.11110933135664035
4725,9.765625,-0.1111102863645977,2.8076860419087204e-11,5.2987602719020236e-6,4.552120099183685e-5,0.1111102863645977,-0.11110933416018856
4726,3.90625,-0.11111033675557583,1.0722549241202392e-11,3.274530384834197e-6,4.95163205763501e-5,0.11111033675557583,-0.11110933674614387
4727,1.5625,-0.11111038238713708,4.4943393736340926e-11,6.7039834230359585e-6,4.896651864095717e-5,0.11111038238713708,-0.1111093390658569
4728,0.625,-0.1111104265619829,1.2389874677924446e-10,1.1130981393356314e-5,4.791897330483653e-5,0.1111104265619829,-0.11110934125659265
4729,0.25,-0.11111047029316487,2.4609297758750765e-10,1.568735087857436e-5,4.714397017966618e-5,0.11111047029316487,-0.11110934339954447
4730,0.1,-0.11111051392622995,4.1111694641753265e-10,2.0276018998253397e-5,4.665995698756992e-5,0.11111051392622995,-0.11110934552801088
4731,0.1,-0.111110557330533,6.174518166838496e-10,2.484857775978033e-5,4.636576493729883e-5,0.111110557330533,-0.11110934760386429
4732,0.1,-0.11111060044997823,8.636652032223168e-10,2.93881813527533e-5,4.602993451757252e-5,0.11111060044997823,-0.11110934961959602
4733,0.1,-0.11111064322831045,1.1481848375214063e-9,3.388487623588739e-5,4.56527494160332e-5,0.11111064322831045,-0.1111093515679774
4734,0.1,-0.11111068560927102,1.4693052063747765e-9,3.833151714157394e-5,4.523457459881341e-5,0.11111068560927102,-0.11110935344208911
4735,0.25,-0.11111072625136847,1.8148041317648252e-9,4.260051797531135e-5,4.477829216012944e-5,0.11111072625136847,-0.1111093549128688
4736,0.625,-0.111110761912621,2.152064967633799e-9,4.639035425208347e-5,4.365490388600474e-5,0.111110761912621,-0.1111093552461077
4737,1.5625,-0.11111078406374673,2.391265409270371e-9,4.8900566553674725e-5,4.073751746615968e-5,0.11111078406374673,-0.11110935258592443
4738,3.90625,-0.11111077228000102,2.314460016178505e-9,4.810883511558459e-5,3.323622441366955e-5,0.11111077228000102,-0.11110934341168194
4739,9.765625,-0.11111068914338619,1.5628628469139763e-9,3.953306017643937e-5,1.595661349320555e-5,0.11111068914338619,-0.11110932719469836
4740,24.4140625,-0.1111105181204136,2.91814159648624e-10,1.7082568883181007e-5,2.7181828617163128e-5,0.1111105181204136,-0.11110932597801756
4741,9.765625,-0.1111104434080367,5.9103633094515e-11,7.687888728026375e-6,6.651678113710202e-5,0.1111104434080367,-0.11110933202323435
4742,3.90625,-0.11111037622728993,1.8149129779611612e-11,4.260179547813872e-6,7.262982216764516e-5,0.11111037622728993,-0.11110933762032184
4743,1.5625,-0.11111031319809848,8.946605646897435e-11,9.458649822727044e-6,7.190248529451679e-5,0.11111031319809848,-0.11110934263805705
4744,0.625,-0.11111025179817323,2.580879460841762e-10,1.6065115812971165e-5,7.038920577647821e-5,0.11111025179817323,-0.11110934737208082
4745,0.25,-0.11111019110088614,5.20728292271589e-10,2.281947177897834e-5,6.925824360709998e-5,0.11111019110088614,-0.11110935199985957
4746,0.1,-0.11111013077389227,8.764900082222195e-10,2.9605573938402536e-5,6.854914219440813e-5,0.11111013077389227,-0.11110935659486627
4747,0.1,-0.11111007084260456,1.3221257420975765e-9,3.63610470434719e-5,6.81172537800146e-5,0.11111007084260456,-0.11110936107628915
4748,0.1,-0.11111001134759957,1.854557476083787e-9,4.306457332987042e-5,6.76234391877303e-5,0.11111001134759957,-0.11110936542774061
4749,0.1,-0.11110995232879434,2.470403192208711e-9,4.970315072717937e-5,6.706813140696513e-5,0.11110995232879434,-0.11110936963344122
4750,0.1,-0.11110989382543224,3.1659912556635664e-9,5.626714188283928e-5,6.645187454034198e-5,0.11110989382543224,-0.11110937367828341
4751,0.25,-0.11110983674874131,3.915079340583568e-9,6.257059485559945e-5,6.577888258367543e-5,0.11110983674874131,-0.11110937685171406
4752,0.625,-0.11110978337907057,4.647560998582993e-9,6.817302251318327e-5,6.41206724098443e-5,0.11110978337907057,-0.11110937756526426
4753,1.5625,-0.11110973999995112,5.170182927505982e-9,7.190398408646061e-5,5.9809228241053976e-5,0.11110973999995112,-0.1111093717976865
4754,3.90625,-0.11110972351658471,5.013156346581861e-9,7.080364642150757e-5,4.8687975762262964e-5,0.11110972351658471,-0.11110935189033362
4755,9.765625,-0.11110977727362017,3.39858725814172e-9,5.8297403528302354e-5,2.2568015773952265e-5,0.11110977727362017,-0.11110931653118604
4756,24.4140625,-0.11110999936773035,6.418242450286749e-10,2.5334250433527236e-5,3.878922186042653e-5,0.11110999936773035,-0.1111093134230132
4757,9.765625,-0.11111016042864891,1.2798116371130927e-10,1.1312876014140226e-5,9.7749608904132e-5,0.11111016042864891,-0.11110932654485661
4758,3.90625,-0.11111028642535975,3.2762874055136386e-11,5.723886272030253e-6,0.00010703449653330778,0.11111028642535975,-0.11110933874981849
4759,1.5625,-0.11111040293818797,1.8273152744141284e-10,1.3517822585069417e-5,0.00010606412226106319,0.11111040293818797,-0.11110934969542832
4760,0.625,-0.11111051649034212,5.450632977136585e-10,2.3346590708573673e-5,0.00010387069703292077,0.11111051649034212,-0.11110936001796219
4761,0.25,-0.11111062925033943,1.11252338812127e-9,3.335451076123393e-5,0.00010221684543265548,0.11111062925033943,-0.11110937010493785
4762,0.1,-0.11111074198335975,1.8831430223765904e-9,4.339519584443179e-5,0.0001011761345603842,0.11111074198335975,-0.11110938011811604
4763,0.1,-0.11111085447179024,2.8499488516273464e-9,5.3384912209606066e-5,0.00010054094505444531,0.11111085447179024,-0.11110938988468387
4764,0.1,-0.11111096658509718,4.006299738181566e-9,6.32953374126528e-5,9.981413803638918e-5,0.11111096658509718,-0.11110939936883867
4765,0.1,-0.11111107819042566,5.3448918451719365e-9,7.310876722508687e-5,9.899632457472524e-5,0.11111107819042566,-0.11110940853609075
4766,0.1,-0.11111118915298111,6.857789487188734e-9,8.2811771428878e-5,9.808827763564295e-5,0.11111118915298111,-0.11110941735340192
4767,0.25,-0.11111129661485536,8.488371785870546e-9,9.213236014490536e-5,9.709613119413548e-5,0.11111129661485536,-0.11110942427908349
4768,0.625,-0.11111139352540529,1.0085201543719644e-8,0.00010042510415090265,9.46506191756749e-5,0.11111139352540529,-0.1111094258611046
4769,1.5625,-0.11111146101986712,1.1230436138167998e-8,0.00010597375211894689,8.828757967448897e-5,0.11111146101986712,-0.11110941334909535
4770,3.90625,-0.11111145253121266,1.0906653880707617e-8,0.00010443492653661235,7.184530148023371e-5,0.11111145253121266,-0.11110937001928388
4771,9.765625,-0.11111127541582042,7.420944725942719e-9,8.614490539749125e-5,3.2829107590559604e-5,0.11111127541582042,-0.11110929268758853
4772,24.4140625,-0.11111091125994702,1.2919790119489156e-10,1.1366525467128974e-5,5.504008922197797e-5,0.11111091125994702,-0.11110934078752709
4773,9.765625,-0.1111100413518302,1.3678588527957598e-10,1.1695549806639104e-5,3.0432503918986714e-5,0.1111100413518302,-0.11110933986520262
4774,3.90625,-0.11110970010547094,1.5460214010439473e-10,1.2433910893375211e-5,2.0277962870236995e-5,0.11110970010547094,-0.1111093395250191
4775,1.5625,-0.11110942653140618,1.7662056026949252e-10,1.328986682662744e-5,1.6140012916141587e-5,0.11110942653140618,-0.11110933946327188
4776,3.90625,-0.11110935441774072,1.7412561771078073e-10,1.319566662623684e-5,1.4372656450466785e-5,0.11110935441774072,-0.11110933887810776
4777,9.765625,-0.11110976413425984,1.156400772158889e-10,1.0753607637248483e-5,1.0738590002857091e-5,0.11110976413425984,-0.11110933772852977
4778,24.4140625,-0.1111105420800235,2.31188754011081e-11,4.808209167778384e-6,1.068053334673228e-5,0.1111105420800235,-0.1111093376071543
4779,9.765625,-0.1111101617503435,7.736980009844453e-12,2.7815427391727156e-6,1.881169396696608e-5,0.1111101617503435,-0.11110933804037487
4780,3.90625,-0.11111002813997012,5.98935492055673e-12,2.44731586039823e-6,1.9931507020377044e-5,0.11111002813997012,-0.11110933843975145
4781,1.5625,-0.11110992362770075,1.1656624225856498e-11,3.4141798760253535e-6,1.9564893496744556e-5,0.11110992362770075,-0.11110933880423746
4782,0.625,-0.1111098265158167,2.369667034431324e-11,4.867922590213739e-6,1.9085909811196187e-5,0.1111098265158167,-0.11110933915111837
4783,0.25,-0.11110973162203909,4.185260909930601e-11,6.469359249516602e-6,1.8735468564163014e-5,0.11110973162203909,-0.1111093394905607
4784,0.1,-0.11110963741451695,6.602393516740241e-11,8.125511378824253e-6,1.85049452710525e-5,0.11110963741451695,-0.11110933982668068
4785,0.1,-0.11110954620614392,9.592080818630349e-11,9.79391689704908e-6,1.8351933992731755e-5,0.11110954620614392,-0.1111093401533405
4786,0.1,-0.11110945829753131,1.3128713522062207e-10,1.1458059836666156e-5,1.81897807054783e-5,0.11110945829753131,-0.11110934046975865
4787,0.1,-0.1111093739758786,1.7185228211429433e-10,1.310924414732956e-5,1.8017982286410554e-5,0.1111093739758786,-0.11110934077516799
4788,0.1,-0.11110929351412484,2.1733173432135038e-10,1.4742175359198193e-5,1.783617262996527e-5,0.11110929351412484,-0.1111093410688261
4789,0.25,-0.11110922778668418,2.657853554265374e-10,1.630292475068622e-5,1.7645837527565206e-5,0.11110922778668418,-0.11110934130308639
4790,0.625,-0.11110920098139701,3.121631418857073e-10,1.7668139174392626e-5,1.7224980386417593e-5,0.11110920098139701,-0.11110934137336985
4791,1.5625,-0.11110927245529827,3.4289303316100846e-10,1.85173711190603e-5,1.6190137023978226e-5,0.11110927245529827,-0.1111093410193176
4792,3.90625,-0.11110956537806445,3.265034224808925e-10,1.8069405703588938e-5,1.3667374535913686e-5,0.11110956537806445,-0.11110933976418833
4793,9.765625,-0.11111020374017035,2.1645235741442265e-10,1.4712319919523999e-5,8.820127528425112e-6,0.11111020374017035,-0.11110933758556059
4794,24.4140625,-0.11111065366905336,4.2468334200280664e-11,6.5167732966768654e-6,1.2496118240563505e-5,0.11111065366905336,-0.11110933744561217
4795,9.765625,-0.11111041082355189,1.1340622412403052e-11,3.367584061668402e-6,2.5391674657467592e-5,0.11111041082355189,-0.11110933827685106
4796,3.90625,-0.11111031749106783,6.584807093650013e-12,2.5660878967116487e-6,2.7409947876410406e-5,0.11111031749106783,-0.11110933905440634
4797,1.5625,-0.11111024454181173,1.6962699863984792e-11,4.118579835815349e-6,2.7058499456873684e-5,0.11111024454181173,-0.1111093397585321
4798,0.625,-0.1111101771520161,4.041124390094112e-11,6.356983868230367e-6,2.6462694261108843e-5,0.1111101771520161,-0.11110934042627404
4799,0.25,-0.11111011155606695,7.64538856506225e-11,8.743791262983265e-6,2.602116053857869e-5,0.11111011155606695,-0.11110934107993217
4800,0.1,-0.111110046575175,1.2493588755163708e-10,1.1177472323903874e-5,2.5738888679049182e-5,0.111110046575175,-0.11110934172862738
4801,0.1,-0.11110998282041794,1.8537109877672702e-10,1.3615105536745832e-5,2.5560254995974893e-5,0.11110998282041794,-0.11110934236068959
4802,0.1,-0.11110992046288769,2.573058595831601e-10,1.6040756203594645e-5,2.5361630127914823e-5,0.11110992046288769,-0.111109342974073
4803,0.1,-0.11110985966846743,3.4024903264075804e-10,1.8445840524106188e-5,2.5142998466408963e-5,0.11110985966846743,-0.11110934356680692
4804,0.1,-0.11110980059733645,4.336737412413517e-10,2.0824834723026054e-5,2.4904422026771803e-5,0.11110980059733645,-0.11110934413700381
4805,0.25,-0.11110974797615596,5.339343619768273e-10,2.3107019755408254e-5,2.4647667351779838e-5,0.11110974797615596,-0.11110934458818734
4806,0.625,-0.11110971279029343,6.313659448355715e-10,2.5126996335327697e-5,2.4042237461912775e-5,0.11110971279029343,-0.11110934470614972
4807,1.5625,-0.1111097227334925,6.994758504881527e-10,2.644760576097868e-5,2.2502720587145026e-5,0.1111097227334925,-0.1111093439513114
4808,3.90625,-0.11110983788986004,6.744378897831289e-10,2.5969942044277436e-5,1.86197041497683e-5,0.11110983788986004,-0.11110934130821849
4809,9.765625,-0.11111013154820366,4.5300649366065125e-10,2.1283949202642145e-5,1.0320140459234575e-5,0.11111013154820366,-0.11110933665611852
4810,24.4140625,-0.11111040902464922,8.50743898207645e-11,9.223577929456903e-6,1.613268087791617e-5,0.11111040902464922,-0.11110933636817737
4811,9.765625,-0.11111033702554304,1.898470532373157e-11,4.3571441706387875e-6,3.6302415993505274e-5,0.11111033702554304,-0.11110933813117022
4812,3.90625,-0.1111103276310474,8.238586301644692e-12,2.870293765739788e-6,3.941746085043197e-5,0.1111103276310474,-0.11110933976325468
4813,1.5625,-0.11111032511922643,2.980105747503844e-11,5.459034481942612e-6,3.896723644304158e-5,0.11111032511922643,-0.11110934123071023
4814,0.625,-0.11111032430434759,7.93568342587957e-11,8.908245296285666e-6,3.81301239629309e-5,0.11111032430434759,-0.1111093426179626
4815,0.25,-0.11111032402976834,1.559455994879781e-10,1.2487818043516574e-5,3.750988937891006e-5,0.11111032402976834,-0.11110934397516535
4816,0.1,-0.11111032396093783,2.5928935356887534e-10,1.610246420796753e-5,3.7119830818336594e-5,0.11111032396093783,-0.11110934532287414
4817,0.1,-0.11111032437639955,3.884172337211652e-10,1.9708303674369473e-5,3.6879855292837887e-5,0.11111032437639955,-0.11110934663699788
4818,0.1,-0.11111032532355147,5.42414398506863e-10,2.32897917231319e-5,3.660770171686763e-5,0.11111032532355147,-0.11110934791290153
4819,0.1,-0.11111032684669592,7.202804768592268e-10,2.683804159880573e-5,3.630356829499733e-5,0.11111032684669592,-0.11110934914612387
4820,0.1,-0.11111032898690093,9.20933676917522e-10,3.0346889081379035e-5,3.596772458960819e-5,0.11111032898690093,-0.1111093503323968
4821,0.25,-0.11111033332608751,1.1367211909441612e-9,3.371529609753059e-5,3.560259360294954e-5,0.11111033332608751,-0.11110935126576614
4822,0.625,-0.11111034339127833,1.3472554984216006e-9,3.670497920475641e-5,3.471472041292054e-5,0.11111034339127833,-0.11110935148712632
4823,1.5625,-0.11111036770540625,1.4964347683358002e-9,3.8683779137201685e-5,3.24222136505465e-5,0.11111036770540625,-0.11110934983626841
4824,3.90625,-0.11111042290615349,1.4481898022353573e-9,3.805508904516395e-5,2.655390329368995e-5,0.11111042290615349,-0.11110934411215669
4825,9.765625,-0.11111051766186038,9.785341383068698e-10,3.1281530306346424e-5,1.3261333529188326e-5,0.11111051766186038,-0.11110933397896425
4826,24.4140625,-0.11111052245246943,1.839487379538711e-10,1.3562770290536925e-5,2.1925355905769883e-5,0.11111052245246943,-0.11110933320167064
4827,9.765625,-0.1111104100513061,3.8099053809619897e-11,6.172443098937397e-6,5.282234717807969e-5,0.1111104100513061,-0.1111093369974891
4828,3.90625,-0.1111103414737539,1.2367071336158219e-11,3.5166847080962803e-6,5.7648583843247776e-5,0.1111103414737539,-0.11110934051945931
4829,1.5625,-0.11111028091262055,5.695330722021445e-11,7.546741496845805e-6,5.707327426856842e-5,0.11111028091262055,-0.11110934368061721
4830,0.625,-0.11111022284925146,1.624626627511241e-10,1.274608421246008e-5,5.587620344680202e-5,0.11111022284925146,-0.1111093466645369
4831,0.25,-0.11111016569638517,3.268191036778344e-10,1.8078138833348814e-5,5.4980360346220635e-5,0.11111016569638517,-0.11110934958179618
4832,0.1,-0.11111010893080105,5.49445470997461e-10,2.344025321956785e-5,5.441727482183857e-5,0.11111010893080105,-0.11110935247821146
4833,0.1,-0.11111005276288678,8.283004983394435e-10,2.8780210185810728e-5,5.407296140040018e-5,0.11111005276288678,-0.11110935530310856
4834,0.1,-0.11110999726604558,1.161447703277509e-9,3.408001912085011e-5,5.368008537987166e-5,0.11110999726604558,-0.11110935804627012
4835,0.1,-0.1111099425118765,1.5467616627006828e-9,3.9328890941656144e-5,5.323897543897767e-5,0.1111099425118765,-0.11110936069785672
4836,0.1,-0.1111098885700359,1.981936950779294e-9,4.451895046807925e-5,5.2750052377789505e-5,0.1111098885700359,-0.1111093632484489
4837,0.25,-0.11110983737972123,2.4505737196855045e-9,4.95032697878181e-5,5.221670980536159e-5,0.11110983737972123,-0.11110936525336614
4838,0.625,-0.11110979353636898,2.908874592937451e-9,5.393398365536753e-5,5.0907588836912924e-5,0.11110979353636898,-0.11110936571860221
4839,1.5625,-0.11110976896257697,3.236116279792513e-9,5.688687264907883e-5,4.7510003636496104e-5,0.11110976896257697,-0.11110936212735918
4840,3.90625,-0.1111097916746273,3.138765536252048e-9,5.602468684653264e-5,3.876087192176261e-5,0.1111097916746273,-0.11110934968243796
4841,9.765625,-0.1111099109624335,2.1302803258264464e-9,4.6154959926604275e-5,1.837463570359887e-5,0.1111099109624335,-0.11110932753611663
4842,24.4140625,-0.11111013802312136,4.0504210444761804e-10,2.0125657863722568e-5,3.093617765845314e-5,0.11111013802312136,-0.11110932550915098
4843,9.765625,-0.1111102266265917,8.208325034562502e-11,9.05998070338039e-6,7.750620355911085e-5,0.1111102266265917,-0.11110933373819036
4844,3.90625,-0.11111030911181821,2.1670197412137937e-11,4.6551259287089045e-6,8.488281606591315e-5,0.11111030911181821,-0.1111093414109665
4845,1.5625,-0.11111038710071222,1.150308758429138e-10,1.0725244791747822e-5,8.413058922596195e-5,0.11111038710071222,-0.1111093482989056
4846,0.625,-0.11111046353832957,3.415472859953903e-10,1.8480997970764196e-5,8.240200359279165e-5,0.11111046353832957,-0.11110935479721712
4847,0.25,-0.11111053956045741,6.96660622329394e-10,2.6394329359341448e-5,8.109601444734992e-5,0.11111053956045741,-0.11110936114784245
4848,0.1,-0.111110615587384,1.1791208938175434e-9,3.433832980529984e-5,8.027302590565603e-5,0.111110615587384,-0.11110936745194457
4849,0.1,-0.1111106915475258,1.7845600191449808e-9,4.224405306247236e-5,7.976986954270213e-5,0.1111106915475258,-0.11110937360130838
4850,0.1,-0.11111076736769593,2.508812690925298e-9,5.008804938231571e-5,7.919435975191496e-5,0.11111076736769593,-0.11110937957349633
4851,0.1,-0.11111084297250919,3.347299241014257e-9,5.785584880558107e-5,7.854699391152105e-5,0.11111084297250919,-0.11110938534689482
4852,0.1,-0.11111091828458729,4.295044998006151e-9,6.553659281657959e-5,7.782839709879716e-5,0.11111091828458729,-0.11110939090080199
4853,0.25,-0.11111099183041377,5.316651038666001e-9,7.291536901549632e-5,7.704348240812035e-5,0.11111099183041377,-0.11110939526955714
4854,0.625,-0.11111105987875608,6.3174409158799275e-9,7.948233084075937e-5,7.511141549194724e-5,0.11111105987875608,-0.11110939629052562
4855,1.5625,-0.111111112192595,7.036148353468886e-9,8.388175220790804e-5,7.008760633081709e-5,0.111111112192595,-0.11110938847996434
4856,3.90625,-0.1111111222060465,6.836307351328277e-9,8.26819650911145e-5,5.711398387701126e-5,0.1111111222060465,-0.11110936134607302
4857,9.765625,-0.1111110296171233,4.6571562009565336e-9,6.82433601235793e-5,2.6430387377173134e-5,0.1111110296171233,-0.11110931282614221
4858,24.4140625,-0.11111063285596541,8.177444239729177e-11,9.04292222665283e-6,4.362982842519212e-5,0.11111063285596541,-0.11110934297675708
4859,9.765625,-0.11111015791495782,8.694813792409017e-11,9.32459853956674e-6,2.415204577751438e-5,0.11111015791495782,-0.11110934238272274
4860,3.90625,-0.11110997431198218,9.752735902505396e-11,9.875594109979103e-6,1.634411002016827e-5,0.11110997431198218,-0.11110934217868317
4861,1.5625,-0.11110982732056328,1.1058195535718958e-10,1.051579551708712e-5,1.3276935407520076e-5,0.11110982732056328,-0.11110934215444102
4862,0.625,-0.1111096897751832,1.2569160431308086e-10,1.1211226708664884e-5,1.2018951848849652e-5,0.1111096897751832,-0.11110934221082179
4863,1.5625,-0.11110960648851753,1.3462608399697688e-10,1.1602848098504819e-5,1.1454950876238548e-5,0.11110960648851753,-0.11110934210537772
4864,3.90625,-0.11110966874529109,1.242317339245964e-10,1.1145929029228404e-5,1.0187749482130664e-5,0.11110966874529109,-0.11110934167061844
4865,9.765625,-0.11111002230321326,7.726011687469259e-11,8.78977342567444e-6,8.344550071639895e-6,0.11111002230321326,-0.11110934096313387
4866,24.4140625,-0.11111046609375025,1.4965109742564852e-11,3.868476411013107e-6,1.1056442681903977e-5,0.11111046609375025,-0.11110934106437921
4867,9.765625,-0.1111102682107112,5.717853313927404e-12,2.3912033192364475e-6,1.7210032253761466e-5,0.1111102682107112,-0.11110934140706699
4868,3.90625,-0.11111020670265094,5.827477426936532e-12,2.4140168655037463e-6,1.786120550608408e-5,0.11111020670265094,-0.11110934171654427
4869,1.5625,-0.11111016083015145,1.1351150041727853e-11,3.3691467824551444e-6,1.7445353361767056e-5,0.11111016083015145,-0.11110934200030129
4870,0.625,-0.11111011893256946,2.162717500007986e-11,4.650502661012018e-6,1.70113384896982e-5,0.11111011893256946,-0.11110934227277287
4871,0.25,-0.11111007823784419,3.650800765594615e-11,6.042185668774682e-6,1.6716067207308506e-5,0.11111007823784419,-0.11110934254134289
4872,0.1,-0.11111003792317731,5.594232200503469e-11,7.47946000758308e-6,1.6532947033757093e-5,0.11111003792317731,-0.11110934280867238
4873,0.1,-0.11110999903017015,7.972404714097386e-11,8.92883235036776e-6,1.6418351516310842e-5,0.11110999903017015,-0.11110934306928343
4874,0.1,-0.11110996170801,1.0767285636541684e-10,1.0376553202553189e-5,1.6293879113975265e-5,0.11110996170801,-0.11110934332249219
4875,0.1,-0.11110992609919916,1.3959575372175583e-10,1.1815064693930197e-5,1.615936987594323e-5,0.11110992609919916,-0.11110934356763551
4876,0.1,-0.11110989233912709,1.7528766512110763e-10,1.3239624810435817e-5,1.601474251711199e-5,0.11110989233912709,-0.11110934380407622
4877,0.25,-0.11110986561519921,2.1327714858740985e-10,1.4604011386855662e-5,1.5861151360089582e-5,0.11110986561519921,-0.11110934399366541
4878,0.625,-0.11110985751691374,2.4971270890387984e-10,1.5802300747165895e-5,1.5504687129055206e-5,0.11110985751691374,-0.11110934405321812
4879,1.5625,-0.11110989649678459,2.741472797116285e-10,1.655739350597275e-5,1.461106358999413e-5,0.11110989649678459,-0.11110934377516993
4880,3.90625,-0.11111004135660414,2.618332842515578e-10,1.618126337006965e-5,1.2421586514299862e-5,0.11111004135660414,-0.11110934277574291
4881,9.765625,-0.11111034880444938,1.7422578608698072e-10,1.3199461583223034e-5,8.281932238692425e-6,0.11111034880444938,-0.11110934103203272
4882,24.4140625,-0.11111054596425192,3.396174032143895e-11,5.827670231013329e-6,1.1809565807692379e-5,0.11111054596425192,-0.11110934095720998
4883,9.765625,-0.11111040805918306,9.501031094383534e-12,3.0823742625423564e-6,2.324427635165213e-5,0.11111040805918306,-0.11110934164232426
4884,3.90625,-0.11111034723825339,6.041659983381567e-12,2.4579788411175485e-6,2.4991364603898717e-5,0.11111034723825339,-0.11110934228337634
4885,1.5625,-0.11111029757104439,1.4842725787985612e-11,3.852625830259877e-6,2.4665884361089837e-5,0.11111029757104439,-0.11110934286614152
4886,0.625,-0.1111102510143408,3.428819819855885e-11,5.855612538288275e-6,2.4137688785160448e-5,0.1111102510143408,-0.11110934342063167
4887,0.25,-0.11111020547595969,6.402012354170888e-11,8.001257622505907e-6,2.3752781408959798e-5,0.11111020547595969,-0.11110934396470046
4888,0.1,-0.11111016029294685,1.0393374693392649e-10,1.0194790185870747e-5,2.351172558508267e-5,0.11111016029294685,-0.1111093445055531
4889,0.1,-0.11111011578248714,1.536474909987606e-10,1.2395462516532436e-5,2.3363307738659394e-5,0.11111011578248714,-0.11110934503335086
4890,0.1,-0.1111100720403438,2.1280626171324894e-10,1.4587880645016565e-5,2.3196030380911846e-5,0.1111100720403438,-0.1111093455463569
4891,0.1,-0.11111002915962463,2.81022678810483e-10,1.6763731052796182e-5,2.3009978036552407e-5,0.11111002915962463,-0.11110934604289854
4892,0.1,-0.11110998723052588,3.5787857790444617e-10,1.891767897772996e-5,2.2805291432500338e-5,0.11110998723052588,-0.11110934652137454
4893,0.25,-0.11110994884399955,4.4039628209691094e-10,2.098562084135018e-5,2.258340984360643e-5,0.11110994884399955,-0.111109346902188
4894,0.625,-0.1111099200550342,5.206596113722778e-10,2.2817966854482847e-5,2.2047025104755596e-5,0.1111099200550342,-0.11110934700869479
4895,1.5625,-0.11110991622167025,5.769306807709129e-10,2.401938135695657e-5,2.0669812226382978e-5,0.11110991622167025,-0.11110934639566651
4896,3.90625,-0.11110997119144513,5.567082087278764e-10,2.359466483609963e-5,1.7190419500480106e-5,0.11110997119144513,-0.11110934422343356
4897,9.765625,-0.11111012979271727,3.7460459239281607e-10,1.935470465785557e-5,9.83128586778464e-6,0.11111012979271727,-0.11110934038460045
4898,24.4140625,-0.11111030626282316,7.120525229460691e-11,8.438320466455804e-6,1.4947227807413527e-5,0.11111030626282316,-0.11110934013027589
4899,9.765625,-0.11111029420558341,1.659587382562309e-11,4.073803361187564e-6,3.3138210202396755e-5,0.11111029420558341,-0.11110934158619314
4900,3.90625,-0.11111031034226988,7.558677389068257e-12,2.749304891980563e-6,3.5983240395009804e-5,0.11111031034226988,-0.11110934294253397
4901,1.5625,-0.11111032850387505,2.5209142738984414e-11,5.0208707152230494e-6,3.5595038263650414e-5,0.11111032850387505,-0.11110934416614014
4902,0.625,-0.11111034702750923,6.601319108158476e-11,8.124850219024642e-6,3.485152299607083e-5,0.11111034702750923,-0.11110934532497602
4903,0.25,-0.11111036565742896,1.2919941518529035e-10,1.1366592065579302e-5,3.430152279125965e-5,0.11111036565742896,-0.11110934645988127
4904,0.1,-0.11111038434175897,2.1455857218262153e-10,1.4647818000733813e-5,3.395835508349008e-5,0.11111038434175897,-0.11110934758763474
4905,0.1,-0.11111040321787923,3.213088606408283e-10,1.7925090254747068e-5,3.375011166913335e-5,0.11111040321787923,-0.11110934868822633
4906,0.1,-0.11111042229328126,4.4871310011825095e-10,2.1182849197363675e-5,3.3512272473951734e-5,0.11111042229328126,-0.11110934975776586
4907,0.1,-0.11111044157373658,5.959616871830928e-10,2.441232654179222e-5,3.324504360967136e-5,0.11111044157373658,-0.11110935079250625
4908,0.1,-0.11111046106326032,7.621759937837407e-10,2.7607535090691105e-5,3.294869231206805e-5,0.11111046106326032,-0.11110935178885996
4909,0.25,-0.11111048123698278,9.410462884206928e-10,3.0676477770772396e-5,3.262522590530704e-5,0.11111048123698278,-0.11110935257623634
4910,0.625,-0.11111050305337151,1.115728091699978e-9,3.340251624803105e-5,3.1827789189504774e-5,0.11111050305337151,-0.11110935277411794
4911,1.5625,-0.11111052856438085,1.2398233880996193e-9,3.521112591354641e-5,2.975768571502634e-5,0.11111052856438085,-0.11110935142029203
4912,3.90625,-0.11111056034586635,1.20071199110841e-9,3.465129133392304e-5,2.445407287988889e-5,0.11111056034586635,-0.11110934668643267
4913,9.765625,-0.1111105896072565,8.127557183050395e-10,2.8508870870398207e-5,1.2527690786681207e-5,0.1111105896072565,-0.11110933827673113
4914,24.4140625,-0.1111105305759136,1.5479863672122755e-10,1.2441810025925792e-5,2.013776492285283e-5,0.1111105305759136,-0.11110933756878373
4915,9.765625,-0.11111043833157147,3.323713023428989e-11,5.765165239114131e-6,4.8185497477011876e-5,0.11111043833157147,-0.11110934070913038
4916,3.90625,-0.11111037373737456,1.1225877540692924e-11,3.3505040726274192e-6,5.2629866298112774e-5,0.11111037373737456,-0.11110934364097635
4917,1.5625,-0.11111031525558775,4.757114761058001e-11,6.8971840348492955e-6,5.214183846070301e-5,0.11111031525558775,-0.11110934627946226
4918,0.625,-0.11111025877565701,1.3450834134494044e-10,1.1597773120083892e-5,5.107543378668972e-5,0.11111025877565701,-0.11110934877318615
4919,0.25,-0.11111020304139305,2.70342989946113e-10,1.644211026438252e-5,5.027635908668505e-5,0.11111020304139305,-0.11110935121285417
4920,0.1,-0.11111014762764322,4.546261226238047e-10,2.132196338576269e-5,4.9776632033207427e-5,0.11111014762764322,-0.11110935363621202
4921,0.1,-0.11111009264871373,6.857004568734999e-10,2.618588277819749e-5,4.9474147178979285e-5,0.11111009264871373,-0.11110935600125989
4922,0.1,-0.11111003816221098,9.619918400944707e-10,3.101599329530606e-5,4.912708615023467e-5,0.11111003816221098,-0.11110935829943037
4923,0.1,-0.11110998422467959,1.2817669021305113e-9,3.580177233225349e-5,4.8735764653904424e-5,0.11110998422467959,-0.11110936052246574
4924,0.1,-0.11110993089151071,1.6431404290236029e-9,4.0535668602153376e-5,4.830057955143993e-5,0.11110993089151071,-0.11110936266245532
4925,0.25,-0.11110987957643952,2.032558446486632e-9,4.5083904516874224e-5,4.78243926893133e-5,0.11110987957643952,-0.11110936435036878
4926,0.625,-0.11110983369109274,2.4137619710490727e-9,4.913005160845114e-5,4.664309377766605e-5,0.11110983369109274,-0.11110936476062172
4927,1.5625,-0.11110980223753059,2.6867223015916534e-9,5.18336020510986e-5,4.356418095462393e-5,0.11110980223753059,-0.11110936180137714
4928,3.90625,-0.11110980715735287,2.608043062003642e-9,5.106900294702885e-5,3.562741357199643e-5,0.11110980715735287,-0.11110935147826273
4929,9.765625,-0.11110989180041084,1.7736287830547844e-9,4.211447237060895e-5,1.7206653500206597e-5,0.11110989180041084,-0.1111093330436416
4930,24.4140625,-0.1111100959466127,3.414942554297919e-10,1.847956318287291e-5,2.8264095910019577e-5,0.1111100959466127,-0.1111093312040691
4931,9.765625,-0.11111019838922029,7.126505900864775e-11,8.441863479626269e-6,7.07192764605167e-5,0.11111019838922029,-0.11110933802689389
4932,3.90625,-0.11111028715913522,1.9329401201774176e-11,4.3965214888334366e-6,7.753412170815176e-5,0.11111028715913522,-0.11110934442580975
4933,1.5625,-0.11111037031490076,9.538303006292472e-11,9.766423606567796e-6,7.690211301320629e-5,0.11111037031490076,-0.11110935018299978
4934,0.625,-0.11111045158637585,2.823072174338095e-10,1.6802000399768163e-5,7.53581306141085e-5,0.11111045158637585,-0.11110935561978139
4935,0.25,-0.11111053230700009,5.763502044924601e-10,2.400729481829346e-5,7.418843471751669e-5,0.11111053230700009,-0.11110936093556356
4936,0.1,-0.11111061295834228,9.765211980756179e-10,3.1249339162222584e-5,7.345377722491815e-5,0.11111061295834228,-0.11110936621413876
4937,0.1,-0.11111069346056722,1.4792559974914607e-9,3.8461097195626916e-5,7.300804744474372e-5,0.11111069346056722,-0.11110937136583118
4938,0.1,-0.11111077373538576,2.081150298895135e-9,4.561962624677163e-5,7.24959366721928e-5,0.11111077373538576,-0.11110937637181946
4939,0.1,-0.1111108537029058,2.7784510775054453e-9,5.271101476452e-5,7.19179089318068e-5,0.1111108537029058,-0.11110938121395982
4940,0.1,-0.11111093328184389,3.567072562130376e-9,5.972497435855771e-5,7.127454224264234e-5,0.11111093328184389,-0.1111093858748607
4941,0.25,-0.11111101085442747,4.417704242185321e-9,6.646581258199828e-5,7.057002956612765e-5,0.11111101085442747,-0.11110938955169956
4942,0.625,-0.11111108235798482,5.251835390416648e-9,7.246954802133546e-5,6.882117765813866e-5,0.11111108235798482,-0.1111093904449018
4943,1.5625,-0.11111113673552059,5.852639369036441e-9,7.65025448533344e-5,6.425799646862085e-5,0.11111113673552059,-0.11110938398788085
4944,3.90625,-0.11111114568597547,5.691488071723157e-9,7.544195166963245e-5,5.2461269821943534e-5,0.11111114568597547,-0.11110936142658738
4945,9.765625,-0.11111104690158177,3.885632222612732e-9,6.233483955712673e-5,2.461379443554573e-5,0.11111104690158177,-0.11110932094172833
4946,24.4140625,-0.1111107510288076,7.565148127128555e-10,2.7504814355178902e-5,4.052031756213447e-5,0.1111107510288076,-0.11110931639173258
4947,9.765625,-0.11111057943402274,1.5614033263725568e-10,1.2495612535496437e-5,0.00010432173268469272,0.11111057943402274,-0.11110933130503105
4948,3.90625,-0.11111043742078233,3.558536530344702e-11,5.965347039648827e-6,0.00011467935148893186,0.11111043742078233,-0.11110934535642578
4949,1.5625,-0.11111030568081823,1.9636835721556372e-10,1.4013149439564387e-5,0.00011384564844242574,0.11111030568081823,-0.11110935800394925
4950,0.625,-0.11111017774145483,6.00647499556433e-10,2.4508110893262112e-5,0.00011159685210683254,0.11111017774145483,-0.11110936994292561
4951,0.25,-0.11111005141374515,1.2400609734208932e-9,3.521449947707468e-5,0.00010987685565456478,0.11111005141374515,-0.11110938161132584
4952,0.1,-0.11110992593357157,2.112370141693346e-9,4.5960528083273217e-5,0.00010879118683194432,0.11110992593357157,-0.11110939319464214
4953,0.1,-0.11110980138991788,3.209827665482642e-9,5.665534101461787e-5,0.00010812958416511618,0.11110980138991788,-0.11110940449981865
4954,0.1,-0.11110967787270709,4.525000446374124e-9,6.72681235532412e-5,0.0001073697260274778,0.11110967787270709,-0.11110941548556112
4955,0.1,-0.1111095554693892,6.0496953476225225e-9,7.777978752621097e-5,0.00010651228305729374,0.1111095554693892,-0.1111094261120574
4956,0.1,-0.11110943426492464,7.774993866901031e-9,8.817592566512149e-5,0.00010555809181422339,0.11110943426492464,-0.11110943634113486
4957,0.25,-0.11110931638073401,9.637272117310999e-9,9.816960892919457e-5,0.00010451337423978972,0.11110931638073401,-0.11110944442035689
4958,0.625,-0.11110920704218334,1.1466006168888862e-8,0.00010707943859065037,0.00010192503619245966,0.11110920704218334,-0.11110944641578195
4959,1.5625,-0.11110912043420422,1.2789909070505737e-8,0.00011309248016780663,9.51733283808755e-5,0.11110912043420422,-0.11110943233162024
4960,3.90625,-0.11110909372000513,1.2458100317505007e-8,0.00011161586051052515,7.769676108322414e-5,0.11110909372000513,-0.11110938293609274
4961,9.765625,-0.1111092171059724,8.538568948289538e-9,9.24043773221244e-5,3.606901208749188e-5,0.1111092171059724,-0.11110929384321586
4962,24.4140625,-0.11110992242011818,1.4319055710550105e-10,1.1966225683376569e-5,5.7710781168989034e-5,0.11110992242011818,-0.11110934801713318
4963,9.765625,-0.11111058824543157,1.5187823054206662e-10,1.2323888612855384e-5,3.196193850110166e-5,0.11111058824543157,-0.1111093469937011
4964,3.90625,-0.11111084531243619,1.7130401311520695e-10,1.3088315900649974e-5,2.1254218749057815e-5,0.11111084531243619,-0.11110934661365197
4965,1.5625,-0.11111105095056724,1.9553217682883723e-10,1.3983282047818289e-5,1.690008261258992e-5,0.11111105095056724,-0.11110934654283194
4966,3.90625,-0.11111110185746541,1.9291204079743103e-10,1.3889277907703879e-5,1.5038710501996742e-5,0.11111110185746541,-0.11110934589239263
4967,9.765625,-0.11111078566828704,1.2885151679388734e-10,1.1351278200885015e-5,1.1187105074582098e-5,0.11111078566828704,-0.11110934460782732
4968,24.4140625,-0.11111020655482845,2.535791340840722e-11,5.035664147697622e-6,1.1057062059526534e-5,0.11111020655482845,-0.11110934447095551
4969,9.765625,-0.11111050765130101,8.117848060221035e-12,2.8491837533267375e-6,1.97212882228639e-5,0.11111050765130101,-0.11110934495194788
4970,3.90625,-0.11111060687323793,5.8901585388228314e-12,2.4269648820744878e-6,2.09762792928327e-5,0.11111060687323793,-0.11110934539825373
4971,1.5625,-0.11111068366512439,1.1965587619895055e-11,3.4591310498295747e-6,2.0620217688538107e-5,0.11111068366512439,-0.11110934580499532
4972,0.625,-0.11111075485415356,2.517474394893709e-11,5.017443965699776e-6,2.012677341150751e-5,0.11111075485415356,-0.11110934619155265
4973,0.25,-0.1111108243939927,4.522742325251344e-11,6.7251336977426285e-6,1.9761963029359748e-5,0.1111108243939927,-0.11110934656953632
4974,0.1,-0.11111089344207481,7.201109751393675e-11,8.485935276322626e-6,1.9521097752534296e-5,0.11111089344207481,-0.11110934694370442
4975,0.1,-0.11111096013085703,1.0521570013100614e-10,1.0257470454795672e-5,1.9360962231190334e-5,0.11111096013085703,-0.1111093473074075
4976,0.1,-0.11111102422749082,1.445633571298581e-10,1.2023450300552588e-5,1.9190760459800346e-5,0.11111102422749082,-0.11110934765975033
4977,0.1,-0.11111108550988476,1.8975986588361324e-10,1.3775335418189034e-5,1.9009988442309932e-5,0.11111108550988476,-0.11110934799985558
4978,0.1,-0.1111111437673914,2.4049538066372605e-10,1.550791348517672e-5,1.8818278813111638e-5,0.1111111437673914,-0.1111093483268734
4979,0.25,-0.11111119041725431,2.946785383789861e-10,1.716620337695514e-5,1.861718734191749e-5,0.11111119041725431,-0.1111093485878949
4980,0.625,-0.11111120643464595,3.4684429605039863e-10,1.8623756228280013e-5,1.8171546080745574e-5,0.11111120643464595,-0.11110934866632367
4981,1.5625,-0.11111114531085159,3.822189898306109e-10,1.9550421730249475e-5,1.7072287300171994e-5,0.11111114531085159,-0.1111093482703867
4982,3.90625,-0.11111091149761779,3.6608304771035433e-10,1.9133296833278743e-5,1.4370916230625134e-5,0.11111091149761779,-0.11110934685829468
4983,9.765625,-0.11111041471516352,2.451442241626358e-10,1.5657082236567446e-5,9.01049472952751e-6,0.11111041471516352,-0.11110934437520784
4984,24.4140625,-0.11111009883754083,4.8647468059909235e-11,6.974773692379505e-6,1.2795231521101329e-5,0.11111009883754083,-0.1111093441695229
4985,9.765625,-0.11111029436762308,1.2727630642794922e-11,3.5675805026368952e-6,2.69228953313494e-5,0.11111029436762308,-0.11110934511037944
4986,3.90625,-0.11111037053921895,6.681556086927655e-12,2.5848706131889185e-6,2.917756185052866e-5,0.11111037053921895,-0.11110934599676395
4987,1.5625,-0.11111043054957154,1.790029322120204e-11,4.230873812961342e-6,2.884609002701814e-5,0.11111043054957154,-0.11110934679998255
4988,0.625,-0.11111048618189374,4.402791465614683e-11,6.635353393463443e-6,2.822893536792408e-5,0.11111048618189374,-0.11110934756134054
4989,0.25,-0.11111054043119072,8.4518564218196e-11,9.193397860323244e-6,2.7766035228402035e-5,0.11111054043119072,-0.11110934830630619
4990,0.1,-0.11111059423638593,1.3919717361120782e-10,1.179818518295114e-5,2.746882933190751e-5,0.11111059423638593,-0.1111093490454376
4991,0.1,-0.11111064708837665,2.0752507961978197e-10,1.4405730790896447e-5,2.7280415606548955e-5,0.11111064708837665,-0.11110934976580447
4992,0.1,-0.11111069884712636,2.889960040304336e-10,1.6999882471077076e-5,2.707039858624209e-5,0.11111069884712636,-0.11110935046505464
4993,0.1,-0.11111074937639283,3.8306073624076635e-10,1.957193746773084e-5,2.6838774309024287e-5,0.11111074937639283,-0.11110935114091908
4994,0.1,-0.11111079854415978,4.891290867774405e-10,2.211626294782734e-5,2.6585617039781893e-5,0.11111079854415978,-0.11110935179122503
4995,0.25,-0.11111084248668465,6.031263034277354e-10,2.455862991756127e-5,2.631276774839611e-5,0.11111084248668465,-0.11110935230685673
4996,0.625,-0.11111087222003323,7.142282744534663e-10,2.6725049568774726e-5,2.5668189530664477e-5,0.11111087222003323,-0.11110935244488696
4997,1.5625,-0.11111086508267673,7.927061026429947e-10,2.8155036896494998e-5,2.4026226658847913e-5,0.11111086508267673,-0.11110935159184927
4998,3.90625,-0.11111077187682715,7.666574467838224e-10,2.7688579717707127e-5,1.9870118317811587e-5,0.11111077187682715,-0.11110934858523397
4999,9.765625,-0.11111053248161333,5.184470490239308e-10,2.2769432338640567e-5,1.0832646528900325e-5,0.11111053248161333,-0.11110934324509694
5000,24.4140625,-0.1111103042670614,9.955750932457755e-11,9.977850937179687e-6,1.6743774651193708e-5,0.1111103042670614,-0.11110934280022006
5001,9.765625,-0.11111035349798444,2.2196764521481442e-11,4.711344237208892e-6,3.871486314127914e-5,0.11111035349798444,-0.11110934481162514
5002,3.90625,-0.11111035286886434,8.436231332877627e-12,2.9045191224844135e-6,4.2201654032406675e-5,0.11111035286886434,-0.11110934669117799
5003,1.5625,-0.11111034748490015,3.185627918636698e-11,5.6441367086886705e-6,4.178501726527946e-5,0.11111034748490015,-0.11110934838428604
5004,0.625,-0.11111034106523618,8.74627537454708e-11,9.35215235897442e-6,4.091669334870936e-5,0.11111034106523618,-0.11110934998494534
5005,0.25,-0.11111033438942396,1.7413790393656914e-10,1.3196132158195793e-5,4.0264836163561194e-5,0.11111033438942396,-0.1111093515505006
5006,0.1,-0.11111032767554953,2.915596549959199e-10,1.707511800825751e-5,3.9852879673594564e-5,0.11111032767554953,-0.11110935310477307
5007,0.1,-0.11111032069484726,4.386394553641548e-10,2.0943721144155705e-5,3.959885442829257e-5,0.11111032069484726,-0.11110935462081632
5008,0.1,-0.11111031341185329,6.143441965923297e-10,2.4785967735642876e-5,3.9310231812481626e-5,0.11111031341185329,-0.11110935609327999
5009,0.1,-0.11111030579304353,8.175426200933575e-10,2.859270221740781e-5,3.898722808493332e-5,0.11111030579304353,-0.11110935751701173
5010,0.1,-0.11111029780697478,1.047009960678692e-9,3.2357533291008015e-5,3.863013286676773e-5,0.11111029780697478,-0.11110935888707932
5011,0.25,-0.11111028826172689,1.294112018461703e-9,3.5973768477346146e-5,3.824148206558286e-5,0.11111028826172689,-0.11110935996875554
5012,0.625,-0.11111027451934037,1.5358091345986818e-9,3.918940079407545e-5,3.729522733717933e-5,0.11111027451934037,-0.11110936023751965
5013,1.5625,-0.11111025029401143,1.7086077112667674e-9,4.133530828803346e-5,3.4849098493454635e-5,0.11111025029401143,-0.1111093583648985
5014,3.90625,-0.11111020395831048,1.6580784714018841e-9,4.071950971465501e-5,2.8574196434210577e-5,0.11111020395831048,-0.11110935181492991
5015,9.765625,-0.11111013450366326,1.1277929579837653e-9,3.35826288128813e-5,1.4207662349719366e-5,0.11111013450366326,-0.11110934011299228
5016,24.4140625,-0.111110165144154,2.17550546656678e-10,1.4749594796355526e-5,2.292316870583563e-5,0.111110165144154,-0.11110933895573988
5017,9.765625,-0.11111027942297855,4.571639382670458e-11,6.7613899330466495e-6,5.6587172944104735e-5,0.11111027942297855,-0.11110934331529362
5018,3.90625,-0.11111035264429588,1.2896032213786376e-11,3.591104595216683e-6,6.19909520383531e-5,0.11111035264429588,-0.11110934740308645
5019,1.5625,-0.1111104180076675,6.153040908008534e-11,7.844132143206496e-6,6.147104289817147e-5,0.1111104180076675,-0.1111093510814989
5020,0.625,-0.11111048103267962,1.8067875774736602e-10,1.344167987073662e-5,6.022876843345837e-5,0.11111048103267962,-0.11110935455517382
5021,0.25,-0.11111054334920563,3.6791430649336316e-10,1.9181092421792955e-5,5.928658888453725e-5,0.11111054334920563,-0.11110935795092945
5022,0.1,-0.1111106055039322,6.225694916086627e-10,2.4951342481090324e-5,5.8691843215839015e-5,0.1111106055039322,-0.11110936132201195
5023,0.1,-0.11111066726153869,9.423462158087365e-10,3.069765814860698e-5,5.832777786231826e-5,0.11111066726153869,-0.11110936461127269
5024,0.1,-0.11111072853368538,1.3250480970009263e-9,3.6401210103524394e-5,5.791139049516006e-5,0.11111072853368538,-0.11110936780683464
5025,0.1,-0.11111078923219712,1.7682599825770082e-9,4.205068349714435e-5,5.7443036050855015e-5,0.11111078923219712,-0.11110937089725428
5026,0.1,-0.11111084926930621,2.2693580845204865e-9,4.763778001251198e-5,5.692316522597996e-5,0.11111084926930621,-0.11110937387156715
5027,0.25,-0.11111090645911006,2.8097088583991426e-9,5.300668692154927e-5,5.635531717386095e-5,0.11111090645911006,-0.11110937621937131
5028,0.625,-0.11111095556337247,3.339455251747121e-9,5.7788019967352414e-5,5.4958143285911766e-5,0.11111095556337247,-0.11110937679703495
5029,1.5625,-0.11111098289622136,3.720958301131916e-9,6.0999658205041736e-5,5.1326549315133205e-5,0.11111098289622136,-0.11110937270264193
5030,3.90625,-0.11111095612041852,3.618646174382217e-9,6.015518410230507e-5,4.1958775119515624e-5,0.11111095612041852,-0.11110935837183682
5031,9.765625,-0.11111081849645162,2.4717323915231474e-9,4.971652030787299e-5,1.9980124603319858e-5,0.11111081849645162,-0.11110933263626925
5032,24.4140625,-0.11111056161386001,4.821754568914527e-10,2.195849395772517e-5,3.253687829301466e-5,0.11111056161386001,-0.11110932972639326
5033,9.765625,-0.11111046749701176,9.979136358987374e-11,9.989562732666218e-6,8.333871204515826e-5,0.11111046749701176,-0.11110933923730199
5034,3.90625,-0.11111037791110619,2.3066380530112827e-11,4.802747185737849e-6,9.159283828297331e-5,0.11111037791110619,-0.11110934819975206
5035,1.5625,-0.11111029347937725,1.254825048351073e-10,1.12018973765656e-5,9.092049453084171e-5,0.11111029347937725,-0.11110935626739751
5036,0.625,-0.11111021114692013,3.8287495112970633e-10,1.956719068056798e-5,8.911945534573129e-5,0.11111021114692013,-0.11110936388276683
5037,0.25,-0.11111012974490984,7.898656448849898e-10,2.8104548473245212e-5,8.774013782469965e-5,0.11111012974490984,-0.11110937132459762
5038,0.1,-0.11111004885055224,1.3449799319470632e-9,3.667396804201944e-5,8.686665690776847e-5,0.11111004885055224,-0.11110937871092309
5039,0.1,-0.11110996848509101,2.0432509997882917e-9,4.520233400819356e-5,8.633140037042153e-5,0.11110996848509101,-0.11110938591885602
5040,0.1,-0.11110988869839132,2.8799090119261473e-9,5.366478372197308e-5,8.571813069837933e-5,0.11110988869839132,-0.11110939292220644
5041,0.1,-0.11110980953943449,3.8497038921236404e-9,6.204598207880701e-5,8.50273964798432e-5,0.11110980953943449,-0.11110939969573533
5042,0.1,-0.11110973105633186,4.946927491777794e-9,7.033439764281624e-5,8.425987880481065e-5,0.11110973105633186,-0.11110940621525377
5043,0.25,-0.11110965436465413,6.131127261510106e-9,7.830151506522786e-5,8.3420764519343e-5,0.11110965436465413,-0.11110941136608282
5044,0.625,-0.11110958227510899,7.293950141231481e-9,8.540462599433055e-5,8.135318197524673e-5,0.11110958227510899,-0.11110941264632178
5045,1.5625,-0.1111095226313903,8.135980377790202e-9,9.01996694993402e-5,7.597243137768508e-5,0.1111095226313903,-0.11110940369851677
5046,3.90625,-0.11110949718678512,7.925886349189244e-9,8.902744716765299e-5,6.206011261167048e-5,0.11110949718678512,-0.11110937228635363
5047,9.765625,-0.11110956548749462,5.434663177426632e-9,7.372016805072159e-5,2.8997290786152546e-5,0.11110956548749462,-0.1111093155931975
5048,24.4140625,-0.11111014795245022,9.184546670295926e-11,9.583604056040674e-6,4.606574607450252e-5,0.11111014795245022,-0.11110935012562499
5049,9.765625,-0.11111051784356285,9.771531277697664e-11,9.885105602722545e-6,2.55907468258205e-5,0.11111051784356285,-0.11110934946380306
5050,3.90625,-0.11111065566532798,1.0969609193487669e-10,1.0473590212285217e-5,1.7269233409725436e-5,0.11111065566532798,-0.11110934923184909
5051,1.5625,-0.111110765464027,1.2459857171264595e-10,1.1162373032319157e-5,1.3973733820700392e-5,0.111110765464027,-0.11110934920095605
5052,0.625,-0.11111086816466835,1.419251221222121e-10,1.1913233067568689e-5,1.2609792000978024e-5,0.11111086816466835,-0.1111093492603731
5053,1.5625,-0.11111092809385673,1.5233827108296637e-10,1.2342539085737845e-5,1.1995070280107398e-5,0.11111092809385673,-0.1111093491360157
5054,3.90625,-0.11111087415129331,1.4086080515101023e-10,1.186847947931875e-5,1.0600351241413672e-5,0.11111087415129331,-0.111109348636493
5055,9.765625,-0.11111059602625675,8.769441072638162e-11,9.364529391612887e-6,8.515060317593287e-6,0.11111059602625675,-0.11110934782373717
5056,24.4140625,-0.11111026794233506,1.6477915050834833e-11,4.059299822732343e-6,1.144305499018752e-5,0.11111026794233506,-0.11110934794065623
5057,9.765625,-0.11111042212917477,5.871430050331182e-12,2.423103392414608e-6,1.8176302500837764e-5,0.11111042212917477,-0.11110934833052075
5058,3.90625,-0.11111046312811561,5.851557219271799e-12,2.418999218534764e-6,1.8908953577427625e-5,0.11111046312811561,-0.11110934868069294
5059,1.5625,-0.11111049231352585,1.2012584075950719e-11,3.4659174941061017e-6,1.8477805763896153e-5,0.11111049231352585,-0.11110934900029236
5060,0.625,-0.11111051858812028,2.3597257649092324e-11,4.85770086039603e-6,1.801784723612642e-5,0.11111051858812028,-0.1111093493063756
5061,0.25,-0.11111054400807335,4.043568453408568e-11,6.358905922726462e-6,1.770313056353663e-5,0.11111054400807335,-0.11110934960770955
5062,0.1,-0.11111056917298047,6.2468992269336e-11,7.903732806043989e-6,1.750743945171083e-5,0.11111056917298047,-0.11110934990749854
5063,0.1,-0.11111059321959764,8.946711609568057e-11,9.458705836195593e-6,1.738478426675561e-5,0.11111059321959764,-0.11110935019966826
5064,0.1,-0.11111061603432382,1.212275901640002e-10,1.1010340147515888e-5,1.725133724329139e-5,0.11111061603432382,-0.11110935048343171
5065,0.1,-0.11111063750901361,1.5753352395682687e-10,1.2551235953356421e-5,1.710693261568329e-5,0.11111063750901361,-0.11110935075802535
5066,0.1,-0.11111065754132711,1.9815425973543151e-10,1.4076727593280746e-5,1.6951485401573608e-5,0.11111065754132711,-0.11110935102271632
5067,0.25,-0.11111067203541121,2.4144177333083156e-10,1.5538396742612527e-5,1.6786223152900375e-5,0.11111067203541121,-0.11110935123426899
5068,0.625,-0.11111067190275868,2.830760192295743e-10,1.682486312662229e-5,1.6402350398009954e-5,0.11111067190275868,-0.11110935129816552
5069,1.5625,-0.11111063499448758,3.113142442930494e-10,1.7644099418588907e-5,1.543810776602214e-5,0.11111063499448758,-0.1111093509779755
5070,3.90625,-0.11111051641523366,2.982029492347563e-10,1.726855376789719e-5,1.3061343631379596e-5,0.11111051641523366,-0.111109349833544
5071,9.765625,-0.1111102784128387,1.995622926347293e-10,1.412665185508333e-5,8.450407075112287e-6,0.1111102784128387,-0.11110934782482783
5072,24.4140625,-0.11111015928570776,3.920442507419667e-11,6.261343711552391e-6,1.2194009495511574e-5,0.11111015928570776,-0.11110934770811291
5073,9.765625,-0.11111027998731847,1.0575647834952766e-11,3.252022114769942e-6,2.475297767275398e-5,0.11111027998731847,-0.11110934849307176
5074,3.90625,-0.11111033697363669,6.129243552664482e-12,2.4757309128143313e-6,2.6711447668946294e-5,0.11111033697363669,-0.1111093492303088
5075,1.5625,-0.11111038453333341,1.5836981932953738e-11,3.979570571425231e-6,2.6394826986539563e-5,0.11111038453333341,-0.11110934990006807
5076,0.625,-0.11111042946273891,3.7826105110029795e-11,6.150293091392458e-6,2.584055396393718e-5,0.11111042946273891,-0.11110935053666757
5077,0.25,-0.11111047355119878,7.168000448607318e-11,8.46640446034048e-6,2.543235315827756e-5,0.11111047355119878,-0.11110935116088003
5078,0.1,-0.11111051736998506,1.1727758451268456e-10,1.0829477573395891e-5,2.5175653483085704e-5,0.11111051736998506,-0.11110935178119093
5079,0.1,-0.11111056064522902,1.741884762593556e-10,1.3198048198857118e-5,2.5017285637723755e-5,0.11111056064522902,-0.11110935238656676
5080,0.1,-0.11111060329207767,2.420097467388308e-10,1.555666245500078e-5,2.483848503671899e-5,0.11111060329207767,-0.11110935297499532
5081,0.1,-0.11111064522756571,3.203012100451709e-10,1.7896960916456485e-5,2.4639343038625618e-5,0.11111064522756571,-0.11110935354453678
5082,0.1,-0.11111068637085908,4.0858713461363364e-10,2.0213538399143127e-5,2.442000885347145e-5,0.11111068637085908,-0.11110935409333397
5083,0.25,-0.11111072446092961,5.034881185284534e-10,2.243854091799316e-5,2.4182000114985935e-5,0.11111072446092961,-0.11110935453028693
5084,0.625,-0.11111075419436899,5.960066436721834e-10,2.441324729879627e-5,2.3605952062062507e-5,0.11111075419436899,-0.1111093546527482
5085,1.5625,-0.11111076206693891,6.614016402704578e-10,2.5717730076164533e-5,2.212471394886471e-5,0.11111076206693891,-0.11110935394892942
5086,3.90625,-0.11111071806042797,6.39761894182373e-10,2.5293514864138062e-5,1.8369352981929378e-5,0.11111071806042797,-0.11110935144838792
5087,9.765625,-0.11111058084229772,4.328580539658163e-10,2.080524102157474e-5,1.028601701543472e-5,0.11111058084229772,-0.11110934699870632
5088,24.4140625,-0.11111041560268171,8.372235112719036e-11,9.149991864870173e-6,1.558931307529375e-5,0.11111041560268171,-0.11110934662319487
5089,9.765625,-0.11111041080138442,1.92962103595078e-11,4.392745196287602e-6,3.549797606227475e-5,0.11111041080138442,-0.11110934830172849
5090,3.90625,-0.1111103841562939,7.77678858478312e-12,2.788689402709294e-6,3.868320431905103e-5,0.1111103841562939,-0.11110934987675926
5091,1.5625,-0.11111035687253328,2.726444847824886e-11,5.221536984284308e-6,3.831691967989191e-5,0.11111035687253328,-0.11110935129916552
5092,0.625,-0.11111032969800114,7.362999110163307e-11,8.580791985687165e-6,3.753802870558308e-5,0.11111032969800114,-0.1111093526459533
5093,0.25,-0.1111103026318237,1.4596649312246437e-10,1.2081659369576034e-5,3.695501564864086e-5,0.1111103026318237,-0.11110935396443981
5094,0.1,-0.11111027564330857,2.440280425850814e-10,1.5621396947298966e-5,3.658957681642777e-5,0.11111027564330857,-0.11110935527429594
5095,0.1,-0.11111024861065759,3.669262746946086e-10,1.9155319749213494e-5,3.6367285179371965e-5,0.11111024861065759,-0.11110935655288072
5096,0.1,-0.11111022153359262,5.138181450512718e-10,2.2667557103739075e-5,3.6113019265276316e-5,0.11111022153359262,-0.11110935779566625
5097,0.1,-0.11111019441280195,6.837768022979532e-10,2.614912622436844e-5,3.582700242955938e-5,0.11111019441280195,-0.11110935899828966
5098,0.1,-0.11111016724998508,8.757954734754046e-10,2.959384181675986e-5,3.550952133030885e-5,0.11111016724998508,-0.11110936015657046
5099,0.25,-0.11111013978474851,1.0826699547775726e-9,3.290395044333693e-5,3.516270192086613e-5,0.11111013978474851,-0.1111093610740536
5100,0.625,-0.1111101115611585,1.2851417047978669e-9,3.5848873131492806e-5,3.4307054303875655e-5,0.1111101115611585,-0.11110936131157974
5101,1.5625,-0.1111100818339887,1.430096985160641e-9,3.7816623132699735e-5,3.2083682287697475e-5,0.1111100818339887,-0.11110935975649665
5102,3.90625,-0.11111005122411417,1.3883046384945146e-9,3.725996025889607e-5,2.637503044214809e-5,0.11111005122411417,-0.11110935428320347
5103,9.765625,-0.11111003522644612,9.451316618163887e-10,3.074299370289739e-5,1.3389529441446014e-5,0.11111003522644612,-0.11110934448414499
5104,24.4140625,-0.11111012742438996,1.838864189801942e-10,1.3560472668022829e-5,2.1163238315203655e-5,0.11111012742438996,-0.11110934347156774
5105,9.765625,-0.11111023256077482,3.9726395425550144e-11,6.302887863951741e-6,5.184463666120735e-5,0.11111023256077482,-0.11110934711312018
5106,3.90625,-0.11111030855635945,1.179897522269985e-11,3.434963642121973e-6,5.6818434088032837e-5,0.11111030855635945,-0.11110935054270143
5107,1.5625,-0.11111037782817383,5.205393268835524e-11,7.214841140895289e-6,5.6369506645349896e-5,0.11111037782817383,-0.11110935363509299
5108,0.625,-0.11111044499840785,1.5137262452286374e-10,1.2303358261989437e-5,5.525249405265037e-5,0.11111044499840785,-0.1111093565584422
5109,0.25,-0.11111051151014249,3.077561146437314e-10,1.7542979069808282e-5,5.440529434789662e-5,0.11111051151014249,-0.11110935941795251
5110,0.1,-0.11111057785893474,5.206778460115572e-10,2.28183664185576e-5,5.387327380519461e-5,0.11111057785893474,-0.1111093622579142
5111,0.1,-0.11111064390013842,7.88248215633474e-10,2.8075758505042637e-5,5.3550759861210975e-5,0.11111064390013842,-0.11110936503044154
5112,0.1,-0.11111070955709679,1.108660325158494e-9,3.3296551250219504e-5,5.31800238721042e-5,0.11111070955709679,-0.11110936772550012
5113,0.1,-0.11111077475297626,1.4799215756016685e-9,3.846974883725742e-5,5.276140696476138e-5,0.11111077475297626,-0.11110937033341572
5114,0.1,-0.11111083941097148,1.899862121658486e-9,4.358740783366781e-5,5.2295335229599817e-5,0.11111083941097148,-0.11110937284491292
5115,0.25,-0.11111090175762313,2.3529151291268974e-9,4.8506856516650275e-5,5.178483092000936e-5,0.11111090175762313,-0.11110937483239201
5116,0.625,-0.1111109574721119,2.7973703824001926e-9,5.2890172833903585e-5,5.051638910254861e-5,0.1111109574721119,-0.11110937533722993
5117,1.5625,-0.1111109951000259,3.118006802372526e-9,5.5839115343749185e-5,4.7206541275140874e-5,0.1111109951000259,-0.1111093719258863
5118,3.90625,-0.11111098672847088,3.0337892184090256e-9,5.5079844030362195e-5,3.866062869755673e-5,0.11111098672847088,-0.11110935992713676
5119,9.765625,-0.11111087830299887,2.0747345185299766e-9,4.554925376479813e-5,1.8680089312851742e-5,0.11111087830299887,-0.11110933833087522
5120,24.4140625,-0.11111062972146511,4.0820124306354254e-10,2.0203990770725038e-5,2.988827811330403e-5,0.11111062972146511,-0.11110933577209026
5121,9.765625,-0.11111051616707826,8.63942366710986e-11,9.294850007993599e-6,7.63545009564111e-5,0.11111051616707826,-0.11110934372782633
5122,3.90625,-0.11111041521166413,2.0764257684640662e-11,4.556781505036275e-6,8.397423052192217e-5,0.11111041521166413,-0.11110935125662155
5123,1.5625,-0.11111032071257432,1.0540784681009468e-10,1.026683236495535e-5,8.33998764469942e-5,0.11111032071257432,-0.11110935804526896
5124,0.625,-0.11111022866661327,3.201103525427261e-10,1.7891628001462755e-5,8.177714987160838e-5,0.11111022866661327,-0.11110936445843728
5125,0.25,-0.11111013763997948,6.604111678681454e-10,2.5698466255170666e-5,8.053260271541972e-5,0.11111013763997948,-0.11110937072817027
5126,0.1,-0.11111004712173027,1.125127758119934e-9,3.354292411403535e-5,7.974721794322601e-5,0.11111004712173027,-0.11110937695306088
5127,0.1,-0.11110995714378859,1.7101604913461472e-9,4.135408675507352e-5,7.926943688374485e-5,0.11110995714378859,-0.11110938303021738
5128,0.1,-0.11110986776844518,2.4115686275209394e-9,4.91077247235192e-5,7.871981690108812e-5,0.11110986776844518,-0.11110938893751698
5129,0.1,-0.1111097790570749,3.2250043101166365e-9,5.678912140645105e-5,7.809886953127383e-5,0.1111097790570749,-0.11110939465362685
5130,0.1,-0.11110969107011674,4.1457310423142164e-9,6.438735157089641e-5,7.740722550939315e-5,0.11110969107011674,-0.11110940015808887
5131,0.25,-0.11110960518113501,5.13991663135802e-9,7.169321189176853e-5,7.664936351399613e-5,0.11110960518113501,-0.11110940451604623
5132,0.625,-0.11110952483230516,6.11682674868873e-9,7.821014479393789e-5,7.476753643736286e-5,0.11110952483230516,-0.11110940562789137
5133,1.5625,-0.11110945950868506,6.825580843301388e-9,8.261707355808113e-5,6.985481944959467e-5,0.11110945950868506,-0.11110939815579214
5134,3.90625,-0.11110943470588698,6.653095741007888e-9,8.156651114892612e-5,5.7140680380530106e-5,0.11110943470588698,-0.11110937181355997
5135,9.765625,-0.11110951547306104,4.568043969992558e-9,6.758730627856505e-5,2.697845674985215e-5,0.11110951547306104,-0.11110932416181384
5136,24.4140625,-0.111110057589737,7.804031797763456e-11,8.83404312744932e-6,4.225937184259515e-5,0.111110057589737,-0.11110935304683052
5137,9.765625,-0.1111105186316564,8.259819680340618e-11,9.088355010859016e-6,2.3687356019601815e-5,0.1111105186316564,-0.11110935250132672
5138,3.90625,-0.11111069393277084,9.276155620867812e-11,9.631280091902535e-6,1.6188941963069575e-5,0.11111069393277084,-0.11110935231580807
5139,1.5625,-0.11111083438357965,1.0547151394399846e-10,1.026993251896031e-5,1.3226688352910682e-5,0.11111083438357965,-0.11110935229929189
5140,0.625,-0.11111096588888728,1.2030892481336297e-10,1.0968542510897378e-5,1.2002073895958772e-5,0.11111096588888728,-0.11110935235885089
5141,1.5625,-0.11111104501158668,1.292935824110227e-10,1.1370733591594813e-5,1.1450548879664878e-5,0.11111104501158668,-0.11110935226203067
5142,3.90625,-0.11111098414393987,1.195142853598695e-10,1.093225893216354e-5,1.0201595249528126e-5,0.11111098414393987,-0.11110935184618202
5143,9.765625,-0.11111064567352376,7.42034257376694e-11,8.61414103307285e-6,8.356584694393731e-6,0.11111064567352376,-0.1111093511660574
5144,24.4140625,-0.11111023456277458,1.443480481318471e-11,3.7993163612924772e-6,1.0902829178075868e-5,0.11111023456277458,-0.11110935125910847
5145,9.765625,-0.11111042633130365,5.543141924325935e-12,2.3543878024501263e-6,1.6895814716566922e-5,0.11111042633130365,-0.1111093515884967
5146,3.90625,-0.11111048481587096,5.603305105644568e-12,2.367130141256405e-6,1.7541386799201806e-5,0.11111048481587096,-0.11110935188698287
5147,1.5625,-0.11111052834706016,1.0839759914600766e-11,3.292379066055542e-6,1.7144198329837125e-5,0.11111052834706016,-0.11110935216124256
5148,0.625,-0.11111056811422225,2.0621943370616156e-11,4.541138994857585e-6,1.6726368463211086e-5,0.11111056811422225,-0.11110935242484687
5149,0.25,-0.1111106067573376,3.4810332176626776e-11,5.900028150494434e-6,1.644199402290981e-5,0.1111106067573376,-0.1111093526847922
5150,0.1,-0.11111064505682311,5.335736605227754e-11,7.304612655868724e-6,1.6265924141991177e-5,0.11111064505682311,-0.11110935294360329
5151,0.1,-0.11111068198755623,7.60685434080379e-11,8.721728235162909e-6,1.615604898058484e-5,0.11111068198755623,-0.11110935319604723
5152,0.1,-0.11111071740572054,1.0277347124899868e-10,1.0137725151581033e-5,1.603636306110966e-5,0.11111071740572054,-0.11110935344145965
5153,0.1,-0.11111075117392939,1.3328948247354532e-10,1.1545106429719274e-5,1.5906737410580626e-5,0.11111075117392939,-0.11110935367919764
5154,0.1,-0.11111078316165383,1.674222176178499e-10,1.2939173761019283e-5,1.5767115887099318e-5,0.11111078316165383,-0.11110935390864386
5155,0.25,-0.11111080832913925,2.0377289031603168e-10,1.427490421390041e-5,1.561860699861432e-5,0.11111080832913925,-0.11110935409333389
5156,0.625,-0.11111081543249346,2.3867801459048376e-10,1.5449207571603268e-5,1.5272772455925486e-5,0.11111081543249346,-0.11110935415370031
5157,1.5625,-0.11111077690797803,2.621985693944275e-10,1.61925467235524e-5,1.4404682550009479e-5,0.11111077690797803,-0.11110935389100238
5158,3.90625,-0.11111063601471302,2.507846339928609e-10,1.583618116822553e-5,1.2277178506552318e-5,0.11111063601471302,-0.1111093529364322
5159,9.765625,-0.1111103394487778,1.676567337219507e-10,1.2948232841664175e-5,8.247046335055997e-6,0.1111103394487778,-0.11110935125883092
5160,24.4140625,-0.11111015752588616,3.346472970068335e-11,5.784870759203126e-6,1.1554754794563858e-5,0.11111015752588616,-0.11110935115666674
5161,9.765625,-0.11111029085359261,9.494202949189039e-12,3.0812664521571385e-6,2.2827966239246705e-5,0.11111029085359261,-0.11110935181554414
5162,3.90625,-0.11111034854867512,5.787656184516291e-12,2.405754805568575e-6,2.4604175607236526e-5,0.11111034854867512,-0.1111093524381015
5163,1.5625,-0.11111039548983645,1.3924203814238645e-11,3.731514948950177e-6,2.4316107796453545e-5,0.11111039548983645,-0.1111093530057344
5164,0.625,-0.1111104394690409,3.233910003326584e-11,5.686747755375285e-6,2.381296569103303e-5,0.1111104394690409,-0.11110935354627025
5165,0.25,-0.11111048250472128,6.068568742738205e-11,7.790101888125857e-6,2.3442832939711206e-5,0.11111048250472128,-0.11110935407672522
5166,0.1,-0.11111052523558122,9.886422981925255e-11,9.94304932197626e-6,2.3210379629267075e-5,0.11111052523558122,-0.1111093546040494
5167,0.1,-0.11111056733534704,1.465151403796111e-10,1.2104343864068433e-5,2.306721664674901e-5,0.11111056733534704,-0.1111093551189011
5168,0.1,-0.11111060870915075,2.0330197357157157e-10,1.4258400105606925e-5,2.2905468274798683e-5,0.11111060870915075,-0.1111093556195923
5169,0.1,-0.11111064926450659,2.688569443629385e-10,1.6396857758818868e-5,2.2725226638796353e-5,0.11111064926450659,-0.11110935610449636
5170,0.1,-0.11111068891158693,3.4278236524490266e-10,1.851438265902762e-5,2.252663703287995e-5,0.11111068891158693,-0.11110935657205506
5171,0.25,-0.11111072507434556,4.22245395383945e-10,2.0548610546310548e-5,2.231106581023426e-5,0.11111072507434556,-0.11110935694588593
5172,0.625,-0.1111107517387041,4.997029085733719e-10,2.2354035621636015e-5,2.178869392174924e-5,0.1111107517387041,-0.11110935705615732
5173,1.5625,-0.11111075366535383,5.544166759094152e-10,2.3546054359688698e-5,2.04457901048146e-5,0.11111075366535383,-0.11110935647403329
5174,3.90625,-0.11111069737741099,5.361995910696036e-10,2.3155983914953897e-5,1.7049940314730267e-5,0.11111069737741099,-0.11110935438651957
5175,9.765625,-0.11111053933406487,3.629064434258991e-10,1.905010350171093e-5,9.84172764805981e-6,0.11111053933406487,-0.11110935066488363
5176,24.4140625,-0.11111036932794209,7.081157601902007e-11,8.414961438950274e-6,1.4557003628840578e-5,0.11111036932794209,-0.11110935034116241
5177,9.765625,-0.11111038442694766,1.6872196829048655e-11,4.1075779760156295e-6,3.259606783863832e-5,0.11111038442694766,-0.11110935174655832
5178,3.90625,-0.11111037046731892,7.191485686376949e-12,2.681694555011243e-6,3.550309351846321e-5,0.11111037046731892,-0.11110935307017969
5179,1.5625,-0.11111035444864276,2.345178562842144e-11,4.842704371363323e-6,3.5172265180589674e-5,0.11111035444864276,-0.11110935426796262
5180,0.625,-0.11111033810282085,6.220177623248446e-11,7.88681026984195e-6,3.446431797092488e-5,0.11111033810282085,-0.11110935540321219
5181,0.25,-0.11111032171308152,1.2268515632541455e-10,1.1076333162442098e-5,3.3934388074089706e-5,0.11111032171308152,-0.11110935651509507
5182,0.1,-0.11111030534310484,2.0469859548737272e-10,1.430729168946285e-5,3.3602491253708144e-5,0.11111030534310484,-0.11110935761991181
5183,0.1,-0.11111028884950185,3.075012245761145e-10,1.7535712833418392e-5,3.340090737563216e-5,0.11111028884950185,-0.11110935869863062
5184,0.1,-0.1111102722195731,4.303900809695855e-10,2.074584490854941e-5,3.317015567714274e-5,0.1111102722195731,-0.1111093597474576
5185,0.1,-0.11111025544184706,5.72591888866432e-10,2.392889234516366e-5,3.291044356988557e-5,0.11111025544184706,-0.11110936076273623
5186,0.1,-0.11111023850613945,7.332663049459748e-10,2.7078890393551486e-5,3.262203693133373e-5,0.11111023850613945,-0.11110936174096274
5187,0.25,-0.11111022085454593,9.063877078757438e-10,3.0106273563424347e-5,3.230684849154797e-5,0.11111022085454593,-0.11110936251767434
5188,0.625,-0.11111020131427869,1.0758442590935656e-9,3.280006492514254e-5,3.1528131781020104e-5,0.11111020131427869,-0.11110936272525318
5189,1.5625,-0.11111017726407033,1.197197311306345e-9,3.46005391765265e-5,2.9504152412946e-5,0.11111017726407033,-0.1111093614322436
5190,3.90625,-0.11111014486119303,1.1623263871197254e-9,3.409290816459818e-5,2.4313268388993016e-5,0.11111014486119303,-0.11110935685869829
5191,9.765625,-0.11111011152831393,7.916863003945473e-10,2.813692059189398e-5,1.2599551532535087e-5,0.11111011152831393,-0.11110934865905164
5192,24.4140625,-0.11111016855236494,1.54905158238444e-10,1.2446090078351674e-5,1.956850689481712e-5,0.11111016855236494,-0.11110934779200592
5193,9.765625,-0.11111026341158203,3.412569749353544e-11,5.841720422404297e-6,4.7510070760775634e-5,0.11111026341158203,-0.11110935083875213
5194,3.90625,-0.11111032874659656,1.0589500004893676e-11,3.2541511957642158e-6,5.206460249015546e-5,0.11111032874659656,-0.11110935371539521
5195,1.5625,-0.1111103877852104,4.411352424593091e-11,6.641801280219916e-6,5.166210546469173e-5,0.1111103877852104,-0.11110935631235545
5196,0.625,-0.11111044488947946,1.270720697447419e-10,1.1272624793930734e-5,5.064633252753385e-5,0.11111044488947946,-0.11110935876876357
5197,0.25,-0.11111050138778349,2.577968519961307e-10,1.6056053437757695e-5,4.9875442695510586e-5,0.11111050138778349,-0.11110936117213645
5198,0.1,-0.11111055773143412,4.3585230017694976e-10,2.0877075948919422e-5,4.939166008851182e-5,0.11111055773143412,-0.1111093635593683
5199,0.1,-0.11111061376484922,6.596639882860684e-10,2.5683924705661094e-5,4.9098840377546296e-5,0.11111061376484922,-0.1111093658903358
5200,0.1,-0.11111066941756771,9.27726015519655e-10,3.0458595100884988e-5,4.876192534520922e-5,0.11111066941756771,-0.11110936815662684
5201,0.1,-0.11111072461917076,1.2383766506293618e-9,3.519057616222505e-5,4.838123003981595e-5,0.11111072461917076,-0.11110937035013028
5202,0.1,-0.11111077929946243,1.5898053926443683e-9,3.987236377046598e-5,4.795714737178244e-5,0.11111077929946243,-0.11110937246306743
5203,0.25,-0.11111083177674771,1.968998733106778e-9,4.437340118930234e-5,4.749239439265689e-5,0.11111083177674771,-0.11110937413758393
5204,0.625,-0.11111087798450353,2.3410765143516954e-9,4.838467230799125e-5,4.6335738033962594e-5,0.11111087798450353,-0.11110937457131859
5205,1.5625,-0.11111090721153856,2.6096700049936775e-9,5.108492933335308e-5,4.331599013500346e-5,0.11111090721153856,-0.11110937172709152
5206,3.90625,-0.11111089369421648,2.539695568065424e-9,5.0395392329710306e-5,3.5521874910430035e-5,0.11111089369421648,-0.11110936169266203
5207,9.765625,-0.11111078946805755,1.7378906090042893e-9,4.1688015172280503e-5,1.73714802263436e-5,0.11111078946805755,-0.11110934361015445
5208,24.4140625,-0.11111056995045042,3.4345168230591813e-10,1.8532449441612356e-5,2.747180452894981e-5,0.11111056995045042,-0.11110934142197273
5209,9.765625,-0.11111047728645213,7.3549501545983e-11,8.576100602603902e-6,6.991768946203185e-5,0.11111047728645213,-0.11110934807935142
5210,3.90625,-0.11111039302291359,1.8115266507339065e-11,4.256203297228537e-6,7.690995082315958e-5,0.11111039302291359,-0.11110935439226849
5211,1.5625,-0.11111031397486039,8.852567103916867e-11,9.408808162523492e-6,7.639885989573653e-5,0.11111031397486039,-0.11110936008928729
5212,0.625,-0.1111102369374394,2.6786031065171206e-10,1.6366438545135958e-5,7.492280045213297e-5,0.1111102369374394,-0.11110936547312526
5213,0.25,-0.1111101607397946,5.523919817394464e-10,2.3503020693933077e-5,7.378947454372506e-5,0.1111101607397946,-0.1111093707373486
5214,0.1,-0.11111008496247293,9.411408549251055e-10,3.0678019084111434e-5,7.307455863460628e-5,0.11111008496247293,-0.11110937596433078
5215,0.1,-0.11111000963484696,1.4306912789487031e-9,3.782447988999589e-5,7.264021029025459e-5,0.11111000963484696,-0.11110938106797638
5216,0.1,-0.11110993480883528,2.0177581406225347e-9,4.491946282651357e-5,7.214008647677046e-5,0.11110993480883528,-0.11110938602972757
5217,0.1,-0.11110986053571596,2.6987145222549497e-9,5.1949153239056264e-5,7.157465804032597e-5,0.11110986053571596,-0.11110939083168656
5218,0.1,-0.11110978686610747,3.4696071315858295e-9,5.8903371139399393e-5,7.09445046041428e-5,0.11110978686610747,-0.1111093954566858
5219,0.25,-0.1111097149464048,4.302149835889086e-9,6.559077553962208e-5,7.025365719918803e-5,0.1111097149464048,-0.11110939912214374
5220,0.625,-0.11110964765297131,5.120453559373889e-9,7.15573445522812e-5,6.853557797817679e-5,0.11110964765297131,-0.11110940007005299
5221,1.5625,-0.1111095929316715,5.714641565185336e-9,7.559524829766311e-5,6.40477053652663e-5,0.1111095929316715,-0.11110939383005705
5222,3.90625,-0.11110957225305008,5.571716605369242e-9,7.464393214032365e-5,5.2433110964763126e-5,0.11110957225305008,-0.11110937178254149
5223,9.765625,-0.11110964100213275,3.8282142325494025e-9,6.187256445751543e-5,2.4928282145970645e-5,0.11110964100213275,-0.11110933185309449
5224,24.4140625,-0.11110992351125137,7.652399246949076e-10,2.7662970279688108e-5,3.942754451792776e-5,0.11110992351125137,-0.11110932650528911
5225,9.765625,-0.11111011967843742,1.6214119968495458e-10,1.2733467700707242e-5,0.00010343435906975613,0.11111011967843742,-0.11110934114017293
5226,3.90625,-0.11111027467477454,3.323460792281183e-11,5.764946480481136e-6,0.00011409063498017967,0.11111027467477454,-0.11110935508392182
5227,1.5625,-0.11111041793466171,1.8263726605967365e-10,1.3514335575960576e-5,0.00011343658335093856,0.11111041793466171,-0.11110936767307292
5228,0.625,-0.111110557489681,5.727571071999467e-10,2.393234437325242e-5,0.00011128421957057595,0.111110557489681,-0.11110937956603546
5229,0.25,-0.11111069600057294,1.1952729614140885e-9,3.457271990188346e-5,0.0001096154393119427,0.11111069600057294,-0.11110939119049239
5230,0.1,-0.11111083440308289,2.047992893293129e-9,4.525475547711123e-5,0.00010855829429684972,0.11111083440308289,-0.11110940272990182
5231,0.1,-0.11111097244586637,3.123480083367864e-9,5.588810323644795e-5,0.00010791412558133401,0.11111097244586637,-0.11110941399781125
5232,0.1,-0.1111111099744422,4.414545947298401e-9,6.644204954167504e-5,0.00010717215795969605,0.1111111099744422,-0.11110942495320156
5233,0.1,-0.11111124683207829,5.913248546689429e-9,7.689764981252306e-5,0.00010633306156652981,0.11111124683207829,-0.11110943555649581
5234,0.1,-0.11111138286020426,7.61092612508295e-9,8.724062198931728e-5,0.00010539766667093424,0.11111138286020426,-0.111109445769718
5235,0.25,-0.11111151465712756,9.445781401030363e-9,9.718940992222539e-5,0.00010437191409551051,0.11111151465712756,-0.1111094538734603
5236,0.625,-0.1111116338323647,1.1251843054437079e-8,0.00010607470506410602,0.00010182205246692042,0.1111116338323647,-0.1111094559992551
5237,1.5625,-0.11111171789547111,1.2569682416551637e-8,0.00011211459502023648,9.515910433735394e-5,0.11111171789547111,-0.11110944229754892
5238,3.90625,-0.11111171094011453,1.2274455342755547e-8,0.00011079014099979992,7.788965677590249e-5,0.11111171094011453,-0.11110939371215243
5239,9.765625,-0.11111149905271753,8.46349487238698e-9,9.199725470027343e-5,3.662877786169003e-5,0.11111149905271753,-0.11110930530693466
5240,24.4140625,-0.11111106552556342,1.3867557531648785e-10,1.1776059413763496e-5,5.63059902902524e-5,0.11111106552556342,-0.11110935802857423
5241,9.765625,-0.11110995526314232,1.456986594056041e-10,1.207056997020456e-5,3.183656351701044e-5,0.11110995526314232,-0.11110935711076712
5242,3.90625,-0.11110952893866632,1.660526344039058e-10,1.2886141175848796e-5,2.1473984150022062e-5,0.11110952893866632,-0.11110935676414678
5243,1.5625,-0.11110918672981415,1.914693199552213e-10,1.3837243943619023e-5,1.7132603133596016e-5,0.11110918672981415,-0.11110935670649838
5244,3.90625,-0.11110910127120124,1.8998622139397492e-10,1.378354894045706e-5,1.5242059714588638e-5,0.11110910127120124,-0.11110935606838786
5245,9.765625,-0.11110962479876704,1.2588205109228886e-10,1.1219717068281574e-5,1.1258699156739805e-5,0.11110962479876704,-0.11110935480291963
5246,24.4140625,-0.11111059522252532,2.5397134344985333e-11,5.039556959196447e-6,1.089225692086041e-5,0.11111059522252532,-0.11110935464169827
5247,9.765625,-0.11111012352154372,8.091312614688527e-12,2.8445232666808205e-6,1.968963698911008e-5,0.11111012352154372,-0.1111093551246635
5248,3.90625,-0.11110995796258558,6.079880016460027e-12,2.465741271192099e-6,2.088285663794241e-5,0.11110995796258558,-0.11110935556494751
5249,1.5625,-0.11110982849350814,1.2256933713425521e-11,3.5009903903646355e-6,2.050697346244272e-5,0.11110982849350814,-0.11110935596601335
5250,0.625,-0.11110970819586242,2.5490351988742418e-11,5.048797083339993e-6,2.001107749000807e-5,0.11110970819586242,-0.11110935634747153
5251,0.25,-0.11110959064545992,4.550691636520643e-11,6.745881437233123e-6,1.9648753966579395e-5,0.11110959064545992,-0.11110935672075843
5252,0.1,-0.11110947394336956,7.220296223195957e-11,8.497232621975202e-6,1.9411409351689963e-5,0.11110947394336956,-0.11110935709050554
5253,0.1,-0.11110936095912927,1.0525741334932559e-10,1.0259503562518296e-5,1.9254722215099217e-5,0.11110936095912927,-0.11110935744999452
5254,0.1,-0.11110925206592324,1.4438947375613015e-10,1.201621711505456e-5,1.9087553436342692e-5,0.11110925206592324,-0.11110935779831893
5255,0.1,-0.11110914762034617,1.8930145910663682e-10,1.375868667811855e-5,1.8909477906618967e-5,0.11110914762034617,-0.11110935813459372
5256,0.1,-0.11110904796133592,2.396797001967445e-10,1.548159230172221e-5,1.8720200216610818e-5,0.11110904796133592,-0.11110935845796477
5257,0.25,-0.11110896658188443,2.933510566337344e-10,1.7127494172637585e-5,1.8521278174119486e-5,0.11110896658188443,-0.11110935871578137
5258,0.625,-0.11110893349489882,3.4467176982080077e-10,1.856533785905338e-5,1.807809470013358e-5,0.11110893349489882,-0.11110935879242718
5259,1.5625,-0.11110902233971183,3.7855174157859654e-10,1.9456406183532367e-5,1.698514323644385e-5,0.11110902233971183,-0.1111093584003271
5260,3.90625,-0.11110938581023988,3.604165597755502e-10,1.89846401012911e-5,1.431687442457173e-5,0.11110938581023988,-0.11110935701300378
5261,9.765625,-0.11111017680114992,2.4039809296640336e-10,1.5504776456511824e-5,9.132356563417869e-6,0.11111017680114992,-0.11110935458800546
5262,24.4140625,-0.11111072938548812,4.9289392945322855e-11,7.020640493952304e-6,1.2714689123707016e-5,0.11111072938548812,-0.11110935433747006
5263,9.765625,-0.11111042852971113,1.292867724588763e-11,3.595646985715871e-6,2.665986335820629e-5,0.11111042852971113,-0.11110935526040183
5264,3.90625,-0.11111031314398247,6.375994820689597e-12,2.525073230757793e-6,2.898820657131163e-5,0.11111031314398247,-0.11110935613796628
5265,1.5625,-0.11111022297272685,1.6874667711371793e-11,4.107878736205804e-6,2.870096484637057e-5,0.11111022297272685,-0.11110935693520947
5266,0.625,-0.11111013967057318,4.207918655169922e-11,6.486847196573943e-6,2.8107892881280814e-5,0.11111013967057318,-0.11110935769133645
5267,0.25,-0.11111005857961506,8.144724809189982e-11,9.02481291173949e-6,2.7657957990356015e-5,0.11111005857961506,-0.11110935843120777
5268,0.1,-0.1111099782425246,1.3480753590532109e-10,1.1610664748640411e-5,2.7368009954355343e-5,0.1111099782425246,-0.11110935916525645
5269,0.1,-0.11110989942060741,2.0164000615571197e-10,1.420000021675042e-5,2.7183984533829053e-5,0.11110989942060741,-0.11110935988099901
5270,0.1,-0.11110982232548762,2.814528688010003e-10,1.6776557120011254e-5,2.697837955996981e-5,0.11110982232548762,-0.1111093605760976
5271,0.1,-0.11110974716231253,3.7371163963587903e-10,1.9331622788474822e-5,2.6751211010867825e-5,0.11110974716231253,-0.11110936124829883
5272,0.1,-0.11110967412915847,4.778410949390478e-10,2.1859576732842925e-5,2.650256932942812e-5,0.11110967412915847,-0.11110936189544272
5273,0.25,-0.11110960908451804,5.898723852520376e-10,2.428728855290433e-5,2.6234236633516784e-5,0.11110960908451804,-0.11110936241070742
5274,0.625,-0.11110956563943622,6.992497166216563e-10,2.64433302861356e-5,2.559916460140482e-5,0.11110956563943622,-0.11110936255582284
5275,1.5625,-0.11110957810713237,7.769713124565838e-10,2.7874205144839268e-5,2.3979880103109283e-5,0.11110957810713237,-0.11110936172820068
5276,3.90625,-0.1111097209732353,7.52895611601565e-10,2.7438943339741876e-5,1.987849863762422e-5,0.1111097209732353,-0.11110935878097332
5277,9.765625,-0.11111008544352342,5.120448582884974e-10,2.2628408213758593e-5,1.0929233676961368e-5,0.11111008544352342,-0.11110935350243127
5278,24.4140625,-0.11111043205736319,1.0109238277639366e-10,1.0054470785496056e-5,1.6386409829275448e-5,0.11111043205736319,-0.11110935294443822
5279,9.765625,-0.11111034302155899,2.2949027353949488e-11,4.790514309961874e-6,3.843974200064186e-5,0.11111034302155899,-0.11110935492568715
5280,3.90625,-0.11111033153373125,7.948057416187765e-12,2.819229933188807e-6,4.204823603340393e-5,0.11111033153373125,-0.11110935679737198
5281,1.5625,-0.11111032843264909,2.984769587109868e-11,5.463304482737411e-6,4.169916487973961e-5,0.11111032843264909,-0.11110935848834737
5282,0.625,-0.11111032739098091,8.366346701165158e-11,9.14677358480309e-6,4.086550189006113e-5,0.11111032739098091,-0.11110936008804194
5283,0.25,-0.1111103269990448,1.6827597020667033e-10,1.2972122810344895e-5,4.023139025206953e-5,0.1111103269990448,-0.11110936165267742
5284,0.1,-0.11111032684858828,2.8336574316707565e-10,1.6833470918591794e-5,3.982894957031756e-5,0.11111032684858828,-0.11110936320591917
5285,0.1,-0.11111032727718827,4.278815075560838e-10,2.0685296893109458e-5,3.958049669962028e-5,0.11111032727718827,-0.1111093647216828
5286,0.1,-0.11111032834324752,6.008182527518643e-10,2.4511594251534607e-5,3.9297559474346917e-5,0.11111032834324752,-0.1111093661946376
5287,0.1,-0.11111033010148154,8.010736159352451e-10,2.8303243911877752e-5,3.898036093239175e-5,0.11111033010148154,-0.11110936761964899
5288,0.1,-0.11111033260273362,1.0274524159047955e-9,3.205389860695256e-5,3.862919450806957e-5,0.11111033260273362,-0.11110936899179691
5289,0.25,-0.11111033777781107,1.271546486673148e-9,3.565875049231462e-5,3.824651823459493e-5,0.11111033777781107,-0.11110937008020826
5290,0.625,-0.111110349934946,1.5108799915648365e-9,3.88700397679863e-5,3.73127942805924e-5,0.111110349934946,-0.11110937036780108
5291,1.5625,-0.11111037947141779,1.6834251970067125e-9,4.1029564913690136e-5,3.489591888295637e-5,0.11111037947141779,-0.1111093685421716
5292,3.90625,-0.1111104465394914,1.6379378890434388e-9,4.047144535402015e-5,2.8688103693948373e-5,0.1111104465394914,-0.11110936208317225
5293,9.765625,-0.11111056047776621,1.1213015428839703e-9,3.348584093141413e-5,1.4409993879703843e-5,0.11111056047776621,-0.11110935043473776
5294,24.4140625,-0.11111055817663673,2.2207286274204827e-10,1.4902109338682503e-5,2.2414286311170457e-5,0.11111055817663673,-0.11110934902785441
5295,9.765625,-0.11111041974793584,4.7745936518759926e-11,6.909843451103644e-6,5.6353558249137076e-5,0.11111041974793584,-0.11110935334643895
5296,3.90625,-0.11111033529670623,1.2099902007554984e-11,3.4784913407330746e-6,6.194715630574811e-5,0.11111033529670623,-0.11110935744036893
5297,1.5625,-0.11111026084027048,5.7762649174113926e-11,7.600174285772263e-6,6.152225436859364e-5,0.11111026084027048,-0.11110936113509551
5298,0.625,-0.11111018947320671,1.7374898880700827e-10,1.3181387969671793e-5,6.0325509261738034e-5,0.11111018947320671,-0.11110936462644432
5299,0.25,-0.11111011921559202,3.5760822668847624e-10,1.891053216301636e-5,5.940530499062887e-5,0.11111011921559202,-0.11110936803946225
5300,0.1,-0.111110049416219,6.08667833340109e-10,2.467119440440833e-5,5.882164381668828e-5,0.111110049416219,-0.11110937142733071
5301,0.1,-0.11110998035166876,9.246911749222655e-10,3.0408735174654428e-5,5.8463641860418e-5,0.11110998035166876,-0.11110937473440971
5302,0.1,-0.11110991211440258,1.3035249928692393e-9,3.610436251852731e-5,5.8053418480381744e-5,0.11110991211440258,-0.1111093779488161
5303,0.1,-0.11110984479468848,1.742798517610495e-9,4.174683841454937e-5,5.759133808959518e-5,0.11110984479468848,-0.11110938105909347
5304,0.1,-0.11110977848042432,2.239933413037416e-9,4.7327934806384864e-5,5.707785707725561e-5,0.11110977848042432,-0.11110938405425919
5305,0.25,-0.11110971563264951,2.776684754777553e-9,5.269425732257314e-5,5.6516427892783264e-5,0.11110971563264951,-0.111109386429416
5306,0.625,-0.11110966207573604,3.304158004426332e-9,5.7481805855647336e-5,5.513324691081904e-5,0.11110966207573604,-0.11110938705075592
5307,1.5625,-0.11110963292496472,3.687181290700536e-9,6.072216473990808e-5,5.1534673206432804e-5,0.11110963292496472,-0.1111093830351852
5308,3.90625,-0.11110966377500865,3.5953192573132003e-9,5.996098112367075e-5,4.224171090183888e-5,0.11110966377500865,-0.11110936882139967
5309,9.765625,-0.11110981773004319,2.4717919083738632e-9,4.971711886638106e-5,2.0353232197348574e-5,0.11110981773004319,-0.11110934305563935
5310,24.4140625,-0.11111011010511511,4.949010990512823e-10,2.224637271672131e-5,3.186790372609498e-5,0.11111011010511511,-0.11110933958503086
5311,9.765625,-0.11111021741733945,1.0491324662597694e-10,1.0242716760019138e-5,8.324450523100405e-5,0.11111021741733945,-0.11110934906186556
5312,3.90625,-0.11111031829728904,2.163845347110476e-11,4.65171511069893e-6,9.180175202101382e-5,0.11111031829728904,-0.11110935809012948
5313,1.5625,-0.11111041354655847,1.182675136172012e-10,1.0875086832628105e-5,9.126721039043854e-5,0.11111041354655847,-0.11110936624088145
5314,0.625,-0.11111050684344786,3.7041405090170857e-10,1.924614379302276e-5,8.952843640342373e-5,0.11111050684344786,-0.11110937393999352
5315,0.25,-0.111110599592219,7.726332189226932e-10,2.7796280667072946e-5,8.817836851163783e-5,0.111110599592219,-0.11110938146395732
5316,0.1,-0.11111069230911258,1.323447745258913e-9,3.637922133937054e-5,8.73198359904759e-5,0.11111069230911258,-0.1111093889313442
5317,0.1,-0.1111107848935599,2.0180082324663005e-9,4.4922246520697296e-5,8.679325299880701e-5,0.1111107848935599,-0.11110939622172687
5318,0.1,-0.1111108772572295,2.851622385105155e-9,5.340058412700328e-5,8.618849113311826e-5,0.1111108772572295,-0.11110940330871677
5319,0.1,-0.1111109693094437,3.8191156459289196e-9,6.179899389091153e-5,8.550610519541643e-5,0.1111109693094437,-0.11110941016686618
5320,0.1,-0.11111106095740121,4.91485299660465e-9,7.01060125567319e-5,8.474677854105262e-5,0.11111106095740121,-0.11110941677177008
5321,0.25,-0.11111115037596138,6.098958521797646e-9,7.80958290934775e-5,8.391555434549212e-5,0.11111115037596138,-0.11110942201347461
5322,0.625,-0.11111123296495228,7.264420052385851e-9,8.523156722943589e-5,8.186252479524643e-5,0.11111123296495228,-0.111109423395142
5323,1.5625,-0.11111129610067409,8.115072732295201e-9,9.008369848255121e-5,7.65123058523445e-5,0.11111129610067409,-0.11110941455913298
5324,3.90625,-0.11111130683716351,7.92560130673061e-9,8.902584628483241e-5,6.266182501115843e-5,0.11111130683716351,-0.11110938319973374
5325,9.765625,-0.11111118899188363,5.46751976182605e-9,7.394267889268044e-5,2.9631715951393766e-5,0.11111118899188363,-0.1111093261002923
5326,24.4140625,-0.11111071900344521,8.965344630379963e-11,9.468550380274672e-6,4.5241686909302506e-5,0.11111071900344521,-0.11110936022685129
5327,9.765625,-0.11111009071711044,9.493090105695697e-11,9.743248999022706e-6,2.542066421468194e-5,0.11111009071711044,-0.1111093596047569
5328,3.90625,-0.11110985442237126,1.0716954681014183e-10,1.0352272543269996e-5,1.7301177049977092e-5,0.11110985442237126,-0.1111093593859617
5329,1.5625,-0.11110966488202349,1.2238887712061053e-10,1.1062950651639486e-5,1.4029078807647126e-5,0.11110966488202349,-0.1111093593599338
5330,0.625,-0.11110948739528195,1.4013603442583495e-10,1.1837906674147882e-5,1.265835098035515e-5,0.11110948739528195,-0.11110935942142317
5331,1.5625,-0.11110938154703633,1.5101143839240548e-10,1.2288671140217135e-5,1.203872846289164e-5,0.11110938154703633,-0.11110935929936465
5332,3.90625,-0.11110946698048066,1.396365761108674e-10,1.1816792124382463e-5,1.0617857634751738e-5,0.11110946698048066,-0.11110935880295784
5333,9.765625,-0.11110993221351169,8.640214724145067e-11,9.295275533379883e-6,8.473058086117977e-6,0.11110993221351169,-0.11110935799931793
5334,24.4140625,-0.11111050527415607,1.6590486803319845e-11,4.0731421290350086e-6,1.1325417560541424e-5,0.11111050527415607,-0.11110935810156446
5335,9.765625,-0.11111025813596122,5.754620709507896e-12,2.3988790527052204e-6,1.809080327411683e-5,0.11111025813596122,-0.11110935849061189
5336,3.90625,-0.11111018086566557,5.654432536668928e-12,2.377905073098783e-6,1.885062132206901e-5,0.11111018086566557,-0.11110935883955214
5337,1.5625,-0.11111012345515976,1.1696128852608075e-11,3.4199603583386864e-6,1.843130001637494e-5,0.11111012345515976,-0.11110935915801962
5338,0.625,-0.11111007109172488,2.312694211299852e-11,4.809047942472452e-6,1.7978056428860414e-5,0.11111007109172488,-0.11110935946299529
5339,0.25,-0.11111002025642751,3.977974738535197e-11,6.3071187863676685e-6,1.7667326791075583e-5,0.11111002025642751,-0.11110935976322456
5340,0.1,-0.11110996990379524,6.159753697367867e-11,7.84840983726504e-6,1.7474126267080266e-5,0.11110996990379524,-0.11110936006191836
5341,0.1,-0.11110992132734476,8.83514831265844e-11,9.399546963901206e-6,1.7353136337552838e-5,0.11110992132734476,-0.1111093603530922
5342,0.1,-0.11110987471532131,1.198403628109639e-10,1.094716231774079e-5,1.7221236738597103e-5,0.11110987471532131,-0.11110936063595651
5343,0.1,-0.11110983024764577,1.55848426365004e-10,1.2483926720587718e-5,1.7078288153547164e-5,0.11110983024764577,-0.11110936090974675
5344,0.1,-0.11110978809536236,1.9614610561401876e-10,1.4005217085572746e-5,1.6924228897742543e-5,0.11110978809536236,-0.11110936117372851
5345,0.25,-0.11110975475865678,2.3908686334998596e-10,1.5462433940036284e-5,1.6760280570343673e-5,0.11110975475865678,-0.11110936138506916
5346,0.625,-0.11110974477420024,2.803589073341017e-10,1.6743921504059368e-5,1.6378919385051984e-5,0.11110974477420024,-0.11110936145010963
5347,1.5625,-0.11110979384392428,3.0827423703909803e-10,1.755774008917714e-5,1.542090176207459e-5,0.11110979384392428,-0.11110936113471721
5348,3.90625,-0.11110997575114644,2.9519360680487193e-10,1.7181199224875777e-5,1.3062060918146683e-5,0.11110997575114644,-0.1111093600033753
5349,9.765625,-0.11111036133616753,1.9804032330388962e-10,1.4072680032740375e-5,8.489559021458386e-6,0.11111036133616753,-0.11110935801056471
5350,24.4140625,-0.11111060481921958,3.9839069557537576e-11,6.311819829299437e-6,1.2057452454987337e-5,0.11111060481921958,-0.11110935785743584
5351,9.765625,-0.11111042645848887,1.075734877587926e-11,3.279839748505902e-6,2.464661799147422e-5,0.11111042645848887,-0.11110935863624144
5352,3.90625,-0.11111034804954038,5.87372403897506e-12,2.423576703753166e-6,2.6675409896867944e-5,0.11111034804954038,-0.11110935937388366
5353,1.5625,-0.11111028386894242,1.5111943252384932e-11,3.887408295045033e-6,2.6393340335628192e-5,0.11111028386894242,-0.1111093600453582
5354,0.625,-0.11111022365370284,3.659147974157287e-11,6.049089166277256e-6,2.585532301958996e-5,0.11111022365370284,-0.1111093606837745
5355,0.25,-0.11111016473215614,6.989218359320731e-11,8.360154519696828e-6,2.5454716542337855e-5,0.11111016473215614,-0.11110936130968281
5356,0.1,-0.11111010625823874,1.1489225595035743e-10,1.0718780525337639e-5,2.5201611453508236e-5,0.11111010625823874,-0.11110936193157915
5357,0.1,-0.11111004865424547,1.7117093519930422e-10,1.3083231068788178e-5,2.504499164115087e-5,0.11111004865424547,-0.11110936253869146
5358,0.1,-0.11110999204322558,2.383317808380344e-10,1.5437997954334443e-5,2.486795394114248e-5,0.11110999204322558,-0.11110936312900728
5359,0.1,-0.11110993654478707,3.159412381454932e-10,1.7774735951498497e-5,2.467059715691073e-5,0.11110993654478707,-0.11110936370058687
5360,0.1,-0.11110988227475153,4.035303320392204e-10,2.0088064417440035e-5,2.4453075956970803e-5,0.11110988227475153,-0.11110936425157164
5361,0.25,-0.11110983259330194,4.977795928100698e-10,2.2310974716718896e-5,2.421688538485267e-5,0.11110983259330194,-0.11110936469181909
5362,0.625,-0.11110979534065155,5.898408327012688e-10,2.428663897498517e-5,2.3645361025842493e-5,0.11110979534065155,-0.11110936482043571
5363,1.5625,-0.11110979039416986,6.553624113562742e-10,2.560004709675891e-5,2.217538904976163e-5,0.11110979039416986,-0.11110936412920365
5364,3.90625,-0.11110986158448123,6.352857019137608e-10,2.520487456651512e-5,1.8445293472109048e-5,0.11110986158448123,-0.11110936164971633
5365,9.765625,-0.11111006733977608,4.32241630432584e-10,2.0790421603050383e-5,1.0372771716193173e-5,0.11111006733977608,-0.11110935720154384
5366,24.4140625,-0.1111102994867682,8.55750956599614e-11,9.250680821429382e-6,1.53423845683631e-5,0.1111102994867682,-0.11110935673844008
5367,9.765625,-0.11111028639406376,1.996947548039856e-11,4.468721906809436e-6,3.5437235318565204e-5,0.11111028639406376,-0.11110935841078376
5368,3.90625,-0.11111030800961016,7.410598252180437e-12,2.722241402260357e-6,3.873643860028052e-5,0.11111030800961016,-0.11110935999486228
5369,1.5625,-0.11111033205138925,2.594853949692595e-11,5.093970896749014e-6,3.84221953965052e-5,0.11111033205138925,-0.11110936142886235
5370,0.625,-0.11111035650713111,7.141903877474672e-11,8.45097856906209e-6,3.766652031837529e-5,0.11111035650713111,-0.11110936278723559
5371,0.25,-0.11111038107844884,1.4290259213141236e-10,1.1954187221698193e-5,3.709399560601696e-5,0.11111038107844884,-0.11110936411696415
5372,0.1,-0.11111040570695174,2.401504657582276e-10,1.5496788885386146e-5,3.673349513266181e-5,0.11111040570695174,-0.11110936543781404
5373,0.1,-0.11111043055213417,3.6229193114845804e-10,1.903396782461445e-5,3.651370329303016e-5,0.11111043055213417,-0.11110936672758868
5374,0.1,-0.11111045562250489,5.084951417245731e-10,2.2549836844743977e-5,3.6261916442309475e-5,0.11111045562250489,-0.11110936798173816
5375,0.1,-0.11111048092455596,6.778444434584876e-10,2.6035445904737017e-5,3.597836195700152e-5,0.11111048092455596,-0.11110936919587662
5376,0.1,-0.11111050646269532,8.693442088743112e-10,2.9484643611112398e-5,3.5663328697664614e-5,0.11111050646269532,-0.11110937036579933
5377,0.25,-0.11111053278291297,1.0758926360068814e-9,3.280080236833973e-5,3.5318909429135856e-5,0.11111053278291297,-0.11110937129610819
5378,0.625,-0.1111105609790232,1.2784774672178097e-9,3.575580326629245e-5,3.4468573214991426e-5,0.1111105609790232,-0.1111093715491296
5379,1.5625,-0.11111059334446484,1.4245978955081967e-9,3.77438457964765e-5,3.225748609233214e-5,0.11111059334446484,-0.11110937001388341
5380,3.90625,-0.11111063237882969,1.3862131941097491e-9,3.723188410636439e-5,2.6574239948973478e-5,0.11111063237882969,-0.11110936455671683
5381,9.765625,-0.1111106651436401,9.491110239574765e-10,3.080764554388207e-5,1.3584562419198706e-5,0.1111106651436401,-0.11110935470532067
5382,24.4140625,-0.11111058029428533,1.8884837179120265e-10,1.3742211313729776e-5,2.0834695493875982e-5,0.11111058029428533,-0.11110935349975898
5383,9.765625,-0.11111046199849145,4.148254278645095e-11,6.440694278294146e-6,5.189333651124036e-5,0.11111046199849145,-0.11110935714597979
5384,3.90625,-0.11111037941001788,1.1207336884549948e-11,3.347736083467445e-6,5.7042553431565475e-5,0.11111037941001788,-0.11110936061211041
5385,1.5625,-0.11111030470568564,4.965013722359234e-11,7.046285349288116e-6,5.66663721056731e-5,0.11111030470568564,-0.11110936374494053
5386,0.625,-0.11111023256076806,1.4756759215040888e-10,1.2147740207561605e-5,5.557920136675014e-5,0.11111023256076806,-0.11110936670789401
5387,0.25,-0.11111016135415194,3.0291970430199166e-10,1.7404588599044553e-5,5.474432284804463e-5,0.11111016135415194,-0.111109369605934
5388,0.1,-0.11111009053862304,5.15167172380884e-10,2.2697294384593155e-5,5.421747233474214e-5,0.11111009053862304,-0.11110937248375148
5389,0.1,-0.11111002027801824,7.824448114765858e-10,2.7972214990532764e-5,5.3897168882553594e-5,0.11111002027801824,-0.11110937529415171
5390,0.1,-0.11110995064759967,1.1029573934390262e-9,3.321080236066311e-5,5.352854460018115e-5,0.11110995064759967,-0.11110937802701129
5391,0.1,-0.11110988172127766,1.4747235206494828e-9,3.8402129116098275e-5,5.311194805852764e-5,0.11110988172127766,-0.11110938067256687
5392,0.1,-0.11110981357148775,1.895584017167083e-9,4.353830517104545e-5,5.264781038452643e-5,0.11110981357148775,-0.11110938322145314
5393,0.25,-0.1111097480706892,2.350115231233544e-9,4.847798707901911e-5,5.213912489623552e-5,0.1111097480706892,-0.11110938524622595
5394,0.625,-0.11110968972451163,2.7969381554610215e-9,5.288608659620242e-5,5.087509708481228e-5,0.11110968972451163,-0.11110938578677014
5395,1.5625,-0.11110965041324662,3.121609813613396e-9,5.5871368460181786e-5,4.757544671766759e-5,0.11110965041324662,-0.11110938240125325
5396,3.90625,-0.11110965910899727,3.0443369445401502e-9,5.517551036954847e-5,3.9048287862835805e-5,0.11110965910899727,-0.11110937037806486
5397,9.765625,-0.11110977320874707,2.093771789008216e-9,4.575775113582633e-5,1.9034121946159487e-5,0.11110977320874707,-0.11110934856096782
5398,24.4140625,-0.1111100445970325,4.211585962204787e-10,2.0522148918192723e-5,2.947266065680035e-5,0.1111100445970325,-0.11110934556840357
5399,9.765625,-0.11111017292339034,9.075497163448478e-11,9.526540381192155e-6,7.66266212350711e-5,0.11111017292339034,-0.11110935357451489
5400,3.90625,-0.11111028454020164,1.970850857381856e-11,4.439426604170696e-6,8.452331651122664e-5,0.11111028454020164,-0.11110936122150696
5401,1.5625,-0.11111038899718871,1.0089491376971979e-10,1.0044646025108092e-5,8.405462881292831e-5,0.11111038899718871,-0.11110936813339216
5402,0.625,-0.11111049104249496,3.1373803406386934e-10,1.7712651807786133e-5,8.247236146736057e-5,0.11111049104249496,-0.11110937466634806
5403,0.25,-0.11111059236262152,6.536787138392067e-10,2.5567141291884918e-5,8.124380951355505e-5,0.11111059236262152,-0.11110938105306115
5404,0.1,-0.11111069356376052,1.11951425568594e-9,3.3459143080568274e-5,8.046525310980647e-5,0.11111069356376052,-0.11110938739348747
5405,0.1,-0.1111107945325235,1.7071877102052176e-9,4.131812810625885e-5,7.999081000826398e-5,0.1111107945325235,-0.11110939358563299
5406,0.1,-0.111110895171645,2.412773075621132e-9,4.91199865189429e-5,7.944411580568043e-5,0.111110895171645,-0.11110939960704058
5407,0.1,-0.11111099538218076,3.23193254789053e-9,5.6850088371879685e-5,7.882568819060943e-5,0.11111099538218076,-0.11110940543604586
5408,0.1,-0.11111109506371923,4.159934903029203e-9,6.449755734157072e-5,7.813616166577324e-5,0.11111109506371923,-0.11110941105185945
5409,0.25,-0.1111111921609982,5.1630626199428305e-9,7.185445441963101e-5,7.737995393722196e-5,0.1111111921609982,-0.11110941551461083
5410,0.625,-0.11111128153405216,6.1507481446643284e-9,7.842670555789226e-5,7.550001537167314e-5,0.11111128153405216,-0.11110941670938856
5411,1.5625,-0.11111134919699354,6.872245778182712e-9,8.28990095126758e-5,7.05881259231052e-5,0.11111134919699354,-0.11110940924986605
5412,3.90625,-0.11111135920874635,6.71337860590927e-9,8.193520980573169e-5,5.786357947879543e-5,0.11111135920874635,-0.11110938270546451
5413,9.765625,-0.11111123128652127,4.633818476114486e-9,6.807215639389196e-5,2.7575847816974865e-5,0.11111123128652127,-0.11110933431967161
5414,24.4140625,-0.1111107973531184,7.723970080138221e-11,8.788611995154992e-6,4.176932000048053e-5,0.1111107973531184,-0.11110936316629436
5415,9.765625,-0.11111009578967744,8.128089885515354e-11,9.015591985840616e-6,2.374818343165682e-5,0.11111009578967744,-0.11110936265345663
5416,3.90625,-0.11110982793209852,9.189349867920865e-11,9.586109673856681e-6,1.6362126297080054e-5,0.11110982793209852,-0.11110936247722376
5417,1.5625,-0.11110961263618652,1.0517593021595765e-10,1.0255531688603846e-5,1.3381590774477631e-5,0.11110961263618652,-0.11110936246458371
5418,0.625,-0.11110941096785597,1.207389055076527e-10,1.0988125659440409e-5,1.2131172413711222e-5,0.11110941096785597,-0.11110936252652916
5419,1.5625,-0.11110928872278249,1.303390366615414e-10,1.1416612311081664e-5,1.156551663310127e-5,0.11110928872278249,-0.11110936242936091
5420,3.90625,-0.1111093790914922,1.203728100245407e-10,1.0971454325864948e-5,1.0269297641054806e-5,0.1111093790914922,-0.1111093620084619
5421,9.765625,-0.11110989350935167,7.402052286684233e-11,8.603518051753151e-6,8.334412751553161e-6,0.11110989350935167,-0.11110936132674673
5422,24.4140625,-0.11111053649559877,1.4657282976148227e-11,3.828483116868642e-6,1.0838728866491869e-5,0.11111053649559877,-0.11110936141010727
5423,9.765625,-0.11111025551626304,5.445411966971201e-12,2.33354065037899e-6,1.6907570414965075e-5,0.11111025551626304,-0.11110936174339059
5424,3.90625,-0.11111016253564027,5.465169168996982e-12,2.337770127492646e-6,1.7574004867715973e-5,0.11111016253564027,-0.11110936204380131
5425,1.5625,-0.11111009216284026,1.0693567211200938e-11,3.2701020184699035e-6,1.7180291542391643e-5,0.11111009216284026,-0.11110936231953127
5426,0.625,-0.11111002758415024,2.049546046356376e-11,4.527191233376801e-6,1.6763407855213648e-5,0.11111002758415024,-0.11110936258442823
5427,0.25,-0.11110996476775767,3.473214946097636e-11,5.893398803829278e-6,1.647950551053379e-5,0.11110996476775767,-0.11110936284560347
5428,0.1,-0.11110990250912818,5.335708517386654e-11,7.304593429744501e-6,1.6303808882303928e-5,0.11110990250912818,-0.11110936310563092
5429,0.1,-0.1111098422475238,7.61728155016146e-11,8.727703907764894e-6,1.619426506369015e-5,0.1111098422475238,-0.11110936335928337
5430,0.1,-0.11110978419808237,1.0300692498240592e-10,1.0149232728753733e-5,1.6074745184833757e-5,0.11110978419808237,-0.11110936360588755
5431,0.1,-0.11110972856676911,1.336744745561832e-10,1.156176779546204e-5,1.5945141312700874e-5,0.11110972856676911,-0.11110936384479243
5432,0.1,-0.11110967554975598,1.6797864331002362e-10,1.2960657518429519e-5,1.5805416593311797e-5,0.11110967554975598,-0.11110936407537397
5433,0.25,-0.1111096324897352,2.044955401081882e-10,1.4300193708764514e-5,1.565668739085549e-5,0.1111096324897352,-0.11110936426102659
5434,0.625,-0.11110961584633254,2.395023148423762e-10,1.547586232952388e-5,1.5310008090195788e-5,0.11110961584633254,-0.11110936432189679
5435,1.5625,-0.11110966615094361,2.6293736114166103e-10,1.6215343386486177e-5,1.4440042094005623e-5,0.11110966615094361,-0.11110936405881935
5436,3.90625,-0.11110986774621692,2.511747644757479e-10,1.5848494075960274e-5,1.2311437663345101e-5,0.11110986774621692,-0.11110936310334843
5437,9.765625,-0.11111030533053297,1.6806416030570888e-10,1.2963956198078922e-5,8.289153937103976e-6,0.11111030533053297,-0.1111093614225104
5438,24.4140625,-0.1111106049379349,3.423338097264153e-11,5.850929923750714e-6,1.149244477976137e-5,0.1111106049379349,-0.11110936129317506
5439,9.765625,-0.11111041663416317,9.656013399280692e-12,3.1074126535239396e-6,2.283871151669937e-5,0.11111041663416317,-0.11110936195400022
5440,3.90625,-0.11111033831951035,5.584565019817125e-12,2.3631684281525777e-6,2.4681660194391085e-5,0.11111033831951035,-0.1111093625825683
5441,1.5625,-0.11111027535717642,1.344978844390846e-11,3.6673953214656937e-6,2.441987318664474e-5,0.11111027535717642,-0.11110936315647876
5442,0.625,-0.11111021663228385,3.166430855331337e-11,5.627104810940824e-6,2.3927012444814188e-5,0.11111021663228385,-0.11110936370303229
5443,0.25,-0.11111015928053997,5.987512021681984e-11,7.737901538325481e-6,2.3560889992410567e-5,0.11111015928053997,-0.11110936423928602
5444,0.1,-0.11111010239960166,9.798083144173769e-11,9.898526730869483e-6,2.332997708563327e-5,0.11111010239960166,-0.11110936477228138
5445,0.1,-0.1111100464567671,1.4562521130234392e-10,1.2067527141148013e-5,2.3187359990457047e-5,0.1111100464567671,-0.11110936529279167
5446,0.1,-0.11110999158371188,2.0247310002062356e-10,1.4229304270435135e-5,2.3026069870581573e-5,0.11110999158371188,-0.11110936579911243
5447,0.1,-0.11110993790827796,2.681577939369422e-10,1.637552423395789e-5,2.2846204986300813e-5,0.11110993790827796,-0.11110936628960173
5448,0.1,-0.11110988555410616,3.422824898337462e-10,1.850087808277613e-5,2.264791544857742e-5,0.11110988555410616,-0.11110936676268547
5449,0.25,-0.1111098381498401,4.220299385944163e-10,2.0543367265237126e-5,2.2432558901032966e-5,0.1111098381498401,-0.11110936714196226
5450,0.625,-0.11110980414153263,4.998914869790227e-10,2.2358253218420768e-5,2.1910889838059254e-5,0.11110980414153263,-0.11110936725727921
5451,1.5625,-0.11110980488287298,5.55210730906163e-10,2.3562910068711016e-5,2.0569549310064245e-5,0.11110980488287298,-0.11110936667837414
5452,3.90625,-0.11110988711685657,5.379467022796777e-10,2.319367806708711e-5,1.7174629828803388e-5,0.11110988711685657,-0.11110936458617439
5453,9.765625,-0.11111011085242453,3.6584973241101815e-10,1.91271987601692e-5,9.927523491843881e-6,0.11111011085242453,-0.11110936083027335
5454,24.4140625,-0.11111034511430051,7.282799244621477e-11,8.53393182807402e-6,1.4409104198274057e-5,0.11111034511430051,-0.11110936043837909
5455,9.765625,-0.11111031260377269,1.7471871091726523e-11,4.179936732981317e-6,3.269331945372338e-5,0.11111031260377269,-0.1111093618527541
5456,3.90625,-0.1111103218089827,6.914451620276977e-12,2.6295344873716673e-6,3.5708220804633805e-5,0.1111103218089827,-0.11110936319559503
5457,1.5625,-0.11111033479059675,2.261567979698622e-11,4.755594578702669e-6,3.541809922043924e-5,0.11111033479059675,-0.11110936441312354
5458,0.625,-0.11111034859355712,6.106367367105924e-11,7.814324901810729e-6,3.472536015121399e-5,0.11111034859355712,-0.1111093655674318
5459,0.25,-0.11111036264498916,1.214848469884867e-10,1.1022016466531281e-5,3.4201133654618514e-5,0.11111036264498916,-0.11110936669785208
5460,0.1,-0.11111037679487328,2.0367132384040387e-10,1.4271346251857386e-5,3.3871411016851e-5,0.11111037679487328,-0.11110936782092935
5461,0.1,-0.11111039122697754,3.068880034167876e-10,1.7518219185088066e-5,3.367067421165201e-5,0.11111039122697754,-0.11110936891779523
5462,0.1,-0.1111104059627052,4.3043320543893444e-10,2.0746884234480474e-5,3.344060908385247e-5,0.1111104059627052,-0.11110936998460305
5463,0.1,-0.11111042102127816,5.735342956406969e-10,2.394857606707958e-5,3.318142749067516e-5,0.11111042102127816,-0.11110937101764518
5464,0.1,-0.11111043641965229,7.353509261005812e-10,2.7117354703226146e-5,3.2893398460706364e-5,0.11111043641965229,-0.11110937201336654
5465,0.25,-0.1111104530097589,9.098767827143927e-10,3.016416388223603e-5,3.2578422704565515e-5,0.1111104530097589,-0.11110937280654071
5466,0.625,-0.11111047262329062,1.0810317326766423e-9,3.287904701594379e-5,3.179996167520074e-5,0.11111047262329062,-0.11110937302717933
5467,1.5625,-0.1111104994853884,1.204415709105724e-9,3.470469289744146e-5,2.9775597995784945e-5,0.1111104994853884,-0.11110937173624608
5468,3.90625,-0.11111054068083075,1.171777330202115e-9,3.4231233255641186e-5,2.457835421310207e-5,0.11111054068083075,-0.1111093671308541
5469,9.765625,-0.11111059145028933,8.021821672789829e-10,2.83228206095188e-5,1.2791424376939399e-5,0.11111059145028933,-0.11110935881348882
5470,24.4140625,-0.1111105420474639,1.600534090695336e-10,1.265122164336447e-5,1.937827196652476e-5,0.1111105420474639,-0.11110935779368249
5471,9.765625,-0.11111043378964224,3.569549248224455e-11,5.974570485168332e-6,4.7770279853889924e-5,0.11111043378964224,-0.11110936087336774
5472,3.90625,-0.11111036163908514,1.0165830760971523e-11,3.1883899951184644e-6,5.249065480301814e-5,0.11111036163908514,-0.1111093638048035
5473,1.5625,-0.1111102969376136,4.2647934278847443e-11,6.530538590257885e-6,5.214537791591506e-5,0.1111102969376136,-0.11110936645657177
5474,0.625,-0.11111023460590168,1.2534742005579708e-10,1.1195866203907452e-5,5.11486829670242e-5,0.11111023460590168,-0.11110936896570309
5475,0.25,-0.11111017313119811,2.565479832065822e-10,1.601711532101153e-5,5.038375332485894e-5,0.11111017313119811,-0.11110937142042197
5476,0.1,-0.11111011200749828,4.3579930849392373e-10,2.0875806774683554e-5,4.9901508358693095e-5,0.11111011200749828,-0.11110937385829658
5477,0.1,-0.11111005141141402,6.615295046555901e-10,2.5720215874980328e-5,4.960875900385805e-5,0.11111005141141402,-0.11110937623935316
5478,0.1,-0.11110999141391625,9.322262335103123e-10,3.053238008263215e-5,4.9271626389048123e-5,0.11110999141391625,-0.11110937855503393
5479,0.1,-0.11110993208462554,1.2462195487947335e-9,3.530183492107363e-5,4.88904330121426e-5,0.11110993208462554,-0.1111093807970851
5480,0.1,-0.11110987349168365,1.601688978514559e-9,4.002110666279181e-5,4.846557760551631e-5,0.11110987349168365,-0.1111093829575882
5481,0.25,-0.11110981744342582,1.985604480875889e-9,4.456012209224621e-5,4.799977426928516e-5,0.11110981744342582,-0.11110938467540563
5482,0.625,-0.11110976826438813,2.363003376137255e-9,4.861073313721215e-5,4.6840810138667236e-5,0.11110976826438813,-0.11110938513942996
5483,1.5625,-0.11110973728805792,2.6371871005801824e-9,5.1353550028991985e-5,4.3814325494266195e-5,0.11110973728805792,-0.11110938228688583
5484,3.90625,-0.11110975177359687,2.5717730200344644e-9,5.071265147903888e-5,3.599651754988241e-5,0.11110975177359687,-0.11110937213797469
5485,9.765625,-0.11110986344313772,1.7687233585199207e-9,4.205619286763747e-5,1.7719849805437423e-5,0.11110986344313772,-0.11110935371682515
5486,24.4140625,-0.11111010612457232,3.5638104078142144e-10,1.8878057124116917e-5,2.725040919811896e-5,0.11111010612457232,-0.11110935118296061
5487,9.765625,-0.11111021160366319,7.742563806656393e-11,8.799183943216776e-6,7.046918228158127e-5,0.11111021160366319,-0.11110935794247126
5488,3.90625,-0.11111030551716712,1.7392871993203675e-11,4.170476230984139e-6,7.772136066649303e-5,0.11111030551716712,-0.11110936440443547
5489,1.5625,-0.11111039362086778,8.588442548751303e-11,9.267385040426077e-6,7.729360827564194e-5,0.11111039362086778,-0.11110937024805322
5490,0.625,-0.1111104797416836,2.655428499865617e-10,1.6295485570751236e-5,7.584295873435837e-5,0.1111104797416836,-0.1111093757727345
5491,0.25,-0.1111105652656058,5.525288493842515e-10,2.3505932216873498e-5,7.471676175462714e-5,0.1111105652656058,-0.11110938117444996
5492,0.1,-0.11111065069358571,9.458359617445706e-10,3.075444621098827e-5,7.400354663036082e-5,0.11111065069358571,-0.11110938653741184
5493,0.1,-0.11111073592952984,1.442046283527635e-9,3.797428450316918e-5,7.356943182559716e-5,0.11111073592952984,-0.11110939177539306
5494,0.1,-0.1111108208920714,2.0378526514858037e-9,4.514258135603018e-5,7.306890226246872e-5,0.1111108208920714,-0.11110939686941194
5495,0.1,-0.11111090549829417,2.7295994689544806e-9,5.2245568893012165e-5,7.250243596917938e-5,0.11111090549829417,-0.11110940180115363
5496,0.1,-0.11111098966392034,3.513298216816971e-9,5.927308172195007e-5,7.187061832347917e-5,0.11111098966392034,-0.11110940655304237
5497,0.25,-0.11111107167132611,4.360479423304227e-9,6.603392630537902e-5,7.117746093960379e-5,0.11111107167132611,-0.11110941033128903
5498,0.625,-0.11111114721874366,5.194659302786165e-9,7.207398492373073e-5,6.945233749275964e-5,0.11111114721874366,-0.11110941134967384
5499,1.5625,-0.11111120457349874,5.804073543582047e-9,7.618447048829602e-5,6.49432200674237e-5,0.11111120457349874,-0.11110940505890261
5500,3.90625,-0.11111121342922667,5.670036798784326e-9,7.52996467374471e-5,5.326347563722037e-5,0.11111121342922667,-0.1111093826488431
5501,9.765625,-0.11111110519871571,3.914086110101795e-9,6.256265747314284e-5,2.5515121703013846e-5,0.11111110519871571,-0.11110934178683118
5502,24.4140625,-0.11111077327825955,7.964712692841324e-10,2.822182257197668e-5,3.920762817172817e-5,0.11111077327825955,-0.11110933568575498
5503,9.765625,-0.1111105812350688,1.7122759891463682e-10,1.3085396398834726e-5,0.00010448407796164517,0.1111105812350688,-0.1111093506108059
5504,3.90625,-0.11111042408618847,3.1986725827948805e-11,5.6556808456585315e-6,0.00011553008967525091,0.11111042408618847,-0.11110936493945771
5505,1.5625,-0.1111102787053884,1.7807744222438663e-10,1.3344566018585491e-5,0.00011498882908931244,0.1111102787053884,-0.11110937790119169
5506,0.625,-0.11111013757217507,5.707672500305226e-10,2.389073565276973e-5,0.00011286447411025821,0.11111013757217507,-0.111109390150741
5507,0.25,-0.11110999817969008,1.2014269972651574e-9,3.46616069631106e-5,0.00011119940900182819,0.11110999817969008,-0.11110940212294838
5508,0.1,-0.11110985965766233,2.06776762019378e-9,4.547271291877998e-5,0.00011013993855546959,0.11110985965766233,-0.11110941400603537
5509,0.1,-0.11110972215952132,3.162284494937941e-9,5.623419328965199e-5,0.00010949244430213938,0.11110972215952132,-0.11110942561239547
5510,0.1,-0.11110958579315806,4.477683986833191e-9,6.691549885365266e-5,0.00010874614060500871,0.11110958579315806,-0.11110943689996462
5511,0.1,-0.11110945066395615,6.005904898544805e-9,7.749777350701635e-5,0.00010790171962221197,0.11110945066395615,-0.11110944782814969
5512,0.1,-0.11110931687474405,7.738152451253266e-9,8.79667690167899e-5,0.0001069600307747823,0.11110931687474405,-0.11110945835798695
5513,0.25,-0.1111091870272917,9.611969373058415e-9,9.804065163521923e-5,0.00010592704815274087,0.1111091870272917,-0.11110946673866622
5514,0.625,-0.1111090674878199,1.145945520500881e-8,0.00010704884494943797,0.00010336045470564122,0.1111090674878199,-0.11110946902494853
5515,1.5625,-0.11110897545401469,1.2815394962893205e-8,0.00011320510131126249,9.665311872218445e-5,0.11110897545401469,-0.11110945515649273
5516,3.90625,-0.11110895553461049,1.2538516808008995e-8,0.00011197551878874684,7.925768770093247e-5,0.11110895553461049,-0.11110940558533718
5517,9.765625,-0.11110911324730002,8.686330830348389e-9,9.32004872860029e-5,3.7580270114125426e-5,0.11110911324730002,-0.11110931477852413
5518,24.4140625,-0.11110981630048658,1.3849127650594406e-10,1.1768231664355696e-5,5.609183064210339e-5,0.11110981630048658,-0.11110936817934619
5519,9.765625,-0.1111106791076148,1.4582668279861766e-10,1.207587192705428e-5,3.175653254993655e-5,0.1111106791076148,-0.1111093672579112
5520,3.90625,-0.11111100421902845,1.6573466442720018e-10,1.2873797591511224e-5,2.1454501170169124e-5,0.11111100421902845,-0.1111093669134531
5521,1.5625,-0.11111126467937225,1.9081986517740097e-10,1.3813756374621676e-5,1.7166709802380817e-5,0.11111126467937225,-0.111109366858739
5522,3.90625,-0.11111132389425597,1.8959705254765842e-10,1.3769424553976772e-5,1.530238964628022e-5,0.11111132389425597,-0.11110936622549406
5523,9.765625,-0.11111090972387198,1.2671545394198127e-10,1.1256795900343102e-5,1.1364162666997829e-5,0.11111090972387198,-0.11110936495383807
5524,24.4140625,-0.1111101677768753,2.547361823209604e-11,5.047139608936535e-6,1.0907830825860942e-5,0.1111101677768753,-0.11110936478500419
5525,9.765625,-0.11111054176732282,8.034559375588439e-12,2.8345298332507347e-6,1.9671797275497627e-5,0.11111054176732282,-0.11110936526642143
5526,3.90625,-0.11111066619102579,5.695484007270176e-12,2.38652131925742e-6,2.0941937374985407e-5,0.11111066619102579,-0.11110936571188074
5527,1.5625,-0.1111107623919904,1.159272313407207e-11,3.404808824893414e-6,2.0602156462910208e-5,0.1111107623919904,-0.11110936611839771
5528,0.625,-0.11111085152106429,2.4577604352569645e-11,4.957580493806393e-6,2.0121420957982962e-5,0.11111085152106429,-0.1111093665050313
5529,0.25,-0.11111093856012906,4.436894289881823e-11,6.661001643808402e-6,1.976553814511725e-5,0.11111093856012906,-0.1111093668832688
5530,0.1,-0.11111102497076197,7.085990849907888e-11,8.417832767350447e-6,1.9530999645196543e-5,0.11111102497076197,-0.11110936725783313
5531,0.1,-0.11111110843919092,1.0374226118495006e-10,1.0185394503157453e-5,1.9375527933090182e-5,0.11111110843919092,-0.11110936762216828
5532,0.1,-0.1111111886733198,1.4274183348352686e-10,1.1947461382382738e-5,1.920946222837633e-5,0.1111111886733198,-0.11110936797535416
5533,0.1,-0.11111126539440623,1.8756771146434868e-10,1.3695536187544783e-5,1.903238836609333e-5,0.11111126539440623,-0.11110936831649264
5534,0.1,-0.11111133833792543,2.3791305218565964e-10,1.5424430368271616e-5,1.884401678887285e-5,0.11111133833792543,-0.1111093686447157
5535,0.25,-0.11111139679985661,2.9168465455871964e-10,1.7078777900034875e-5,1.8645899907448407e-5,0.11111139679985661,-0.11110936890760684
5536,0.625,-0.11111141703245911,3.4342394869095014e-10,1.853170118178442e-5,1.8204857981409478e-5,0.11111141703245911,-0.11110936898960874
5537,1.5625,-0.11111134094746063,3.784398292334697e-10,1.9453529994154525e-5,1.7115657677642677e-5,0.11111134094746063,-0.11110936860169958
5538,3.90625,-0.11111104909764302,3.625512857556764e-10,1.9040779546953333e-5,1.4441511076978633e-5,0.11111104909764302,-0.1111093672067852
5539,9.765625,-0.11111042823684576,2.443100455148995e-10,1.5630420516252897e-5,9.126559280838056e-6,0.11111042823684576,-0.11110936473222509
5540,24.4140625,-0.11111003305954757,5.0719033388590386e-11,7.121729662700655e-6,1.2536345324569671e-5,0.11111003305954757,-0.11110936443608924
5541,9.765625,-0.11111028241774137,1.333269529634526e-11,3.6513963488431736e-6,2.6857324452534467e-5,0.11111028241774137,-0.11110936537352047
5542,3.90625,-0.11111038058267426,6.157922361936619e-12,2.481516141784417e-6,2.9281082340447503e-5,0.11111038058267426,-0.11110936627180379
5543,1.5625,-0.11111045818583722,1.6385060140397694e-11,4.047846358299398e-6,2.902547725269515e-5,0.11111045818583722,-0.1111093670892452
5544,0.625,-0.11111053020684021,4.161690415913978e-11,6.451116504849357e-6,2.844227057354283e-5,0.11111053020684021,-0.11110936786468549
5545,0.25,-0.1111106004586913,8.129644440299646e-11,9.016454092546384e-6,2.7995134693301948e-5,0.1111106004586913,-0.11110936862335624
5546,0.1,-0.11111067013654563,1.3524839926865008e-10,1.1629634528593324e-5,2.770581273822031e-5,0.11111067013654563,-0.11110936937595989
5547,0.1,-0.11111073858923744,2.0295383247110526e-10,1.4246186594001401e-5,2.7521778105663692e-5,0.11111073858923744,-0.11110937011001908
5548,0.1,-0.11111080563920556,2.83918891547332e-10,1.684989292391296e-5,2.7315884304537835e-5,0.11111080563920556,-0.11110937082313756
5549,0.1,-0.11111087111385021,3.7760620500539684e-10,1.9432092141748322e-5,2.708815457793844e-5,0.11111087111385021,-0.11110937151300455
5550,0.1,-0.11111093484605383,4.834368377271559e-10,2.198719713213023e-5,2.6838684769070636e-5,0.11111093484605383,-0.11110937217740535
5551,0.25,-0.1111109919176456,5.974304908538357e-10,2.444239126709651e-5,2.6569251242090726e-5,0.1111109919176456,-0.11110937270805529
5552,0.625,-0.11111103089868685,7.089843572291008e-10,2.6626760171472246e-5,2.5931251590127014e-5,0.11111103089868685,-0.11110937286293082
5553,1.5625,-0.11111102294715829,7.889172574889133e-10,2.8087670916060542e-5,2.4303248266877357e-5,0.11111102294715829,-0.11110937202867664
5554,3.90625,-0.1111109053025672,7.664045611639347e-10,2.7684012735944455e-5,2.0172591188314095e-5,0.1111109053025672,-0.11110936903120386
5555,9.765625,-0.11111060011170325,5.241812684414753e-10,2.289500531647624e-5,1.1085497690571426e-5,0.11111060011170325,-0.11110936361928589
5556,24.4140625,-0.11111030153702194,1.0542606532321195e-10,1.0267719577550408e-5,1.6283483691052248e-5,0.11111030153702194,-0.111109362955194
5557,9.765625,-0.1111103626966492,2.4130625240457866e-11,4.912293277121987e-6,3.8844355424412005e-5,0.1111103626966492,-0.1111093649792025
5558,3.90625,-0.11111036133530709,7.646885244405413e-12,2.7653002087305845e-6,4.2609076436780216e-5,0.11111036133530709,-0.11110936690665238
5559,1.5625,-0.11111035402126553,2.907920717573546e-11,5.392513994023146e-6,4.2305576628380314e-5,0.11111035402126553,-0.1111093686513177
5560,0.625,-0.1111103453956518,8.328114963761749e-11,9.125850625427609e-6,4.1483391468585015e-5,0.1111103453956518,-0.11110937030228112
5561,0.25,-0.11111033643071928,1.690903892805312e-10,1.3003476046062883e-5,4.085097684417888e-5,0.11111033643071928,-0.1111093719168708
5562,0.1,-0.111110327398676,2.861748350994672e-10,1.691670284362373e-5,4.044781139667666e-5,0.111110327398676,-0.1111093735194685
5563,0.1,-0.11111031802089559,4.334748237384017e-10,2.082005820689274e-5,4.0198235704952596e-5,0.11111031802089559,-0.11110937508383122
5564,0.1,-0.11111030825370766,6.099712202596491e-10,2.469759543477156e-5,3.9913727302012346e-5,0.11111030825370766,-0.11110937660447466
5565,0.1,-0.11111029805590111,8.145452702189394e-10,2.8540239491268103e-5,3.9594517584850326e-5,0.11111029805590111,-0.1111093780761135
5566,0.1,-0.11111028738890849,1.0459831928224822e-9,3.23416634207717e-5,3.924090701923414e-5,0.11111028738890849,-0.1111093794936819
5567,0.25,-0.11111027478748449,1.2957805723455936e-9,3.5996952264679205e-5,3.885535904502723e-5,0.11111027478748449,-0.11110938062172221
5568,0.625,-0.1111102570091996,1.5411770025856352e-9,3.9257827277953566e-5,3.7914637532103494e-5,0.1111102570091996,-0.11110938093193337
5569,1.5625,-0.11111022634681869,1.7192866491883174e-9,4.146428160704485e-5,3.547870853572035e-5,0.11111022634681869,-0.1111093790811261
5570,3.90625,-0.11111016870006983,1.676423315393394e-9,4.0944148732064194e-5,2.9215477251015743e-5,0.11111016870006983,-0.1111093724775933
5571,9.765625,-0.11111008411620404,1.1535813327947492e-9,3.3964412740319084e-5,1.4736718915087577e-5,0.11111008411620404,-0.11110936048053412
5572,24.4140625,-0.11111012899520671,2.329258287025972e-10,1.526190776746463e-5,2.2332730701220307e-5,0.11111012899520671,-0.11110935883001094
5573,9.765625,-0.11111026972526536,5.074166786268938e-11,7.1233185989880715e-6,5.709727083253743e-5,0.11111026972526536,-0.11110936326235693
5574,3.90625,-0.111110359536136,1.166151187990311e-11,3.4148955884335773e-6,6.293469492633583e-5,0.111110359536136,-0.1111093674983602
5575,1.5625,-0.11111043952981767,5.653108538261411e-11,7.518715673744693e-6,6.257596268217301e-5,0.11111043952981767,-0.11110937132908716
5576,0.625,-0.11111051659430804,1.739580579425004e-10,1.3189316052870233e-5,6.139360492516469e-5,0.11111051659430804,-0.11110937495035864
5577,0.25,-0.11111059275023566,3.6139063427610996e-10,1.9010277069945877e-5,6.04742502972943e-5,0.11111059275023566,-0.11110937849019047
5578,0.1,-0.11111066867215265,6.181307538419269e-10,2.486223549566545e-5,5.988879295071254e-5,0.11111066867215265,-0.11110938200356865
5579,0.1,-0.11111074406184618,9.41916032322416e-10,3.06906505685757e-5,5.952900707285847e-5,0.11111074406184618,-0.11110938543419181
5580,0.1,-0.11111081881218128,1.3305551573074797e-9,3.647677558813936e-5,5.911619152721514e-5,0.11111081881218128,-0.11110938876977038
5581,0.1,-0.1111108928165956,1.7816326389951794e-9,4.2209390412503936e-5,5.8650718910594e-5,0.1111108928165956,-0.11110939199845127
5582,0.1,-0.11111096596937636,2.2925189198420887e-9,4.788025605447499e-5,5.8133052968290575e-5,0.11111096596937636,-0.1111093951088669
5583,0.25,-0.11111103557431846,2.844654755834401e-9,5.33353049661704e-5,5.756664799428673e-5,0.11111103557431846,-0.11110939758335929
5584,0.625,-0.11111109518947032,3.3882358528357867e-9,5.8208554807998685e-5,5.617015001692297e-5,0.11111109518947032,-0.11110939825744061
5585,1.5625,-0.11111112799567631,3.785414846838221e-9,6.152572508177551e-5,5.2534540742991924e-5,0.11111112799567631,-0.1111093941652149
5586,3.90625,-0.1111110941787641,3.6985029662704856e-9,6.081531851655868e-5,4.313699215886108e-5,0.1111110941787641,-0.1111093795602078
5587,9.765625,-0.11111092311893526,2.5548933361979264e-9,5.0545952718273364e-5,2.0919083065702043e-5,0.11111092311893526,-0.1111093529025991
5588,24.4140625,-0.11111060091538559,5.208398131705126e-10,2.2821915195060046e-5,3.184407872861638e-5,0.11111060091538559,-0.11110934889472202
5589,9.765625,-0.11111048849039284,1.119869857896108e-10,1.0582390362749373e-5,8.454234133158153e-5,0.11111048849039284,-0.11110935866490769
5590,3.90625,-0.1111103814217713,2.0954405421283654e-11,4.577598215361813e-6,9.346608256394731e-5,0.1111103814217713,-0.11110936804437348
5591,1.5625,-0.11111028059980953,1.1640540067484847e-10,1.0789133453380233e-5,9.302161990315159e-5,0.11111028059980953,-0.11110937652864762
5592,0.625,-0.11111018225876436,3.729380669839438e-10,1.931160446425785e-5,9.129674017064297e-5,0.11111018225876436,-0.11110938454578138
5593,0.25,-0.11111008497490742,7.848466997020461e-10,2.8015115557535117e-5,8.994266718518011e-5,0.11111008497490742,-0.11110939238000749
5594,0.1,-0.11110998823520866,1.3505755534810634e-9,3.675017759795269e-5,8.9077801692961e-5,0.11110998823520866,-0.11110940015434345
5595,0.1,-0.11110989209059695,2.06518020660421e-9,4.5444253834827236e-5,8.854584806825375e-5,0.11110989209059695,-0.11110940774632795
5596,0.1,-0.11110979660473287,2.9238499821567588e-9,5.407263616799868e-5,8.79344562956908e-5,0.11110979660473287,-0.11110941512859596
5597,0.1,-0.11110970184045506,3.921277124443791e-9,6.262010160039499e-5,8.724420022381117e-5,0.11110970184045506,-0.11110942227475189
5598,0.1,-0.11110960785978537,5.051679118889092e-9,7.10751652751444e-5,8.647578075155325e-5,0.11110960785978537,-0.11110942915947211
5599,0.25,-0.11110951610961756,6.2743147152527786e-9,7.921057199170309e-5,8.563428770900598e-5,0.11110951610961756,-0.11110943464011332
5600,0.625,-0.11110943021301618,7.47974052277919e-9,8.648549313485581e-5,8.355650468033364e-5,0.11110943021301618,-0.11110943614220706
5601,1.5625,-0.11110936023814579,8.364762394799919e-9,9.145907497236083e-5,7.814075677494183e-5,0.11110936023814579,-0.11110942710032108
5602,3.90625,-0.1111093338921913,8.185358372432143e-9,9.047297039686574e-5,6.411091049320836e-5,0.1111093338921913,-0.11110939475135284
5603,9.765625,-0.11110942569890482,5.673472085606359e-9,7.532245405990406e-5,3.055206731744437e-5,0.11110942569890482,-0.11110933545091162
5604,24.4140625,-0.11111006527393344,9.068567400781017e-11,9.522902604133373e-6,4.529961729284893e-5,0.11111006527393344,-0.11110937038594836
5605,9.765625,-0.11111058045689425,9.5950011267417e-11,9.795407662135201e-6,2.557614606101599e-5,0.11111058045689425,-0.11110936976419948
5606,3.90625,-0.11111076925946872,1.082793493549117e-10,1.0405736367740233e-5,1.7461200269908988e-5,0.11111076925946872,-0.11110936954609871
5607,1.5625,-0.11111092051226495,1.2376040278993991e-10,1.1124765291454013e-5,1.4186932256599718e-5,0.11111092051226495,-0.11110936952203089
5608,0.625,-0.11111106218968739,1.4190350936492148e-10,1.1912325942691523e-5,1.280937346307186e-5,0.11111106218968739,-0.11110936958606095
5609,1.5625,-0.11111114487790155,1.532106278604514e-10,1.2377828075250173e-5,1.21844731085257e-5,0.11111114487790155,-0.11110936946337471
5610,3.90625,-0.11111107089699548,1.4206950212577404e-10,1.1919291175475748e-5,1.074333614947305e-5,0.11111107089699548,-0.11110936895809981
5611,9.765625,-0.11111068936250718,8.823454320301905e-11,9.39332439570885e-6,8.52492382231435e-6,0.11111068936250718,-0.11110936813360182
5612,24.4140625,-0.11111023774959802,1.6780946868965104e-11,4.096455403024071e-6,1.1339331604334645e-5,0.11111023774959802,-0.11110936823491857
5613,9.765625,-0.11111043728507092,5.705034836566928e-12,2.3885214750064376e-6,1.8218968346830687e-5,0.11111043728507092,-0.11110936863112306
5614,3.90625,-0.11111049419736915,5.466844819161796e-12,2.3381284864527432e-6,1.901525933599093e-5,0.11111049419736915,-0.1111093689877303
5615,1.5625,-0.11111053527041381,1.1491138061914811e-11,3.3898581182572836e-6,1.860734404331015e-5,0.11111053527041381,-0.11110936931317762
5616,0.625,-0.1111105723989543,2.300767050067054e-11,4.796631161624848e-6,1.815658208533826e-5,0.1111105723989543,-0.1111093696246823
5617,0.25,-0.11111060835633955,3.9844002770525305e-11,6.312210608853708e-6,1.7845821001713577e-5,0.11111060835633955,-0.11110936993122426
5618,0.1,-0.11111064395750282,6.194124350714094e-11,7.870275948601862e-6,1.7652038047525884e-5,0.11111064395750282,-0.1111093702361334
5619,0.1,-0.11111067811265744,8.907091551337115e-11,9.437738898346952e-6,1.7530411383289636e-5,0.11111067811265744,-0.11110937053341001
5620,0.1,-0.11111071067117369,1.2103084766566775e-10,1.1001402077265778e-5,1.739770019315394e-5,0.11111071067117369,-0.11110937082224559
5621,0.1,-0.11111074148935046,1.576041361900218e-10,1.2554048597564922e-5,1.7253771206601586e-5,0.11111074148935046,-0.11110937110185648
5622,0.1,-0.11111077043087719,1.9855984391522913e-10,1.4091126424641471e-5,1.709856688409552e-5,0.11111077043087719,-0.11110937137149052
5623,0.25,-0.11111079218157109,2.422507903588858e-10,1.556440780623811e-5,1.6933315118956318e-5,0.11111079218157109,-0.11110937158771726
5624,0.625,-0.11111079490597545,2.8435701472517646e-10,1.6862888682701327e-5,1.6549109700615183e-5,0.11111079490597545,-0.11110937165538817
5625,1.5625,-0.11111074966717105,3.131411830941912e-10,1.7695795633262472e-5,1.558334955847462e-5,0.11111074966717105,-0.11110937133608019
5626,3.90625,-0.11111059737921054,3.0069749896839756e-10,1.7340631446645694e-5,1.3198821815486785e-5,0.11111059737921054,-0.11110937018330776
5627,9.765625,-0.11111028592158931,2.028690323929182e-10,1.424321004524325e-5,8.517415294085242e-6,0.11111028592158931,-0.11110936813701634
5628,24.4140625,-0.11111011778543191,4.132514487951396e-11,6.428463648455513e-6,1.2010171273012073e-5,0.11111011778543191,-0.111109367951251
5629,9.765625,-0.11111027536606526,1.1097453468166965e-11,3.3312840569616644e-6,2.4918011388401843e-5,0.11111027536606526,-0.11110936874918277
5630,3.90625,-0.1111103473712193,5.7107997760124846e-12,2.3897279711323808e-6,2.7034003582295555e-5,0.1111103473712193,-0.11110936950928375
5631,1.5625,-0.11111040708006156,1.4855547061195373e-11,3.854289436614144e-6,2.677482844395117e-5,0.11111040708006156,-0.11110937020192903
5632,0.625,-0.11111046336747563,3.6590301758742e-11,6.048991796881692e-6,2.624107530584406e-5,0.11111046336747563,-0.11110937086044692
5633,0.25,-0.11111051856027458,7.047941052157463e-11,8.395201636743137e-6,2.584005228763259e-5,0.11111051856027458,-0.11110937150592297
5634,0.1,-0.11111057339843151,1.1639684978009353e-10,1.078873717263024e-5,2.558575173365921e-5,0.11111057339843151,-0.11110937214715629
5635,0.1,-0.11111062750218233,1.7391743414701513e-10,1.3187775936336465e-5,2.542805126998426e-5,0.11111062750218233,-0.11110937277327243
5636,0.1,-0.11111068076117787,2.4263846558620547e-10,1.557685672997622e-5,2.524960702119198e-5,0.11111068076117787,-0.11110937338219652
5637,0.1,-0.11111073306774912,3.221191232310923e-10,1.79476773770617e-5,2.5050521696816263e-5,0.11111073306774912,-0.11110937397192686
5638,0.1,-0.11111078431722098,4.118821826715614e-10,2.029488070109212e-5,2.4830953126227243e-5,0.11111078431722098,-0.1111093745405463
5639,0.25,-0.1111108315133186,5.085594077329833e-10,2.255126177696014e-5,2.4592400579053968e-5,0.1111108315133186,-0.1111093749958914
5640,0.625,-0.1111108676538736,6.031621748851403e-10,2.455936022955688e-5,2.401504110608385e-5,0.1111108676538736,-0.1111093751322191
5641,1.5625,-0.11111087494881608,6.70924334680866e-10,2.5902207139177657e-5,2.2529230306831386e-5,0.11111087494881608,-0.11110937442821268
5642,3.90625,-0.11111081397866522,6.516483911868567e-10,2.5527404709191586e-5,1.875343633485044e-5,0.11111081397866522,-0.11110937188609288
5643,9.765625,-0.1111106310037864,4.454180257007493e-10,2.110492894327648e-5,1.0521493453484093e-5,0.1111106310037864,-0.11110936729600912
5644,24.4140625,-0.11111041513718549,8.960930692734964e-11,9.466219252021878e-6,1.5324857655834276e-5,0.11111041513718549,-0.11110936675011256
5645,9.765625,-0.111110415249181,2.099407175281579e-11,4.581928824503474e-6,3.592644142791276e-5,0.111110415249181,-0.11110936847054777
5646,3.90625,-0.11111038683933268,7.202745401972014e-12,2.683793099695283e-6,3.9368783548650455e-5,0.11111038683933268,-0.11110937011123206
5647,1.5625,-0.11111035715043129,2.5567701333619008e-11,5.05645145666593e-6,3.90898159310467e-5,0.11111035715043129,-0.11110937159871742
5648,0.625,-0.11111032743246314,7.176288281012039e-11,8.471297587153954e-6,3.833954879848857e-5,0.11111032743246314,-0.11110937300798732
5649,0.25,-0.11111029778188533,1.4482777575610162e-10,1.2034441231569567e-5,3.776542446438866e-5,0.11111029778188533,-0.11110937438733488
5650,0.1,-0.11111026819436122,2.445018145741565e-10,1.5636553794687514e-5,3.74024365999938e-5,0.11111026819436122,-0.111109375757264
5651,0.1,-0.11111023853129538,3.6989949793234556e-10,1.9232771457393903e-5,3.7180553848707334e-5,0.11111023853129538,-0.1111093770952561
5652,0.1,-0.11111020878905764,5.201703769081046e-10,2.2807243956868277e-5,3.692615868609343e-5,0.11111020878905764,-0.11110937839660208
5653,0.1,-0.11111017896525748,6.943777043665525e-10,2.6351047500366137e-5,3.6639485170346463e-5,0.11111017896525748,-0.1111093796567614
5654,0.1,-0.11111014905881716,8.915023497157167e-10,2.9858036601821574e-5,3.632082816231864e-5,0.11111014905881716,-0.11110938087138082
5655,0.25,-0.11111011870345205,1.104301441178215e-9,3.323103129874568e-5,3.5972296496660015e-5,0.11111011870345205,-0.11110938183976321
5656,0.625,-0.11111008721148319,1.313365236775812e-9,3.624038130008861e-5,3.511194506765778e-5,0.11111008721148319,-0.1111093821116522
5657,1.5625,-0.11111005331904984,1.4650428432333127e-9,3.827587808572538e-5,3.2874139077601057e-5,0.11111005331904984,-0.11110938054241284
5658,3.90625,-0.11111001694978027,1.4282364015364118e-9,3.779201504996011e-5,2.7116591434608173e-5,0.11111001694978027,-0.11110937492453223
5659,9.765625,-0.111109995720969,9.823030712701464e-10,3.134171455536768e-5,1.3890318725743771e-5,0.111109995720969,-0.11110936471795843
5660,24.4140625,-0.11111010442967616,1.9876320045888478e-10,1.4098340344128624e-5,2.085498964903909e-5,0.11111010442967616,-0.11110936331799755
5661,9.765625,-0.11111022951338055,4.408017829133023e-11,6.639290496079399e-6,5.273695386789932e-5,0.11111022951338055,-0.11110936708408925
5662,3.90625,-0.11111031829464328,1.0922893080890734e-11,3.3049800424345583e-6,5.811019647499768e-5,0.11111031829464328,-0.11110937068954518
5663,1.5625,-0.11111039891734628,4.91188914714151e-11,7.008487102892828e-6,5.7786307800789256e-5,0.11111039891734628,-0.11110937395389162
5664,0.625,-0.11111047700090969,1.4903073319236626e-10,1.2207814431435558e-5,5.670562530983744e-5,0.11111047700090969,-0.11110937704213529
5665,0.25,-0.11111055427837231,3.08522780123104e-10,1.756481654111719e-5,5.586733897358671e-5,0.11111055427837231,-0.11110938006248913
5666,0.1,-0.1111106313406427,5.270312235487342e-10,2.29571606159981e-5,5.5336378742672234e-5,0.1111106313406427,-0.11110938306143686
5667,0.1,-0.11111070799069835,8.026539899560722e-10,2.8331148758143787e-5,5.501296234722363e-5,0.11111070799069835,-0.11110938599085597
5668,0.1,-0.1111107841373611,1.13355034356891e-9,3.366823938920641e-5,5.464034033329624e-5,0.1111107841373611,-0.11110938884022273
5669,0.1,-0.11111085968956574,1.5176866411348065e-9,3.8957497880829134e-5,5.4218869001051173e-5,0.11111085968956574,-0.11110939159938304
5670,0.1,-0.11111093455657439,1.952844924842031e-9,4.4191005021859716e-5,5.374898695034793e-5,0.11111093455657439,-0.11110939425859391
5671,0.25,-0.11111100656431082,2.423221336084974e-9,4.922622610037229e-5,5.323370615683631e-5,0.11111100656431082,-0.11110939637681116
5672,0.625,-0.11111107044837093,2.8863668782471075e-9,5.3724918596933283e-5,5.195267668866935e-5,0.11111107044837093,-0.11110939696183857
5673,1.5625,-0.11111111229455924,3.2247591792578966e-9,5.678696311001229e-5,4.86069164929435e-5,0.11111111229455924,-0.11110939348662618
5674,3.90625,-0.11111109828559386,3.150537722646509e-9,5.612965101126595e-5,3.995304166589842e-5,0.11111109828559386,-0.11110938105585211
5675,9.765625,-0.11111096315734392,2.1760273521771943e-9,4.6647908336571685e-5,1.956569889629419e-5,0.11111096315734392,-0.11110935836139871
5676,24.4140625,-0.11111066074940787,4.4468281435961247e-10,2.1087503748893856e-5,2.95780764101174e-5,0.11111066074940787,-0.11110935493346207
5677,9.765625,-0.11111053045999196,9.690153098333983e-11,9.843857525550633e-6,7.804068847177822e-5,0.11111053045999196,-0.11110936323592928
5678,3.90625,-0.11111041453298748,1.9297206910343435e-11,4.3928586262641595e-6,8.627568779551093e-5,0.11111041453298748,-0.1111093712197187
5679,1.5625,-0.11111030608757663,1.0032271550975165e-10,1.0016122778288596e-5,8.587887082435437e-5,0.11111030608757663,-0.11110937844809488
5680,0.625,-0.11111020044666366,3.184410487112372e-10,1.7844916607012687e-5,8.430056274106988e-5,0.11111020044666366,-0.11110938528222522
5681,0.25,-0.11111009594388058,6.68852868214698e-10,2.5862189934626533e-5,8.306286915535505e-5,0.11111009594388058,-0.11110939196284766
5682,0.1,-0.11110999198714035,1.1502848418373565e-9,3.391584941936965e-5,8.227534510456537e-5,0.11110999198714035,-0.11110939859423127
5683,0.1,-0.11110988864319445,1.7585709844476452e-9,4.193531905742038e-5,8.179414389736547e-5,0.11110988864319445,-0.11110940507191605
5684,0.1,-0.1111097859869866,2.489659627727007e-9,4.9896489132272695e-5,8.123932766226958e-5,0.1111097859869866,-0.1111094113724973
5685,0.1,-0.11110968409252973,3.339072282784158e-9,5.7784706305251374e-5,8.061143127655622e-5,0.11110968409252973,-0.11110941747339047
5686,0.1,-0.11110958303288114,4.301922578123419e-9,6.558904312553598e-5,7.991110578708889e-5,0.11110958303288114,-0.11110942335291889
5687,0.25,-0.11110948450302116,5.3435278815293835e-9,7.30994383119965e-5,7.914283082394596e-5,0.11110948450302116,-0.11110942803777137
5688,0.625,-0.11110939272274029,6.370646193720027e-9,7.981632786416591e-5,7.723370181859134e-5,0.11110939272274029,-0.11110942933467648
5689,1.5625,-0.11110931928071907,7.124898999045409e-9,8.440911680052937e-5,7.224498066629865e-5,0.11110931928071907,-0.11110942165004131
5690,3.90625,-0.11110929517762985,6.9722761377215385e-9,8.350015651315593e-5,5.9313267109384185e-5,0.11110929517762985,-0.11110939410997166
5691,9.765625,-0.11110939868246641,4.832840456071451e-9,6.951863387661937e-5,2.8442410923077883e-5,0.11110939868246641,-0.11110934360685339
5692,24.4140625,-0.11110998329749455,7.856632181730284e-11,8.863764539816186e-6,4.1997938082059546e-5,0.11110998329749455,-0.1111093733326685
5693,9.765625,-0.11111057813941484,8.269089276820806e-11,9.093453291693319e-6,2.3941562159737113e-5,0.11111057813941484,-0.1111093728130976
5694,3.90625,-0.11111080124546924,9.341912447842406e-11,9.665356924522967e-6,1.6532326744569593e-5,0.11111080124546924,-0.11110937263560695
5695,1.5625,-0.11111098043046959,1.0696159742750632e-10,1.0342224007799596e-5,1.3541474734268669e-5,0.11111098043046959,-0.11110937262409801
5696,0.625,-0.11111114831280361,1.2289722727178936e-10,1.108590218573975e-5,1.2282006625774733e-5,0.11111114831280361,-0.1111093726881946
5697,1.5625,-0.11111124870529727,1.3289055339394326e-10,1.152781650591053e-5,1.171019952897199e-5,0.11111124870529727,-0.11110937258975108
5698,3.90625,-0.11111116910959788,1.2312970489675307e-10,1.109638251398865e-5,1.0393717005010356e-5,0.11111116910959788,-0.11110937215880425
5699,9.765625,-0.11111073344320284,7.610075866369771e-11,8.723574878666297e-6,8.388793933295453e-6,0.11111073344320284,-0.11110937145428751
5700,24.4140625,-0.11111020421052994,1.4845970817375568e-11,3.853046952396969e-6,1.0871831504114367e-5,0.11111020421052994,-0.11110937153884248
5701,9.765625,-0.11111044035244204,5.390394871029081e-12,2.32172239318767e-6,1.7067039975723535e-5,0.11111044035244204,-0.11110937188025567
5702,3.90625,-0.11111051421313262,5.297743378049736e-12,2.3016827274951984e-6,1.7769568335594273e-5,0.11111051421313262,-0.11110937218890878
5703,1.5625,-0.11111056925037205,1.0550601605358825e-11,3.2481689619474576e-6,1.73844338801701e-5,0.11111056925037205,-0.11110937247201742
5704,0.625,-0.11111061952866656,2.049494826901651e-11,4.52713466433422e-6,1.696786287875719e-5,0.11111061952866656,-0.11110937274379208
5705,0.25,-0.11111066837845247,3.4986554146434984e-11,5.914943291903565e-6,1.6682586405948265e-5,0.11111066837845247,-0.11110937301161876
5706,0.1,-0.11111071678752422,5.3976885576237003e-11,7.346896322681912e-6,1.6505516625199992e-5,0.11111071678752422,-0.11110937327819993
5707,0.1,-0.1111107635098757,7.726773590507892e-11,8.790206818106097e-6,1.639486289103818e-5,0.1111107635098757,-0.11110937353826612
5708,0.1,-0.11111080836590309,1.0468483904491772e-10,1.0231560929052699e-5,1.6274039053932587e-5,0.11111080836590309,-0.11110937379112373
5709,0.1,-0.11111085118386767,1.3604115749224228e-10,1.1663668269127096e-5,1.6142939529794972e-5,0.11111085118386767,-0.11110937403610167
5710,0.1,-0.11111089180043776,1.7113751556315132e-10,1.308195381291156e-5,1.6001528556450606e-5,0.11111089180043776,-0.11110937427255592
5711,0.25,-0.11111092399414432,2.0854158670048183e-10,1.4440969036061321e-5,1.585093202839018e-5,0.11111092399414432,-0.1111093744631304
5712,0.625,-0.11111093385857682,2.4450212259080497e-10,1.5636563643934207e-5,1.5500066015430763e-5,0.11111093385857682,-0.11110937452616558
5713,1.5625,-0.11111088725499364,2.6885358386383905e-10,1.6396755284623818e-5,1.4618894688986063e-5,0.11111088725499364,-0.11110937425747759
5714,3.90625,-0.11111071371696155,2.575768099065717e-10,1.6049199665608616e-5,1.2455712203814053e-5,0.11111071371696155,-0.1111093732766868
5715,9.765625,-0.11111034613434308,1.7327847314523142e-10,1.3163528142000207e-5,8.309859420571909e-6,0.11111034613434308,-0.11110937153872981
5716,24.4140625,-0.11111011710664791,3.56043146582664e-11,5.9669351143000035e-6,1.1478280809043569e-5,0.11111011710664791,-0.11110937138459456
5717,9.765625,-0.11111028554489746,9.943192616316982e-12,3.1532828316402227e-6,2.3156644906805536e-5,0.11111028554489746,-0.11110937206620666
5718,3.90625,-0.1111103577598377,5.4542418361128725e-12,2.3354318307569745e-6,2.5080264073126275e-5,0.1111103577598377,-0.11110937271744267
5719,1.5625,-0.11111041646274511,1.3324460132361084e-11,3.650268501406586e-6,2.4835719203944963e-5,0.11111041646274511,-0.11110937331238553
5720,0.625,-0.11111047144308225,3.190606754760266e-11,5.648545613483409e-6,2.4343694284487022e-5,0.11111047144308225,-0.11110937387884674
5721,0.25,-0.11111052523604743,6.083107885171284e-11,7.799428110554827e-6,2.3975259190643655e-5,0.11111052523604743,-0.11110937443448304
5722,0.1,-0.11111057864273514,9.999396100773861e-11,9.999698045828114e-6,2.3742119345592288e-5,0.11111057864273514,-0.11110937498664707
5723,0.1,-0.11111063123832687,1.49031830682736e-10,1.2207859381674413e-5,2.3597842530004966e-5,0.11111063123832687,-0.11110937552595486
5724,0.1,-0.11111068290354288,2.0760168323143268e-10,1.4408389335086441e-5,2.3434525148956655e-5,0.11111068290354288,-0.11110937605063873
5725,0.1,-0.11111073352222976,2.7532791197795295e-10,1.6593007924362388e-5,2.32522683803277e-5,0.11111073352222976,-0.11110937655899406
5726,0.1,-0.11111078298169923,3.518037837977762e-10,1.875643313100271e-5,2.3051224861481862e-5,0.11111078298169923,-0.11110937704938728
5727,0.25,-0.11111082800825843,4.3414901920487013e-10,2.0836242924406263e-5,2.2832762240329446e-5,0.11111082800825843,-0.1111093774431687
5728,0.625,-0.1111108609732855,5.146788939511018e-10,2.268653552112137e-5,2.230347436882906e-5,0.1111108609732855,-0.11110937756490546
5729,1.5625,-0.11111086255957829,5.722302342465903e-10,2.3921334290682663e-5,2.094176908579773e-5,0.11111086255957829,-0.11110937697033806
5730,3.90625,-0.11111079032837082,5.55426188623715e-10,2.356748159273101e-5,1.748987502445999e-5,0.11111079032837082,-0.11110937481033942
5731,9.765625,-0.11111058883916636,3.7928666598250587e-10,1.9475283463469944e-5,1.0063001699952325e-5,0.11111058883916636,-0.11110937091079423
5732,24.4140625,-0.11111037043733596,7.652873316536477e-11,8.74807025379682e-6,1.4443562671865166e-5,0.11111037043733596,-0.11110937045311345
5733,9.765625,-0.11111039042103053,1.836012853872522e-11,4.284872056284204e-6,3.324130132077743e-5,0.11111039042103053,-0.11110937191745023
5734,3.90625,-0.11111037468790337,6.762288698016403e-12,2.6004400969867395e-6,3.638940535068836e-5,0.11111037468790337,-0.11110937331577114
5735,1.5625,-0.1111103562735284,2.2477537905282214e-11,4.741048186348902e-6,3.612705200770709e-5,0.1111103562735284,-0.11110937458509401
5736,0.625,-0.11111033739883572,6.18379265746386e-11,7.863709466571016e-6,3.543537474497052e-5,0.11111033739883572,-0.11110937578857474
5737,0.25,-0.11111031844187984,1.2403143096210349e-10,1.1136939928099796e-5,3.490722858722342e-5,0.11111031844187984,-0.11110937696694738
5738,0.1,-0.11111029949188984,2.0883928022251207e-10,1.4451272616019395e-5,3.457380627308223e-5,0.11111029949188984,-0.11110937813748743
5739,0.1,-0.11111028038592573,3.155082920720922e-10,1.77625530842864e-5,3.437033313433051e-5,0.11111028038592573,-0.11110937928091232
5740,0.1,-0.11111026110783312,4.43316097198663e-10,2.105507295638424e-5,3.4136954701820996e-5,0.11111026110783312,-0.11110938039321872
5741,0.1,-0.11111024164295402,5.9146679602423e-10,2.432009037861969e-5,3.387388910497471e-5,0.11111024164295402,-0.11110938147054555
5742,0.1,-0.11111022197822217,7.590942904617479e-10,2.755166583823468e-5,3.3581411287421725e-5,0.11111022197822217,-0.11110938250919014
5743,0.25,-0.11111020144254759,9.40028409324585e-10,3.065988273501034e-5,3.326144384761278e-5,0.11111020144254759,-0.11110938333834224
5744,0.625,-0.1111101786158581,1.1177350694106105e-9,3.343254506331533e-5,3.247077965549089e-5,0.1111101786158581,-0.11110938357495215
5745,1.5625,-0.1111101503183533,1.2465204351933344e-9,3.53060962893568e-5,3.0414077216596904e-5,0.1111101503183533,-0.11110938224551946
5746,3.90625,-0.11111011190865237,1.2147853148059093e-9,3.4853770453222264e-5,2.5128504681239617e-5,0.11111011190865237,-0.11110937747393675
5747,9.765625,-0.11111007268032916,8.349919812799198e-10,2.889622780364108e-5,1.3077222584542373e-5,0.11111007268032916,-0.11110936880736003
5748,24.4140625,-0.11111014459997841,1.6908454864305653e-10,1.300325146427064e-5,1.9470755578953132e-5,0.11111014459997841,-0.11110936762984339
5749,9.765625,-0.11111025854388157,3.796385070452383e-11,6.161481210271101e-6,4.868466415606188e-5,0.11111025854388157,-0.11110937082983965
5750,3.90625,-0.11111033616474153,9.982705235607644e-12,3.159541934459431e-6,5.361390145233718e-5,0.11111033616474153,-0.11110937389489334
5751,1.5625,-0.11111040612254959,4.256946774670542e-11,6.524528162764371e-6,5.331061942401111e-5,0.11111040612254959,-0.11110937667159237
5752,0.625,-0.1111104737298656,1.2755560299515308e-10,1.1294051664267925e-5,5.2314647522388126e-5,0.1111104737298656,-0.11110937929950816
5753,0.25,-0.11111054059185914,2.6313553614330567e-10,1.6221452960302468e-5,5.154325181637625e-5,0.11111054059185914,-0.1111093818702008
5754,0.1,-0.11111060725108657,4.4883593560591973e-10,2.1185748407972746e-5,5.1055269695008545e-5,0.11111060725108657,-0.11110938442297297
5755,0.1,-0.11111067350445358,6.830421624859987e-10,2.6135075329640793e-5,5.0758498637736425e-5,0.11111067350445358,-0.11110938691678185
5756,0.1,-0.11111073926764252,9.641930583726067e-10,3.1051458232627446e-5,5.041639805032749e-5,0.11111073926764252,-0.11110938934268337
5757,0.1,-0.11111080445662956,1.2905632380063472e-9,3.5924410057874954e-5,5.0029298229083544e-5,0.11111080445662956,-0.11110939169204796
5758,0.1,-0.11111086898788652,1.6602703916372588e-9,4.074641569067467e-5,4.959760579101642e-5,0.11111086898788652,-0.11110939395659437
5759,0.25,-0.11111093080348701,2.0598734097355883e-9,4.5385828291831234e-5,4.9124063653819695e-5,0.11111093080348701,-0.11110939576144212
5760,0.625,-0.11111098494852735,2.4532684447096316e-9,4.953047995638273e-5,4.794542704290247e-5,0.11111098494852735,-0.1111093962634272
5761,1.5625,-0.11111101839411194,2.740508542453729e-9,5.2349866689932736e-5,4.4866180512891886e-5,0.11111101839411194,-0.11110939331545236
5762,3.90625,-0.11111099981529517,2.676855321078841e-9,5.1738335120864115e-5,3.690536699056673e-5,0.11111099981529517,-0.11110938276017163
5763,9.765625,-0.11111087073208306,1.8480891272535048e-9,4.2989407151686855e-5,1.8223451780167538e-5,0.11111087073208306,-0.11110936349591803
5764,24.4140625,-0.1111106011385043,3.7770299558713125e-10,1.943458246495487e-5,2.745093568587574e-5,0.1111106011385043,-0.11110936060378007
5765,9.765625,-0.11111049304081384,8.281050310682598e-11,9.100027643190211e-6,7.196495391145421e-5,0.11111049304081384,-0.11110936765302587
5766,3.90625,-0.11111039480780234,1.7166027234398465e-11,4.143190465619275e-6,7.953369652842345e-5,0.11111039480780234,-0.11110937443301794
5767,1.5625,-0.11111030272323304,8.614338056876687e-11,9.281345838226634e-6,7.916426349635739e-5,0.11111030272323304,-0.1111093805732782
5768,0.625,-0.11111021297445968,2.7148673791651124e-10,1.647685461234975e-5,7.771030912952192e-5,0.11111021297445968,-0.11110938637983506
5769,0.25,-0.1111101241785361,5.691366745953909e-10,2.385658556028903e-5,7.657126829864487e-5,0.1111101241785361,-0.11110939205667346
5770,0.1,-0.11111003584168137,9.780230962005378e-10,3.127336080757132e-5,7.584721789344806e-5,0.11111003584168137,-0.11110939769210953
5771,0.1,-0.11110994802190355,1.4946132519164893e-9,3.8660228296228275e-5,7.540538329803617e-5,0.11110994802190355,-0.11110940319724837
5772,0.1,-0.11110986078243208,2.115473229568828e-9,4.5994273878047344e-5,7.489568963568796e-5,0.11110986078243208,-0.11110940855220472
5773,0.1,-0.11110977418583425,2.836805933368989e-9,5.326167415101584e-5,7.431863118466908e-5,0.11110977418583425,-0.11110941373778926
5774,0.1,-0.11110968829398782,3.6544671616267316e-9,6.0452189055705264e-5,7.367480950844582e-5,0.11110968829398782,-0.11110941873558249
5775,0.25,-0.11110960453663662,4.538986413404752e-9,6.73720002182268e-5,7.296830684340546e-5,0.11110960453663662,-0.11110942271884164
5776,0.625,-0.11110952647819777,5.411127284922447e-9,7.35603649047668e-5,7.121079400127469e-5,0.11110952647819777,-0.11110942382477994
5777,1.5625,-0.11110946393179008,6.051327821207627e-9,7.779028102023817e-5,6.661666408370727e-5,0.11110946393179008,-0.11110941730314407
5778,3.90625,-0.11110944328521172,5.920924962454755e-9,7.694754682544958e-5,5.4709682411544964e-5,0.11110944328521172,-0.11110939392221532
5779,9.765625,-0.11110953190494013,4.102974271744415e-9,6.405446332414639e-5,2.6339972598123404e-5,0.11110953190494013,-0.11110935105700573
5780,24.4140625,-0.1111098757173405,8.469471326815849e-10,2.910235613625785e-5,3.958059767952102e-5,0.1111098757173405,-0.11110934412302448
5781,9.765625,-0.11111010152703603,1.840041810878611e-10,1.3564814082318308e-5,0.00010690130050971324,0.11111010152703603,-0.11110935974095791
5782,3.90625,-0.11111028020470523,3.1691406547980654e-11,5.629512105678489e-6,0.00011844011062671215,0.11111028020470523,-0.11110937482685337
5783,1.5625,-0.11111044519492516,1.7929749403470799e-10,1.3390201418750503e-5,0.00011798685826574894,0.11111044519492516,-0.11110938849466175
5784,0.625,-0.11111060584151834,5.859835521010319e-10,2.420709714321467e-5,0.00011585590393965138,0.11111060584151834,-0.11110940141555155
5785,0.25,-0.11111076522624996,1.2426285858447763e-9,3.525093737540573e-5,0.00011417084793105871,0.11111076522624996,-0.11110941404359384
5786,0.1,-0.11111092442900704,2.1468225652119993e-9,4.633381664844802e-5,0.00011309546144443656,0.11111092442900704,-0.11110942657678022
5787,0.1,-0.11111108314188016,3.290805198527134e-9,5.736554016591436e-5,0.00011243740760886457,0.11111108314188016,-0.11110943882086428
5788,0.1,-0.11111124118865458,4.666997755036131e-9,6.831542838214608e-5,0.00011167808234704591,0.11111124118865458,-0.11110945073156979
5789,0.1,-0.11111139839102173,6.267014928585076e-9,7.916448022051983e-5,0.00011081819521170675,0.11111139839102173,-0.11110946226615513
5790,0.1,-0.11111155456901528,8.081700116687626e-9,8.989827649453367e-5,0.00010985861452824447,0.11111155456901528,-0.11110947338357778
5791,0.25,-0.11111170577277481,1.0046125104662143e-8,0.00010023036019421532,0.000108805387440444,0.11111170577277481,-0.11110948225287332
5792,0.625,-0.11111184228981702,1.1985552868370879e-8,0.00010947854980940731,0.00010618658214860482,0.11111184228981702,-0.11110948474280663
5793,1.5625,-0.11111193809478777,1.3415383545429214e-8,0.00011582479676403155,9.933905954879023e-5,0.11111193809478777,-0.11110947030618686
5794,3.90625,-0.11111192832042761,1.3144893242399131e-8,0.0001146511807283254,8.156775045139048e-5,0.11111192832042761,-0.11110941838287264
5795,9.765625,-0.11111167927587237,9.13798699090286e-9,9.559281872035608e-5,3.8887316354864236e-5,0.11111167927587237,-0.11110932278982424
5796,24.4140625,-0.1111112126919218,1.44175941901318e-10,1.2007328674660239e-5,5.6747967537036e-5,0.1111112126919218,-0.11110937835034045
5797,9.765625,-0.11110987440299558,1.5021924734056195e-10,1.2256396180793193e-5,3.279780825243556e-5,0.11110987440299558,-0.11110937747320167
5798,3.90625,-0.1111093636081591,1.7258590712161847e-10,1.3137195557713924e-5,2.236493892734667e-5,0.1111093636081591,-0.11110937713261211
5799,1.5625,-0.1111089530680348,2.007417302844147e-10,1.4168335480373645e-5,1.788586259895084e-5,0.1111089530680348,-0.11110937708246012
5800,0.625,-0.11110856857276583,2.3398557711701805e-10,1.5296587106835893e-5,1.5917541812985113e-5,0.11110856857276583,-0.11110937716875309
5801,1.5625,-0.11110833628185299,2.5503906194391867e-10,1.596994245274286e-5,1.5007000694786265e-5,0.11110833628185299,-0.11110937693685626
5802,3.90625,-0.11110851145660725,2.346038338849768e-10,1.5316782752424767e-5,1.2839032719340772e-5,0.11110851145660725,-0.11110937606361311
5803,9.765625,-0.11110949995663237,1.397826494683338e-10,1.1822971262264566e-5,9.354081973694197e-6,0.11110949995663237,-0.1111093747193239
5804,24.4140625,-0.11111073953186135,2.5535721558235708e-11,5.053288192675706e-6,1.3313391607596075e-5,0.11111073953186135,-0.11110937489526325
5805,9.765625,-0.11111019908750486,6.734528984422925e-12,2.5950971050083898e-6,2.254252994748659e-5,0.11111019908750486,-0.11110937554073827
5806,3.90625,-0.11111001466275781,6.741498732860711e-12,2.5964396262691555e-6,2.3531163203109598e-5,0.11111001466275781,-0.11110937609329122
5807,1.5625,-0.11110987407893841,1.692431475582698e-11,4.113917203326652e-6,2.2959570087768813e-5,0.11110987407893841,-0.11110937658845915
5808,0.625,-0.11110974479669239,3.604113879766319e-11,6.0034272542992635e-6,2.235390921806441e-5,0.11110974479669239,-0.11110937705900029
5809,0.25,-0.11110961896613025,6.382904735485306e-11,7.989308315170536e-6,2.1942126723604467e-5,0.11110961896613025,-0.11110937752099789
5810,0.1,-0.11110949423235578,1.0020325929226439e-10,1.0010157805562528e-5,2.168828098084328e-5,0.11110949423235578,-0.1111093779803452
5811,0.1,-0.1111093733121189,1.4476933423828364e-10,1.2032012892209003e-5,2.1530991668263987e-5,0.1111093733121189,-0.1111093784274096
5812,0.1,-0.11110925662214542,1.971863926947691e-10,1.4042307242571254e-5,2.1358536943632106e-5,0.11110925662214542,-0.11110937886085567
5813,0.1,-0.11110914456186578,2.5708836522010185e-10,1.6033975340510593e-5,2.117078212346996e-5,0.11110914456186578,-0.11110937927939517
5814,0.1,-0.11110903751220509,3.240854536987412e-10,1.8002373557360187e-5,2.09676865327417e-5,0.11110903751220509,-0.11110937968179387
5815,0.25,-0.111108949541753,3.9531751441147395e-10,1.988259325167303e-5,2.0750845618687286e-5,0.111108949541753,-0.11110937999716312
5816,0.625,-0.1111089122476878,4.633314238393832e-10,2.1525134699680353e-5,2.0241235775872623e-5,0.1111089122476878,-0.11110938007068666
5817,1.5625,-0.11110900356338027,5.081294328865389e-10,2.2541726484156862e-5,1.8954727209016605e-5,0.11110900356338027,-0.1111093795176295
5818,3.90625,-0.11110938623374027,4.835686968272956e-10,2.199019547042035e-5,1.5768931199473276e-5,0.11110938623374027,-0.11110937763355158
5819,9.765625,-0.11111022695297819,3.2198533148954277e-10,1.7943949718207046e-5,9.416482293919451e-6,0.11111022695297819,-0.11110937437154776
5820,24.4140625,-0.11111082122741826,6.446474960346057e-11,8.028994308346504e-6,1.4358168226793709e-5,0.11111082122741826,-0.11110937409789962
5821,9.765625,-0.11111046711852121,1.5331546783665453e-11,3.915551913034158e-6,3.1025813191202976e-5,0.11111046711852121,-0.11110937537022358
5822,3.90625,-0.11111032381059663,6.560944110066557e-12,2.5614339948682177e-6,3.376753543621399e-5,0.11111032381059663,-0.11110937656791993
5823,1.5625,-0.1111102095336143,2.1105801973757028e-11,4.594105133076194e-6,3.344410090832911e-5,0.1111102095336143,-0.11110937765186434
5824,0.625,-0.1111101032304838,5.583836100366798e-11,7.472507009275266e-6,3.2763595357186874e-5,0.1111101032304838,-0.11110937867883089
5825,0.25,-0.1111099995031062,1.1006198696869968e-10,1.0491043178287833e-5,3.225154154219492e-5,0.1111099995031062,-0.11110937968401219
5826,0.1,-0.11110989665634123,1.8357865282477277e-10,1.3549120001858894e-5,3.192711326928054e-5,0.11110989665634123,-0.11110938068209328
5827,0.1,-0.11110979559591964,2.7570930495669475e-10,1.6604496528250857e-5,3.1726431355794116e-5,0.11110979559591964,-0.11110938165607408
5828,0.1,-0.11110969656959341,3.858104302719464e-10,1.9642057689354913e-5,3.1498976163170616e-5,0.11110969656959341,-0.11110938260261842
5829,0.1,-0.11110959981761735,5.131768550719089e-10,2.2653407140470258e-5,3.124486341736776e-5,0.11110959981761735,-0.11110938351850998
5830,0.1,-0.11110950557206924,6.570445514250934e-10,2.5632880279537324e-5,3.0964277330931546e-5,0.11110950557206924,-0.1111093844006656
5831,0.25,-0.11110942072151987,8.119992333046469e-10,2.8495600244680702e-5,3.065907481240911e-5,0.11110942072151987,-0.11110938510182297
5832,0.625,-0.11110936126850732,9.63590165439206e-10,3.104174874969524e-5,2.9917630884715883e-5,0.11110936126850732,-0.11110938529291617
5833,1.5625,-0.11110936760855523,1.0720363395366957e-9,3.274196603041265e-5,2.8004376255805587e-5,0.11110936760855523,-0.11110938414038604
5834,3.90625,-0.11110952789251831,1.0408941155497431e-9,3.2262890688060535e-5,2.3117537637678405e-5,0.11110952789251831,-0.11110938005076292
5835,9.765625,-0.11110995367267767,7.110261930164563e-10,2.666507440485506e-5,1.2173720688717122e-5,0.11110995367267767,-0.11110937269287026
5836,24.4140625,-0.1111103866799527,1.423349944632477e-10,1.1930423063045489e-5,1.854326042037617e-5,0.1111103866799527,-0.11110937180273434
5837,9.765625,-0.111110308022763,3.171291194468815e-11,5.631421840413676e-6,4.511314698880543e-5,0.111110308022763,-0.11110937454747254
5838,3.90625,-0.11111031165919873,9.067163887743151e-12,3.0111731746518918e-6,4.95470454556514e-5,0.11111031165919873,-0.11110937715909514
5839,1.5625,-0.11111032359227818,3.797368843996847e-11,6.162279484084479e-6,4.921504594268077e-5,0.11111032359227818,-0.1111093795215675
5840,0.625,-0.11111033746620992,1.1149138158170718e-10,1.0558947939151285e-5,4.8271030705709865e-5,0.11111033746620992,-0.1111093817568133
5841,0.25,-0.11111035194620321,2.2808176986844088e-10,1.5102376298729974e-5,4.7545901142603625e-5,0.11111035194620321,-0.11110938394327285
5842,0.1,-0.11111036666044677,3.8733202337472696e-10,1.9680752611999548e-5,4.708729740094543e-5,0.11111036666044677,-0.11110938611434465
5843,0.1,-0.11111038196274776,5.878363258136363e-10,2.4245336166232803e-5,4.680736292098181e-5,0.11111038196274776,-0.1111093882345238
5844,0.1,-0.11111039790587535,8.282422006686256e-10,2.877919735970108e-5,4.648588147815766e-5,0.11111039790587535,-0.11110939029624264
5845,0.1,-0.11111041453852966,1.1070584438061206e-9,3.3272487791058254e-5,4.61231415190728e-5,0.11111041453852966,-0.11110939229220224
5846,0.1,-0.11111043190515442,1.4226613767989548e-9,3.771818363599916e-5,4.571950628964642e-5,0.11111043190515442,-0.11110939421540111
5847,0.25,-0.11111045186960458,1.763491658654744e-9,4.1993947881269084e-5,4.527759404312155e-5,0.11111045186960458,-0.11110939574515373
5848,0.625,-0.11111047853084763,2.0985520220431145e-9,4.5809955490516624e-5,4.418385173852985e-5,0.11111047853084763,-0.11110939616127402
5849,1.5625,-0.11111052159647722,2.3421320464859617e-9,4.8395578790690804e-5,4.133395215624967e-5,0.11111052159647722,-0.11110939363193284
5850,3.90625,-0.11111059878800983,2.2847081591813676e-9,4.779862089204423e-5,3.397980739151568e-5,0.11111059878800983,-0.11110938462010028
5851,9.765625,-0.11111071018320566,1.5731699112497587e-9,3.9663206013253124e-5,1.6815493012409547e-5,0.11111071018320566,-0.11110936823814639
5852,24.4140625,-0.11111065912907728,3.188486976156066e-10,1.785633494353213e-5,2.5700072812098684e-5,0.11111065912907728,-0.11110936591787057
5853,9.765625,-0.1111104786909846,6.94540193431892e-11,8.333907807456787e-6,6.652403195840676e-5,0.1111104786909846,-0.11110937193945496
5854,3.90625,-0.11111036327925643,1.5046951845972825e-11,3.879040067590541e-6,7.341753104379046e-5,0.11111036327925643,-0.11110937770975995
5855,1.5625,-0.11111026058256415,7.515003510204813e-11,8.668911990673809e-6,7.303887136354641e-5,0.11111026058256415,-0.11110938293156372
5856,0.625,-0.11111016187691376,2.342781846817123e-10,1.530614859073674e-5,7.168168725832565e-5,0.11111016187691376,-0.11110938786920191
5857,0.25,-0.1111100646152193,4.889974796686753e-10,2.2113287400761454e-5,7.062435204083188e-5,0.1111100646152193,-0.11110939269691374
5858,0.1,-0.1111099679534588,8.384049215478964e-10,2.8955222698986384e-5,6.995380850728047e-5,0.1111099679534588,-0.11110939748980013
5859,0.1,-0.11110987221771278,1.2794732528796665e-9,3.576972536768582e-5,6.954530571765418e-5,0.11110987221771278,-0.11110940217153147
5860,0.1,-0.11110977752603725,1.8092673973204213e-9,4.2535483978913666e-5,6.907425289327373e-5,0.11110977752603725,-0.1111094067251999
5861,0.1,-0.11110968399378435,2.4245427615749877e-9,4.923964623730544e-5,6.854109388077667e-5,0.11110968399378435,-0.11110941113448987
5862,0.1,-0.11110959173340589,3.121758938428042e-9,5.5872702981223685e-5,6.79463748036297e-5,0.11110959173340589,-0.11110941538374078
5863,0.25,-0.11110950383447564,3.87568850097613e-9,6.225502791723838e-5,6.729384501362314e-5,0.11110950383447564,-0.11110941876725686
5864,0.625,-0.11110942764014216,4.6185340172433915e-9,6.795979706593739e-5,6.566994479422755e-5,0.11110942764014216,-0.1111094196961535
5865,1.5625,-0.11110938229923664,5.162518559988372e-9,7.185066847280109e-5,6.142525634576082e-5,0.11110938229923664,-0.11110941412123411
5866,3.90625,-0.11110941344588018,5.047390403907114e-9,7.1044988591083e-5,5.042981255729959e-5,0.11110941344588018,-0.11110939418643874
5867,9.765625,-0.11110960537491751,3.491817429187793e-9,5.9091602019134604e-5,2.4311048286816472e-5,0.11110960537491751,-0.11110935772645165
5868,24.4140625,-0.1111099989879323,7.173311770132821e-10,2.678303898016956e-5,3.685893048992286e-5,0.1111099989879323,-0.11110935201182623
5869,9.765625,-0.11111015350772499,1.5572792817084144e-10,1.2479099653854898e-5,9.870201420065623e-5,0.11111015350772499,-0.11110936531611483
5870,3.90625,-0.11111029420883609,2.8244335269772978e-11,5.314539986656698e-6,0.0001092615890855514,0.11111029420883609,-0.11110937814129934
5871,1.5625,-0.1111104265416043,1.5575878674504928e-10,1.2480336002890678e-5,0.00010881070746369316,0.1111104265416043,-0.11110938975706751
5872,0.625,-0.11111055603086556,5.036310676073277e-10,2.244172603895092e-5,0.000106833353621352,0.11111055603086556,-0.11110940073868236
5873,0.25,-0.1111106847133185,1.0641504734822473e-9,3.2621319309345036e-5,0.00010527590178556508,0.1111106847133185,-0.11110941147278482
5874,0.1,-0.11111081332944793,1.8352930930311027e-9,4.284032087917997e-5,0.00010428428252379755,0.11111081332944793,-0.1111094221274814
5875,0.1,-0.11111094172590273,2.8104381281233102e-9,5.301356551037961e-5,0.00010367896998317091,0.11111094172590273,-0.11110943253643446
5876,0.1,-0.11111106977844781,3.983131422924722e-9,6.311205449773223e-5,0.00010298009250909495,0.11111106977844781,-0.11110944266194513
5877,0.1,-0.1111111973600135,5.346230763172975e-9,7.311792367930708e-5,0.00010218831601627416,0.1111111973600135,-0.11110945246762188
5878,0.1,-0.11111132434099026,6.8919360493692e-9,8.301768516026691e-5,0.00010130445258376913,0.11111132434099026,-0.11110946191852425
5879,0.25,-0.11111144811131538,8.564797166980003e-9,9.254618937038955e-5,0.0001003340515537224,0.11111144811131538,-0.11110946945395288
5880,0.625,-0.11111156212552771,1.0215616271964098e-8,0.00010107233188150009,9.79176174839951e-5,0.11111156212552771,-0.11110947155416108
5881,1.5625,-0.11111164849726377,1.143073095457736e-8,0.00010691459654592239,9.159634439797411e-5,0.11111164849726377,-0.11110945923695192
5882,3.90625,-0.1111116608665868,1.1194304691820256e-8,0.00010580314121905955,7.519304227796525e-5,0.1111116608665868,-0.1111094150132514
5883,9.765625,-0.11111149364159328,7.7723572753194e-9,8.81609736522879e-5,3.586510797805743e-5,0.11111149364159328,-0.11110933373416396
5884,24.4140625,-0.11111091756172643,1.226170446803918e-10,1.1073258087861575e-5,5.267986254645128e-5,0.11111091756172643,-0.11110938122052748
5885,9.765625,-0.11111000237885683,1.2909456515419694e-10,1.136197892773072e-5,2.9881372527911955e-5,0.11111000237885683,-0.11110938040540477
5886,3.90625,-0.11110965722394273,1.4679247354295478e-10,1.2115794383487811e-5,2.030060781011189e-5,0.11110965722394273,-0.11110938010580429
5887,1.5625,-0.1111093796292138,1.6901657095164123e-10,1.3000637328671284e-5,1.6316015984782096e-5,0.1111093796292138,-0.11110938006269272
5888,0.625,-0.11110911952387083,1.951420816480024e-10,1.3969326456490392e-5,1.4601595855364803e-5,0.11110911952387083,-0.11110938013760338
5889,1.5625,-0.11110896309300915,2.1158618658503496e-10,1.454600242626939e-5,1.3815325484586448e-5,0.11110896309300915,-0.11110937995202935
5890,3.90625,-0.11110908360544772,1.956937030547543e-10,1.3989056546270527e-5,1.197258442991924e-5,0.11110908360544772,-0.11110937923578902
5891,9.765625,-0.11110975460949278,1.1952401147205224e-10,1.0932703758542634e-5,9.052795334000253e-6,0.11110975460949278,-0.11110937809805099
5892,24.4140625,-0.11111058737225474,2.166295234547669e-11,4.654347682057787e-6,1.2567535786677796e-5,0.11111058737225474,-0.11110937825164773
5893,9.765625,-0.11111023376352067,6.2447608618175605e-12,2.498951952682876e-6,2.0904342218180065e-5,0.11111023376352067,-0.1111093787945179
5894,3.90625,-0.11111011915586433,6.083416072793585e-12,2.4664582041448795e-6,2.183456905721003e-5,0.11111011915586433,-0.11110937926935782
5895,1.5625,-0.11111003310892771,1.4517306699474847e-11,3.8101583562202304e-6,2.1333011657574273e-5,0.11111003310892771,-0.11110937969748129
5896,0.625,-0.1111099543553856,3.0497064134213805e-11,5.5224147013977325e-6,2.0788973375194355e-5,0.1111099543553856,-0.11110938010519013
5897,0.25,-0.11110987781739548,5.379414811789962e-11,7.334449407958284e-6,2.0416370973491945e-5,0.11110987781739548,-0.11110938050571861
5898,0.1,-0.11110980198103652,8.433319360952267e-11,9.183310601821256e-6,2.018544940320677e-5,0.11110980198103652,-0.11110938090395463
5899,0.1,-0.11110972866690938,1.217942067367369e-10,1.1036041262007717e-5,2.0041570778448604e-5,0.11110972866690938,-0.11110938129178412
5900,0.1,-0.11110965814556382,1.6589664897942046e-10,1.2880087304805836e-5,1.9884067300117053e-5,0.11110965814556382,-0.11110938166808361
5901,0.1,-0.11110959067586733,2.1633913863924136e-10,1.4708471662251023e-5,1.971279467307146e-5,0.11110959067586733,-0.11110938203176587
5902,0.1,-0.11110952650420969,2.7280052584826745e-10,1.6516674176366967e-5,1.9527695200726526e-5,0.11110952650420969,-0.11110938238178868
5903,0.25,-0.11110947488897477,3.329566646839469e-10,1.8247100171916274e-5,1.933020442713095e-5,0.11110947488897477,-0.1111093826584292
5904,0.625,-0.11110945656951636,3.90725112709172e-10,1.9766767887269077e-5,1.8867786935760676e-5,0.11110945656951636,-0.11110938273093326
5905,1.5625,-0.11110952256252749,4.296575748139155e-10,2.0728183104505698e-5,1.7701055662732045e-5,0.11110952256252749,-0.11110938227271357
5906,3.90625,-0.11110977870273309,4.1109262222317137e-10,2.027541916269973e-5,1.4806443750721227e-5,0.11110977870273309,-0.11110938067783725
5907,9.765625,-0.1111103290476601,2.7558558154724215e-10,1.6600770510649262e-5,9.010713150628608e-6,0.1111103290476601,-0.11110937788448019
5908,24.4140625,-0.11111069115247522,5.510335905330236e-11,7.423163682238346e-6,1.3446995473879008e-5,0.11111069115247522,-0.11110937765237806
5909,9.765625,-0.11111044479832122,1.36729573244824e-11,3.69769621852342e-6,2.8797023380768166e-5,0.11111044479832122,-0.11110937873802285
5910,3.90625,-0.11111034022825379,6.303626922244414e-12,2.5107024758510146e-6,3.129868125376426e-5,0.11111034022825379,-0.11110937976334227
5911,1.5625,-0.11111025548784524,1.878096703252707e-11,4.333701308642195e-6,3.099547890664761e-5,0.11111025548784524,-0.11110938069320428
5912,0.625,-0.11111017624283957,4.84562142340094e-11,6.961049793961353e-6,3.036784361950815e-5,0.11111017624283957,-0.11110938157518727
5913,0.25,-0.11111009878383843,9.473884554718587e-11,9.733388184347003e-6,2.9896445172755328e-5,0.11111009878383843,-0.1111093824389106
5914,0.1,-0.11111002194032472,1.574609246012121e-10,1.2548343500287682e-5,2.9598017558367527e-5,0.11111002194032472,-0.11110938329672197
5915,0.1,-0.11110994632135195,2.3604398925893425e-10,1.5363723157455496e-5,2.9413502616159932e-5,0.11110994632135195,-0.11110938413398752
5916,0.1,-0.11110987209794453,3.299404900338858e-10,1.816426409282484e-5,2.9204348675773425e-5,0.11110987209794453,-0.11110938494786211
5917,0.1,-0.11110979943617859,4.385503951076879e-10,2.0941594855876855e-5,2.897067048143338e-5,0.11110979943617859,-0.11110938573560275
5918,0.1,-0.11110972849670374,5.612235612915057e-10,2.3690157477136063e-5,2.8712645538959505e-5,0.11110972849670374,-0.11110938649457969
5919,0.25,-0.11110966399798987,6.933504636259463e-10,2.6331548826947995e-5,2.8431985572812397e-5,0.11110966399798987,-0.111109387099078
5920,0.625,-0.111109616925078,8.226270043667245e-10,2.8681474933599988e-5,2.7750288992461252e-5,0.111109616925078,-0.11110938726828046
5921,1.5625,-0.1111096150771154,9.151620712790822e-10,3.0251645761496714e-5,2.5991905716796344e-5,0.1111096150771154,-0.11110938629075562
5922,3.90625,-0.11110971950901243,8.886676706447622e-10,2.981052952640664e-5,2.1506246346085587e-5,0.11110971950901243,-0.11110938280598572
5923,9.765625,-0.11111001011777369,6.069327431061205e-10,2.463600501514238e-5,1.1541188653560549e-5,0.11111001011777369,-0.11110937653283665
5924,24.4140625,-0.11111032614814732,1.213720516179998e-10,1.1016898457279155e-5,1.738590428681878e-5,0.11111032614814732,-0.11110937579092352
5925,9.765625,-0.11111029517491751,2.746574433748627e-11,5.240777073820854e-6,4.175481229656842e-5,0.11111029517491751,-0.11110937813312756
5926,3.90625,-0.1111103148285695,8.421002530818608e-12,2.901896368035669e-6,4.5815210009974527e-5,0.1111103148285695,-0.11110938036202418
5927,1.5625,-0.11111033862770589,3.3290497920888115e-11,5.769791843809282e-6,4.549918335412773e-5,0.11111033862770589,-0.11110938237948233
5928,0.625,-0.1111103632634101,9.617438453379561e-11,9.806853956993324e-6,4.4625329072649196e-5,0.1111103632634101,-0.11110938428915094
5929,0.25,-0.11111038815114745,1.9576814298888942e-10,1.399171694213721e-5,4.395580379563851e-5,0.11111038815114745,-0.11110938615761785
5930,0.1,-0.11111041314956911,3.3172365946931125e-10,1.8213282501221773e-5,4.353298655636946e-5,0.11111041314956911,-0.11110938801318751
5931,0.1,-0.11111043847247919,5.028411218819586e-10,2.242411919969118e-5,4.32752663742432e-5,0.11111043847247919,-0.11110938982538984
5932,0.1,-0.11111046413925918,7.079677654080321e-10,2.6607663659330034e-5,4.297922484370734e-5,0.11111046413925918,-0.11110939158777215
5933,0.1,-0.11111049016651979,9.458323112803488e-10,3.0754386862370525e-5,4.26451305926719e-5,0.11111049016651979,-0.11110939329411093
5934,0.1,-0.11111051656800851,1.2150503012824556e-9,3.4857571649247966e-5,4.2273321817418674e-5,0.11111051656800851,-0.11110939493843656
5935,0.25,-0.11111054423431091,1.5057454572590104e-9,3.8803936105233064e-5,4.186619660739957e-5,0.11111054423431091,-0.11110939624698349
5936,0.625,-0.11111057502947455,1.7914355323087071e-9,4.232535330400335e-5,4.085776883477676e-5,0.11111057502947455,-0.11110939660518412
5937,1.5625,-0.11111061308875547,1.998902231956355e-9,4.470908444551683e-5,3.822993803978987e-5,0.11111061308875547,-0.11110939445029978
5938,3.90625,-0.11111066433913695,1.949208561648997e-9,4.4149842147498066e-5,3.145357973139511e-5,0.11111066433913695,-0.11110938676714649
5939,9.765625,-0.1111107162916581,1.3411083782829446e-9,3.6621146599785006e-5,1.5716244595367947e-5,0.1111107162916581,-0.11110937281158582
5940,24.4140625,-0.11111062272733939,2.714105695727525e-10,1.647454307629661e-5,2.3957014604906956e-5,0.11111062272733939,-0.11110937086906485
5941,9.765625,-0.11111047376956448,5.94891983376425e-11,7.712924110714593e-6,6.148045860235892e-5,0.11111047376956448,-0.11110937600294843
5942,3.90625,-0.11111037259906456,1.3575985810764312e-11,3.684560463713998e-6,6.781051729755804e-5,0.11111037259906456,-0.11110938092034643
5943,1.5625,-0.11111028159950291,6.517324636792282e-11,8.072994882193523e-6,6.745094321340208e-5,0.11111028159950291,-0.11110938537117392
5944,0.625,-0.11111019386587424,2.0111705631010986e-10,1.4181574535646945e-5,6.619592729721497e-5,0.11111019386587424,-0.11110938958076592
5945,0.25,-0.11111010732694798,4.1849614826710776e-10,2.045717840434276e-5,6.522036659116118e-5,0.11111010732694798,-0.11110939369733261
5946,0.1,-0.11111002128876835,7.165501234323811e-10,2.6768453885728646e-5,6.460271250534882e-5,0.11111002128876835,-0.11110939778466547
5947,0.1,-0.11110993599237336,1.0926986404390268e-9,3.305599250421967e-5,6.422718371977413e-5,0.11110993599237336,-0.11110940177743833
5948,0.1,-0.11110985153423132,1.5444426299507344e-9,3.9299397322996374e-5,6.379388675968505e-5,0.11110985153423132,-0.11110940566123505
5949,0.1,-0.11110976800886468,2.0690187077168845e-9,4.548646730310988e-5,6.330323643005624e-5,0.11110976800886468,-0.11110940942214349
5950,0.1,-0.111109685508696,2.663410873802961e-9,5.160824424259133e-5,6.275574200535831e-5,0.111109685508696,-0.11110941304681018
5951,0.25,-0.1111096065027687,3.306081495538217e-9,5.749853472514075e-5,6.215483721493388e-5,0.1111096065027687,-0.1111094159333165
5952,0.625,-0.1111095368961559,3.939151083904145e-9,6.27626567626335e-5,6.065729359975608e-5,0.1111095368961559,-0.11110941672681462
5953,1.5625,-0.11110949219339794,4.402330769207839e-9,6.635006231502605e-5,5.674119960589407e-5,0.11110949219339794,-0.11110941197535952
5954,3.90625,-0.11110950992854687,4.302870506126528e-9,6.559626899547357e-5,4.6599506713245025e-5,0.11110950992854687,-0.11110939498602672
5955,9.765625,-0.11110966298157766,2.974743245321091e-9,5.4541206856111015e-5,2.257382649108834e-5,0.11110966298157766,-0.1111093639374131
5956,24.4140625,-0.11111000817578279,6.101703259245654e-10,2.4701625977343382e-5,3.422395898486659e-5,0.11111000817578279,-0.11110935913133516
5957,9.765625,-0.11111016089692399,1.3286977431152187e-10,1.1526915212298643e-5,9.114146895007671e-5,0.11111016089692399,-0.11110937046432896
5958,3.90625,-0.11111029486677908,2.507486432023427e-11,5.0074808357331e-6,0.00010084996822634672,0.11111029486677908,-0.11110938138333502
5959,1.5625,-0.11111042026278989,1.3434303487200228e-10,1.1590644282006168e-5,0.00010042172883443448,0.11111042026278989,-0.11110939127299721
5960,0.625,-0.11111054278724701,4.312244645016951e-10,2.0765944825644102e-5,9.859355640849787e-5,0.11111054278724701,-0.11110940062383237
5961,0.25,-0.11111066447191235,9.091775307907105e-10,3.0152570881944885e-5,9.715610897925265e-5,0.11111066447191235,-0.11110940976483906
5962,0.1,-0.11111078604720759,1.566493960968939e-9,3.9578958563470806e-5,9.624199102780457e-5,0.11111078604720759,-0.11110941883889801
5963,0.1,-0.11111090735025142,2.3975326287258065e-9,4.8964605877366216e-5,9.568475155202735e-5,0.11111090735025142,-0.1111094277038903
5964,0.1,-0.11111102826083753,3.3967991542570427e-9,5.8282065459771096e-5,9.504108731719906e-5,0.11111102826083753,-0.11110943632768948
5965,0.1,-0.11111114865652617,4.55821205500431e-9,6.751453217644562e-5,9.431162018373145e-5,0.11111114865652617,-0.111109444679286
5966,0.1,-0.11111126841292222,5.875128503011445e-9,7.664938684041409e-5,9.34971065508468e-5,0.11111126841292222,-0.11110945272890534
5967,0.25,-0.11111138495375332,7.300246466185491e-9,8.544147977525606e-5,9.260263958933965e-5,0.11111138495375332,-0.11110945914637858
5968,0.625,-0.11111149185501511,8.706297276338016e-9,9.330754136905557e-5,9.037323460260036e-5,0.11111149185501511,-0.11110946093251842
5969,1.5625,-0.11111157165441762,9.740457710991277e-9,9.869375720374251e-5,8.453956655155819e-5,0.11111157165441762,-0.11110945043512274
5970,3.90625,-0.11111157952123701,9.536547603324086e-9,9.765524872388624e-5,6.940350387642538e-5,0.11111157952123701,-0.11110941276317209
5971,9.765625,-0.11111141556448716,6.617417424036196e-9,8.134751025099782e-5,3.316635777856034e-5,0.11111141556448716,-0.11110934357792204
5972,24.4140625,-0.11111091070131095,1.0569782143440084e-10,1.0280944578899395e-5,4.881249792381571e-5,0.11111091070131095,-0.11110938408136864
5973,9.765625,-0.11111001873600813,1.1105664200049055e-10,1.0538341520395443e-5,2.7840271616309493e-5,0.11111001873600813,-0.1111093833920774
5974,3.90625,-0.11110968142497098,1.2631992433676455e-10,1.1239213688544433e-5,1.9036144448325058e-5,0.11110968142497098,-0.11110938314227038
5975,1.5625,-0.11110941017743933,1.4551444019881356e-10,1.2062936632462825e-5,1.538355808323533e-5,0.11110941017743933,-0.11110938311256355
5976,0.625,-0.11110915604482612,1.6810521811087676e-10,1.2965539638244015e-5,1.3815827582760055e-5,0.11110915604482612,-0.11110938318425902
5977,1.5625,-0.11110900304833203,1.8232950165732372e-10,1.350294418478147e-5,1.3098079834389386e-5,0.11110900304833203,-0.11110938303126816
5978,3.90625,-0.1111091203333014,1.6852554597147815e-10,1.2981738942509903e-5,1.1421285393997558e-5,0.1111091203333014,-0.11110938242106046
5979,9.765625,-0.11110977527168643,1.0273793181986472e-10,1.0135972169449989e-5,8.798918399994027e-6,0.11110977527168643,-0.11110938144994237
5980,24.4140625,-0.11111058929255863,1.9026617062089692e-11,4.361951061404712e-6,1.1943871647885896e-5,0.11111058929255863,-0.11110938157825948
5981,9.765625,-0.11111024042066475,5.845332471186482e-12,2.417712239119139e-6,1.9519167494277007e-5,0.11111024042066475,-0.11110938204513712
5982,3.90625,-0.11111012579704187,5.777035216647295e-12,2.4035463832943386e-6,2.0356982674053267e-5,0.11111012579704187,-0.11110938245542343
5983,1.5625,-0.11111003936094918,1.3053276099642755e-11,3.612931787294462e-6,1.9889717465549508e-5,0.11111003936094918,-0.1111093828268475
5984,0.625,-0.111109960137905,2.6778744817707293e-11,5.174818336686544e-6,1.9387984483036575e-5,0.111109960137905,-0.11110938318133312
5985,0.25,-0.11110988310811637,4.6759544007527535e-11,6.838095056923934e-6,1.9045339170916184e-5,0.11110988310811637,-0.11110938352991274
5986,0.1,-0.1111098067728077,7.293190972711528e-11,8.540018133886794e-6,1.8833300880591178e-5,0.1111098067728077,-0.11110938387663584
5987,0.1,-0.11110973291742184,1.0501977954717979e-10,1.0247915863588059e-5,1.8701313808818645e-5,0.11110973291742184,-0.11110938421445085
5988,0.1,-0.11110966180921093,1.4278187717330632e-10,1.1949137089066572e-5,1.8556860046350814e-5,0.11110966180921093,-0.1111093845423965
5989,0.1,-0.11110959370399465,1.859590362484516e-10,1.3636679810292958e-5,1.8399817548841225e-5,0.11110959370399465,-0.11110938485954545
5990,0.1,-0.11110952884537612,2.342751427464059e-10,1.530604922069722e-5,1.8230144668976268e-5,0.11110952884537612,-0.11110938516500676
5991,0.25,-0.11110947635029826,2.85726600058636e-10,1.6903449353863727e-5,1.80491695945344e-5,0.11110947635029826,-0.1111093854075571
5992,0.625,-0.11110945665359603,3.3507426149373507e-10,1.8305033774722597e-5,1.7625617041775993e-5,0.11110945665359603,-0.11110938547519165
5993,1.5625,-0.11110952005415728,3.6816927313586604e-10,1.9187737572102292e-5,1.6558473445016027e-5,0.11110952005415728,-0.11110938508845866
5994,3.90625,-0.11110977106048556,3.5185759412132595e-10,1.87578675259563e-5,1.392264501289412e-5,0.11110977106048556,-0.11110938373019966
5995,9.765625,-0.1111103134518461,2.3558376596854324e-10,1.5348738253307444e-5,8.743640086990978e-6,0.1111103134518461,-0.11110938135137732
5996,24.4140625,-0.11111067667934976,4.744810377132351e-11,6.88825839899488e-6,1.2749786719685306e-5,0.11111067667934976,-0.11110938115437838
5997,9.765625,-0.11111043767394928,1.2168798325405122e-11,3.4883804731429628e-6,2.6731609981502814e-5,0.11111043767394928,-0.11110938208230167
5998,3.90625,-0.11111033764727961,5.957315223414813e-12,2.4407611975395737e-6,2.9020198119426585e-5,0.11111033764727961,-0.11110938296090433
5999,1.5625,-0.11111025695731379,1.66626960073499e-11,4.081996571207514e-6,2.873674328640805e-5,0.11111025695731379,-0.11110938375925805
6000,0.625,-0.11111018160996157,4.2028997564779295e-11,6.48297752308145e-6,2.8157857757686055e-5,0.11111018160996157,-0.11110938451732842
6001,0.25,-0.11111010799449847,8.155434757965061e-11,9.030744575042006e-6,2.7723860890521558e-5,0.11111010799449847,-0.11110938526007882
6002,0.1,-0.11111003497326273,1.3509646428875252e-10,1.1623100459376256e-5,2.744937921919817e-5,0.11111003497326273,-0.11110938599790401
6003,0.1,-0.11110996314603172,2.0216096587647942e-10,1.4218332035667173e-5,2.7279802619650278e-5,0.11110996314603172,-0.11110938671820875
6004,0.1,-0.11110989267935363,2.8228041345749895e-10,1.6801202738420216e-5,2.708756789844819e-5,0.11110989267935363,-0.11110938741856706
6005,0.1,-0.11110982373490619,3.749425253953331e-10,1.9363432686260282e-5,2.687278768006154e-5,0.11110982373490619,-0.11110938809663876
6006,0.1,-0.11110975646904152,4.7959220967096e-10,2.1899593824337472e-5,2.6635632935390963e-5,0.11110975646904152,-0.11110938875018143
6007,0.25,-0.11110969549014006,5.922885174824957e-10,2.4336978396721637e-5,2.637768071507862e-5,0.11110969549014006,-0.11110938927183153
6008,0.625,-0.11110965151893767,7.025139243953139e-10,2.6504979237783114e-5,2.575107504141952e-5,0.11110965151893767,-0.11110938942189269
6009,1.5625,-0.111109651663826,7.813068574749722e-10,2.795186679767511e-5,2.413556925659038e-5,0.111109651663826,-0.11110938859331836
6010,3.90625,-0.1111097553388693,7.583962193474548e-10,2.753899452317486e-5,2.0022207927645844e-5,0.1111097553388693,-0.1111093856261222
6011,9.765625,-0.11111003946804111,5.176851740395375e-10,2.275269597299488e-5,1.0978293404136194e-5,0.11111003946804111,-0.11110938028407101
6012,24.4140625,-0.11111034207367068,1.0372087539782498e-10,1.0184344622891794e-5,1.631137948977937e-5,0.11111034207367068,-0.11110937965796486
6013,9.765625,-0.11111030544673073,2.386259246694949e-11,4.884935257191183e-6,3.864000316093808e-5,0.11111030544673073,-0.11110938165588427
6014,3.90625,-0.11111031986833729,7.765439931319076e-12,2.786653895143614e-6,4.236615889649712e-5,0.11111031986833729,-0.11110938355862454
6015,1.5625,-0.11111033874207296,2.9065966741055246e-11,5.391286186157738e-6,4.206946395219696e-5,0.11111033874207296,-0.11110938528225134
6016,0.625,-0.11111035855963086,8.274404277941311e-11,9.096375254980036e-6,4.12622998251513e-5,0.11111035855963086,-0.11110938691459303
6017,0.25,-0.11111037866245907,1.676909933334526e-10,1.2949555719539285e-5,4.064478292337302e-5,0.11111037866245907,-0.11110938851210465
6018,0.1,-0.11111039888221214,2.8361152524151863e-10,1.6840769734234794e-5,4.025509726629736e-5,0.11111039888221214,-0.11110939009876111
6019,0.1,-0.11111041943468204,4.294818895547382e-10,2.0723944835738637e-5,4.001771540865043e-5,0.11111041943468204,-0.1111093916484677
6020,0.1,-0.11111044034339275,6.043193230276432e-10,2.458290713133097e-5,3.974503593262665e-5,0.11111044034339275,-0.11110939315572808
6021,0.1,-0.11111046162918088,8.070400216068426e-10,2.840844982759254e-5,3.9437309785824206e-5,0.11111046162918088,-0.11110939461524098
6022,0.1,-0.11111048331009499,1.0364636927247332e-9,3.2194156189046685e-5,3.909485266426117e-5,0.11111048331009499,-0.1111093960219213
6023,0.25,-0.11111050635847525,1.2841630689582385e-9,3.583522106752292e-5,3.871987394032574e-5,0.11111050635847525,-0.11110939714232598
6024,0.625,-0.11111053284665576,1.5275440647100472e-9,3.90838082165754e-5,3.779092767913969e-5,0.11111053284665576,-0.11110939745257098
6025,1.5625,-0.111110567485029,1.704147544579804e-9,4.128132198197877e-5,3.5370666433063846e-5,0.111110567485029,-0.11110939562078452
6026,3.90625,-0.11111061771899679,1.6613784134477815e-9,4.076000997850444e-5,2.913513469058605e-5,0.11111061771899679,-0.11110938907850523
6027,9.765625,-0.1111106746673252,1.1425783792737112e-9,3.3802046968692755e-5,1.473354538050117e-5,0.1111106746673252,-0.11110937719784379
6028,24.4140625,-0.11111059847637468,2.3124532483729671e-10,1.5206752606565832e-5,2.2315380765875155e-5,0.11111059847637468,-0.11110937555814832
6029,9.765625,-0.11111045978038035,5.106515625306832e-11,7.145988822624082e-6,5.680373130679362e-5,0.11111045978038035,-0.11110937993243993
6030,3.90625,-0.1111103670124232,1.219254108464911e-11,3.4917819354377085e-6,6.262368470522055e-5,0.1111103670124232,-0.1111093841225681
6031,1.5625,-0.111110283797973,5.632423194967394e-11,7.5049471650154836e-6,6.22860320127767e-5,0.111110283797973,-0.11110938791631228
6032,0.625,-0.11111020362631417,1.7226383395746408e-10,1.3124931769630807e-5,6.112672447608878e-5,0.11111020362631417,-0.11110939150526261
6033,0.25,-0.11111012455804178,3.5753829646774974e-10,1.8908683097131586e-5,6.022667208725529e-5,0.11111012455804178,-0.11110939501535931
6034,0.1,-0.11111004594508789,6.115034382304409e-10,2.4728595557177136e-5,5.9657237195712576e-5,0.11111004594508789,-0.11110939850076786
6035,0.1,-0.1111099680227224,9.319604341951751e-10,3.052802702755576e-5,5.931127755238653e-5,0.1111099680227224,-0.11110940190568168
6036,0.1,-0.11110989088187756,1.3167810544395189e-9,3.62874779288878e-5,5.8912036660794864e-5,0.11110989088187756,-0.1111094052178226
6037,0.1,-0.11110981461167391,1.7636117589934397e-9,4.199537782891636e-5,5.845990046440688e-5,0.11110981461167391,-0.11110940842534331
6038,0.1,-0.11110973929926189,2.269883674068776e-9,4.7643296213305563e-5,5.795534235948846e-5,0.11110973929926189,-0.11110941151687098
6039,0.25,-0.11110966728426733,2.8172347975239557e-9,5.3077629916227e-5,5.740152215384998e-5,0.11110966728426733,-0.1111094139795338
6040,0.625,-0.11110960415309101,3.356322584572776e-9,5.7933777578997694e-5,5.602078780325927e-5,0.11110960415309101,-0.11110941465914986
6041,1.5625,-0.11110956454575914,3.750512626562502e-9,6.124142900490241e-5,5.2410057278916176e-5,0.11110956454575914,-0.11110941061549615
6042,3.90625,-0.11110958373625279,3.6650887080109694e-9,6.05399761150512e-5,4.3062897000539346e-5,0.11110958373625279,-0.11110939615011017
6043,9.765625,-0.11110972916212934,2.532831868763608e-9,5.032724777656342e-5,2.098101189672255e-5,0.11110972916212934,-0.11110936972386055
6044,24.4140625,-0.11111004721171815,5.191957974464076e-10,2.2785868371567662e-5,3.174515002812915e-5,0.11111004721171815,-0.1111093656630992
6045,9.765625,-0.1111101831788124,1.1339968904620339e-10,1.0648929009351288e-5,8.414030323844763e-5,0.1111101831788124,-0.11110937531338733
6046,3.90625,-0.11111030359269237,2.2044451779488464e-11,4.695151944238702e-6,9.307476876716704e-5,0.11111030359269237,-0.11110938460898778
6047,1.5625,-0.1111104164088733,1.1540882413667908e-10,1.0742849907574763e-5,9.267223075398284e-5,0.1111104164088733,-0.11110939302895738
6048,0.625,-0.11111052665883998,3.68446626445084e-10,1.9194963569777465e-5,9.098327710559317e-5,0.11111052665883998,-0.1111094009909417
6049,0.25,-0.11111063614867027,7.755993071854544e-10,2.7849583608834342e-5,8.965660229646087e-5,0.11111063614867027,-0.11110940877476483
6050,0.1,-0.11111074552884125,1.3354178616422694e-9,3.65433695989063e-5,8.881335254759639e-5,0.11111074552884125,-0.11110941650187157
6051,0.1,-0.11111085465603791,2.0430968521667644e-9,4.5200628891275e-5,8.829954278796693e-5,0.11111085465603791,-0.11110942405102829
6052,0.1,-0.11111096342348266,2.893958251671164e-9,5.379552259873645e-5,8.770599714322835e-5,0.11111096342348266,-0.1111094313948863
6053,0.1,-0.11111107172241697,3.882823915522623e-9,6.231230950239787e-5,8.703329276533436e-5,0.11111107172241697,-0.11110943850704802
6054,0.1,-0.11111117944234623,5.0040375364026745e-9,7.073922205115543e-5,8.628213099876748e-5,0.11111117944234623,-0.11110944536216831
6055,0.25,-0.1111112842948598,6.2172952878053686e-9,7.88498274430919e-5,8.545720333412313e-5,0.1111112842948598,-0.1111094508274712
6056,0.625,-0.11111138057005926,7.414164264172755e-9,8.610554142546667e-5,8.34007242972092e-5,0.11111138057005926,-0.11110945234921871
6057,1.5625,-0.11111145272829258,8.294062871958306e-9,9.107174573905073e-5,7.801951403739628e-5,0.11111145272829258,-0.11110944341254972
6058,3.90625,-0.11111146075405919,8.119193245002399e-9,9.010656604822092e-5,6.406023962643085e-5,0.11111146075405919,-0.11110941134388018
6059,9.765625,-0.11111131473731509,5.632023415637895e-9,7.504680816422438e-5,3.0686600418752386e-5,0.11111131473731509,-0.11110935247260388
6060,24.4140625,-0.11111084371430477,9.064112184368251e-11,9.520563105388384e-6,4.518154203877168e-5,0.11111084371430477,-0.11110938699626086
6061,9.765625,-0.1111100524043321,9.527756011618804e-11,9.761022493375786e-6,2.580730985729513e-5,0.1111100524043321,-0.11110938640552752
6062,3.90625,-0.11110975396392644,1.0818902966828275e-10,1.0401395563494485e-5,1.7740647907594945e-5,0.11110975396392644,-0.11110938619665765
6063,1.5625,-0.11110951401367448,1.2443129730784645e-10,1.1154877736122725e-5,1.4424056572665736e-5,0.11110951401367448,-0.11110938617723437
6064,0.625,-0.11110928920173928,1.4354450267485342e-10,1.1981005912478861e-5,1.301029065999797e-5,0.11110928920173928,-0.1111093862448483
6065,1.5625,-0.11110915416855084,1.5556988700106032e-10,1.2472765812002578e-5,1.236545987329725e-5,0.11110915416855084,-0.11110938612113255
6066,3.90625,-0.11110925893805128,1.4388700653434769e-10,1.1995291014991996e-5,1.086772520788062e-5,0.11110925893805128,-0.11110938560753175
6067,9.765625,-0.11110984023308304,8.806313706301515e-11,9.384196133021472e-6,8.55633247309902e-6,0.11110984023308304,-0.11110938478252788
6068,24.4140625,-0.11111056028011923,1.666507004222754e-11,4.082287354195873e-6,1.1353625572821498e-5,0.11111056028011923,-0.11110938488830005
6069,9.765625,-0.11111025189394054,5.498607084938841e-12,2.344910890617987e-6,1.8210686025922274e-5,0.11111025189394054,-0.11110938528748358
6070,3.90625,-0.11111015151049253,5.449477834762262e-12,2.334411667800318e-6,1.8973652372247883e-5,0.11111015151049253,-0.1111093856418496
6071,1.5625,-0.11111007601085833,1.1650033640653058e-11,3.4132145611802753e-6,1.8546840365327796e-5,0.11111007601085833,-0.11110938596439629
6072,0.625,-0.1111100068671855,2.333934982040895e-11,4.831081640834581e-6,1.8089046991460025e-5,0.1111100068671855,-0.1111093862730362
6073,0.25,-0.11110993965383349,4.03525777750456e-11,6.352367887256341e-6,1.777665619999368e-5,0.11110993965383349,-0.1111093865768606
6074,0.1,-0.11110987305088492,6.263557117216644e-11,7.914263779541748e-6,1.7583481263789363e-5,0.11110987305088492,-0.11110938687919382
6075,0.1,-0.11110980864252355,8.995410646470818e-11,9.484413870382722e-6,1.7463322167582385e-5,0.11110980864252355,-0.11110938717395052
6076,0.1,-0.1111097466645684,1.2210330699196557e-10,1.1050036515413222e-5,1.7331801867573776e-5,0.1111097466645684,-0.11110938746031153
6077,0.1,-0.11110968734268313,1.5886306207059007e-10,1.260408910118419e-5,1.718881714622756e-5,0.11110968734268313,-0.1111093877374857
6078,0.1,-0.11110963089168491,1.9999882255026147e-10,1.4142093994534948e-5,1.7034338626314123e-5,0.11110963089168491,-0.1111093880047148
6079,0.25,-0.11110958537511069,2.4380899236440345e-10,1.561438414937981e-5,1.686958216572725e-5,0.11110958537511069,-0.11110938821830435
6080,0.625,-0.11110956885815446,2.858424464440467e-10,1.690687571504702e-5,1.6483961451179113e-5,0.11110956885815446,-0.11110938828275758
6081,1.5625,-0.11110962578377462,3.1407066948568393e-10,1.772203908938483e-5,1.5513202291382113e-5,0.11110962578377462,-0.1111093879597386
6082,3.90625,-0.11110984836776822,3.002663688815561e-10,1.73281957768706e-5,1.312328795608743e-5,0.11110984836776822,-0.11110938680767468
6083,9.765625,-0.11111032738821523,2.0123719011610117e-10,1.4185809462843534e-5,8.494996643857072e-6,0.11111032738821523,-0.11110938478268395
6084,24.4140625,-0.11111064328372057,4.086671260122803e-11,6.3927077675448325e-6,1.2074144517947912e-5,0.11111064328372057,-0.11110938461227692
6085,9.765625,-0.11111042993457365,1.0880231502489313e-11,3.2985195925580484e-6,2.4820453161997777e-5,0.11111042993457365,-0.11110938540474312
6086,3.90625,-0.11111034011137319,5.624890886490112e-12,2.3716852418670803e-6,2.6915235316796728e-5,0.11111034011137319,-0.11110938615791159
6087,1.5625,-0.11111026749526767,1.477342018248444e-11,3.843620712620385e-6,2.6652668250661985e-5,0.11111026749526767,-0.11110938684393279
6088,0.625,-0.11111019963648727,3.640703359655923e-11,6.033824127082197e-6,2.6120347867139246e-5,0.11111019963648727,-0.1111093874961626
6089,0.25,-0.11111013331983144,7.009922044643422e-11,8.372527721449134e-6,2.5721705792888912e-5,0.11111013331983144,-0.11110938813556878
6090,0.1,-0.11111006753177043,1.1572926578276218e-10,1.0757753751725412e-5,2.5469757490320675e-5,0.11111006753177043,-0.11110938877087806
6091,0.1,-0.1111100028074433,1.7287588451082032e-10,1.3148227428471882e-5,2.531419921480016e-5,0.1111100028074433,-0.11110938939126777
6092,0.1,-0.11110993929542874,2.411409647653659e-10,1.5528714201934617e-5,2.5137849893490657e-5,0.11110993929542874,-0.11110938999467063
6093,0.1,-0.11110987713999249,3.2008817753645605e-10,1.7891008287306116e-5,2.494081839646596e-5,0.11110987713999249,-0.11110939057909353
6094,0.1,-0.11110981648068013,4.092447077634555e-10,2.022979752156347e-5,2.472326791317159e-5,0.11110981648068013,-0.11110939114262622
6095,0.25,-0.11110976142773264,5.05251310984165e-10,2.2477795954767562e-5,2.4486649617245236e-5,0.11110976142773264,-0.11110939159370302
6096,0.625,-0.11110972154432702,5.991431579981903e-10,2.4477400964934784e-5,2.39117979449326e-5,0.11110972154432702,-0.11110939172797951
6097,1.5625,-0.1111097210174882,6.662346414402437e-10,2.581152148634876e-5,2.243040174920707e-5,0.1111097210174882,-0.11110939102799383
6098,3.90625,-0.1111098128929857,6.466315732676536e-10,2.542895147794446e-5,1.8665732240897746e-5,0.1111098128929857,-0.11110938850505431
6099,9.765625,-0.11111006609118175,4.41404786745813e-10,2.1009635569086223e-5,1.047464110586994e-5,0.11111006609118175,-0.11110938395794781
6100,24.4140625,-0.11111033775298437,8.874159366820578e-11,9.420275668376472e-6,1.5307631602297702e-5,0.11111033775298437,-0.11110938342468861
6101,9.765625,-0.11111030763211088,2.0819449957383966e-11,4.562833544781572e-6,3.576134578865194e-5,0.11111030763211088,-0.11110938512820513
6102,3.90625,-0.11111032244379584,7.173606521972119e-12,2.6783589232909243e-6,3.918408339030733e-5,0.11111032244379584,-0.11110938675299961
6103,1.5625,-0.11111034104632742,2.53658274983653e-11,5.036449890385618e-6,3.8908228383225005e-5,0.11111034104632742,-0.11110938822643047
6104,0.625,-0.11111036043073254,7.112507103007871e-11,8.433568107869808e-6,3.8164191917873496e-5,0.11111036043073254,-0.1111093896226638
6105,0.25,-0.11111038004753876,1.4350895755375385e-10,1.1979522425946448e-5,3.7595485887628284e-5,0.11111038004753876,-0.1111093909894822
6106,0.1,-0.1111103997595575,2.4226698355147625e-10,1.5564927996989778e-5,3.7236801386542156e-5,0.1111103997595575,-0.11110939234717246
6107,0.1,-0.11111041975675062,3.6652696970153087e-10,1.914489408958772e-5,3.7018422064333736e-5,0.11111041975675062,-0.11110939367340553
6108,0.1,-0.11111044005837023,5.154520338954199e-10,2.2703568748005675e-5,3.6767546735475675e-5,0.11111044005837023,-0.11110939496349966
6109,0.1,-0.11111046068128992,6.881191857366193e-10,2.623202595562568e-5,3.648441092720086e-5,0.11111046068128992,-0.11110939621294051
6110,0.1,-0.11111048163992719,8.835232068247769e-10,2.9724118268247706e-5,3.616931027255686e-5,0.11111048163992719,-0.11110939741739699
6111,0.25,-0.11111050376124082,1.0944819037199397e-9,3.3082954881931866e-5,3.5824278828052906e-5,0.11111050376124082,-0.11110939837793139
6112,0.625,-0.11111052879504342,1.3017400237170386e-9,3.6079634473162815e-5,3.4969348607215926e-5,0.11111052879504342,-0.11110939864820231
6113,1.5625,-0.11111056067904652,1.4520714085500674e-9,3.810605474921364e-5,3.2742323022924916e-5,0.11111056067904652,-0.11110939709359649
6114,3.90625,-0.11111060539315439,1.4154565523800225e-9,3.762255377270425e-5,2.7010104196863256e-5,0.11111060539315439,-0.11110939152653888
6115,9.765625,-0.11111065361644258,9.733087345671968e-10,3.119789631637359e-5,1.3849381731595436e-5,0.11111065361644258,-0.11110938141414942
6116,24.4140625,-0.11111057901379705,1.9721215322809384e-10,1.404322445979177e-5,2.078806360917501e-5,0.11111057901379705,-0.11110938002210181
6117,9.765625,-0.11111045250472036,4.3949105780444644e-11,6.629412174578124e-6,5.2484862408734115e-5,0.11111045250472036,-0.11110938374848414
6118,3.90625,-0.11111036739051808,1.0961006132674674e-11,3.3107410247065043e-6,5.784061744818452e-5,0.11111036739051808,-0.11110938731982808
6119,1.5625,-0.11111029095737564,4.8625462571624224e-11,6.973196008404197e-6,5.752634716489696e-5,0.11111029095737564,-0.11110939055481442
6120,0.625,-0.11111021729068028,1.4741718088013128e-10,1.2141547713538472e-5,5.645677714589102e-5,0.11111021729068028,-0.11110939361602006
6121,0.25,-0.1111101446236158,3.052339776290445e-10,1.74709466723771e-5,5.562699667841474e-5,0.1111101446236158,-0.11110939661037973
6122,0.1,-0.11111007236499848,5.215293746110947e-10,2.2837017638279626e-5,5.510226864713227e-5,0.11111007236499848,-0.11110939958387057
6123,0.1,-0.11111000072818744,7.944309251220232e-10,2.8185651050171313e-5,5.478363196541023e-5,0.11111000072818744,-0.11110940248885227
6124,0.1,-0.11110992979645473,1.122126939575925e-9,3.349816322689835e-5,5.4415874072819874e-5,0.11110992979645473,-0.1111094053148703
6125,0.1,-0.11110985965148694,1.502613763364869e-9,3.876356231520613e-5,5.399935414518553e-5,0.11110985965148694,-0.11110940805183574
6126,0.1,-0.11110979037324152,1.9337042771700076e-9,4.3973904502215945e-5,5.35345122939949e-5,0.11110979037324152,-0.11110941069006514
6127,0.25,-0.11110972409632983,2.399755205758391e-9,4.8987296371185775e-5,5.3024257633981585e-5,0.11110972409632983,-0.11110941279271641
6128,0.625,-0.11110966592164286,2.8587306286197567e-9,5.3467098561823574e-5,5.175178733677551e-5,0.11110966592164286,-0.11110941337684767
6129,1.5625,-0.11110962922560877,3.194234223835047e-9,5.651755677517427e-5,4.842423600485689e-5,0.11110962922560877,-0.11110940993867632
6130,3.90625,-0.11110964627369964,3.1211614677907074e-9,5.586735601217143e-5,3.9813903408636846e-5,0.11110964627369964,-0.11110939762660793
6131,9.765625,-0.11110977892807444,2.156552832092565e-9,4.643869972439544e-5,1.953366186673664e-5,0.11110977892807444,-0.11110937513495148
6132,24.4140625,-0.11111007070045392,4.421308517409494e-10,2.1026907802645388e-5,2.944046876539462e-5,0.11111007070045392,-0.11110937168982202
6133,9.765625,-0.11111019623949799,9.695602109139432e-11,9.846624857858368e-6,7.767941116994407e-5,0.11111019623949799,-0.11110937990668798
6134,3.90625,-0.11111030719209894,1.9385657007294406e-11,4.402914603679522e-6,8.590840729285151e-5,0.11111030719209894,-0.11110938782229528
6135,1.5625,-0.11111041109986815,9.902437908335985e-11,9.95109939068844e-6,8.553345917651003e-5,0.11111041109986815,-0.11110939499355178
6136,0.625,-0.11111051262072486,3.1456466434057037e-10,1.773597091620784e-5,8.397464582034762e-5,0.11111051262072486,-0.11110940177559274
6137,0.25,-0.11111061342248046,6.612805929080857e-10,2.5715376584994546e-5,8.275090473340258e-5,0.11111061342248046,-0.1111094084063307
6138,0.1,-0.11111071410505345,1.137941939147783e-9,3.3733395013662395e-5,8.197335125585635e-5,0.11111071410505345,-0.11110941498898796
6139,0.1,-0.11111081453726042,1.7404571762266186e-9,4.171878684989077e-5,8.149973965567053e-5,0.11111081453726042,-0.11110942142020183
6140,0.1,-0.11111091462147765,2.4648444162005384e-9,4.9647199479935805e-5,8.095257858386175e-5,0.11111091462147765,-0.11110942767669044
6141,0.1,-0.11111101425837948,3.3066958356447583e-9,5.750387670100824e-5,8.033240353629981e-5,0.11111101425837948,-0.111109433735981
6142,0.1,-0.11111111334715766,4.2611963791099124e-9,6.527783987778634e-5,7.96398646611428e-5,0.11111111334715766,-0.1111094395764971
6143,0.25,-0.11111120978864203,5.294020430073682e-9,7.276001944800236e-5,7.887928366928999e-5,0.11111120978864203,-0.11110944423372049
6144,0.625,-0.11111129834803954,6.312821045381657e-9,7.945326327710937e-5,7.698285430950963e-5,0.11111129834803954,-0.11110944553344251
6145,1.5625,-0.11111136478130222,7.061618244460814e-9,8.403343527704204e-5,7.202039475010582e-5,0.11111136478130222,-0.11110943792940539
6146,3.90625,-0.11111137239845087,6.9121537289031195e-9,8.313936329382804e-5,5.9150033380008956e-5,0.11111137239845087,-0.11110941063418829
6147,9.765625,-0.11111123862060299,4.793929227527061e-9,6.923820641471773e-5,2.8424763137957176e-5,0.11111123862060299,-0.11110936053304667
6148,24.4140625,-0.11111080293278712,7.783575869208167e-11,8.822457633340138e-6,4.1807122786041854e-5,0.11111080293278712,-0.11110938994891834
6149,9.765625,-0.11111007826171201,8.177082454775429e-11,9.042722186806045e-6,2.396518816901334e-5,0.11111007826171201,-0.11110938944615295
6150,3.90625,-0.11110980507512985,9.274109605251574e-11,9.630217861113826e-6,1.6585883151543793e-5,0.11110980507512985,-0.11110938927299202
6151,1.5625,-0.11110958543033811,1.0655021156305803e-10,1.0322316191778762e-5,1.3575582055915542e-5,0.11110958543033811,-0.11110938926268647
6152,0.625,-0.11110937964016611,1.2280397433059117e-10,1.108169546281575e-5,1.2300207696847531e-5,0.11110937964016611,-0.1111093893270791
6153,1.5625,-0.11110925607167266,1.330243295640118e-10,1.1533617366811325e-5,1.1720534768784359e-5,0.11110925607167266,-0.11110938922807538
6154,3.90625,-0.11110935209324997,1.2306751334747154e-10,1.1093579825623086e-5,1.0381222670926766e-5,0.11110935209324997,-0.11110938879588615
6155,9.765625,-0.11110988434157776,7.551924343059927e-11,8.690180862939463e-6,8.342422148309493e-6,0.11110988434157776,-0.11110938809557885
6156,24.4140625,-0.11111054289128136,1.4689468127089813e-11,3.832684193498052e-6,1.0823803642650288e-5,0.11111054289128136,-0.11110938818128445
6157,9.765625,-0.11111026036910057,5.2035764669065994e-12,2.2811349076515836e-6,1.701977049297404e-5,0.11111026036910057,-0.111109388523247
6158,3.90625,-0.11111016852760341,5.175180585812603e-12,2.2749023244554047e-6,1.7712128046056237e-5,0.11111016852760341,-0.11110938883002605
6159,1.5625,-0.11111009946539914,1.0466601269847725e-11,3.235212708593938e-6,1.7321671964643385e-5,0.11111009946539914,-0.11110938911093475
6160,0.625,-0.11111003621870667,2.0430783476515503e-11,4.520042419769477e-6,1.6904002492349134e-5,0.11111003621870667,-0.1111093893805061
6161,0.25,-0.11110997473740944,3.492768722940439e-11,5.909965078526639e-6,1.6619318565993115e-5,0.11110997473740944,-0.11110938964618512
6162,0.1,-0.11110991381389727,5.3911372061029426e-11,7.342436384540858e-6,1.6443414205572376e-5,0.11110991381389727,-0.11110938991068127
6163,0.1,-0.11110985490047472,7.71823881923154e-11,8.785350772297906e-6,1.6334064071854643e-5,0.11110985490047472,-0.11110939016872665
6164,0.1,-0.11110979821303675,1.0456631393510166e-10,1.022576715631163e-5,1.6214383868199723e-5,0.11110979821303675,-0.11110939041962387
6165,0.1,-0.11110974395817053,1.3587574367841138e-10,1.1656575126443075e-5,1.6084287765346014e-5,0.11110974395817053,-0.11110939066269909
6166,0.1,-0.11110969233252223,1.709109659724573e-10,1.3073292086251929e-5,1.5943757920606904e-5,0.11110969233252223,-0.1111093908973062
6167,0.25,-0.11110965072240533,2.0822248975661214e-10,1.4429916484741419e-5,1.5793908552852367e-5,0.11110965072240533,-0.111109391086145
6168,0.625,-0.11110963567400532,2.4401859915559916e-10,1.562109468493163e-5,1.544327501377905e-5,0.11110963567400532,-0.11110939114775588
6169,1.5625,-0.11110968788847567,2.680522777208082e-10,1.637230215091354e-5,1.4561668536173894e-5,0.11110968788847567,-0.11110939087884648
6170,3.90625,-0.1111098917914967,2.5627451061820255e-10,1.6008576158365944e-5,1.240007186060588e-5,0.1111098917914967,-0.11110938990264384
6171,9.765625,-0.1111103303295566,1.7188368947356145e-10,1.3110442001456757e-5,8.282052541735592e-6,0.1111103303295566,-0.11110938818046467
6172,24.4140625,-0.11111061855841661,3.528861993877648e-11,5.94042253874053e-6,1.1467576469977159e-5,0.11111061855841661,-0.11110938803149538
6173,9.765625,-0.11111042304905015,9.782306889713639e-12,3.1276679634695303e-6,2.306201316211181e-5,0.11111042304905015,-0.11110938870837583
6174,3.90625,-0.11111034082394873,5.3270964338356405e-12,2.308050353401251e-6,2.497944557207261e-5,0.11111034082394873,-0.11110938935464065
6175,1.5625,-0.11111027436597522,1.3133906577535014e-11,3.624073202562969e-6,2.4737230428220505e-5,0.11111027436597522,-0.11110938994494224
6176,0.625,-0.11111021226500223,3.15702325799292e-11,5.618739411997071e-6,2.4248501213263187e-5,0.11111021226500223,-0.11110939050697934
6177,0.25,-0.11111015157527464,6.027347650355737e-11,7.76359945537876e-6,2.3882810915518873e-5,0.11111015157527464,-0.11110939105830989
6178,0.1,-0.11111009136835352,9.914116676850167e-11,9.956965741052928e-6,2.3651816560513587e-5,0.11111009136835352,-0.11110939160624335
6179,0.1,-0.11111003213670356,1.4781446903622314e-10,1.2157897393719982e-5,2.3509267593798507e-5,0.11111003213670356,-0.11110939214147585
6180,0.1,-0.11110997401661188,2.0595440705595165e-10,1.435111170104782e-5,2.334766340003776e-5,0.11110997401661188,-0.11110939266224677
6181,0.1,-0.11110991714041722,2.7318944158625857e-10,1.652844341086778e-5,2.3167109739792696e-5,0.11110991714041722,-0.11110939316685875
6182,0.1,-0.11110986163613246,3.4911694559618853e-10,1.868467140723081e-5,2.2967762965276253e-5,0.11110986163613246,-0.11110939365368508
6183,0.25,-0.11110981127662727,4.3087473145542456e-10,2.0757522286039454e-5,2.2750958269633113e-5,0.11110981127662727,-0.1111093940446578
6184,0.625,-0.11110977483895174,5.108246620177627e-10,2.2601430530339507e-5,2.2224230513010965e-5,0.11110977483895174,-0.11110939416562744
6185,1.5625,-0.11110977451977679,5.679352347556084e-10,2.3831391792247645e-5,2.0867621041244474e-5,0.11110977451977679,-0.11110939357563478
6186,3.90625,-0.11110985898916963,5.511836748706355e-10,2.3477301268898763e-5,1.7427627203942846e-5,0.11110985898916963,-0.11110939143218117
6187,9.765625,-0.11111009141615732,3.7632454423359843e-10,1.9399086170064775e-5,1.0027712616096189e-5,0.11111009141615732,-0.1111093875631893
6188,24.4140625,-0.11111034033962938,7.602122222674027e-11,8.719014980302549e-6,1.4387274180814498e-5,0.11111034033962938,-0.11110938710640177
6189,9.765625,-0.111110312516606,1.8236678876549516e-11,4.270442468474375e-6,3.3106943715625303e-5,0.111110312516606,-0.11110938855877746
6190,3.90625,-0.11111032598677084,6.650824765008133e-12,2.57891930176346e-6,3.625173391803184e-5,0.11111032598677084,-0.11110938994682844
6191,1.5625,-0.11111034293639166,2.2165464266760563e-11,4.708021268724321e-6,3.599640710463655e-5,0.11111034293639166,-0.11110939120721468
6192,0.625,-0.1111103606021294,6.114647098216666e-11,7.819620897598978e-6,3.5311286147021206e-5,0.1111103606021294,-0.11110939240239491
6193,0.25,-0.11111037847890677,1.227924402378535e-10,1.1081175038679495e-5,3.478791391260822e-5,0.11111037847890677,-0.11110939357275341
6194,0.1,-0.11111039644044039,2.068905904437008e-10,1.4383691822466887e-5,3.4457933468172604e-5,0.11111039644044039,-0.11110939473543684
6195,0.1,-0.111110414660938,3.1269817907385387e-10,1.7683273991935256e-5,3.4257089836435526e-5,0.111110414660938,-0.11110939587134215
6196,0.1,-0.11111043315821795,4.3950271967361113e-10,2.096432015767769e-5,3.402635337214673e-5,0.11111043315821795,-0.11110939697648352
6197,0.1,-0.11111045194793599,5.865183837322961e-10,2.4218141624251356e-5,3.376594526904973e-5,0.11111045194793599,-0.11110939804701683
6198,0.1,-0.11111047104350447,7.528893065405937e-10,2.7438828446939817e-5,3.3476142579370066e-5,0.11111047104350447,-0.11110939907925563
6199,0.25,-0.11111049120549484,9.324979597051896e-10,3.053682956210729e-5,3.3158819290132505e-5,0.11111049120549484,-0.11110939990372483
6200,0.625,-0.11111051404443756,1.1089438614698531e-9,3.3300808720958314e-5,3.237252927551984e-5,0.11111051404443756,-0.11110940014027125
6201,1.5625,-0.1111105431867543,1.2368939515209197e-9,3.516950314577844e-5,3.032487871831016e-5,0.1111105431867543,-0.11110939882260165
6202,3.90625,-0.11111058414791464,1.2056202646531357e-9,3.472204292165332e-5,2.506016074937518e-5,0.11111058414791464,-0.11110939408784344
6203,9.765625,-0.11111062839618079,8.290241993331263e-10,2.879278033349899e-5,1.3052124220980966e-5,0.11111062839618079,-0.11110938548240044
6204,24.4140625,-0.11111055985329876,1.6829818782490082e-10,1.2972979142236405e-5,1.9379240861934498e-5,0.11111055985329876,-0.11110938429674012
6205,9.765625,-0.1111104437583762,3.7908890316165465e-11,6.157019596863848e-6,4.849930990114021e-5,0.1111104437583762,-0.11110938747082272
6206,3.90625,-0.1111103657280724,9.883453006231761e-12,3.143795954929607e-6,5.3429342108737e-5,0.1111103657280724,-0.11110939051534188
6207,1.5625,-0.1111102956681562,4.199059247888559e-11,6.480014851748844e-6,5.313808067322225e-5,0.1111102956681562,-0.11110939327472212
6208,0.625,-0.11111022814305334,1.261259270338282e-10,1.123057999543337e-5,5.215198136736966e-5,0.11111022814305334,-0.1111093958867128
6209,0.25,-0.11111016152958085,2.6050179712490826e-10,1.6140068064444717e-5,5.1387304426764905e-5,0.11111016152958085,-0.11110939844204741
6210,0.1,-0.11111009528461437,4.4465408305392175e-10,2.1086822497804685e-5,5.090388855294755e-5,0.11111009528461437,-0.11110940097973282
6211,0.1,-0.11111002960627371,6.769887518584792e-10,2.601900751101931e-5,5.0610428199259645e-5,0.11111002960627371,-0.11110940345911346
6212,0.1,-0.1111099645714622,9.559638151464792e-10,3.09186645110438e-5,5.027170317510315e-5,0.1111099645714622,-0.1111094058712892
6213,0.1,-0.11110990025566443,1.2798737990177586e-9,3.5775323884176906e-5,4.988804777976997e-5,0.11110990025566443,-0.11110940820767075
6214,0.1,-0.11110983673281222,1.6468569836174883e-9,4.0581485724619403e-5,4.9459871263125985e-5,0.11110983673281222,-0.11110941046001536
6215,0.25,-0.11110977597345137,2.0435922639112033e-9,4.5206108701271814e-5,4.898985378364383e-5,0.11110977597345137,-0.11110941225633773
6216,0.625,-0.11110972268621885,2.4342841346919678e-9,4.933846506218011e-5,4.781757202280297e-5,0.11110972268621885,-0.11110941275973125
6217,1.5625,-0.11110968921699413,2.7198185498274875e-9,5.2151879638489425e-5,4.4752279493328466e-5,0.11110968921699413,-0.11110940983851463
6218,3.90625,-0.11110970532585701,2.6574405045951323e-9,5.155036861745154e-5,3.682459939495522e-5,0.11110970532585701,-0.11110939936255121
6219,9.765625,-0.11110982792077705,1.8360267148105565e-9,4.284888230526622e-5,1.8214646765875576e-5,0.11110982792077705,-0.11110938022193718
6220,24.4140625,-0.1111100960739983,3.7665587955998036e-10,1.940762426367484e-5,2.730924466983111e-5,0.1111100960739983,-0.11110937729286827
6221,9.765625,-0.11111021074486811,8.29955436889785e-11,9.110189004020636e-6,7.171660011512294e-5,0.11111021074486811,-0.11110938428866655
6222,3.90625,-0.11111031224272745,1.7071925542100923e-11,4.131818672461429e-6,7.929822252876923e-5,0.11111031224272745,-0.11110939102989346
6223,1.5625,-0.1111104072969343,8.493839203190378e-11,9.216202690474195e-6,7.895043008005038e-5,0.1111104072969343,-0.11110939713869696
6224,0.625,-0.11111050015842772,2.6846593674822223e-10,1.638493017221075e-5,7.751242000928309e-5,0.11111050015842772,-0.11110940291678892
6225,0.25,-0.11111059235013468,5.636350945315486e-10,2.37410002849827e-5,7.638391232077888e-5,0.11111059235013468,-0.1111094085663769
6226,0.1,-0.11111068441968534,9.694004106142876e-10,3.113519568935271e-5,7.56670170570905e-5,0.11111068441968534,-0.11110941417517914
6227,0.1,-0.11111077624793163,1.4822789441287875e-9,3.850037589594142e-5,7.523044024918721e-5,0.11111077624793163,-0.11110941965509769
6228,0.1,-0.1111108677462966,2.098881671643886e-9,4.581355336190248e-5,7.472604025830578e-5,0.1111108677462966,-0.11110942498631567
6229,0.1,-0.11111095882472379,2.8154569268009947e-9,5.3060879438631575e-5,7.415431368443273e-5,0.11111095882472379,-0.11110943014970437
6230,0.1,-0.11111104939187404,3.6279063279463328e-9,6.023210379811029e-5,7.351586302932201e-5,0.11111104939187404,-0.11110943512689894
6231,0.25,-0.11111113753828473,4.507005301619362e-9,6.713423345521539e-5,7.281467156279906e-5,0.11111113753828473,-0.1111094390967955
6232,0.625,-0.11111121850342942,5.37413157944899e-9,7.330846867483312e-5,7.106617190682691e-5,0.11111121850342942,-0.11110944020860439
6233,1.5625,-0.11111127933104972,6.011354564336916e-9,7.753292567894569e-5,6.64909551043665e-5,0.11111127933104972,-0.11110943374128414
6234,3.90625,-0.11111128661243697,5.883833016197645e-9,7.670614718650419e-5,5.462774332920752e-5,0.11111128661243697,-0.11110941051333471
6235,9.765625,-0.11111116488496414,4.080410261358111e-9,6.387808905530997e-5,2.635251797323153e-5,0.11111116488496414,-0.11110936787772262
6236,24.4140625,-0.11111079849303943,8.453436379295931e-10,2.9074793858763523e-5,3.937625579266728e-5,0.11111079849303943,-0.11110936085574172
6237,9.765625,-0.11111059285847324,1.8460744876985746e-10,1.3587032375388581e-5,0.0001065763278456764,0.11111059285847324,-0.11110937636879119
6238,3.90625,-0.11111042485854737,3.159646252835256e-11,5.621073076233093e-6,0.00011813598407433819,0.11111042485854737,-0.11110939138063752
6239,1.5625,-0.11111026956588838,1.768667566658248e-10,1.3299126161738026e-5,0.00011771182225352265,0.11111026956588838,-0.11110940498891606
6240,0.625,-0.11111011882423867,5.797962332214152e-10,2.4078958308477862e-5,0.00011560121195249588,0.11111011882423867,-0.11110941785586158
6241,0.25,-0.11110996992571161,1.231315131798258e-9,3.5090100196469344e-5,0.00011392879984500396,0.11110996992571161,-0.11110943043193061
6242,0.1,-0.1111098219320757,2.129036479110621e-9,4.6141483278180615e-5,0.00011286133344126584,0.1111098219320757,-0.11110944291391874
6243,0.1,-0.11110967503243362,3.265279581520688e-9,5.714262490926268e-5,0.00011220858782193587,0.11110967503243362,-0.11110945510925478
6244,0.1,-0.11110952934529246,4.632537360946182e-9,6.806274576408288e-5,0.00011145474433586927,0.11110952934529246,-0.11110946697384276
6245,0.1,-0.11110938498654616,6.22250035830809e-9,7.88828267641829e-5,0.00011060052274894497,0.11110938498654616,-0.1111094784651096
6246,0.1,-0.11110924206941704,8.026091756587199e-9,8.95884577196594e-5,0.00010964679848142842,0.11110924206941704,-0.11110948954217238
6247,0.25,-0.1111091034805372,9.978912247850716e-9,9.989450559390499e-5,0.00010859951832026471,0.1111091034805372,-0.11110949838599735
6248,0.625,-0.11110897626442735,1.1907595223357109e-8,0.00010912192824248071,0.00010599251701412942,0.11110897626442735,-0.11110950089086367
6249,1.5625,-0.11110887942026915,1.3331235788235034e-8,0.00011546097084398274,9.917238239896048e-5,0.11110887942026915,-0.11110948657135222
6250,3.90625,-0.11110886208843096,1.30677583296326e-8,0.00011431429626093404,8.146737168055337e-5,0.11110886208843096,-0.11110943496947878
6251,9.765625,-0.11110903965553887,9.093596775353256e-9,9.536035221911283e-5,3.893239074904394e-5,0.11110903965553887,-0.11110933982800512
6252,24.4140625,-0.11110975247375367,1.4181366426610022e-10,1.1908554247518891e-5,5.647023040638878e-5,0.11110975247375367,-0.11110939497568123
6253,9.765625,-0.11111072771701913,1.4868204427185644e-10,1.2193524686154387e-5,3.2310141732446675e-5,0.11111072771701913,-0.11110939406842368
6254,3.90625,-0.1111110926755775,1.6969757504145826e-10,1.302680218017677e-5,2.197674408928672e-5,0.1111110926755775,-0.11110939372706768
6255,1.5625,-0.11111138543128897,1.963300743733075e-10,1.4011783411589957e-5,1.7616647920478824e-5,0.11111138543128897,-0.1111093936769803
6256,0.625,-0.1111116596104133,2.2781454040849722e-10,1.5093526440447813e-5,1.57162088276529e-5,0.1111116596104133,-0.11110939376196864
6257,1.5625,-0.11111182232026329,2.4789800132852416e-10,1.5744776953914722e-5,1.483811148338971e-5,0.11111182232026329,-0.11110939353942903
6258,3.90625,-0.11111168790618454,2.2922122101445572e-10,1.5140053534068357e-5,1.2756852417965782e-5,0.11111168790618454,-0.11110939269112187
6259,9.765625,-0.11111096619909705,1.387597586625253e-10,1.1779633214261185e-5,9.376674564567853e-6,0.11111096619909705,-0.11110939135704784
6260,24.4140625,-0.11111009393885093,2.4576847886882796e-11,4.957504199381257e-6,1.3227101494240908e-5,0.11111009393885093,-0.1111093915423039
6261,9.765625,-0.1111104904828973,6.514570467753491e-12,2.5523656610590676e-6,2.2350853260907362e-5,0.1111104904828973,-0.11110939217347957
6262,3.90625,-0.11111061711912996,6.350411287440305e-12,2.520002239570494e-6,2.3357276326839543e-5,0.11111061711912996,-0.11110939271940642
6263,1.5625,-0.11111071211264774,1.6185799666708717e-11,4.023157922168693e-6,2.28111017536928e-5,0.11111071211264774,-0.111109393209302
6264,0.625,-0.1111107990803498,3.479953564452777e-11,5.899113123557453e-6,2.2220622246816106e-5,0.1111107990803498,-0.11110939367489323
6265,0.25,-0.1111108836329638,6.192843650661989e-11,7.869462275570034e-6,2.181715511631942e-5,0.1111108836329638,-0.11110939413198732
6266,0.1,-0.11111096743878794,9.748704717002858e-11,9.873552915239203e-6,2.156792171859744e-5,0.11111096743878794,-0.11110939458642112
6267,0.1,-0.11111104843309565,1.4110144752234574e-10,1.187861303024666e-5,2.1413333422063555e-5,0.11111104843309565,-0.11110939502884176
6268,0.1,-0.11111112631400442,1.9244489805734686e-10,1.387245104721393e-5,2.1243693827398492e-5,0.11111112631400442,-0.1111093954579303
6269,0.1,-0.11111120079265878,2.511661785321241e-10,1.5848223197952638e-5,2.105886620982428e-5,0.11111120079265878,-0.1111093958724135
6270,0.1,-0.11111127159413152,3.168908947477639e-10,1.780142957033968e-5,2.085880388700261e-5,0.11111127159413152,-0.11110939627107032
6271,0.25,-0.11111132832626766,3.868960396916149e-10,1.9669673095697723e-5,2.0645062659218312e-5,0.11111132832626766,-0.11110939658447684
6272,0.625,-0.11111134773651415,4.540605020885922e-10,2.130869545722103e-5,2.0142271052925623e-5,0.11111134773651415,-0.11110939666062858
6273,1.5625,-0.11111127270130898,4.99158720700176e-10,2.234186027841406e-5,1.887063937448443e-5,0.11111127270130898,-0.11110939612018136
6274,3.90625,-0.111110985154171,4.771790802919198e-10,2.1844429044768368e-5,1.5706939720239817e-5,0.111110985154171,-0.11110939426090924
6275,9.765625,-0.11111037182155402,3.1955904300256755e-10,1.7876214448326792e-5,9.2950901215503e-6,0.11111037182155402,-0.11110939101448015
6276,24.4140625,-0.11110998510187049,6.371503358994723e-11,7.982169729462487e-6,1.4175217736289963e-5,0.11110998510187049,-0.11110939073947165
6277,9.765625,-0.11111026183027387,1.5179726183539723e-11,3.896116808251483e-6,3.091396221078607e-5,0.11111026183027387,-0.1111093920020908
6278,3.90625,-0.11111037726583468,6.412011834844287e-12,2.5321950625582317e-6,3.3650698078895624e-5,0.11111037726583468,-0.11110939319192126
6279,1.5625,-0.1111104703867603,2.0770975847901862e-11,4.557518606424099e-6,3.333399832077382e-5,0.1111104703867603,-0.11110939426908671
6280,0.625,-0.11111055740121165,5.516515639065326e-11,7.4273249821623705e-6,3.265959681682657e-5,0.11111055740121165,-0.11110939528974526
6281,0.25,-0.11111064247733692,1.089064200820023e-10,1.043582388132352e-5,3.2151745873381475e-5,0.11111064247733692,-0.11110939628880942
6282,0.1,-0.11111072692701211,1.8180068518025807e-10,1.3483348440957019e-5,3.1830153285808775e-5,0.11111072692701211,-0.11110939728086644
6283,0.1,-0.11111081002072833,2.7317910506240367e-10,1.6528130718941078e-5,3.163149704713209e-5,0.11111081002072833,-0.11110939824908428
6284,0.1,-0.11111089156196109,3.8240742339786244e-10,1.9555240305295724e-5,3.140610486385836e-5,0.11111089156196109,-0.1111093991901439
6285,0.1,-0.11111097135953751,5.087900703132414e-10,2.2556375380659928e-5,3.1154093321311975e-5,0.11111097135953751,-0.11110940010084426
6286,0.1,-0.1111110492282017,6.515729160453664e-10,2.5525926350386705e-5,3.087564638266915e-5,0.1111110492282017,-0.11110940097811568
6287,0.25,-0.11111111971023074,8.054034326031774e-10,2.8379630593141578e-5,3.057258602112173e-5,0.11111111971023074,-0.11110940167586346
6288,0.625,-0.1111111701191639,9.559868318624169e-10,3.09190367227444e-5,2.9835076783767795e-5,0.1111111701191639,-0.1111094018674891
6289,1.5625,-0.11111116839352292,1.0639418631944005e-9,3.261812169936216e-5,2.7930326293062873e-5,0.11111116839352292,-0.11110940072524467
6290,3.90625,-0.11111104438396498,1.0336480229870337e-9,3.2150396933584406e-5,2.30616659025437e-5,0.11111104438396498,-0.11110939666463755
6291,9.765625,-0.1111107081648277,7.067520005519287e-10,2.658480770199267e-5,1.2137947996760086e-5,0.1111107081648277,-0.11110938934851906
6292,24.4140625,-0.11111035666227384,1.417419938352772e-10,1.1905544667728446e-5,1.8443191891401023e-5,0.11111035666227384,-0.1111093884497997
6293,9.765625,-0.11111040346176591,3.163840054789187e-11,5.624802267448329e-6,4.496961112709888e-5,0.11111040346176591,-0.11110939117645811
6294,3.90625,-0.11111038773987052,8.917450225691871e-12,2.986210010312716e-6,4.9407323587171486e-5,0.11111038773987052,-0.11110939377419214
6295,1.5625,-0.11111036670837267,3.7445247800514455e-11,6.119252225600319e-6,4.908581119790685e-5,0.11111036670837267,-0.11110939612497692
6296,0.625,-0.1111103446319742,1.1032478931336111e-10,1.0503560792100986e-5,4.814970601132399e-5,0.1111103446319742,-0.11110939834942449
6297,0.25,-0.11111032232449848,2.2602882215632163e-10,1.5034254958471392e-5,4.742967538946693e-5,0.11111032232449848,-0.11110940052541489
6298,0.1,-0.11111029999901996,3.8415000183298174e-10,1.959974494305938e-5,4.6974359971879474e-5,0.11111029999901996,-0.11110940268615756
6299,0.1,-0.11111027737572725,5.832975279070165e-10,2.415155332286138e-5,4.669668829449294e-5,0.11111027737572725,-0.11110940479645018
6300,0.1,-0.11111025441837923,8.221325015077028e-10,2.867285304094629e-5,4.63775258408462e-5,0.11111025441837923,-0.11110940684875625
6301,0.1,-0.11111023109318659,1.0991778765880909e-9,3.31538516101537e-5,4.60171644716495e-5,0.11111023109318659,-0.11110940883580644
6302,0.1,-0.11111020736898487,1.4128246606968496e-9,3.758755991943145e-5,4.561596962767647e-5,0.11111020736898487,-0.11110941075062665
6303,0.25,-0.11111018192984629,1.751605572450587e-9,4.185218718837269e-5,4.517651756775084e-5,0.11111018192984629,-0.11110941227463987
6304,0.625,-0.11111015191709768,2.0847596236684816e-9,4.565916801331888e-5,4.408750563699004e-5,0.11111015191709768,-0.11110941269217414
6305,1.5625,-0.11111011070794262,2.3272094177061436e-9,4.824115895898588e-5,4.1248358047479e-5,0.11111011070794262,-0.11110941018238998
6306,3.90625,-0.11111004726314429,2.2709046397559508e-9,4.765400969232233e-5,3.39197119026158e-5,0.11111004726314429,-0.11110940122693856
6307,9.765625,-0.11110997024806267,1.5648805173482367e-9,3.955857071922893e-5,1.6805203676298984e-5,0.11110997024806267,-0.11110938492890086
6308,24.4140625,-0.1111100584220845,3.182640218562159e-10,1.783995576945795e-5,2.557375587857999e-5,0.1111100584220845,-0.11110938257538759
6309,9.765625,-0.11111022974156051,6.957454528571755e-11,8.341135731165004e-6,6.633802817635822e-5,0.11111022974156051,-0.11110938856092085
6310,3.90625,-0.1111103428163353,1.4866384132146325e-11,3.855695025821716e-6,7.324737936038048e-5,0.1111103428163353,-0.11110939430625039
6311,1.5625,-0.11111044416698866,7.411977328897851e-11,8.60928413336315e-6,7.288708993965904e-5,0.11111044416698866,-0.11110939950803321
6312,0.625,-0.11111054198561635,2.3192948520568293e-10,1.5229231274285743e-5,7.154246227524423e-5,0.11111054198561635,-0.11110940442754111
6313,0.25,-0.11111063870987484,4.848857116522246e-10,2.2020120609393233e-5,7.049304136420844e-5,0.11111063870987484,-0.11110940923782817
6314,0.1,-0.11111073515860265,8.321004729747374e-10,2.88461517879723e-5,6.982765830093593e-5,0.11111073515860265,-0.11110941401362234
6315,0.1,-0.11111083099454115,1.2705811599622638e-9,3.564521230070406e-5,6.942281262189787e-5,0.11111083099454115,-0.11110941867919234
6316,0.1,-0.11111092608838467,1.797423184973181e-9,4.239602793863101e-5,6.895544966754947e-5,0.11111092608838467,-0.11110942321767707
6317,0.1,-0.11111102031132368,2.409412870378144e-9,4.908577054888865e-5,6.84260151938154e-5,0.11111102031132368,-0.1111094276128012
6318,0.1,-0.11111111353538143,3.103041045207061e-9,5.570494632622009e-5,6.783505613495571e-5,0.11111111353538143,-0.11110943184894134
6319,0.25,-0.11111120255747647,3.853258276767422e-9,6.207461861958897e-5,6.718625605325273e-5,0.11111120255747647,-0.11110943522434508
6320,0.625,-0.11111127969638845,4.592712178354185e-9,6.776955200054214e-5,6.556896504119011e-5,0.11111127969638845,-0.11110943615843726
6321,1.5625,-0.1111113248309263,5.13480440214198e-9,7.165754951253901e-5,6.133851921625849e-5,0.1111113248309263,-0.11110943062203868
6322,3.90625,-0.11111128999431273,5.022012898579656e-9,7.086616187278422e-5,5.03761002948085e-5,0.11111128999431273,-0.11110941079227041
6323,9.765625,-0.11111108814251044,3.4769595149518684e-9,5.896574865930109e-5,2.4323469832500566e-5,0.11111108814251044,-0.11110937448174453
6324,24.4140625,-0.11111069035370595,7.166829253553624e-10,2.677093433848289e-5,3.668368349645295e-5,0.11111069035370595,-0.11110936868863742
6325,9.765625,-0.11111054560521574,1.5618913093731662e-10,1.2497565000323727e-5,9.846760545575479e-5,0.11111054560521574,-0.11110938192450538
6326,3.90625,-0.11111041069583463,2.798285953783791e-11,5.289882752749621e-6,0.00010905211624099845,0.11111041069583463,-0.11110939470442788
6327,1.5625,-0.11111028398385239,1.5374002049246858e-10,1.2399194348523963e-5,0.00010862578085472265,0.11111028398385239,-0.11110940628459054
6328,0.625,-0.11111016047855732,4.98945332612571e-10,2.2337084245992604e-5,0.00010666419104836592,0.11111016047855732,-0.11110941723398811
6329,0.25,-0.11111003833761093,1.0559130119544525e-9,3.2494815154951295e-5,0.00010511597685356321,0.11111003833761093,-0.11110942793690354
6330,0.1,-0.11110991690195972,1.8226287704867383e-9,4.269225656353548e-5,0.00010412980309790158,0.11110991690195972,-0.11110943856072049
6331,0.1,-0.11110979624174111,2.792524443440712e-9,5.284434164071601e-5,0.00010352790248584777,0.11110979624174111,-0.11110944894032575
6332,0.1,-0.11110967643757959,3.9591917006681344e-9,6.2922108202667e-5,0.000102832578027874,0.11110967643757959,-0.11110945903813958
6333,0.1,-0.11110955756876462,5.315537267893726e-9,7.290773119425488e-5,0.0001020445039642887,0.11110955756876462,-0.11110946881788464
6334,0.1,-0.11110943971326391,6.853812926365875e-9,8.278775831224007e-5,0.00010116449824930113,0.11110943971326391,-0.11110947824472629
6335,0.25,-0.11110932472540166,8.518941839984625e-9,9.229811395681184e-5,0.00010019804845548938,0.11110932472540166,-0.11110948576608219
6336,0.625,-0.11110921722888274,1.0162695642249966e-8,0.00010081019612246554,9.779004360477062e-5,0.11110921722888274,-0.11110948787939405
6337,1.5625,-0.11110913001823103,1.137402075989305e-8,0.00010664905419127284,9.148902879637353e-5,0.11110913001823103,-0.11110947564358628
6338,3.90625,-0.11110909804866416,1.114312872266441e-8,0.00010556101895427313,7.513506146771445e-5,0.11110909804866416,-0.11110943163458932
6339,9.765625,-0.1111092140982682,7.744428623452388e-9,8.80024353268271e-5,3.590951449577009e-5,0.1111092140982682,-0.1111093506361781
6340,24.4140625,-0.11110997480994413,1.2126046484566033e-10,1.1011832946683324e-5,5.2441697827022934e-5,0.11110997480994413,-0.1111093978262162
6341,9.765625,-0.11111063144813793,1.2798200165706856e-10,1.1312913049125258e-5,2.962388726540092e-5,0.11111063144813793,-0.11110939700362667
6342,3.90625,-0.11111087247720312,1.4501374168684023e-10,1.204216515776296e-5,2.0133661183540496e-5,0.11111087247720312,-0.11110939670721885
6343,1.5625,-0.11111106596649159,1.665719683800134e-10,1.2906276317358674e-5,1.6222915460644097e-5,0.11111106596649159,-0.11110939666621789
6344,0.625,-0.11111124730134485,1.9198610717658888e-10,1.38559051373986e-5,1.4545119207267503e-5,0.11111124730134485,-0.1111093967419877
6345,1.5625,-0.11111135386768992,2.0815422103717143e-10,1.4427550763631761e-5,1.3774685200994826e-5,0.11111135386768992,-0.11110939656196121
6346,3.90625,-0.11111126185351575,1.9325457772655733e-10,1.3901603422863038e-5,1.1970286937125767e-5,0.11111126185351575,-0.11110939585725275
6347,9.765625,-0.11111078009709177,1.190480263182596e-10,1.0910913175269043e-5,9.073768404500998e-6,0.11111078009709177,-0.11110939472271668
6348,24.4140625,-0.11111020915111347,2.1067820493938896e-11,4.58996955261567e-6,1.2506636900211324e-5,0.11111020915111347,-0.11110939488305327
6349,9.765625,-0.11111046101714528,6.046511241278544e-12,2.458965481920912e-6,2.0778478748894572e-5,0.11111046101714528,-0.11110939541834325
6350,3.90625,-0.11111053475647847,5.801036899681483e-12,2.4085341807168696e-6,2.171792336818429e-5,0.11111053475647847,-0.11110939588914767
6351,1.5625,-0.11111058852838637,1.4049061663679584e-11,3.7482077935567532e-6,2.1230718655313378e-5,0.11111058852838637,-0.11110939631382592
6352,0.625,-0.11111063731860323,2.9752989466549764e-11,5.454630094383098e-6,2.069546516158716e-5,0.11111063731860323,-0.11110939671822619
6353,0.25,-0.11111068462740135,5.268479235135408e-11,7.258429055336567e-6,2.0327796300072092e-5,0.11111068462740135,-0.11110939711546414
6354,0.1,-0.11111073148490795,8.276920077894725e-11,9.09775800837477e-6,2.0099693507059504e-5,0.11111073148490795,-0.11110939751040613
6355,0.1,-0.11111077652982544,1.1969730380587144e-10,1.0940626298611585e-5,1.9957521454461414e-5,0.11111077652982544,-0.1111093978951011
6356,0.1,-0.11111081957236292,1.6319628745107038e-10,1.2774830231790573e-5,1.9801762785970996e-5,0.11111081957236292,-0.11110939826843332
6357,0.1,-0.11111086043137582,2.1297282712828915e-10,1.4593588562388936e-5,1.9632275642309034e-5,0.11111086043137582,-0.11110939862932373
6358,0.1,-0.1111108989349457,2.687140880131009e-10,1.6392500968830257e-5,1.944900203268698e-5,0.1111108989349457,-0.11110939897673679
6359,0.25,-0.11111092841321009,3.2816801476879497e-10,1.8115408214246648e-5,1.925335285804481e-5,0.11111092841321009,-0.11110939925178212
6360,0.625,-0.11111093400123054,3.8542684413241145e-10,1.963229085288855e-5,1.879486839619663e-5,0.11111093400123054,-0.11110939932532177
6361,1.5625,-0.11111087933208892,4.2445154427350833e-10,2.0602221828567624e-5,1.7636644235554462e-5,0.11111087933208892,-0.11110939887399376
6362,3.90625,-0.11111069003573121,4.0720334390737394e-10,2.0179280064149312e-5,1.4754854893735189e-5,0.11111069003573121,-0.11110939729399542
6363,9.765625,-0.11111029979281564,2.7389826261790676e-10,1.6549871981918976e-5,8.928454411508144e-6,0.11111029979281564,-0.11110939451300093
6364,24.4140625,-0.11111008480658731,5.4651907832029955e-11,7.392692867421854e-6,1.3328898723285006e-5,0.11111008480658731,-0.11110939427975783
6365,9.765625,-0.11111027771918246,1.3537207230461152e-11,3.679294393013578e-6,2.8711322682477052e-5,0.11111027771918246,-0.11110939535925994
6366,3.90625,-0.11111036315714018,6.1462956258266225e-12,2.479172367106939e-6,3.121321321343153e-5,0.11111036315714018,-0.11110939637956507
6367,1.5625,-0.11111043342503553,1.848306821066896e-11,4.299193902427403e-6,3.09160568235694e-5,0.11111043342503553,-0.11110939730503874
6368,0.625,-0.11111049949856543,4.791994131715295e-11,6.922423081346079e-6,3.0293206628169195e-5,0.11111049949856543,-0.11110939818288937
6369,0.25,-0.11111056423615209,9.387152270499277e-11,9.688731738725806e-6,2.9824958833913842e-5,0.11111056423615209,-0.11110939904257806
6370,0.1,-0.11111062854336144,1.561724050793121e-10,1.2496895817734583e-5,2.952860788316846e-5,0.11111062854336144,-0.11110939989640214
6371,0.1,-0.11111069192942487,2.3425086847080846e-10,1.53052562366923e-5,2.934555567823746e-5,0.11111069192942487,-0.11110940072985537
6372,0.1,-0.11111075425810835,3.275653893597755e-10,1.809876761991754e-5,2.9137883704473377e-5,0.11111075425810835,-0.1111094015401027
6373,0.1,-0.11111081539659827,4.355221637603964e-10,2.086916777833741e-5,2.8905707851056766e-5,0.11111081539659827,-0.11110940232441006
6374,0.1,-0.11111087521588525,5.574774486389642e-10,2.3610960349781712e-5,2.864920596226427e-5,0.11111087521588525,-0.11110940308015624
6375,0.25,-0.11111092997101749,6.888617609949832e-10,2.6246176121389248e-5,2.8370065511324373e-5,0.11111092997101749,-0.11110940368241719
6376,0.625,-0.11111097093234873,8.174721802351801e-10,2.8591470410511946e-5,2.7691159002602622e-5,0.11111097093234873,-0.11110940385203447
6377,1.5625,-0.11111097596601142,9.096794118865394e-10,3.016089209367885e-5,2.5938808447658944e-5,0.11111097596601142,-0.11110940288149329
6378,3.90625,-0.1111108962432506,8.837513113574709e-10,2.9727955048362658e-5,2.146605151722653e-5,0.1111108962432506,-0.11110939941637003
6379,9.765625,-0.11111066651089903,6.040748754624621e-10,2.45779347273619e-5,1.1513986123824494e-5,0.11111066651089903,-0.11110939317095454
6380,24.4140625,-0.11111040564945529,1.2105866266706932e-10,1.1002666161756855e-5,1.730172990914282e-5,0.11111040564945529,-0.11110939241944606
6381,9.765625,-0.11111041475651078,2.7408224670196616e-11,5.235286493612037e-6,4.1648794832673466e-5,0.11111041475651078,-0.11110939474987606
6382,3.90625,-0.11111038671865105,8.252706084407591e-12,2.872752353476991e-6,4.571766959582684e-5,0.11111038671865105,-0.11110939697029665
6383,1.5625,-0.11111035659560708,3.2820542149670395e-11,5.72892155206112e-6,4.5411462633799755e-5,0.11111035659560708,-0.11110939898072866
6384,0.625,-0.11111032626863382,9.523772959572966e-11,9.75898199587076e-6,4.4544172281582926e-5,0.11111032626863382,-0.1111094008838928
6385,0.25,-0.11111029596721564,1.942059684637905e-10,1.393578015267859e-5,4.3878625031641585e-5,0.11111029596721564,-0.11110940274602264
6386,0.1,-0.11111026572503417,3.293802724032884e-10,1.814883666804262e-5,4.345825660401812e-5,0.11111026572503417,-0.11110940459531689
6387,0.1,-0.11111023537665642,4.995713180943444e-10,2.2351092100708285e-5,4.3202155625569164e-5,0.11111023537665642,-0.11110940640153605
6388,0.1,-0.11111020491280875,7.036355480855348e-10,2.65261295345841e-5,4.2907771552063966e-5,0.11111020491280875,-0.11110940815824677
6389,0.1,-0.11111017432573571,9.403112865413107e-10,3.0664495537042684e-5,4.25753757920476e-5,0.11111017432573571,-0.11110940985924388
6390,0.1,-0.11111014360930271,1.208224038223661e-9,3.4759517232315826e-5,4.2205308355288785e-5,0.11111014360930271,-0.11110941149857427
6391,0.25,-0.11111011222873388,1.4975629344211786e-9,3.869835829103321e-5,4.179993797137485e-5,0.11111011222873388,-0.11110941280391488
6392,0.625,-0.111110079119458,1.782013203155539e-9,4.2213898222688926e-5,4.079498144084212e-5,0.111110079119458,-0.11110941316374147
6393,1.5625,-0.1111100421278458,1.98880385922736e-9,4.4596007211715266e-5,3.817513026169499e-5,0.1111100421278458,-0.11110941102261755
6394,3.90625,-0.11110999962755154,1.9400305647391597e-9,4.404577805805183e-5,3.141751941241721e-5,0.11110999962755154,-0.11110940337718689
6395,9.765625,-0.11110996993691925,1.3358924907295563e-9,3.6549863074019254e-5,1.5712672544047903e-5,0.11110996993691925,-0.11110938947355979
6396,24.4140625,-0.11111008928452829,2.7130033962147186e-10,1.6471197273467156e-5,2.384712513459569e-5,0.11111008928452829,-0.11110938749813072
6397,9.765625,-0.11111023379009101,5.962830727952957e-11,7.721936757027318e-6,6.135053532394357e-5,0.11111023379009101,-0.11110939260917185
6398,3.90625,-0.11111033439573341,1.3367738213692952e-11,3.656191763801914e-6,6.770135877893894e-5,0.11111033439573341,-0.11110939751268563
6399,1.5625,-0.1111104254069025,6.429638122774588e-11,8.018502430488244e-6,6.735859976373019e-5,0.1111104254069025,-0.11110940195297558
6400,0.625,-0.11111051346817949,1.9929424062326364e-10,1.4117161209792273e-5,6.611397130651651e-5,0.11111051346817949,-0.11110940615315391
6401,0.25,-0.11111060060783351,4.1546324584033605e-10,2.0382915538272144e-5,6.514459622031537e-5,0.11111060060783351,-0.11110941026067457
6402,0.1,-0.11111068751422092,7.120521288476568e-10,2.6684304915954936e-5,6.453081517217436e-5,0.11111068751422092,-0.11110941433912461
6403,0.1,-0.11111077392828722,1.086504829443973e-9,3.296217270514753e-5,6.415794846535683e-5,0.11111077392828722,-0.11110941832361854
6404,0.1,-0.11111085974170017,1.5363429533544155e-9,3.91962109566016e-5,6.372732488127131e-5,0.11111085974170017,-0.11110942219976323
6405,0.1,-0.11111094484627494,2.0588239859402992e-9,4.537426567935066e-5,6.323936108479152e-5,0.11111094484627494,-0.1111094259536664
6406,0.1,-0.11111102913423676,2.6509529199635197e-9,5.148740544991095e-5,6.269456730990505e-5,0.11111102913423676,-0.11110942957199274
6407,0.25,-0.11111110997569917,3.2913167134477816e-9,5.73699983741309e-5,6.209633101792569e-5,0.11111110997569917,-0.11110943245539541
6408,0.625,-0.1111111810286346,3.9223452412621425e-9,6.262862956557602e-5,6.0603576591955695e-5,0.1111111810286346,-0.11110943325432117
6409,1.5625,-0.11111122558282424,4.384561899080947e-9,6.621602448864586e-5,5.6697825039451975e-5,0.11111122558282424,-0.11110942852928031
6410,3.90625,-0.11111120328145095,4.2870606611529805e-9,6.547564937557305e-5,4.657972065208014e-5,0.11111120328145095,-0.1111094116063144
6411,9.765625,-0.11111103775459213,2.966279983124644e-9,5.446356564828127e-5,2.259556715806969e-5,0.11111103775459213,-0.11110938064064511
6412,24.4140625,-0.11111068431634355,6.104956921943571e-10,2.4708211027801205e-5,3.407462982249414e-5,0.11111068431634355,-0.11110937575780146
6413,9.765625,-0.11111054047065877,1.333670521932853e-10,1.1548465360959667e-5,9.099031153107144e-5,0.11111054047065877,-0.11110938705029394
6414,3.90625,-0.11111041130745396,2.476361828480088e-11,4.976305686430536e-6,0.00010073063107732654,0.11111041130745396,-0.11110939794751837
6415,1.5625,-0.11111029049850817,1.3267555630334305e-10,1.1518487587497894e-5,0.00010032475560323083,0.11111029049850817,-0.11110940782171942
6416,0.625,-0.11111017285369049,4.277078597071867e-10,2.0681099093307074e-5,9.850939084652344e-5,0.11111017285369049,-0.1111094171589402
6417,0.25,-0.11111005651889698,9.033259142390482e-10,3.005538078679171e-5,9.707892254925707e-5,0.11111005651889698,-0.11110942628673642
6418,0.1,-0.11110994083646848,1.5578236055872762e-9,3.946927419635781e-5,9.616866284558982e-5,0.11110994083646848,-0.11110943534762358
6419,0.1,-0.11110982589549945,2.3855943746216575e-9,4.884254676633537e-5,9.561368513437887e-5,0.11110982589549945,-0.1111094442003495
6420,0.1,-0.11110971177852018,3.38117237624106e-9,5.8147849283022154e-5,9.497237280848426e-5,0.11110971177852018,-0.11110945281285019
6421,0.1,-0.11110959856677305,4.538506678941724e-9,6.73684397840838e-5,9.424535471357695e-5,0.11110959856677305,-0.11110946115417371
6422,0.1,-0.11110948634020044,5.850986909971264e-9,7.649174406412278e-5,9.343339226900112e-5,0.11110948634020044,-0.11110946919460002
6423,0.25,-0.11110937701473861,7.271563460172743e-9,8.527346281330871e-5,9.254153864309404e-5,0.11110937701473861,-0.11110947560898836
6424,0.625,-0.11110927534040291,8.673620059474907e-9,9.313227184749069e-5,9.031796762536999e-5,0.11110927534040291,-0.11110947740852452
6425,1.5625,-0.11110919435410968,9.706075000859519e-9,9.851941433473668e-5,8.449853933730897e-5,0.11110919435410968,-0.11110946696507606
6426,3.90625,-0.11110916901301773,9.506699432314513e-9,9.75023047538596e-5,6.939681501620482e-5,0.11110916901301773,-0.1111094294212512
6427,9.765625,-0.11110928832336071,6.603322017534007e-9,8.126082707882075e-5,3.322399492531821e-5,0.11110928832336071,-0.11110936037277738
6428,24.4140625,-0.11110995710262483,1.0458123021093067e-10,1.0226496477823217e-5,4.861253161217132e-5,0.11110995710262483,-0.11110940068357102
6429,9.765625,-0.11111062559544294,1.1017844032037556e-10,1.0496591843087716e-5,2.760594041757042e-5,0.11111062559544294,-0.11110939998664628
6430,3.90625,-0.1111108729279341,1.248827033637168e-10,1.1175092991278275e-5,1.887819846688666e-5,0.1111108729279341,-0.11110939973891798
6431,1.5625,-0.11111107150982442,1.4350633387396416e-10,1.1979412918585124e-5,1.529061540652146e-5,0.11111107150982442,-0.11110939971061376
6432,0.625,-0.11111125758909018,1.6547795650617846e-10,1.286382355702139e-5,1.3755530606236066e-5,0.11111125758909018,-0.11110939978274711
6433,1.5625,-0.11111136754789351,1.7944703579809202e-10,1.339578425468595e-5,1.3052008050709652e-5,0.11111136754789351,-0.11110939963419597
6434,3.90625,-0.11111127503254487,1.6647678902764593e-10,1.2902588462306544e-5,1.1409915892857001e-5,0.11111127503254487,-0.11110939903357886
6435,9.765625,-0.11111078391667087,1.0238034638526558e-10,1.0118317369269733e-5,8.809724235047962e-6,0.11111078391667087,-0.11110939806476382
6436,24.4140625,-0.11111019621312114,1.8530490453255036e-11,4.30470561749059e-6,1.1886096256029442e-5,0.11111019621312114,-0.11110939819862599
6437,9.765625,-0.11111045677613492,5.660860853839867e-12,2.3792563657243553e-6,1.941198578013009e-5,0.11111045677613492,-0.11110939865973672
6438,3.90625,-0.1111105359194916,5.512986193697094e-12,2.347974913344922e-6,2.0260425922566645e-5,0.1111105359194916,-0.11110939906714215
6439,1.5625,-0.11111059432970805,1.2633201953559262e-11,3.5543215883708755e-6,1.9806501598995097e-5,0.11111059432970805,-0.11110939943608202
6440,0.625,-0.11111064753162414,2.613473133209699e-11,5.1122139364562e-6,1.9312575947159777e-5,0.11111064753162414,-0.11110939978814414
6441,0.25,-0.11111069917655736,4.582361093896128e-11,6.769313919368881e-6,1.8974169722313902e-5,0.11111069917655736,-0.11110940013428931
6442,0.1,-0.11111075034361323,7.163590142166483e-11,8.463799467240752e-6,1.876447419015921e-5,0.11111075034361323,-0.11110940047856138
6443,0.1,-0.11111079964588498,1.0330465157264173e-10,1.016388958876678e-5,1.863385453079894e-5,0.11111079964588498,-0.11110940081404597
6444,0.1,-0.11111084688620569,1.405948325913578e-10,1.1857269187774974e-5,1.849080231095992e-5,0.11111084688620569,-0.1111094011397888
6445,0.1,-0.11111089187620753,1.8325380280579295e-10,1.3537126829788992e-5,1.833519652667892e-5,0.11111089187620753,-0.11110940145486753
6446,0.1,-0.11111093443692062,2.310121862795666e-10,1.5199085047448303e-5,1.8166994237610056e-5,0.11111093443692062,-0.11110940175839683
6447,0.25,-0.11111096769739322,2.819261708949345e-10,1.6790657250236945e-5,1.798750357383855e-5,0.11111096769739322,-0.11110940199981083
6448,0.625,-0.1111109763198786,3.309011770252461e-10,1.8190689294945534e-5,1.75672005897206e-5,0.1111109763198786,-0.1111094020683613
6449,1.5625,-0.11111092271634122,3.6412518615028917e-10,1.9082064514886463e-5,1.650705263041396e-5,0.11111092271634122,-0.11110940168702432
6450,3.90625,-0.11111072967500692,3.4894388092267805e-10,1.868003963921592e-5,1.3880846170258872e-5,0.11111072967500692,-0.11110940033977808
6451,9.765625,-0.11111032613126595,2.3444725172853255e-10,1.531167044213441e-5,8.66879572037397e-6,0.11111032613126595,-0.11110939796816063
6452,24.4140625,-0.11111009034666253,4.711629290754164e-11,6.864130892366611e-6,1.2640878878610867e-5,0.11111009034666253,-0.11110939776947175
6453,9.765625,-0.11111028299574971,1.2044058404368888e-11,3.470455071653988e-6,2.6668082689165315e-5,0.11111028299574971,-0.11110939869360291
6454,3.90625,-0.11111036650032367,5.795649891813824e-12,2.4074156042972356e-6,2.8960106653119124e-5,0.11111036650032367,-0.1111093995692419
6455,1.5625,-0.1111104347114578,1.638833206712143e-11,4.048250494611398e-6,2.868242507883627e-5,0.1111104347114578,-0.11110940036498028
6456,0.625,-0.1111104987075324,4.158012199999723e-11,6.448265037977055e-6,2.8107550350972562e-5,0.1111104987075324,-0.11110940112055268
6457,0.25,-0.11111056136120272,8.087228411766399e-11,8.992901874126281e-6,2.7676036482569472e-5,0.11111056136120272,-0.11110940186084069
6458,0.1,-0.11111062358045191,1.3412411240621066e-10,1.1581196501493731e-5,2.7403126279169113e-5,0.11111062358045191,-0.11110940259622032
6459,0.1,-0.11111068486924802,2.0084617874310348e-10,1.4172020983018035e-5,2.7234624568127502e-5,0.11111068486924802,-0.11110940331419665
6460,0.1,-0.11111074509129233,2.805753538470914e-10,1.6750383692533475e-5,2.704347337293061e-5,0.11111074509129233,-0.11110940401234873
6461,0.1,-0.11111080411382233,3.728038030004015e-10,1.9308127899938967e-5,2.682978593993864e-5,0.11111080411382233,-0.11110940468834252
6462,0.1,-0.11111086180799566,4.769809952496822e-10,2.1839894579637562e-5,2.6593733205655333e-5,0.11111086180799566,-0.11110940533993979
6463,0.25,-0.11111091441331358,5.891957069471356e-10,2.427335384628864e-5,2.6336874330691526e-5,0.11111091441331358,-0.11110940586031692
6464,0.625,-0.1111109531726122,6.990050556538709e-10,2.6438703743827363e-5,2.5712286625354616e-5,0.1111109531726122,-0.11110940601088241
6465,1.5625,-0.11111095590818487,7.776382564059312e-10,2.788616603991899e-5,2.4101088570190463e-5,0.11111095590818487,-0.11110940518712333
6466,3.90625,-0.11111087383844125,7.552149860651606e-10,2.7481175121620266e-5,1.9996358551591673e-5,0.11111087383844125,-0.11110940223259284
6467,9.765625,-0.11111064272029042,5.159862448910542e-10,2.2715330613729887e-5,1.0954526180522172e-5,0.11111064272029042,-0.1111093969062536
6468,24.4140625,-0.11111038778847426,1.036037584108556e-10,1.0178593144971244e-5,1.6236072296212177e-5,0.11111038778847426,-0.1111093962701331
6469,9.765625,-0.1111104051504253,2.3821077320122092e-11,4.880684103701252e-6,3.8568736661482697e-5,0.1111104051504253,-0.11110939826123317
6470,3.90625,-0.11111038325438165,7.589873884923596e-12,2.754972574259787e-6,4.230722564010517e-5,0.11111038325438165,-0.11110940015978167
6471,1.5625,-0.11111035871118687,2.8653363664000827e-11,5.352883677421062e-6,4.201978632160178e-5,0.11111035871118687,-0.11110940188009362
6472,0.625,-0.1111103337771827,8.200422629015558e-11,9.055618492966429e-6,4.121806984823091e-5,0.1111103337771827,-0.1111094035093683
6473,0.25,-0.1111103087988312,1.6653654294357822e-10,1.2904903833178232e-5,4.060362242724675e-5,0.1111103087988312,-0.11110940510386409
6474,0.1,-0.11111028384965281,2.819566260545881e-10,1.6791564133653188e-5,4.0215726960628705e-5,0.11111028384965281,-0.11110940668751494
6475,0.1,-0.11111025875627838,4.272479367154359e-10,2.0669976698473463e-5,3.9979477081862864e-5,0.11111025875627838,-0.11110940823439562
6476,0.1,-0.11111023350424475,6.014337694143135e-10,2.452414666026758e-5,3.970794568064181e-5,0.11111023350424475,-0.11110940973901848
6477,0.1,-0.11111020808069656,8.034366017749901e-10,2.834495725477444e-5,3.940138602088444e-5,0.11111020808069656,-0.11110941119609084
6478,0.1,-0.11111018247450201,1.0320826226096853e-9,3.212604274742977e-5,3.906011531900376e-5,0.11111018247450201,-0.1111094126005356
6479,0.25,-0.11111015602785332,1.2789891579406296e-9,3.576295790256491e-5,3.8686322055874755e-5,0.11111015602785332,-0.11110941371981059
6480,0.625,-0.11111012737649678,1.5216752187310233e-9,3.900865568987252e-5,3.7759752955991104e-5,0.11111012737649678,-0.11110941403187431
6481,1.5625,-0.11111009356758932,1.6979804013266977e-9,4.120655774663418e-5,3.5344938568938734e-5,0.11111009356758932,-0.11110941220914029
6482,3.90625,-0.11111005097741396,1.6559820510623573e-9,4.069375936261428e-5,2.9121782973468668e-5,0.11111005097741396,-0.11110940568932645
6483,9.765625,-0.11111001369454328,1.139870169147304e-9,3.376196334852735e-5,1.473588468351817e-5,0.11111001369454328,-0.11110939383447163
6484,24.4140625,-0.11111011285263102,2.3150759250926958e-10,1.5215373557992903e-5,2.2221811052203082e-5,0.11111011285263102,-0.11110939216286649
6485,9.765625,-0.11111024784135652,5.122566340674823e-11,7.157210588403015e-6,5.672613807145709e-5,0.11111024784135652,-0.11110939652488681
6486,3.90625,-0.11111034032658837,1.197619294150955e-11,3.4606636562239835e-6,6.257122856586335e-5,0.11111034032658837,-0.11110940070999446
6487,1.5625,-0.11111042375022939,5.5591771388843357e-11,7.455988961153534e-6,6.224904444260635e-5,0.11111042375022939,-0.11110940450080646
6488,0.625,-0.1111105043985614,1.7089263052144703e-10,1.3072590811367387e-5,6.109826463114846e-5,0.1111105043985614,-0.11110940808736308
6489,0.25,-0.11111058417488347,3.5541111498735315e-10,1.8852350383635275e-5,6.020295509548601e-5,0.11111058417488347,-0.1111094115951887
6490,0.1,-0.11111066372282902,6.085082512020099e-10,2.4667960012980603e-5,5.963635883159268e-5,0.11111066372282902,-0.11110941507837595
6491,0.1,-0.11111074279263167,9.280016309409374e-10,3.0463119192573457e-5,5.929229424566071e-5,0.11111074279263167,-0.11110941848142361
6492,0.1,-0.11111082128326231,1.3117763415109596e-9,3.6218453052428396e-5,5.8894932522686e-5,0.11111082128326231,-0.1111094217920579
6493,0.1,-0.11111089909397226,1.7574921011067285e-9,4.192245342422994e-5,5.844466121534475e-5,0.11111089909397226,-0.11110942499843278
6494,0.1,-0.11111097612453645,2.2625931894140133e-9,4.756672355138635e-5,5.7941954619948214e-5,0.11111097612453645,-0.11110942808917626
6495,0.25,-0.11111104990012155,2.808797798538428e-9,5.2998092404712344e-5,5.738993958553701e-5,0.11111104990012155,-0.11110943055285355
6496,0.625,-0.11111111446540174,3.3469587082419054e-9,5.785290578909503e-5,5.601238585994671e-5,0.11111111446540174,-0.11110943123808699
6497,1.5625,-0.11111115415897113,3.740944876216775e-9,6.11632641069521e-5,5.240835560902557e-5,0.11111115415897113,-0.1111094272108694
6498,3.90625,-0.1111111312990058,3.657139972448829e-9,6.0474291830899755e-5,4.307577978056157e-5,0.1111111312990058,-0.11110941278009497
6499,9.765625,-0.11111097536575366,2.5295667141816015e-9,5.029479808272026e-5,2.1012441375333483e-5,0.11111097536575366,-0.11110938638285166
6500,24.4140625,-0.11111064965436877,5.203059155524476e-10,2.2810215157960425e-5,3.162247227740273e-5,0.11111064965436877,-0.11110938224771993
6501,9.765625,-0.1111105206114491,1.1394900743638444e-10,1.0674690039358728e-5,8.406654168169561e-5,0.1111105206114491,-0.1111093918796383
6502,3.90625,-0.11111040380046641,2.1725775476562435e-11,4.6610916614632706e-6,9.303920309549825e-5,0.11111040380046641,-0.1111094011721294
6503,1.5625,-0.11111029444033968,1.1406219518921467e-10,1.0679990411475784e-5,9.265724005641988e-5,0.11111029444033968,-0.1111094095927394
6504,0.625,-0.11111018790857978,3.6591336959218285e-10,1.9128862213738246e-5,9.097859288799358e-5,0.11111018790857978,-0.11110941755604298
6505,0.25,-0.11111008254179736,7.717150387902274e-10,2.7779759516421798e-5,8.965701768420462e-5,0.11111008254179736,-0.1111094253411369
6506,0.1,-0.11110997774851557,1.3300157096415947e-9,3.646938043950835e-5,8.881634825343302e-5,0.11110997774851557,-0.11110943306937716
6507,0.1,-0.11110987360960382,2.0360307952777883e-9,4.5122397933596e-5,8.830391216919239e-5,0.11110987360960382,-0.11110944062009988
6508,0.1,-0.11110977020016423,2.88509783337106e-9,5.371310671866839e-5,8.771177361116668e-5,0.11110977020016423,-0.11110944796596926
6509,0.1,-0.11110966759427819,3.872055272339796e-9,6.22258408729026e-5,8.704051570633577e-5,0.11110966759427819,-0.11110945508059848
6510,0.1,-0.11110956586499017,4.991264363046958e-9,7.064888083364774e-5,8.629084420932016e-5,0.11110956586499017,-0.11110946193865189
6511,0.25,-0.11110946674717767,6.202574801483815e-9,7.875642704874197e-5,8.546742534987406e-5,0.11110946674717767,-0.11110946740986713
6512,0.625,-0.11110937454698117,7.397945117050664e-9,8.601130807661667e-5,8.341448289638107e-5,0.11110937454698117,-0.11110946894533241
6513,1.5625,-0.11110930109425887,8.277820853553597e-9,9.09825304855476e-5,7.804197938667446e-5,0.11110930109425887,-0.11110946004039707
6514,3.90625,-0.11110927814617332,8.106635401991756e-9,9.00368557980106e-5,6.41030809230086e-5,0.11110927814617332,-0.11110942802975914
6515,9.765625,-0.11110938667525438,5.629081637457468e-9,7.502720598194676e-5,3.0758952267013486e-5,0.11110938667525438,-0.11110936917947421
6516,24.4140625,-0.11110999822394235,8.982576357761015e-11,9.477645465916634e-6,4.50209581558125e-5,0.11110999822394235,-0.11110940359211433
6517,9.765625,-0.11111060320339432,9.462814578910897e-11,9.727699922854784e-6,2.562733911068024e-5,0.11111060320339432,-0.11110940299631644
6518,3.90625,-0.11111082652744575,1.0713484575204898e-10,1.035059639595946e-5,1.7623793612008365e-5,0.11111082652744575,-0.11110940278923793
6519,1.5625,-0.11111100581360897,1.2297613148183035e-10,1.108946037829751e-5,1.4358495797437358e-5,0.11111100581360897,-0.11110940277100516
6520,0.625,-0.1111111738126479,1.4166315666266712e-10,1.1902233263663889e-5,1.2969589320721267e-5,0.1111111738126479,-0.11110940283906276
6521,1.5625,-0.11111127289183656,1.535348501122651e-10,1.2390918049614609e-5,1.2335229694243961e-5,0.11111127289183656,-0.11110940271856802
6522,3.90625,-0.1111111887214995,1.4248562353812587e-10,1.1936734207400527e-5,1.086227113307778e-5,0.1111111887214995,-0.11110940221152768
6523,9.765625,-0.11111074405575423,8.786535106661275e-11,9.373651959968044e-6,8.56053332556952e-6,0.11111074405575423,-0.11110940138721968
6524,24.4140625,-0.11111021305264548,1.6272419698430603e-11,4.033908736998223e-6,1.1302768104732257e-5,0.11111021305264548,-0.11110940149774341
6525,9.765625,-0.11111044779442927,5.324759622322506e-12,2.307544067254731e-6,1.8126960126789484e-5,0.11111044779442927,-0.11110940189316419
6526,3.90625,-0.11111051857099817,5.211563892733897e-12,2.282884993321805e-6,1.889999482607987e-5,0.11111051857099817,-0.11110940224570721
6527,1.5625,-0.11111057067710027,1.129703658426846e-11,3.3611064523856516e-6,1.848409286759179e-5,0.11111057067710027,-0.11110940256660684
6528,0.625,-0.11111061809877905,2.282570569794838e-11,4.7776255292716676e-6,1.8032453771808932e-5,0.11111061809877905,-0.11110940287359178
6529,0.25,-0.11111066412088659,3.9632439863547455e-11,6.295430077726815e-6,1.7723325506983526e-5,0.11111066412088659,-0.11110940317572975
6530,0.1,-0.11111070971345244,6.166288545338368e-11,7.852571900554854e-6,1.7531920618447153e-5,0.11111070971345244,-0.11110940347635513
6531,0.1,-0.11111075362422818,8.868953169286467e-11,9.417511969350752e-6,1.7412777104298634e-5,0.11111075362422818,-0.11110940376948711
6532,0.1,-0.1111107956757955,1.2051204381691262e-10,1.0977797767171366e-5,1.7282289258923202e-5,0.1111107956757955,-0.11110940405431136
6533,0.1,-0.11111083569869616,1.5691504497441715e-10,1.252657355282829e-5,1.714035468979604e-5,0.11111083569869616,-0.11110940433004014
6534,0.1,-0.1111108735319694,1.9766886466756078e-10,1.405947597414501e-5,1.698694294784825e-5,0.1111108735319694,-0.11110940459591744
6535,0.25,-0.1111109029834533,2.411157334179981e-10,1.5527901771263177e-5,1.6823254514165146e-5,0.1111109029834533,-0.11110940480871273
6536,0.625,-0.11111091023499976,2.8291017196920523e-10,1.6819933768276415e-5,1.643997042662702e-5,0.11111091023499976,-0.11110940487379728
6537,1.5625,-0.1111108614351029,3.112683980476534e-10,1.7642800175925968e-5,1.5474122341649043e-5,0.1111108614351029,-0.1111094045544611
6538,3.90625,-0.1111106871159603,2.9831753316979785e-10,1.7271871154272713e-5,1.3089904718589556e-5,0.1111106871159603,-0.11110940340957341
6539,9.765625,-0.11111032378248266,2.0055930621402973e-10,1.4161896278889692e-5,8.42994986167886e-6,0.11111032378248266,-0.11110940138793841
6540,24.4140625,-0.11111011421767954,4.0644846762342985e-11,6.375331110016403e-6,1.1981898173115605e-5,0.11111011421767954,-0.11110940121582241
6541,9.765625,-0.11111028905642975,1.0765403158363198e-11,3.2810673809544355e-6,2.4777845299898417e-5,0.11111028905642975,-0.11110940200646312
6542,3.90625,-0.11111036518696724,5.46357919794312e-12,2.337430041293882e-6,2.6878855605448568e-5,0.11111036518696724,-0.11110940275832457
6543,1.5625,-0.11111042747311152,1.452621691491417e-11,3.811327447873532e-6,2.662165599005498e-5,0.11111042747311152,-0.1111094034431547
6544,0.625,-0.11111048593996738,3.604231002167678e-11,6.003524799788602e-6,2.609257337737711e-5,0.11111048593996738,-0.11110940409420209
6545,0.25,-0.11111054318920913,6.958698993031828e-11,8.341881678033937e-6,2.5695800595783113e-5,0.11111054318920913,-0.11110940473241536
6546,0.1,-0.11111060004349488,1.1504048584674681e-10,1.0725692790992422e-5,2.5444990750279573e-5,0.11111060004349488,-0.11110940536652886
6547,0.1,-0.11111065605383419,1.7198492933800555e-10,1.3114302472415585e-5,2.5290196153984667e-5,0.11111065605383419,-0.11110940598579407
6548,0.1,-0.11111071109674257,2.4002508256393404e-10,1.549274289994945e-5,2.5114603238070922e-5,0.11111071109674257,-0.11110940658814575
6549,0.1,-0.11111076505193362,3.1872755438802e-10,1.785294245742197e-5,2.491832132691097e-5,0.11111076505193362,-0.11110940717159216
6550,0.1,-0.11111081780266753,4.076225155567321e-10,2.0189663582059313e-5,2.4701513533159786e-5,0.11111081780266753,-0.11110940773422431
6551,0.25,-0.11111086594266853,5.033705956531152e-10,2.2435921992490416e-5,2.4465617758933126e-5,0.11111086594266853,-0.11110940818479896
6552,0.625,-0.11111090153877451,5.970562418569579e-10,2.4434734331622226e-5,2.3892043492901345e-5,0.11111090153877451,-0.1111094083196002
6553,1.5625,-0.11111090449640579,6.641177105731887e-10,2.5770481380315518e-5,2.2413220230083326e-5,0.11111090449640579,-0.11110940762253319
6554,3.90625,-0.11111083059189593,6.44903240271876e-10,2.539494517166509e-5,1.865292958662598e-5,0.11111083059189593,-0.11110940510640582
6555,9.765625,-0.11111062141113905,4.406394632410324e-10,2.0991414036244257e-5,1.0454421741681918e-5,0.11111062141113905,-0.11110940056545315
6556,24.4140625,-0.11111038923337983,8.877849756852745e-11,9.422234213206942e-6,1.5242951051357224e-5,0.11111038923337983,-0.11110940002231061
6557,9.765625,-0.11111040326862091,2.0792159538925966e-11,4.559842051971314e-6,3.5721972782651516e-5,0.11111040326862091,-0.11110940172293692
6558,3.90625,-0.11111038216346818,6.998925824377666e-12,2.645548303164708e-6,3.9160259575990617e-5,0.11111038216346818,-0.11110940334688688
6559,1.5625,-0.11111035877286629,2.5010220643222737e-11,5.001021959882074e-6,3.8893069254208984e-5,0.11111035877286629,-0.11110940481990178
6560,0.625,-0.1111103350632122,7.055785093845416e-11,8.399872078695852e-6,3.815347805891932e-5,0.1111103350632122,-0.11110940621575927
6561,0.25,-0.1111103113238017,1.4269972733503843e-10,1.1945699114536512e-5,3.7587065594167153e-5,0.1111103113238017,-0.11110940758217185
6562,0.1,-0.11111028761275175,2.4118596065836387e-10,1.553016293083765e-5,3.722963778056618e-5,0.11111028761275175,-0.11110940893943348
6563,0.1,-0.1111102637749659,3.6514900805221213e-10,1.9108872495576815e-5,3.701201784638789e-5,0.1111102637749659,-0.11110941026533247
6564,0.1,-0.11111023979865246,5.137556227666921e-10,2.2666177947918173e-5,3.676189363355594e-5,0.11111023979865246,-0.11110941155518803
6565,0.1,-0.11111021567348632,6.86086521030334e-10,2.6193253349485513e-5,3.647950269455411e-5,0.11111021567348632,-0.1111094128044856
6566,0.1,-0.11111019139071111,8.811402478037846e-10,2.9684006599577905e-5,3.616514202993539e-5,0.11111019139071111,-0.11110941400889429
6567,0.25,-0.11111016638337297,1.0917618171749081e-9,3.304181921709076e-5,3.582083075782814e-5,0.11111016638337297,-0.1111094149699361
6568,0.625,-0.11111013948680527,1.2987635456102479e-9,3.603836213828603e-5,3.496730694414288e-5,0.11111013948680527,-0.1111094152421368
6569,1.5625,-0.11111010821591256,1.4490939589119937e-9,3.806696676794716e-5,3.274338068551968e-5,0.11111010821591256,-0.11110941369273206
6570,3.90625,-0.11111006975437622,1.413108481744871e-9,3.759133519502694e-5,2.701755805347174e-5,0.11111006975437622,-0.11110940813583339
6571,9.765625,-0.11111003777836176,9.725918687141596e-10,3.1186405190630095e-5,1.3857206744445417e-5,0.11111003777836176,-0.11110939802859018
6572,24.4140625,-0.11111013171224174,1.9776057232669053e-10,1.406273701406275e-5,2.0711051141073244e-5,0.11111013171224174,-0.11110939660610265
6573,9.765625,-0.11111025547722736,4.413029497341443e-11,6.643063673743797e-6,5.2455033776886194e-5,0.11111025547722736,-0.1111094003284749
6574,3.90625,-0.11111034060354581,1.0750113609891113e-11,3.2787365874511957e-6,5.783971636299046e-5,0.11111034060354581,-0.11110940390167255
6575,1.5625,-0.11111041743788473,4.802522885098589e-11,6.930023726581742e-6,5.753972380801223e-5,0.11111041743788473,-0.11110940713963319
6576,0.625,-0.11111049172433539,1.464265126011924e-10,1.2100682319654227e-5,5.647708357752145e-5,0.11111049172433539,-0.11110941020391457
6577,0.25,-0.1111105652048578,3.0385166619614263e-10,1.743134149158184e-5,5.565084278969059e-5,0.1111105652048578,-0.1111094132012993
6578,0.1,-0.11111063846880011,5.19756820025353e-10,2.2798175804773348e-5,5.5128124387862306e-5,0.11111063846880011,-0.11110941617779112
6579,0.1,-0.11111071128993315,7.922799572347897e-10,2.8147468043054773e-5,5.481079503764552e-5,0.11111071128993315,-0.11110941908594431
6580,0.1,-0.1111107835761392,1.1196171820166648e-9,3.346068113497788e-5,5.4444297614632106e-5,0.1111107835761392,-0.11110942191529183
6581,0.1,-0.11111085523558685,1.4997723369835444e-9,3.8726894233640066e-5,5.402899280970489e-5,0.11111085523558685,-0.11110942465573068
6582,0.1,-0.11111092617695184,1.9305654785748543e-9,4.3938200675208064e-5,5.356532168776662e-5,0.11111092617695184,-0.11110942729756351
6583,0.25,-0.11111099414422249,2.3963974142033823e-9,4.895301230979951e-5,5.305616966822442e-5,0.11111099414422249,-0.11110942940447506
6584,0.625,-0.11111105370736543,2.855334272849247e-9,5.3435327947428625e-5,5.178547026676491e-5,0.11111105370736543,-0.11110942999433006
6585,1.5625,-0.11111109058098513,3.1912303541611115e-9,5.6490975864832704e-5,4.8461288515797905e-5,0.11111109058098513,-0.11110942656457905
6586,3.90625,-0.11111107035505488,3.1194755062819465e-9,5.5852265005834334e-5,3.9857182410880645e-5,0.11111107035505488,-0.1111094142618184
6587,9.765625,-0.11111092836526874,2.1573779296053417e-9,4.6447582602384614e-5,1.9574527457385033e-5,0.11111092836526874,-0.11110939175685475
6588,24.4140625,-0.11111062925780103,4.438394438677152e-10,2.1067497332804276e-5,2.9343935404007212e-5,0.11111062925780103,-0.11110938824047975
6589,9.765625,-0.11111050937127895,9.75543711247411e-11,9.876961634264917e-6,7.767593859709671e-5,0.11111050937127895,-0.11110939645607706
6590,3.90625,-0.11111040122579045,1.9084155662332294e-11,4.368541594437701e-6,8.594874631015944e-5,0.11111040122579045,-0.11110940438291646
6591,1.5625,-0.11111030001080148,9.79624056072098e-11,9.897595950896854e-6,8.559284294243794e-5,0.11111030001080148,-0.11110941156719854
6592,0.625,-0.11111020141000708,3.128431049832623e-10,1.7687371341815108e-5,8.404221174854156e-5,0.11111020141000708,-0.11110941836208194
6593,0.25,-0.11111010387421555,6.589858476452717e-10,2.567071965577264e-5,8.282201471164464e-5,0.11111010387421555,-0.11110942500529851
6594,0.1,-0.1111100068526475,1.135155161549312e-9,3.3692063776938803e-5,8.20460272983869e-5,0.1111100068526475,-0.11110943160018998
6595,0.1,-0.11110991042308986,1.737270048388488e-9,4.1680571593831194e-5,8.157312255864327e-5,0.11110991042308986,-0.11110943804372252
6596,0.1,-0.11110981465635349,2.4613545739337036e-9,4.961204061448898e-5,8.10266441689252e-5,0.11110981465635349,-0.11110944431258668
6597,0.1,-0.1111097196223948,3.303007067706881e-9,5.7471793670520505e-5,8.040713286090558e-5,0.1111097196223948,-0.11110945038428216
6598,0.1,-0.11110962539029899,4.257418801977806e-9,6.5248898856439e-5,7.971524277952458e-5,0.11110962539029899,-0.11110945623720606
6599,0.25,-0.11110953359027388,5.29033876431812e-9,7.273471498753618e-5,7.895528034166462e-5,0.11110953359027388,-0.11110946090736472
6600,0.625,-0.11110944826832721,6.309602476643912e-9,7.943300621683603e-5,7.706039474497729e-5,0.11110944826832721,-0.11110946222099571
6601,1.5625,-0.11110938052885164,7.0596850039627995e-9,8.402193168430966e-5,7.210166720264286e-5,0.11110938052885164,-0.1111094546311383
6602,3.90625,-0.11110936008733491,6.913186918591666e-9,8.314557666281272e-5,5.923897687861292e-5,0.11110936008733491,-0.11110942733886518
6603,9.765625,-0.1111094620865815,4.799670894009448e-9,6.927965714413899e-5,2.8511955580913916e-5,0.1111094620865815,-0.11110937716880649
6604,24.4140625,-0.11111001881522778,7.724325967651249e-11,8.78881446365279e-6,4.1685251141590554e-5,0.11111001881522778,-0.11110940653882666
6605,9.765625,-0.11111058650957101,8.130812620241594e-11,9.017101873796034e-6,2.3824090930866163e-5,0.11111058650957101,-0.11110940603205532
6606,3.90625,-0.11111079632068549,9.197721410153728e-11,9.590475176003391e-6,1.6495243564044852e-5,0.11111079632068549,-0.11110940586021602
6607,1.5625,-0.11111096478242051,1.0549430567306018e-10,1.0271042092848232e-5,1.3525660121553457e-5,0.11111096478242051,-0.11110940585080203
6608,0.625,-0.11111112263929934,1.214419945093165e-10,1.1020072345920261e-5,1.22695366218625e-5,0.11111112263929934,-0.11110940591553244
6609,1.5625,-0.11111121585021673,1.3156474538037135e-10,1.1470167626515811e-5,1.1697733628322423e-5,0.11111121585021673,-0.11110940581884456
6610,3.90625,-0.11111113713493107,1.2210042771729788e-10,1.1049906231154086e-5,1.037660692358667e-5,0.11111113713493107,-0.111109405391166
6611,9.765625,-0.11111072003534182,7.543614305791275e-11,8.685398267086706e-6,8.340497237315605e-6,0.11111072003534182,-0.1111094046904809
6612,24.4140625,-0.11111022105885923,1.436951544386887e-11,3.790714371179774e-6,1.0778426203709412e-5,0.11111022105885923,-0.11110940478044005
6613,9.765625,-0.11111044146339705,5.038049551592358e-12,2.2445599906423436e-6,1.695485085182253e-5,0.11111044146339705,-0.11110940512007923
6614,3.90625,-0.11111050831499975,4.956320499701104e-12,2.2262795196697796e-6,1.765710030515852e-5,0.11111050831499975,-0.1111094054258264
6615,1.5625,-0.11111055762551038,1.0162033299564003e-11,3.1877944255494273e-6,1.727576261877741e-5,0.11111055762551038,-0.1111094057057219
6616,0.625,-0.1111106025300468,2.0011379341937416e-11,4.473408023189637e-6,1.6862980198688162e-5,0.1111106025300468,-0.11110940597422123
6617,0.25,-0.11111064611684877,3.4363846509399866e-11,5.862068449736822e-6,1.6580794263672282e-5,0.11111064611684877,-0.11110940623878192
6618,0.1,-0.11111068929848134,5.3173242231540694e-11,7.291998507373729e-6,1.6406205121200436e-5,0.11111068929848134,-0.11110940650213329
6619,0.1,-0.11111073090235102,7.624515106540566e-11,8.73184694468505e-6,1.629758806495305e-5,0.11111073090235102,-0.11110940675909099
6620,0.1,-0.1111107707617966,1.0340849075723639e-10,1.0168996546229938e-5,1.6178644578318553e-5,0.1111107707617966,-0.11110940700895877
6621,0.1,-0.11111080871761485,1.3447932848076465e-10,1.159652225802049e-5,1.6049289219766322e-5,0.11111080871761485,-0.11110940725106494
6622,0.1,-0.11111084461856342,1.6926152287356593e-10,1.3010054683726965e-5,1.5909502986229564e-5,0.11111084461856342,-0.11110940748476474
6623,0.25,-0.11111087265575087,2.063382876555986e-10,1.4364480069100956e-5,1.576038824526772e-5,0.11111087265575087,-0.11110940767307918
6624,0.625,-0.11111087986302991,2.4199635907238344e-10,1.555623216181809e-5,1.5411360073692066e-5,0.11111087986302991,-0.11110940773513088
6625,1.5625,-0.11111083446756845,2.6616865323274886e-10,1.6314676007593558e-5,1.4532972437495685e-5,0.11111083446756845,-0.11110940746864859
6626,3.90625,-0.11111067122149033,2.550553574870177e-10,1.597045263876443e-5,1.2373710482871473e-5,0.11111067122149033,-0.11110940649671507
6627,9.765625,-0.1111103301924193,1.7156682368647454e-10,1.309835194543476e-5,8.22370558094496e-6,0.1111103301924193,-0.11110940477475535
6628,24.4140625,-0.11111013168402885,3.5144581141880095e-11,5.9282865266348335e-6,1.1388024649555978e-5,0.11111013168402885,-0.11110940462423433
6629,9.765625,-0.11111029481521027,9.674294573514602e-12,3.1103528053123816e-6,2.3038189581125547e-5,0.11111029481521027,-0.11110940530082125
6630,3.90625,-0.11111036555896495,5.1676931233383334e-12,2.273256061982093e-6,2.4964031974547857e-5,0.11111036555896495,-0.11110940594704982
6631,1.5625,-0.11111042336650591,1.29114960871463e-11,3.5932570304872847e-6,2.4726733172509344e-5,0.11111042336650591,-0.11110940653725024
6632,0.625,-0.11111047760667324,3.127648181355534e-11,5.592538047573332e-6,2.4240535583695207e-5,0.11111047760667324,-0.11110940709911209
6633,0.25,-0.11111053070892828,5.990063249117501e-11,7.739549889442862e-6,2.3876177066712973e-5,0.11111053070892828,-0.11110940765022484
6634,0.1,-0.11111058344113324,9.868198514200973e-11,9.933880668802587e-6,2.36459549716729e-5,0.11111058344113324,-0.11110940819792359
6635,0.1,-0.1111106353833974,1.472639467683517e-10,1.2135235752483414e-5,2.3503915657904664e-5,0.1111106353833974,-0.1111094087329581
6636,0.1,-0.111110686420532,2.0530933097458518e-10,1.4328619297566155e-5,2.334279786515148e-5,0.111110686420532,-0.11110940925356672
6637,0.1,-0.1111107364403562,2.7244839293226267e-10,1.650601081219392e-5,2.3162707684938204e-5,0.1111107364403562,-0.11110940975805049
6638,0.1,-0.1111107853340223,3.482802940081922e-10,1.866226926202149e-5,2.2963801364990944e-5,0.1111107853340223,-0.11110941024478131
6639,0.25,-0.11111082992099877,4.299549878879633e-10,2.073535598652609e-5,2.27474042938995e-5,0.11111082992099877,-0.11110941063584114
6640,0.625,-0.11111086279556114,5.098636442171572e-10,2.2580160411679037e-5,2.222129524882515e-5,0.11111086279556114,-0.11110941075733262
6641,1.5625,-0.11111086520351063,5.670457124535652e-10,2.381272165153671e-5,2.086567391041792e-5,0.11111086520351063,-0.11110941016874333
6642,3.90625,-0.11111079589342067,5.506024495537556e-10,2.346491955140174e-5,1.742611011092708e-5,0.11111079589342067,-0.11110940802746949
6643,9.765625,-0.11111060051690576,3.762876489644602e-10,1.9398135192962758e-5,1.0010000506749593e-5,0.11111060051690576,-0.11110940415718364
6644,24.4140625,-0.11111038472569154,7.616837208152992e-11,8.727449345686856e-6,1.4332613603558625e-5,0.11111038472569154,-0.1111094036910503
6645,9.765625,-0.11111039890931487,1.8218492793465553e-11,4.2683126400798654e-6,3.3096191227113825e-5,0.11111039890931487,-0.11110940514358406
6646,3.90625,-0.11111038005181882,6.4800723853136615e-12,2.5455986300502406e-6,3.625906311058676e-5,0.11111038005181882,-0.11110940653332801
6647,1.5625,-0.11111035898825522,2.186171649285126e-11,4.675651451172474e-6,3.6011743880398196e-5,0.11111035898825522,-0.1111094077954839
6648,0.625,-0.11111033760087195,6.072478558333931e-11,7.79261096060488e-6,3.533013372032068e-5,0.11111033760087195,-0.11110940899231782
6649,0.25,-0.11111031617451854,1.2226641885997498e-10,1.105741465533309e-5,3.480836184932611e-5,0.11111031617451854,-0.1111094101642417
6650,0.1,-0.11111029476849414,2.0627378033338715e-10,1.436223451742058e-5,3.447917835623322e-5,0.11111029476849414,-0.1111094113284459
6651,0.1,-0.11111027323773319,3.1200675512069497e-10,1.766371294832134e-5,3.427878509461918e-5,0.11111027323773319,-0.11110941246590197
6652,0.1,-0.11111025157070482,4.387546338729067e-10,2.0946470678205116e-5,3.404846703930791e-5,0.11111025157070482,-0.11110941357261847
6653,0.1,-0.11111022975727436,5.857333122819768e-10,2.4201927862919863e-5,3.378844714203078e-5,0.11111022975727436,-0.11110941464474526
6654,0.1,-0.11111020778878768,7.520885900191461e-10,2.7424233626833513e-5,3.34990036768607e-5,0.11111020778878768,-0.11110941567858894
6655,0.25,-0.11111018512361834,9.3171618579112e-10,3.052402636925738e-5,3.3182000176689245e-5,0.11111018512361834,-0.11110941650478601
6656,0.625,-0.11111016064413287,1.1082466136307333e-9,3.329033814233092e-5,3.239624381687932e-5,0.11111016064413287,-0.11110941674328621
6657,1.5625,-0.11111013194812647,1.2364219783500434e-9,3.516279252775643e-5,3.0349536346485576e-5,0.11111013194812647,-0.11110941542773976
6658,3.90625,-0.1111100961908136,1.2056517405568276e-9,3.472249617404871e-5,2.5085682635819637e-5,0.1111100961908136,-0.11110941069350323
6659,9.765625,-0.11111006561340393,8.298355297038447e-10,2.8806866016695477e-5,1.306404818010373e-5,0.11111006561340393,-0.11110940207740462
6660,24.4140625,-0.11111015068024442,1.6904749607235287e-10,1.3001826643681759e-5,1.9318083569993397e-5,0.11111015068024442,-0.11110940086332484
6661,9.765625,-0.11111026470196742,3.810125504111714e-11,6.172621407563981e-6,4.851215531756226e-5,0.11111026470196742,-0.11110940403972668
6662,3.90625,-0.11111034293116417,9.682545863421379e-12,3.1116789460709757e-6,5.3474118635382236e-5,0.11111034293116417,-0.11110940709123966
6663,1.5625,-0.1111104135039099,4.1506299207747235e-11,6.442538258151614e-6,5.319595140692945e-5,0.1111104135039099,-0.11110940985798338
6664,0.625,-0.1111104817223195,1.2544934040162785e-10,1.1200416974453578e-5,5.221533686413656e-5,0.1111104817223195,-0.11110941247711441
6665,0.25,-0.11111054919200734,2.597200182221577e-10,1.6115831291688237e-5,5.145314766881214e-5,0.11111054919200734,-0.11110941503941457
6666,0.1,-0.11111061645575497,4.4385504360168603e-10,2.1067867561803356e-5,5.0971039902719214e-5,0.11111061645575497,-0.11110941758399344
6667,0.1,-0.11111068330433226,6.762662047013733e-10,2.6005118817290055e-5,5.06784067837851e-5,0.11111068330433226,-0.11110942007029945
6668,0.1,-0.11111074965315154,9.5541512148415e-10,3.090979005888183e-5,5.034043180335265e-5,0.11111074965315154,-0.11110942248940725
6669,0.1,-0.11111081541794021,1.279599437797316e-9,3.577148917500243e-5,4.995745067216977e-5,0.11111081541794021,-0.1111094248327019
6670,0.1,-0.11111088051494217,1.6469600519780088e-9,4.058275559862845e-5,4.952987362157846e-5,0.11111088051494217,-0.11110942709191492
6671,0.25,-0.11111094286677732,2.0441912638379203e-9,4.521273342586047e-5,4.906036404841219e-5,0.11111094286677732,-0.11110942889487935
6672,0.625,-0.11111099747604126,2.435525466765483e-9,4.935104321861376e-5,4.788860400488617e-5,0.11111099747604126,-0.11110942940394936
6673,1.5625,-0.1111110312000774,2.721898633702404e-9,5.21718183860061e-5,4.4823659299179325e-5,0.1111110312000774,-0.11110942648483696
6674,3.90625,-0.11111101239523549,2.6605726615042907e-9,5.1580739249300125e-5,3.6894566720654864e-5,0.11111101239523549,-0.1111094159986537
6675,9.765625,-0.11111088164317208,1.8399425080001254e-9,4.2894551029240594e-5,1.8263271282685746e-5,0.11111088164317208,-0.11110939681288072
6676,24.4140625,-0.1111106066612661,3.787798797064588e-10,1.9462268102830637e-5,2.7237584895088526e-5,0.1111106066612661,-0.11110939381673539
6677,9.765625,-0.11111049654530439,8.362270042848075e-11,9.144544845342536e-6,7.177557326618914e-5,0.11111049654530439,-0.11110940082414593
6678,3.90625,-0.11111039719355832,1.6796546831893157e-11,4.0983590413595e-6,7.940552330540555e-5,0.11111039719355832,-0.11110940758715632
6679,1.5625,-0.11111030420184004,8.412220652694074e-11,9.171815879472327e-6,7.907528749927615e-5,0.11111030420184004,-0.11110941371804796
6680,0.625,-0.11111021360123938,2.674036658784897e-10,1.6352481948575566e-5,7.764356567865159e-5,0.11111021360123938,-0.11110941951741608
6681,0.25,-0.11111012396655821,5.626010749497478e-10,2.3719213202586375e-5,7.65172568678672e-5,0.11111012396655821,-0.11110942518769941
6682,0.1,-0.1111100347908125,9.686620982516366e-10,3.112333687527153e-5,7.58010784456757e-5,0.1111100347908125,-0.1111094308168884
6683,0.1,-0.11110994614758195,1.4821064970037464e-9,3.849813627961419e-5,7.536467205128286e-5,0.11110994614758195,-0.1111094363170227
6684,0.1,-0.1111098581027705,2.099544046812268e-9,4.582078182235947e-5,7.486036368772628e-5,0.1111098581027705,-0.11110944166822669
6685,0.1,-0.11110977072159355,2.8172214252511146e-9,5.3077503947068896e-5,7.42886546888402e-5,0.11110977072159355,-0.11110944685131577
6686,0.1,-0.11110968406854248,3.6310381452296297e-9,6.025809609695306e-5,7.365015131618113e-5,0.11110968406854248,-0.1111094518478695
6687,0.25,-0.11110959965660734,4.5117826407958045e-9,6.716980453146938e-5,7.294882889594844e-5,0.11110959965660734,-0.11110945583578777
6688,0.625,-0.11110952124152593,5.3808520116237375e-9,7.335429102393218e-5,7.120012471584001e-5,0.11110952124152593,-0.11110945696138984
6689,1.5625,-0.11110945912731114,6.020325031817246e-9,7.759075352010216e-5,6.662419745620838e-5,0.11110945912731114,-0.11110945049465762
6690,3.90625,-0.11110944084315946,5.895156486611399e-9,7.677992241863363e-5,5.475725765093233e-5,0.11110944084315946,-0.11110942722782313
6691,9.765625,-0.11110953568063252,4.092610608327022e-9,6.397351489739345e-5,2.6452513636447722e-5,0.11110953568063252,-0.11110938445666751
6692,24.4140625,-0.11110988866397663,8.513444891998749e-10,2.9177808163052188e-5,3.928809531795471e-5,0.11110988866397663,-0.11110937726277859
6693,9.765625,-0.11111011399582499,1.8646079633216675e-10,1.3655064860049796e-5,0.0001067218234045237,0.11111011399582499,-0.11110939281559898
6694,3.90625,-0.11111029239792748,3.1164672839957265e-11,5.582532833755415e-6,0.0001183656395687488,0.11111029239792748,-0.11110940789294127
6695,1.5625,-0.11111045704912048,1.753135839913482e-10,1.32406036112916e-5,0.00011797101954973283,0.11111045704912048,-0.11110942156700442
6696,0.625,-0.11111061733496307,5.781121314299484e-10,2.4043962473559727e-5,0.00011587105554992026,0.11111061733496307,-0.11110943449765126
6697,0.25,-0.11111077634593847,1.230457288286114e-9,3.507787462612457e-5,0.00011420294007899516,0.11111077634593847,-0.11110944713621139
6698,0.1,-0.11111093516354441,2.1299668923304807e-9,4.6151564354098344e-5,0.00011313769024961003,0.11111093516354441,-0.11110945968027768
6699,0.1,-0.11111109346681358,3.2689790040161957e-9,5.717498582436375e-5,0.00011248647072571,0.11111109346681358,-0.11110947193732133
6700,0.1,-0.11111125107916899,4.639993275966939e-9,6.81174961075856e-5,0.00011173385958171221,0.11111125107916899,-0.11110948386301826
6701,0.1,-0.11111140782205431,6.234702041334556e-9,7.896012944096885e-5,0.0001108805785725125,0.11111140782205431,-0.11110949541457034
6702,0.1,-0.1111115635153615,8.044025354454096e-9,8.968849064653779e-5,0.0001099275048196436,0.1111115635153615,-0.11110950655087112
6703,0.25,-0.1111117141694269,1.000350331926098e-8,0.00010001751506241785,0.00010888055000050869,0.1111117141694269,-0.11110951544804348
6704,0.625,-0.11111184998847755,1.1939526652341184e-8,0.00010926814106747302,0.0001062722904010642,0.11111184998847755,-0.11110951798781063
6705,1.5625,-0.11111194473844117,1.3370367229742769e-8,0.00011563030411506652,9.944622440794344e-5,0.11111194473844117,-0.11110950364918146
6706,3.90625,-0.1111119330454303,1.3111390994405124e-8,0.00011450498239991622,8.172093448353718e-5,0.1111119330454303,-0.11110945188716517
6707,9.765625,-0.11111168013054366,9.132199627558685e-9,9.556254301533988e-5,3.9108499247161284e-5,0.11111168013054366,-0.11110935632313228
6708,24.4140625,-0.11111122818279452,1.4279012972232197e-10,1.1949482403950472e-5,5.638314753075656e-5,0.11111122818279452,-0.11110941152063968
6709,9.765625,-0.11110987044472388,1.4853879372692043e-10,1.2187649228908766e-5,3.2747122978963266e-5,0.11110987044472388,-0.11110941066912379
6710,3.90625,-0.11110935438745369,1.7098370403127167e-10,1.3076073723838959e-5,2.2393606573840046e-5,0.11110935438745369,-0.11110941033726572
6711,1.5625,-0.11110893944594519,1.9931235084798584e-10,1.4117802621087526e-5,1.7924965923518355e-5,0.11110893944594519,-0.11110941029069842
6712,0.625,-0.11110855076205742,2.3283163062279295e-10,1.5258821403463407e-5,1.59529320597997e-5,0.11110855076205742,-0.11110941037869962
6713,1.5625,-0.11110831644798376,2.542137702628767e-10,1.5944082609635358e-5,1.5038938682268142e-5,0.11110831644798376,-0.1111094101485185
6714,3.90625,-0.11110849504863526,2.3393652721185614e-10,1.5294983727087e-5,1.2855423817729096e-5,0.11110849504863526,-0.11110940927679719
6715,9.765625,-0.11110949656155829,1.3906132936836314e-10,1.1792426780284164e-5,9.319381281929522e-6,0.11110949656155829,-0.11110940793613501
6716,24.4140625,-0.11111074749124997,2.5184615157411316e-11,5.018427558250823e-6,1.3229110012362316e-5,0.11111074749124997,-0.11110940811309643
6717,9.765625,-0.11111020479904328,6.395162179414458e-12,2.5288657891265123e-6,2.2469613506807332e-5,0.11111020479904328,-0.11110940875823339
6718,3.90625,-0.11111002035453411,6.401641475270512e-12,2.5301465323712994e-6,2.3460888400158634e-5,0.11111002035453411,-0.11110940930860805
6719,1.5625,-0.11110987992826693,1.6537154514642325e-11,4.066590035231278e-6,2.289234131226337e-5,0.11110987992826693,-0.11110940980123749
6720,0.625,-0.11110975083196478,3.5568750698569306e-11,5.963954283742398e-6,2.2289549672310682e-5,0.11110975083196478,-0.11110941026915917
6721,0.25,-0.11110962519341124,6.323756725327807e-11,7.952205181789393e-6,2.1880128661813463e-5,0.11110962519341124,-0.1111094107285432
6722,0.1,-0.11110950065275205,9.946148829841315e-11,9.973038067630803e-6,2.1628202816837073e-5,0.11110950065275205,-0.11110941118531528
6723,0.1,-0.1111093799399757,1.438484944639196e-10,1.1993685608015561e-5,2.1472500904281314e-5,0.1111093799399757,-0.11110941162992001
6724,0.1,-0.11110926347291773,1.9606006708557267e-10,1.4002145088720253e-5,2.1301468331486766e-5,0.11110926347291773,-0.11110941206101721
6725,0.1,-0.11110915165200437,2.557323377834228e-10,1.599163336821548e-5,2.1114992302381833e-5,0.11110915165200437,-0.1111094124773145
6726,0.1,-0.11110904485903456,3.224775830968974e-10,1.7957660847028417e-5,2.0913050861549928e-5,0.11110904485903456,-0.11110941287757453
6727,0.25,-0.1111089572130955,3.9344143897455964e-10,1.9835358302147194e-5,2.0697226021117927e-5,0.1111089572130955,-0.11110941319122576
6728,0.625,-0.11110892041681415,4.611863994116423e-10,2.1475250857944413e-5,2.0188732433431438e-5,0.11110892041681415,-0.1111094132641177
6729,1.5625,-0.11110901263355276,5.057687467707903e-10,2.248930294097152e-5,1.890379562055113e-5,0.11110901263355276,-0.11110941271325185
6730,3.90625,-0.11110939690232623,4.812457921614947e-10,2.1937315062730323e-5,1.5720701690576204e-5,0.11110939690232623,-0.11110941083770358
6731,9.765625,-0.1111102389745463,3.2051081072011713e-10,1.7902815720442334e-5,9.365191102632592e-6,0.1111102389745463,-0.11110940758981501
6732,24.4140625,-0.11111082621699075,6.43595917273214e-11,8.022443002435193e-6,1.4271606488235073e-5,0.11111082621699075,-0.11110940730784713
6733,9.765625,-0.11111046830676156,1.5169397932201478e-11,3.894791128186655e-6,3.0947829594229284e-5,0.11111046830676156,-0.11110940857607145
6734,3.90625,-0.11111032389849607,6.236277032839082e-12,2.497253898352965e-6,3.3710753591185786e-5,0.11111032389849607,-0.11110940977145647
6735,1.5625,-0.11111020874919836,2.0552565116478265e-11,4.533493698735917e-6,3.340020108620182e-5,0.11111020874919836,-0.1111094108535281
6736,0.625,-0.11111010162844726,5.4999824305241904e-11,7.416186641748029e-6,3.272691890551311e-5,0.11111010162844726,-0.11110941187868971
6737,0.25,-0.11110999709824061,1.0888500476457093e-10,1.043479778263915e-5,3.221901662185487e-5,0.11110999709824061,-0.11110941288206812
6738,0.1,-0.11110989345205262,1.8201319831247546e-10,1.3491226716369252e-5,3.1897188719557e-5,0.11110989345205262,-0.11110941387836172
6739,0.1,-0.11110979162045398,2.7371296040951074e-10,1.6544272737401022e-5,3.169832329072038e-5,0.11110979162045398,-0.11110941485073618
6740,0.1,-0.11110969185390339,3.8334709701496013e-10,1.957925169701233e-5,3.147261832134116e-5,0.11110969185390339,-0.11110941579585415
6741,0.1,-0.11110959439525582,5.102166642689759e-10,2.2587976099442284e-5,3.1220195666090036e-5,0.11110959439525582,-0.11110941671049722
6742,0.1,-0.11110949947906966,6.535637673198444e-10,2.5564893258526318e-5,3.094124429014684e-5,0.11110949947906966,-0.11110941759157911
6743,0.25,-0.11110941409945596,8.080086763223826e-10,2.8425493422672238e-5,3.0637586654339546e-5,0.11110941409945596,-0.11110941829251013
6744,0.625,-0.11110935449207918,9.591849479247808e-10,3.097071113043387e-5,2.98985867648046e-5,0.11110935449207918,-0.11110941848552132
6745,1.5625,-0.11110936162600922,1.0675321268919153e-9,3.267311015027365e-5,2.799003097527145e-5,0.11110936162600922,-0.11110941733996076
6746,3.90625,-0.11110952486399724,1.0371096230527366e-9,3.220418642122072e-5,2.311217428532872e-5,0.11110952486399724,-0.11110941326597307
6747,9.765625,-0.1111099571703807,7.094284972227781e-10,2.663509897152211e-5,1.2165233853994134e-5,0.1111099571703807,-0.11110940592152567
6748,24.4140625,-0.11111039647385788,1.4283804170765306e-10,1.1951487008220067e-5,1.8419268995379222e-5,0.11111039647385788,-0.11110940499543276
6749,9.765625,-0.1111103177862452,3.184832194924899e-11,5.64343175286536e-6,4.504321849519087e-5,0.1111103177862452,-0.11110940773263331
6750,3.90625,-0.11111032178632811,8.716630699081923e-12,2.952394062296211e-6,4.9518565887715846e-5,0.11111032178632811,-0.11110941034402536
6751,1.5625,-0.11111033405144288,3.708465102631557e-11,6.089716826447316e-6,4.920862395771019e-5,0.11111033405144288,-0.11110941270786627
6752,0.625,-0.11111034824237488,1.1001447032028842e-10,1.0488778304468468e-5,4.827590403996416e-5,0.11111034824237488,-0.11110941494471646
6753,0.25,-0.1111103630331181,2.259692570097636e-10,1.5032273846952216e-5,4.755679316845932e-5,0.1111103630331181,-0.11110941713276641
6754,0.1,-0.11111037805477841,3.845398853780584e-10,1.960968855892562e-5,4.7101716124346165e-5,0.11111037805477841,-0.11110941930542599
6755,0.1,-0.11111039365334108,5.84335057962158e-10,2.417302335170671e-5,4.682411949807508e-5,0.11111039365334108,-0.1111094214274889
6756,0.1,-0.11111040988082088,8.240136912777978e-10,2.8705638666955276e-5,4.650490838996577e-5,0.11111040988082088,-0.11110942349137717
6757,0.1,-0.1111104267851785,1.1020958319811315e-9,3.319782872389596e-5,4.6144377140201465e-5,0.1111104267851785,-0.11110942548977998
6758,0.1,-0.11111044441013262,1.416968880457769e-9,3.764264709684707e-5,4.5742893368745134e-5,0.11111044441013262,-0.11110942741568344
6759,0.25,-0.11111046458754173,1.757143197467435e-9,4.191829191972682e-5,4.530303173731431e-5,0.11111046458754173,-0.11110942894944403
6760,0.625,-0.1111104913438109,2.091789350685533e-9,4.5736083683296855e-5,4.4212697671642954e-5,0.1111104913438109,-0.11110942937271939
6761,1.5625,-0.11111053419270803,2.335623655923832e-9,4.8328290430386956e-5,4.1369569908122406e-5,0.11111053419270803,-0.11110942685729092
6762,3.90625,-0.11111061033775292,2.2800211859054108e-9,4.774956738971999e-5,3.402883216387606e-5,0.11111061033775292,-0.11110941786748596
6763,9.765625,-0.11111071852248433,1.57266013313886e-9,3.965677915740082e-5,1.686743961408324e-5,0.11111071852248433,-0.11110940148452296
6764,24.4140625,-0.1111106598171113,3.209619925786342e-10,1.79154121520727e-5,2.5536377971901425e-5,0.1111106598171113,-0.11110939906667468
6765,9.765625,-0.11111047779277966,7.025210890343952e-11,8.38165311280773e-6,6.648563730372933e-5,0.11111047779277966,-0.11110940507989048
6766,3.90625,-0.11111036177533402,1.4615225503807946e-11,3.8229864639844e-6,7.345013536602574e-5,0.11111036177533402,-0.11110941086041388
6767,1.5625,-0.11111025863287388,7.358325821674745e-11,8.578068443230531e-6,7.310532987619686e-5,0.11111025863287388,-0.11110941609586387
6768,0.625,-0.11111015951995587,2.316460372991972e-10,1.5219922381510268e-5,7.176426397532813e-5,0.11111015951995587,-0.11110942104742763
6769,0.25,-0.11111006185925817,4.853649754693378e-10,2.203100032838586e-5,7.071507796759245e-5,0.11111006185925817,-0.11110942588890235
6770,0.1,-0.111109964797961,8.3384246184203e-10,2.8876330477434802e-5,7.004914832446665e-5,0.111109964797961,-0.1111094306954828
6771,0.1,-0.11110986868201712,1.2740785570207874e-9,3.569423702813645e-5,6.964365339923619e-5,0.11110986868201712,-0.11110943539134352
6772,0.1,-0.1111097736317644,1.803158183468229e-9,4.246361010875346e-5,6.917548669349402e-5,0.1111097736317644,-0.11110943995952738
6773,0.1,-0.11110967976480023,2.41785596727548e-9,4.9171698844716356e-5,6.864509864486527e-5,0.11110967976480023,-0.11110944438366722
6774,0.1,-0.11110958719576236,3.1146498823749965e-9,5.5809048391591455e-5,6.8053040191702e-5,0.11110958719576236,-0.1111094486480493
6775,0.25,-0.11110949909945335,3.86842861652955e-9,6.21966929710057e-5,6.740299979390476e-5,0.11110949909945335,-0.111109452048054
6776,0.625,-0.1111094230098756,4.611661671553609e-9,6.790921639625662e-5,6.578299737436726e-5,0.1111094230098756,-0.11110945299610109
6777,1.5625,-0.11110937855819751,5.15722105367219e-9,7.181379431329465e-5,6.154556484637355e-5,0.11110937855819751,-0.11110944744379742
6778,3.90625,-0.11110941247730581,5.046092243437711e-9,7.103585181749925e-5,5.056340470875942e-5,0.11110941247730581,-0.1111094275234807
6779,9.765625,-0.11110961083536397,3.4972959361339886e-9,5.913793990437939e-5,2.4442216454758483e-5,0.11110961083536397,-0.11110939099327903
6780,24.4140625,-0.11111001341300572,7.236901568654323e-10,2.690148986330371e-5,3.6649998334658636e-5,0.11111001341300572,-0.11110938504121654
6781,9.765625,-0.1111101681094379,1.5808976421343626e-10,1.2573375211669946e-5,9.8741677925464e-5,0.1111101681094379,-0.11110939835011874
6782,3.90625,-0.11111030897184743,2.762029047248263e-11,5.255500972550821e-6,0.00010941731011894677,0.11111030897184743,-0.11110941122215351
6783,1.5625,-0.11111044136086438,1.5283336308679468e-10,1.236257914380307e-5,0.0001090163673300914,0.11111044136086438,-0.11110942289074424
6784,0.625,-0.11111057087355805,4.989624211093181e-10,2.2337466756759104e-5,0.0001070609622510803,0.11111057087355805,-0.1111094339248014
6785,0.25,-0.11111069956538465,1.058267575308591e-9,3.2531024811840636e-5,0.00010551390555017768,0.11111069956538465,-0.11110944471053802
6786,0.1,-0.1111108281819268,1.828729140974628e-9,4.276364274678466e-5,0.00010452789715610712,0.1111108281819268,-0.11110945541651822
6787,0.1,-0.11111095655322704,2.8037723602484916e-9,5.295065967717958e-5,0.000103926141338018,0.11111095655322704,-0.1111094658771916
6788,0.1,-0.11111108455382258,3.976972884063244e-9,6.306324511205591e-5,0.00010323058117412468,0.11111108455382258,-0.11110947605468648
6789,0.1,-0.11111121205550267,5.341215664599971e-9,7.308362104192683e-5,0.00010244189335366916,0.11111121205550267,-0.11110948591243901
6790,0.1,-0.11111133892760298,6.888725061136168e-9,8.299834372525856e-5,0.00010156089828506863,0.11111133892760298,-0.11110949541533456
6791,0.25,-0.11111146249785492,8.564213868736148e-9,9.254303792688108e-5,0.00010059307079992466,0.11111146249785492,-0.111109503002252
6792,0.625,-0.11111157608410202,1.0218826668181478e-8,0.00010108821231074115,9.81802069371549e-5,0.11111157608410202,-0.11110950515003394
6793,1.5625,-0.11111166145020737,1.1439649431490148e-8,0.00010695629682954691,9.186454084928349e-5,0.11111166145020737,-0.11110949286208471
6794,3.90625,-0.11111167138497087,1.1211862082182773e-8,0.0001058860806819422,7.546836078042812e-5,0.11111167138497087,-0.11110944859123402
6795,9.765625,-0.11111149853278361,7.799118708409633e-9,8.831261919119845e-5,3.611273711365505e-5,0.11111149853278361,-0.11110936700464799
6796,24.4140625,-0.11111093469370271,1.217652852704552e-10,1.1034730865338547e-5,5.2432311189229376e-5,0.11111093469370271,-0.11110941439045331
6797,9.765625,-0.11110999546085198,1.2804051631899292e-10,1.1315498942556307e-5,2.9856960187888943e-5,0.11110999546085198,-0.11110941359245563
6798,3.90625,-0.11110964245591015,1.4582898374982252e-10,1.2075967197281653e-5,2.0331241684892337e-5,0.11110964245591015,-0.11110941329852207
6799,1.5625,-0.11110935836034122,1.682238216184552e-10,1.2970112629366609e-5,1.6350024730737926e-5,0.11110935836034122,-0.11110941325764283
6800,0.625,-0.11110909210188827,1.9460393485711836e-10,1.3950051428475751e-5,1.4629832185234878e-5,0.11110909210188827,-0.11110941333357642
6801,1.5625,-0.11110893224402464,2.1133672987681353e-10,1.453742514604335e-5,1.3839390496986254e-5,0.11110893224402464,-0.11110941314857237
6802,3.90625,-0.11110905640015849,1.9557139177543867e-10,1.3984684185759744e-5,1.1979783891213681e-5,0.11110905640015849,-0.11110941243165348
6803,9.765625,-0.11110974446388158,1.1925019405778867e-10,1.0920173719212926e-5,9.008687187731478e-6,0.11110974446388158,-0.11110941129345342
6804,24.4140625,-0.1111105968370248,2.140146684974508e-11,4.626171943383112e-6,1.2492062630623406e-5,0.1111105968370248,-0.11110941144861229
6805,9.765625,-0.11111023905244928,5.929079043436235e-12,2.434970029268581e-6,2.0863735455384517e-5,0.11111023905244928,-0.11110941199313008
6806,3.90625,-0.1111101236807892,5.744159523330896e-12,2.3966976286822034e-6,2.1802804581461333e-5,0.1111101236807892,-0.11110941246791163
6807,1.5625,-0.11111003723800085,1.4148246174955916e-11,3.7614154483327038e-6,2.1304854234891355e-5,0.11111003723800085,-0.11110941289539084
6808,0.625,-0.11110995817082361,3.009435430907176e-11,5.485832143720017e-6,2.0762869900216207e-5,0.11110995817082361,-0.11110941330223599
6809,0.25,-0.11110988134248607,5.335572990696546e-11,7.304500661028477e-6,2.0391693024524603e-5,0.11110988134248607,-0.11110941370183389
6810,0.1,-0.11110980522261939,8.385849171840863e-11,9.157428226222068e-6,2.0161894962197e-5,0.11110980522261939,-0.11110941409913427
6811,0.1,-0.11110973165420075,1.2128395274947144e-10,1.1012899379794198e-5,2.0018952857880276e-5,0.11110973165420075,-0.11110941448608208
6812,0.1,-0.11110966091075052,1.6535268218428776e-10,1.2858953386037597e-5,1.9862226329213767e-5,0.11110966091075052,-0.11110941486154516
6813,0.1,-0.11110959325394111,2.1576423470775883e-10,1.4688915368663503e-5,1.969158795885248e-5,0.11110959325394111,-0.1111094152244306
6814,0.1,-0.11110952893278535,2.721982506534044e-10,1.6498431763455714e-5,1.9506994412065478e-5,0.11110952893278535,-0.11110941557368995
6815,0.25,-0.11110947731260347,3.323314013840253e-10,1.8229958896937352e-5,1.930987421103481e-5,0.11110947731260347,-0.11110941584969196
6816,0.625,-0.11110945936788241,3.900829747655004e-10,1.9750518341691704e-5,1.8847461795997188e-5,0.11110945936788241,-0.11110941592183175
6817,1.5625,-0.11110952667297141,4.2901483431821797e-10,2.0712673277928612e-5,1.7679782085971754e-5,0.11110952667297141,-0.11110941546388038
6818,3.90625,-0.111109786082269,4.105258784635215e-10,2.026143821310623e-5,1.4780934356612916e-5,0.111109786082269,-0.11110941387046869
6819,9.765625,-0.11111034170081342,2.753718849853221e-10,1.6594332917756054e-5,8.960371041059025e-6,0.11111034170081342,-0.11110941107772973
6820,24.4140625,-0.11111070093756961,5.5192864299995284e-11,7.429190016414662e-6,1.3369108240593472e-5,0.11111070093756961,-0.1111094108369966
6821,9.765625,-0.11111044893113194,1.3527217052067633e-11,3.6779365209404627e-6,2.877566864225399e-5,0.11111044893113194,-0.11110941192382923
6822,3.90625,-0.11111034203971983,5.972415868163077e-12,2.443852669078698e-6,3.130472035120484e-5,0.11111034203971983,-0.11110941295141176
6823,1.5625,-0.11111025536440307,1.829219462097208e-11,4.276937528298967e-6,3.101334323989216e-5,0.11111025536440307,-0.11110941388335091
6824,0.625,-0.11111017428821249,4.7832899664107904e-11,6.91613328848627e-6,3.039099086101841e-5,0.11111017428821249,-0.11110941476717683
6825,0.25,-0.11111009502979788,9.400346408632555e-11,9.69553835979857e-6,2.992218012878821e-5,0.11111009502979788,-0.11110941563261573
6826,0.1,-0.11111001639650421,1.5663705454857595e-10,1.2515472605881728e-5,2.9625227606772214e-5,0.11111001639650421,-0.11110941649209632
6827,0.1,-0.11110993902177463,2.351590958250791e-10,1.533489797243787e-5,2.944170431117603e-5,0.11110993902177463,-0.11110941733108723
6828,0.1,-0.1111098630806084,3.290247973839323e-10,1.81390406963525e-5,2.9233445219565746e-5,0.1111098630806084,-0.11110941814673207
6829,0.1,-0.11110978874291859,4.3763666955978555e-10,2.091976743560467e-5,2.9000569802558198e-5,0.11110978874291859,-0.11110941893627568
6830,0.1,-0.11110971617305776,5.603468951230794e-10,2.3671647494905787e-5,2.8743259235418822e-5,0.11110971617305776,-0.11110941969707702
6831,0.25,-0.1111096502197077,6.925592244229949e-10,2.631651999073956e-5,2.8463204900666897e-5,0.1111096502197077,-0.11110942030351907
6832,0.625,-0.1111096021632137,8.219985685974841e-10,2.8670517410704053e-5,2.778213256536376e-5,0.1111096021632137,-0.11110942047481044
6833,1.5625,-0.11110960054350157,9.148423454061038e-10,3.0246360862194708e-5,2.6024190821597286e-5,0.11110960054350157,-0.11110941949921398
6834,3.90625,-0.11110970804269298,8.889281983646385e-10,2.9814898932658457e-5,2.153661352651577e-5,0.11110970804269298,-0.11110941601373464
6835,9.765625,-0.11111000679564509,6.080314260120363e-10,2.4658293250183322e-5,1.1539234236747809e-5,0.11111000679564509,-0.11110940972588663
6836,24.4140625,-0.11111033270135262,1.222588990462143e-10,1.1057074615205158e-5,1.7288016274751452e-5,0.11111033270135262,-0.11110940894967639
6837,9.765625,-0.11111030220270249,2.7616423344924364e-11,5.255133047309493e-6,4.177284834590523e-5,0.11111030220270249,-0.11110941129588438
6838,3.90625,-0.1111103228808371,8.062901459677614e-12,2.839524865127547e-6,4.5881899516799124e-5,0.1111103228808371,-0.11110941353413588
6839,1.5625,-0.11111034767745205,3.256964105489165e-11,5.706981781545447e-6,4.558560409993211e-5,0.11111034767745205,-0.11110941556116573
6840,0.625,-0.11111037329389255,9.521134707550508e-11,9.757630197722452e-6,4.471995598320654e-5,0.11111037329389255,-0.1111094174800158
6841,0.25,-0.11111039915536615,1.9467754770589898e-10,1.39526896226462e-5,4.4054128994892264e-5,0.11111039915536615,-0.11110941935739936
6842,0.1,-0.11111042512425416,3.3062039195421427e-10,1.818296983317671e-5,4.3633242736729e-5,0.11111042512425416,-0.11110942122177629
6843,0.1,-0.11111045140897098,5.018466013961583e-10,2.2401932983476186e-5,4.337673198531621e-5,0.11111045140897098,-0.11110942304282252
6844,0.1,-0.11111047802811291,7.072073108484411e-10,2.659336967833225e-5,4.30817739516013e-5,0.11111047802811291,-0.1111094248140523
6845,0.1,-0.11111050499750247,9.454346263577263e-10,3.0747920683482424e-5,4.274864222286965e-5,0.11111050499750247,-0.1111094265292083
6846,0.1,-0.11111053233010239,1.2151469555555087e-9,3.4858958038867263e-5,4.2377678830187175e-5,0.11111053233010239,-0.11110942818228796
6847,0.25,-0.11111056088932464,1.5064876709305654e-9,3.881349856597013e-5,4.197125687310253e-5,0.11111056088932464,-0.1111094294992956
6848,0.625,-0.11111059247529999,1.7930121578714266e-9,4.2343974280544646e-5,4.0963524530985216e-5,0.11111059247529999,-0.11110942986471202
6849,1.5625,-0.1111106310460701,2.0015742715609444e-9,4.473895697891206e-5,3.833603416470872e-5,0.1111106310460701,-0.11110942771242692
6850,3.90625,-0.1111106820211941,1.9532810709849286e-9,4.419593953051489e-5,3.155685272161455e-5,0.1111106820211941,-0.11110942001578475
6851,9.765625,-0.11111073142136949,1.3462883361698518e-9,3.669180202947045e-5,1.578097555654463e-5,0.11111073142136949,-0.11110940600021535
6852,24.4140625,-0.11111062948202165,2.742783780745187e-10,1.656135193981816e-5,2.3841465124770836e-5,0.11111062948202165,-0.11110940396675044
6853,9.765625,-0.11111047727013049,6.030645154871245e-11,7.7657228606687e-6,6.157283322365777e-5,0.11111047727013049,-0.1111094091164984
6854,3.90625,-0.11111037412005963,1.314949799170696e-11,3.626223654396811e-6,6.798236066358308e-5,0.11111037412005963,-0.11110941406380011
6855,1.5625,-0.11111028139576763,6.400839895819293e-11,8.000524917665898e-6,6.765256894130841e-5,0.11111028139576763,-0.11110941854503387
6856,0.625,-0.1111101920096949,1.9963613567896892e-10,1.4129265220773828e-5,6.640898103189738e-5,0.1111101920096949,-0.11110942278403173
6857,0.25,-0.11111010383966699,4.1710170892491067e-10,2.042306805856825e-5,6.543817414395351e-5,0.11111010383966699,-0.11110942692934724
6858,0.1,-0.11111001617555795,7.156432665698135e-10,2.675150961291369e-5,6.482285303527448e-5,0.11111001617555795,-0.11110943104515816
6859,0.1,-0.11110992927606193,1.0926905907214337e-9,3.3055870745170724e-5,6.444874897087412e-5,0.11110992927606193,-0.11110943506630798
6860,0.1,-0.11110984324067315,1.5457487311276931e-9,3.931601112940748e-5,6.401666501817724e-5,0.11110984324067315,-0.11110943897828256
6861,0.1,-0.11110975816688436,2.0720568491225134e-9,4.551985115444155e-5,6.352702221031157e-5,0.11110975816688436,-0.11110944276707202
6862,0.1,-0.1111096741500262,2.668599918496934e-9,5.165849318840934e-5,6.298033473782631e-5,0.1111096741500262,-0.11110944641922739
6863,0.25,-0.11110959375533058,3.3138482771179256e-9,5.7566034057575354e-5,6.23800025179443e-5,0.11110959375533058,-0.11110944933121397
6864,0.625,-0.11110952310886164,3.94990897303863e-9,6.284830127408878e-5,6.088244096392474e-5,0.11110952310886164,-0.11110945014360041
6865,1.5625,-0.11110947828386705,4.416381256328373e-9,6.645585945820258e-5,5.696427685020364e-5,0.11110947828386705,-0.11110944539061003
6866,3.90625,-0.11110949815548397,4.319931609858327e-9,6.572618663712604e-5,4.681246601512286e-5,0.11110949815548397,-0.1111094283411751
6867,9.765625,-0.11110965803284117,2.9919901887468085e-9,5.4699087640899535e-5,2.27264174445137e-5,0.11110965803284117,-0.11110939710071709
6868,24.4140625,-0.11111001516913394,6.179882283518259e-10,2.4859369025617403e-5,3.409264763443211e-5,0.11111001516913394,-0.11110939207584336
6869,9.765625,-0.11111017002915469,1.3524106113580424e-10,1.1629319031474038e-5,9.137131113915138e-5,0.11111017002915469,-0.11110940346352158
6870,3.90625,-0.11111030584679357,2.4485656674890636e-11,4.9482983615471935e-6,0.00010120626340735088,0.11111030584679357,-0.11110941446935446
6871,1.5625,-0.11111043289687322,1.3231799122806553e-10,1.1502955760501974e-5,0.00010082151410942937,0.11111043289687322,-0.11110942444570367
6872,0.625,-0.11111055701199987,4.290456950161147e-10,2.0713418235919313e-5,9.90083934505433e-5,0.11111055701199987,-0.11110943388024012
6873,0.25,-0.1111106802639617,9.080686914512222e-10,3.0134178128019723e-5,9.75764753858452e-5,0.1111106802639617,-0.11110944310316476
6874,0.1,-0.11111080339613137,1.5676700245560536e-9,3.959381295803744e-5,9.666477156719145e-5,0.11111080339613137,-0.1111094522584127
6875,0.1,-0.11111092623117484,2.4022190350554814e-9,4.901243755472157e-5,9.610892116483729e-5,0.11111092623117484,-0.1111094612039362
6876,0.1,-0.11111104864664796,3.4062186477252804e-9,5.836281905224661e-5,9.54662741191825e-5,0.11111104864664796,-0.11110946990733726
6877,0.1,-0.11111117051793591,4.573580318673806e-9,6.76282508917228e-5,9.473746212876283e-5,0.11111117051793591,-0.11110947833733772
6878,0.1,-0.11111129171853558,5.8976498480437346e-9,7.679615776875648e-5,9.392324972660649e-5,0.11111129171853558,-0.11110948646390083
6879,0.25,-0.11111140959550164,7.3310586575790565e-9,8.562160158265585e-5,9.302869105629584e-5,0.11111140959550164,-0.11110949295081556
6880,0.625,-0.11111151754832373,8.746284783764518e-9,9.352157389482129e-5,9.079726458963378e-5,0.11111151754832373,-0.11110949478323093
6881,1.5625,-0.1111115976512376,9.789638780572316e-9,9.894260346570792e-5,8.495571810067101e-5,0.1111115976512376,-0.11110948426420507
6882,3.90625,-0.11111160390953073,9.592113881028504e-9,9.793933776082266e-5,6.979294297870678e-5,0.11111160390953073,-0.11110944639032123
6883,9.765625,-0.11111143386404736,6.668205754014333e-9,8.165908249554567e-5,3.3446532392785956e-5,0.11111143386404736,-0.11110937664992578
6884,24.4140625,-0.11111093437920055,1.0536496460944627e-10,1.0264743767354656e-5,4.867639089369353e-5,0.11111093437920055,-0.11110941724536738
6885,9.765625,-0.11111001138852698,1.1055418531389531e-10,1.0514475037485005e-5,2.78734843504491e-5,0.11111001138852698,-0.11110941656886641
6886,3.90625,-0.11110966319623797,1.2597429392712372e-10,1.1223827062420541e-5,1.909625630739111e-5,0.11110966319623797,-0.11110941632271264
6887,1.5625,-0.11110938300003094,1.454114260206262e-10,1.205866601331284e-5,1.543440704784432e-5,0.11110938300003094,-0.11110941629443952
6888,0.625,-0.11110912042304977,1.683320159603881e-10,1.297428286882894e-5,1.385548439323448e-5,0.11110912042304977,-0.11110941636689944
6889,1.5625,-0.11110896244421065,1.828680257694011e-10,1.3522870470776575e-5,1.3131098894876973e-5,0.11110896244421065,-0.11110941621331949
6890,3.90625,-0.11110908384890192,1.6908515435031085e-10,1.3003274754857364e-5,1.1431961044458184e-5,0.11110908384890192,-0.11110941559964245
6891,9.765625,-0.11110976058559308,1.0285126446456185e-10,1.0141561243938817e-5,8.752542203593752e-6,0.11110976058559308,-0.11110941462448867
6892,24.4140625,-0.11111060107592613,1.884840127725322e-11,4.3414745510313914e-6,1.188291804338578e-5,0.11111060107592613,-0.11110941475510368
6893,9.765625,-0.1111102446205705,5.5473854142434354e-12,2.355288817585528e-6,1.9514310222824317e-5,0.1111102446205705,-0.11110941522568607
6894,3.90625,-0.11111012776214171,5.454915643630126e-12,2.3355760838881114e-6,2.036290002525889e-5,0.11111012776214171,-0.11110941563757963
6895,1.5625,-0.11111003974596635,1.2735098975154985e-11,3.568627043437712e-6,1.9897626715320163e-5,0.11111003974596635,-0.1111094160097937
6896,0.625,-0.11110995910290677,2.6490054037813582e-11,5.146848942587453e-6,1.9396256221099857e-5,0.11110995910290677,-0.1111094163647417
6897,0.25,-0.11110988070080645,4.652627579271612e-11,6.8210172109969145e-6,1.9053798829379403e-5,0.11110988070080645,-0.1111094167136692
6898,0.1,-0.11110980300796193,7.278077305310317e-11,8.531164812210766e-6,1.8842027810456646e-5,0.11110980300796193,-0.11110941706071138
6899,0.1,-0.11110972784840671,1.0497707105921342e-10,1.0245831887124315e-5,1.871036685334904e-5,0.11110972784840671,-0.1111094173988449
6900,0.1,-0.11110965549519806,1.4287353733828457e-10,1.195297190401971e-5,1.8566073760150163e-5,0.11110965549519806,-0.1111094177270995
6901,0.1,-0.11110958620969129,1.8621044345473903e-10,1.3645894747312798e-5,1.8409039763008935e-5,0.11110958620969129,-0.11110941804453828
6902,0.1,-0.1111095202407466,2.347109333087356e-10,1.532027849971193e-5,1.8239234646711806e-5,0.1111095202407466,-0.11110941835026282
6903,0.25,-0.11110946690283073,2.8636248339739535e-10,1.6922248177987325e-5,1.80579862684263e-5,0.11110946690283073,-0.11110941859291708
6904,0.625,-0.1111094470719943,3.3590284918411746e-10,1.8327652582480864e-5,1.7633178923550298e-5,0.1111094470719943,-0.11110941866016005
6905,1.5625,-0.11110951212180366,3.691274578993307e-10,1.921269002246512e-5,1.6562155762239727e-5,0.11110951212180366,-0.11110941827170545
6906,3.90625,-0.111109768711066,3.527923761740252e-10,1.8782768064745547e-5,1.3914955301949538e-5,0.111109768711066,-0.1111094169088514
6907,9.765625,-0.11111032215563493,2.3633004226686786e-10,1.5373029703570726e-5,8.696806523630844e-6,0.11111032215563493,-0.11110941452083653
6908,24.4140625,-0.11111068868196652,4.768037642122935e-11,6.905097857469462e-6,1.2689092067557727e-5,0.11111068868196652,-0.11110941431599908
6909,9.765625,-0.1111104425204863,1.2033794866761837e-11,3.468976054509722e-6,2.676048757162022e-5,0.1111104425204863,-0.11110941524914708
6910,3.90625,-0.11111033968992327,5.631479545661897e-12,2.373073860136236e-6,2.908070358766686e-5,0.11111033968992327,-0.11110941613333808
6911,1.5625,-0.11111025672785924,1.6244152121363758e-11,4.03040346880604e-6,2.880758186890265e-5,0.11111025672785924,-0.11110941693661074
6912,0.625,-0.11111017925180479,4.160076375620217e-11,6.4498654060532275e-6,2.8232066817873795e-5,0.11111017925180479,-0.11110941769914921
6913,0.25,-0.11111010355235171,8.119621863976254e-11,9.01089444171679e-6,2.7799239996410104e-5,0.11111010355235171,-0.11110941844615396
6914,0.1,-0.11111002846131789,1.3488812408014317e-10,1.1614134667728938e-5,2.7525273417741022e-5,0.11111002846131789,-0.11110941918815047
6915,0.1,-0.11110995460538198,2.0218304857716728e-10,1.4219108571818674e-5,2.7356022572512375e-5,0.11110995460538198,-0.11110941991259032
6916,0.1,-0.11110988215614727,2.826136070215629e-10,1.681111557932914e-5,2.716398122681922e-5,0.11110988215614727,-0.11110942061702736
6917,0.1,-0.11110981128018337,3.75667226649112e-10,1.9382136792652972e-5,2.6949265666664278e-5,0.11110981128018337,-0.11110942129910323
6918,0.1,-0.11110974213855435,4.807881883667529e-10,2.19268827781505e-5,2.671204977137627e-5,0.11110974213855435,-0.11110942195655697
6919,0.25,-0.11110967949726545,5.940304560039791e-10,2.4372740018388967e-5,2.6453899708768454e-5,0.11110967949726545,-0.11110942248166895
6920,0.625,-0.1111096344368551,7.048578551315381e-10,2.65491592170362e-5,2.5826252838823798e-5,0.1111096344368551,-0.11110942263377567
6921,1.5625,-0.11110963496896135,7.842481555216446e-10,2.8004430997998238e-5,2.4207175123102713e-5,0.11110963496896135,-0.11110942180305942
6922,3.90625,-0.11110974248127248,7.61748112807656e-10,2.759978465147248e-5,2.008170187291649e-5,0.11110974248127248,-0.11110941882259737
6923,9.765625,-0.11111003650121982,5.207639982999617e-10,2.2820254124351064e-5,1.0980571616373296e-5,0.11111003650121982,-0.11110941344540361
6924,24.4140625,-0.1111103501372486,1.0485884858010279e-10,1.0240060965643846e-5,1.6241140414105526e-5,0.1111103501372486,-0.11110941278802924
6925,9.765625,-0.11111031287351014,2.401887522973882e-11,4.900905552011671e-6,3.8734076003576234e-5,0.11111031287351014,-0.11110941479837386
6926,3.90625,-0.1111103277899416,7.416903388406966e-12,2.723399234120287e-6,4.2513832842270244e-5,0.1111103277899416,-0.11110941671721725
6927,1.5625,-0.11111034722784752,2.8500528041856127e-11,5.338588581437619e-6,4.2234425805016e-5,0.11111034722784752,-0.11110941845614211
6928,0.625,-0.11111036762026849,8.220463781283702e-11,9.066677330358516e-6,4.143269604325414e-5,0.11111036762026849,-0.11110942010295694
6929,0.25,-0.11111038830014239,1.674097476284161e-10,1.2938691882428305e-5,4.081689840836299e-5,0.11111038830014239,-0.11110942171451356
6930,0.1,-0.111110409097095,2.838187304427904e-10,1.6846920503248967e-5,4.042784065546257e-5,0.111110409097095,-0.11110942331504249
6931,0.1,-0.11111043022505263,4.3040843377712206e-10,2.0746287228733773e-5,4.019078647582033e-5,0.11111043022505263,-0.11110942487847457
6932,0.1,-0.11111045170759748,6.061945728780683e-10,2.4621018924448848e-5,3.99182506763017e-5,0.11111045170759748,-0.1111094263992622
6933,0.1,-0.11111047356560598,8.100910082270051e-10,2.8462097748180914e-5,3.9610488649020026e-5,0.11111047356560598,-0.11110942787205497
6934,0.1,-0.1111104958171319,1.0409143138394329e-9,3.226320371319985e-5,3.926781970671511e-5,0.1111104958171319,-0.11110942929171981
6935,0.25,-0.11111051943201623,1.2902180560874013e-9,3.591960545561993e-5,3.88924414189564e-5,0.11111051943201623,-0.11110943042363161
6936,0.625,-0.11111054647586116,1.5353448410101216e-9,3.9183476632505715e-5,3.7961850515054745e-5,0.11111054647586116,-0.11110943074088013
6937,1.5625,-0.11111058162745545,1.7136339559998167e-9,4.13960620832443e-5,3.5536239185802695e-5,0.11111058162745545,-0.11110942890308546
6938,3.90625,-0.1111106321537178,1.6718830178924555e-9,4.088866613002258e-5,2.9283453341034285e-5,0.1111106321537178,-0.11110942232112674
6939,9.765625,-0.11111068817774032,1.1518226179600274e-9,3.393851231212157e-5,1.480755701975175e-5,0.11111068817774032,-0.11110941033858235
6940,24.4140625,-0.11111060574011059,2.3458224457231247e-10,1.531607797617629e-5,2.224572486717833e-5,0.11111060574011059,-0.11110940861619949
6941,9.765625,-0.11111046350432045,5.18799176054534e-11,7.202771522508082e-6,5.700756195737569e-5,0.11111046350432045,-0.11110941302358911
6942,3.90625,-0.11111036865991016,1.179371685547961e-11,3.4341981386459942e-6,6.291283291727985e-5,0.11111036865991016,-0.11110941725713734
6943,1.5625,-0.11111028364630893,5.550313714903592e-11,7.450042761557542e-6,6.260107616390783e-5,0.11111028364630893,-0.11110942109268573
6944,0.625,-0.11111020175477629,1.7169010590873535e-10,1.3103057120715584e-5,6.144912716986736e-5,0.11111020175477629,-0.11110942472156275
6945,0.25,-0.11111012099105347,3.5785239118099074e-10,1.8916986842015585e-5,6.05509915285194e-5,0.11111012099105347,-0.11110942827061109
6946,0.1,-0.11111004068964614,6.133402555815074e-10,2.4765707249773978e-5,5.998205181751761e-5,0.11111004068964614,-0.11110943179458321
6947,0.1,-0.1111099611027359,9.359525966065092e-10,3.0593342357554026e-5,5.9636291276598445e-5,0.1111099611027359,-0.11110943523758614
6948,0.1,-0.11110988232434131,1.323554115842198e-9,3.6380683278935236e-5,5.923695403601397e-5,0.11110988232434131,-0.11110943858720856
6949,0.1,-0.111109804446603,1.773782017681264e-9,4.211629159459869e-5,5.878443182144974e-5,0.111109804446603,-0.11110944183147321
6950,0.1,-0.11110972755961974,2.2840560309298957e-9,4.779179878315835e-5,5.82792029100194e-5,0.11110972755961974,-0.11110944495888088
6951,0.25,-0.11110965409939115,2.8359410785018538e-9,5.325355460907613e-5,5.772441178408427e-5,0.11110965409939115,-0.11110944745298745
6952,0.625,-0.11110958987422036,3.379870890584223e-9,5.81366570296592e-5,5.634034891410368e-5,0.11110958987422036,-0.11110944815077868
6953,1.5625,-0.11110955009483939,3.778530299368361e-9,6.14697510924549e-5,5.271947263502636e-5,0.11110955009483939,-0.1111094440877191
6954,3.90625,-0.11110957137610676,3.6952718292914696e-9,6.0788747554884445e-5,4.334181441025342e-5,0.11110957137610676,-0.111109429508676
6955,9.765625,-0.11110972355123583,2.5582671644354895e-9,5.05793155789547e-5,2.1150154433396222e-5,0.11110972355123583,-0.11110940280645422
6956,24.4140625,-0.11111005327863158,5.278804999070504e-10,2.2975650151998972e-5,3.168541138684554e-5,0.11111005327863158,-0.11110939854717017
6957,9.765625,-0.11111019140953152,1.1573984674907094e-10,1.0758245523739963e-5,8.453063525611586e-5,0.11111019140953152,-0.11110940828691103
6958,3.90625,-0.11111031379482383,2.1525755923468237e-11,4.639585749123324e-6,9.359876674354613e-5,0.11111031379482383,-0.11110941769606096
6959,1.5625,-0.11111042840559869,1.1412581972573576e-10,1.0682968675688221e-5,9.323385230001348e-5,0.11111042840559869,-0.1111094262251063
6960,0.625,-0.11111054039156396,3.681759661738165e-10,1.918791198056257e-5,9.155408831856637e-5,0.11111054039156396,-0.11110943429143143
6961,0.25,-0.11111065159667914,7.780412607288784e-10,2.789339098655591e-5,9.022892778771282e-5,0.11111065159667914,-0.11110944217719894
6962,0.1,-0.11111076268395557,1.3422563924594149e-9,3.6636817444469915e-5,8.93855316831073e-5,0.11111076268395557,-0.11110945000530538
6963,0.1,-0.11111087349772558,2.0560011714519005e-9,4.5343149112648765e-5,8.887143217629721e-5,0.11111087349772558,-0.11110945765405593
6964,0.1,-0.1111109839290287,2.914572355008625e-9,5.398677944653325e-5,8.827710323960938e-5,0.1111109839290287,-0.11110946509576096
6965,0.1,-0.1111110938669636,3.9127609409442135e-9,6.255206584073954e-5,8.760313122900474e-5,0.1111110938669636,-0.1111094723036886
6966,0.1,-0.11111120319893507,5.044874265917756e-9,7.102727832261177e-5,8.685022558305039e-5,0.11111120319893507,-0.11110947925216938
6967,0.25,-0.11111130956635161,6.270374572303614e-9,7.918569676591609e-5,8.602306336779312e-5,0.11111130956635161,-0.1111094847984079
6968,0.625,-0.11111140709606758,7.480141297900717e-9,8.648781011160311e-5,8.395988545795251e-5,0.11111140709606758,-0.11110948636439291
6969,1.5625,-0.11111147981633535,8.3715528488605e-9,9.149619035162339e-5,7.855930329524554e-5,0.11111147981633535,-0.11110947736937114
6970,3.90625,-0.11111148661220802,8.201216242157789e-9,9.05605667062535e-5,6.45443511587236e-5,0.11111148661220802,-0.11110944499047708
6971,9.765625,-0.11111133507653001,5.699074173160693e-9,7.549221266568289e-5,3.099273747475944e-5,0.11111133507653001,-0.11110938539744263
6972,24.4140625,-0.11111086598537795,9.066770916695473e-11,9.52195931344777e-6,4.514758353468142e-5,0.11111086598537795,-0.11110942015256008
6973,9.765625,-0.11111004567288323,9.519055902045664e-11,9.756564919091997e-6,2.5877969307657414e-5,0.11111004567288323,-0.11110941956986939
6974,3.90625,-0.11110973705875483,1.0828043208569968e-10,1.0405788393278987e-5,1.781406086271844e-5,0.11110973705875483,-0.11110941936285759
6975,1.5625,-0.11110948875557967,1.2478218398250265e-10,1.1170594611859418e-5,1.447962042624946e-5,0.11110948875557967,-0.11110941934412501
6976,0.625,-0.11110925606552506,1.4423519443889685e-10,1.2009795770074396e-5,1.3051586085913214e-5,0.11110925606552506,-0.1111094194121832
6977,1.5625,-0.11110911639026727,1.5655852667896666e-10,1.2512334981088329e-5,1.2398825983018895e-5,0.11110911639026727,-0.11110941928712616
6978,3.90625,-0.11110922503098274,1.4485028256182179e-10,1.2035376294982296e-5,1.0876500359968113e-5,0.11110922503098274,-0.11110941876845654
6979,9.765625,-0.11110982674558581,8.845465189802811e-11,9.405033327853129e-6,8.507299934370551e-6,0.11110982674558581,-0.11110941793693904
6980,24.4140625,-0.1111105715782498,1.652965486015478e-11,4.065667824620548e-6,1.1303734924234796e-5,0.1111105715782498,-0.11110941804593433
6981,9.765625,-0.11111025591376066,5.2119192930547834e-12,2.28296283216674e-6,1.823303255098338e-5,0.11111025591376066,-0.11110941845008578
6982,3.90625,-0.11111015336900111,5.137052659227277e-12,2.2665067084011192e-6,1.9008799210985615e-5,0.11111015336900111,-0.11110941880718861
6983,1.5625,-0.11111007634110599,1.1362697107929624e-11,3.37085999530233e-6,1.858302896966454e-5,0.11111007634110599,-0.11110941913150807
6984,0.625,-0.11111000582485232,2.312214774926606e-11,4.808549443362942e-6,1.8124403566221824e-5,0.11111000582485232,-0.11110941944152149
6985,0.25,-0.11110993728546778,4.024995109458324e-11,6.344284915936802e-6,1.7811291964157508e-5,0.11110993728546778,-0.11110941974657182
6986,0.1,-0.11110986937097354,6.269222693928302e-11,7.917842315889034e-6,1.76177507962407e-5,0.11110986937097354,-0.11110942005008578
6987,0.1,-0.11110980370291375,9.021345322960961e-11,9.498076290997541e-6,1.749746866921875e-5,0.11110980370291375,-0.11110942034598772
6988,0.1,-0.11110974052275746,1.226075766412172e-10,1.1072830561388412e-5,1.736565416839447e-5,0.11110974052275746,-0.11110942063344773
6989,0.1,-0.11110968006156259,1.5965308699344456e-10,1.2635390258850121e-5,1.7222214128002512e-5,0.11110968006156259,-0.11110942091166398
6990,0.1,-0.1111096225392695,2.0111383594755926e-10,1.4181460994818526e-5,1.7067127882374284e-5,0.1111096225392695,-0.11110942117986891
6991,0.25,-0.11110957621122662,2.45274403468357e-10,1.5661238886766174e-5,1.6901614899830147e-5,0.11110957621122662,-0.11110942139408744
6992,0.625,-0.11110955957147657,2.8764761873623597e-10,1.6960177438229708e-5,1.6513760355725217e-5,0.11110955957147657,-0.11110942145816076
6993,1.5625,-0.11110961810934335,3.161123778766495e-10,1.7779549428392428e-5,1.5536754166456087e-5,0.11110961810934335,-0.11110942113208686
6994,3.90625,-0.11110984614608196,3.0225348332525547e-10,1.7385438830390663e-5,1.3129333129042283e-5,0.11110984614608196,-0.11110941997115337
6995,9.765625,-0.11111033604668363,2.026751896722942e-10,1.4236403677624985e-5,8.448022937514506e-6,0.11111033604668363,-0.11110941792974828
6996,24.4140625,-0.11111065573670102,4.118076861718158e-11,6.417224370176064e-6,1.2026054110045894e-5,0.11111065573670102,-0.11110941775272307
6997,9.765625,-0.1111104355178564,1.0750081871460743e-11,3.278731747407943e-6,2.4891846493317417e-5,0.1111104355178564,-0.11110941855326698
6998,3.90625,-0.11111034292583076,5.3080817346029044e-12,2.303927458624274e-6,2.702106852067855e-5,0.11111034292583076,-0.11110941931429635
6999,1.5625,-0.11111026805101952,1.441632874464899e-11,3.7968840836466143e-6,2.676730822836422e-5,0.11111026805101952,-0.11110942000716244
7000,0.625,-0.11111019807209833,3.613440892597607e-11,6.0111903085808276e-6,2.623666715020842e-5,0.11111019807209833,-0.1111094206656406
7001,0.25,-0.11111012967885238,7.003092850711769e-11,8.3684483930486e-6,2.5837998945557045e-5,0.11111012967885238,-0.11110942131102666
7002,0.1,-0.1111100618282314,1.1598432181446774e-10,1.0769601748183066e-5,2.558578800008051e-5,0.1111100618282314,-0.11110942195221261
7003,0.1,-0.11110999507960635,1.7357216474074725e-10,1.3174678923630254e-5,2.543003854615353e-5,0.11110999507960635,-0.11110942257837814
7004,0.1,-0.11110992958634597,2.4239452111925395e-10,1.556902441128711e-5,2.525333129517949e-5,0.11110992958634597,-0.11110942318743126
7005,0.1,-0.11110986549735206,3.220127989985026e-10,1.794471507153297e-5,2.5055777989902606e-5,0.11110986549735206,-0.11110942377735508
7006,0.1,-0.11110980295663908,4.119514961943143e-10,2.0296588289520834e-5,2.4837544162974107e-5,0.11110980295663908,-0.11110942434621549
7007,0.25,-0.11110974622127262,5.088328808268909e-10,2.2557324327740887e-5,2.4600076790276623e-5,0.11110974622127262,-0.11110942480176254
7008,0.625,-0.11110970519050496,6.036386559493032e-10,2.4569058914604425e-5,2.4022765778886518e-5,0.11110970519050496,-0.11110942493796974
7009,1.5625,-0.11110970489636243,6.715279536438849e-10,2.5913856402393775e-5,2.2534292938197596e-5,0.11110970489636243,-0.11110942423283654
7010,3.90625,-0.11110980023574529,6.521979858955869e-10,2.5538167238382375e-5,1.874851342497281e-5,0.11110980023574529,-0.1111094216875938
7011,9.765625,-0.11111006259533601,4.4586703001733056e-10,2.1115563691678482e-5,1.0478782095507435e-5,0.11111006259533601,-0.11110941709112383
7012,24.4140625,-0.11111034465875715,9.002227173006854e-11,9.488006731135289e-6,1.5262350077034507e-5,0.11111034465875715,-0.11110941653019496
7013,9.765625,-0.11111031407863042,2.0971448479176267e-11,4.579459409054333e-6,3.5919486132385865e-5,0.11111031407863042,-0.11110941825199633
7014,3.90625,-0.1111103295027156,6.841008300104256e-12,2.6155321256112026e-6,3.939907234359093e-5,0.1111103295027156,-0.11110941989737641
7015,1.5625,-0.11111034878126073,2.4932560715185566e-11,4.993251517316704e-6,3.913810770681653e-5,0.11111034878126073,-0.11110942138985891
7016,0.625,-0.11111036885070436,7.091757946548785e-11,8.421257594058495e-6,3.8397072361285135e-5,0.11111036885070436,-0.1111094228040271
7017,0.25,-0.11111038915430343,1.438399631344412e-10,1.1993329943532831e-5,3.782842169634246e-5,0.11111038915430343,-0.11110942418825366
7018,0.1,-0.11111040955333014,2.434461723694798e-10,1.5602761690466204e-5,3.746931372602934e-5,0.11111040955333014,-0.11110942556314536
7019,0.1,-0.11111043023707141,3.6886039229753984e-10,1.920573852517887e-5,3.725058307042499e-5,0.11111043023707141,-0.11110942690630754
7020,0.1,-0.11111045122483289,5.19240456382672e-10,2.2786848320526295e-5,3.699911877040365e-5,0.11111045122483289,-0.11110942821299608
7021,0.1,-0.11111047253351569,6.936570548644448e-10,2.6337369930660213e-5,3.671516037879342e-5,0.11111047253351569,-0.11110942947863553
7022,0.1,-0.11111049417752494,8.910976454305642e-10,2.985125869089215e-5,3.639900696917431e-5,0.11111049417752494,-0.11110943069883632
7023,0.25,-0.11111051698376566,1.1043323305131869e-9,3.3231496061916724e-5,3.605268983682087e-5,0.11111051698376566,-0.11110943167280148
7024,0.625,-0.11111054270011832,1.313968376165537e-9,3.6248701716965495e-5,3.519413625055179e-5,0.11111054270011832,-0.11110943194969708
7025,1.5625,-0.11111057524455414,1.4663774822766643e-9,3.829330858357194e-5,3.295683147134329e-5,0.11111057524455414,-0.11110943038280466
7026,3.90625,-0.11111062044781643,1.430459812119223e-9,3.782142001722335e-5,2.719476429410414e-5,0.11111062044781643,-0.11110942475763735
7027,9.765625,-0.11111066806129599,9.85306858037904e-10,3.1389597927305535e-5,1.3929054124142942e-5,0.11111066806129599,-0.1111094145151818
7028,24.4140625,-0.11111058769374219,2.0079986886633104e-10,1.4170387040103422e-5,2.075971950431241e-5,0.11111058769374219,-0.11110941304919915
7029,9.765625,-0.1111104575567865,4.4741979731282246e-11,6.688944590238601e-6,5.2782132211061825e-5,0.1111104575567865,-0.11110941682039846
7030,3.90625,-0.11111037020841957,1.0597416259135092e-11,3.255367300188274e-6,5.8227076758982e-5,0.11111037020841957,-0.11110942044388634
7031,1.5625,-0.11111029181458296,4.8084818047440313e-11,6.9343217438651e-6,5.7935110248093634e-5,0.11111029181458296,-0.11110942372791538
7032,0.625,-0.1111102162673067,1.4753321028124713e-10,1.2146324970181192e-5,5.6869422419462664e-5,0.1111102162673067,-0.11110942683571304
7033,0.25,-0.11111014174522046,3.068057629574799e-10,1.7515871744149073e-5,5.6039220716959205e-5,0.11111014174522046,-0.11110942987550153
7034,0.1,-0.1111100676395987,5.25348160663411e-10,2.2920474704146313e-5,5.5513528762923856e-5,0.1111100676395987,-0.1111094328939737
7035,0.1,-0.1111099941782513,8.012770116597311e-10,2.830683683599655e-5,5.519415992851997e-5,0.1111099941782513,-0.11110943584321425
7036,0.1,-0.11110992144739296,1.1327659441566286e-9,3.365658842123825e-5,5.482529787054902e-5,0.11110992144739296,-0.11110943871261197
7037,0.1,-0.11110984953158838,1.5177939939141827e-9,3.8958875675694014e-5,5.440730730312944e-5,0.11110984953158838,-0.11110944149192653
7038,0.1,-0.11110977851360467,1.954154180957519e-9,4.420581614400439e-5,5.394063329570305e-5,0.11110977851360467,-0.11110944417132669
7039,0.25,-0.11110971061677881,2.4260719158476534e-9,4.9255171462980955e-5,5.342818238213353e-5,0.11110971061677881,-0.11110944630904197
7040,0.625,-0.1111096511475656,2.8911366320699302e-9,5.376929079009626e-5,5.214962648785958e-5,0.1111096511475656,-0.11110944691037626
7041,1.5625,-0.11110961401337588,3.2318643561806333e-9,5.684948861846194e-5,4.880505383591252e-5,0.11110961401337588,-0.11110944344010044
7042,3.90625,-0.11110963273762896,3.1602650281506854e-9,5.621623456040688e-5,4.0146760378153364e-5,0.11110963273762896,-0.11110943097773375
7043,9.765625,-0.11110977149062196,2.1873621676115178e-9,4.676924382124986e-5,1.9714931293111314e-5,0.11110977149062196,-0.11110940815531095
7044,24.4140625,-0.11111007446615467,4.5123486467768966e-10,2.124228953473918e-5,2.944424258111102e-5,0.11111007446615467,-0.11110940453189756
7045,9.765625,-0.11111020256304478,9.922798250348672e-11,9.961324334820482e-6,7.82032926222165e-5,0.11111020256304478,-0.1111094128611539
7046,3.90625,-0.11111031582322398,1.8946839591169192e-11,4.352796755095417e-6,8.657071807472615e-5,0.11111031582322398,-0.11110942090687957
7047,1.5625,-0.1111104218506192,9.833116379455314e-11,9.916207127453174e-6,8.622813388861923e-5,0.1111104218506192,-0.11110942820080552
7048,0.625,-0.11111052542862797,3.1571036814811945e-10,1.7768240434779115e-5,8.467357264106844e-5,0.11111052542862797,-0.11110943509967165
7049,0.25,-0.1111106282661561,6.662721743140461e-10,2.581224853270335e-5,8.344806520127597e-5,0.1111106282661561,-0.11110944184448714
7050,0.1,-0.11111073097699137,1.1487659113316174e-9,3.389344938674164e-5,8.26683404250425e-5,0.11111073097699137,-0.11110944854017345
7051,0.1,-0.11111083341960504,1.759067962335677e-9,4.194124416771249e-5,8.219316316308439e-5,0.11111083341960504,-0.11110945508252572
7052,0.1,-0.11111093549406452,2.493156174925728e-9,4.993151484709559e-5,8.164383482084677e-5,0.11111093549406452,-0.11110946144787592
7053,0.1,-0.1111110370987594,3.346575948425639e-9,5.784959765137212e-5,8.102089969016476e-5,0.1111110370987594,-0.11110946761337522
7054,0.1,-0.11111113813062874,4.314459141493436e-9,6.568454263746864e-5,8.032501607955608e-5,0.11111113813062874,-0.11110947355708303
7055,0.25,-0.11111123642261823,5.362128996038816e-9,7.322655936228888e-5,7.956050834943074e-5,0.11111123642261823,-0.11110947830178809
7056,0.625,-0.1111113265798517,6.396247470849809e-9,7.997654325394295e-5,7.765352689263047e-5,0.1111113265798517,-0.1111094796432769
7057,1.5625,-0.11111139393163746,7.1579781317819665e-9,8.460483515604747e-5,7.266204597437283e-5,0.11111139393163746,-0.11110947195548028
7058,3.90625,-0.11111140069467755,7.011563600278088e-9,8.37350798666729e-5,5.9711568708606966e-5,0.11111140069467755,-0.1111094442783243
7059,9.765625,-0.11111126177909257,4.8712340140351916e-9,6.979422622276997e-5,2.875108406984268e-5,0.11111126177909257,-0.1111093933513237
7060,24.4140625,-0.11111082543802857,7.813788068631198e-11,8.839563376452028e-6,4.186384332283693e-5,0.11111082543802857,-0.11110942309463291
7061,9.765625,-0.11111007225662606,8.19976252011438e-11,9.055254010857111e-6,2.4072077935094616e-5,0.11111007225662606,-0.11110942259650662
7062,3.90625,-0.11110978898373673,9.316560752896555e-11,9.65223329229902e-6,1.667370929763004e-5,0.11110978898373673,-0.11110942242389202
7063,1.5625,-0.11110956107497716,1.0725120801300862e-10,1.035621591185741e-5,1.3637361791373451e-5,0.11110956107497716,-0.11110942241374251
7064,0.625,-0.11110934749647891,1.2385789041597777e-10,1.1129145987719712e-5,1.2344647062140684e-5,0.11110934749647891,-0.11110942247836156
7065,1.5625,-0.11110921931088734,1.343686514541036e-10,1.1591749283611322e-5,1.1755727754940712e-5,0.11110921931088734,-0.11110942237744303
7066,3.90625,-0.11110931907528525,1.243444511634875e-10,1.1150984313659826e-5,1.0389414435935131e-5,0.11110931907528525,-0.11110942193894202
7067,9.765625,-0.11110987135965628,7.611341902824285e-11,8.72430048933683e-6,8.291722092346714e-6,0.11110987135965628,-0.1111094212303331
7068,24.4140625,-0.11111055428806263,1.4583225378183645e-11,3.818798944456705e-6,1.0783542371075267e-5,0.11111055428806263,-0.11110942132008654
7069,9.765625,-0.11111026413395149,4.925309863441736e-12,2.2193039141680747e-6,1.706509000107593e-5,0.11111026413395149,-0.111109421667927
7070,3.90625,-0.11111016991242782,4.873211739323907e-12,2.2075352181389783e-6,1.777134668905604e-5,0.11111016991242782,-0.11110942197820933
7071,1.5625,-0.11111009913170822,1.0207737054279658e-11,3.194954937754155e-6,1.7380762633021275e-5,0.11111009913170822,-0.11110942226154964
7072,0.625,-0.1111100343310965,2.027386407979019e-11,4.502650783681784e-6,1.6961078892144844e-5,0.1111100343310965,-0.11110942253310435
7073,0.25,-0.11110997134539638,3.493030147762884e-11,5.910186247287715e-6,1.6674833309413714e-5,0.11110997134539638,-0.1111094228005984
7074,0.1,-0.11110990893298961,5.413104525913649e-11,7.357380325845368e-6,1.649800180318078e-5,0.11110990893298961,-0.11110942306685356
7075,0.1,-0.11110984858515871,7.767463107131242e-11,8.813321228192719e-6,1.638814514072956e-5,0.11110984858515871,-0.11110942332659764
7076,0.1,-0.1111097905237765,1.05384831925477e-10,1.026571146708678e-5,1.626777931626385e-5,0.1111097905237765,-0.11110942357912108
7077,0.1,-0.11110973496114813,1.3707219971375472e-10,1.170778372339337e-5,1.613682602150298e-5,0.11110973496114813,-0.11110942382373827
7078,0.1,-0.11110968209935974,1.7253476497504003e-10,1.3135248949869204e-5,1.599527402990317e-5,0.11110968209935974,-0.11110942405979239
7079,0.25,-0.11110963952648435,2.1030512057812488e-10,1.4501900585031083e-5,1.5844244451700008e-5,0.11110963952648435,-0.11110942424959404
7080,0.625,-0.11110962424068478,2.4654482487296155e-10,1.5701745917985095e-5,1.549048986872666e-5,0.11110962424068478,-0.11110942431078268
7081,1.5625,-0.11110967804964927,2.7088460118530207e-10,1.6458572270561685e-5,1.4600477386044033e-5,0.11110967804964927,-0.11110942403780522
7082,3.90625,-0.111109887629706,2.590126500969691e-10,1.6093869954021906e-5,1.2415932217316279e-5,0.111109887629706,-0.11110942304966545
7083,9.765625,-0.11111033779469896,1.7379305155525989e-10,1.3183059263890908e-5,8.234354909224591e-6,0.11111033779469896,-0.11110942130621407
7084,24.4140625,-0.11111063120310359,3.5646970624012856e-11,5.970508405823817e-6,1.1431243011359246e-5,0.11111063120310359,-0.1111094211520444
7085,9.765625,-0.11111042894030497,9.652045406016991e-12,3.1067741157053873e-6,2.3168518047213748e-5,0.11111042894030497,-0.11110942183894722
7086,3.90625,-0.11111034401582597,5.019934348999676e-12,2.2405209994551883e-6,2.5122196626532823e-5,0.11111034401582597,-0.11110942249453111
7087,1.5625,-0.11111027536716965,1.282799329804601e-11,3.5816188097068635e-6,2.4887248007379638e-5,0.11111027536716965,-0.11110942309289051
7088,0.625,-0.11111021121384351,3.1417978286434735e-11,5.605174242290308e-6,2.4398672807589626e-5,0.11111021121384351,-0.11110942366229251
7089,0.25,-0.11111014851542254,6.042141741324966e-11,7.77312147166437e-6,2.4031918405487146e-5,0.11111014851542254,-0.11110942422068734
7090,0.1,-0.11111008631401843,9.973454648043888e-11,9.986718504115297e-6,2.3800007298610293e-5,0.11111008631401843,-0.11110942477557034
7091,0.1,-0.11111002512488828,1.4899588588382643e-10,1.2206387093805702e-5,2.3656846217792838e-5,0.11111002512488828,-0.11110942531760801
7092,0.1,-0.11110996508901079,2.0786331996376638e-10,1.4417465795477594e-5,2.3494431546924486e-5,0.11110996508901079,-0.11110942584501132
7093,0.1,-0.11110990634326477,2.7596166554345117e-10,1.6612093954208518e-5,2.3312871340067136e-5,0.11110990634326477,-0.11110942635605582
7094,0.1,-0.11110984902004127,3.528841656862121e-10,1.8785211355910056e-5,2.3112323895630502e-5,0.11110984902004127,-0.11110942684908816
7095,0.25,-0.11110979703417219,4.357403617522226e-10,2.0874394883498364e-5,2.2894125230537994e-5,0.11110979703417219,-0.11110942724512687
7096,0.625,-0.11110975948821024,5.168133266343623e-10,2.2733528688577195e-5,2.23637149268109e-5,0.11110975948821024,-0.11110942736784955
7097,1.5625,-0.11110975939731238,5.748479245897717e-10,2.3975986415365097e-5,2.0996968430067797e-5,0.11110975939731238,-0.1111094267705582
7098,3.90625,-0.11110984722158913,5.582516022562574e-10,2.3627348608260246e-5,1.752801819211191e-5,0.11110984722158913,-0.11110942459862701
7099,9.765625,-0.11111008848624489,3.816860098763173e-10,1.9536786068243602e-5,1.0031786926675379e-5,0.11111008848624489,-0.1111094206711174
7100,24.4140625,-0.11111034721967245,7.736489305573847e-11,8.795731524764639e-6,1.4363754692475452e-5,0.11111034721967245,-0.1111094201903762
7101,9.765625,-0.1111103187236642,1.8375940877426924e-11,4.286716794637467e-6,3.3317737740843424e-5,0.1111103187236642,-0.11110942166487937
7102,3.90625,-0.11111033266589446,6.33498125104147e-12,2.516938865177593e-6,3.652134331956335e-5,0.11111033266589446,-0.11110942307623793
7103,1.5625,-0.1111103501701485,2.183855096002673e-11,4.6731735426823955e-6,3.627860858388827e-5,0.1111103501701485,-0.11110942435789246
7104,0.625,-0.11111036840542714,6.118764771259403e-11,7.822253365405268e-6,3.559435066367267e-5,0.11111036840542714,-0.11110942557303956
7105,0.25,-0.1111103868555767,1.2356553398042328e-10,1.1116003507575161e-5,3.506961755517531e-5,0.1111103868555767,-0.1111094267627811
7106,0.1,-0.1111104053915646,2.0875571753476383e-10,1.4448381138894552e-5,3.473834234876202e-5,0.1111104053915646,-0.11110942794462506
7107,0.1,-0.11111042418824835,3.160088571534509e-10,1.7776637959790115e-5,3.453660088774381e-5,0.11111042418824835,-0.11110942909933587
7108,0.1,-0.11111044326371272,4.4460462746710146e-10,2.1085649799498743e-5,3.430468226045501e-5,0.11111044326371272,-0.11110943022285856
7109,0.1,-0.11111046263384183,5.937481807630918e-10,2.4366948532040114e-5,3.404281130594746e-5,0.11111046263384183,-0.11110943131128125
7110,0.1,-0.11111048231223548,7.625734931438459e-10,2.7614733262225184e-5,3.375126834264406e-5,0.11111048231223548,-0.11110943236085166
7111,0.25,-0.11111050306649767,9.448953152756354e-10,3.073914955355199e-5,3.343193126241718e-5,0.11111050306649767,-0.11110943319978363
7112,0.625,-0.1111105265214603,1.1241239020218296e-9,3.3527957021295374e-5,3.264034850082141e-5,0.1111105265214603,-0.11110943344246545
7113,1.5625,-0.11111055632582986,1.2543848486531873e-9,3.541729589696519e-5,3.057821275997594e-5,0.11111055632582986,-0.1111094321081591
7114,3.90625,-0.11111059794744195,1.2235459645206696e-9,3.49792218970158e-5,2.5272871309954516e-5,0.11111059794744195,-0.11110942730319676
7115,9.765625,-0.11111064212684166,8.427243123715971e-10,2.9029714300550687e-5,1.3134079562766243e-5,0.11111064212684166,-0.11110941855045732
7116,24.4140625,-0.1111105688384165,1.7196805449264468e-10,1.311365908099813e-5,1.9386531469496478e-5,0.1111105688384165,-0.11110941729956406
7117,9.765625,-0.11111044924192262,3.8661464312535516e-11,6.2178343748073185e-6,4.88729154408522e-5,0.11111044924192262,-0.11110942052584616
7118,3.90625,-0.11111036904772198,9.553438232661092e-12,3.090863670992477e-6,5.389435410634073e-5,0.11111036904772198,-0.11110942362748212
7119,1.5625,-0.11111029708554145,4.166868606260712e-11,6.4551286635207446e-6,5.362206332618416e-5,0.11111029708554145,-0.11110942643987438
7120,0.625,-0.11111022773544957,1.267439195472948e-10,1.1258060203573919e-5,5.263685268463836e-5,0.11111022773544957,-0.11110942910207766
7121,0.25,-0.111110159322109,2.6295405000569447e-10,1.621585797932673e-5,5.186979804968013e-5,0.111110159322109,-0.11110943170635958
7122,0.1,-0.11111009128557603,4.498259060195496e-10,2.1209099604168717e-5,5.1384226640608687e-5,0.11111009128557603,-0.11110943429251963
7123,0.1,-0.11111002383668857,6.857486041894378e-10,2.6186802099329308e-5,5.1089293903317006e-5,0.11111002383668857,-0.111109436819495
7124,0.1,-0.11110995705508712,9.691604599036622e-10,3.1131342083239235e-5,5.074865936791722e-5,0.11110995705508712,-0.11110943927821582
7125,0.1,-0.11110989101893239,1.2983334024821364e-9,3.603239379339286e-5,5.036266262092205e-5,0.11110989101893239,-0.1111094416599289
7126,0.1,-0.1111098258047652,1.6713803117484991e-9,4.088251841250119e-5,4.993171788987585e-5,0.1111098258047652,-0.11110944395623142
7127,0.25,-0.11110976346441799,2.07480927555396e-9,4.555007437484554e-5,4.945851208321796e-5,0.11110976346441799,-0.11110944578934144
7128,0.625,-0.11110970889533728,2.4723484115983596e-9,4.972271524764471e-5,4.827785837080887e-5,0.11110970889533728,-0.11110944630875876
7129,1.5625,-0.11110967493162902,2.7635236265102915e-9,5.256922699175147e-5,4.518978482255724e-5,0.11110967493162902,-0.11110944334693482
7130,3.90625,-0.111109692491463,2.702065341382939e-9,5.198139418467861e-5,3.719948238063009e-5,0.111109692491463,-0.11110943269770301
7131,9.765625,-0.11110982061481622,1.869959051647826e-9,4.324302315573954e-5,1.840317686036644e-5,0.11110982061481622,-0.11110941319492182
7132,24.4140625,-0.11111009907564408,3.858272219423384e-10,1.964248512643801e-5,2.736757372470859e-5,0.11111009907564408,-0.11110941010724011
7133,9.765625,-0.11111021626996265,8.516171525107393e-11,9.22831053070246e-6,7.234872544229931e-5,0.11111021626996265,-0.11110941722912906
7134,3.90625,-0.11111032006933001,1.6706512641783836e-11,4.087360106692807e-6,8.007134393084439e-5,0.11111032006933001,-0.11110942410910984
7135,1.5625,-0.11111041724860608,8.469653349637336e-11,9.203071959751991e-6,7.975114547273343e-5,0.11111041724860608,-0.11110943034727401
7136,0.625,-0.11111051217629869,2.706171541300222e-10,1.6450445408256342e-5,7.831320542856316e-5,0.11111051217629869,-0.1111094362482464
7137,0.25,-0.11111060641453693,5.703580963583995e-10,2.388217109808904e-5,7.718022704736481e-5,0.11111060641453693,-0.11110944201779624
7138,0.1,-0.11111070052433585,9.828514507632292e-10,3.13504617312605e-5,7.64595296254553e-5,0.11111070052433585,-0.11110944774547704
7139,0.1,-0.11111079437792622,1.504570721356301e-9,3.8788796338070364e-5,7.602038587182053e-5,0.11111079437792622,-0.11110945334209006
7140,0.1,-0.11111088788452678,2.1320770591680313e-9,4.61744199656913e-5,7.55127262868452e-5,0.11111088788452678,-0.11110945878740879
7141,0.1,-0.1111109809518917,2.8615619547686416e-9,5.349356928424801e-5,7.493705600846848e-5,0.1111109809518917,-0.11110946406190654
7142,0.1,-0.11111107348650935,3.6888634091015724e-9,6.0736014102849825e-5,7.429398581651809e-5,0.11111107348650935,-0.11110946914683405
7143,0.25,-0.11111116351719928,4.584329085563203e-9,6.770767375684386e-5,7.35875141407582e-5,0.11111116351719928,-0.11110947320676702
7144,0.625,-0.11111124613668662,5.468148798133007e-9,7.394693231049553e-5,7.182531200238157e-5,0.11111124613668662,-0.11110947435749591
7145,1.5625,-0.11111130799567587,6.119010392089113e-9,7.822410365155431e-5,6.721311424809278e-5,0.11111130799567587,-0.1111094677900509
7146,3.90625,-0.11111131467196435,5.993371707248609e-9,7.74168696554479e-5,5.5249600471160885e-5,0.11111131467196435,-0.11110944413767378
7147,9.765625,-0.11111118834863999,4.163195301540384e-9,6.45228277553021e-5,2.669232482895393e-5,0.11111118834863999,-0.11110940062164419
7148,24.4140625,-0.11111080982525914,8.675458265357105e-10,2.9454130890856557e-5,3.95158003546348e-5,0.11111080982525914,-0.11110939322667879
7149,9.765625,-0.11111059939097444,1.9008775303101147e-10,1.3787231521629405e-5,0.00010761992022725956,0.11111059939097444,-0.1111094090449885
7150,3.90625,-0.11111042761003827,3.1181194778299124e-11,5.584012426409806e-6,0.00011939716547315305,0.11111042761003827,-0.11110942439145464
7151,1.5625,-0.1111102688840262,1.7697650922303668e-10,1.3303251828896448e-5,0.00011901299031241979,0.1111102688840262,-0.11110943831186362
7152,0.625,-0.11111011482062348,5.859241140439418e-10,2.420586941309776e-5,0.00011690051233804912,0.11111011482062348,-0.11110945147558274
7153,0.25,-0.11110996263923176,1.248737162813916e-9,3.533747533163505e-5,0.00011522004849437542,0.11110996263923176,-0.11110946434157684
7154,0.1,-0.11110981137743552,2.1629752435018954e-9,4.650779766342302e-5,0.00011414610718308405,0.11110981137743552,-0.11110947711098487
7155,0.1,-0.11110966123842399,3.3208481903611088e-9,5.762680097282087e-5,0.00011348909736659903,0.11110966123842399,-0.11110948958840387
7156,0.1,-0.11110951234437422,4.7147257006924194e-9,6.866386022277236e-5,0.0001127298754717125,0.11110951234437422,-0.11110950172874856
7157,0.1,-0.1111093648147838,6.336158057149655e-9,7.959998779616524e-5,0.00011186917467960095,0.1111093648147838,-0.111109513488487
7158,0.1,-0.11110921876640766,8.175911746102218e-9,9.042074842701877e-5,0.0001109078836372943,0.11110921876640766,-0.11110952482580899
7159,0.25,-0.11110907718936187,1.0168524535718495e-8,0.00010083910221594842,0.00010985197436188628,0.11110907718936187,-0.11110953388662606
7160,0.625,-0.11110894737233792,1.2137685786802163e-8,0.00011017116585932166,0.00010722250698415283,0.11110894737233792,-0.11110953648368413
7161,1.5625,-0.11110884896066611,1.3594129945755951e-8,0.0001165938675306551,0.00010034181079772248,0.11110884896066611,-0.11110952191761626
7162,3.90625,-0.11110883271992951,1.3334364494644804e-8,0.00011547451881105548,8.247366019609183e-5,0.11110883271992951,-0.11110946928251023
7163,9.765625,-0.11110901760569364,9.29375700888233e-9,9.640413377486637e-5,3.9495863825736047e-5,0.11110901760569364,-0.11110937201683177
7164,24.4140625,-0.11110973246816656,1.4354128524043854e-10,1.1980871639427515e-5,5.673689983728453e-5,0.11110973246816656,-0.1111094281216633
7165,9.765625,-0.11111075056486741,1.502693686443198e-10,1.2258440710152324e-5,3.256765239258701e-5,0.11111075056486741,-0.11110942721551642
7166,3.90625,-0.11111113032844881,1.7179920742832987e-10,1.3107219668119164e-5,2.21854817170125e-5,0.11111113032844881,-0.11110942687283999
7167,1.5625,-0.11111143513791268,1.9912632246302562e-10,1.411121265033681e-5,1.7780449604882847e-5,0.11111143513791268,-0.11110942682302836
7168,0.625,-0.11111172065792103,2.3147790190235299e-10,1.521439784882573e-5,1.585211082929911e-5,0.11111172065792103,-0.1111094269094933
7169,1.5625,-0.11111188991298523,2.522322811110971e-10,1.5881822348556136e-5,1.4959322947044742e-5,0.11111188991298523,-0.11110942668223063
7170,3.90625,-0.11111174944028045,2.332812472524657e-10,1.527354730416172e-5,1.2835403348570942e-5,0.11111174944028045,-0.11110942581654394
7171,9.765625,-0.11111099734719872,1.4091592321535055e-10,1.18708012878386e-5,9.359510688181015e-6,0.11111099734719872,-0.11110942445776546
7172,24.4140625,-0.11111008986754527,2.4792284807281373e-11,4.979185154950694e-6,1.32389183899601e-5,0.11111008986754527,-0.11110942464649735
7173,9.765625,-0.11111049937745061,6.274377683723438e-12,2.504870791822093e-6,2.250397211930284e-5,0.11111049937745061,-0.11110942529127524
7174,3.90625,-0.11111063025607576,6.06465696645357e-12,2.4626524250193266e-6,2.3532772771845783e-5,0.11111063025607576,-0.1111094258471477
7175,1.5625,-0.11111072836550985,1.6043970919099166e-11,4.005492593814045e-6,2.298494094800456e-5,0.11111072836550985,-0.11110942634515826
7176,0.625,-0.11111081816623736,3.4967925259931976e-11,5.913368351450125e-6,2.2390078408729095e-5,0.11111081816623736,-0.11110942681808093
7177,0.25,-0.11111090546633269,6.256914351742905e-11,7.910065961635785e-6,2.198333207873741e-5,0.11111090546633269,-0.11110942728221701
7178,0.1,-0.11111099199266294,9.876133076848935e-11,9.937873553657712e-6,2.1732082790903112e-5,0.11111099199266294,-0.11110942774359864
7179,0.1,-0.11111107561400951,1.4316397535049005e-10,1.1965114932606792e-5,2.157629907539168e-5,0.11111107561400951,-0.11110942819277009
7180,0.1,-0.11111115601820275,1.9544453553769298e-10,1.398014790829099e-5,2.1405199969462795e-5,0.11111115601820275,-0.11110942862838262
7181,0.1,-0.11111123290653875,2.5524540793690686e-10,1.597640159538145e-5,2.1218657809811897e-5,0.11111123290653875,-0.11110942904913429
7182,0.1,-0.1111113059947086,3.221852847998633e-10,1.7949520461557275e-5,2.1016634240851126e-5,0.1111113059947086,-0.11110942945377705
7183,0.25,-0.11111136454464386,3.9348853066291233e-10,1.9836545330851146e-5,2.0800700739292558e-5,0.11111136454464386,-0.11110942977168273
7184,0.625,-0.11111138452770808,4.618974154640172e-10,2.1491798795447934e-5,2.0292430274714128e-5,0.11111138452770808,-0.11110942984815379
7185,1.5625,-0.11111130691468835,5.078277021564954e-10,2.253503277469317e-5,1.900648468517213e-5,0.11111130691468835,-0.11110942929713419
7186,3.90625,-0.11111100972591406,4.854870592801718e-10,2.203377088199321e-5,1.5805151172332666e-5,0.11111100972591406,-0.11110942740397922
7187,9.765625,-0.11111037618105576,3.253081024291566e-10,1.803629957694085e-5,9.292207670767893e-6,0.11111037618105576,-0.11110942409677364
7188,24.4140625,-0.11110997878079759,6.502306121649863e-11,8.063687817400834e-6,1.4194525888413003e-5,0.11110997878079759,-0.11110942380508719
7189,9.765625,-0.11111026644024101,1.5261179690060763e-11,3.906555988343283e-6,3.1169436851669035e-5,0.11111026644024101,-0.11110942509279244
7190,3.90625,-0.11111038612564984,6.1074670959087214e-12,2.4713290140951938e-6,3.396340437370425e-5,0.11111038612564984,-0.11110942630729038
7191,1.5625,-0.11111048266537117,2.055715899987931e-11,4.53400033082038e-6,3.365581521770709e-5,0.11111048266537117,-0.11110942740659853
7192,0.625,-0.11111057287379279,5.545076747665205e-11,7.4465272091527375e-6,3.297981303131921e-5,0.11111057287379279,-0.11110942844796463
7193,0.25,-0.11111066107291129,1.1008466584526826e-10,1.0492123991131073e-5,3.246913234257441e-5,0.11111066107291129,-0.11110942946712105
7194,0.1,-0.11111074862236174,1.8426098729435964e-10,1.3574276676654253e-5,3.214539774611777e-5,0.11111074862236174,-0.11110943047904205
7195,0.1,-0.111110834756658,2.773016478392053e-10,1.6652376642365655e-5,3.1945336274677015e-5,0.111110834756658,-0.11110943146670291
7196,0.1,-0.11111091927174904,3.885624221677589e-10,1.9711986763585218e-5,3.171820629057152e-5,0.11111091927174904,-0.11110943242671165
7197,0.1,-0.11111100196918566,5.173364587722333e-10,2.274503151838294e-5,3.1464127993842185e-5,0.11111100196918566,-0.11110943335579654
7198,0.1,-0.11111108265670282,6.628570855578985e-10,2.5746011061092523e-5,3.1183288827910715e-5,0.11111108265670282,-0.11110943425081966
7199,0.25,-0.11111115564984099,8.196854251196986e-10,2.8630148883994623e-5,3.0877518194454424e-5,0.11111115564984099,-0.11110943496304658
7200,0.625,-0.11111120774237629,9.73290172019995e-10,3.1197598818178216e-5,3.013310690505394e-5,0.11111120774237629,-0.11110943515975948
7201,1.5625,-0.1111112055688057,1.0836271019911054e-9,3.29184917939918e-5,2.820985848946833e-5,0.1111112055688057,-0.11110943399728315
7202,3.90625,-0.11111107615040344,1.053420661991745e-9,3.245644253444522e-5,2.3290644343623534e-5,0.11111107615040344,-0.11110942985848542
7203,9.765625,-0.111110725995928,7.213159511564642e-10,2.6857325837775886e-5,1.2215023298224538e-5,0.111110725995928,-0.11110942238698525
7204,24.4140625,-0.11111036011579309,1.4533583786115608e-10,1.2055531421764703e-5,1.848814101326534e-5,0.11111036011579309,-0.111109421433665
7205,9.765625,-0.11111040873034152,3.2311507727407696e-11,5.6843212195835396e-6,4.540548521997425e-5,0.11111040873034152,-0.11110942421709726
7206,3.90625,-0.1111103926548794,8.612280664417591e-12,2.934668748669531e-6,4.993464625071136e-5,0.1111103926548794,-0.11110942687414821
7207,1.5625,-0.11111037107260578,3.730631128518338e-11,6.107889265956233e-6,4.962868054233536e-5,0.11111037107260578,-0.11110942927940509
7208,0.625,-0.1111103484031842,1.1133250904259436e-10,1.055142213365546e-5,4.869075284581202e-5,0.1111103484031842,-0.1111094315553193
7209,0.25,-0.1111103254907427,2.291253149901668e-10,1.5136885907945756e-5,4.796664892454315e-5,0.1111103254907427,-0.11110943378146726
7210,0.1,-0.11111030255670269,3.9026766536869826e-10,1.975519337715271e-5,4.7508170262676225e-5,0.11111030255670269,-0.11110943599188783
7211,0.1,-0.11111027931596196,5.933474751275638e-10,2.4358724825564325e-5,4.722840931076294e-5,0.11111027931596196,-0.11110943815087647
7212,0.1,-0.11111025573113965,8.370025971942632e-10,2.8930997169027257e-5,4.6906662318198835e-5,0.11111025573113965,-0.11110944025072175
7213,0.1,-0.11111023176738166,1.1197297105446314e-9,3.346236259657455e-5,4.654322698360712e-5,0.11111023176738166,-0.11110944228398378
7214,0.1,-0.11111020739254968,1.4398906344208651e-9,3.794589087662675e-5,4.613847442600163e-5,0.11111020739254968,-0.11110944424352522
7215,0.25,-0.11111018125629712,1.7858200201831606e-9,4.225896378501442e-5,4.569499624381148e-5,0.11111018125629712,-0.11110944580445084
7216,0.625,-0.11111015042394581,2.126211967455109e-9,4.6110866045381416e-5,4.4595689954013636e-5,0.11111015042394581,-0.11110944623643582
7217,1.5625,-0.111110108101025,2.3744495731481147e-9,4.87283241364621e-5,4.172894764483447e-5,0.111110108101025,-0.11110944368034908
7218,3.90625,-0.11111004300876767,2.3185707064285537e-9,4.815153898297077e-5,3.432552105231422e-5,0.11111004300876767,-0.11110943453852246
7219,9.765625,-0.1111099644411696,1.600248866823199e-9,4.000311071433319e-5,1.699620844503578e-5,0.1111099644411696,-0.111109417864577
7220,24.4140625,-0.1111100576470465,3.27211752121239e-10,1.808899533200335e-5,2.568045891858283e-5,0.1111100576470465,-0.1111094153730466
7221,9.765625,-0.11111023444741802,7.159069807914417e-11,8.461128652794743e-6,6.705603536859574e-5,0.11111023444741802,-0.11110942149171021
7222,3.90625,-0.11111035082584284,1.4566271587383002e-11,3.816578518435459e-6,7.410678040618511e-5,0.11111035082584284,-0.11110942737848697
7223,1.5625,-0.11111045507607996,7.423564419994022e-11,8.616010921530927e-6,7.3769669863635e-5,0.11111045507607996,-0.11110943271108512
7224,0.625,-0.1111105556759552,2.348024289943556e-10,1.532326430609208e-5,7.242155670360347e-5,0.1111105556759552,-0.11110943775462723
7225,0.25,-0.11111065514367277,4.927656588450284e-10,2.2198325586517294e-5,7.136544001373552e-5,0.11111065514367277,-0.11110944268599138
7226,0.1,-0.11111075432416088,8.472143825573937e-10,2.910694732460609e-5,7.069494634089514e-5,0.11111075432416088,-0.11110944758179223
7227,0.1,-0.11111085286243381,1.2951050060317797e-9,3.598756738141354e-5,7.028675154757969e-5,0.11111085286243381,-0.11110945236502719
7228,0.1,-0.111110950625,1.8334773704885e-9,4.28191238874466e-5,6.981527232844116e-5,0.111110950625,-0.11110945701841789
7229,0.1,-0.11111104747895206,2.459054977733414e-9,4.958885941149901e-5,6.928096283744797e-5,0.11111104747895206,-0.11110946152528489
7230,0.1,-0.11111114329229727,3.168258854010195e-9,5.6287288565094296e-5,6.868437845620398e-5,0.11111114329229727,-0.1111094658696141
7231,0.25,-0.11111123474154735,3.93556389790668e-9,6.273407286241409e-5,6.802922699854932e-5,0.11111123474154735,-0.11110946933447213
7232,0.625,-0.11111131386448064,4.6923088631524595e-9,6.850042965669968e-5,6.63956925352989e-5,0.11111131386448064,-0.1111094703041499
7233,1.5625,-0.11111135981353298,5.248197382271827e-9,7.24444434188836e-5,6.212180696291187e-5,0.11111135981353298,-0.111109464657718
7234,3.90625,-0.11111132291084401,5.136313804445874e-9,7.166808079225977e-5,5.1042755622770175e-5,0.11111132291084401,-0.1111094443825423
7235,9.765625,-0.11111111305811229,3.5616421249323883e-9,5.967949501237748e-5,2.4670996690980517e-5,0.11111111305811229,-0.11110940717436993
7236,24.4140625,-0.11111070085022211,7.381805793904964e-10,2.716947882073737e-5,3.689292398444939e-5,0.11111070085022211,-0.1111094010533371
7237,9.765625,-0.11111055262570377,1.613047529764676e-10,1.2700580812563951e-5,9.962927218170799e-5,0.11111055262570377,-0.1111094146047511
7238,3.90625,-0.11111041437018106,2.7697635987028452e-11,5.2628543573833065e-6,0.00011043126958228312,0.11111041437018106,-0.11110942772059632
7239,1.5625,-0.11111028453835163,1.5455053068017592e-10,1.2431835370538653e-5,0.0001100386047830883,0.11111028453835163,-0.1111094396119851
7240,0.625,-0.11111015799428546,5.064196903664662e-10,2.250377058109299e-5,0.00010807013744419791,0.11111015799428546,-0.11110945085682472
7241,0.25,-0.11111003284496666,1.0754033500304591e-9,3.27933430749361e-5,0.00010651072688975003,0.11111003284496666,-0.11110946184832388
7242,0.1,-0.1111099084138439,1.8594326641575307e-9,4.3121139411633485e-5,0.0001055162028794269,0.1111099084138439,-0.1111094727582608
7243,0.1,-0.11110978477966454,2.851816056189712e-9,5.340239747604701e-5,0.00010490888910793797,0.11110978477966454,-0.11110948341838975
7244,0.1,-0.11110966202561705,4.046011581078441e-9,6.360826660960382e-5,0.00010420694240813837,0.11110966202561705,-0.11110949379014111
7245,0.1,-0.11110954023352354,5.4347751487568326e-9,7.372092748166447e-5,0.00010341105009307726,0.11110954023352354,-0.11110950383627799
7246,0.1,-0.11110941948384008,7.010191160610557e-9,8.37268843359799e-5,0.00010252204344981051,0.11110941948384008,-0.11110951352103993
7247,0.25,-0.11110930170118603,8.716039005458288e-9,9.335972903483754e-5,0.00010154545021019828,0.11110930170118603,-0.11110952125552576
7248,0.625,-0.11110919167752051,1.0400946684411026e-8,0.00010198503166843175,9.911149414292316e-5,0.11110919167752051,-0.11110952345327743
7249,1.5625,-0.11110910266347798,1.1644986414102973e-8,0.00010791193823717083,9.274118064816609e-5,0.11110910266347798,-0.11110951095437789
7250,3.90625,-0.11110907083055716,1.1415861491462606e-8,0.0001068450349406214,7.620212532369704e-5,0.11110907083055716,-0.11110946588338869
7251,9.765625,-0.1111091920431245,7.945903782695667e-9,8.913979909499273e-5,3.6484466246647334e-5,0.1111091920431245,-0.11110938275243108
7252,24.4140625,-0.11110996290492334,1.231094993801267e-10,1.1095472021510697e-5,5.280277114571129e-5,0.11110996290492334,-0.11110943096303458
7253,9.765625,-0.11111064974131218,1.2982202480177586e-10,1.1393946849172848e-5,2.988789287860809e-5,0.11111064974131218,-0.11110943013438182
7254,3.90625,-0.11111090106320737,1.4728177195080627e-10,1.2135970169327471e-5,2.032856301233963e-5,0.11111090106320737,-0.11110942983465522
7255,1.5625,-0.11111110299622398,1.6941730230478868e-10,1.3016040192961478e-5,1.63712516222068e-5,0.11111110299622398,-0.11110942979304123
7256,0.625,-0.11111129229485767,1.9554623899632752e-10,1.398378485948377e-5,1.466682603030681e-5,0.11111129229485767,-0.11110942986971087
7257,1.5625,-0.1111114034933593,2.1226601818076316e-10,1.4569352016502421e-5,1.3882648018187733e-5,0.1111114034933593,-0.11110942968496951
7258,3.90625,-0.11111130738385981,1.9716575691115455e-10,1.404157245151534e-5,1.2039409598204717e-5,0.11111130738385981,-0.11110942896374472
7259,9.765625,-0.11111080476502325,1.213135577982022e-10,1.1014243405618118e-5,9.055788765842387e-6,0.11111080476502325,-0.11110942780391972
7260,24.4140625,-0.11111020959227125,2.1244304395343034e-11,4.609154412182676e-6,1.252505974632989e-5,0.11111020959227125,-0.11110942796932148
7261,9.765625,-0.11111046912169065,5.8101193640402534e-12,2.4104189187857476e-6,2.0945986597502988e-5,0.11111046912169065,-0.11110942851792784
7262,3.90625,-0.11111054516135939,5.513023630963989e-12,2.347982885577318e-6,2.1909889766651213e-5,0.11111054516135939,-0.11110942899885724
7263,1.5625,-0.11111060054966117,1.3901308809574872e-11,3.728445897364594e-6,2.142133433011811e-5,0.11111060054966117,-0.11110942943184661
7264,0.625,-0.11111065078786567,2.991377926120697e-11,5.469349071069332e-6,2.0881394961429754e-5,0.11111065078786567,-0.11110942984376264
7265,0.25,-0.11111069949425417,5.3317613285601976e-11,7.301891075988601e-6,2.0510099499758684e-5,0.11111069949425417,-0.11110943024821655
7266,0.1,-0.11111074773360495,8.40363549706627e-11,9.167134501612961e-6,2.0279709918754015e-5,0.11111074773360495,-0.11110943065027234
7267,0.1,-0.11111079410375026,1.2175526808929077e-10,1.103427696268726e-5,2.0136144093170872e-5,0.11111079410375026,-0.11110943104187808
7268,0.1,-0.11111083840875435,1.661961401022934e-10,1.2891708191791086e-5,1.9978720584918765e-5,0.11111083840875435,-0.11110943142188834
7269,0.1,-0.11111088046160643,2.1705970058562514e-10,1.4732946093216562e-5,1.980730397878956e-5,0.11111088046160643,-0.11110943178919627
7270,0.1,-0.11111092008480734,2.7402665810279224e-10,1.6553750575105095e-5,1.9621842163443e-5,0.11111092008480734,-0.11110943214273852
7271,0.25,-0.11111095039950167,3.3479796446217146e-10,1.829748519502534e-5,1.9423761419322284e-5,0.11111095039950167,-0.11110943242241365
7272,0.625,-0.1111109560732384,3.93341934015454e-10,1.9832849871247805e-5,1.8959262510514092e-5,0.1111109560732384,-0.1111094324963501
7273,1.5625,-0.11111089959609674,4.332847675711106e-10,2.081549345009891e-5,1.7785235453797366e-5,0.11111089959609674,-0.11110943203426346
7274,3.90625,-0.1111107042821034,4.1580610981748174e-10,2.039132437625084e-5,1.4860912051339582e-5,0.1111107042821034,-0.11110943041905551
7275,9.765625,-0.11111030195741999,2.799045375550148e-10,1.6730347801376238e-5,8.916067749163588e-6,0.11111030195741999,-0.11110942757404402
7276,24.4140625,-0.11111008206865314,5.589825180758201e-11,7.476513345643276e-6,1.3353835408186876e-5,0.11111008206865314,-0.11110942732743016
7277,9.765625,-0.11111028250283982,1.3598367377633159e-11,3.687596422825193e-6,2.8999484971542534e-5,0.11111028250283982,-0.11110942843300814
7278,3.90625,-0.11111037102491196,5.857874612941679e-12,2.4203046529190658e-6,3.155828348078383e-5,0.11111037102491196,-0.11110942947834683
7279,1.5625,-0.11111044382200762,1.8331756675493045e-11,4.281560074960183e-6,3.1268204864436755e-5,0.11111044382200762,-0.11110943042615196
7280,0.625,-0.11111051227316153,4.832431840051322e-11,6.951569491885499e-6,3.064215197610246e-5,0.11111051227316153,-0.1111094313248563
7281,0.25,-0.11111057934045457,9.523454354923907e-11,9.758818757884535e-6,3.017006015293002e-5,0.11111057934045457,-0.11110943220477823
7282,0.1,-0.11111064596179003,1.5889299260115566e-10,1.2605276379403811e-5,2.9870954395710506e-5,0.11111064596179003,-0.11110943307860752
7283,0.1,-0.11111071162149015,2.3871756896155344e-10,1.5450487660962467e-5,2.9686115578740606e-5,0.11111071162149015,-0.11110943393161832
7284,0.1,-0.11111077617816534,3.341559153609866e-10,1.8279932039287965e-5,2.9476296834514573e-5,0.11111077617816534,-0.11110943476090247
7285,0.1,-0.11111083949400831,4.446020812068717e-10,2.1085589420428154e-5,2.9241617089015832e-5,0.11111083949400831,-0.11110943556365474
7286,0.1,-0.11111090143519413,5.693989162254286e-10,2.386208113776811e-5,2.8982257215794773e-5,0.11111090143519413,-0.11110943633718537
7287,0.25,-0.11111095810105362,7.038846922005435e-10,2.6530825320757427e-5,2.8699916934882553e-5,0.11111095810105362,-0.1111094369538037
7288,0.625,-0.11111100040471847,8.356052475515852e-10,2.890683738411356e-5,2.801299265813237e-5,0.11111100040471847,-0.11110943712797863
7289,1.5625,-0.1111110053137177,9.302282409246579e-10,3.0499643291760935e-5,2.623932221543204e-5,0.1111110053137177,-0.11110943613568564
7290,3.90625,-0.11111092203234495,9.042667758771253e-10,3.0071028846335226e-5,2.1708633890748946e-5,0.11111092203234495,-0.11110943258907044
7291,9.765625,-0.11111068270462647,6.189465784881625e-10,2.4878636990160103e-5,1.1586656559286448e-5,0.11111068270462647,-0.11110942618535204
7292,24.4140625,-0.11111041101479605,1.2451271229745082e-10,1.1158526439340045e-5,1.737014400245075e-5,0.11111041101479605,-0.11110942538733656
7293,9.765625,-0.11111042050572825,2.801678602866318e-11,5.293088515098078e-6,4.213185738243464e-5,0.11111042050572825,-0.11110942777617269
7294,3.90625,-0.11111039164386119,7.972668737252603e-12,2.8235914607557168e-6,4.6291710157567315e-5,0.11111039164386119,-0.11110943005599193
7295,1.5625,-0.11111036062227744,3.280663194046381e-11,5.7277073895638044e-6,4.5998163006130196e-5,0.11111036062227744,-0.11110943212061068
7296,0.625,-0.11111032938671739,9.648122235531257e-11,9.822485548745418e-6,4.5126832231377984e-5,0.11111032938671739,-0.11110943407489171
7297,0.25,-0.11111029817505094,1.9766027470827054e-10,1.4059170484358974e-5,4.445584224611247e-5,0.11111029817505094,-0.1111094359868333
7298,0.1,-0.11111026702258808,3.3598903948279933e-10,1.8330003804767728e-5,4.4031508277825494e-5,0.11111026702258808,-0.11110943788547088
7299,0.1,-0.11111023576242605,5.102546623618607e-10,2.2588817197052633e-5,4.3772837905615064e-5,0.11111023576242605,-0.11110943974000996
7300,0.1,-0.11111020438511814,7.192887070936924e-10,2.681955829415713e-5,4.34753475759501e-5,0.11111020438511814,-0.11110944154384247
7301,0.1,-0.11111017288278068,9.618015591460752e-10,3.101292567859529e-5,4.313931406147398e-5,0.11111017288278068,-0.11110944329059345
7302,0.1,-0.1111101412491897,1.2363878435652328e-9,3.5162307142240155e-5,4.2765082791547924e-5,0.1111101412491897,-0.11110944497414646
7303,0.25,-0.11111010894279685,1.5330250941016732e-9,3.9153864357195616e-5,4.235504295762995e-5,0.11111010894279685,-0.11110944631565026
7304,0.625,-0.11111007488659252,1.8248200433326028e-9,4.2717912441183297e-5,4.1338274082420506e-5,0.11111007488659252,-0.11110944668853842
7305,1.5625,-0.1111100369129892,2.037375398114639e-9,4.51372949800344e-5,3.8686967581510704e-5,0.1111100369129892,-0.11110944449828804
7306,3.90625,-0.11110999348297652,1.9886894249726653e-9,4.4594724183166166e-5,3.184472089262819e-5,0.11110999348297652,-0.1111094366617441
7307,9.765625,-0.11110996384035776,1.3714276194096675e-9,3.703279113717555e-5,1.5901936973448115e-5,0.11110996384035776,-0.11110942238141336
7308,24.4140625,-0.11111008902529856,2.798686970231768e-10,1.6729276643751718e-5,2.3992028726302668e-5,0.11111008902529856,-0.11110942028593591
7309,9.765625,-0.11111023807047556,6.148686217497953e-11,7.841355888810272e-6,6.213406915906911e-5,0.11111023807047556,-0.11110942553183113
7310,3.90625,-0.11111034162854917,1.3117857198841743e-11,3.6218582521741163e-6,6.862528974583417e-5,0.11111034162854917,-0.11110943057524506
7311,1.5625,-0.11111043526707452,6.465814553858284e-11,8.041028885570729e-6,6.830171638792349e-5,0.11111043526707452,-0.11110943514418721
7312,0.625,-0.11111052585871775,2.0260233062935036e-10,1.4233844548446858e-5,6.705060072588842e-5,0.11111052585871775,-0.11110943946619115
7313,0.25,-0.11111061549787998,4.2396322816254717e-10,2.059036736346749e-5,6.607269720566127e-5,0.11111061549787998,-0.11110944369262706
7314,0.1,-0.11111070489460169,7.279668483581703e-10,2.6980860778673653e-5,6.545274156715448e-5,0.11111070489460169,-0.1111094478889596
7315,0.1,-0.11111079377610052,1.1120022083339549e-9,3.334669711281696e-5,6.50758947036118e-5,0.11111079377610052,-0.11110945198894284
7316,0.1,-0.11111088203057011,1.5735327172339922e-9,3.9667779333282476e-5,6.464046744424925e-5,0.11111088203057011,-0.11110945597777167
7317,0.1,-0.11111096954640669,2.10975043144792e-9,4.593201967525399e-5,6.41468846189171e-5,0.11111096954640669,-0.11110945984115458
7318,0.1,-0.11111105621247652,2.7175879598034746e-9,5.213048973301013e-5,6.359566492604588e-5,0.11111105621247652,-0.1111094635653704
7319,0.25,-0.11111113930132749,3.3751346442918263e-9,5.8095909015109027e-5,6.299022755048878e-5,0.11111113930132749,-0.11110946653565258
7320,0.625,-0.1111112122418821,4.023458677438054e-9,6.343073921560471e-5,6.14792180127773e-5,0.1111112122418821,-0.11110946736695626
7321,1.5625,-0.11111125772779769,4.499253400308919e-9,6.707647426862058e-5,5.752491821025651e-5,0.11111125772779769,-0.1111094625275621
7322,3.90625,-0.11111123397598766,4.401958631798469e-9,6.634725790715445e-5,4.727725080604534e-5,0.11111123397598766,-0.11110944515513733
7323,9.765625,-0.11111106193962876,3.0502559228561713e-9,5.5229122054004906e-5,2.2944442589494614e-5,0.11111106193962876,-0.11110941330128643
7324,24.4140625,-0.11111069570916106,6.309712624134327e-10,2.511914135501914e-5,3.433920666488872e-5,0.11111069570916106,-0.11110940813039648
7325,9.765625,-0.11111054814833535,1.3810309965463483e-10,1.175172751788582e-5,9.224100739495729e-5,0.11111054814833535,-0.11110941973794358
7326,3.90625,-0.11111041559832953,2.4579340967977035e-11,4.9577556381872066e-6,0.00010219687142231428,0.11111041559832953,-0.11110943096380707
7327,1.5625,-0.11111029164643227,1.339628137627506e-10,1.1574230590529575e-5,0.00010181909360767862,0.11111029164643227,-0.11110944114101756
7328,0.625,-0.11111017094465273,4.359527900784489e-10,2.0879482514623032e-5,9.999273957524976e-5,0.11111017094465273,-0.11110945076556009
7329,0.25,-0.11111005158547703,9.238052894124369e-10,3.039416538437002e-5,9.854857624749257e-5,0.11111005158547703,-0.11110946017399131
7330,0.1,-0.11110993289291349,1.5957606928232928e-9,3.99469735126867e-5,9.762851403155533e-5,0.11110993289291349,-0.11110946951315002
7331,0.1,-0.11110981496406963,2.4460825664733456e-9,4.94578867974901e-5,9.706725724835642e-5,0.11110981496406963,-0.11110947863851407
7332,0.1,-0.1111096978840654,3.4691677409370287e-9,5.889964126322866e-5,9.641838392802588e-5,0.1111096978840654,-0.1111094875170512
7333,0.1,-0.11110958173668893,4.65881100842118e-9,6.825548335790451e-5,9.568253557475705e-5,0.11110958173668893,-0.11110949611687258
7334,0.1,-0.11110946660437689,6.0082314182633655e-9,7.751278228952542e-5,9.486048689681201e-5,0.11110946660437689,-0.111109504407355
7335,0.25,-0.11110935447305903,7.469205754217335e-9,8.642456684425636e-5,9.395734144940249e-5,0.11110935447305903,-0.11110951102701752
7336,0.625,-0.1111092502604258,8.91190738463391e-9,9.440289923849749e-5,9.170512503029818e-5,0.1111092502604258,-0.11110951290348636
7337,1.5625,-0.11110916745642985,9.976226872015217e-9,9.988106363077646e-5,8.580959474954546e-5,0.11110916745642985,-0.11110950219158677
7338,3.90625,-0.1111091422145618,9.777189359343414e-9,9.887967111263778e-5,7.050568878523942e-5,0.1111091422145618,-0.11110946359102303
7339,9.765625,-0.11110926650922358,6.800846699808645e-9,8.246724622423526e-5,3.380282024448342e-5,0.11110926650922358,-0.1111093924557739
7340,24.4140625,-0.11110994495851492,1.0657052336860344e-10,1.0323300023180739e-5,4.905006787654914e-5,0.11110994495851492,-0.11110943380496381
7341,9.765625,-0.11111064342318108,1.1218255476390632e-10,1.0591626634464903e-5,2.79064728639398e-5,0.11111064342318108,-0.11110943310034636
7342,3.90625,-0.11111090105901619,1.2732590757608292e-10,1.1283878215227374e-5,1.909010550089996e-5,0.11111090105901619,-0.11110943284855673
7343,1.5625,-0.11111110806697712,1.4653500699979916e-10,1.2105164476362936e-5,1.5447852360698762e-5,0.11111110806697712,-0.11110943281931221
7344,0.625,-0.11111130208521929,1.6922598092163846e-10,1.300868867033255e-5,1.3882790923069905e-5,0.11111130208521929,-0.11110943289218583
7345,1.5625,-0.1111114166659707,1.8373287861325632e-10,1.3554810165150093e-5,1.3164001794328852e-5,0.1111114166659707,-0.11110943273859356
7346,3.90625,-0.11111132006630357,1.7051849423727404e-10,1.3058273018943739e-5,1.1480005593967704e-5,0.11111132006630357,-0.111109432120926
7347,9.765625,-0.11111080809300193,1.0470184794528251e-10,1.0232392093019232e-5,8.790475796372423e-6,0.11111080809300193,-0.11110943112648636
7348,24.4140625,-0.11111019612951717,1.870494936446896e-11,4.3249218911408054e-6,1.1912694258584589e-5,0.11111019612951717,-0.1111094312663802
7349,9.765625,-0.11111046491001351,5.4270518295265006e-12,2.3296033631342697e-6,1.959686878824758e-5,0.11111046491001351,-0.11110943174104736
7350,3.90625,-0.11111054661666059,5.238650394888716e-12,2.2888098206029956e-6,2.046910495524356e-5,0.11111054661666059,-0.1111094321586243
7351,1.5625,-0.11111060686608584,1.2513462434358982e-11,3.5374372693178578e-6,2.001220399775157e-5,0.11111060686608584,-0.11110943253587816
7352,0.625,-0.11111066172722474,2.6340720285162204e-11,5.132321140104368e-6,1.9512372302039697e-5,0.11111066172722474,-0.11110943289545006
7353,0.25,-0.11111071497729927,4.6521558463229866e-11,6.82067140853669e-6,1.916957088966826e-5,0.11111071497729927,-0.11110943324880324
7354,0.1,-0.11111076773257161,7.299074441844248e-11,8.543462086206182e-6,1.895711892479778e-5,0.11111076773257161,-0.11110943360017982
7355,0.1,-0.11111081856284954,1.0547500465787587e-10,1.0270102465792436e-5,1.8824808826428635e-5,0.11111081856284954,-0.11110943394255592
7356,0.1,-0.11111086726438996,1.4373356671231302e-10,1.1988893473224e-5,1.867978486601095e-5,0.11111086726438996,-0.11110943427494813
7357,0.1,-0.111110913642535,1.8750750328908682e-10,1.3693337916267414e-5,1.8521930773731212e-5,0.111110913642535,-0.11110943459640639
7358,0.1,-0.11111095751232868,2.3652064653792284e-10,1.5379227761429467e-5,1.8351208114577744e-5,0.11111095751232868,-0.11110943490601839
7359,0.25,-0.11111099178010621,2.887796082821255e-10,1.6993516654363377e-5,1.8168942975062848e-5,0.11111099178010621,-0.11110943515196951
7360,0.625,-0.1111110006092364,3.390595436286608e-10,1.84135695515199e-5,1.7741860139204475e-5,0.1111110006092364,-0.11110943522070714
7361,1.5625,-0.11111094518918645,3.731974967338566e-10,1.9318320235824248e-5,1.6664012937246684e-5,0.11111094518918645,-0.11110943482814284
7362,3.90625,-0.11111074581297274,3.577241686325486e-10,1.8913597453486966e-5,1.3990602513111846e-5,0.11111074581297274,-0.11110943344487306
7363,9.765625,-0.11111032928654245,2.404856874486502e-10,1.5507600957229014e-5,8.653055960910288e-6,0.11111032928654245,-0.11110943100909185
7364,24.4140625,-0.11111008734897772,4.8304128602487516e-11,6.95011716465899e-6,1.2677427597009013e-5,0.11111008734897772,-0.1111094307999077
7365,9.765625,-0.11111028751993877,1.2083788595970023e-11,3.476174419670282e-6,2.6980353218009626e-5,0.11111028751993877,-0.11110943175030413
7366,3.90625,-0.11111037407254613,5.5204369579014e-12,2.349561013870761e-6,2.932887468707452e-5,0.11111037407254613,-0.11110943265064645
7367,1.5625,-0.1111104447691655,1.628218632804829e-11,4.035119121915521e-6,2.905644148046809e-5,0.1111104447691655,-0.11110943346829677
7368,0.625,-0.11111051109738372,4.205985221274917e-11,6.4853567529280275e-6,2.8476975257379957e-5,0.11111051109738372,-0.1111094342443005
7369,0.25,-0.11111057603475549,8.233937457994487e-11,9.074104615880559e-6,2.8040760641412133e-5,0.11111057603475549,-0.11110943500440854
7370,0.1,-0.11111064052198527,1.3697601964529594e-10,1.170367547590482e-5,2.7764592095556582e-5,0.11111064052198527,-0.11110943575938591
7371,0.1,-0.11111070403878649,2.05469289131976e-10,1.4334199982279304e-5,2.7594000899444707e-5,0.11111070403878649,-0.11110943649650407
7372,0.1,-0.1111107664436949,2.8734476417324677e-10,1.6951246684926945e-5,2.740037620763161e-5,0.1111107664436949,-0.1111094372132701
7373,0.1,-0.11111082759894575,3.820820178268455e-10,1.954691837162179e-5,2.7183833760796305e-5,0.11111082759894575,-0.1111094379072793
7374,0.1,-0.1111108873708732,4.891166776515616e-10,2.21159824030397e-5,2.6944547139022045e-5,0.1111108873708732,-0.11110943857622668
7375,0.25,-0.11111094184445983,6.044416509914648e-10,2.458539507495181e-5,2.668409078382828e-5,0.11111094184445983,-0.11110943911048737
7376,0.625,-0.11111098190768386,7.173541791041361e-10,2.678346839197896e-5,2.605055109593696e-5,0.11111098190768386,-0.11110943926505223
7377,1.5625,-0.11111098449042085,7.983590803958404e-10,2.825524872295129e-5,2.441565788087799e-5,0.11111098449042085,-0.111109438418857
7378,3.90625,-0.11111089886234642,7.757803428649771e-10,2.785283365952156e-5,2.024692067933086e-5,0.11111089886234642,-0.11110943538235249
7379,9.765625,-0.11111065824161946,5.30696201366701e-10,2.3036844431620858e-5,1.1022132726289305e-5,0.11111065824161946,-0.11110942989977633
7380,24.4140625,-0.1111103928964283,1.0687300312378397e-10,1.0337939984531927e-5,1.6323401704266807e-5,0.1111103928964283,-0.11110942922414513
7381,9.765625,-0.11111041094305835,2.436380357703941e-11,4.935970378460492e-6,3.9086344972837566e-5,0.11111041094305835,-0.11110943127338725
7382,3.90625,-0.11111038840512019,7.329662556162621e-12,2.7073349545563476e-6,4.291479777613872e-5,0.11111038840512019,-0.11110943322990281
7383,1.5625,-0.11111036312243523,2.872364354024777e-11,5.359444331294782e-6,4.263751568827705e-5,0.11111036312243523,-0.1111094350028274
7384,0.625,-0.11111033743213451,8.337939925832217e-11,9.131232077782394e-6,4.182994267291144e-5,0.11111033743213451,-0.11110943668167235
7385,0.25,-0.11111031169374834,1.7015443443102628e-10,1.3044325756091278e-5,4.1208960457338806e-5,0.11111031169374834,-0.11110943832446854
7386,0.1,-0.11111028598393341,2.887455472127531e-10,1.6992514446448266e-5,4.0816472594052525e-5,0.11111028598393341,-0.11110943995597078
7387,0.1,-0.11111026012653175,4.3811164545493774e-10,2.093111667959781e-5,4.0577285800629387e-5,0.11111026012653175,-0.11110944154967682
7388,0.1,-0.11111023410664561,6.172506035218436e-10,2.484452864358355e-5,4.0302247587719134e-5,0.11111023410664561,-0.11110944309992836
7389,0.1,-0.11111020791103464,8.250564676711136e-10,2.872379619185308e-5,3.9991616338176314e-5,0.11111020791103464,-0.11110944460126752
7390,0.1,-0.11111018152822388,1.060324104764721e-9,3.256261821114391e-5,3.9645714589103626e-5,0.11111018152822388,-0.11110944604845797
7391,0.25,-0.11111015428570606,1.3144546238651483e-9,3.625540820160695e-5,3.926675524515665e-5,0.11111015428570606,-0.11110944720244136
7392,0.625,-0.11111012478842235,1.564378409188593e-9,3.955222382102671e-5,3.8327188725665264e-5,0.11111012478842235,-0.1111094475262327
7393,1.5625,-0.11111009002206633,1.7462861096498365e-9,4.17885882706013e-5,3.587789412618338e-5,0.11111009002206633,-0.11110944565357045
7394,3.90625,-0.11111004633726146,1.7041265516357248e-9,4.128106771433758e-5,2.9562377605029563e-5,0.11111004633726146,-0.11110943894404754
7395,9.765625,-0.11111000853843432,1.1746277319779451e-9,3.42728424846546e-5,1.4920621793341199e-5,0.11111000853843432,-0.11110942672140899
7396,24.4140625,-0.11111011250875927,2.3958977583395375e-10,1.5478687794317505e-5,2.2395931256349214e-5,0.11111011250875927,-0.11110942494552306
7397,9.765625,-0.11111025186717874,5.292177536583962e-11,7.274735415521283e-6,5.755726170245941e-5,0.11111025186717874,-0.11110942944024396
7398,3.90625,-0.11111034716863992,1.1763066653670898e-11,3.4297327379361353e-6,6.354090305105519e-5,0.11111034716863992,-0.11110943376063963
7399,1.5625,-0.11111043309613941,5.611276485364533e-11,7.4908454031334365e-6,6.32344614420324e-5,0.11111043309613941,-0.11110943767533046
7400,0.625,-0.11111051615545925,1.744195082079055e-10,1.3206797802946235e-5,6.207476664713618e-5,0.11111051615545925,-0.11110944137907514
7401,0.25,-0.11111059831340094,3.6413029264303305e-10,1.9082198317883425e-5,6.116948771150685e-5,0.11111059831340094,-0.11110944500128325
7402,0.1,-0.11111068023443778,6.24584253321608e-10,2.499168368320966e-5,6.059589714157795e-5,0.11111068023443778,-0.11110944859787292
7403,0.1,-0.11111076165623196,9.535427119648636e-10,3.0879486912266915e-5,6.0247375715502066e-5,0.11111076165623196,-0.11110945211195523
7404,0.1,-0.11111084247443563,1.348832219044377e-9,3.672645121767657e-5,5.984469124527087e-5,0.11111084247443563,-0.11110945553085706
7405,0.1,-0.11111092258503184,1.8080469063568448e-9,4.252113481972047e-5,5.938823918308487e-5,0.11111092258503184,-0.11110945884234603
7406,0.1,-0.11111100188458405,2.328558695368877e-9,4.8255141646967286e-5,5.887850222461493e-5,0.11111100188458405,-0.11110946203467821
7407,0.25,-0.11111107780634828,2.891584969160594e-9,5.3773459709791726e-5,5.831864414965601e-5,0.11111107780634828,-0.11110946458121626
7408,0.625,-0.11111114417884503,3.4466130932516667e-9,5.870786227799192e-5,5.6921299838082795e-5,0.11111114417884503,-0.11110946529572407
7409,1.5625,-0.11111118477817566,3.8536832291890375e-9,6.207804144131029e-5,5.3264809278263994e-5,0.11111118477817566,-0.11110946115393311
7410,3.90625,-0.11111116057994991,3.769580368718229e-9,6.139690846222006e-5,4.3792769824220406e-5,0.11111116057994991,-0.11110944628206715
7411,9.765625,-0.11111099857008983,2.6109329290909933e-9,5.1097288862433724e-5,2.1358277557907333e-5,0.11111099857008983,-0.11110941902562178
7412,24.4140625,-0.11111066103616508,5.395424849021129e-10,2.3228053833718247e-5,3.192997274632993e-5,0.11111066103616508,-0.1111094146379325
7413,9.765625,-0.11111052856305927,1.1829403364875456e-10,1.0876306066342312e-5,8.5380945155963e-5,0.11111052856305927,-0.11110942457666968
7414,3.90625,-0.1111104085654116,2.161256032855017e-11,4.648931095268047e-6,9.456591398244218e-5,0.1111104085654116,-0.11110943418441502
7415,1.5625,-0.11111029623882678,1.1564827624834077e-10,1.0753988852902014e-5,9.420724066146423e-5,0.11111029623882678,-0.11110944289462939
7416,0.625,-0.11111018681982515,3.744895571764765e-10,1.935173266600375e-5,9.251430936559922e-5,0.11111018681982515,-0.11110945113231185
7417,0.25,-0.11111007859650425,7.923728589201485e-10,2.814911826185944e-5,9.117710232027255e-5,0.11111007859650425,-0.11110945918538805
7418,0.1,-0.1111099709606266,1.3677954116239857e-9,3.698371819630884e-5,9.032553055352958e-5,0.1111099709606266,-0.11110946717937942
7419,0.1,-0.11110986399937184,2.0958415598825424e-9,4.578036216416972e-5,8.98061734416039e-5,0.11110986399937184,-0.1111094749903372
7420,0.1,-0.11110975779013126,2.9717124533897475e-9,5.451341535245932e-5,8.92057789229718e-5,0.11110975779013126,-0.11110948258999807
7421,0.1,-0.1111096524092332,3.990093788325763e-9,6.316718917543951e-5,8.852494243517555e-5,0.1111096524092332,-0.11110948995107606
7422,0.1,-0.11110954793192385,5.14517834272997e-9,7.17298985272527e-5,8.776438295692459e-5,0.11110954793192385,-0.11110949704737007
7423,0.25,-0.11110944615370467,6.395650504430006e-9,7.997281103243781e-5,8.692882444801935e-5,0.11110944615370467,-0.1111095027131731
7424,0.625,-0.1111093515267558,7.63029145671867e-9,8.735153952117083e-5,8.484522961257992e-5,0.1111093515267558,-0.11110950431834342
7425,1.5625,-0.11110927627767785,8.540635794317248e-9,9.241556034736383e-5,7.939154549127532e-5,0.11110927627767785,-0.11110949514788565
7426,3.90625,-0.11110925322322049,8.36877057624998e-9,9.148098477962499e-5,6.523773289601236e-5,0.11110925322322049,-0.11110946211065273
7427,9.765625,-0.11110936603197667,5.818868764591467e-9,7.62815099784441e-5,3.1335638878767954e-5,0.11110936603197667,-0.11110940125815291
7428,24.4140625,-0.11110998819766404,9.183726236913602e-11,9.583176006373672e-6,4.5517989781075315e-5,0.11110998819766404,-0.1111094366963042
7429,9.765625,-0.11111061963553473,9.668469400313641e-11,9.832837535682994e-6,2.594667901912944e-5,0.11111061963553473,-0.1111094360911543
7430,3.90625,-0.11111085198649197,1.0961093935711025e-10,1.0469524313793356e-5,1.783908126737839e-5,0.11111085198649197,-0.11110943587943957
7431,1.5625,-0.11111103865228822,1.2600715273064804e-10,1.1225290763746302e-5,1.451402920589169e-5,0.11111103865228822,-0.11110943585995303
7432,0.625,-0.11111121360433827,1.453716099275145e-10,1.2057014967541282e-5,1.3093494426690458e-5,0.11111121360433827,-0.11110943592851277
7433,1.5625,-0.11111131671239148,1.5773961329849641e-10,1.2559443192215824e-5,1.2443214878214727e-5,0.11111131671239148,-0.11110943580292214
7434,3.90625,-0.11111122890473624,1.4644027138373841e-10,1.2101250818974807e-5,1.0927568968821917e-5,0.11111122890473624,-0.11110943527918828
7435,9.765625,-0.11111076587709193,9.014940840729227e-11,9.49470422958463e-6,8.538078943200818e-6,0.11111076587709193,-0.11110943442985713
7436,24.4140625,-0.11111021375819134,1.642766207437499e-11,4.053105238502325e-6,1.1333039222471301e-5,0.11111021375819134,-0.11110943454710816
7437,9.765625,-0.11111045572902889,5.091961003847493e-12,2.2565373925214475e-6,1.832146247990735e-5,0.11111045572902889,-0.11110943495580296
7438,3.90625,-0.1111105287338793,4.944347500966251e-12,2.2235888785848545e-6,1.91181073366039e-5,0.1111105287338793,-0.11110943531825528
7439,1.5625,-0.11111058243150014,1.1186687126658977e-11,3.3446505238453504e-6,1.869826343475022e-5,0.11111058243150014,-0.11110943564722436
7440,0.625,-0.1111106312868075,2.3039989243875985e-11,4.799998879570284e-6,1.8239924044652877e-5,0.1111106312868075,-0.11110943596148436
7441,0.25,-0.11111067869519774,4.0334234602376115e-11,6.350923917224652e-6,1.7925877853489294e-5,0.11111067869519774,-0.11110943627059963
7442,0.1,-0.11111072565927631,6.301371624071188e-11,7.938117928118218e-6,1.7731388019381227e-5,0.11111072565927631,-0.11110943657809902
7443,0.1,-0.11111077088838527,9.084463960221115e-11,9.53124543814769e-6,1.761034231228698e-5,0.11111077088838527,-0.1111094368778926
7444,0.1,-0.11111081419932223,1.23620976335987e-10,1.1118497035840185e-5,1.74776659303597e-5,0.11111081419932223,-0.11110943716913818
7445,0.1,-0.11111085541709327,1.6112113773802374e-10,1.2693350138478956e-5,1.7333259544161697e-5,0.11111085541709327,-0.11110943745102075
7446,0.1,-0.11111089437547134,2.0310875540511796e-10,1.4251622904256131e-5,1.7177095803290074e-5,0.11111089437547134,-0.11110943772275932
7447,0.25,-0.11111092468564603,2.4787738994734544e-10,1.574412239368538e-5,1.7010394524433167e-5,0.11111092468564603,-0.11110943793989168
7448,0.625,-0.11111093208921631,2.9095361559790226e-10,1.7057362504147654e-5,1.6619799507103193e-5,0.11111093208921631,-0.11110943800502948
7449,1.5625,-0.11111088165636528,3.202080398760385e-10,1.7894357766515078e-5,1.5634914113033887e-5,0.11111088165636528,-0.11110943767450894
7450,3.90625,-0.11111070172084184,3.069597358621616e-10,1.752026643239656e-5,1.3200057624987136e-5,0.11111070172084184,-0.11110943649406664
7451,9.765625,-0.11111032692638576,2.0646150400813958e-10,1.4368768353903531e-5,8.409155695942808e-6,0.11111032692638576,-0.11110943440970385
7452,24.4140625,-0.111110112011604,4.175135282247305e-11,6.461528675357949e-6,1.2023966638431883e-5,0.111110112011604,-0.11110943422947392
7453,9.765625,-0.11111029351373725,1.078249004531071e-11,3.2836702095841946e-6,2.5106279746326723e-5,0.11111029351373725,-0.1111094350458669
7454,3.90625,-0.11111037236012976,5.1977149385042054e-12,2.2798497622659714e-6,2.72631070001696e-5,0.11111037236012976,-0.11110943582157078
7455,1.5625,-0.1111104368662028,1.4446963195748971e-11,3.8009160995408686e-6,2.7009631902528694e-5,0.1111104368662028,-0.11110943652744722
7456,0.625,-0.11111049741772261,3.655450429125154e-11,6.046032111331493e-6,2.647485064340984e-5,0.11111049741772261,-0.11110943719809081
7457,0.25,-0.1111105567089151,7.108075490809171e-11,8.430940333562544e-6,2.6072704701291153e-5,0.1111105567089151,-0.11110943785530822
7458,0.1,-0.11111061559133494,1.1790202155282434e-10,1.0858269731077063e-5,2.5818244432667614e-5,0.11111061559133494,-0.11110943850821325
7459,0.1,-0.11111067359475674,1.765891983236697e-10,1.3288686854752418e-5,2.566112568791071e-5,0.11111067359475674,-0.1111094391458195
7460,0.1,-0.11111073059113914,2.4673575597778764e-10,1.5707824673639175e-5,2.5482806959678184e-5,0.11111073059113914,-0.11110943976599287
7461,0.1,-0.11111078645578136,3.2789575219910124e-10,1.8107891986620123e-5,2.5283399596648795e-5,0.11111078645578136,-0.11110944036667411
7462,0.1,-0.11111084106768443,4.1958559912847143e-10,2.0483788690778654e-5,2.506306899838735e-5,0.11111084106768443,-0.11110944094588937
7463,0.25,-0.11111089088463023,5.183702420589682e-10,2.2767745651666267e-5,2.482327070567428e-5,0.11111089088463023,-0.1111094414096439
7464,0.625,-0.11111092766112056,6.150755064264556e-10,2.4800715845040755e-5,2.4240027744604633e-5,0.11111092766112056,-0.1111094415479387
7465,1.5625,-0.11111093051696226,6.844202576794272e-10,2.6161426904498676e-5,2.2735682862099377e-5,0.11111093051696226,-0.11110944082852389
7466,3.90625,-0.11111085351287472,6.649756138249093e-10,2.578712108446597e-5,1.8906683570832173e-5,0.11111085351287472,-0.11110943823216121
7467,9.765625,-0.1111106359998088,4.5486219582921576e-10,2.13274985835005e-5,1.051550365155979e-5,0.1111106359998088,-0.11110943354032991
7468,24.4140625,-0.11111039467255408,9.18287482173214e-11,9.582731772168174e-6,1.5343091348045595e-5,0.11111039467255408,-0.11110943296370174
7469,9.765625,-0.11111040923361033,2.126887223511746e-11,4.611818755666517e-6,3.62632067132341e-5,0.11111040923361033,-0.11110943472084973
7470,3.90625,-0.11111038748769766,6.752997198561785e-12,2.5986529584694037e-6,3.9789995072632245e-5,0.11111038748769766,-0.11110943640029786
7471,1.5625,-0.11111036337467495,2.5131646392768576e-11,5.013147353985176e-6,3.953080662997596e-5,0.11111036337467495,-0.11110943792347715
7472,0.625,-0.1111103389295513,7.198474770681624e-11,8.484382576641405e-6,3.8783884983842296e-5,0.1111103389295513,-0.1111094393665473
7473,0.25,-0.11111031445215032,1.46335477644861e-10,1.2096920171880982e-5,3.821007183364193e-5,0.11111031445215032,-0.11110944077895674
7474,0.1,-0.11111029000298629,2.479248627912717e-10,1.574562995853998e-5,3.784756062742102e-5,0.11111029000298629,-0.11110944218179064
7475,0.1,-0.11111026542421494,3.758607248172403e-10,1.9387127812474965e-5,3.762671810038044e-5,0.11111026542421494,-0.11110944355225987
7476,0.1,-0.11111024070368902,5.292846726404579e-10,2.3006187703321425e-5,3.737277764339384e-5,0.11111024070368902,-0.11110944488552026
7477,0.1,-0.1111102158307679,7.072493752222841e-10,2.6594160547426275e-5,3.708598161027169e-5,0.1111102158307679,-0.11110944617689875
7478,0.1,-0.1111101907964158,9.087225460537919e-10,3.0145025228946018e-5,3.676663212526689e-5,0.1111101907964158,-0.11110944742191264
7479,0.25,-0.11111016502070113,1.1263351918339756e-9,3.3560917625028904e-5,3.641677560799128e-5,0.11111016502070113,-0.11110944841574133
7480,0.625,-0.11111013731208655,1.340318687850262e-9,3.6610363120983406e-5,3.554935041548243e-5,0.11111013731208655,-0.11110944869841022
7481,1.5625,-0.11111010513264957,1.4959980698268278e-9,3.867813425989971e-5,3.328863671065352e-5,0.11111010513264957,-0.11110944709973872
7482,3.90625,-0.11111006564937435,1.4596815474397868e-9,3.8205778979622795e-5,2.746454739471478e-5,0.11111006564937435,-0.1111094413588499
7483,9.765625,-0.11111003319543399,1.0059275912838907e-9,3.171636157070812e-5,1.4034729096674739e-5,0.11111003319543399,-0.1111094308993124
7484,24.4140625,-0.11111013149071182,2.0529197158968944e-10,1.432801352559696e-5,2.0906493263998538e-5,0.11111013149071182,-0.11110942938638825
7485,9.765625,-0.11111025926273088,4.566343094810988e-11,6.757472230657694e-6,5.331855120979347e-5,0.11111025926273088,-0.11110943323665977
7486,3.90625,-0.11111034700864215,1.0561872384778085e-11,3.249903442377648e-6,5.8839251990757996e-5,0.11111034700864215,-0.11110943693851658
7487,1.5625,-0.11111042617928585,4.8638870993296025e-11,6.9741573679761505e-6,5.855203727590568e-5,0.11111042617928585,-0.11110944029388614
7488,0.625,-0.11111050271752487,1.500127990568163e-10,1.224797122207659e-5,5.747854188269236e-5,0.11111050271752487,-0.11110944346914467
7489,0.25,-0.11111057842320812,3.125008492244271e-10,1.7677693549341415e-5,5.6641219147287226e-5,0.11111057842320812,-0.11110944657484416
7490,0.1,-0.11111065390475848,5.355384413938796e-10,2.3141703511061575e-5,5.611088827455553e-5,0.11111065390475848,-0.11110944965873297
7491,0.1,-0.11111072892507218,8.172077872394079e-10,2.858684640248742e-5,5.578875015434201e-5,0.11111072892507218,-0.1111094526719931
7492,0.1,-0.11111080338900951,1.1556477178850057e-9,3.399481898591322e-5,5.541654827073095e-5,0.11111080338900951,-0.11110945560377732
7493,0.1,-0.11111087720175984,1.5487980544686107e-9,3.9354771686145136e-5,5.499465094881267e-5,0.11111087720175984,-0.11110945844361625
7494,0.1,-0.11111095026906465,1.994408354563214e-9,4.465879929603139e-5,5.452350754037328e-5,0.11111095026906465,-0.11110946118145841
7495,0.25,-0.11111102025257272,2.4763888834730513e-9,4.97633287016961e-5,5.40060441274984e-5,0.11111102025257272,-0.11110946336631759
7496,0.625,-0.11111108152802997,2.9514717783689822e-9,5.43274495846159e-5,5.271442542972233e-5,0.11111108152802997,-0.11110946398251703
7497,1.5625,-0.11111111930369723,3.299778815802519e-9,5.744370127178888e-5,4.933490191782601e-5,0.11111111930369723,-0.11110946044088058
7498,3.90625,-0.11111109795773769,3.2273791769256304e-9,5.681002708083873e-5,4.0584039772674964e-5,0.11111109795773769,-0.11110944771390428
7499,9.765625,-0.11111095055895652,2.234874764335615e-9,4.727446207346642e-5,1.99137013025282e-5,0.11111095055895652,-0.11110942439156299
7500,24.4140625,-0.11111064073268744,4.617204166105788e-10,2.148768057773055e-5,2.9683513154735877e-5,0.11111064073268744,-0.11110942065397535
7501,9.765625,-0.11111051757709021,1.0151208818219486e-10,1.0075320748353119e-5,7.903263276639582e-5,0.11111051757709021,-0.11110942916294528
7502,3.90625,-0.11111040639751302,1.9019495523785128e-11,4.361134660129762e-6,8.751351125021352e-5,0.11111040639751302,-0.11110943738774906
7503,1.5625,-0.11111030235598357,9.971436440571316e-11,9.985708007232796e-6,8.717676225334633e-5,0.11111030235598357,-0.11110944484496975
7504,0.625,-0.11111020100386791,3.214331988474801e-10,1.7928558192098997e-5,8.560924313963909e-5,0.11111020100386791,-0.1111094518982704
7505,0.25,-0.11111010074627524,6.792485114892515e-10,2.6062396503185417e-5,8.437194425736564e-5,0.11111010074627524,-0.11110945879387367
7506,0.1,-0.11111000101659009,1.1718765253426786e-9,3.423268212312145e-5,8.358424183193461e-5,0.11111000101659009,-0.11110946563907195
7507,0.1,-0.11110990189773819,1.7951077059122036e-9,4.236871140254567e-5,8.310395223999136e-5,0.11110990189773819,-0.11110947232761925
7508,0.1,-0.11110980346262961,2.544833892369737e-9,5.044634667019741e-5,8.254871862404566e-5,0.11110980346262961,-0.11110947883532853
7509,0.1,-0.11110970578328534,3.416505633919516e-9,5.8450882233885194e-5,8.191909370586926e-5,0.11110970578328534,-0.11110948513885026
7510,0.1,-0.1111096089308093,4.4051514917675634e-9,6.637131527827035e-5,8.12157447454536e-5,0.1111096089308093,-0.11110949121576333
7511,0.25,-0.11110951458996757,5.475390003816989e-9,7.399587828938169e-5,8.044304109426527e-5,0.11110951458996757,-0.11110949606814258
7512,0.625,-0.11110942693879015,6.531981517719796e-9,8.082067506349966e-5,7.851607212101457e-5,0.11110942693879015,-0.11110949744465567
7513,1.5625,-0.11110935744138693,7.310793548427194e-9,8.550317858668878e-5,7.347254435931155e-5,0.11110935744138693,-0.11110948959794106
7514,3.90625,-0.11110933677856924,7.162916458196004e-9,8.463401478245024e-5,6.0385904667861835e-5,0.11110933677856924,-0.11110946132582801
7515,9.765625,-0.1111094425735227,4.97928538037631e-9,7.056405161536793e-5,2.9081432454350963e-5,0.1111094425735227,-0.11110940926290586
7516,24.4140625,-0.11111001012069172,7.921850911471979e-11,8.900478027315151e-6,4.222711243552527e-5,0.11111001012069172,-0.11110943962372442
7517,9.765625,-0.11111060190593543,8.334576849154424e-11,9.129390368011669e-6,2.415685907224047e-5,0.11111060190593543,-0.11110943910683224
7518,3.90625,-0.1111108199101304,9.441381533334524e-11,9.716677175523804e-6,1.6711288274539212e-5,0.1111108199101304,-0.11110943893007619
7519,1.5625,-0.11111099506225616,1.0845492377316302e-10,1.0414169375094828e-5,1.367766118105535e-5,0.11111099506225616,-0.11110943891920348
7520,0.625,-0.11111115922092009,1.2503897311328596e-10,1.1182082682277302e-5,1.2388535072326169e-5,0.11111115922092009,-0.11110943898423448
7521,1.5625,-0.11111125607116243,1.3561955574655566e-10,1.1645580953587316e-5,1.1800293124007387e-5,0.11111125607116243,-0.11110943888249458
7522,3.90625,-0.11111117401727222,1.2590219800408331e-10,1.1220614867469756e-5,1.0435933430427007e-5,0.11111117401727222,-0.11110943843871814
7523,9.765625,-0.11111074019594501,7.763128602045991e-11,8.810861820529245e-6,8.31409739120755e-6,0.11111074019594501,-0.11110943771407508
7524,24.4140625,-0.11111022214203896,1.4502541285772983e-11,3.8082202254823685e-6,1.0809790924855016e-5,0.11111022214203896,-0.11110943781119957
7525,9.765625,-0.11111044924697172,4.805319176972712e-12,2.192103824405384e-6,1.7154503853908515e-5,0.11111044924697172,-0.11110943816364864
7526,3.90625,-0.11111051816518565,4.694919709790795e-12,2.166776340509282e-6,1.787996994002515e-5,0.11111051816518565,-0.11110943847887562
7527,1.5625,-0.11111056895454206,1.0056056109465665e-11,3.171128523012851e-6,1.7493816117925183e-5,0.11111056895454206,-0.11110943876645044
7528,0.625,-0.11111061519211257,2.0222296019643607e-11,4.496920726413087e-6,1.7073661808891344e-5,0.11111061519211257,-0.11110943904185505
7529,0.25,-0.11111066006824416,3.504838455427152e-11,5.920167612008255e-6,1.678612785705529e-5,0.11111066006824416,-0.11110943931303095
7530,0.1,-0.1111107045255948,5.448677575191678e-11,7.38151581668134e-6,1.660818758706236e-5,0.1111107045255948,-0.11110943958289687
7531,0.1,-0.1111107473558824,7.833690303052307e-11,8.850813693131444e-6,1.64974985952847e-5,0.1111107473558824,-0.11110943984616127
7532,0.1,-0.11111078838708949,1.0642213574534534e-10,1.0316110495014355e-5,1.637619342902451e-5,0.11111078838708949,-0.11110944010210257
7533,0.1,-0.11111082745488697,1.3855250208941317e-10,1.1770832684624022e-5,1.6244188404533405e-5,0.11111082745488697,-0.11110944035002313
7534,0.1,-0.11111086440315619,1.7452536061570956e-10,1.321080469220969e-5,1.6101466538021717e-5,0.11111086440315619,-0.11110944058925379
7535,0.25,-0.11111089324067266,2.1287675399588712e-10,1.4590296569840078e-5,1.594915071196958e-5,0.11111089324067266,-0.11110944078162639
7536,0.625,-0.11111090059312462,2.4976945241137204e-10,1.5804096064355343e-5,1.5592392791836216e-5,0.11111090059312462,-0.11110944084359824
7537,1.5625,-0.1111108536878114,2.7480123036630765e-10,1.6577129738477276e-5,1.469392455261301e-5,0.1111108536878114,-0.11110944056619522
7538,3.90625,-0.1111106852366337,2.6338684737119456e-10,1.6229197372981653e-5,1.2481461569225984e-5,0.1111106852366337,-0.11110943955988486
7539,9.765625,-0.11111033356582338,1.7721952619593402e-10,1.3312382438764822e-5,8.197976402033227e-6,0.11111033356582338,-0.11110943777783037
7540,24.4140625,-0.11111012997978437,3.616057164091903e-11,6.0133660823967e-6,1.1432883079609596e-5,0.11111012997978437,-0.11110943762121052
7541,9.765625,-0.11111029920351949,9.66847909370778e-12,3.109417806231221e-6,2.337611543750383e-5,0.11111029920351949,-0.11110943832258294
7542,3.90625,-0.11111037243162052,4.908572262871411e-12,2.2155297928196343e-6,2.5356880334809145e-5,0.11111037243162052,-0.11110943899144718
7543,1.5625,-0.11111043226991948,1.2846835057830224e-11,3.5842481858585383e-6,2.5122001529051125e-5,0.11111043226991948,-0.11110943960153889
7544,0.625,-0.11111048841714875,3.1792657473124385e-11,5.638497802883707e-6,2.462920860544847e-5,0.11111048841714875,-0.11110944018189313
7545,0.25,-0.1111105433874187,6.137010970964341e-11,7.833907690906461e-6,2.4258945150511015e-5,0.1111105433874187,-0.11110944075093268
7546,0.1,-0.11111059797503071,1.0147348642153179e-10,1.0073404907057583e-5,2.4024767106348304e-5,0.11111059797503071,-0.11110944131635592
7547,0.1,-0.11111065174095403,1.51735116273558e-10,1.231808086812057e-5,2.3880222933010687e-5,0.11111065174095403,-0.11110944186868049
7548,0.1,-0.11111070456583853,2.1180680005447977e-10,1.455358375296201e-5,2.3716185651328696e-5,0.11111070456583853,-0.11110944240607853
7549,0.1,-0.11111075633347804,2.813065805195774e-10,1.6772196651589125e-5,2.3532762983654563e-5,0.11111075633347804,-0.11110944292678773
7550,0.1,-0.11111080693113586,3.598202574545342e-10,1.896892873766292e-5,2.3330113160673772e-5,0.11111080693113586,-0.11110944342911801
7551,0.25,-0.11111085305476556,4.444045342873845e-10,2.108090449405301e-5,2.310958098090708e-5,0.11111085305476556,-0.11110944383250379
7552,0.625,-0.11111088701470508,5.271990768334034e-10,2.2960816118627045e-5,2.2573255100631512e-5,0.11111088701470508,-0.11110944395701668
7553,1.5625,-0.1111108893425641,5.865448958619271e-10,2.4218688979008073e-5,2.1190714813077624e-5,0.1111108893425641,-0.11110944334667111
7554,3.90625,-0.11111081722827135,5.69822801501015e-10,2.3870961469974664e-5,1.7678860504546605e-5,0.11111081722827135,-0.1111094411283716
7555,9.765625,-0.11111061430178502,3.8980601014764557e-10,1.974350551821144e-5,1.006350142672488e-5,0.11111061430178502,-0.1111094371147821
7556,24.4140625,-0.11111039027560776,7.898215246709824e-11,8.88719035843715e-6,1.4440792300897762e-5,0.11111039027560776,-0.11110943662036936
7557,9.765625,-0.11111040495106271,1.863057747037363e-11,4.316315265405625e-6,3.365183052625476e-5,0.11111040495106271,-0.11110943812690198
7558,3.90625,-0.11111038549991206,6.244152876354308e-12,2.498830301632007e-6,3.6901405820352134e-5,0.11111038549991206,-0.11110943956901241
7559,1.5625,-0.11111036376649694,2.2009991604697115e-11,4.691480747556907e-6,3.666024120830514e-5,0.11111036376649694,-0.11110944087833446
7560,0.625,-0.11111034169713638,6.21464148676653e-11,7.883299744882551e-6,3.597012474876411e-5,0.11111034169713638,-0.11110944211951472
7561,0.25,-0.11111031958656155,1.2581800753175932e-10,1.1216862642100924e-5,3.5440284689441176e-5,0.11111031958656155,-0.11110944333463581
7562,0.1,-0.11111029749631911,2.1280339274674125e-10,1.4587782310781213e-5,3.510564814687734e-5,0.11111029749631911,-0.11110944454163992
7563,0.1,-0.1111102752784146,3.2233838469994715e-10,1.795378469014116e-5,3.490182178953662e-5,0.1111102752784146,-0.11110944572093621
7564,0.1,-0.11111025292095957,4.536879601052126e-10,2.129995211509201e-5,3.466746059792363e-5,0.11111025292095957,-0.11110944686837901
7565,0.1,-0.11111023041349788,6.060409454356391e-10,2.4617898883447366e-5,3.440279201106229e-5,0.11111023041349788,-0.11110944797996868
7566,0.1,-0.11111020774709535,7.785134302689177e-10,2.7901853527479454e-5,3.41080992062746e-5,0.11111020774709535,-0.11110944905186829
7567,0.25,-0.11111018436679325,9.647939958882094e-10,3.106113320354248e-5,3.3785275058646144e-5,0.11111018436679325,-0.11110944990865303
7568,0.625,-0.11111015912721268,1.1479520403952868e-9,3.3881440943314186e-5,3.298495529411909e-5,0.11111015912721268,-0.11110945015644681
7569,1.5625,-0.1111101295699753,1.281164393066403e-9,3.5793356828696623e-5,3.0899765039913733e-5,0.1111101295699753,-0.11110944879330599
7570,3.90625,-0.11111009281764306,1.2499511318629893e-9,3.5354647952751404e-5,2.5533291678024352e-5,0.11111009281764306,-0.11110944388368642
7571,9.765625,-0.11111006168683156,8.613318867857153e-10,2.934845629306106e-5,1.3232377096353258e-5,0.11111006168683156,-0.11110943493502397
7572,24.4140625,-0.11111015060944665,1.7599658550780152e-10,1.3266370472280711e-5,1.952811585712239e-5,0.11111015060944665,-0.11110943364265019
7573,9.765625,-0.11111026834386302,3.9475105044169364e-11,6.28292169648559e-6,4.9395216025958315e-5,0.11111026834386302,-0.11110943694040508
7574,3.90625,-0.1111103490165281,9.510364078733753e-12,3.083887818766071e-6,5.449013536165413e-5,0.1111103490165281,-0.11110944011268874
7575,1.5625,-0.1111104217721352,4.2163732454146424e-11,6.493360644084573e-6,5.422219549057033e-5,0.1111104217721352,-0.11110944298933147
7576,0.625,-0.11111049209552352,1.2898181911090672e-10,1.1357016294384134e-5,5.322919472794556e-5,0.11111049209552352,-0.11110944571226701
7577,0.25,-0.11111056164572086,2.6809790690135804e-10,1.6373695578621158e-5,5.245508197373187e-5,0.11111056164572086,-0.1111094483758755
7578,0.1,-0.11111063098315727,4.5902936552666246e-10,2.142497060736986e-5,5.1964906515739704e-5,0.11111063098315727,-0.11110945102091092
7579,0.1,-0.11111069988902288,7.001339688065408e-10,2.6460044761990498e-5,5.1667210850805937e-5,0.11111069988902288,-0.1111094536054956
7580,0.1,-0.1111107682759493,9.898183983041318e-10,3.1461379472364714e-5,5.132325879953442e-5,0.1111107682759493,-0.11110945612034773
7581,0.1,-0.11111083605691786,1.326318989957363e-9,3.6418662660198865e-5,5.093339341024896e-5,0.11111083605691786,-0.11110945855650793
7582,0.1,-0.11111090314546505,1.7077092242140091e-9,4.1324438583167816e-5,5.0498033022182214e-5,0.11111090314546505,-0.11110946090537518
7583,0.25,-0.11111096738942064,2.1202123108873884e-9,4.604576322407294e-5,5.001988430468818e-5,0.11111096738942064,-0.11110946278085385
7584,0.625,-0.11111102361455312,2.5267819923752444e-9,5.026710646511538e-5,4.882641395042735e-5,0.11111102361455312,-0.11110946331352099
7585,1.5625,-0.11111105821668404,2.82478243899773e-9,5.314868238251754e-5,4.5704110476236064e-5,0.11111105821668404,-0.11110946028718596
7586,3.90625,-0.11111103844637332,2.7625828388113196e-9,5.2560278146251465e-5,3.7623164792599063e-5,0.11111103844637332,-0.11110944939924942
7587,9.765625,-0.11111090281274437,1.9127733360023637e-9,4.3735264215531656e-5,1.8592690576830638e-5,0.11111090281274437,-0.11110942944599236
7588,24.4140625,-0.11111061806375755,3.952536499900746e-10,1.988098714828e-5,2.7599949381043654e-5,0.11111061806375755,-0.11110942625636379
7589,9.765625,-0.11111050486825644,8.720316239056278e-11,9.338263349818465e-6,7.315650738436674e-5,0.11111050486825644,-0.1111094335403718
7590,3.90625,-0.11111040264938331,1.676205823318717e-11,4.09414926855228e-6,8.098950050684791e-5,0.11111040264938331,-0.11110944058172004
7591,1.5625,-0.11111030698378394,8.59415256145782e-11,9.270465231830503e-6,8.067486074678875e-5,0.11111030698378394,-0.11110944696697538
7592,0.625,-0.11111021377991645,2.757832590859655e-10,1.6606723309731076e-5,7.922422632045219e-5,0.11111021377991645,-0.11110945300704243
7593,0.25,-0.1111101215699663,5.820736531245209e-10,2.4126202625455188e-5,7.807973156502184e-5,0.1111101215699663,-0.11110945891240154
7594,0.1,-0.11111002983213408,1.003715417336676e-9,3.168146804263773e-5,7.735125884392543e-5,0.11111002983213408,-0.11110946477474527
7595,0.1,-0.11110993864413954,1.5371048077760283e-9,3.920592822234959e-5,7.690714525394692e-5,0.11110993864413954,-0.11110947050303276
7596,0.1,-0.11110984807381064,2.178725644497633e-9,4.6676821276706844e-5,7.63937392313179e-5,0.11110984807381064,-0.11110947607656899
7597,0.1,-0.11110975818824557,2.9246840504849296e-9,5.408034809877734e-5,7.581155376026952e-5,0.11110975818824557,-0.11110948147537496
7598,0.1,-0.11110966905378228,3.770724977869763e-9,6.140622914550089e-5,7.51612080362266e-5,0.11110966905378228,-0.11110948668026675
7599,0.25,-0.11110958223231118,4.686559157045789e-9,6.845844839788431e-5,7.444674392085908e-5,0.11110958223231118,-0.11110949083712447
7600,0.625,-0.11110950159845165,5.590657109205612e-9,7.477069686184296e-5,7.266500625622228e-5,0.11110950159845165,-0.11110949201921203
7601,1.5625,-0.1111094377811829,6.256918204403897e-9,7.910068396925463e-5,6.80018884974654e-5,0.1111094377811829,-0.11110948530811669
7602,3.90625,-0.1111094191865349,6.129911961881667e-9,7.829375429676154e-5,5.590508649286357e-5,0.1111094191865349,-0.11110946111881467
7603,9.765625,-0.11110951738393021,4.260571624518156e-9,6.527305435260523e-5,2.7010482855544892e-5,0.11110951738393021,-0.11110941657908482
7604,24.4140625,-0.11110988221764584,8.897708960821297e-10,2.9829027742823428e-5,3.9876912510867746e-5,0.11110988221764584,-0.11110940892507377
7605,9.765625,-0.11111011395571321,1.951250897474436e-10,1.3968718257143123e-5,0.00010886389546604019,0.11111011395571321,-0.11110942511188683
7606,3.90625,-0.11111029747618785,3.142979730847737e-11,5.606228438841693e-6,0.00012081792680819301,0.11111029747618785,-0.1111094408305762
7607,1.5625,-0.11111046682721956,1.7977139891844235e-10,1.3407885699037053e-5,0.00012044665170394041,0.11111046682721956,-0.11110945509187993
7608,0.625,-0.11111063168386726,5.975972492015786e-10,2.4445802281814737e-5,0.00011831745258163859,0.11111063168386726,-0.11110946857866566
7609,0.25,-0.11111079522928598,1.2754034842218556e-9,3.571279160499576e-5,0.00011662138535680649,0.11111079522928598,-0.11110948176053596
7610,0.1,-0.11111095857689592,2.2107043238546183e-9,4.7018127608983096e-5,0.0001155372921149539,0.11111095857689592,-0.11110949484352778
7611,0.1,-0.11111112139389427,3.3955549930989776e-9,5.827139086291812e-5,0.00011487429326250321,0.11111112139389427,-0.11110950762800353
7612,0.1,-0.1111112834985294,4.822166149019847e-9,6.944181844551485e-5,0.00011410776978806592,0.1111112834985294,-0.11110952006775054
7613,0.1,-0.1111114447070272,6.481907521212236e-9,8.051029450456777e-5,0.00011323846160026524,0.1111114447070272,-0.11110953211814363
7614,0.1,-0.11111160483403422,8.365344309878877e-9,9.146225620374164e-5,0.00011226726606824864,0.11111160483403422,-0.11110954373631728
7615,0.25,-0.11111175976668898,1.0405543763437698e-8,0.0001020075671871342,0.0001112001965940639,0.11111175976668898,-0.1111095530247369
7616,0.625,-0.11111189940953291,1.2422178731293658e-8,0.00011145482820987908,0.00010854130077239731,0.11111189940953291,-0.11110955569704706
7617,1.5625,-0.1111119967268756,1.3914739706184747e-8,0.00011796075494072063,0.00010158158417863964,0.1111119967268756,-0.11110954079867168
7618,3.90625,-0.11111198433516606,1.3651760609498116e-8,0.00011684074892561292,8.350465302128758e-5,0.11111198433516606,-0.11110948691553028
7619,9.765625,-0.11111172321951257,9.519264277686388e-9,9.756671705907906e-5,4.0002000273342215e-5,0.11111172321951257,-0.11110938727703075
7620,24.4140625,-0.11111126699803855,1.4770487524082445e-10,1.2153389454832115e-5,5.7292908941840596e-5,0.11111126699803855,-0.11110944462825295
7621,9.765625,-0.11110985661156783,1.5348407246982178e-10,1.2388868893883e-5,3.3358395029953025e-5,0.11110985661156783,-0.1111094437579866
7622,3.90625,-0.11110932168884954,1.7694153899712433e-10,1.3301937415170932e-5,2.2812556992387862e-5,0.11110932168884954,-0.11110944341545975
7623,1.5625,-0.11110889146681988,2.0657710895551912e-10,1.4372790576485804e-5,1.823843879024639e-5,0.11110889146681988,-0.1111094433664405
7624,0.625,-0.1111084884344123,2.4167400174868503e-10,1.5545867674359158e-5,1.6212233012279756e-5,0.1111084884344123,-0.11110944345628045
7625,1.5625,-0.11110824565542066,2.641281251213313e-10,1.6252019109062456e-5,1.527133385494428e-5,0.11110824565542066,-0.11110944321484065
7626,3.90625,-0.11110843137101375,2.430225490212851e-10,1.5589180511537002e-5,1.3016563247860777e-5,0.11110843137101375,-0.11110944230579292
7627,9.765625,-0.11110947045463956,1.4412041937224888e-10,1.200501642532191e-5,9.338211490781686e-6,0.11110947045463956,-0.11110944091192781
7628,24.4140625,-0.1111107662204251,2.587973303999534e-11,5.087212698521199e-6,1.3349586750651342e-5,0.1111107662204251,-0.11110944109764415
7629,9.765625,-0.11111020563317026,6.23516958055729e-12,2.497032154490064e-6,2.2844052718130307e-5,0.11111020563317026,-0.11110944177019694
7630,3.90625,-0.11111001505975379,6.209660875823673e-12,2.4919191150243367e-6,2.3864897656347387e-5,0.11111001505975379,-0.11110944234153791
7631,1.5625,-0.11110987001627196,1.672334282603684e-11,4.089418397038488e-6,2.3286332224505112e-5,0.11110987001627196,-0.11110944285186679
7632,0.625,-0.11110973668876928,3.649312247622009e-11,6.040953772064482e-6,2.2671266783695792e-5,0.11110973668876928,-0.11110944333610388
7633,0.25,-0.11110960693666845,6.525022819112315e-11,8.077761335365334e-6,2.22532913213719e-5,0.11110960693666845,-0.11110944381130312
7634,0.1,-0.11110947831983053,1.029097737711957e-10,1.0144445463956898e-5,2.1996088526092734e-5,0.11110947831983053,-0.11110944428372725
7635,0.1,-0.11110935365828499,1.4906391270996042e-10,1.2209173301659716e-5,2.1837149987769852e-5,0.11110935365828499,-0.11110944474351253
7636,0.1,-0.11110923338395934,2.0336056660380327e-10,1.4260454642254688e-5,2.1662458521584383e-5,0.11110923338395934,-0.1111094451892611
7637,0.1,-0.11110911791079935,2.6542119772288956e-10,1.629175244480745e-5,2.1471904340305564e-5,0.11110911791079935,-0.11110944561962523
7638,0.1,-0.11110900763350291,3.3484238488474554e-10,1.8298698994320487e-5,2.126546933400565e-5,0.11110900763350291,-0.11110944603331568
7639,0.25,-0.11110891714280366,4.0865200682395834e-10,2.021514300775432e-5,2.104476939758918e-5,0.11110891714280366,-0.11110944635701182
7640,0.625,-0.11110887920151256,4.791072093153347e-10,2.188851775053155e-5,2.052456812853295e-5,0.11110887920151256,-0.11110944643050921
7641,1.5625,-0.11110897458570249,5.254559435725056e-10,2.2922825819966123e-5,1.9209565842076745e-5,0.11110897458570249,-0.11110944585580296
7642,3.90625,-0.1111093717638017,4.999519880245292e-10,2.2359606168815433e-5,1.5948940427075766e-5,0.1111093717638017,-0.1111094439046839
7643,9.765625,-0.11111024182217928,3.3304233525923776e-10,1.8249447532986792e-5,9.404867843472309e-6,0.11111024182217928,-0.1111094405265454
7644,24.4140625,-0.11111084712934777,6.688726993059285e-11,8.178463787936758e-6,1.4418211000032017e-5,0.11111084712934777,-0.11110944022635368
7645,9.765625,-0.11111047628521749,1.5471312785684577e-11,3.933358969848109e-6,3.151428559735773e-5,0.11111047628521749,-0.11110944154663126
7646,3.90625,-0.11111032689107815,6.009505233298756e-12,2.4514292225758336e-6,3.4358140598120655e-5,0.11111032689107815,-0.11110944279092705
7647,1.5625,-0.11111020776828659,2.0765747085883016e-11,4.556944928993878e-6,3.4050220055188645e-5,0.11111020776828659,-0.11110944391667045
7648,0.625,-0.11111009694901706,5.6487940347744374e-11,7.515845950240357e-6,3.33665263117933e-5,0.11111009694901706,-0.11110944498277889
7649,0.25,-0.11110998880813114,1.1245295094086327e-10,1.0604383571941523e-5,3.284952046690754e-5,0.11110998880813114,-0.11110944602600649
7650,0.1,-0.11110988158084058,1.8845775561675925e-10,1.3727991681843315e-5,3.252164012889951e-5,0.11110988158084058,-0.11110944706176387
7651,0.1,-0.1111097762356239,2.838062977486143e-10,1.684655150909569e-5,3.231895684165086e-5,0.1111097762356239,-0.11110944807265707
7652,0.1,-0.11110967303174675,3.978370918497774e-10,1.994585400151564e-5,3.208881827566201e-5,0.11110967303174675,-0.11110944905520673
7653,0.1,-0.11110957222057379,5.298243056760227e-10,2.3017912713276648e-5,3.183134929959199e-5,0.11110957222057379,-0.11110945000605704
7654,0.1,-0.11110947404485876,6.789806716497623e-10,2.6057257561949268e-5,3.154674267983136e-5,0.11110947404485876,-0.11110945092199023
7655,0.25,-0.11110938575580066,8.397207427756922e-10,2.8977935447089605e-5,3.123685165215664e-5,0.11110938575580066,-0.11110945165062143
7656,0.625,-0.11110932418100679,9.971244275043904e-10,3.157727707552363e-5,3.048248385989671e-5,0.11110932418100679,-0.11110945185104268
7657,1.5625,-0.11110933177596331,1.110098434911763e-9,3.331813972765831e-5,2.853364176930562e-5,0.11110933177596331,-0.11110945065898624
7658,3.90625,-0.11110950112224822,1.0789513120528025e-9,3.284739429624217e-5,2.354911422793792e-5,0.11110950112224822,-0.11110944641867088
7659,9.765625,-0.11110994916160062,7.387993720195616e-10,2.718086407786849e-5,1.2316869182546936e-5,0.11110994916160062,-0.11110943876499682
7660,24.4140625,-0.11111040404739031,1.4912929564161566e-10,1.221185062312898e-5,1.8648317608815565e-5,0.11111040404739031,-0.11110943777540493
7661,9.765625,-0.11111032259740052,3.302325966874937e-11,5.746586784235436e-6,4.5936282784085396e-5,0.11111032259740052,-0.11110944062720779
7662,3.90625,-0.11111032667062246,8.547117760055543e-12,2.9235454092686063e-6,5.0539532208112994e-5,0.11111032667062246,-0.1111094433508311
7663,1.5625,-0.11111033929423957,3.778436769546605e-11,6.146899030850112e-6,5.023689839338744e-5,0.11111033929423957,-0.11110944581635485
7664,0.625,-0.11111035391041796,1.1349072143196228e-10,1.0653202402656314e-5,4.9290252879758357e-5,0.11111035391041796,-0.11110944814912598
7665,0.25,-0.11111036914734328,2.3405974473015737e-10,1.5299011233741785e-5,4.855840484738286e-5,0.11111036914734328,-0.11110945043075943
7666,0.1,-0.11111038462319471,3.990639139791152e-10,1.9976584141917637e-5,4.8094804976054886e-5,0.11111038462319471,-0.11110945269620515
7667,0.1,-0.11111040069426147,6.070592329169944e-10,2.463857205515357e-5,4.781186404713913e-5,0.11111040069426147,-0.11110945490898098
7668,0.1,-0.11111041741438506,8.566516958706072e-10,2.9268612810835556e-5,4.7486386068382435e-5,0.11111041741438506,-0.11110945706117874
7669,0.1,-0.11111043483322924,1.146302528625845e-9,3.385708978376383e-5,4.7118672605425e-5,0.11111043483322924,-0.11110945914516868
7670,0.1,-0.11111045299608428,1.4743346604860582e-9,3.8397065779640746e-5,4.6709099377172686e-5,0.11111045299608428,-0.11110946115363038
7671,0.25,-0.11111047379452786,1.8288084823298372e-9,4.276457040974266e-5,4.626028862416123e-5,0.11111047379452786,-0.11110946275380776
7672,0.625,-0.11111050138736173,2.1776773843735167e-9,4.666559101065277e-5,4.514762656778062e-5,0.11111050138736173,-0.11110946319753276
7673,1.5625,-0.1111105456002555,2.432266409991115e-9,4.931801303774428e-5,4.2245722637346195e-5,0.1111105456002555,-0.11110946057991429
7674,3.90625,-0.11111062418330558,2.3755421768806577e-9,4.8739534024041075e-5,3.474974503500721e-5,0.11111062418330558,-0.11110945121302801
7675,9.765625,-0.11111073567837242,1.6403958746442805e-9,4.050180088149514e-5,1.718156363350351e-5,0.11111073567837242,-0.11110943411705083
7676,24.4140625,-0.11111067394619982,3.359426456000036e-10,1.8328738243534485e-5,2.5916766104324365e-5,0.11111067394619982,-0.11110943153442752
7677,9.765625,-0.11111048590485195,7.342535986362346e-11,8.568859892869264e-6,6.787545701089957e-5,0.11111048590485195,-0.11110943780630657
7678,3.90625,-0.11111036620049723,1.4591946013005102e-11,3.819940577156287e-6,7.5036498997597e-5,0.11111036620049723,-0.11110944384438028
7679,1.5625,-0.11111025980803914,7.543601065543823e-11,8.685390644953066e-6,7.470390883456756e-5,0.11111025980803914,-0.11110944931455119
7680,0.625,-0.11111015757847237,2.3974385689119203e-10,1.5483664194601744e-5,7.334226182183325e-5,0.11111015757847237,-0.11110945448807252
7681,0.25,-0.11111005684847632,5.039172011180191e-10,2.2448100167230612e-5,7.227406559624082e-5,0.11111005684847632,-0.11110945954630516
7682,0.1,-0.11110995673729124,8.670169926166253e-10,2.9445152277015403e-5,7.159541983787294e-5,0.11110995673729124,-0.11110946456788343
7683,0.1,-0.11110985760542491,1.3259255875011736e-9,3.6413261148943716e-5,7.118198642348278e-5,0.11110985760542491,-0.11110946947405442
7684,0.1,-0.11110975957719245,1.877608917457952e-9,4.3331384901223174e-5,7.070448558949119e-5,0.11110975957719245,-0.111109474247102
7685,0.1,-0.11110966277404644,2.518709041240953e-9,5.0186741687829795e-5,7.016337892373528e-5,0.11110966277404644,-0.11110947886992503
7686,0.1,-0.11110956731435868,3.2455583473198004e-9,5.6969802064951926e-5,6.955922995435013e-5,0.11110956731435868,-0.11110948332610422
7687,0.25,-0.11110947648512219,4.032026892247906e-9,6.349824322174516e-5,6.889579612708651e-5,0.11110947648512219,-0.11110948688107573
7688,0.625,-0.11110939808305789,4.807823088233161e-9,6.933846759363205e-5,6.724219226970602e-5,0.11110939808305789,-0.11110948787908316
7689,1.5625,-0.11110935241960673,5.3781145199146565e-9,7.333562926650768e-5,6.29161922168553e-5,0.11110935241960673,-0.11110948209626059
7690,3.90625,-0.11110938783915929,5.264741931698147e-9,7.255854141104372e-5,5.170091317316369e-5,0.11110938783915929,-0.11110946131536467
7691,9.765625,-0.11110959336396237,3.652885744346279e-9,6.043910773949495e-5,2.498385822075742e-5,0.11110959336396237,-0.11110942314832933
7692,24.4140625,-0.1111100099179986,7.58661905670139e-10,2.7543817921089643e-5,3.726320183067686e-5,0.1111100099179986,-0.1111094167978892
7693,9.765625,-0.11111016902279967,1.6585497745217818e-10,1.287846953066156e-5,0.00010088889920215898,0.11111016902279967,-0.11110943069599737
7694,3.90625,-0.11111031406515895,2.7922968007257763e-11,5.284218769814301e-6,0.00011186490568631754,0.11111031406515895,-0.11110944415910869
7695,1.5625,-0.11111045037657376,1.5730463649903504e-10,1.2542114514667574e-5,0.00011148270652210466,0.11111045037657376,-0.11110945636778151
7696,0.625,-0.11111058372696343,5.176167148469698e-10,2.2751191503896446e-5,0.00010949593672141047,0.11111058372696343,-0.1111094679130723
7697,0.25,-0.11111071623413338,1.1007517877609365e-9,3.317757959467412e-5,0.00010791991283078448,0.11111071623413338,-0.11110947919824436
7698,0.1,-0.11111084866600622,1.904594890582869e-9,4.3641664617460104e-5,0.00010691454343159458,0.11111084866600622,-0.11110949039966334
7699,0.1,-0.11111098084583027,2.9223039338031627e-9,5.4058338244929085e-5,0.0001063007158891003,0.11111098084583027,-0.11110950134507125
7700,0.1,-0.11111111264436468,4.14718347134122e-9,6.439862942129452e-5,0.00010559095391150264,0.11111111264436468,-0.11110951199485522
7701,0.1,-0.11111124392954512,5.57181626553426e-9,7.4644599707777e-5,0.00010478595180311917,0.11111124392954512,-0.11110952231076701
7702,0.1,-0.11111137456678245,7.188094666611624e-9,8.478263186886583e-5,0.00010388654984461445,0.11111137456678245,-0.1111095322560716
7703,0.25,-0.1111115017993706,8.938411296973517e-9,9.454317160415931e-5,0.00010289832904463807,0.1111115017993706,-0.111109540201146
7704,0.625,-0.11111161873579398,1.0667617591640889e-8,0.000103284159442002,0.00010043426370234357,0.11111161873579398,-0.11110954246679447
7705,1.5625,-0.11111170656785806,1.194522863431854e-8,0.00010929422964785717,9.39836702883856e-5,0.11111170656785806,-0.11110952965454181
7706,3.90625,-0.1111117165861811,1.1712712261568538e-8,0.00010822528476085678,7.72330462887313e-5,0.1111117165861811,-0.11110948341511084
7707,9.765625,-0.11111153791778527,8.156220175728384e-9,9.03117942227281e-5,3.698353503273603e-5,0.11111153791778527,-0.11110939807234527
7708,24.4140625,-0.11111096315422282,1.2623795559229995e-10,1.1235566545230371e-5,5.337235461310951e-5,0.11111096315422282,-0.11110944747793002
7709,9.765625,-0.11110998636447098,1.326726228308459e-10,1.1518360249221496e-5,3.0429958024798126e-5,0.11110998636447098,-0.11110944665553987
7710,3.90625,-0.11110962008325126,1.5127684505533228e-10,1.2299465234526754e-5,2.070800248050096e-5,0.11110962008325126,-0.1111094463502255
7711,1.5625,-0.11110932518799471,1.7472096896150465e-10,1.3218205966072122e-5,1.6626700385534518e-5,0.11110932518799471,-0.11110944630631468
7712,0.625,-0.11110904877372481,2.0235930780387817e-10,1.4225305191941513e-5,1.4856757138690932e-5,0.11110904877372481,-0.11110944638331818
7713,1.5625,-0.1111088829170748,2.1994848603989158e-10,1.4830660337284095e-5,1.404185643768759e-5,0.1111088829170748,-0.11110944618827852
7714,3.90625,-0.11110901205213337,2.0356202722264758e-10,1.4267516505077104e-5,1.2118620886217258e-5,0.11110901205213337,-0.1111094454387193
7715,9.765625,-0.11110972646037255,1.2393037158462145e-10,1.1132401878508585e-5,9.020981653925678e-6,0.11110972646037255,-0.11110944425159634
7716,24.4140625,-0.1111106101579009,2.1967292427398358e-11,4.686927824001385e-6,1.2605730377579033e-5,0.1111106101579009,-0.1111094444163282
7717,9.765625,-0.11111024090066746,5.7593632503779315e-12,2.399867340162354e-6,2.1227757153101377e-5,0.11111024090066746,-0.11110944498546182
7718,3.90625,-0.11111012179926702,5.530395770643137e-12,2.351679351153796e-6,2.2198479019399226e-5,0.11111012179926702,-0.11110944547953969
7719,1.5625,-0.11111003260686042,1.4264816396884918e-11,3.7768791874886493e-6,2.169190129049884e-5,0.11111003260686042,-0.11110944592332478
7720,0.625,-0.11110995103757937,3.086978942451118e-11,5.5560588031905475e-6,2.113822685044433e-5,0.11110995103757937,-0.11110944634518148
7721,0.25,-0.11110987178221814,5.5108937591365435e-11,7.423539424786901e-6,2.0758717586742126e-5,0.11110987178221814,-0.1111094467593139
7722,0.1,-0.11110979325915249,8.690554070815127e-11,9.322314128377742e-6,2.0523717498463627e-5,0.11110979325915249,-0.11110944717098777
7723,0.1,-0.11110971737052593,1.2592774537004533e-10,1.1221753221758414e-5,2.0377554659837694e-5,0.11110971737052593,-0.11110944757187854
7724,0.1,-0.1111096443989187,1.7188446243858293e-10,1.3110471480407672e-5,2.0217193903558e-5,0.1111096443989187,-0.11110944796080229
7725,0.1,-0.1111095746146739,2.2446261025453646e-10,1.4982076299850313e-5,2.0042508723971232e-5,0.1111095746146739,-0.11110944833661511
7726,0.1,-0.1111095082750642,2.8332827377846187e-10,1.6832357938757773e-5,1.9853457531247533e-5,0.1111095082750642,-0.11110944869822073
7727,0.25,-0.11110945505130401,3.4605913346339214e-10,1.8602664687172967e-5,1.9651500242045655e-5,0.11110945505130401,-0.1111094489835036
7728,0.625,-0.1111094366040241,4.063152833454876e-10,2.015726378617613e-5,1.9177485481935658e-5,0.1111094366040241,-0.11110944905634772
7729,1.5625,-0.11110950619398227,4.469607169058092e-10,2.1141445478155205e-5,1.7979853264372334e-5,0.11110950619398227,-0.11110944857671315
7730,3.90625,-0.11110977415340219,4.2777263527301646e-10,2.0682665091158257e-5,1.5002509927182222e-5,0.11110977415340219,-0.11110944691343126
7731,9.765625,-0.11111034782399341,2.8705112591526243e-10,1.694258321258191e-5,8.983682882415762e-6,0.11111034782399341,-0.11110944399839037
7732,24.4140625,-0.11111071752269792,5.7453602935076906e-11,7.57981549479121e-6,1.3505808028281634e-5,0.11111071752269792,-0.11110944374300345
7733,9.765625,-0.11111045641650169,1.3776674004318783e-11,3.7116942229012862e-6,2.9342518027009873e-5,0.11111045641650169,-0.11110944487836107
7734,3.90625,-0.11111034584396201,5.7543592361074036e-12,2.3988245530066185e-6,3.194981937658325e-5,0.11111034584396201,-0.11110944595119472
7735,1.5625,-0.11111025618220917,1.8503252432159426e-11,4.301540704463859e-6,3.1659713550992974e-5,0.11111025618220917,-0.11110944692343279
7736,0.625,-0.11111017231009351,4.924723214458768e-11,7.017637219505414e-6,3.102626086565109e-5,0.11111017231009351,-0.11110944784501238
7737,0.25,-0.11111009031700067,9.736755897449734e-11,9.867500138054083e-6,3.0547992588303994e-5,0.11111009031700067,-0.11110944874718563
7738,0.1,-0.1111100089698553,1.6268983228019362e-10,1.2754992445320915e-5,3.024479762682442e-5,0.1111100089698553,-0.11110944964304491
7739,0.1,-0.11110992892839056,2.446163435569485e-10,1.5640215585373127e-5,3.0057346264043683e-5,0.11110992892839056,-0.11110945051753163
7740,0.1,-0.11110985037372963,3.4257959054679203e-10,1.850890570905779e-5,2.984454126889935e-5,0.11110985037372963,-0.11110945136765743
7741,0.1,-0.11110977348170914,4.5595698259742884e-10,2.1353149243084234e-5,2.9606504742307016e-5,0.11110977348170914,-0.11110945219054101
7742,0.1,-0.11110969842239271,5.840733147117583e-10,2.41676087917642e-5,2.9343421285284212e-5,0.11110969842239271,-0.11110945298341915
7743,0.25,-0.11110963022310281,7.221406285207573e-10,2.6872674383484002e-5,2.905701472347333e-5,0.11110963022310281,-0.11110945361527266
7744,0.625,-0.11110958057593388,8.573682061959365e-10,2.9280850503288603e-5,2.8360313084228234e-5,0.11110958057593388,-0.11110945379307448
7745,1.5625,-0.11110957905708543,9.545047442689364e-10,3.0895060192026434e-5,2.6561421226010444e-5,0.11110957905708543,-0.11110945277379945
7746,3.90625,-0.111109690608933,9.278824031529433e-10,3.0461162209491338e-5,2.1965305823423993e-5,0.111109690608933,-0.11110944913319687
7747,9.765625,-0.11111000027646774,6.352732487929562e-10,2.5204627527360053e-5,1.1677841217258907e-5,0.11111000027646774,-0.11110944255852162
7748,24.4140625,-0.11111033788819966,1.279632010966691e-10,1.1312082084950988e-5,1.752098685572554e-5,0.11111033788819966,-0.11110944172855898
7749,9.765625,-0.11111030637112519,2.864731801562696e-11,5.352318938145125e-6,4.2666273220109326e-5,0.11111030637112519,-0.11110944418140797
7750,3.90625,-0.1111103277364912,7.902102706083022e-12,2.811067894249981e-6,4.6899027517302164e-5,0.1111103277364912,-0.11110944652319707
7751,1.5625,-0.11111035335733481,3.326402259744347e-11,5.767497082569134e-6,4.660798987069776e-5,0.11111035335733481,-0.11110944864380376
7752,0.625,-0.11111037982542339,9.852594595425614e-11,9.92602367286398e-6,4.5727445624615744e-5,0.11111037982542339,-0.11110945065086972
7753,0.25,-0.1111104065470343,2.0231362766610428e-10,1.422369950702363e-5,4.50484197236436e-5,0.1111104065470343,-0.11110945261431293
7754,0.1,-0.11111043337991024,3.442623774442532e-10,1.855430886463447e-5,4.461878506826647e-5,0.11111043337991024,-0.1111094545640203
7755,0.1,-0.11111046053788846,5.231292507040886e-10,2.2872018946828648e-5,4.435681438829865e-5,0.11111046053788846,-0.11110945646846584
7756,0.1,-0.11111048804017014,7.377158365860258e-10,2.7160924810949017e-5,4.405547248026782e-5,0.11111048804017014,-0.11110945832085903
7757,0.1,-0.11111051590310811,9.866992242248074e-10,3.1411768880863865e-5,4.371503961735764e-5,0.11111051590310811,-0.11110946011464808
7758,0.1,-0.11111054414010407,1.268637564647599e-9,3.561793880402962e-5,4.333586548029532e-5,0.11111054414010407,-0.11110946184354731
7759,0.25,-0.11111057363946243,1.5732520567818292e-9,3.9664241537962494e-5,4.2920371534215105e-5,0.11111057363946243,-0.11110946322135401
7760,0.625,-0.11111060625348936,1.872957439835859e-9,4.327767830921455e-5,4.189001476553291e-5,0.11111060625348936,-0.11110946360482596
7761,1.5625,-0.11111064605197914,2.0914326739242877e-9,4.573218422428878e-5,3.920299751950834e-5,0.11111064605197914,-0.11110946135669292
7762,3.90625,-0.11111069857843175,2.0419273531977373e-9,4.5187690283945e-5,3.2266681220184204e-5,0.11111069857843175,-0.11110945330957515
7763,9.765625,-0.11111074921161868,1.4088585141079185e-9,3.753476407422749e-5,1.60797875586748e-5,0.11111074921161868,-0.11110943863575785
7764,24.4140625,-0.11111064281582743,2.878841505555067e-10,1.6967149158167577e-5,2.4231753982047128e-5,0.11111064281582743,-0.1111094364601304
7765,9.765625,-0.11111048559408722,6.313642414709347e-11,7.945843199251636e-6,6.29599008051148e-5,0.11111048559408722,-0.11110944184948571
7766,3.90625,-0.11111037913382688,1.3138463854821786e-11,3.6247018987527494e-6,6.955944402037147e-5,0.11111037913382688,-0.11110944703359373
7767,1.5625,-0.11111028345196354,6.582979087025252e-11,8.11355599415278e-6,6.923905485532702e-5,0.11111028345196354,-0.11110945173022803
7768,0.625,-0.11111019121895598,2.0731785525528008e-10,1.4398536566445914e-5,6.797368312782789e-5,0.11111019121895598,-0.11110945617282388
7769,0.25,-0.11111010024205929,4.3452573445237053e-10,2.0845280867677712e-5,6.698334360885156e-5,0.11111010024205929,-0.1111094605169678
7770,0.1,-0.11111000978795073,7.466537717154793e-10,2.7324966088093856e-5,6.63550722060149e-5,0.11111000978795073,-0.11110946483001007
7771,0.1,-0.11110992012618126,1.1410213350359498e-9,3.3779007312766755e-5,6.597291977618344e-5,0.11110992012618126,-0.11110946904404795
7772,0.1,-0.11110983135948237,1.6150225606550968e-9,4.018734328933796e-5,6.553139521554744e-5,0.11110983135948237,-0.11110947314386871
7773,0.1,-0.11110974358849642,2.165773154297342e-9,4.653786796037547e-5,6.50309303401654e-5,0.11110974358849642,-0.11110947711478719
7774,0.1,-0.11110965691160048,2.790122612952025e-9,5.2821611230177605e-5,6.4472051645176e-5,0.11110965691160048,-0.11110948094270486
7775,0.25,-0.11110957398351412,3.4655899602572007e-9,5.8869261590894794e-5,6.385822947220033e-5,0.11110957398351412,-0.11110948399633122
7776,0.625,-0.11110950114112808,4.131706718527118e-9,6.42783534210944e-5,6.232683710420603e-5,0.11110950114112808,-0.11110948485313311
7777,1.5625,-0.11110945500779709,4.620893112135345e-9,6.79771513976229e-5,5.8319551631702504e-5,0.11110945500779709,-0.111109479885149
7778,3.90625,-0.11110947578678101,4.522011347116222e-9,6.724590208418816e-5,4.7933369437315094e-5,0.11110947578678101,-0.11110946203941377
7779,9.765625,-0.11110964137719086,3.13519938932936e-9,5.599285123414738e-5,2.3249633350649965e-5,0.11110964137719086,-0.11110942929332852
7780,24.4140625,-0.11111001097455651,6.497288344282963e-10,2.548977901882039e-5,3.472002500754347e-5,0.11111001097455651,-0.11110942392147878
7781,9.765625,-0.11111017049932215,1.4220558620956258e-10,1.1924998373566454e-5,9.350784557519249e-5,0.11111017049932215,-0.11110943585257634
7782,3.90625,-0.11111031050924906,2.480757817209702e-11,4.980720647867838e-6,0.00010363308266684432,0.11111031050924906,-0.11110944740009708
7783,1.5625,-0.11111044147180117,1.3667653659637598e-10,1.1690874073240888e-5,0.00010326319023200395,0.11111044147180117,-0.11110945787061194
7784,0.625,-0.11111056940909234,4.4664080919157355e-10,2.113387823357496e-5,0.00010141719973488135,0.11111056940909234,-0.11110946777275504
7785,0.25,-0.11111069645877895,9.4776524491421e-10,3.0785796155276055e-5,9.995571730197052e-5,0.11111069645877895,-0.11110947745249995
7786,0.1,-0.11111082338758778,1.6382461275262952e-9,4.0475253273158097e-5,9.902440435999179e-5,0.11111082338758778,-0.11110948706094569
7787,0.1,-0.11111095001112231,2.512203309805878e-9,5.0121884539648724e-5,9.845637191197251e-5,0.11111095001112231,-0.1111094964497852
7788,0.1,-0.11111107620305849,3.5638881529852374e-9,5.9698309465053006e-5,9.779942715373227e-5,0.11111107620305849,-0.1111095055850228
7789,0.1,-0.11111120183483754,4.786931927480306e-9,6.91876573348188e-5,9.705421875404881e-5,0.11111120183483754,-0.11110951443383602
7790,0.1,-0.11111132677595516,6.1743728080409046e-9,7.857717739929899e-5,9.622153059733958e-5,0.11111132677595516,-0.11110952296470239
7791,0.25,-0.11111144828619089,7.676685653564572e-9,8.761669734453914e-5,9.530652441543558e-5,0.11111144828619089,-0.11110952977817612
7792,0.625,-0.1111115595494411,9.160505471721882e-9,9.571052957601835e-5,9.302379419248041e-5,0.1111115595494411,-0.11110953171555826
7793,1.5625,-0.11111164205430676,1.025584464675768e-8,0.00010127114419595387,8.704714342301121e-5,0.11111164205430676,-0.11110952070989373
7794,3.90625,-0.11111164829251419,1.0053224899457584e-8,0.00010026577132530116,7.152982541384158e-5,0.11111164829251419,-0.11110948102176635
7795,9.765625,-0.1111114723636761,6.995763328011683e-9,8.36406798633995e-5,3.4291909768014606e-5,0.1111114723636761,-0.11110940783802056
7796,24.4140625,-0.11111096325548529,1.0955824521703353e-10,1.0467007462356828e-5,4.9634850625137106e-5,0.11111096325548529,-0.11110945030639724
7797,9.765625,-0.11111000258608299,1.1489777206747969e-10,1.0719037833102359e-5,2.845150467273115e-5,0.11111000258608299,-0.1111094496070074
7798,3.90625,-0.11110964095751351,1.310871949732883e-10,1.1449331638715349e-5,1.9471514454336845e-5,0.11110964095751351,-0.11110944935008622
7799,1.5625,-0.11110934984998841,1.5151193660947886e-10,1.2309018507154778e-5,1.570676318585994e-5,0.11110934984998841,-0.11110944931887147
7800,0.625,-0.1111090770184199,1.7561552623960266e-10,1.3252000839103605e-5,1.4076976501155986e-5,0.1111090770184199,-0.11110944939223753
7801,1.5625,-0.11110891296733738,1.9095085480483132e-10,1.3818496835938102e-5,1.3327647035455794e-5,0.11110891296733738,-0.11110944922913762
7802,3.90625,-0.11110903936278402,1.765666826135329e-10,1.3287839651859624e-5,1.1564114166436241e-5,0.11110903936278402,-0.11110944858480319
7803,9.765625,-0.11110974268277934,1.0719899416051002e-10,1.0353694710609832e-5,8.75963166703057e-6,0.11110974268277934,-0.11110944756417791
7804,24.4140625,-0.11111061493307302,1.9351984885963176e-11,4.399089097297664e-6,1.199368113791752e-5,0.11111061493307302,-0.1111094477045699
7805,9.765625,-0.11111024642004277,5.370709063072775e-12,2.317479031851804e-6,1.987500007580417e-5,0.11111024642004277,-0.11110944819819447
7806,3.90625,-0.11111012555364407,5.245511768360923e-12,2.290308225623993e-6,2.075389617411877e-5,0.11111012555364407,-0.11110944862793577
7807,1.5625,-0.11111003455392074,1.2841195636772252e-11,3.583461404392721e-6,2.0279034080594887e-5,0.11111003455392074,-0.11110944901515336
7808,0.625,-0.11110995118737381,2.7217276796891138e-11,5.217017998520911e-6,1.976541561232324e-5,0.11110995118737381,-0.1111094493838848
7809,0.25,-0.11110987014085102,4.817135737831049e-11,6.940558866424987e-6,1.9414313906409158e-5,0.11110987014085102,-0.1111094497461476
7810,0.1,-0.11110978982869457,7.563780595993253e-11,8.69699982522321e-6,1.9197162735388505e-5,0.11110978982869457,-0.11110945010637313
7811,0.1,-0.1111097121365862,1.093276147181092e-10,1.0455984636470598e-5,1.9062173686893096e-5,0.1111097121365862,-0.11110945045728692
7812,0.1,-0.11110963734709356,1.4898812720733244e-10,1.2206069277508319e-5,1.8914139911321917e-5,0.11110963734709356,-0.11110945079787043
7813,0.1,-0.1111095657306884,1.9434768273933858e-10,1.3940863773071544e-5,1.8752952616380526e-5,0.1111095657306884,-0.11110945112713984
7814,0.1,-0.1111094975449168,2.4511664012053464e-10,1.5656201331119074e-5,1.857858256927783e-5,0.1111094975449168,-0.11110945144415212
7815,0.25,-0.11110944242446318,2.991887766513306e-10,1.7297074222287727e-5,1.8392389884023737e-5,0.11110944242446318,-0.11110945169523194
7816,0.625,-0.11110942196427383,3.510568835340154e-10,1.8736512042907435e-5,1.795574322747644e-5,0.11110942196427383,-0.11110945176289942
7817,1.5625,-0.1111094893070608,3.8585810117964663e-10,1.9643271142547686e-5,1.685419365073887e-5,0.1111094893070608,-0.11110945135402067
7818,3.90625,-0.11110975477398584,3.688255324882103e-10,1.9204830967446976e-5,1.4127219832429055e-5,0.11110975477398584,-0.11110944992606038
7819,9.765625,-0.11111032718566315,2.4711739208503403e-10,1.5719967941603253e-5,8.71227600774908e-6,0.11111032718566315,-0.11110944742514117
7820,24.4140625,-0.11111070533951366,4.971921114284733e-11,7.051185087830792e-6,1.2825158636924125e-5,0.11111070533951366,-0.11110944720877802
7821,9.765625,-0.11111044999177247,1.223308064183421e-11,3.4975821136656976e-6,2.732269119215163e-5,0.11111044999177247,-0.11110944818695351
7822,3.90625,-0.11111034349540283,5.417877391425194e-12,2.3276334314975787e-6,2.9718663614805173e-5,0.11111034349540283,-0.11110944911274737
7823,1.5625,-0.11111025757777088,1.6444557723291976e-11,4.055188987370622e-6,2.9445566111986716e-5,0.11111025757777088,-0.11110944995295419
7824,0.625,-0.11111017734048038,4.2929452783492326e-11,6.5520571413482286e-6,2.8858354609038785e-5,0.11111017734048038,-0.11110945075005714
7825,0.25,-0.111110098942212,8.434211881862845e-11,9.18379653621684e-6,2.841578315407048e-5,0.111110098942212,-0.11110945153068402
7826,0.1,-0.11111002117356998,1.4053322313588138e-10,1.1854670941695572e-5,2.8135431323248216e-5,0.11111002117356998,-0.11110945230597577
7827,0.1,-0.1111099446876108,2.1098760023062703e-10,1.4525412222399301e-5,2.7962177278381842e-5,0.1111099446876108,-0.11110945306289084
7828,0.1,-0.11110986966215752,2.9521665342948866e-10,1.7181869904916886e-5,2.7765514560891007e-5,0.11110986966215752,-0.1111094537988632
7829,0.1,-0.11110979626979367,3.926843906508496e-10,1.9816265809956465e-5,2.7545561688492248e-5,0.11110979626979367,-0.11110945451141696
7830,0.1,-0.11110972467737944,5.028095614601424e-10,2.2423415472673703e-5,2.730249562597909e-5,0.11110972467737944,-0.11110945519817939
7831,0.25,-0.11110965983165122,6.214668686924792e-10,2.4929237226447167e-5,2.703791563573622e-5,0.11110965983165122,-0.11110945574642342
7832,0.625,-0.11110961322985206,7.376385841477925e-10,2.7159502649124348e-5,2.6394455983609773e-5,0.11110961322985206,-0.1111094559041589
7833,1.5625,-0.11110961393189715,8.209697715211468e-10,2.8652570068340236e-5,2.473396514774823e-5,0.11110961393189715,-0.11110945503264759
7834,3.90625,-0.11110972560709857,7.977449471648412e-10,2.8244379036630302e-5,2.04987803947187e-5,0.11110972560709857,-0.11110945190859225
7835,9.765625,-0.1111100306814151,5.458216679267465e-10,2.336282662536249e-5,1.1106364027769502e-5,0.1111100306814151,-0.11110944626767238
7836,24.4140625,-0.11111035585479573,1.1001174836213995e-10,1.0488648547936953e-5,1.6475315266477445e-5,0.11111035585479573,-0.11110944556474962
7837,9.765625,-0.11111031721185752,2.491758920252645e-11,4.991752117496065e-6,3.962031852219414e-5,0.11111031721185752,-0.11110944767353899
7838,3.90625,-0.1111103325902234,7.2597949426033224e-12,2.694400664823872e-6,4.351955084204432e-5,0.1111103325902234,-0.11110944968724008
7839,1.5625,-0.11111035265370761,2.916684973106267e-11,5.40063419711636e-6,4.324366754371964e-5,0.11111035265370761,-0.11110945151170708
7840,0.625,-0.1111103737071003,8.531577008834904e-11,9.236653619593465e-6,4.242633252052545e-5,0.1111103737071003,-0.11110945323911138
7841,0.25,-0.11111039505901582,1.7452892682608698e-10,1.3210939664765976e-5,4.179703922816623e-5,0.11111039505901582,-0.1111094549292792
7842,0.1,-0.11111041653267344,2.964938406287717e-10,1.7218996504697122e-5,4.139910393188666e-5,0.11111041653267344,-0.11110945660775519
7843,0.1,-0.11111043834836938,4.5014099792242626e-10,2.1216526528214422e-5,4.1156530481131716e-5,0.11111043834836938,-0.11110945824735068
7844,0.1,-0.11111046053056262,6.344401201468223e-10,2.518809480978707e-5,4.087755527808403e-5,0.11111046053056262,-0.11110945984223851
7845,0.1,-0.11111048310091859,8.482540398181673e-10,2.9124801112079158e-5,4.0562440054654075e-5,0.11111048310091859,-0.1111094613867988
7846,0.1,-0.11111050607819146,1.0903434837384773e-9,3.302034953991973e-5,4.021151147137009e-5,0.11111050607819146,-0.11110946287563873
7847,0.25,-0.111110530464466,1.351869603983687e-9,3.6767779426879824e-5,3.9827016012313955e-5,0.111110530464466,-0.11110946406286704
7848,0.625,-0.1111105583948332,1.6091159267925933e-9,4.0113787240705574e-5,3.8873696518549026e-5,0.1111105583948332,-0.11110946439602093
7849,1.5625,-0.11111059470488345,1.7964767988090167e-9,4.2384865209282155e-5,3.638830854581542e-5,0.11111059470488345,-0.11110946246921594
7850,3.90625,-0.11111064689285938,1.7534750541607595e-9,4.18745155692667e-5,2.997778712091803e-5,0.11111064689285938,-0.1111094555642523
7851,9.765625,-0.11111070463805554,1.2091900921240743e-9,3.4773410705941316e-5,1.5089876551719097e-5,0.11111070463805554,-0.11110944297847748
7852,24.4140625,-0.11111061867080446,2.4687982855988015e-10,1.571241001755874e-5,2.2639662235760242e-5,0.11111061867080446,-0.1111094411333078
7853,9.765625,-0.11111047162220537,5.4392734159572854e-11,7.375142992483119e-6,5.8381360683824634e-5,0.11111047162220537,-0.11110944576093358
7854,3.90625,-0.11111037365363763,1.1784650598814398e-11,3.432877888712967e-6,6.446994432637057e-5,0.11111037365363763,-0.1111094502107809
7855,1.5625,-0.11111028585711745,5.7248471493311976e-11,7.566271967971544e-6,6.416519658083683e-5,0.11111028585711745,-0.1111094542427446
7856,0.625,-0.11111020128913249,1.7887730726781064e-10,1.3374502131586456e-5,6.299061595832534e-5,0.11111020128913249,-0.11110945805719477
7857,0.25,-0.11111011788740115,3.740362488407618e-10,1.9340016774572916e-5,6.207264590726678e-5,0.11111011788740115,-0.11110946178746296
7858,0.1,-0.11111003496411044,6.420411997862145e-10,2.5338531918527057e-5,6.149064650380966e-5,0.11111003496411044,-0.1111094654912078
7859,0.1,-0.11110995278183385,9.805885005364229e-10,3.1314349754328654e-5,6.113679689019437e-5,0.11110995278183385,-0.11110946910998758
7860,0.1,-0.11110987143770523,1.387440351423419e-9,3.724836038570583e-5,6.072799056041239e-5,0.11110987143770523,-0.1111094726307535
7861,0.1,-0.1111097910268893,1.8601199542482782e-9,4.312910796954046e-5,6.0264629601449505e-5,0.1111097910268893,-0.11110947604091026
7862,0.1,-0.11110971164241712,2.3959220154435017e-9,4.8948156404950555e-5,5.974720423051739e-5,0.11110971164241712,-0.11110947932836554
7863,0.25,-0.11110963580621211,2.97553127100178e-9,5.454843050906029e-5,5.9178929903332194e-5,0.11110963580621211,-0.11110948195115523
7864,0.625,-0.11110956952894367,3.547000865591657e-9,5.955670294426696e-5,5.776107152516442e-5,0.11110956952894367,-0.1111094826883164
7865,1.5625,-0.11110952854854113,3.966385869418879e-9,6.297924951457328e-5,5.4051214507759016e-5,0.11110952854854113,-0.11110947842654423
7866,3.90625,-0.1111095507464594,3.880623861448045e-9,6.229465355428221e-5,4.4439704917084685e-5,0.1111095507464594,-0.11110946311635989
7867,9.765625,-0.1111097083854686,2.6891739400063105e-9,5.185724578114721e-5,2.1652480113021817e-5,0.1111097083854686,-0.1111094350385368
7868,24.4140625,-0.11111004972752572,5.565494193430974e-10,2.3591299653539597e-5,3.2318584328473965e-5,0.11111004972752572,-0.11110943047711277
7869,9.765625,-0.11111019210687055,1.219584420432732e-10,1.1043479616645887e-5,8.664202484281163e-5,0.11111019210687055,-0.11110944071454106
7870,3.90625,-0.11111031836496899,2.1842450211298594e-11,4.6735907192755546e-6,9.598998920226373e-5,0.11111031836496899,-0.11110945061712124
7871,1.5625,-0.11111043659769038,1.1828349299362683e-10,1.0875821485921275e-5,9.56366023112538e-5,0.11111043659769038,-0.11110945959568082
7872,0.625,-0.11111055212404551,3.845716299648076e-10,1.9610497953004856e-5,9.392295791306347e-5,0.11111055212404551,-0.11110946808722129
7873,0.25,-0.11111066684759882,8.147679053773977e-10,2.8544139597777294e-5,9.256795066220432e-5,0.11111066684759882,-0.11110947638839042
7874,0.1,-0.11111078145259974,1.4073282886470443e-9,3.751437442697192e-5,9.170488002914744e-5,0.11111078145259974,-0.11110948462862337
7875,0.1,-0.11111089577737271,2.1572018362933605e-9,4.6445686950387125e-5,9.117859322050303e-5,0.11111089577737271,-0.11110949268044042
7876,0.1,-0.11111100970942478,3.059453704001983e-9,5.53123286799786e-5,9.056998816070081e-5,0.11111100970942478,-0.11110950051469547
7877,0.1,-0.11111112313425753,4.1086171287858995e-9,6.409849552669625e-5,8.987966753548823e-5,0.11111112313425753,-0.11110950810324949
7878,0.1,-0.11111123593562049,5.298716615926795e-9,7.279228404114543e-5,8.910835957211973e-5,0.11111123593562049,-0.11110951541907924
7879,0.25,-0.11111134567654955,6.587227138609895e-9,8.116173444801371e-5,8.826084927167157e-5,0.11111134567654955,-0.11110952126144805
7880,0.625,-0.1111114462896386,7.859648702918513e-9,8.865465979246953e-5,8.614664883526251e-5,0.1111114462896386,-0.1111095229206797
7881,1.5625,-0.11111152127412587,8.798366757383421e-9,9.379960958012257e-5,8.061178137812012e-5,0.11111152127412587,-0.11110951347769984
7882,3.90625,-0.11111152814223382,8.622813433886162e-9,9.285910528260631e-5,6.624471617048985e-5,0.11111152814223382,-0.11110947943857451
7883,9.765625,-0.11111137133743124,5.997649220675575e-9,7.744449122226561e-5,3.180952486851225e-5,0.11111137133743124,-0.11110941670837399
7884,24.4140625,-0.11111089224796587,9.451955703770736e-11,9.722116901051301e-6,4.611315878113664e-5,0.11111089224796587,-0.11110945318693262
7885,9.765625,-0.11111003816408767,9.920267765500567e-11,9.960054098999948e-6,2.6444831904651628e-5,0.11111003816408767,-0.11110945258200855
7886,3.90625,-0.1111097175538721,1.1298699455862479e-10,1.0629534070627217e-5,1.817445342029197e-5,0.1111097175538721,-0.11110945236473135
7887,1.5625,-0.1111094595121465,1.303777289037535e-10,1.141830674416104e-5,1.4736957202290737e-5,0.1111094595121465,-0.11110945234305984
7888,0.625,-0.1111092176700573,1.5089288741101863e-10,1.2283846604831022e-5,1.3258562080551847e-5,0.1111092176700573,-0.11110945241174887
7889,1.5625,-0.11110907259128543,1.6392991873575708e-10,1.2803511968821566e-5,1.2581224131356573e-5,0.11110907259128543,-0.11110945227785617
7890,3.90625,-0.11110918573767811,1.5167677587393017e-10,1.231571256054355e-5,1.0996089484892367e-5,0.11110918573767811,-0.11110945173113625
7891,9.765625,-0.11110981126898518,9.243538306580591e-11,9.614332169516815e-6,8.507429762599778e-6,0.11110981126898518,-0.11110945085797701
7892,24.4140625,-0.1111105843945607,1.6960954677759424e-11,4.118367962890084e-6,1.1407936133008797e-5,0.1111105843945607,-0.11110945097680239
7893,9.765625,-0.11111025793656079,5.0281549327368494e-12,2.2423547740571404e-6,1.8584395008167418e-5,0.11111025793656079,-0.11110945140213586
7894,3.90625,-0.11111015183257059,4.925326365808876e-12,2.2193076320800766e-6,1.9389830102645798e-5,0.11111015183257059,-0.11110945177556582
7895,1.5625,-0.11111007216195613,1.1442331965872076e-11,3.38265161757342e-6,1.8954199680819336e-5,0.11111007216195613,-0.11110945211355108
7896,0.625,-0.11110999923531532,2.3773416913507126e-11,4.87579910512186e-6,1.84831727562935e-5,0.11110999923531532,-0.11110945243609013
7897,0.25,-0.11110992835612316,4.174491873762555e-11,6.461030779807937e-6,1.8161324550675253e-5,0.11110992835612316,-0.11110945275324723
7898,0.1,-0.11110985812422913,6.530049193418366e-11,8.080871978579024e-6,1.7962344824135427e-5,0.11110985812422913,-0.11110945306872504
7899,0.1,-0.11110979021662433,9.419316601113795e-11,9.705316378724496e-6,1.7838695604531025e-5,0.11110979021662433,-0.11110945337621976
7900,0.1,-0.11110972488328863,1.2820679562733055e-10,1.132284397257732e-5,1.7703107089832265e-5,0.11110972488328863,-0.11110945367485729
7901,0.1,-0.1111096623634285,1.6710895217827443e-10,1.2927062782328956e-5,1.7555485080018627e-5,0.1111096623634285,-0.11110945396379385
7902,0.1,-0.11110960288475145,2.1065179127800465e-10,1.4513848258749457e-5,1.739580899612406e-5,0.11110960288475145,-0.11110945424222018
7903,0.25,-0.11110955498970215,2.570344007442379e-10,1.603229243571355e-5,1.722533043064236e-5,0.11110955498970215,-0.1111094544640354
7904,0.625,-0.11110953781659084,3.0154588625759244e-10,1.7365076626885136e-5,1.6825597078339216e-5,0.11110953781659084,-0.11110945452836482
7905,1.5625,-0.1111095984396211,3.3146271125282965e-10,1.820611741291453e-5,1.5817956683428462e-5,0.1111095984396211,-0.11110945418341271
7906,3.90625,-0.11110983445794033,3.1696922334553295e-10,1.7803629499221022e-5,1.3330444287846223e-5,0.11110983445794033,-0.11110945296257195
7907,9.765625,-0.11111034135504574,2.1255587772983707e-10,1.4579296201457637e-5,8.454162071893679e-6,0.11111034135504574,-0.11110945081759907
7908,24.4140625,-0.11111067135623053,4.300111049085638e-11,6.5575231978893055e-6,1.2156005674142403e-5,0.11111067135623053,-0.11110945063157009
7909,9.765625,-0.11111044285674082,1.0902678768695435e-11,3.3019204667428674e-6,2.5444464548804266e-5,0.11111044285674082,-0.11110945147355375
7910,3.90625,-0.11111034693985179,5.095851573089442e-12,2.2573992941191068e-6,2.764695671339031e-5,0.11111034693985179,-0.11110945227256665
7911,1.5625,-0.11111026937851898,1.4595828246368694e-11,3.820448696994725e-6,2.739223752705431e-5,0.11111026937851898,-0.11110945299905553
7912,0.625,-0.11111019688792756,3.735951030031805e-11,6.112242657185499e-6,2.684950630984449e-5,0.11111019688792756,-0.11110945368896455
7913,0.25,-0.11111012603923678,7.293243229003742e-11,8.540048728785885e-6,2.644092922896475e-5,0.11111012603923678,-0.11110945436491415
7914,0.1,-0.11111005575230748,1.2118669529733892e-10,1.1008482879004669e-5,2.6182260250047733e-5,0.11111005575230748,-0.11110945503636356
7915,0.1,-0.1111099866101017,1.8167973137188543e-10,1.347886239160729e-5,2.6022472759519513e-5,0.1111099866101017,-0.11110945569203937
7916,0.1,-0.11110991877157421,2.5399202724131214e-10,1.593712732086031e-5,2.584111321342814e-5,0.11110991877157421,-0.11110945632973836
7917,0.1,-0.11110985239103631,3.376633940727207e-10,1.8375619556159752e-5,2.5638295193574345e-5,0.11110985239103631,-0.11110945694733752
7918,0.1,-0.11110978761771312,4.321948008584276e-10,2.0789295342998705e-5,2.5414186957478586e-5,0.11110978761771312,-0.11110945754280042
7919,0.25,-0.11110972887087958,5.340430092005643e-10,2.3109370592912398e-5,2.5170268887912107e-5,0.11110972887087958,-0.11110945801927742
7920,0.625,-0.11110968642389722,6.337454594940186e-10,2.517430156914028e-5,2.457710020642122e-5,0.11110968642389722,-0.11110945816034704
7921,1.5625,-0.11110968625012015,7.052324283713202e-10,2.655621261346053e-5,2.3047103102890867e-5,0.11110968625012015,-0.11110945741749347
7922,3.90625,-0.11110978529604632,6.851956992664226e-10,2.617624303192539e-5,1.915130537547135e-5,0.11110978529604632,-0.11110945474040705
7923,9.765625,-0.11111005755682034,4.687576026776726e-10,2.1650810670219085e-5,1.0591114660507948e-5,0.11111005755682034,-0.1111094499030226
7924,24.4140625,-0.11111035000081143,9.465278551791753e-11,9.728966312919248e-6,1.5493254043179795e-5,0.11111035000081143,-0.11110944930348632
7925,9.765625,-0.11111031826695864,2.174910911254511e-11,4.6635940124055725e-6,3.679216051608093e-5,0.11111031826695864,-0.11110945111552897
7926,3.90625,-0.11111033418081176,6.683882501914921e-12,2.5853205801050903e-6,4.038697046681379e-5,0.11111033418081176,-0.11110945284729493
7927,1.5625,-0.11111035409121575,2.5555145260965798e-11,5.05520971483536e-6,4.012808452039647e-5,0.11111035409121575,-0.1111094544175218
7928,0.625,-0.11111037482260895,7.379980726415027e-11,8.590681420245443e-6,3.937096430936903e-5,0.11111037482260895,-0.11110945590488774
7929,0.25,-0.11111039579753529,1.5040903447231535e-10,1.226413610786815e-5,3.878866207382626e-5,0.11111039579753529,-0.11110945736050495
7930,0.1,-0.11111041687192884,2.551153713317716e-10,1.5972331430688872e-5,3.8420627789501714e-5,0.11111041687192884,-0.11110945880618485
7931,0.1,-0.11111043824092696,3.8700015713269276e-10,1.967231956665743e-5,3.819636454016323e-5,0.11111043824092696,-0.11110946021849986
7932,0.1,-0.11111045992457204,5.451789018913582e-10,2.3349066402992608e-5,3.793845674085395e-5,0.11111045992457204,-0.11110946159245179
7933,0.1,-0.11111048194042283,7.286753705379708e-10,2.6993987673887138e-5,3.76471498931182e-5,0.11111048194042283,-0.11110946292321892
7934,0.1,-0.1111105043034597,9.36425691215149e-10,3.060107336704301e-5,3.732275005490437e-5,0.1111105043034597,-0.11110946420617546
7935,0.25,-0.11111052786884643,1.1608384225090794e-9,3.407107897482965e-5,3.696733743301153e-5,0.11111052786884643,-0.111109465230203
7936,0.625,-0.11111055444491347,1.3815458741362321e-9,3.7169152184792054e-5,3.608611535688397e-5,0.11111055444491347,-0.11110946552108072
7937,1.5625,-0.11111058808485745,1.5422107375671313e-9,3.9270991043862537e-5,3.3789206034339056e-5,0.11111058808485745,-0.11110946387219897
7938,3.90625,-0.1111106348120546,1.5050506011117157e-9,3.879498164855495e-5,2.7869863106895285e-5,0.1111106348120546,-0.11110945795139393
7939,9.765625,-0.11111068394294409,1.0375842925304972e-9,3.221155526407406e-5,1.4193614392462158e-5,0.11111068394294409,-0.11110944715939608
7940,24.4140625,-0.11111060024708634,2.1186773196679942e-10,1.4555676966970634e-5,2.115193737347273e-5,0.11111060024708634,-0.1111094455873155
7941,9.765625,-0.11111046566164717,4.696377381680787e-11,6.853012025146889e-6,5.4134178334170274e-5,0.11111046566164717,-0.11110944955968514
7942,3.90625,-0.11111037539400172,1.0583081228049567e-11,3.2531648018582715e-6,5.975566107601272e-5,0.11111037539400172,-0.11110945337968933
7943,1.5625,-0.11111029439400592,4.972528489223526e-11,7.051615764648218e-6,5.946869330238526e-5,0.11111029439400592,-0.1111094568419037
7944,0.625,-0.11111021633872989,1.5418508974978247e-10,1.2417128885124068e-5,5.837984062483754e-5,0.11111021633872989,-0.11110946011798423
7945,0.25,-0.11111013934420094,3.2170560653831346e-10,1.7936153616043587e-5,5.752970041971142e-5,0.11111013934420094,-0.11110946332210035
7946,0.1,-0.11111006278109693,5.517014544563231e-10,2.348832591855629e-5,5.699095552447523e-5,0.11111006278109693,-0.1111094665035939
7947,0.1,-0.11110998688638925,8.42194798158349e-10,2.902059265691087e-5,5.666352610395998e-5,0.11110998688638925,-0.11110946961220523
7948,0.1,-0.11110991174914285,1.1912652579042835e-9,3.451471074635109e-5,5.628524271151727e-5,0.11110991174914285,-0.11110947263674291
7949,0.1,-0.11110983745669883,1.596787376502357e-9,3.995982202791145e-5,5.585647999875583e-5,0.11110983745669883,-0.11110947556640523
7950,0.1,-0.11110976409451534,2.0564396378753862e-9,4.534798383473499e-5,5.537769457972888e-5,0.11110976409451534,-0.11110947839082157
7951,0.25,-0.11110969396393928,2.5536392793197233e-9,5.053354607901293e-5,5.485186378599892e-5,0.11110969396393928,-0.11110948064490907
7952,0.625,-0.11110963255552629,3.043791649316828e-9,5.517056868763297e-5,5.353977789304306e-5,0.11110963255552629,-0.11110948128108712
7953,1.5625,-0.1111095942569859,3.4033345657162644e-9,5.833810560616675e-5,5.01069502158532e-5,0.1111095942569859,-0.11110947762848472
7954,3.90625,-0.11110961374860356,3.329248618570168e-9,5.769964140763934e-5,4.121679333351996e-5,0.11110961374860356,-0.11110946449894635
7955,9.765625,-0.11110975743579589,2.3063704738581495e-9,4.802468608807505e-5,2.0194745605299076e-5,0.11110975743579589,-0.11110944042643071
7956,24.4140625,-0.11111007109219553,4.770328300317103e-10,2.1841081246854754e-5,3.0076179469186282e-5,0.11111007109219553,-0.11110943653977866
7957,9.765625,-0.11111020323603697,1.0476474374298563e-10,1.0235464998864762e-5,8.027800838518059e-5,0.11111020323603697,-0.1111094453222389
7958,3.90625,-0.11111032017040637,1.9246337652845154e-11,4.387064810650187e-6,8.891468906216065e-5,0.11111032017040637,-0.11110945381524993
7959,1.5625,-0.11111042963396678,1.0223670420011143e-10,1.0111216751712497e-5,8.858082435618814e-5,0.11111042963396678,-0.11110946151616717
7960,0.625,-0.11111053657059378,3.3084654466180764e-10,1.8189187575639755e-5,8.699180454619102e-5,0.11111053657059378,-0.1111094687999144
7961,0.25,-0.111110642745674,6.999889618989331e-10,2.645730450932092e-5,8.573644100593566e-5,0.111110642745674,-0.11110947592072397
7962,0.1,-0.11111074879313315,1.2083422207342505e-9,3.476121719293285e-5,8.493713722331876e-5,0.11111074879313315,-0.11110948298945529
7963,0.1,-0.11111085456612586,1.8515709248365226e-9,4.302988409043792e-5,8.444986355176371e-5,0.11111085456612586,-0.11110948989659702
7964,0.1,-0.11111095996139746,2.6254411638022153e-9,5.1239058966790315e-5,8.38863863808688e-5,0.11111095996139746,-0.11110949661716006
7965,0.1,-0.11111106487395511,3.5252627951134073e-9,5.937392352803887e-5,8.324726571386179e-5,0.11111106487395511,-0.11110950312701934
7966,0.1,-0.11111116919729797,4.545909347308152e-9,6.7423359062777e-5,8.253317806525868e-5,0.11111116919729797,-0.11110950940300722
7967,0.25,-0.1111112706913296,5.6508852551754865e-9,7.517237029105498e-5,8.174855506147491e-5,0.1111112706913296,-0.111109514415129
7968,0.625,-0.11111136377980631,6.741932659020777e-9,8.210927267380206e-5,7.979115003995687e-5,0.11111136377980631,-0.11110951583933654
7969,1.5625,-0.1111114332978757,7.546512141262381e-9,8.687066329470715e-5,7.466701103442746e-5,0.1111114332978757,-0.1111095077419027
7970,3.90625,-0.1111114401798599,7.394931677049527e-9,8.59937885957441e-5,6.136888399077316e-5,0.1111114401798599,-0.11110947855393875
7971,9.765625,-0.1111112963959823,5.142042393204461e-9,7.170803576451151e-5,2.9537186478580924e-5,0.1111112963959823,-0.11110942478263588
7972,24.4140625,-0.11111085013367414,8.165489257936149e-11,9.03630967703971e-6,4.282724156687766e-5,0.11111085013367414,-0.11110945610125976
7973,9.765625,-0.11111006570030334,8.567297824789181e-11,9.255969870731636e-6,2.4626381563484863e-5,0.11111006570030334,-0.11110945558217908
7974,3.90625,-0.11110977132682166,9.747076018889204e-11,9.872728102651873e-6,1.7019287358295475e-5,0.11110977132682166,-0.11110945539993616
7975,1.5625,-0.11110953441248239,1.1236067185181558e-10,1.0600031691076003e-5,1.3879913974227056e-5,0.11110953441248239,-0.11110945538691805
7976,0.625,-0.11110931237237195,1.2992649636182933e-10,1.1398530447466872e-5,1.2537326527387123e-5,0.11110931237237195,-0.11110945545194766
7977,1.5625,-0.1111091791956816,1.4107817319326387e-10,1.1877633316164626e-5,1.192418307729731e-5,0.1111091791956816,-0.11110945534284397
7978,3.90625,-0.1111092831438461,1.305551267024959e-10,1.1426072234258626e-5,1.049652533732615e-5,0.1111092831438461,-0.11110945487871937
7979,9.765625,-0.11110985748774117,7.973246543271362e-11,8.9293037484853e-6,8.284775227428518e-6,0.11110985748774117,-0.11110945413220051
7980,24.4140625,-0.11111056655558994,1.4949347615491754e-11,3.866438621715306e-6,1.0879844099432031e-5,0.11111056655558994,-0.11110945423167469
7981,9.765625,-0.1111102662945545,4.73509033260131e-12,2.1760262711192873e-6,1.740482757169018e-5,0.1111102662945545,-0.111109454598939
7982,3.90625,-0.11111016873723126,4.6598394001058275e-12,2.158666115939616e-6,1.81399108666496e-5,0.11111016873723126,-0.1111094549240768
7983,1.5625,-0.11111009547702781,1.0262662850575588e-11,3.2035391133207017e-6,1.7739185884192784e-5,0.11111009547702781,-0.11110945521978688
7984,0.625,-0.11111002841409856,2.0852911534651353e-11,4.566498826743675e-6,1.730698579564411e-5,0.11111002841409856,-0.11110945550264929
7985,0.25,-0.11110996323205719,3.628178223727428e-11,6.023436082276816e-6,1.701194795880117e-5,0.11110996323205719,-0.11110945578106064
7986,0.1,-0.1111098986442543,5.650099728458906e-11,7.516714527277796e-6,1.6829645742804546e-5,0.1111098986442543,-0.11110945605809924
7987,0.1,-0.11110983619393054,8.12986159506817e-11,9.016574513122026e-6,1.6716400894423537e-5,0.11110983619393054,-0.11110945632828706
7988,0.1,-0.11110977611092006,1.1048917787854736e-10,1.0511383252386309e-5,1.659224653062225e-5,0.11110977611092006,-0.11110945659087382
7989,0.1,-0.1111097186151541,1.4387325110584323e-10,1.1994717633435279e-5,1.6457102555879647e-5,0.1111097186151541,-0.11110945684513623
7990,0.1,-0.1111096639159835,1.8123817537230931e-10,1.3462472855025905e-5,1.6310957179512166e-5,0.1111096639159835,-0.11110945709037977
7991,0.25,-0.11110961987026088,2.2103845691869986e-10,1.4867362137201738e-5,1.6154963542371712e-5,0.11110961987026088,-0.111109457286974
7992,0.625,-0.11110960407927552,2.5923126462579594e-10,1.610066037856199e-5,1.5789345407921446e-5,0.11110960407927552,-0.11110945734825375
7993,1.5625,-0.11110965983451235,2.8489654574974734e-10,1.687887868757126e-5,1.4868748920786717e-5,0.11110965983451235,-0.11110945705789939
7994,3.90625,-0.11110987688241622,2.7243988054059027e-10,1.6505752952852234e-5,1.2604345376250221e-5,0.11110987688241622,-0.11110945601495256
7995,9.765625,-0.11111034296826904,1.8278346277520036e-10,1.3519743443394197e-5,8.231942678026225e-6,0.11111034296826904,-0.11110945417714989
7996,24.4140625,-0.11111064611463703,3.7263641169847474e-11,6.104395233751454e-6,1.1553717330738887e-5,0.11111064611463703,-0.11110945401608897
7997,9.765625,-0.11111043615640229,9.761764986168637e-12,3.1243823367457185e-6,2.3707642257817044e-5,0.11111043615640229,-0.11110945474091244
7998,3.90625,-0.11111034814328846,4.807568017611568e-12,2.192616705585262e-6,2.5732119785585646e-5,0.11111034814328846,-0.11110945543098567
7999,1.5625,-0.11111027700025244,1.2981944621537403e-11,3.603046574988645e-6,2.549539903561748e-5,0.11111027700025244,-0.11110945605978265
8000,0.625,-0.11111021051531511,3.253345464222902e-11,5.703810537020757e-6,2.4994473791225696e-5,0.11111021051531511,-0.11110945665760381
8001,0.25,-0.1111101455376389,6.307272584274091e-11,7.941833909289523e-6,2.4617729587052046e-5,0.1111101455376389,-0.11110945724362274
8002,0.1,-0.11111008107480991,1.0449024785584504e-10,1.0222047146039048e-5,2.4379336442288225e-5,0.11111008107480991,-0.11110945782585516
8003,0.1,-0.11111001766386235,1.564060101456134e-10,1.2506238848895115e-5,2.4232131401934924e-5,0.11111001766386235,-0.11110945839455386
8004,0.1,-0.11110995545097058,2.184599505703213e-10,1.478039074484573e-5,2.4065065028145646e-5,0.11110995545097058,-0.11110945894782939
8005,0.1,-0.11110989457803962,2.902571009452937e-10,1.7036933437250194e-5,2.3878246879730198e-5,0.11110989457803962,-0.11110945948386064
8006,0.1,-0.11110983518230329,3.71369161051304e-10,1.927094084499519e-5,2.3671837664867992e-5,0.11110983518230329,-0.11110946000090093
8007,0.25,-0.11110978132903893,4.587538743501628e-10,2.1418540434636594e-5,2.3447206845925866e-5,0.11110978132903893,-0.11110946041577119
8008,0.625,-0.111109742467874,5.442871215909006e-10,2.3329961885757564e-5,2.2900988661443065e-5,0.111109742467874,-0.11110946054266843
8009,1.5625,-0.11110974248726477,6.05588050789e-10,2.4608698681340304e-5,2.1492852124575623e-5,0.11110974248726477,-0.11110945991073268
8010,3.90625,-0.11110983374804494,5.883135676112901e-10,2.425517609936671e-5,1.791423206407416e-5,0.11110983374804494,-0.11110945761849263
8011,9.765625,-0.11111008418755786,4.0247625941063493e-10,2.006181097036444e-5,1.0130427178726197e-5,0.11111008418755786,-0.11110945347214561
8012,24.4140625,-0.11111035249064234,8.150748740939919e-11,9.028149722362782e-6,1.458826076560876e-5,0.11111035249064234,-0.11110945295873022
8013,9.765625,-0.11111032289449276,1.9043170113557236e-11,4.363848085526951e-6,3.417165235360531e-5,0.11111032289449276,-0.11110945451548739
8014,3.90625,-0.11111033728194956,6.175536591684644e-12,2.485062693713107e-6,3.7486234737462195e-5,0.11111033728194956,-0.11110945600511811
8015,1.5625,-0.11111035536594974,2.2408429344816737e-11,4.733754254797849e-6,3.724437241404373e-5,0.11111035536594974,-0.11110945735707867
8016,0.625,-0.11111037420958211,6.383049057390096e-11,7.98939863656214e-6,3.654373819759352e-5,0.11111037420958211,-0.11110945863837797
8017,0.25,-0.11111039327699132,1.295773636413571e-10,1.1383205332478067e-5,3.600531385408096e-5,0.11111039327699132,-0.11110945989262806
8018,0.1,-0.1111104124340514,2.194199952735517e-10,1.481283211521523e-5,3.5665130908951544e-5,0.1111104124340514,-0.11110946113843512
8019,0.1,-0.11111043186131818,3.325697385231416e-10,1.8236494688485e-5,3.545788301393481e-5,0.11111043186131818,-0.11110946235561914
8020,0.1,-0.11111045157758721,4.682675797639015e-10,2.1639491208526634e-5,3.521956036778338e-5,0.11111045157758721,-0.11110946353989447
8021,0.1,-0.11111047159937969,6.256757997718846e-10,2.501351234376901e-5,3.495039337046278e-5,0.11111047159937969,-0.1111094646871264
8022,0.1,-0.11111049194085361,8.038815004631249e-10,2.8352804102295154e-5,3.465066894912419e-5,0.11111049194085361,-0.1111094657933479
8023,0.25,-0.11111051339697456,9.963686050220822e-10,3.156530698444231e-5,3.432231353606017e-5,0.11111051339697456,-0.11110946667737433
8024,0.625,-0.11111053765118975,1.1856558585476086e-9,3.443335386725505e-5,3.3508256298698754e-5,0.11111053765118975,-0.1111094669323135
8025,1.5625,-0.11111056848401131,1.323393259077311e-9,3.6378472467618966e-5,3.138703073142448e-5,0.11111056848401131,-0.1111094655229799
8026,3.90625,-0.11111061155640634,1.291349058793795e-9,3.5935345536028935e-5,2.592574132274442e-5,0.11111061155640634,-0.11110946044898529
8027,9.765625,-0.11111065722891675,8.901146683914755e-10,2.9834789565061047e-5,1.3380055233034742e-5,0.11111065722891675,-0.11110945119816695
8028,24.4140625,-0.1111105809704292,1.8189015334973042e-10,1.3486665761029686e-5,1.9772656748058063e-5,0.1111105809704292,-0.11110944985563707
8029,9.765625,-0.11111045722523923,4.061730588145135e-11,6.373170787092666e-6,5.0196263867410694e-5,0.11111045722523923,-0.11110945326470217
8030,3.90625,-0.11111037430315948,9.529389967803599e-12,3.086971002099566e-6,5.538743682581339e-5,0.11111037430315948,-0.11110945654404668
8031,1.5625,-0.11111029990440704,4.318787230226841e-11,6.571748040077952e-6,5.511845070234256e-5,0.11111029990440704,-0.11110945951735031
8032,0.625,-0.11111022820918094,1.3284674852215016e-10,1.152591638535306e-5,5.410979451908392e-5,0.11111022820918094,-0.11110946233146424
8033,0.25,-0.11111015748384927,2.765727252552385e-10,1.663047579762042e-5,5.332285251224089e-5,0.11111015748384927,-0.11110946508407765
8034,0.1,-0.11111008714926462,4.738646523333026e-10,2.1768432473040004e-5,5.2824323408274385e-5,0.11111008714926462,-0.11110946781739285
8035,0.1,-0.11111001742455762,7.230252630951524e-10,2.6889129087702942e-5,5.2521409016679976e-5,0.11111001742455762,-0.11110947048820627
8036,0.1,-0.11110994839202228,1.022407179501504e-9,3.197510249399529e-5,5.217145729689684e-5,0.11110994839202228,-0.11110947308692311
8037,0.1,-0.11110988013239877,1.3701871282210352e-9,3.7016038797000354e-5,5.177481731998255e-5,0.11110988013239877,-0.1111094756042817
8038,0.1,-0.11110981272473118,1.7643736801086171e-9,4.200444833715373e-5,5.1331914414446323e-5,0.11110981272473118,-0.1111094780313912
8039,0.25,-0.11110974829287644,2.1907375350931547e-9,4.680531524403136e-5,5.084550558813346e-5,0.11110974829287644,-0.11110947996929266
8040,0.625,-0.11110969190445731,2.611015339071764e-9,5.109809525874486e-5,4.963176949304675e-5,0.11110969190445731,-0.11110948051947965
8041,1.5625,-0.111109656837766,2.9191941153298572e-9,5.402956704740338e-5,4.6456636657826214e-5,0.111109656837766,-0.11110947739137544
8042,3.90625,-0.11110967508109819,2.8553237859314817e-9,5.343522982014283e-5,3.8237644547668425e-5,0.11110967508109819,-0.11110946613656589
8043,9.765625,-0.11110980774154465,1.977631382525664e-9,4.4470567598420236e-5,1.8859093006730796e-5,0.11110980774154465,-0.11110944550309719
8044,24.4140625,-0.11111009606166684,4.0895883906128965e-10,2.0222730751836897e-5,2.799246068584351e-5,0.11111009606166684,-0.11110944218616219
8045,9.765625,-0.11111021705270294,9.007535460316685e-11,9.49080368584067e-6,7.437736820397328e-5,0.11111021705270294,-0.1111094497187175
8046,3.90625,-0.11111032430326263,1.698015684484636e-11,4.120698586993031e-6,8.235859350979527e-5,0.11111032430326263,-0.11110945700239741
8047,1.5625,-0.11111042471179022,8.83207875595579e-11,9.39791400043424e-6,8.204473600505997e-5,0.11111042471179022,-0.11110946360750236
8048,0.625,-0.11111052279613602,2.8448365379120947e-10,1.6866643228313377e-5,8.057210778159216e-5,0.11111052279613602,-0.11110946985538944
8049,0.25,-0.11111062017115862,6.011113659023647e-10,2.4517572594006216e-5,7.940947994141186e-5,0.11111062017115862,-0.1111094759638373
8050,0.1,-0.11111071741670335,1.037072101335597e-9,3.2203603856332555e-5,7.866942318286612e-5,0.11111071741670335,-0.11110948202776869
8051,0.1,-0.11111081440034343,1.5886462065413144e-9,3.985782490981306e-5,7.821834534469288e-5,0.11111081440034343,-0.11110948795314801
8052,0.1,-0.11111091102820754,2.252202304739598e-9,4.7457373555008266e-5,7.769674375094611e-5,0.11111091102820754,-0.1111094937185557
8053,0.1,-0.11111100720490297,3.0237178372475138e-9,5.4988342739598126e-5,7.710513862213986e-5,0.11111100720490297,-0.11110949930331321
8054,0.1,-0.11111110283371838,3.89879613972761e-9,6.244034064391072e-5,7.644415832170136e-5,0.11111110283371838,-0.11110950468756252
8055,0.25,-0.11111119587615668,4.846129855121687e-9,6.961414981971473e-5,7.571790717252916e-5,0.11111119587615668,-0.11110950898803988
8056,0.625,-0.11111128125746274,5.781434768651422e-9,7.603574665018699e-5,7.390613430023111e-5,0.11111128125746274,-0.11110951021200446
8057,1.5625,-0.11111134517155936,6.470944267036349e-9,8.044217965120256e-5,6.916356028636295e-5,0.11111134517155936,-0.1111095032720557
8058,3.90625,-0.11111135200939229,6.340305430447434e-9,7.962603487834513e-5,5.685851235809221e-5,0.11111135200939229,-0.11110947825155881
8059,9.765625,-0.11111122122639559,4.407731416930035e-9,6.63907479768833e-5,2.744595847456637e-5,0.11111122122639559,-0.11110943216799
8060,24.4140625,-0.11111082944006045,9.208174214808504e-10,3.0344973578516267e-5,4.0490619913408794e-5,0.11111082944006045,-0.11110942422391104
8061,9.765625,-0.11111061234647282,2.0175504253281433e-10,1.420405021579459e-5,0.0001107141332302306,0.11111061234647282,-0.11110944097023796
8062,3.90625,-0.1111104349757453,3.207502304988157e-11,5.663481530814908e-6,0.00012288517872114838,0.1111104349757453,-0.11110945723459811
8063,1.5625,-0.11111027108932846,1.8524033327206705e-10,1.361030246805952e-5,0.00012251170664249865,0.11111027108932846,-0.11110947199093456
8064,0.625,-0.1111101120221843,6.17197968502455e-10,2.4843469333055217e-5,0.00012034723823949678,0.1111101120221843,-0.11110948594545568
8065,0.25,-0.11110995490459473,1.3180957847952246e-9,3.630558889200428e-5,0.00011862214976935437,0.11110995490459473,-0.11110949958408561
8066,0.1,-0.11110979874371389,2.285346138224935e-9,4.780529403972885e-5,0.00011751903945221318,0.11110979874371389,-0.11110951312008557
8067,0.1,-0.11110964374805656,3.510723703880461e-9,5.925136035468267e-5,0.00011684404446785333,0.11110964374805656,-0.11110952634714136
8068,0.1,-0.11110949004311393,4.9861630925066335e-9,7.061276862230112e-5,0.00011606380734273435,0.11110949004311393,-0.11110953921746418
8069,0.1,-0.1111093377515473,6.702730915144358e-9,8.187020773849519e-5,0.00011517908423876789,0.1111093377515473,-0.11110955168490796
8070,0.1,-0.11110918699313038,8.650663433457968e-9,9.300894276067203e-5,0.00011419079064098693,0.11110918699313038,-0.11110956370514867
8071,0.25,-0.11110904084352503,1.0760770367750669e-8,0.00010373413308911715,0.00011310505748874666,0.11110904084352503,-0.111109573315849
8072,0.625,-0.11110890679869743,1.2846657743629957e-8,0.00011334309746795328,0.00011040081313838495,0.11110890679869743,-0.11110957608401036
8073,1.5625,-0.11110880506644374,1.4390975507915199e-8,0.00011996239205649076,0.00010332346188961923,0.11110880506644374,-0.11110956067932194
8074,3.90625,-0.11110878791311164,1.412067724036481e-8,0.0001188304558619751,8.494078077726882e-5,0.11110878791311164,-0.11110950494701388
8075,9.765625,-0.11110897814370177,9.849395388403007e-9,9.924412017043129e-5,4.068592563000464e-5,0.11110897814370177,-0.11110940184686749
8076,24.4140625,-0.11110971566315249,1.5105578466676707e-10,1.2290475363742733e-5,5.8201417047928805e-5,0.11110971566315249,-0.11110946117703197
8077,9.765625,-0.11111077059288854,1.5807947450918225e-10,1.2572966018771475e-5,3.342148330633079e-5,0.11111077059288854,-0.11110946022626897
8078,3.90625,-0.11111116287883624,1.8088544430597865e-10,1.3449365944384837e-5,2.2743726573933518e-5,0.11111116287883624,-0.11110945986412055
8079,1.5625,-0.11111147781678811,2.0985161909940146e-10,1.4486256214060327e-5,1.8196184575367055e-5,0.11111147781678811,-0.1111094598093302
8080,0.625,-0.11111177285194898,2.441620020983882e-10,1.5625684052174747e-5,1.6199058762063e-5,0.11111177285194898,-0.1111094598977823
8081,1.5625,-0.11111194750759906,2.662278035760095e-10,1.631648870241418e-5,1.527268640069503e-5,0.11111194750759906,-0.1111094596546707
8082,3.90625,-0.11111180164329858,2.46255665171091e-10,1.5692535332797278e-5,1.3062682052950781e-5,0.11111180164329858,-0.11110945873682383
8083,9.765625,-0.11111102352377844,1.485721835205443e-10,1.218901897285193e-5,9.416465324306442e-6,0.11111102352377844,-0.11110945729935393
8084,24.4140625,-0.11111008739907498,2.5827543764324573e-11,5.082080653071591e-6,1.3449719452467895e-5,0.11111008739907498,-0.11110945750249027
8085,9.765625,-0.11111050916378372,6.1749583209814225e-12,2.484946341670464e-6,2.3056345518367512e-5,0.11111050916378372,-0.11110945818531588
8086,3.90625,-0.11111064390333061,5.9161701818789704e-12,2.43231786201536e-6,2.4126264106634358e-5,0.11111064390333061,-0.11110945877166639
8087,1.5625,-0.11111074483918312,1.6440354775177397e-11,4.054670735729031e-6,2.3564337626271477e-5,0.11111074483918312,-0.11110945929576399
8088,0.625,-0.11111083720806922,3.64301844242419e-11,6.0357422430254505e-6,2.295193537196651e-5,0.11111083720806922,-0.11110945979287729
8089,0.25,-0.11111092699907615,6.560279145198392e-11,8.099555015677338e-6,2.253285106452319e-5,0.11111092699907615,-0.11110946028051269
8090,0.1,-0.11111101599256236,1.0386711092287724e-10,1.0191521521484279e-5,2.2273915104564704e-5,0.11111101599256236,-0.11110946076516255
8091,0.1,-0.11111110199195785,1.5082126428331513e-10,1.2280930920875467e-5,2.2113363360542945e-5,0.11111110199195785,-0.11110946123690939
8092,0.1,-0.11111118467545088,2.0611386486524863e-10,1.4356666216961675e-5,2.1936944760220138e-5,0.11111118467545088,-0.11110946169432351
8093,0.1,-0.11111126373509832,2.6936695823927294e-10,1.6412402573641464e-5,2.174452899552201e-5,0.11111126373509832,-0.1111094621360247
8094,0.1,-0.11111133887780372,3.4017746629979924e-10,1.8443900517509827e-5,2.1536076903421164e-5,0.11111133887780372,-0.11110946256068988
8095,0.25,-0.11111139903499036,4.156112396007582e-10,2.038654555339767e-5,2.1313206048995453e-5,0.11111139903499036,-0.11110946289369843
8096,0.625,-0.11111141943841531,4.879956669616441e-10,2.2090623960441773e-5,2.078839194189252e-5,0.11111141943841531,-0.1111094629715299
8097,1.5625,-0.11111133924473184,5.366281183297684e-10,2.316523512355893e-5,1.945988697374637e-5,0.11111133924473184,-0.11110946238605247
8098,3.90625,-0.11111103275090586,5.131091015602512e-10,2.265191165355037e-5,1.6147681992554582e-5,0.11111103275090586,-0.11110946038154179
8099,9.765625,-0.11111037982022734,3.4391351997910833e-10,1.854490549933076e-5,9.359165535161531e-6,0.11111037982022734,-0.11110945688056728
8100,24.4140625,-0.11110997182448144,6.860906870001215e-11,8.283059138990387e-6,1.4438595671907516e-5,0.11110997182448144,-0.11110945656877112
8101,9.765625,-0.11111026940925361,1.576528959349524e-11,3.970552807040254e-6,3.200590929333616e-5,0.11111026940925361,-0.1111094579324373
8102,3.90625,-0.11111039307313657,5.951044827536404e-12,2.4394763428933687e-6,3.490155749423758e-5,0.11111039307313657,-0.11110945921756356
8103,1.5625,-0.11111049283684472,2.1145724358637893e-11,4.59844803804913e-6,3.4591357724347846e-5,0.11111049283684472,-0.11110946037988416
8104,0.625,-0.11111058606507453,5.7999243698167517e-11,7.615723452054146e-6,3.389758455563967e-5,0.11111058606507453,-0.11110946148040177
8105,0.25,-0.11111067722013737,1.1576520971814723e-10,1.075942422800343e-5,3.337255546034503e-5,0.11111067722013737,-0.11110946255718845
8106,0.1,-0.111110767705495,1.9423399471381437e-10,1.393678566649478e-5,3.303952104909031e-5,0.111110767705495,-0.11110946362621983
8107,0.1,-0.1111108567260058,2.9268976083513676e-10,1.710817818574312e-5,3.283366333219441e-5,0.1111108567260058,-0.1111094646695855
8108,0.1,-0.1111109440708015,4.10451680543034e-10,2.0259607117193413e-5,3.259987232655135e-5,0.1111109440708015,-0.11110946568368985
8109,0.1,-0.11111102953482134,5.467725534597805e-10,2.338316816557971e-5,3.23382707896045e-5,0.11111102953482134,-0.11110946666506331
8110,0.1,-0.1111111129194125,7.00841774020826e-10,2.647341636473891e-5,3.204905024344723e-5,0.1111111129194125,-0.11110946761037907
8111,0.25,-0.1111111883416241,8.669109328544582e-10,2.944335125040046e-5,3.1734088530223074e-5,0.1111111883416241,-0.11110946836229668
8112,0.625,-0.11111124213785485,1.0296182216724417e-9,3.20876646341307e-5,3.096709829077913e-5,0.11111124213785485,-0.11110946856869261
8113,1.5625,-0.11111123979296256,1.1466232053648466e-9,3.386182519246189e-5,2.898487055863288e-5,0.11111123979296256,-0.11110946733643177
8114,3.90625,-0.11111110583420154,1.1150397558682792e-9,3.33922110059858e-5,2.3910569101096966e-5,0.11111110583420154,-0.1111094629523796
8115,9.765625,-0.11111074366104731,7.640294419951647e-10,2.7641082504040334e-5,1.243293973200771e-5,0.11111074366104731,-0.11110945503276412
8116,24.4140625,-0.11111036558396659,1.540807545321927e-10,1.2412926912384231e-5,1.8876473290575802e-5,0.11111036558396659,-0.11110945400672433
8117,9.765625,-0.1111104156287062,3.395805574563419e-11,5.827354094752968e-6,4.669651597758629e-5,0.1111104156287062,-0.11110945695658106
8118,3.90625,-0.11111039888328667,8.56990677454821e-12,2.927440311013738e-6,5.138602984575569e-5,0.11111039888328667,-0.11110945977360161
8119,1.5625,-0.1111103764593632,3.875126264027546e-11,6.225051215875694e-6,5.108074922214179e-5,0.1111103764593632,-0.11110946232323268
8120,0.625,-0.11111035291682611,1.1700713933945675e-10,1.0816983837440858e-5,5.011871657146902e-5,0.11111035291682611,-0.11110946473530425
8121,0.25,-0.11111032912547186,2.4167456965197057e-10,1.5545885939758164e-5,4.937457559298685e-5,0.11111032912547186,-0.11110946709435959
8122,0.1,-0.11111030531335758,4.1231069320665557e-10,2.0305435065682675e-5,4.890308994808716e-5,0.11111030531335758,-0.11110946943661422
8123,0.1,-0.11111028118641968,6.274231082733482e-10,2.5048415284671168e-5,4.8615299844689105e-5,0.11111028118641968,-0.11110947172439592
8124,0.1,-0.11111025670603526,8.855705997961662e-10,2.975853826712875e-5,4.8284222598205324e-5,0.11111025670603526,-0.11110947394952189
8125,0.1,-0.11111023183618096,1.185162262029688e-9,3.4426185702596914e-5,4.7910164731189613e-5,0.11111023183618096,-0.11110947610409799
8126,0.1,-0.11111020654361253,1.5244641807555558e-9,3.904438731438305e-5,4.749350786909342e-5,0.11111020654361253,-0.11110947818054921
8127,0.25,-0.11111017943516972,1.891135935865986e-9,4.3487192779782716e-5,4.7036915569644685e-5,0.11111017943516972,-0.1111094798347596
8128,0.625,-0.11111014748280527,2.252052567330452e-9,4.7455795929796096e-5,4.5904942697462795e-5,0.11111014748280527,-0.11110948029291927
8129,1.5625,-0.11111010367774239,2.5155459770045353e-9,5.015521884115885e-5,4.29524627032698e-5,0.11111010367774239,-0.1111094775846359
8130,3.90625,-0.11111003640625502,2.4572083504344497e-9,4.9570236538011896e-5,3.532406101328791e-5,0.11111003640625502,-0.11110946789407361
8131,9.765625,-0.11110995544137892,1.6972341611016222e-9,4.119750187938126e-5,1.742151606098367e-5,0.11110995544137892,-0.11110945020232586
8132,24.4140625,-0.111110052771711,3.477316755487075e-10,1.864756486913794e-5,2.6298535056851762e-5,0.111110052771711,-0.11110944751837208
8133,9.765625,-0.111110235698448,7.585893874893264e-11,8.709703711891274e-6,6.903124107170342e-5,0.111110235698448,-0.1111094540085973
8134,3.90625,-0.11111035608283858,1.480033991992108e-11,3.847120991068657e-6,7.632822309828429e-5,0.11111035608283858,-0.11110946025811913
8135,1.5625,-0.1111104639186852,7.762450153827666e-11,8.810476805387814e-6,7.599473456965793e-5,0.1111104639186852,-0.11110946591981663
8136,0.625,-0.1111105679810278,2.475497834243071e-10,1.5733714864084296e-5,7.461168645905724e-5,0.1111105679810278,-0.11110947127434379
8137,0.25,-0.11111067087544346,5.208543105391684e-10,2.2822232812307572e-5,7.352616065595004e-5,0.11111067087544346,-0.11110947650948749
8138,0.1,-0.1111107734760095,8.965699347809931e-10,2.9942777673104965e-5,7.283655256949536e-5,0.1111107734760095,-0.1111094817067032
8139,0.1,-0.11111087541413255,1.3714765960901551e-9,3.7033452392264955e-5,7.24165971903469e-5,0.11111087541413255,-0.11110948678457655
8140,0.1,-0.11111097655161656,1.942439094267217e-9,4.407311078500379e-5,7.193140338555711e-5,0.11111097655161656,-0.11110949172475701
8141,0.1,-0.11111107675086791,2.6059864911480587e-9,5.104886375961818e-5,7.13814394139325e-5,0.11111107675086791,-0.11110949650953066
8142,0.1,-0.11111117587523599,3.358326795058354e-9,5.795107242371235e-5,7.076727732183704e-5,0.11111117587523599,-0.11110950112188835
8143,0.25,-0.11111127048228416,4.172429322425389e-9,6.459434435324341e-5,7.009272896832703e-5,0.11111127048228416,-0.11110950480163703
8144,0.625,-0.11111135232584685,4.975566875153386e-9,7.053769825528322e-5,6.841062352963707e-5,0.11111135232584685,-0.11110950583504656
8145,1.5625,-0.1111113998158026,5.566134954812575e-9,7.46065342635119e-5,6.400906622613427e-5,0.1111113998158026,-0.11110949985000847
8146,3.90625,-0.11111136150563092,5.449290911773583e-9,7.381931259347775e-5,5.259576549267512e-5,0.11111136150563092,-0.11110947833935411
8147,9.765625,-0.11111114409035845,3.781536496438976e-9,6.14941988844393e-5,2.538771546077794e-5,0.11111114409035845,-0.11110943882359813
8148,24.4140625,-0.11111071723874436,7.85569539861057e-10,2.8028013484031596e-5,3.785559563706375e-5,0.11111071723874436,-0.11110943223209255
8149,9.765625,-0.11111056426776827,1.7157783023514128e-10,1.3098772088831124e-5,0.00010263692512222402,0.11111056426776827,-0.11110944661976017
8150,3.90625,-0.1111104213946611,2.8542589144259615e-11,5.3425264757659e-6,0.000113814514953418,0.1111104213946611,-0.11110946055870248
8151,1.5625,-0.11111028722665083,1.6225755122711617e-10,1.2738035611000472e-5,0.00011342907566177597,0.11111028722665083,-0.11110947319876492
8152,0.625,-0.1111101564602949,5.350375719578051e-10,2.313087918687496e-5,0.00011140866990737533,0.1111101564602949,-0.11110948515167661
8153,0.25,-0.11111002714124012,1.1384761910025894e-9,3.374131282274875e-5,0.00010980524600118672,0.11111002714124012,-0.11110949683499415
8154,0.1,-0.1111098985713137,1.970373231015268e-9,4.438888634574276e-5,0.00010878206156493694,0.1111098985713137,-0.11110950843138054
8155,0.1,-0.1111097708304803,3.023641791707411e-9,5.498765126560154e-5,0.00010815710232729201,0.1111097708304803,-0.11110951976267609
8156,0.1,-0.11110964400406916,4.291346226507252e-9,6.550836760679701e-5,0.00010743456606378534,0.11110964400406916,-0.111109530787884
8157,0.1,-0.11110951817592818,5.7658050229060564e-9,7.593289815953331e-5,0.00010661516231566373,0.11110951817592818,-0.11110954146742105
8158,0.1,-0.11110939342844817,7.4386232824878224e-9,8.624745377393945e-5,0.00010569974841501093,0.11110939342844817,-0.11110955176327164
8159,0.25,-0.11110927173865495,9.25020330509348e-9,9.617797723540188e-5,0.00010469400912401963,0.11110927173865495,-0.11110955998894344
8160,0.625,-0.11110915802867086,1.1040046269598055e-8,0.00010507162447396565,0.00010218704131704916,0.11110915802867086,-0.11110956233664727
8161,1.5625,-0.11110906591528703,1.236282174688878e-8,0.00011118822665592243,9.562483143521007e-5,0.11110906591528703,-0.11110954907872189
8162,3.90625,-0.1111090326277172,1.212340130615151e-8,0.00011010631819360554,7.858401176807204e-5,0.1111090326277172,-0.1111095012187212
8163,9.765625,-0.11110915720671061,8.444552164825263e-9,9.189424445973351e-5,3.762267169863564e-5,0.11110915720671061,-0.11110941285404646
8164,24.4140625,-0.11110995436237003,1.2983271059100791e-10,1.1394415763478526e-5,5.424492842761621e-5,0.11110995436237003,-0.1111094639852112
8165,9.765625,-0.11111066588122531,1.368998836082978e-10,1.1700422368799247e-5,3.069647580431962e-5,0.11111066588122531,-0.11110946311177164
8166,3.90625,-0.11111092526678315,1.5543054799314912e-10,1.2467178830559427e-5,2.0844882091376652e-5,0.11111092526678315,-0.11110946279348718
8167,1.5625,-0.11111113375733903,1.7893976148883925e-10,1.33768367519694e-5,1.6750924598733233e-5,0.11111113375733903,-0.11110946274686767
8168,0.625,-0.11111132923015576,2.0670430054270627e-10,1.4377214630891002e-5,1.4981681840978682e-5,0.11111132923015576,-0.11110946282489474
8169,1.5625,-0.11111144387970345,2.2451898748478404e-10,1.4983957670948755e-5,1.4166049779865407e-5,0.11111144387970345,-0.11110946262608619
8170,3.90625,-0.11111134413043926,2.0859366069573874e-10,1.4442771918705174e-5,1.224310048549862e-5,0.11111134413043926,-0.1111094618590302
8171,9.765625,-0.1111108245119575,1.282154488942221e-10,1.1323226081564482e-5,9.103082748170308e-6,0.1111108245119575,-0.11110946062840138
8172,24.4140625,-0.1111102113400869,2.211108174417819e-11,4.7022422039042385e-6,1.2721154734506165e-5,0.1111102113400869,-0.11110946080811808
8173,9.765625,-0.11111047786868908,5.693566366173155e-12,2.3861195205129928e-6,2.1473891620572705e-5,0.11111047786868908,-0.1111094613905988
8174,3.90625,-0.11111055582599294,5.344312494564184e-12,2.311776912801965e-6,2.247872676145832e-5,0.11111055582599294,-0.11110946189890859
8175,1.5625,-0.11111061253124711,1.4212283436982371e-11,3.7699182268296446e-6,2.1977017279280315e-5,0.11111061253124711,-0.11110946235531001
8176,0.625,-0.1111106639408052,3.117099773978499e-11,5.583099295175126e-6,2.1420192478504338e-5,0.1111106639408052,-0.11110946278890906
8177,0.25,-0.11111071377585334,5.597341593571104e-11,7.481538340188537e-6,2.1036928831201053e-5,0.11111071377585334,-0.11110946321440843
8178,0.1,-0.11111076313107422,8.853863024636288e-11,9.409496811539015e-6,2.0799050882478303e-5,0.11111076313107422,-0.11110946363729286
8179,0.1,-0.1111108105645262,1.2853360684658906e-10,1.1337266286305048e-5,2.065082370286393e-5,0.1111108105645262,-0.11110946404910567
8180,0.1,-0.11111085587474752,1.7566373082708498e-10,1.3253819480703854e-5,2.0488203563310073e-5,0.11111085587474752,-0.11110946444862953
8181,0.1,-0.11111089886944613,2.2961199873945545e-10,1.5152953465890913e-5,2.0311051179800584e-5,0.11111089886944613,-0.11110946483468674
8182,0.1,-0.11111093936611982,2.9004012317078784e-10,1.7030564382039365e-5,2.011931237054382e-5,0.11111093936611982,-0.11110946520614746
8183,0.25,-0.11111097029160101,3.545125240077983e-10,1.8828502967782603e-5,1.9914456574330043e-5,0.11111097029160101,-0.11110946549934925
8184,0.625,-0.11111097588087801,4.166383492862073e-10,2.041172088007788e-5,1.9433809259296997e-5,0.11111097588087801,-0.11110946557452663
8185,1.5625,-0.1111109175697058,4.5906718670434756e-10,2.1425853231653285e-5,1.8218147191463168e-5,0.1111109175697058,-0.11110946508154665
8186,3.90625,-0.11111071654673663,4.4065669450199185e-10,2.0991824468158834e-5,1.5184636371551335e-5,0.11111071654673663,-0.11110946336594985
8187,9.765625,-0.11111030298264246,2.967104544103604e-10,1.722528532159512e-5,8.965187822189985e-6,0.11111030298264246,-0.11110946034527029
8188,24.4140625,-0.11111007862428793,5.906024658588953e-11,7.685066465938308e-6,1.3581685299205303e-5,0.11111007862428793,-0.11110946008255532
8189,9.765625,-0.11111028579757136,1.4022155043569222e-11,3.744616808642671e-6,2.9810220928936506e-5,0.11111028579757136,-0.11110946125680315
8190,3.90625,-0.11111037721196376,5.704560558005227e-12,2.388422190067164e-6,3.246607766305829e-5,0.11111037721196376,-0.11110946236567398
8191,1.5625,-0.11111045241062967,1.8866517092622658e-11,4.34356041659635e-6,3.2172478976789054e-5,0.11111045241062967,-0.11110946337006118
8192,0.625,-0.11111052312911354,5.064175799783794e-11,7.116302269988111e-6,3.1528635300125075e-5,0.11111052312911354,-0.11110946432184986
8193,0.25,-0.11111059242177487,1.003909565243928e-10,1.0019528757600969e-5,3.104232662147442e-5,0.11111059242177487,-0.1111094652534831
8194,0.1,-0.11111066125554185,1.6793408073735106e-10,1.2958938256560645e-5,3.073403707345418e-5,0.11111066125554185,-0.1111094661785561
8195,0.1,-0.11111072909487096,2.5265475371723926e-10,1.5895117291710662e-5,3.054348224509329e-5,0.11111072909487096,-0.11110946708153993
8196,0.1,-0.1111107957937942,3.539674901870161e-10,1.881402376385807e-5,3.032710170719304e-5,0.1111107957937942,-0.11110946795934237
8197,0.1,-0.11111086121005857,4.712298450538754e-10,2.170782911886574e-5,3.0085016781130316e-5,0.11111086121005857,-0.11110946880898043
8198,0.1,-0.11111092520553063,6.037449524613315e-10,2.4571222038419893e-5,2.981741218398628e-5,0.11111092520553063,-0.11110946962759412
8199,0.25,-0.11111098374669642,7.465711702994072e-10,2.732345458208766e-5,2.9526035915986952e-5,0.11111098374669642,-0.11110947027971624
8200,0.625,-0.11111102744007323,8.865036192721005e-10,2.9774210640621532e-5,2.8816928592607325e-5,0.11111102744007323,-0.1111094704622906
8201,1.5625,-0.11111103248009276,9.871337974170513e-10,3.14186854820034e-5,2.6985315216464828e-5,0.11111103248009276,-0.11110946940664163
8202,3.90625,-0.11111094637825994,9.598964938373329e-10,3.0982196401116124e-5,2.2302119116833013e-5,0.11111094637825994,-0.11110946563835715
8203,9.765625,-0.11111069905684129,6.5742001963436e-10,2.5640203190192545e-5,1.1784640147931728e-5,0.11111069905684129,-0.11110945883097344
8204,24.4140625,-0.11111041837778005,1.3228168740793795e-10,1.1501377630872658e-5,1.7746976273519755e-5,0.11111041837778005,-0.11110945797165275
8205,9.765625,-0.11111042783872392,2.9446720143235014e-11,5.426483220579882e-6,4.338470483252682e-5,0.11111042783872392,-0.11110946051071069
8206,3.90625,-0.11111039780471606,7.923691653296903e-12,2.814905265421361e-6,4.769761385716207e-5,0.11111039780471606,-0.11110946293419502
8207,1.5625,-0.1111103655635834,3.4135189650442533e-11,5.842532811242273e-6,4.740333111306258e-5,0.1111103655635834,-0.11110946512827724
8208,0.625,-0.11111033310956749,1.0165481559124888e-10,1.0082401281006864e-5,4.650789925070646e-5,0.11111033310956749,-0.11110946720460131
8209,0.25,-0.1111103006836738,2.090593470098266e-10,1.4458884708366223e-5,4.581711311340151e-5,0.1111103006836738,-0.11110946923566545
8210,0.1,-0.11111026832090865,3.5597104519640407e-10,1.8867194947750025e-5,4.537998202525602e-5,0.11111026832090865,-0.11110947125246724
8211,0.1,-0.11111023584969648,5.411041427764294e-10,2.3261645315334626e-5,4.5113431068221415e-5,0.11111023584969648,-0.11110947322242588
8212,0.1,-0.11111020326039668,7.632186739548161e-10,2.7626412614648614e-5,4.480679254627503e-5,0.11111020326039668,-0.11110947513850951
8213,0.1,-0.11111017054496065,1.0209458139246856e-9,3.195224270571137e-5,4.446035143541113e-5,0.11111017054496065,-0.11110947699393474
8214,0.1,-0.11111013769703688,1.3127936293466163e-9,3.623249410883297e-5,4.407446305074263e-5,0.11111013769703688,-0.11110947878219209
8215,0.25,-0.11111010416219065,1.628127705927414e-9,4.035006450958182e-5,4.3651586747040385e-5,0.11111010416219065,-0.1111094802070793
8216,0.625,-0.11111006883894488,1.9384067370688306e-9,4.4027340790341067e-5,4.260283699033556e-5,0.11111006883894488,-0.11110948060280768
8217,1.5625,-0.1111100295172381,2.1646594785671214e-9,4.65259011580337e-5,3.986759047995026e-5,0.1111100295172381,-0.1111094782745796
8218,3.90625,-0.11110998468529983,2.1136257285233334e-9,4.5974185457964704e-5,3.2805046726529006e-5,0.11110998468529983,-0.11110946994307114
8219,9.765625,-0.11110995443755858,1.458603027750211e-9,3.819166175685749e-5,1.630041673976847e-5,0.11110995443755858,-0.11110945474814042
8220,24.4140625,-0.111110084934167,2.9813235054549155e-10,1.726650950671535e-5,2.4596539447269657e-5,0.111110084934167,-0.11110945248748208
8221,9.765625,-0.1111102391808042,6.524068474387459e-11,8.077170590242266e-6,6.40501165962633e-5,0.1111102391808042,-0.11110945806790042
8222,3.90625,-0.11111034636941498,1.3328585749590504e-11,3.6508335691442446e-6,7.077639401589779e-5,0.11111034636941498,-0.11110946343655839
8223,1.5625,-0.11111044329329593,6.777864605287472e-11,8.23277875646338e-6,7.045451582244707e-5,0.11111044329329593,-0.11110946830025611
8224,0.625,-0.1111105370670382,2.142034044978531e-10,1.463568940972215e-5,6.916867817706701e-5,0.1111105370670382,-0.1111094729007229
8225,0.25,-0.11111062985828936,4.4941850764580734e-10,2.1199493098793834e-5,6.816186945142958e-5,0.11111062985828936,-0.11110947739917347
8226,0.1,-0.11111072240182673,7.725990886021931e-10,2.7795666723469562e-5,6.752320334204341e-5,0.11111072240182673,-0.11110948186542101
8227,0.1,-0.11111081441447901,1.1809744180963449e-9,3.4365308351538836e-5,6.713487460963311e-5,0.11111081441447901,-0.11110948622922258
8228,0.1,-0.1111109057804604,1.6718499580963224e-9,4.088826186201026e-5,6.66860666253771e-5,0.1111109057804604,-0.11110949047481163
8229,0.1,-0.1111109963841878,2.2422423638701925e-9,4.735232163125893e-5,6.617721775922873e-5,0.1111109963841878,-0.11110949458696752
8230,0.1,-0.11111108611055685,2.888892131099239e-9,5.374841514965105e-5,6.560886276831e-5,0.11111108611055685,-0.1111094985510757
8231,0.25,-0.11111117213414398,3.5885274281508304e-9,5.990431894405303e-5,6.4984522408706e-5,0.11111117213414398,-0.11110950171340976
8232,0.625,-0.11111124764836106,4.27854250210579e-9,6.541056873400345e-5,6.342615625222608e-5,0.11111124764836106,-0.1111095026007109
8233,1.5625,-0.11111129472662568,4.7854181223772775e-9,6.917671662038664e-5,5.934737142351775e-5,0.11111129472662568,-0.11110949745537747
8234,3.90625,-0.11111127008571364,4.683398168551097e-9,6.843535759058395e-5,4.87738388001006e-5,0.11111127008571364,-0.11110947897124772
8235,9.765625,-0.1111110918243862,3.247555096936647e-9,5.698732400224323e-5,2.362572494033383e-5,0.1111110918243862,-0.11110944504760796
8236,24.4140625,-0.11111071238914763,6.731587263772333e-10,2.594530258789119e-5,3.528189820265504e-5,0.11111071238914763,-0.11110943946921954
8237,9.765625,-0.11111055990602253,1.471845307767428e-10,1.2131963187248089e-5,9.515537974761843e-5,0.11111055990602253,-0.11110945182785434
8238,3.90625,-0.1111104227877113,2.536635555113138e-11,5.036502313226053e-6,0.00010546975613462178,0.1111104227877113,-0.11110946379048821
8239,1.5625,-0.1111102945658511,1.4105207801645566e-10,1.1876534764671707e-5,0.00010509653545389787,0.1111102945658511,-0.11110947463727575
8240,0.625,-0.11111016971042575,4.619369122402055e-10,2.1492717655992355e-5,0.00010321877335118104,0.11111016971042575,-0.11110948489497009
8241,0.25,-0.11111004624966704,9.808267775588247e-10,3.131815412119342e-5,0.00010173148143552317,0.11111004624966704,-0.11110949492203165
8242,0.1,-0.11110992348511074,1.6958452335382631e-9,4.118064149012571e-5,0.00010078343062711802,0.11110992348511074,-0.11110950487505275
8243,0.1,-0.11110980151579496,2.6008988788021006e-9,5.0999008606070965e-5,0.000100204975072575,0.11110980151579496,-0.11110951460055277
8244,0.1,-0.11110968042917384,3.69003004567317e-9,6.074561750178502e-5,9.953604903523089e-5,0.11110968042917384,-0.11110952406332414
8245,0.1,-0.11110956031126894,4.956639760374275e-9,7.040340730656632e-5,9.87773153518094e-5,0.11110956031126894,-0.11110953322937657
8246,0.1,-0.11110944124665136,6.393515701734052e-9,7.995946286546735e-5,9.792957382536952e-5,0.11110944124665136,-0.11110954206606594
8247,0.25,-0.11110932527847307,7.949389015127228e-9,8.915934620177084e-5,9.699808113205882e-5,0.11110932527847307,-0.1111095491242083
8248,0.625,-0.1111092174657223,9.486206155620064e-9,9.739715681486839e-5,9.467485313535419e-5,0.1111092174657223,-0.11110955113265984
8249,1.5625,-0.11110913169090954,1.0620970837092488e-8,0.00010305809447633159,8.859271621564215e-5,0.11110913169090954,-0.11110953973671339
8250,3.90625,-0.11110910520815279,1.0412152638444582e-8,0.0001020399560880177,7.280105060239955e-5,0.11110910520815279,-0.11110949863184649
8251,9.765625,-0.11110923311185218,7.247458474261119e-9,8.513200616842715e-5,3.489025492498304e-5,0.11110923311185218,-0.11110942281054038
8252,24.4140625,-0.11110993528597458,1.1265669771576196e-10,1.0613985948537994e-5,5.0461863349920184e-5,0.11110993528597458,-0.11110946679033502
8253,9.765625,-0.11111065946112453,1.185876009277065e-10,1.0889793429064964e-5,2.8695162985359515e-5,0.11111065946112453,-0.11110946604548418
8254,3.90625,-0.11111092569511041,1.34711219728665e-10,1.1606516261508661e-5,1.9589137314264947e-5,0.11111092569511041,-0.1111094657768492
8255,1.5625,-0.11111113967874153,1.551760916560128e-10,1.2456969601633167e-5,1.5811197566677663e-5,0.11111113967874153,-0.11110946574298884
8256,0.625,-0.11111134025812114,1.7936174313486892e-10,1.3392600312667773e-5,1.4181858443709342e-5,0.11111134025812114,-0.11110946581700314
8257,1.5625,-0.11111145855107851,1.9486466201667382e-10,1.3959393325523635e-5,1.3431920659742406e-5,0.11111145855107851,-0.11110946565051903
8258,3.90625,-0.11111135821445903,1.8088157188361804e-10,1.3449221980606091e-5,1.1669325696014363e-5,0.11111135821445903,-0.11110946499115558
8259,9.765625,-0.11111082835005283,1.1092146454404149e-10,1.0531925965560216e-5,8.828424447936661e-6,0.11111082835005283,-0.111109463932825
8260,24.4140625,-0.11111019698198542,1.9461101905844867e-11,4.411473892685399e-6,1.2096475310038441e-5,0.11111019698198542,-0.11110946408647727
8261,9.765625,-0.11111047361889466,5.296492572313464e-12,2.3014109959573635e-6,2.0104450204845344e-5,0.11111047361889466,-0.11110946459193922
8262,3.90625,-0.11111055762342896,5.0684295046030725e-12,2.251317282082442e-6,2.1015490857775454e-5,0.11111055762342896,-0.11110946503415346
8263,1.5625,-0.11111061950386474,1.278402632636532e-11,3.575475678335027e-6,2.0544978866331076e-5,0.11111061950386474,-0.11110946543238485
8264,0.625,-0.1111106758320485,2.7473622077454504e-11,5.241528601224504e-6,2.0028234014991655e-5,0.1111106758320485,-0.11110946581134999
8265,0.25,-0.11111073050063429,4.892559732100862e-11,6.994683503991344e-6,1.967351590065158e-5,0.11111073050063429,-0.11110946618351437
8266,0.1,-0.11111078465969453,7.707072393673503e-11,8.778993332765155e-6,1.9453624348120094e-5,0.11111078465969453,-0.1111094665535042
8267,0.1,-0.11111083683563831,1.116189212617286e-10,1.0564985625249502e-5,1.9316688184098537e-5,0.11111083683563831,-0.1111094669139297
8268,0.1,-0.11111088681853636,1.523144309553967e-10,1.2341573277155418e-5,1.916651460752962e-5,0.11111088681853636,-0.1111094672637425
8269,0.1,-0.11111093440781926,1.9888213552758436e-10,1.4102557765440437e-5,1.9002983049488816e-5,0.11111093440781926,-0.11110946760192915
8270,0.1,-0.11111097941291592,2.510285350928163e-10,1.584388005170502e-5,1.8826052632918263e-5,0.11111097941291592,-0.11110946792751719
8271,0.25,-0.11111101452507309,3.0663522682308716e-10,1.7511003021617213e-5,1.8637092251894683e-5,0.11111101452507309,-0.11110946818546755
8272,0.625,-0.1111110234277562,3.601489295040253e-10,1.8977590192224758e-5,1.8194059827273492e-5,0.1111110234277562,-0.11110946825508693
8273,1.5625,-0.11111096613724732,3.9651528527353103e-10,1.9912691562757935e-5,1.7075112964180157e-5,0.11111096613724732,-0.11110946783436135
8274,3.90625,-0.11111076056078373,3.801543360076666e-10,1.9497546922822538e-5,1.4294095944022633e-5,0.11111076056078373,-0.11110946636030934
8275,9.765625,-0.11111033150058935,2.5559051516165525e-10,1.598719847758372e-5,8.690694691125256e-6,0.11111033150058935,-0.11110946376666207
8276,24.4140625,-0.111110083642543,5.11016813456635e-11,7.1485440017994925e-6,1.2894179853364302e-5,0.111110083642543,-0.1111094635447337
8277,9.765625,-0.11111029077300227,1.2431777040272581e-11,3.525872521840882e-6,2.776240973214019e-5,0.11111029077300227,-0.11110946455708916
8278,3.90625,-0.11111038024763305,5.363714561146978e-12,2.315969464640451e-6,3.020377400697208e-5,0.11111038024763305,-0.11110946551440798
8279,1.5625,-0.11111045334864696,1.6757601357631486e-11,4.093604934239684e-6,2.992705900745123e-5,0.11111045334864696,-0.11110946638269152
8280,0.625,-0.11111052194007168,4.415125717948278e-11,6.644641237830887e-6,2.9329856441854315e-5,0.11111052194007168,-0.11110946720616019
8281,0.25,-0.11111058909643907,8.699635638343815e-11,9.327183732694353e-6,2.8879598448760026e-5,0.11111058909643907,-0.11110946801249431
8282,0.1,-0.11111065578890154,1.4513869969309374e-10,1.2047352393496828e-5,2.8594388447095353e-5,0.11111065578890154,-0.11110946881327778
8283,0.1,-0.11111072147682459,2.180466874503928e-10,1.4766404012161959e-5,2.8418180393539954e-5,0.11111072147682459,-0.11110946959505656
8284,0.1,-0.11111078601398612,3.0521593965984344e-10,1.7470430437165634e-5,2.8218113403261052e-5,0.11111078601398612,-0.11110947035517225
8285,0.1,-0.11111084925800307,4.060930367048012e-10,2.0151750214430537e-5,2.7994305294937087e-5,0.11111084925800307,-0.11110947109106138
8286,0.1,-0.11111091107073556,5.200777138026644e-10,2.2805212426168374e-5,2.7746933154998746e-5,0.11111091107073556,-0.1111094718002654
8287,0.25,-0.11111096739959861,6.429094046488792e-10,2.5355658237341803e-5,2.7477618749041947e-5,0.11111096739959861,-0.11110947236615364
8288,0.625,-0.11111100881497961,7.63205984938802e-10,2.7626182959989277e-5,2.6822331867994343e-5,0.11111100881497961,-0.11110947252793756
8289,1.5625,-0.11111101144654369,8.495947351108193e-10,2.9147808410081526e-5,2.5130630481463354e-5,0.11111101144654369,-0.11110947162438614
8290,3.90625,-0.11111092281681655,8.258135879239255e-10,2.8736972490572585e-5,2.0812316937407074e-5,0.11111092281681655,-0.11110946838827618
8291,9.765625,-0.11111067389037887,5.65207888825531e-10,2.3774101220141447e-5,1.1200607546785692e-5,0.11111067389037887,-0.11110946254363115
8292,24.4140625,-0.11111039953935858,1.1376501181788763e-10,1.066606824551051e-5,1.6686348447150354e-5,0.11111039953935858,-0.1111094618160803
8293,9.765625,-0.1111104179570688,2.5600686578486108e-11,5.0597121043085155e-6,4.029713963653578e-5,0.1111104179570688,-0.11110946400041177
8294,3.90625,-0.11111039448940845,7.269032167335631e-12,2.6961142719357483e-6,4.427174801292852e-5,0.11111039448940845,-0.1111094660855406
8295,1.5625,-0.1111103682000038,2.992582217968419e-11,5.4704499065144714e-6,4.399261806601949e-5,0.1111103682000038,-0.11110946797420171
8296,0.625,-0.11111034149503209,8.805678675787523e-11,9.38385777587636e-6,4.316113410125707e-5,0.11111034149503209,-0.11110946976210084
8297,0.25,-0.11111031474301696,1.804417273556305e-10,1.3432859984218941e-5,4.2520698372218175e-5,0.11111031474301696,-0.11110947151133116
8298,0.1,-0.11111028802222167,3.0675693916624537e-10,1.7514477987260865e-5,4.2115676324969884e-5,0.11111028802222167,-0.11110947324841128
8299,0.1,-0.11111026115097554,4.658954259478337e-10,2.158461085930978e-5,4.186878470579268e-5,0.11111026115097554,-0.1111094749452275
8300,0.1,-0.1111102341139215,6.567905904120781e-10,2.5627925987330268e-5,4.1584809943364215e-5,0.1111102341139215,-0.11110947659574222
8301,0.1,-0.11111020689739932,8.782651116504289e-10,2.9635537984832145e-5,4.126401815414315e-5,0.11111020689739932,-0.11110947819413115
8302,0.1,-0.11111017948955894,1.1290358938621844e-9,3.36011293539694e-5,4.090674125920504e-5,0.11111017948955894,-0.11110947973480619
8303,0.25,-0.11111015119782207,1.399951957356174e-9,3.741593186539891e-5,4.051526064059187e-5,0.11111015119782207,-0.1111094809631148
8304,0.625,-0.11111012058574608,1.6664576697590464e-9,4.0822269287229075e-5,3.9544499795654894e-5,0.11111012058574608,-0.11110948130684184
8305,1.5625,-0.11111008455266473,1.860621514763984e-9,4.3134922218128365e-5,3.7013331963243637e-5,0.11111008455266473,-0.11110947930972316
8306,3.90625,-0.11111003937232765,1.8162558383137906e-9,4.26175531713611e-5,3.0482886089721312e-5,0.11111003937232765,-0.11110947215561545
8307,9.765625,-0.11111000050934769,1.2527012842710846e-9,3.539352037126407e-5,1.5292360365948357e-5,0.11111000050934769,-0.11110945911402283
8308,24.4140625,-0.11111010890591747,2.5581144703387365e-10,1.5994106634441125e-5,2.2982439168107043e-5,0.11111010890591747,-0.1111094571958594
8309,9.765625,-0.1111102532445077,5.6215775660412017e-11,7.497718030201724e-6,5.940919878524192e-5,0.1111102532445077,-0.11110946199064226
8310,3.90625,-0.11111035196336637,1.1942966515806161e-11,3.4558597361302384e-6,6.561711865989291e-5,0.11111035196336637,-0.11110946660175638
8311,1.5625,-0.11111044097440871,5.895210313669075e-11,7.678027294604438e-6,6.531081161159931e-5,0.11111044097440871,-0.11110947077965223
8312,0.625,-0.11111052701771994,1.849040686679266e-10,1.3597943545548592e-5,6.411682696811102e-5,0.11111052701771994,-0.11110947473198682
8313,0.25,-0.1111106121304875,3.870701231162711e-10,1.967409777134065e-5,6.318325912366738e-5,0.1111106121304875,-0.11110947859702072
8314,0.1,-0.11111069700088455,6.647441037939234e-10,2.578263182442637e-5,6.259141311518401e-5,0.11111069700088455,-0.11110948243456731
8315,0.1,-0.11111078135654379,1.015543338468861e-9,3.1867590722689736e-5,6.223170761676483e-5,0.11111078135654379,-0.11110948618413752
8316,0.1,-0.1111108650893226,1.4371523663187309e-9,3.7909792485830505e-5,6.181599981072816e-5,0.1111108650893226,-0.11110948983219841
8317,0.1,-0.11111094809141076,1.9270076671871815e-9,4.3897695465561534e-5,6.134469804454266e-5,0.11111094809141076,-0.11110949336568628
8318,0.1,-0.11111103025559538,2.4823085375331634e-9,4.9822771275122414e-5,6.081830037879054e-5,0.11111103025559538,-0.11110949677205885
8319,0.25,-0.1111111089212847,3.083047418484974e-9,5.552519624895507e-5,6.0240069454582845e-5,0.1111111089212847,-0.1111094994897309
8320,0.625,-0.1111111776917002,3.675407032739542e-9,6.062513532141221e-5,5.8796699900785566e-5,0.1111111776917002,-0.11110950025338653
8321,1.5625,-0.1111112197506345,4.110245628578106e-9,6.41111973728311e-5,5.5019238841306585e-5,0.1111112197506345,-0.11110949583638437
8322,3.90625,-0.11111119464697247,4.021714316744376e-9,6.341698760383038e-5,4.5230552863979646e-5,0.11111119464697247,-0.11110947996798048
8323,9.765625,-0.11111102668653652,2.787365311223781e-9,5.279550464976901e-5,2.2003359766172812e-5,0.11111102668653652,-0.11110945086109172
8324,24.4140625,-0.11111067680405202,5.770158275219015e-10,2.4021153750848468e-5,3.2847217726300706e-5,0.11111067680405202,-0.11110944611990566
8325,9.765625,-0.11111053982854863,1.2630158823967623e-10,1.1238397939193834e-5,8.81958793369443e-5,0.11111053982854863,-0.11110945673103714
8326,3.90625,-0.11111041560409986,2.2322808694555994e-11,4.7247019688606805e-6,9.772276050283448e-5,0.11111041560409986,-0.11110946699643295
8327,1.5625,-0.11111029932073432,1.2210127618139302e-10,1.1049944623453686e-5,9.736645006799836e-5,0.11111029932073432,-0.11110947630385347
8328,0.625,-0.11111018605095846,3.979378576220358e-10,1.9948379824487898e-5,9.562293465660192e-5,0.11111018605095846,-0.11110948510614471
8329,0.25,-0.11111007402431954,8.436682121098741e-10,2.9045967226275564e-5,9.424364104166875e-5,0.11111007402431954,-0.11110949371087432
8330,0.1,-0.1111099626120175,1.457685605004348e-9,3.817964909482993e-5,9.336483020535894e-5,0.1111099626120175,-0.11110950225228024
8331,0.1,-0.11110985190270199,2.2347533034621477e-9,4.727317742083927e-5,9.282875668683853e-5,0.11110985190270199,-0.11110951059835916
8332,0.1,-0.11110974197590452,3.1697543273706933e-9,5.630057128813786e-5,9.220888782522219e-5,0.11110974197590452,-0.11110951871890455
8333,0.1,-0.1111096329100103,4.257021115421867e-9,6.524585132728261e-5,9.15058394357311e-5,0.1111096329100103,-0.1111095265847541
8334,0.1,-0.11110952478223479,5.490359554156999e-9,7.409696049202693e-5,9.072035456524081e-5,0.11110952478223479,-0.11110953416790223
8335,0.25,-0.11110941943979095,6.825718996828687e-9,8.261790966145711e-5,8.985730609428294e-5,0.11110941943979095,-0.11110954022411128
8336,0.625,-0.1111093214630725,8.14449603371412e-9,9.024686162805951e-5,8.77048664754719e-5,0.1111093214630725,-0.11110954194535695
8337,1.5625,-0.1111092434360158,9.117690036083415e-9,9.548659610690609e-5,8.207031444852377e-5,0.1111092434360158,-0.11110953216090279
8338,3.90625,-0.11110921918215412,8.93668235314728e-9,9.45340274882398e-5,6.744387226436321e-5,0.11110921918215412,-0.11110949688273168
8339,9.765625,-0.11110933524644706,6.217671457151994e-9,7.885221276002338e-5,3.237172108807263e-5,0.11110933524644706,-0.11110943184682902
8340,24.4140625,-0.11110998003834575,9.728840819413354e-11,9.86348864216579e-6,4.6892467577189604e-5,0.11110998003834575,-0.11110946964553503
8341,9.765625,-0.11111063474158465,1.0243463869800372e-10,1.0120999886276244e-5,2.6705482425131875e-5,0.11111063474158465,-0.1111094690037542
8342,3.90625,-0.11111087483988613,1.1623673267564119e-10,1.0781314051433675e-5,1.8312489450348253e-5,0.11111087483988613,-0.11110946877669911
8343,1.5625,-0.11111106778749799,1.3375304728347483e-10,1.1565165251023213e-5,1.485431716336165e-5,0.11111106778749799,-0.11110946875289104
8344,0.625,-0.11111124864756523,1.5444896321898213e-10,1.2427749724667863e-5,1.3371036058963783e-5,0.11111124864756523,-0.11110946882230487
8345,1.5625,-0.11111135508446852,1.677011221966324e-10,1.2949946802849515e-5,1.2690439950535094e-5,0.11111135508446852,-0.11110946868502719
8346,3.90625,-0.11111126386623023,1.557118819756522e-10,1.2478456714500083e-5,1.1098768379429634e-5,0.11111126386623023,-0.11110946812387114
8347,9.765625,-0.11111078464373818,9.571140017876782e-11,9.783220337842126e-6,8.565451162224984e-6,0.11111078464373818,-0.11110946721732474
8348,24.4140625,-0.11111021508161345,1.707429497310667e-11,4.1321053923038645e-6,1.150206436737564e-5,0.11111021508161345,-0.11110946734771238
8349,9.765625,-0.11111046416038667,4.948558372412602e-12,2.2245355408292764e-6,1.8805110713773128e-5,0.11111046416038667,-0.11110946778413212
8350,3.90625,-0.11111053921336428,4.767828458747648e-12,2.183535769972099e-6,1.9639031658194376e-5,0.11111053921336428,-0.11110946816862666
8351,1.5625,-0.11111059435734064,1.1407890014249714e-11,3.377556811402247e-6,1.9205606189806776e-5,0.11111059435734064,-0.11110946851629107
8352,0.625,-0.11111064451140656,2.4036988156654836e-11,4.902753120100464e-6,1.8730599915032658e-5,0.11111064451140656,-0.11110946884780191
8353,0.25,-0.1111106931749425,4.247366934023671e-11,6.5171826229005365e-6,1.840483586183934e-5,0.1111106931749425,-0.11110946917363666
8354,0.1,-0.11111074138096295,6.665863842740901e-11,8.164474167232634e-6,1.8203036258685943e-5,0.11111074138096295,-0.11110946949767526
8355,0.1,-0.11111078779931538,9.634301413758713e-11,9.81544772985864e-6,1.8077447232931583e-5,0.11111078779931538,-0.11110946981350191
8356,0.1,-0.11111083224121177,1.3130731853476001e-10,1.1458940550276017e-5,1.7939718227368786e-5,0.11111083224121177,-0.11110947012021538
8357,0.1,-0.11111087452632706,1.7131543465174152e-10,1.308875221905211e-5,1.7789745179379044e-5,0.11111087452632706,-0.11110947041694505
8358,0.1,-0.11111091448337017,2.1611544242231628e-10,1.4700865363042962e-5,1.7627497882794328e-5,0.11111091448337017,-0.11110947070285541
8359,0.25,-0.11111094552870844,2.6388871856176736e-10,1.6244651998789244e-5,1.7454237908997176e-5,0.11111094552870844,-0.1111094709305928
8360,0.625,-0.11111095296954264,3.098670497984809e-10,1.7603040924751636e-5,1.7048017704597025e-5,0.11111095296954264,-0.11110947099636319
8361,1.5625,-0.11111090081481363,3.411205714717672e-10,1.846944967972157e-5,1.6022860976977562e-5,0.11111090081481363,-0.11110947064042515
8362,3.90625,-0.11111071524365967,3.2707089270458563e-10,1.8085101401556633e-5,1.3482596298572327e-5,0.11111071524365967,-0.11110946937842242
8363,9.765625,-0.11111032911204849,2.199791762585431e-10,1.4831694989398316e-5,8.434806890759164e-6,0.11111032911204849,-0.11110946715264362
8364,24.4140625,-0.11111010896572962,4.4213475399642184e-11,6.649321423998255e-6,1.2225929044643319e-5,0.11111010896572962,-0.11110946696233907
8365,9.765625,-0.1111102968057823,1.106238844233202e-11,3.326016903494632e-6,2.5857082736726406e-5,0.1111102968057823,-0.11110946783441002
8366,3.90625,-0.11111037833266094,5.035213917650262e-12,2.243928233622961e-6,2.810278205251857e-5,0.11111037833266094,-0.11110946866103784
8367,1.5625,-0.11111044504932104,1.485961668980829e-11,3.854817335465883e-6,2.7844489868889732e-5,0.11111044504932104,-0.11110946941207286
8368,0.625,-0.1111105076830998,3.842318360858366e-11,6.198643691049168e-6,2.729216396478099e-5,0.1111105076830998,-0.11110947012501263
8369,0.25,-0.11111056901632915,7.525576268682045e-11,8.675007935836166e-6,2.6876222959223788e-5,0.11111056901632915,-0.1111094708234106
8370,0.1,-0.11111062992824872,1.2522521320038927e-10,1.1190407195468326e-5,2.6612903287996866e-5,0.11111062992824872,-0.11110947151711802
8371,0.1,-0.11111068993027705,1.8787440601514207e-10,1.3706728494252087e-5,2.6450288362035885e-5,0.11111068993027705,-0.11110947219449953
8372,0.1,-0.11111074889005172,2.6276987594384025e-10,1.6210178158917326e-5,2.626567061034752e-5,0.11111074889005172,-0.1111094728532724
8373,0.1,-0.1111108066786733,3.494360297147251e-10,1.8693208117247427e-5,2.6059163123397242e-5,0.1111108066786733,-0.11110947349123496
8374,0.1,-0.11111086317107761,4.473570319082138e-10,2.1150816341413724e-5,2.5830934439448584e-5,0.11111086317107761,-0.11110947410627665
8375,0.25,-0.11111091470035919,5.528698139664899e-10,2.3513183833043325e-5,2.5582486304991773e-5,0.11111091470035919,-0.11110947459811987
8376,0.625,-0.11111095273303628,6.561893208800882e-10,2.561619255236984e-5,2.4978006352173054e-5,0.11111095273303628,-0.11110947474262144
8377,1.5625,-0.1111109556630705,7.303466929745764e-10,2.7024927251975656e-5,2.3418175852008667e-5,0.1111109556630705,-0.11110947397154586
8378,3.90625,-0.11111087596544007,7.09793011502961e-10,2.6641940835888083e-5,1.944298911479652e-5,0.11111087596544007,-0.11110947119617823
8379,9.765625,-0.11111065093995443,4.857152205645186e-10,2.203894780983245e-5,1.067462208066465e-5,0.11111065093995443,-0.1111094661806096
8380,24.4140625,-0.11111040141454835,9.792804426212829e-11,9.895859955664707e-6,1.5689107613490613e-5,0.11111040141454835,-0.11110946555987619
8381,9.765625,-0.11111041623018697,2.2334353175622342e-11,4.725923526213934e-6,3.742904628011511e-5,0.11111041623018697,-0.11110946743809227
8382,3.90625,-0.1111103935693806,6.678905011573048e-12,2.58435775611138e-6,4.109541680596955e-5,0.1111103935693806,-0.11110946923235288
8383,1.5625,-0.11111036847681102,2.6205999159283892e-11,5.119179539661008e-6,4.0833526875330745e-5,0.11111036847681102,-0.11110947085871446
8384,0.625,-0.11111034304673775,7.618517463799786e-11,8.728411919587541e-6,4.006303689789212e-5,0.11111034304673775,-0.11110947239896586
8385,0.25,-0.11111031758598115,1.5557041441867644e-10,1.2472786954753795e-5,3.9470195355127826e-5,0.11111031758598115,-0.11110947390621093
8386,0.1,-0.11111029215609673,2.6408450671594347e-10,1.625067711561409e-5,3.909545673458168e-5,0.11111029215609673,-0.11110947540311612
8387,0.1,-0.11111026659414867,4.007760043936818e-10,2.0019390709851333e-5,3.8867109097187995e-5,0.11111026659414867,-0.11110947686544637
8388,0.1,-0.11111024088762238,5.647286607167775e-10,2.3764020297853172e-5,3.860446980571718e-5,0.11111024088762238,-0.11110947828801847
8389,0.1,-0.11111021502554859,7.549311180035703e-10,2.7476009863216498e-5,3.830778846284397e-5,0.11111021502554859,-0.11110947966583243
8390,0.1,-0.11111018899860281,9.702811614548534e-10,3.114933645288216e-5,3.797737604884458e-5,0.11111018899860281,-0.1111094809940911
8391,0.25,-0.1111101622094511,1.2029139174115573e-9,3.468304942492164e-5,3.7615345483229344e-5,0.1111101622094511,-0.11110948205400882
8392,0.625,-0.11111013343118344,1.4317265724699044e-9,3.783816291087484e-5,3.671759012985991e-5,0.11111013343118344,-0.11110948235407672
8393,1.5625,-0.11111010005362407,1.598344546431908e-9,3.997930147503715e-5,3.4377265665018806e-5,0.11111010005362407,-0.11110948064359549
8394,3.90625,-0.11111005919021137,1.5599851969521608e-9,3.94966479204522e-5,2.8344090767385397e-5,0.11111005919021137,-0.11110947450471126
8395,9.765625,-0.11111002581111509,1.0756473544651562e-9,3.27970631987859e-5,1.4379662569834141e-5,0.11111002581111509,-0.11110946331390287
8396,24.4140625,-0.1111101282922868,2.196739529501576e-10,1.4821401855093114e-5,2.1471582532196927e-5,0.1111101282922868,-0.11110946167813501
8397,9.765625,-0.11111026069861625,4.854831137550415e-11,6.967661829875511e-6,5.510305599831622e-5,0.11111026069861625,-0.11110946579676763
8398,3.90625,-0.11111035164834218,1.0708155936345711e-11,3.2723318805319414e-6,6.083769584850593e-5,0.11111035164834218,-0.11110946975784856
8399,1.5625,-0.1111104337136908,5.1198869585703025e-11,7.155338537462992e-6,6.054938863357233e-5,0.1111104337136908,-0.11110947334770202
8400,0.625,-0.11111051305402132,1.594368918226534e-10,1.262683221646084e-5,5.944223156416014e-5,0.11111051305402132,-0.11110947674436722
8401,0.25,-0.11111059153446673,3.330830872528982e-10,1.8250564025610227e-5,5.857734311943925e-5,0.11111059153446673,-0.1111094800663309
8402,0.1,-0.11111066978546912,5.715326226929042e-10,2.390674847596185e-5,5.8029269683805665e-5,0.11111066978546912,-0.11110948336482245
8403,0.1,-0.11111074756092415,8.727384506294976e-10,2.9542147021323578e-5,5.769627785405155e-5,0.11111074756092415,-0.11110948658779518
8404,0.1,-0.11111082476218598,1.234712180973412e-9,3.513847152301039e-5,5.7311445006793114e-5,0.11111082476218598,-0.11110948972363469
8405,0.1,-0.11111090129094142,1.6552524385316468e-9,4.0684793701475825e-5,5.687515172737811e-5,0.11111090129094142,-0.11110949276112948
8406,0.1,-0.11111097704944034,2.131954207904686e-9,4.6173089650841926e-5,5.6387862031506446e-5,0.11111097704944034,-0.11110949568951585
8407,0.25,-0.11111104961314816,2.6476295265498376e-9,5.14551214802748e-5,5.585259782987446e-5,0.11111104961314816,-0.11110949802655781
8408,0.625,-0.11111111315063302,3.156048865646376e-9,5.617872253483854e-5,5.451638434973295e-5,0.11111111315063302,-0.11110949868589698
8409,1.5625,-0.11111115232495572,3.529107936538736e-9,5.940629542850434e-5,5.1019652364788004e-5,0.11111115232495572,-0.11110949489756768
8410,3.90625,-0.11111113019861171,3.4526118674347744e-9,5.875893010798252e-5,4.196195997735862e-5,0.11111113019861171,-0.1111094812799137
8411,9.765625,-0.11111097735504707,2.392247750928782e-9,4.891060979919165e-5,2.05226600523274e-5,0.11111097735504707,-0.11110945630729649
8412,24.4140625,-0.11111065607229745,4.949566054683939e-10,2.224762022033804e-5,3.05711847792155e-5,0.11111065607229745,-0.11110945226243192
8413,9.765625,-0.11111052862588915,1.0856583807781627e-10,1.0419493177588643e-5,8.17442486640416e-5,0.11111052862588915,-0.111109461371744
8414,3.90625,-0.11111041343710522,1.965120127156925e-11,4.4329675468662356e-6,9.055106193857759e-5,0.11111041343710522,-0.11110947018229093
8415,1.5625,-0.11111030564304787,1.0554645997791189e-10,1.0273580679486188e-5,9.021493002699278e-5,0.11111030564304787,-0.11110947817106431
8416,0.625,-0.11111020063860956,3.424970552384709e-10,1.8506675964053376e-5,8.859791068217585e-5,0.11111020063860956,-0.11110948572682021
8417,0.25,-0.1111100967731072,7.252192750524472e-10,2.6929895563340885e-5,8.731970948400553e-5,0.1111100967731072,-0.11110949311334319
8418,0.1,-0.11110999346031207,1.2523370179758622e-9,3.5388374051033515e-5,8.650559600971028e-5,0.11110999346031207,-0.11110950044569959
8419,0.1,-0.11110989078444831,1.919353028316491e-9,4.3810421457873364e-5,8.600911826269469e-5,0.11110989078444831,-0.11110950761042654
8420,0.1,-0.11110978882050414,2.7218745918192516e-9,5.217158797486666e-5,8.543503725645111e-5,0.11110978882050414,-0.11110951458160635
8421,0.1,-0.11110968764249772,3.6550363577432963e-9,6.045689669296048e-5,8.478392516246865e-5,0.11110968764249772,-0.11110952133421702
8422,0.1,-0.11110958732345583,4.713520977781416e-9,6.865508704955093e-5,8.405647228560456e-5,0.11110958732345583,-0.11110952784423025
8423,0.25,-0.11110948959754215,5.859498915540259e-9,7.65473638706145e-5,8.325719218625066e-5,0.11110948959754215,-0.11110953304359546
8424,0.625,-0.11110939876549845,6.99112304545269e-9,8.361293587389867e-5,8.126367206010338e-5,0.11110939876549845,-0.11110953452220869
8425,1.5625,-0.11110932663320369,7.825892658230844e-9,8.846407552351883e-5,7.604532538397663e-5,0.11110932663320369,-0.11110952612611188
8426,3.90625,-0.11110930484044924,7.669571311530733e-9,8.757608869737636e-5,6.250192978919268e-5,0.11110930484044924,-0.11110949585395649
8427,9.765625,-0.11110941372309256,5.334596536641024e-9,7.303832238380769e-5,3.006661615803859e-5,0.11110941372309256,-0.11110944006455907
8428,24.4140625,-0.11111000257355565,8.408440567531113e-11,9.169754940853715e-6,4.355920052079695e-5,0.11111000257355565,-0.11110947253685255
8429,9.765625,-0.11111061636022988,8.84852294971742e-11,9.406658784987058e-6,2.488494144058105e-5,0.11111061636022988,-0.11110947198698
8430,3.90625,-0.11111084172378392,1.003373404738323e-10,1.0016852822809781e-5,1.715906485388223e-5,0.11111084172378392,-0.1111094717963419
8431,1.5625,-0.11111102283783411,1.1537952006086793e-10,1.0741485933560027e-5,1.399501283607793e-5,0.11111102283783411,-0.11110947178144943
8432,0.625,-0.11111119260192434,1.3315229164834903e-10,1.153916338598033e-5,1.2644689036351731e-5,0.11111119260192434,-0.11110947184709159
8433,1.5625,-0.11111129261615052,1.4451933607168834e-10,1.2021619527821048e-5,1.2026973719399109e-5,0.11111129261615052,-0.11110947173476259
8434,3.90625,-0.11111120734128249,1.3417954289145457e-10,1.1583589378575821e-5,1.0589148517124261e-5,0.11111120734128249,-0.11110947125744056
8435,9.765625,-0.11111075816914631,8.258473016702073e-11,9.087614107510329e-6,8.33103376991552e-6,0.11111075816914631,-0.11110947048173979
8436,24.4140625,-0.1111102235309148,1.5052142624887482e-11,3.879709090239561e-6,1.0963408182444601e-5,0.1111102235309148,-0.11110947059131443
8437,9.765625,-0.11111045748865417,4.650667764548248e-12,2.1565406939235456e-6,1.7613113528979917e-5,0.11111045748865417,-0.1111094709686951
8438,3.90625,-0.11111052839849363,4.512950991914059e-12,2.1243707284544426e-6,1.8374305807262753e-5,0.11111052839849363,-0.11110947130358813
8439,1.5625,-0.11111058060192378,1.0232198371012358e-11,3.1987807631990595e-6,1.7974620185650496e-5,0.11111058060192378,-0.11110947160776849
8440,0.625,-0.11111062811157815,2.1094807089666195e-11,4.592908347623126e-6,1.7538072203972196e-5,0.11111062811157815,-0.11110947189846221
8441,0.25,-0.11111067421777816,3.694530654195136e-11,6.078265093096167e-6,1.7239038815049674e-5,0.11111067421777816,-0.11110947218444318
8442,0.1,-0.1111107198924514,5.7732940483552346e-11,7.59821956010435e-6,1.7053930503069373e-5,0.1111107198924514,-0.11110947246894912
8443,0.1,-0.11111076388939038,8.324358934695063e-11,9.123792487060994e-6,1.6938787710693083e-5,0.11111076388939038,-0.11110947274639979
8444,0.1,-0.11111080603120715,1.1328855556236001e-10,1.0643709671085548e-5,1.6812534356542956e-5,0.11111080603120715,-0.11110947301602146
8445,0.1,-0.1111108461484429,1.4766483606463443e-10,1.2151742099988562e-5,1.6675081731212603e-5,0.1111108461484429,-0.11110947327706618
8446,0.1,-0.11111088408010683,1.861558430933447e-10,1.3643893985711876e-5,1.652640972210306e-5,0.11111088408010683,-0.11110947352881624
8447,0.25,-0.1111109136477069,2.271969382442197e-10,1.5073053381588607e-5,1.6367682007478945e-5,0.1111109136477069,-0.11110947373051733
8448,0.625,-0.11111092105928484,2.666863786893634e-10,1.6330535162368787e-5,1.5995652364978835e-5,0.11111092105928484,-0.11110947379289661
8449,1.5625,-0.11111087252138953,2.935037804134645e-10,1.713195203161229e-5,1.5057832360945988e-5,0.11111087252138953,-0.11110947349260218
8450,3.90625,-0.11111069867054817,2.81362104001797e-10,1.6773851793842614e-5,1.2742504983310731e-5,0.11111069867054817,-0.11110947241323545
8451,9.765625,-0.11111033608878919,1.8927530684642425e-10,1.3757736254428788e-5,8.212625103680123e-6,0.11111033608878919,-0.11110947050494004
8452,24.4140625,-0.1111101273143308,3.832087151780828e-11,6.19038540947236e-6,1.161922917652096e-5,0.1111101273143308,-0.11110947034044812
8453,9.765625,-0.11111030252955864,9.887580493396629e-12,3.144452336003303e-6,2.4093895228046433e-5,0.11111030252955864,-0.11110947109171812
8454,3.90625,-0.11111037828593372,4.739662784126996e-12,2.1770766601401513e-6,2.615975806002788e-5,0.11111037828593372,-0.11110947180597364
8455,1.5625,-0.11111044020637,1.3198240882992206e-11,3.6329383263402924e-6,2.5919667538272733e-5,0.11111044020637,-0.1111094724562269
8456,0.625,-0.11111049831390024,3.345085858626368e-11,5.783671721861786e-6,2.5409603293122585e-5,0.11111049831390024,-0.1111094730741621
8457,0.25,-0.11111055520623643,6.50943727980719e-11,8.068108377932954e-6,2.502583738847095e-5,0.11111055520623643,-0.11110947367977822
8458,0.1,-0.11111061170395498,1.0801555772900642e-10,1.0393053340044321e-5,2.478300574463958e-5,0.11111061170395498,-0.11110947428143901
8459,0.1,-0.11111066735080716,1.6182158661665155e-10,1.272091139095983e-5,2.4633099150461495e-5,0.11111066735080716,-0.11110947486908147
8460,0.1,-0.11111072202336174,2.2614012492812307e-10,1.5037956141980302e-5,2.44629200910366e-5,0.11111072202336174,-0.1111094754407467
8461,0.1,-0.11111077560143784,3.005626548892532e-10,1.7336742914666906e-5,2.427257773483878e-5,0.11111077560143784,-0.11110947599454445
8462,0.1,-0.11111082796845978,3.8464609661570965e-10,1.961239650363284e-5,2.406223311844117e-5,0.11111082796845978,-0.111109476528663
8463,0.25,-0.11111087570274134,4.752427348765944e-10,2.180006272643715e-5,2.3833276011090394e-5,0.11111087570274134,-0.11110947695692125
8464,0.625,-0.11111091084283338,5.639447612225475e-10,2.3747521159534685e-5,2.3276264347416378e-5,0.11111091084283338,-0.11110947708675169
8465,1.5625,-0.11111091323531772,6.275811144529684e-10,2.5051569101614542e-5,2.183966824875438e-5,0.11111091323531772,-0.11110947643002729
8466,3.90625,-0.11111083857419399,6.098435899306279e-10,2.4695011438155436e-5,1.8185311250584113e-5,0.11111083857419399,-0.11110947405169003
8467,9.765625,-0.11111062856056887,4.173087957707048e-10,2.0428137354411558e-5,1.0203676246048564e-5,0.11111062856056887,-0.11110946974943946
8468,24.4140625,-0.11111039684993868,8.436771186206431e-11,9.185189810889284e-6,1.4767987113722258e-5,0.11111039684993868,-0.11110946921754108
8469,9.765625,-0.1111104118148592,1.9543542091967576e-11,4.420807855128695e-6,3.4770700376794335e-5,0.1111104118148592,-0.11110947083228084
8470,3.90625,-0.11111039152793369,6.156100377440873e-12,2.4811490034741714e-6,3.815356398481329e-5,0.11111039152793369,-0.11110947237663159
8471,1.5625,-0.11111036889407529,2.2960417291024075e-11,4.791702963563589e-6,3.7909036202663384e-5,0.11111036889407529,-0.11110947377771867
8472,0.625,-0.11111034591803962,6.589851496864865e-11,8.117790029844862e-6,3.719580220674866e-5,0.11111034591803962,-0.11110947510528654
8473,0.25,-0.11111032290185983,1.3407347541437396e-10,1.157901012238844e-5,3.664741598410505e-5,0.11111032290185983,-0.11110947640469758
8474,0.1,-0.1111102999082844,2.272477210255623e-10,1.5074737842681122e-5,3.630088857153971e-5,0.1111102999082844,-0.11110947769531
8475,0.1,-0.11111027678432084,3.446039520907072e-10,1.8563511308227957e-5,3.608977275811025e-5,0.11111027678432084,-0.11110947895624095
8476,0.1,-0.1111102535177045,4.853553899663233e-10,2.203078278151558e-5,3.5846967682628284e-5,0.1111102535177045,-0.11110948018304215
8477,0.1,-0.11111023009763958,6.486335990963102e-10,2.546828614367897e-5,3.557270755043156e-5,0.11111023009763958,-0.11110948137142211
8478,0.1,-0.11111020651489334,8.334921413854813e-10,2.8870263964596535e-5,3.526728386193537e-5,0.11111020651489334,-0.11110948251726488
8479,0.25,-0.11111018219701699,1.033175713643003e-9,3.214305078306978e-5,3.493265388586835e-5,0.11111018219701699,-0.11110948343267688
8480,0.625,-0.11111015596282625,1.2295598284295944e-9,3.506507990051633e-5,3.410291977206604e-5,0.11111015596282625,-0.11110948369563631
8481,1.5625,-0.11111012527955205,1.37251179417501e-9,3.70474262827394e-5,3.194051262559691e-5,0.11111012527955205,-0.11110948223236834
8482,3.90625,-0.11111008720436857,1.339424334600255e-9,3.659814660061702e-5,2.6371121731536467e-5,0.11111008720436857,-0.11110947696746831
8483,9.765625,-0.11111005512566864,9.234320403613927e-10,3.038802462091593e-5,1.3550628277572982e-5,0.11111005512566864,-0.11110946736745471
8484,24.4140625,-0.11111014784876634,1.8872322695832163e-10,1.3737657258729439e-5,2.0069289500865687e-5,0.11111014784876634,-0.11110946596893344
8485,9.765625,-0.11111026992996083,4.199530084517794e-11,6.480378140600897e-6,5.111002528341523e-5,0.11111026992996083,-0.11110946950608626
8486,3.90625,-0.11111035360638294,9.622690290755346e-12,3.1020461458133317e-6,5.640892253874565e-5,0.11111035360638294,-0.11110947290899058
8487,1.5625,-0.11111042907579906,4.4455364933585605e-11,6.6674856530468516e-6,5.613891289183526e-5,0.11111042907579906,-0.11110947599406937
8488,0.625,-0.11111050202593768,1.3741576680279874e-10,1.1722447133717376e-5,5.51130158235572e-5,0.11111050202593768,-0.11110947891376552
8489,0.25,-0.11111057417700983,2.864983587578714e-10,1.6926262397761397e-5,5.431213102150317e-5,0.11111057417700983,-0.11110948176955361
8490,0.1,-0.11111064611008616,4.911847896506499e-10,2.2162689134007406e-5,5.380476120732904e-5,0.11111064611008616,-0.11110948460529314
8491,0.1,-0.11111071759806966,7.497171739473836e-10,2.7380963714730416e-5,5.349655997378653e-5,0.11111071759806966,-0.11110948737622027
8492,0.1,-0.11111078855032093,1.0603885497835269e-9,3.256360775134609e-5,5.3140388794790744e-5,0.11111078855032093,-0.11110949007237034
8493,0.1,-0.11111085887655416,1.4213091554561463e-9,3.770025405028653e-5,5.2736602330219946e-5,0.11111085887655416,-0.1111094926841238
8494,0.1,-0.11111092848705113,1.8304144543380667e-9,4.278334318795186e-5,5.228563285992092e-5,0.11111092848705113,-0.11110949520224594
8495,0.25,-0.11111099514940077,2.2729460707728073e-9,4.767542418031335e-5,5.1790279673066184e-5,0.11111099514940077,-0.11110949721277243
8496,0.625,-0.11111105349640743,2.70921149381247e-9,5.205008639582138e-5,5.055370733949279e-5,0.11111105349640743,-0.11110949778327202
8497,1.5625,-0.11111108941605388,3.0292270683560723e-9,5.503841447894436e-5,4.731811778533226e-5,0.11111108941605388,-0.11110949453645677
8498,3.90625,-0.11111106893342235,2.9632716022507216e-9,5.4435940354243186e-5,3.894054577545493e-5,0.11111106893342235,-0.11110948285451415
8499,9.765625,-0.11111092824286611,2.052818180242345e-9,4.530803659663862e-5,1.9165575098817056e-5,0.11111092824286611,-0.11110946143285226
8500,24.4140625,-0.11111063282921081,4.2468187959314954e-10,2.060781113056769e-5,2.84550006579828e-5,0.11111063282921081,-0.11110945797596285
8501,9.765625,-0.11111051559537331,9.340632769364812e-11,9.664694909496529e-6,7.57622934298669e-5,0.11111051559537331,-0.11110946579471362
8502,3.90625,-0.11111040960353827,1.7315741390851468e-11,4.161218738645142e-6,8.390578016177756e-5,0.11111040960353827,-0.1111094733566745
8503,1.5625,-0.11111031040547556,9.1182206387452e-11,9.548937448085625e-6,8.35903476383464e-5,0.11111031040547556,-0.11110948021409191
8504,0.625,-0.11111021376282199,2.946339730273668e-10,1.7164905272892327e-5,8.209147803747608e-5,0.11111021376282199,-0.11110948670040142
8505,0.25,-0.11111011815529795,6.23141363847035e-10,2.496279959954482e-5,8.090735806307235e-5,0.11111011815529795,-0.11110949304174955
8506,0.1,-0.11111002304262495,1.0755252187850139e-9,3.279520115481858e-5,8.015334945995434e-5,0.11111002304262495,-0.11110949933674753
8507,0.1,-0.11110992850365276,1.647924722887923e-9,4.059463909049966e-5,7.969360044781203e-5,0.11110992850365276,-0.11110950548790956
8508,0.1,-0.11110983460819046,2.336569851442253e-9,4.8338078690016766e-5,7.916200030834454e-5,0.11110983460819046,-0.11110951147300084
8509,0.1,-0.11110974142525021,3.1372849774945845e-9,5.601147183831706e-5,7.855908055127114e-5,0.11110974142525021,-0.11110951727055636
8510,0.1,-0.11110964902301669,4.045506591337443e-9,6.360429695655351e-5,7.788548238373263e-5,0.11110964902301669,-0.11110952285996294
8511,0.25,-0.11110955900994851,5.028760373885399e-9,7.09137530658574e-5,7.714538692682249e-5,0.11110955900994851,-0.1111095273246361
8512,0.625,-0.11110947537658873,5.999621064266705e-9,7.745722086588639e-5,7.529947039508935e-5,0.11110947537658873,-0.11110952859646654
8513,1.5625,-0.11110940907484555,6.715602766318993e-9,8.194878135957235e-5,7.04677823440533e-5,0.11110940907484555,-0.11110952139513601
8514,3.90625,-0.1111093894152132,6.58086268551646e-9,8.112251651370573e-5,5.7930576096972084e-5,0.1111093894152132,-0.11110949542502864
8515,9.765625,-0.11110949051190318,4.57645629463125e-9,6.764951067547533e-5,2.7945124078166694e-5,0.11110949051190318,-0.11110944757281818
8516,24.4140625,-0.11111002957965396,7.266670117754803e-11,8.524476592586083e-6,4.045787887928508e-5,0.11111002957965396,-0.11110947546225447
8517,9.765625,-0.11111059841266772,7.643650596716394e-11,8.742797376535953e-6,2.3189481437864636e-5,0.11111059841266772,-0.11110947499115655
8518,3.90625,-0.1111108072400134,8.659153392227179e-11,9.305457211887645e-6,1.608833696505237e-5,0.1111108072400134,-0.11110947483180293
8519,1.5625,-0.11111097505643071,9.947997846323952e-11,9.973965032184518e-6,1.320114781128371e-5,0.11111097505643071,-0.11110947482450591
8520,0.625,-0.11111113235279003,1.1470681920652451e-10,1.0710126946330959e-5,1.1976134630009186e-5,0.11111113235279003,-0.11110947488679572
8521,1.5625,-0.11111122500380914,1.2443226377641038e-10,1.1154921056484908e-5,1.1417661616481966e-5,0.11111122500380914,-0.11110947479603321
8522,3.90625,-0.11111114592496797,1.155352852957269e-10,1.0748734125269213e-5,1.0124358309565107e-5,0.11111114592496797,-0.11110947439130003
8523,9.765625,-0.1111107295750116,7.125209339056682e-11,8.441095508911555e-6,8.120717834031034e-6,0.1111107295750116,-0.11110947372855061
8524,24.4140625,-0.11111023398432068,1.3305227697485237e-11,3.647633163776922e-6,1.0473511859038337e-5,0.11111023398432068,-0.11110947382001832
8525,9.765625,-0.11111045078534065,4.391489789898933e-12,2.0955881727808384e-6,1.6514676425196385e-5,0.11111045078534065,-0.11110947414641989
8526,3.90625,-0.11111051654820085,4.284044785552435e-12,2.0697934161535145e-6,1.7209266469209427e-5,0.11111051654820085,-0.11110947443859906
8527,1.5625,-0.11111056497446213,9.202412403717196e-12,3.0335478245310715e-6,1.6841943476795808e-5,0.11111056497446213,-0.1111094747053497
8528,0.625,-0.11111060904955626,1.8534750653722992e-11,4.305200419692792e-6,1.644174104587477e-5,0.11111060904955626,-0.11110947496090842
8529,0.25,-0.1111106518231544,3.2147858581140875e-11,5.669908163378034e-6,1.6167880017667854e-5,0.1111106518231544,-0.11110947521258026
8530,0.1,-0.11111069419620345,4.9998278098098525e-11,7.070946053966083e-6,1.599846252898162e-5,0.11111069419620345,-0.11110947546305101
8531,0.1,-0.11111073501465764,7.190212757921686e-11,8.47951222531207e-6,1.5893128630093537e-5,0.11111073501465764,-0.11110947570746592
8532,0.1,-0.11111077411415228,9.769740777753702e-11,9.884199905785851e-6,1.5777649254140503e-5,0.11111077411415228,-0.11110947594516049
8533,0.1,-0.11111081133766988,1.272098346893163e-10,1.1278733736076772e-5,1.5651949767870053e-5,0.11111081133766988,-0.11110947617549274
8534,0.1,-0.11111084653603992,1.6025345883269254e-10,1.2659125516112578e-5,1.5516019146101624e-5,0.11111084653603992,-0.11110947639784724
8535,0.25,-0.11111087398564404,1.9548445352279835e-10,1.398157550216707e-5,1.5370928708463174e-5,0.11111087398564404,-0.11110947657717052
8536,0.625,-0.11111088090943812,2.2938006658690805e-10,1.5145298497781681e-5,1.503098051041131e-5,0.11111088090943812,-0.11110947663672964
8537,1.5625,-0.11111083599963087,2.5238998883836406e-10,1.5886786611469422e-5,1.4175048273533109e-5,0.11111083599963087,-0.11110947638456065
8538,3.90625,-0.1111106749887346,2.419404396104177e-10,1.555443472487566e-5,1.2070045879293038e-5,0.1111106749887346,-0.11110947546272625
8539,9.765625,-0.11111033907781394,1.6284590555182366e-10,1.2761109103515402e-5,8.015554437967722e-6,0.11111033907781394,-0.11110947382752451
8540,24.4140625,-0.1111101453994395,3.3261515481632955e-11,5.767279729788816e-6,1.1063786352726255e-5,0.1111101453994395,-0.11110947368436072
8541,9.765625,-0.11111030755402848,8.879488458116159e-12,2.9798470528059254e-6,2.246504662902844e-5,0.11111030755402848,-0.11110947433164708
8542,3.90625,-0.11111037763444064,4.4780327225421415e-12,2.1161362722051105e-6,2.4364729481379158e-5,0.11111037763444064,-0.11110947494930458
8543,1.5625,-0.11111043491118168,1.1752126672152927e-11,3.4281374931809442e-6,2.4142264642326814e-5,0.11111043491118168,-0.11110947551294721
8544,0.625,-0.11111048865900372,2.9147071867601614e-11,5.398802817996006e-6,2.3671872332470223e-5,0.11111048865900372,-0.11110947604923656
8545,0.25,-0.11111054128140037,5.6317197673635066e-11,7.504478507773546e-6,2.331821030012605e-5,0.11111054128140037,-0.11110947657511305
8546,0.1,-0.11111059353754209,9.316546552844794e-11,9.652225936458799e-6,2.3094515749020598e-5,0.11111059353754209,-0.11110947709766184
8547,0.1,-0.11111064500556729,1.393545396392807e-10,1.1804852376852525e-5,2.2956462436554735e-5,0.11111064500556729,-0.11110947760817885
8548,0.1,-0.11111069557135107,1.9456477401721683e-10,1.3948647748696533e-5,2.279975189962979e-5,0.11111069557135107,-0.1111094781049829
8549,0.1,-0.11111074512378694,2.584454621619762e-10,1.6076239055263398e-5,2.2624489739451743e-5,0.11111074512378694,-0.11110947858645237
8550,0.1,-0.11111079355510656,3.306162292682749e-10,1.8182855366203485e-5,2.2430830089224642e-5,0.11111079355510656,-0.11110947905103169
8551,0.25,-0.11111083770106175,4.0837407407148166e-10,2.020826746832795e-5,2.2220058582031886e-5,0.11111083770106175,-0.11110947942468137
8552,0.625,-0.11111087019949596,4.844993857746724e-10,2.201134675058917e-5,2.170736908556164e-5,0.11111087019949596,-0.11110947954202005
8553,1.5625,-0.1111108724149594,5.390965967448804e-10,2.321845379746206e-5,2.038587676294768e-5,0.1111108724149594,-0.11110947898386832
8554,3.90625,-0.11111080338295276,5.238219902992454e-10,2.2887157759303477e-5,1.7031227857197906e-5,0.11111080338295276,-0.11110947694728422
8555,9.765625,-0.11111060922464114,3.5849105761458744e-10,1.8933860082259705e-5,9.781356106840278e-6,0.11111060922464114,-0.11110947325820794
8556,24.4140625,-0.11111039513838443,7.273952081061992e-11,8.528746731532125e-6,1.3920879570657904e-5,0.11111039513838443,-0.1111094728010878
8557,9.765625,-0.1111104090319264,1.7152670327718732e-11,4.1415782411683025e-6,3.230981796411894e-5,0.1111104090319264,-0.11110947418926029
8558,3.90625,-0.1111103903023345,5.6966267922874705e-12,2.3867607320985214e-6,3.543089111462113e-5,0.1111103903023345,-0.11110947551895117
8559,1.5625,-0.11111036939583861,2.014400150002068e-11,4.488206935962365e-6,3.5203322272246454e-5,0.11111036939583861,-0.11110947672658958
8560,0.625,-0.11111034816942071,5.70141521273858e-11,7.5507716246345185e-6,3.45436862920068e-5,0.11111034816942071,-0.11110947787152632
8561,0.25,-0.11111032690309086,1.1553803372016654e-10,1.0748861973258683e-5,3.4036801925964555e-5,0.11111032690309086,-0.11110947899246838
8562,0.1,-0.11111030565502704,1.955120331392769e-10,1.3982561751670433e-5,3.371658827018609e-5,0.11111030565502704,-0.11110948010593133
8563,0.1,-0.11111028428354568,2.962344516562544e-10,1.7211462798270645e-5,3.3521540495722126e-5,0.11111028428354568,-0.11110948119392262
8564,0.1,-0.11111026277738278,4.1702996741308034e-10,2.042131159874606e-5,3.32972254276029e-5,0.11111026277738278,-0.11110948225262517
8565,0.1,-0.11111024112665137,5.571531741232118e-10,2.3604092317291333e-5,3.304386307450275e-5,0.11111024112665137,-0.11110948327835769
8566,0.1,-0.1111102193229242,7.157917188285054e-10,2.6754284121024534e-5,3.276172695993541e-5,0.1111102193229242,-0.11110948426758745
8567,0.25,-0.11111019683688926,8.8714600288429e-10,2.978499627134927e-5,3.245262946688734e-5,0.11111019683688926,-0.11110948505899604
8568,0.625,-0.11111017257706628,1.0556563623444542e-9,3.2490865829405875e-5,3.168626213575954e-5,0.11111017257706628,-0.11110948529032076
8569,1.5625,-0.11111014420377804,1.1782863654216807e-9,3.432617609670032e-5,2.968958957152066e-5,0.11111014420377804,-0.11110948403990091
8570,3.90625,-0.11111010899807479,1.1497932136695656e-9,3.390860088044869e-5,2.4552349449919242e-5,0.11111010899807479,-0.11110947952655241
8571,9.765625,-0.11111007930727275,7.926586705981921e-10,2.8154194547139722e-5,1.2798261654052615e-5,0.11111007930727275,-0.1111094712930323
8572,24.4140625,-0.1111101647315026,1.6219743640894353e-10,1.2735675734288445e-5,1.8773302844534817e-5,0.1111101647315026,-0.11110947009524022
8573,9.765625,-0.11111027735771897,3.6387346349330873e-11,6.032192499359654e-6,4.741055978659987e-5,0.11111027735771897,-0.11110947313270685
8574,3.90625,-0.11111035456916549,8.676646930955093e-12,2.9456148646683415e-6,5.23072307400405e-5,0.11111035456916549,-0.11110947605643616
8575,1.5625,-0.11111042420802945,3.8617527466012185e-11,6.214300239448701e-6,5.205521236191741e-5,0.11111042420802945,-0.11110947870828865
8576,0.625,-0.11111049151864914,1.1842466445651322e-10,1.0882309702288077e-5,5.110518270000793e-5,0.11111049151864914,-0.11110948121863831
8577,0.25,-0.11111055808699462,2.463785123229912e-10,1.5696449035466308e-5,5.036390074381433e-5,0.11111055808699462,-0.11110948367433668
8578,0.1,-0.11111062444869672,4.2203479210901084e-10,2.0543485393404178e-5,4.989439803159533e-5,0.11111062444869672,-0.11110948611291614
8579,0.1,-0.11111069039543874,6.438845155761238e-10,2.5374879616977964e-5,4.960924541513197e-5,0.11111069039543874,-0.11110948849588553
8580,0.1,-0.1111107558439608,9.104627566621472e-10,3.0173875400122986e-5,4.927971854580313e-5,0.1111107558439608,-0.1111094908146954
8581,0.1,-0.11111082071136529,1.2201477328828433e-9,3.4930613119194506e-5,4.8906148127563664e-5,0.11111082071136529,-0.11110949306109415
8582,0.1,-0.11111088491530863,1.5711676940903927e-9,3.9637957743687966e-5,4.848893709394157e-5,0.11111088491530863,-0.11110949522715909
8583,0.25,-0.11111094640355214,1.950854806303006e-9,4.416848204662467e-5,4.8030678113763525e-5,0.11111094640355214,-0.11110949695761037
8584,0.625,-0.11111100024251575,2.325140481395242e-9,4.82197105071696e-5,4.688672253524447e-5,0.11111100024251575,-0.11110949745229518
8585,1.5625,-0.11111103346032376,2.599628256755999e-9,5.098654976320715e-5,4.389387700466987e-5,0.11111103346032376,-0.1111094946713083
8586,3.90625,-0.11111101482021635,2.542841496384622e-9,5.0426595129798545e-5,3.6148618045295694e-5,0.11111101482021635,-0.11110948465273604
8587,9.765625,-0.11111088559250794,1.7613668732511465e-9,4.196864154641113e-5,1.7922471335914402e-5,0.11111088559250794,-0.11110946627973348
8588,24.4140625,-0.11111061352158777,3.6446733014800637e-10,1.9091027477535262e-5,2.6493474846470265e-5,0.11111061352158777,-0.11110946332180151
8589,9.765625,-0.11111050503848416,8.043628199132558e-11,8.968627653734187e-6,7.021889918593098e-5,0.11111050503848416,-0.11110947003210307
8590,3.90625,-0.11111040704894562,1.52895591780486e-11,3.910186591206179e-6,7.77500913248104e-5,0.11111040704894562,-0.11110947652262944
8591,1.5625,-0.11111031534180897,7.876772075490156e-11,8.8751180699133e-6,7.74551332744044e-5,0.11111031534180897,-0.11110948240942242
8592,0.625,-0.11111022598905379,2.5340072232484144e-10,1.5918565335005584e-5,7.606639278430276e-5,0.11111022598905379,-0.11110948797825798
8593,0.25,-0.1111101375821902,5.353051800362968e-10,2.313666311368813e-5,7.496976848799387e-5,0.1111101375821902,-0.11110949342294574
8594,0.1,-0.11111004962047044,9.234705880536982e-10,3.0388658872245385e-5,7.427161032574279e-5,0.11111004962047044,-0.11110949882797533
8595,0.1,-0.11110996217784865,1.4145834982478666e-9,3.761094918036324e-5,7.384597359846897e-5,0.11110996217784865,-0.11110950410960672
8596,0.1,-0.11110987531962052,2.0054090490123605e-9,4.4781793722587313e-5,7.335382299618424e-5,0.11110987531962052,-0.11110950924876743
8597,0.1,-0.11110978911042259,2.692364363307771e-9,5.188799825882447e-5,7.279565237825231e-5,0.11110978911042259,-0.11110951422704489
8598,0.1,-0.1111097036141988,3.471533757348961e-9,5.891972299110851e-5,7.217205747022658e-5,0.1111097036141988,-0.11110951902675746
8599,0.25,-0.1111096203298007,4.315047521417086e-9,6.568902131571977e-5,7.148691088994955e-5,0.1111096203298007,-0.11110952286144009
8600,0.625,-0.11110954297706392,5.147879258958996e-9,7.174872304758459e-5,6.977803527694018e-5,0.11110954297706392,-0.11110952395672084
8601,1.5625,-0.11110948176138506,5.7619405758028725e-9,7.59074474330607e-5,6.530533022113275e-5,0.11110948176138506,-0.1111095177825142
8602,3.90625,-0.11110946395033218,5.6459487956566086e-9,7.513952884904595e-5,5.370232079349496e-5,0.11110946395033218,-0.11110949550725818
8603,9.765625,-0.11110955816755927,3.925762231216963e-9,6.265590340276774e-5,2.5992536589006895e-5,0.11110955816755927,-0.11110945446668678
8604,24.4140625,-0.11110990757897149,8.209024459883253e-10,2.865139518397534e-5,3.82552085345079e-5,0.11110990757897149,-0.11110944736777899
8605,9.765625,-0.11111012894114417,1.8008828888845654e-10,1.3419697794229814e-5,0.00010451126166773696,0.11111012894114417,-0.11110946228587557
8606,3.90625,-0.1111103045142295,2.8674574721881907e-11,5.354864584831432e-6,0.00011600765868594448,0.1111103045142295,-0.11110947678036906
8607,1.5625,-0.11111046654489017,1.6489412551804265e-10,1.2841110758732777e-5,0.00011566100950606667,0.11111046654489017,-0.11110948993294552
8608,0.625,-0.11111062426962538,5.495127585829016e-10,2.344168847551092e-5,0.00011362166039869182,0.11111062426962538,-0.11110950237171673
8609,0.25,-0.11111078072767588,1.1737669008162697e-9,3.4260281680340423e-5,0.00011199581809760625,0.11111078072767588,-0.11110951452935322
8610,0.1,-0.11111093698190788,2.0353662638022313e-9,4.511503367838964e-5,0.00011095642675840489,0.11111093698190788,-0.11110952659580975
8611,0.1,-0.11111109271895965,3.1270012136226535e-9,5.591959597156129e-5,0.0001103207953533087,0.11111109271895965,-0.11110953838732746
8612,0.1,-0.11111124776630144,4.441501028165953e-9,6.6644587388369e-5,0.00010958574524373643,0.11111124776630144,-0.11110954986129157
8613,0.1,-0.11111140194956763,5.970919691510229e-9,7.727172633965304e-5,0.00010875198881480063,0.11111140194956763,-0.1111095609765489
8614,0.1,-0.1111115550929727,7.706569411412289e-9,8.77870685887864e-5,0.00010782038943829549,0.1111115550929727,-0.11110957169356814
8615,0.25,-0.11111170329157696,9.586823528298453e-9,9.791232572203794e-5,0.00010679670969209895,0.11111170329157696,-0.11110958026400308
8616,0.625,-0.11111183695910143,1.1445629671581454e-8,0.00010698424964255931,0.00010424544239661183,0.11111183695910143,-0.11110958273797697
8617,1.5625,-0.11111193041561032,1.2822051134760322e-8,0.00011323449622248656,9.756684613379184e-5,0.11111193041561032,-0.11110956901954291
8618,3.90625,-0.11111191959221993,1.2581773057318855e-8,0.00011216850296459722,8.021905366109456e-5,0.11111191959221993,-0.11110951936604593
8619,9.765625,-0.111111671869269,8.776498756589266e-9,9.368296940527273e-5,3.846831225086296e-5,0.111111671869269,-0.11110942749761628
8620,24.4140625,-0.11111123042010333,1.3588310831602286e-10,1.165689102273942e-5,5.495721844469263e-5,0.11111123042010333,-0.11110948033765304
8621,9.765625,-0.1111098843110584,1.4121054681576298e-10,1.1883204400150784e-5,3.202538926362733e-5,0.1111098843110584,-0.11110947953913225
8622,3.90625,-0.11110937499361198,1.6276798220263835e-10,1.2758055580794369e-5,2.1930711129362575e-5,0.11110937499361198,-0.11110947922638582
8623,1.5625,-0.11110896534168745,1.9001167785824885e-10,1.378447234602213e-5,1.755914832808485e-5,0.11110896534168745,-0.11110947918370023
8624,0.625,-0.11110858156456939,2.2227956254357603e-10,1.4909042978795655e-5,1.5624967807793035e-5,0.11110858156456939,-0.1111094792687454
8625,1.5625,-0.11110835067117256,2.4293435120581116e-10,1.5586351439827448e-5,1.4727426087266095e-5,0.11110835067117256,-0.11110947904910537
8626,3.90625,-0.11110852839628842,2.2356608971656386e-10,1.495212659512231e-5,1.25796477196139e-5,0.11110852839628842,-0.11110947821526262
8627,9.765625,-0.11110951916823933,1.3266688046087373e-10,1.1518110976235372e-5,9.088498931660044e-6,0.11110951916823933,-0.11110947693438107
8628,24.4140625,-0.11111075122360699,2.3817604653952883e-11,4.880328334646439e-6,1.289470521081101e-5,0.11111075122360699,-0.1111094771070894
8629,9.765625,-0.11111021776427996,5.7153543510804295e-12,2.390680729641754e-6,2.19766795064986e-5,0.11111021776427996,-0.11110947772913321
8630,3.90625,-0.11111003661680274,5.671834503578095e-12,2.3815613583483618e-6,2.2958368327399704e-5,0.11111003661680274,-0.11110947825812476
8631,1.5625,-0.1111098988187326,1.533703496092164e-11,3.916252668166552e-6,2.2406683811917465e-5,0.1111098988187326,-0.11110947873090209
8632,0.625,-0.11110977216966754,3.3529161572300694e-11,5.790437079556318e-6,2.1819002502818173e-5,0.11110977216966754,-0.11110947917962359
8633,0.25,-0.1111096489219397,6.000070149598414e-11,7.746011973653548e-6,2.1419532305027923e-5,0.1111096489219397,-0.11110947962001047
8634,0.1,-0.11110952675376361,9.467365031022754e-11,9.730038556461507e-6,2.117373987994832e-5,0.11110952675376361,-0.11110948005783958
8635,0.1,-0.11110940835141668,1.3717322671145054e-10,1.1712097451415375e-5,2.1021890091376507e-5,0.11110940835141668,-0.11110948048403943
8636,0.1,-0.1111092941260337,1.8717571414791973e-10,1.368121756818156e-5,2.0854939715018853e-5,0.1111092941260337,-0.11110948089731962
8637,0.1,-0.11110918447161822,2.443329934291576e-10,1.5631154577610623e-5,2.067278828152141e-5,0.11110918447161822,-0.11110948129643716
8638,0.1,-0.11110907976384012,3.082739938922954e-10,1.7557733164970227e-5,2.0475423013069942e-5,0.11110907976384012,-0.11110948168020238
8639,0.25,-0.11110899389494425,3.7626512945885183e-10,1.9397554728853114e-5,2.0264389896944217e-5,0.11110899389494425,-0.11110948198109939
8640,0.625,-0.11110895805725271,4.411837834700201e-10,2.1004375341105006e-5,1.9766854979161152e-5,0.11110895805725271,-0.1111094820515777
8641,1.5625,-0.11110904914774179,4.839364555779535e-10,2.199855576118472e-5,1.8509261901018117e-5,0.11110904914774179,-0.11110948152498433
8642,3.90625,-0.1111094275001179,4.6057330426796613e-10,2.1460971652466393e-5,1.5393096831099833e-5,0.1111094275001179,-0.11110947973003354
8643,9.765625,-0.11111025563326582,3.0698095705578445e-10,1.7520872040391837e-5,9.15952667148473e-6,0.11111025563326582,-0.11110947661805184
8644,24.4140625,-0.11111082974862059,6.172494930077925e-11,7.856522723239541e-6,1.3910294130972678e-5,0.11111082974862059,-0.11110947633972909
8645,9.765625,-0.11111047585637716,1.4262937738002193e-11,3.776630474113425e-6,3.029704782236358e-5,0.11111047585637716,-0.11110947755951879
8646,3.90625,-0.11111033340515153,5.486391048974831e-12,2.342304644783601e-6,3.303176229474001e-5,0.11111033340515153,-0.11110947870983683
8647,1.5625,-0.11111021979901206,1.9046054490848256e-11,4.3641785585432065e-6,3.2739719050577706e-5,0.11111021979901206,-0.11110947975089674
8648,0.625,-0.11111011410235735,5.19421003246064e-11,7.207086812617592e-6,3.2085498518079426e-5,0.11111011410235735,-0.11110948073694499
8649,0.25,-0.11111001095576285,1.0350748906555996e-10,1.0173863035521953e-5,3.1590410336838524e-5,0.11111001095576285,-0.11110948170187505
8650,0.1,-0.11110990867808919,1.735552192034345e-10,1.3174035797865228e-5,3.127638967540566e-5,0.11110990867808919,-0.1111094826599104
8651,0.1,-0.11110980819624221,2.61444753788117e-10,1.616925334664891e-5,3.1082294265672015e-5,0.11110980819624221,-0.11110948359503704
8652,0.1,-0.11110970975744294,3.6656701536844945e-10,1.9145939918647227e-5,3.08618505864253e-5,0.11110970975744294,-0.11110948450404406
8653,0.1,-0.11110961360136917,4.882535472758458e-10,2.2096460062096956e-5,3.061518049546522e-5,0.11110961360136917,-0.11110948538383394
8654,0.1,-0.11110951995947797,6.257791958133756e-10,2.501557906212398e-5,3.034247113314438e-5,0.11110951995947797,-0.11110948623143789
8655,0.25,-0.1111094357528984,7.739992947955027e-10,2.782084281245812e-5,3.0045497333949e-5,0.1111094357528984,-0.1111094869063843
8656,0.625,-0.1111093770401453,9.19169146281875e-10,3.0317802464589598e-5,2.9322410862360767e-5,0.1111093770401453,-0.11110948709436846
8657,1.5625,-0.11110938433068389,1.023428192967382e-9,3.199106426750104e-5,2.745435575583082e-5,0.11110938433068389,-0.11110948599843791
8658,3.90625,-0.11110954593890328,9.949076187887546e-10,3.154215621654225e-5,2.267786585592512e-5,0.11110954593890328,-0.11110948209111188
8659,9.765625,-0.11110997329830444,6.81561217824133e-10,2.6106727443786073e-5,1.1935633265121563e-5,0.11110997329830444,-0.11110947503200017
8660,24.4140625,-0.11111040661624029,1.377765259028515e-10,1.1737824581363086e-5,1.7951987749496136e-5,0.11111040661624029,-0.11110947411181368
8661,9.765625,-0.11111032919635642,3.050916772101938e-11,5.5235104526939546e-6,4.4147266703181074e-5,0.11111032919635642,-0.11110947674531292
8662,3.90625,-0.11111033336093756,7.807839068709851e-12,2.7942510747443313e-6,4.85773616259216e-5,0.11111033336093756,-0.1111094792620565
8663,1.5625,-0.11111034565969054,3.468235456339646e-11,5.889172655254426e-6,4.829160366632405e-5,0.11111034565969054,-0.11110948154084618
8664,0.625,-0.11111035984952494,1.0444437690639472e-10,1.021980317356429e-5,4.738490833388981e-5,0.11111035984952494,-0.11110948369711397
8665,0.25,-0.11111037462653289,2.156104751146716e-10,1.4683680571119476e-5,4.6683314962527644e-5,0.11111037462653289,-0.11110948580615475
8666,0.1,-0.11111038962809679,3.677861675620491e-10,1.9177751890199465e-5,4.623877286076295e-5,0.11111038962809679,-0.1111094879002375
8667,0.1,-0.11111040519501504,5.596413990751555e-10,2.3656741091603373e-5,4.596745494808893e-5,0.11111040519501504,-0.11110948994574968
8668,0.1,-0.11111042137864276,7.898913875271782e-10,2.8105006449513195e-5,4.5655280774189633e-5,0.11111042137864276,-0.11110949193538988
8669,0.1,-0.11111043822636679,1.0571177103393983e-9,3.251334664932846e-5,4.5302541669475394e-5,0.11111043822636679,-0.11110949386211248
8670,0.1,-0.11111045578141887,1.3597742714868687e-9,3.6875117240313535e-5,4.490960020042597e-5,0.11111045578141887,-0.11110949571915749
8671,0.25,-0.11111047584863618,1.6868557125179887e-9,4.1071349046725856e-5,4.4478971114172675e-5,0.11111047584863618,-0.1111094971995748
8672,0.625,-0.11111050239555662,2.008819121949247e-9,4.4819851873352355e-5,4.341124639429931e-5,0.11111050239555662,-0.11110949761310904
8673,1.5625,-0.11111054479324235,2.2439083137308952e-9,4.7369909370093746e-5,4.062646301291772e-5,0.11111054479324235,-0.11110949520206025
8674,3.90625,-0.1111106199489447,2.191982453074148e-9,4.6818612250622594e-5,3.343372385757407e-5,0.1111106199489447,-0.1111094865620833
8675,9.765625,-0.1111107262901411,1.5142954422728688e-9,3.8913949199135116e-5,1.6590866410352373e-5,0.1111107262901411,-0.11110947078119993
8676,24.4140625,-0.11111066634651556,3.1055663704312775e-10,1.762261720185534e-5,2.4911588096679725e-5,0.11111066634651556,-0.11110946837891454
8677,9.765625,-0.1111104863780311,6.78984401287101e-11,8.24005097852617e-6,6.52318584519565e-5,0.1111104863780311,-0.11110947417131248
8678,3.90625,-0.11111037174263678,1.3338871645226912e-11,3.652242002554994e-6,7.212593029271326e-5,0.11111037174263678,-0.11110947975111332
8679,1.5625,-0.11111026983853202,6.930567934683485e-11,8.325003264073525e-6,7.181303035076015e-5,0.11111026983853202,-0.11110948480703936
8680,0.625,-0.1111101719119777,2.208205816932327e-10,1.486003303136412e-5,7.050792827468343e-5,0.1111101719119777,-0.11110948958903581
8681,0.25,-0.11111007541446577,4.6455893226175063e-10,2.1553629213238094e-5,6.948318462235739e-5,0.11111007541446577,-0.11110949426451268
8682,0.1,-0.1111099795031152,7.996537516641028e-10,2.827814972136796e-5,6.883199523626527e-5,0.1111099795031152,-0.1111094989061083
8683,0.1,-0.11110988452298076,1.2232314382945378e-9,3.4974725707209455e-5,6.843528109758361e-5,0.11110988452298076,-0.11110950344120929
8684,0.1,-0.11110979059322752,1.7324937563517241e-9,4.1623235774645444e-5,6.797699462946783e-5,0.11110979059322752,-0.11110950785344781
8685,0.1,-0.11110969783031037,2.3243433096911853e-9,4.821144376277468e-5,6.745758079907596e-5,0.11110969783031037,-0.11110951212702398
8686,0.1,-0.11110960634776357,2.9953966443045376e-9,5.473021692177492e-5,6.6877582486412e-5,0.11110960634776357,-0.11110951624676714
8687,0.25,-0.11110951929304322,3.7215518106819887e-9,6.100452287070188e-5,6.624060428097045e-5,0.11110951929304322,-0.11110951953463034
8688,0.625,-0.11110944413289453,4.437964319576935e-9,6.661804800185107e-5,6.465271423397412e-5,0.11110944413289453,-0.11110952046202723
8689,1.5625,-0.1111094003206309,4.964880482039421e-9,7.046190802156454e-5,6.049838210598902e-5,0.1111094003206309,-0.11110951512896944
8690,3.90625,-0.11110943416029968,4.8610603918218165e-9,6.972130515001721e-5,4.972810152718231e-5,0.11110943416029968,-0.11110949594541673
8691,9.765625,-0.11110963090759816,3.374155409867311e-9,5.808748066379976e-5,2.4077490756049558e-5,0.11110963090759816,-0.11110946069007578
8692,24.4140625,-0.11111002962869047,7.016790314065975e-10,2.648922481701942e-5,3.579468935274957e-5,0.11111002962869047,-0.11110945478423957
8693,9.765625,-0.11111018179235693,1.5344695819800624e-10,1.2387370915493176e-5,9.697572589595089e-5,0.11111018179235693,-0.11110946762500627
8694,3.90625,-0.11111032071981883,2.553392538488563e-11,5.053110466325235e-6,0.0001075448174039523,0.11111032071981883,-0.11110948007059902
8695,1.5625,-0.11111045128713994,1.4463940831220107e-10,1.2026612503618842e-5,0.0001071865492994052,0.11111045128713994,-0.11110949135824541
8696,0.625,-0.11111057901090296,4.771336282209936e-10,2.1843388661583478e-5,0.00010528122428842981,0.11111057901090296,-0.11110950203297165
8697,0.25,-0.1111107059161195,1.0155217044901652e-9,3.1867251285452365e-5,0.00010376854625494082,0.1111107059161195,-0.1111095124672513
8698,0.1,-0.1111108327368547,1.7578498338232831e-9,4.192671980757955e-5,0.00010280339410299454,0.1111108327368547,-0.11110952282409156
8699,0.1,-0.11111095930769317,2.6978070780881817e-9,5.194041853978635e-5,0.00010221412747151283,0.11111095930769317,-0.11110953294454627
8700,0.1,-0.11111108550590394,3.829214240798805e-9,6.188064512267793e-5,0.00010153262152122013,0.11111108550590394,-0.11110954279199688
8701,0.1,-0.11111121120613593,5.1452250482417256e-9,7.173022409167369e-5,0.0001007595453297468,0.11111121120613593,-0.1111095523310854
8702,0.1,-0.11111133628069814,6.638355116189948e-9,8.147610150338532e-5,9.989570815567632e-5,0.11111133628069814,-0.11110956152785115
8703,0.25,-0.11111145811196371,8.255432801536217e-9,9.085941228918564e-5,9.894646565591499e-5,0.11111145811196371,-0.11110956887709329
8704,0.625,-0.11111157015439799,9.853238488906003e-9,9.926348013698695e-5,9.657921200998206e-5,0.11111157015439799,-0.11110957098007268
8705,1.5625,-0.11111165453534821,1.1034345316159904e-8,0.00010504449207911809,9.038158591492861e-5,0.11111165453534821,-0.1111095591536131
8706,3.90625,-0.111111664903695,1.0821323912784576e-8,0.00010402559258559682,7.428702625430772e-5,0.111111664903695,-0.11110951643891474
8707,9.765625,-0.11111149533734194,7.538358378559045e-9,8.682372013775408e-5,3.561225020164892e-5,0.11111149533734194,-0.11110943755745453
8708,24.4140625,-0.11111094113072,1.1641157814296983e-10,1.0789419731522628e-5,5.126164867739514e-5,0.11111094113072,-0.11110948319003536
8709,9.765625,-0.11111000773897074,1.223457545845272e-10,1.1061001518150478e-5,2.925583448064113e-5,0.11111000773897074,-0.11110948243394299
8710,3.90625,-0.11110965871644313,1.394890426743787e-10,1.18105479413268e-5,1.9941745079541848e-5,0.11110965871644313,-0.11110948215476966
8711,1.5625,-0.11110937768392475,1.6110075113719224e-10,1.2692547070513161e-5,1.6038178149188877e-5,0.11110937768392475,-0.11110948211663575
8712,0.625,-0.11110911424807374,1.8658303972899535e-10,1.3659540245886585e-5,1.4347388614810597e-5,0.11110911424807374,-0.11110948218997839
8713,1.5625,-0.11110895639800131,2.0281255539663223e-10,1.4241227313565086e-5,1.356948566164993e-5,0.11110895639800131,-0.11110948201246287
8714,3.90625,-0.11110908013614267,1.877418152530253e-10,1.3701890937130733e-5,1.1736069861049599e-5,0.11110908013614267,-0.11110948132344306
8715,9.765625,-0.11110976197069324,1.143579499772704e-10,1.069382765791886e-5,8.792762658055698e-6,0.11110976197069324,-0.11110948023007274
8716,24.4140625,-0.1111106027348672,2.0256590626992622e-11,4.500732232314273e-6,1.2196850754718762e-5,0.1111106027348672,-0.11110948038409886
8717,9.765625,-0.11111025143986301,5.2824151531722345e-12,2.2983505287862935e-6,2.0451801089970778e-5,0.11111025143986301,-0.11110948091215435
8718,3.90625,-0.11111013833324396,5.054755511085054e-12,2.248278343774421e-6,2.138610990157837e-5,0.11111013833324396,-0.11110948137096938
8719,1.5625,-0.11111005370414029,1.310491578114781e-11,3.6200712397890474e-6,2.0902627925433896e-5,0.11111005370414029,-0.11110948178330236
8720,0.625,-0.11110997632832595,2.8423875271864907e-11,5.33140462466177e-6,2.037307879478734e-5,0.11110997632832595,-0.11110948217535925
8721,0.25,-0.1111099011532963,5.079348609443966e-11,7.1269548963382435e-6,2.0010029339270078e-5,0.1111099011532963,-0.11110948256027277
8722,0.1,-0.1111098266743978,8.014312954704779e-11,8.952269519348029e-6,1.9785261064667244e-5,0.1111098266743978,-0.11110948294291588
8723,0.1,-0.1111097547036972,1.1616712630717005e-10,1.077808546575736e-5,1.964551204627409e-5,0.1111097547036972,-0.11110948331561357
8724,0.1,-0.11110968551014884,1.58597186169659e-10,1.259353747640666e-5,1.9492134376092782e-5,0.11110968551014884,-0.11110948367727047
8725,0.1,-0.11110961935105489,2.0714467433951157e-10,1.4392521472609015e-5,1.9325011579020138e-5,0.11110961935105489,-0.11110948402682885
8726,0.1,-0.11110955647126364,2.615016823851933e-10,1.617101364742462e-5,1.9144108472473555e-5,0.11110955647126364,-0.11110948436327368
8727,0.25,-0.11110950607890277,3.194344555699481e-10,1.787272938221659e-5,1.8950822748017623e-5,0.11110950607890277,-0.11110948462926364
8728,0.625,-0.11110948879573951,3.7509554814047333e-10,1.936738361628832e-5,1.8497005804153967e-5,0.11110948879573951,-0.11110948469911608
8729,1.5625,-0.11110955532206958,4.126769448015803e-10,2.0314451624436737e-5,1.7350477939664643e-5,0.11110955532206958,-0.11110948425879404
8730,3.90625,-0.11110981064757593,3.950579642780768e-10,1.987606511053123e-5,1.4502251287093579e-5,0.11110981064757593,-0.11110948272505795
8731,9.765625,-0.11111035664677792,2.652291887690871e-10,1.6285858551795393e-5,8.76475868891004e-6,0.11111035664677792,-0.11110948003342602
8732,24.4140625,-0.11111070671913444,5.313700173808251e-11,7.289513134502366e-6,1.3053603455342647e-5,0.11111070671913444,-0.11110947979667744
8733,9.765625,-0.11111045728828906,1.2718271023947196e-11,3.5662685013816888e-6,2.8247154230771535e-5,0.11111045728828906,-0.11110948084854065
8734,3.90625,-0.11111035170579757,5.2590437736319365e-12,2.2932605115058203e-6,3.075716229577172e-5,0.11111035170579757,-0.11110948184302384
8735,1.5625,-0.1111102660619748,1.70043921183044e-11,4.123638213799121e-6,3.0481574139838294e-5,0.1111102660619748,-0.11110948274453467
8736,0.625,-0.1111101859369736,4.538712516227632e-11,6.736996746494414e-6,2.9874701591531012e-5,0.1111101859369736,-0.11110948359918606
8737,0.25,-0.11111010760221514,8.983506518008783e-11,9.478136165939369e-6,2.9416171531073007e-5,0.11111010760221514,-0.11110948443587762
8738,0.1,-0.11111002988218262,1.501871572190924e-10,1.2255086993534252e-5,2.9125454766020743e-5,0.11111002988218262,-0.11110948526672469
8739,0.1,-0.11110995340900208,2.2589197618702937e-10,1.5029703130369188e-5,2.8945737393690093e-5,0.11110995340900208,-0.11110948607783121
8740,0.1,-0.11110987835552477,3.1642566115021854e-10,1.7788357460716222e-5,2.8741661908987606e-5,0.11110987835552477,-0.1111094868664325
8741,0.1,-0.11110980488955231,4.212133919389594e-10,2.0523483913287222e-5,2.8513347603793944e-5,0.11110980488955231,-0.11110948762986254
8742,0.1,-0.11110973317336807,5.396316742233633e-10,2.322997361650166e-5,2.8260973945616075e-5,0.11110973317336807,-0.11110948836556533
8743,0.25,-0.11110966800971847,6.672594101910839e-10,2.583136485343126e-5,2.7986194211385234e-5,0.11110966800971847,-0.11110948895246817
8744,0.625,-0.11110962056614186,7.92284225526842e-10,2.814754386313026e-5,2.731763059743367e-5,0.11110962056614186,-0.11110948911974469
8745,1.5625,-0.11110961908820999,8.821472943351064e-10,2.970096453543397e-5,2.559138922218709e-5,0.11110961908820999,-0.11110948818055708
8746,3.90625,-0.11110972558247992,8.577071449786353e-10,2.9286637652325937e-5,2.1182341012288985e-5,0.11110972558247992,-0.1111094848178005
8747,9.765625,-0.11111002118741829,5.874855754854434e-10,2.423810173023959e-5,1.1334233912083091e-5,0.11111002118741829,-0.11110947873927048
8748,24.4140625,-0.11111034324706139,1.1849618910111696e-10,1.0885595486748392e-5,1.6892566914416e-5,0.11111034324706139,-0.11110947796614695
8749,9.765625,-0.11111031354623213,2.6516559833937185e-11,5.149423252553356e-6,4.1057403324946815e-5,0.11111031354623213,-0.11110948023714252
8750,3.90625,-0.1111103342863043,7.229073136301887e-12,2.688693574266485e-6,4.5135623290534224e-5,0.1111103342863043,-0.11110948240660637
8751,1.5625,-0.11111035906146827,3.060172442398453e-11,5.531882538881726e-6,4.486022596414314e-5,0.11111035906146827,-0.11110948437161304
8752,0.625,-0.11111038463466855,9.088964075440924e-11,9.533605863177334e-6,4.401579323338409e-5,0.11111038463466855,-0.11110948623155803
8753,0.25,-0.11111041044486133,1.8682067864577982e-10,1.3668236120501424e-5,4.3364048087356844e-5,0.11111041044486133,-0.11110948805111234
8754,0.1,-0.11111043635819969,3.180574980274335e-10,1.7834166591894155e-5,4.2951579542446614e-5,0.11111043635819969,-0.11110948985794146
8755,0.1,-0.11111046257940145,4.83452365657144e-10,2.1987550242288112e-5,4.270007037237171e-5,0.11111046257940145,-0.1111094916229286
8756,0.1,-0.11111048912670603,6.818980164474004e-10,2.6113177065370662e-5,4.241070199169846e-5,0.11111048912670603,-0.11110949333978805
8757,0.1,-0.11111051601564943,9.121719740445847e-10,3.020218492170036e-5,4.208374545810922e-5,0.11111051601564943,-0.11110949500245587
8758,0.1,-0.1111105432589617,1.1729416912411528e-9,3.42482363230744e-5,4.171953861610121e-5,0.1111105432589617,-0.11110949660511324
8759,0.25,-0.1111105717028738,1.4547090999961548e-9,3.8140648919442294e-5,4.132040658363469e-5,0.1111105717028738,-0.11110949788310268
8760,0.625,-0.1111106031108531,1.7319809096815923e-9,4.161707473719882e-5,4.0330497063732915e-5,0.1111106031108531,-0.11110949824151212
8761,1.5625,-0.11111064135308192,1.934216301859418e-9,4.397972603210959e-5,3.7748899504228974e-5,0.11111064135308192,-0.11110949616586988
8762,3.90625,-0.11111069166818181,1.888773731458984e-9,4.346002452207067e-5,3.108549238062971e-5,0.11111069166818181,-0.11110948872519164
8763,9.765625,-0.11111073988288886,1.3037345665836778e-9,3.610726473417334e-5,1.555052980555574e-5,0.11111073988288886,-0.1111094751472619
8764,24.4140625,-0.11111063714956967,2.6676048322421544e-10,1.633280389964367e-5,2.3325208821154505e-5,0.11111063714956967,-0.11110947311923053
8765,9.765625,-0.1111104864226677,5.851023281100659e-11,7.649198180921095e-6,6.058359216950077e-5,0.1111104864226677,-0.11110947810913069
8766,3.90625,-0.11111038427941056,1.2033994855615306e-11,3.469004879733568e-6,6.694444774029912e-5,0.11111038427941056,-0.11110948291171789
8767,1.5625,-0.11111029246091415,6.062704571169025e-11,7.786337117778181e-6,6.664224833785171e-5,0.11111029246091415,-0.1111094872634744
8768,0.625,-0.11111020394319984,1.9142397235610447e-10,1.3835605239963464e-5,6.542787171986882e-5,0.11111020394319984,-0.11110949138005909
8769,0.25,-0.11111011662456637,4.015748561611373e-10,2.0039332727442233e-5,6.447662974275521e-5,0.11111011662456637,-0.11110949540545238
8770,0.1,-0.11111002980204078,6.903395567593423e-10,2.6274313630603983e-5,6.387302585525175e-5,0.11111002980204078,-0.11110949940202414
8771,0.1,-0.11110994373372805,1.0552410714082284e-9,3.248447431325045e-5,6.350586965670109e-5,0.11110994373372805,-0.11110950330701103
8772,0.1,-0.11110985851824488,1.4938700871310493e-9,3.8650615611281655e-5,6.308158623196093e-5,0.11110985851824488,-0.11110950710632382
8773,0.1,-0.11110977425222811,2.0035594821392237e-9,4.476113807913315e-5,6.260059230356212e-5,0.11110977425222811,-0.11110951078636232
8774,0.1,-0.1111096910301742,2.5813956286475704e-9,5.080743674549593e-5,6.2063395666722e-5,0.1111096910301742,-0.1111095143340681
8775,0.25,-0.11110961139730581,3.2065909491811686e-9,5.662676883931458e-5,6.147332986820781e-5,0.11110961139730581,-0.1111095171652909
8776,0.625,-0.11110954143020789,3.823224843544145e-9,6.183223142944257e-5,6.0001011132017e-5,0.11110954143020789,-0.11110951796353474
8777,1.5625,-0.111109497071121,4.276305074825979e-9,6.539346354817107e-5,5.6148105143236537e-5,0.111109497071121,-0.11110951337081836
8778,3.90625,-0.11110951688038959,4.185502690294058e-9,6.469546112590942e-5,4.6162106568759855e-5,0.11110951688038959,-0.11110949685662272
8779,9.765625,-0.11110967558063557,2.9030272853222392e-9,5.387974837842359e-5,2.2436639905531558e-5,0.11110967558063557,-0.11110946653520887
8780,24.4140625,-0.11111002992570596,6.023574589079327e-10,2.454297168046145e-5,3.3396620935944945e-5,0.11111002992570596,-0.11110946152836314
8781,9.765625,-0.11111018278759337,1.3186386116492642e-10,1.1483199082351853e-5,8.999182549374371e-5,0.11111018278759337,-0.11110947257908202
8782,3.90625,-0.11111031712900885,2.2737391444310172e-11,4.768374088125865e-6,9.975298821179942e-5,0.11111031712900885,-0.11110948328003768
8783,1.5625,-0.1111104427928696,1.2598737783132724e-10,1.1224409910161302e-5,9.94051924542575e-5,0.1111104427928696,-0.1111094929843303
8784,0.625,-0.11111056554820678,4.1273117504830677e-10,2.0315786350725062e-5,9.763259417874364e-5,0.11111056554820678,-0.11110950216218626
8785,0.25,-0.11111068744288778,8.765420077100333e-10,2.9606452129730662e-5,9.622809060150805e-5,0.11111068744288778,-0.11110951113395705
8786,0.1,-0.11111080921125098,1.515749505313152e-9,3.893262777302801e-5,9.533291575987443e-5,0.11111080921125098,-0.11110952003964059
8787,0.1,-0.11111093067995576,2.324916474812826e-9,4.821738768134195e-5,9.478693139123528e-5,0.11111093067995576,-0.11110952874205336
8788,0.1,-0.11111105172872775,3.2987243827820214e-9,5.743452256946184e-5,9.415535783050046e-5,0.11111105172872775,-0.11110953720969378
8789,0.1,-0.11111117223521956,4.431280219760619e-9,6.656786176347125e-5,9.343882072559931e-5,0.11111117223521956,-0.11110954541214595
8790,0.1,-0.11111129207528131,5.716141480431505e-9,7.560516834470713e-5,9.263807577393575e-5,0.11111129207528131,-0.11110955332019735
8791,0.25,-0.11111140864029011,7.107483480982061e-9,8.430589232658689e-5,9.175808252372563e-5,0.11111140864029011,-0.11110955963808673
8792,0.625,-0.11111151544000461,8.481891551363532e-9,9.209718536070215e-5,8.956236165660632e-5,0.11111151544000461,-0.11110956144076238
8793,1.5625,-0.11111159484081812,9.496948655793805e-9,9.745228912546798e-5,8.381310085474774e-5,0.11111159484081812,-0.11110955125704054
8794,3.90625,-0.11111160153345674,9.31079416731921e-9,9.649245653064911e-5,6.888548249581648e-5,0.11111160153345674,-0.11110951450486635
8795,9.765625,-0.11111143416877547,6.481508462933559e-9,8.050781616050431e-5,3.306223109569587e-5,0.11111143416877547,-0.11110944669794227
8796,24.4140625,-0.11111094270542674,1.012737014385704e-10,1.0063483563784979e-5,4.7734128078718e-5,0.11111094270542674,-0.11110948602079042
8797,9.765625,-0.1111100227381485,1.0620995162828607e-10,1.0305821249579582e-5,2.7391508564947414e-5,0.1111100227381485,-0.11110948537652993
8798,3.90625,-0.11110967730149958,1.2116627431890975e-10,1.1007555328905222e-5,1.8778194288742794e-5,0.11110967730149958,-0.11110948514128359
8799,1.5625,-0.11110939919805081,1.4004207836621812e-10,1.1833937568122375e-5,1.5173445204402441e-5,0.11110939919805081,-0.11110948511465864
8800,0.625,-0.1111091385402824,1.6232096180957968e-10,1.2740524393037348e-5,1.3614930025439082e-5,0.1111091385402824,-0.11110948518468526
8801,1.5625,-0.11110898199592727,1.765044951382838e-10,1.3285499431270312e-5,1.289890237985654e-5,0.11110898199592727,-0.11110948503612464
8802,3.90625,-0.11110910331630566,1.6323709988632235e-10,1.2776427508749163e-5,1.1216124752087352e-5,0.11110910331630566,-0.11110948444259729
8803,9.765625,-0.11110977605434573,9.914843918725603e-11,9.957330926872725e-6,8.548935718203203e-6,0.11110977605434573,-0.11110948350061173
8804,24.4140625,-0.11111060804649334,1.7877686910584448e-11,4.228201380088755e-6,1.1623484793931596e-5,0.11111060804649334,-0.11110948363272824
8805,9.765625,-0.11111025652110403,4.928817969321348e-12,2.2200941352387173e-6,1.917630119112152e-5,0.11111025652110403,-0.11110948409215499
8806,3.90625,-0.1111101413702583,4.799603400326448e-12,2.1907997170728427e-6,2.0022970562583447e-5,0.1111101413702583,-0.11110948449241659
8807,1.5625,-0.11111005473144761,1.181832396322492e-11,3.4377789287888945e-6,1.9569158637500937e-5,0.11111005473144761,-0.11110948485324992
8808,0.625,-0.11110997537552937,2.511448617071459e-11,5.011435539914146e-6,1.907736038949566e-5,0.11110997537552937,-0.111109485196935
8809,0.25,-0.11110989823247185,4.450084144014011e-11,6.670895100369973e-6,1.874111498529021e-5,0.11110989823247185,-0.1111094855346184
8810,0.1,-0.11110982178956913,6.991682542525159e-11,8.361628156361152e-6,1.853319019546117e-5,0.11110982178956913,-0.1111094858704142
8811,0.1,-0.11110974784758627,1.0109552720213037e-10,1.005462715380985e-5,1.840398220334015e-5,0.11110974784758627,-0.1111094861975997
8812,0.1,-0.11110967667619082,1.3780348111408066e-10,1.1738972745265263e-5,1.826224164779104e-5,0.11110967667619082,-0.11110948651523041
8813,0.1,-0.11110960853350216,1.7978959930844737e-10,1.340856440147294e-5,1.810786843174036e-5,0.11110960853350216,-0.11110948682239444
8814,0.1,-0.11110954366529709,2.2678611985505333e-10,1.5059419638719592e-5,1.7940838752204966e-5,0.11110954366529709,-0.1111094871182173
8815,0.25,-0.11110949126863869,2.768458041731259e-10,1.6638683967583673e-5,1.776245617967739e-5,0.11110949126863869,-0.1111094873530264
8816,0.625,-0.11110947195639134,3.248762802738426e-10,1.8024324682879038e-5,1.7343991009048423e-5,0.11110947195639134,-0.11110948741808196
8817,1.5625,-0.11110953644991065,3.5713179793318066e-10,1.8897931049011175e-5,1.6288401838622355e-5,0.11110953644991065,-0.11110948704200524
8818,3.90625,-0.11110979001395727,3.4144656950204535e-10,1.8478272903657563e-5,1.367724223480041e-5,0.11110979001395727,-0.1111094857222536
8819,9.765625,-0.11111033626991391,2.2887711917939757e-10,1.5128685309021323e-5,8.510650196763312e-6,0.11111033626991391,-0.11110948340768524
8820,24.4140625,-0.11111069572120179,4.6080807592533537e-11,6.788284583938238e-6,1.2415791902645955e-5,0.11111069572120179,-0.11110948320722412
8821,9.765625,-0.11111045131391947,1.1307619707182488e-11,3.362680434888586e-6,2.6338217965579397e-5,0.11111045131391947,-0.11110948411599662
8822,3.90625,-0.11111034944326405,4.956397033732763e-12,2.2262967083775612e-6,2.864715766575304e-5,0.11111034944326405,-0.11110948497649001
8823,1.5625,-0.11111026723799669,1.5141616448034897e-11,3.891223001581237e-6,2.8387285466282846e-5,0.11111026723799669,-0.11110948575765563
8824,0.625,-0.11111019045930512,3.965364889259748e-11,6.297114330595997e-6,2.782404022434479e-5,0.11111019045930512,-0.11110948649884012
8825,0.25,-0.11111011543667937,7.800078536103016e-11,8.831805328528826e-6,2.739924474308573e-5,0.11111011543667937,-0.1111094872247348
8826,0.1,-0.11111004101466927,1.3004478950309982e-10,1.1403718231484845e-5,2.713012748398253e-5,0.11111004101466927,-0.11110948794567772
8827,0.1,-0.11110996782007258,1.9530919833666412e-10,1.397530673497595e-5,2.6963837549930122e-5,0.11110996782007258,-0.11110948864960596
8828,0.1,-0.11110989602293742,2.733418686632661e-10,1.6533053821459184e-5,2.677503359301483e-5,0.11110989602293742,-0.11110948933413892
8829,0.1,-0.11110982578829727,3.6364670718746893e-10,1.9069522993181263e-5,2.6563831504903603e-5,0.11110982578829727,-0.11110948999698135
8830,0.1,-0.11110975727570455,4.656856492354398e-10,2.15797509076319e-5,2.6330403534837846e-5,0.11110975727570455,-0.1111094906359318
8831,0.25,-0.11110969522024358,5.756399980360291e-10,2.399249878682979e-5,2.6076285333541715e-5,0.11110969522024358,-0.1111094911465672
8832,0.625,-0.11110965062513702,6.833094568578196e-10,2.614018853906413e-5,2.545813098563754e-5,0.11110965062513702,-0.11110949129541901
8833,1.5625,-0.11110965129800737,7.605879875091982e-10,2.757875971665873e-5,2.3862951709284188e-5,0.11110965129800737,-0.1111094904906102
8834,3.90625,-0.11110975815000806,7.392073932712765e-10,2.718836871294923e-5,1.9795820966250482e-5,0.11110975815000806,-0.11110948759813079
8835,9.765625,-0.11111004996851681,5.059798800332831e-10,2.2493996533148196e-5,1.079601668032906e-5,0.11111004996851681,-0.11110948237051296
8836,24.4140625,-0.11111036071934471,1.0210149811920837e-10,1.0104528594605904e-5,1.590905443071494e-5,0.11111036071934471,-0.11110948171484794
8837,9.765625,-0.11111032400289866,2.3104701975043874e-11,4.806735063953897e-6,3.817518003468624e-5,0.11111032400289866,-0.11110948367237851
8838,3.90625,-0.11111033894961646,6.6504729168091616e-12,2.578851084651683e-6,4.1936116224270984e-5,0.11111033894961646,-0.11110948554264033
8839,1.5625,-0.11111035836052438,2.6892076078696212e-11,5.185757040075847e-6,4.167449769385676e-5,0.11111035836052438,-0.11110948723751242
8840,0.625,-0.11111037871101431,7.889104060521572e-11,8.882062857535727e-6,4.0889691992776524e-5,0.11111037871101431,-0.11110948884233883
8841,0.25,-0.11111039934341939,1.6155461255521772e-10,1.271041354776538e-5,4.028494514061157e-5,0.11111039934341939,-0.1111094904125996
8842,0.1,-0.1111104200899018,2.7459305124891117e-10,1.6570849442587764e-5,3.990244990760254e-5,0.1111104200899018,-0.11110949197200115
8843,0.1,-0.11111044116185016,4.1701630268302094e-10,2.0420977025671932e-5,3.9669285251378734e-5,0.11111044116185016,-0.11110949349537158
8844,0.1,-0.11111046258265067,5.878700887255565e-10,2.424603243265909e-5,3.9401076492291875e-5,0.11111046258265067,-0.11110949497730457
8845,0.1,-0.11111048437302452,7.861009765776587e-10,2.8037492337540795e-5,3.909807707324136e-5,0.11111048437302452,-0.11110949641258479
8846,0.1,-0.11111050655092258,1.0105608103748323e-9,3.178931912411514e-5,3.876060300834803e-5,0.11111050655092258,-0.11110949779620871
8847,0.25,-0.11111053007499067,1.253061856716084e-9,3.5398613768283134e-5,3.839081411482506e-5,0.11111053007499067,-0.11110949890024045
8848,0.625,-0.11111055698732543,1.491631981869905e-9,3.862165172374047e-5,3.7473843024047466e-5,0.11111055698732543,-0.11110949921247994
8849,1.5625,-0.11111059191079176,1.6654844043506332e-9,4.08103467805731e-5,3.508317914288976e-5,0.11111059191079176,-0.11110949742932169
8850,3.90625,-0.11111064199662288,1.625900404461312e-9,4.032245533770621e-5,2.891782492802953e-5,0.11111064199662288,-0.11110949102935697
8851,9.765625,-0.1111106972337862,1.1216625076637022e-9,3.3491230309794566e-5,1.4614594405877644e-5,0.1111106972337862,-0.11110947935565804
8852,24.4140625,-0.11111061421676341,2.2929069104702218e-10,1.5142347606861433e-5,2.1824131360996353e-5,0.11111061421676341,-0.11110947763252017
8853,9.765625,-0.1111104730819692,5.050978053475481e-11,7.107023324483663e-6,5.6247621992719156e-5,0.1111104730819692,-0.11110948192788009
8854,3.90625,-0.11111037899079278,1.0813948457700033e-11,3.2884568505151522e-6,6.212244384306546e-5,0.11111037899079278,-0.11110948606038006
8855,1.5625,-0.11111029465574257,5.285137068034894e-11,7.269894819070557e-6,6.183425373489727e-5,0.11111029465574257,-0.1111094898054199
8856,0.625,-0.1111102134146779,1.6556901787964451e-10,1.2867362506731693e-5,6.070555143497643e-5,0.1111102134146779,-0.11110949334859906
8857,0.25,-0.11111013328867658,3.465205406689217e-10,1.861506219890016e-5,5.982272202529639e-5,0.11111013328867658,-0.11110949681361214
8858,0.1,-0.11111005361766273,5.950712315152661e-10,2.4394081895313587e-5,5.926288420555615e-5,0.11111005361766273,-0.11110950025398643
8859,0.1,-0.11110997465331003,9.090871197334048e-10,3.0151071618325687e-5,5.892250317873473e-5,0.11110997465331003,-0.11110950361557077
8860,0.1,-0.1111098964889371,1.2864940871638611e-9,3.586773044344821e-5,5.852918138314273e-5,0.1111098964889371,-0.11110950688625164
8861,0.1,-0.11110981921599293,1.7249961849405216e-9,4.153307338664599e-5,5.808330727830989e-5,0.11110981921599293,-0.11110951005433592
8862,0.1,-0.11110974292389869,2.222085370673669e-9,4.713900052688505e-5,5.7585354224127784e-5,0.11110974292389869,-0.11110951310859661
8863,0.25,-0.11110967003286758,2.7598572820583644e-9,5.2534343833899404e-5,5.7038414826374773e-5,0.11110967003286758,-0.11110951554632001
8864,0.625,-0.11110960631202663,3.2901538242314787e-9,5.735986248441918e-5,5.5673613477775884e-5,0.11110960631202663,-0.1111095162348127
8865,1.5625,-0.11110956686826777,3.6795153123816454e-9,6.065900850147194e-5,5.210241265061073e-5,0.11110956686826777,-0.11110951228547489
8866,3.90625,-0.1111095880676685,3.600536574880678e-9,6.000447129073531e-5,4.28502985365258e-5,0.1111095880676685,-0.11110949808347259
8867,9.765625,-0.11110973928825289,2.496010078152894e-9,4.9960084849336415e-5,2.092314056795199e-5,0.11110973928825289,-0.11110947202248624
8868,24.4140625,-0.11111006684601485,5.171663672020851e-10,2.2741292118129197e-5,3.112891803378126e-5,0.11111006684601485,-0.11110946776249461
8869,9.765625,-0.11111020341582285,1.1333424973210223e-10,1.0645855988698241e-5,8.348577077347756e-5,0.11111020341582285,-0.11110947726773847
8870,3.90625,-0.11111032468900128,2.0064345758058374e-11,4.47932425239102e-6,9.250757738451741e-5,0.11111032468900128,-0.11110948646648165
8871,1.5625,-0.11111043825814963,1.0930705461759411e-10,1.0455001416431951e-5,9.217430141536473e-5,0.11111043825814963,-0.11110949480799961
8872,0.625,-0.11111054922348063,3.562548707321096e-10,1.8874715116581483e-5,9.0526658432788e-5,0.11111054922348063,-0.11110950269733219
8873,0.25,-0.11111065941042585,7.553911775425817e-10,2.7484380610495513e-5,8.922285592786744e-5,0.11111065941042585,-0.11110951040983451
8874,0.1,-0.11111076947501025,1.3052827207720755e-9,3.6128696638158364e-5,8.839225629601896e-5,0.11111076947501025,-0.11110951806572088
8875,0.1,-0.11111087926520313,2.001247523346782e-9,4.473530511069285e-5,8.788578158164294e-5,0.11111087926520313,-0.11110952554678512
8876,0.1,-0.11111098867375986,2.8387088008047235e-9,5.3279534540053215e-5,8.7299971337349e-5,0.11111098867375986,-0.11110953282595443
8877,0.1,-0.11111109759157055,3.81259579321558e-9,6.174622088205545e-5,8.663540747945777e-5,0.11111109759157055,-0.11110953987709073
8878,0.1,-0.11111120590789338,4.917365273491946e-9,7.012392796679281e-5,8.589279284348812e-5,0.11111120590789338,-0.11110954667509121
8879,0.25,-0.11111131130030198,6.1135731916612375e-9,7.818934193137347e-5,8.507673066989154e-5,0.11111131130030198,-0.11110955210549138
8880,0.625,-0.11111140798500427,7.295003132928816e-9,8.54107904946958e-5,8.304066359673787e-5,0.11111140798500427,-0.11110955365299273
8881,1.5625,-0.1111114802258004,8.166990443969971e-9,9.03714027996134e-5,7.770996660465817e-5,0.1111114802258004,-0.11110954489408721
8882,3.90625,-0.11111148745513476,8.005241551497774e-9,8.947201546571852e-5,6.387233540934215e-5,0.11111148745513476,-0.11110951329718831
8883,9.765625,-0.11111133812441375,5.5700387984435194e-9,7.463269255791003e-5,3.0706838810575205e-5,0.11111133812441375,-0.11110945503728895
8884,24.4140625,-0.11111087533499164,8.757806217537701e-11,9.358315135502597e-6,4.440528037739082e-5,0.11111087533499164,-0.11110948889751866
8885,9.765625,-0.11111005649411401,9.191798766298238e-11,9.587386904833995e-6,2.5494211651285958e-5,0.11111005649411401,-0.11110948833912392
8886,3.90625,-0.11110974990009446,1.0468332906475226e-10,1.0231487138473676e-5,1.7552880136779634e-5,0.11110974990009446,-0.11110948813991924
8887,1.5625,-0.11110950311232479,1.207938308115246e-10,1.0990624677948229e-5,1.4258314036449451e-5,0.11110950311232479,-0.1111094881219415
8888,0.625,-0.1111092718053172,1.3980116656870537e-10,1.1823754334757864e-5,1.2843330108772286e-5,0.1111092718053172,-0.11110948818767122
8889,1.5625,-0.111109133215494,1.5188679207288326e-10,1.2324235963047903e-5,1.2195550604705348e-5,0.111109133215494,-0.11110948806569279
8890,3.90625,-0.1111092419446244,1.405552722937364e-10,1.1855600882862767e-5,1.0681781588646171e-5,0.1111092419446244,-0.11110948756110951
8891,9.765625,-0.11110984095320431,8.56871558165804e-11,9.256735699833954e-6,8.312953305416067e-6,0.11110984095320431,-0.11110948675361368
8892,24.4140625,-0.11111057919483676,1.5694298339979218e-11,3.9616030013088414e-6,1.1073649844173465e-5,0.11111057919483676,-0.11110948686627482
8893,9.765625,-0.11111026744999515,4.616024644063368e-12,2.148493575522945e-6,1.7957112043797286e-5,0.11111026744999515,-0.11110948726340882
8894,3.90625,-0.11111016625694287,4.509732836661174e-12,2.1236131560764953e-6,1.8733662747842193e-5,0.11111016625694287,-0.11110948761227028
8895,1.5625,-0.11111009032643417,1.0546988304630546e-11,3.2476127085338463e-6,1.831685417459303e-5,0.11111009032643417,-0.11110948792815276
8896,0.625,-0.11111002083757952,2.198018708610613e-11,4.688303220367272e-6,1.786535291446971e-5,0.11111002083757952,-0.11110948822965974
8897,0.25,-0.11110995330378383,3.864827634721742e-11,6.216773789291148e-6,1.755680049909802e-5,0.11110995330378383,-0.1111094885261558
8898,0.1,-0.11110988638783241,6.049913348944461e-11,7.778118891444423e-6,1.7366078657943128e-5,0.11110988638783241,-0.11110948882109012
8899,0.1,-0.11110982169295647,8.730410029573515e-11,9.34366631979841e-6,1.724760439794436e-5,0.11110982169295647,-0.11110948910862453
8900,0.1,-0.1111097594579842,1.1886295264838218e-10,1.090242874997962e-5,1.711764918699286e-5,0.1111097594579842,-0.11110948938794678
8901,0.1,-0.11110969991145336,1.5496033089353823e-10,1.2448306346388581e-5,1.6976126437441596e-5,0.11110969991145336,-0.11110948965827264
8902,0.1,-0.11110964327090496,1.9536654512804746e-10,1.3977358302914306e-5,1.6823020262686834e-5,0.11110964327090496,-0.11110948991884967
8903,0.25,-0.11110959769977197,2.384124729996109e-10,1.5440611160171443e-5,1.66595314495394e-5,0.11110959769977197,-0.11110949012691197
8904,0.625,-0.11110958148617733,2.797312311007327e-10,1.672516759559475e-5,1.6276064495251497e-5,0.11110958148617733,-0.11110949018886375
8905,1.5625,-0.11110963960912582,3.0752635214774235e-10,1.7536429287279162e-5,1.5309525317407147e-5,0.11110963960912582,-0.11110948987103264
8906,3.90625,-0.11110986529754321,2.9414458064138697e-10,1.7150643738396146e-5,1.292542566611348e-5,0.11110986529754321,-0.11110948874017788
8907,9.765625,-0.11111034957256398,1.973310986417965e-10,1.4047458796586537e-5,8.268364974480386e-6,0.11111034957256398,-0.11110948675053452
8908,24.4140625,-0.11111066358815415,3.9934964816467914e-11,6.319411746077946e-6,1.1787157662584208e-5,0.11111066358815415,-0.11110948657838042
8909,9.765625,-0.1111104446363957,1.0088816288883286e-11,3.176289704810203e-6,2.4560639856465676e-5,0.1111104446363957,-0.11110948736282651
8910,3.90625,-0.11111035278149647,4.665450640031443e-12,2.159965425656495e-6,2.6685233345166746e-5,0.11111035278149647,-0.11110948810748092
8911,1.5625,-0.11111027848650877,1.346319656612313e-11,3.669222883135219e-6,2.6442448357197854e-5,0.11111027848650877,-0.1111094887847162
8912,0.625,-0.11111020904106317,3.458356946351232e-11,5.8807796645948505e-6,2.5921245879284453e-5,0.11111020904106317,-0.11110948942792699
8913,0.25,-0.11111014116522612,6.760428016544586e-11,8.222182202155693e-6,2.5528627732787317e-5,0.11111014116522612,-0.1111094900581475
8914,0.1,-0.11111007382591208,1.1240664640635645e-10,1.0602200073869406e-5,2.5280042947700818e-5,0.11111007382591208,-0.11110949068417886
8915,0.1,-0.11111000758317102,1.6858032888023456e-10,1.2983848769923137e-5,2.512650611509607e-5,0.11111000758317102,-0.11110949129556967
8916,0.1,-0.11110994258917078,2.357361542089987e-10,1.5353701645173345e-5,2.495219966545727e-5,0.11110994258917078,-0.11110949189027194
8917,0.1,-0.11110987899162346,3.1344713961204595e-10,1.7704438415607707e-5,2.4757234754099827e-5,0.11110987899162346,-0.11110949246631203
8918,0.1,-0.1111098169333672,4.0125019457829927e-10,2.0031230480884075e-5,2.454177533661914e-5,0.1111098169333672,-0.1111094930217964
8919,0.25,-0.11110976064892521,4.958573289366272e-10,2.226785416102385e-5,2.4307244647796694e-5,0.11110976064892521,-0.11110949346679272
8920,0.625,-0.11110971998032601,5.884864591858334e-10,2.4258739851563464e-5,2.373677945298385e-5,0.11110971998032601,-0.1111094936003022
8921,1.5625,-0.1111097198071845,6.549399296777183e-10,2.559179418637385e-5,2.226536821741893e-5,0.1111097198071845,-0.11110949291282539
8922,3.90625,-0.11110981466509631,6.364439820990277e-10,2.522784140783804e-5,1.852023220328394e-5,0.11110981466509631,-0.11110949042838661
8923,9.765625,-0.11111007535606342,4.355736240534547e-10,2.0870400668253944e-5,1.031009323081216e-5,0.11111007535606342,-0.11110948593495926
8924,24.4140625,-0.11111035511530555,8.803764395001714e-11,9.382837734396622e-6,1.4983957371813388e-5,0.11111035511530555,-0.11110948537516392
8925,9.765625,-0.11111032495886335,2.019885453857325e-11,4.494313578131064e-6,3.549526141748572e-5,0.11111032495886335,-0.11110948706160448
8926,3.90625,-0.11111034041779046,6.129901811162987e-12,2.475863851499712e-6,3.896617542026733e-5,0.11111034041779046,-0.11110948867407011
8927,1.5625,-0.11111035968810176,2.3611976695079335e-11,4.859215646076981e-6,3.87201629541551e-5,0.11111035968810176,-0.11110949013641255
8928,0.625,-0.11111037973804941,6.840153233714721e-11,8.270521890252585e-6,3.799225856188013e-5,0.11111037973804941,-0.11110949152168616
8929,0.25,-0.11111040001802436,1.395602318503448e-10,1.1813561353391481e-5,3.743199145387157e-5,0.11111040001802436,-0.11110949287741304
8930,0.1,-0.11111042039122739,2.368394944691975e-10,1.5389590458137524e-5,3.7077814499246875e-5,0.11111042039122739,-0.11110949422388668
8931,0.1,-0.11111044104517809,3.5938680518909325e-10,1.895749997201881e-5,3.686199423828036e-5,0.11111044104517809,-0.1111094955393654
8932,0.1,-0.11111046199904956,5.063809105656445e-10,2.250290893563862e-5,3.6613747629675647e-5,0.11111046199904956,-0.11110949681920068
8933,0.1,-0.11111048326965152,6.769152460788896e-10,2.6017594932639135e-5,3.633331267059837e-5,0.11111048326965152,-0.1111094980589081
8934,0.1,-0.11111050487133171,8.700017516987074e-10,2.9495792101564378e-5,3.6020985805620895e-5,0.11111050487133171,-0.11110949925418459
8935,0.25,-0.11111052762315107,1.0785909364528036e-9,3.2841908234035424e-5,3.567876945074279e-5,0.11111052762315107,-0.11110950020885635
8936,0.625,-0.11111055325665006,1.2837668909841574e-9,3.5829692867566664e-5,3.4830163946701155e-5,0.11111055325665006,-0.11110950048220315
8937,1.5625,-0.11111058565098171,1.4332026681312551e-9,3.785766326823745e-5,3.261825069133799e-5,0.11111058565098171,-0.11110949895270766
8938,3.90625,-0.11111063055554704,1.398900027132014e-9,3.7401871973632734e-5,2.6918857736400635e-5,0.11111063055554704,-0.11110949345189426
8939,9.765625,-0.11111067761727589,9.647650943723663e-10,3.1060667964040414e-5,1.3766166040263873e-5,0.11111067761727589,-0.11110948341839341
8940,24.4140625,-0.1111105967878403,1.9721384568230892e-10,1.4043284718409327e-5,2.0419446213861086e-5,0.1111105967878403,-0.11110948194789402
8941,9.765625,-0.11111046748182145,4.369503002095563e-11,6.6102216317575635e-6,5.22197481768846e-5,0.11111046748182145,-0.11110948564420552
8942,3.90625,-0.11111038069450867,9.727453016663487e-12,3.118886502690261e-6,5.7649635539442e-5,0.11111038069450867,-0.11110948920040042
8943,1.5625,-0.11111030280489909,4.601395054339678e-11,6.7833583528659885e-6,5.737759321675177e-5,0.11111030280489909,-0.11110949242400806
8944,0.625,-0.11111022774043763,1.4305870252075058e-10,1.1960714966955386e-5,5.6329928802540225e-5,0.11111022774043763,-0.11110949547445075
8945,0.25,-0.11111015369153551,2.9876142164799646e-10,1.728471641792241e-5,5.5511327077514484e-5,0.11111015369153551,-0.11110949845790993
8946,0.1,-0.1111100800536548,5.125777179463855e-10,2.2640179282558377e-5,5.499246994602103e-5,0.1111100800536548,-0.11110950142030317
8947,0.1,-0.11111000705399521,7.826709367717432e-10,2.7976256661171508e-5,5.467712666978881e-5,0.11111000705399521,-0.11110950431494888
8948,0.1,-0.11110993477818422,1.1072568293799718e-9,3.3275468882946964e-5,5.431273796594714e-5,0.11110993477818422,-0.11110950713143246
8949,0.1,-0.11110986331020684,1.4843603466784936e-9,3.8527397351475656e-5,5.3899666214772904e-5,0.11110986331020684,-0.11110950985970246
8950,0.1,-0.11110979273225685,1.9118240203777807e-9,4.372440989170444e-5,5.3438352867914785e-5,0.11110979273225685,-0.11110951249010795
8951,0.25,-0.11110972525439007,2.3742388898099893e-9,4.872616227254091e-5,5.293166503031771e-5,0.11110972525439007,-0.11110951459021184
8952,0.625,-0.11110966615019144,2.8301621847059743e-9,5.3199268648224614e-5,5.1667184171121094e-5,0.11110966615019144,-0.11110951518583989
8953,1.5625,-0.11110962924019287,3.164753886804059e-9,5.6256145324791485e-5,4.835876156244891e-5,0.11110962924019287,-0.11110951179297092
8954,3.90625,-0.11110964784168897,3.0963348329360085e-9,5.564471972196471e-5,3.9791038011223135e-5,0.11110964784168897,-0.11110949958479255
8955,9.765625,-0.11110978576267665,2.145769442457667e-9,4.632245073889838e-5,1.9540134318298226e-5,0.11110978576267665,-0.11110947718877069
8956,24.4140625,-0.11111008701566322,4.4428121112254107e-10,2.1077979294100776e-5,2.9008294013601728e-5,0.11111008701566322,-0.11110947355218347
8957,9.765625,-0.11111021392728576,9.755995408383417e-11,9.877244255551959e-6,7.744665689149068e-5,0.11111021392728576,-0.11110948172626034
8958,3.90625,-0.11111032637832391,1.7716831602135817e-11,4.209136681332149e-6,8.579095142101671e-5,0.11111032637832391,-0.11110948963438759
8959,1.5625,-0.11111043164956728,9.471158627911338e-11,9.731987786629892e-6,8.547519903228317e-5,0.11111043164956728,-0.1111094968058585
8960,0.625,-0.11111053448747905,3.072354165312896e-10,1.7528132146104147e-5,8.394541499905485e-5,0.11111053448747905,-0.11110950358906485
8961,0.25,-0.111110636587109,6.505522023481752e-10,2.5505924847928473e-5,8.273599879120128e-5,0.111110636587109,-0.11110951022056426
8962,0.1,-0.11111073855701882,1.1234322034951417e-9,3.351764018386649e-5,8.196583177716944e-5,0.11111073855701882,-0.11110951680356605
8963,0.1,-0.11111084025899236,1.7218469209573333e-9,4.149514334180969e-5,8.149633709270688e-5,0.11111084025899236,-0.11110952323627798
8964,0.1,-0.11111094159443387,2.44186017232601e-9,4.9415181597622506e-5,8.095331414968006e-5,0.11111094159443387,-0.11110952949543434
8965,0.1,-0.11111104246312692,3.2791110811328223e-9,5.726352312888915e-5,8.033730423162505e-5,0.11111104246312692,-0.11110953555857275
8966,0.1,-0.11111114276344863,4.228832583444188e-9,6.50294747283429e-5,7.964896100230245e-5,0.11111114276344863,-0.11110954140412183
8967,0.25,-0.11111124035756877,5.257091243486418e-9,7.250580144710089e-5,7.88925529139077e-5,0.11111124035756877,-0.11110954607380899
8968,0.625,-0.11111132992224969,6.27251735495234e-9,7.919922572192445e-5,7.700524100191658e-5,0.11111132992224969,-0.11110954740516421
8969,1.5625,-0.11111139697458113,7.021654213739772e-9,8.379531140666386e-5,7.206425286599905e-5,0.11111139697458113,-0.11110953987637257
8970,3.90625,-0.11111140416297835,6.881596396739944e-9,8.295538799101565e-5,5.92410288354242e-5,0.11111140416297835,-0.11110951271829231
8971,9.765625,-0.1111112670495575,4.786669221215468e-9,6.918575880349559e-5,2.8547953443835964e-5,0.1111112670495575,-0.11110946266168199
8972,24.4140625,-0.11111083567289785,7.583249433291413e-11,8.708185478784552e-6,4.1294725246407195e-5,0.11111083567289785,-0.11110949180351908
8973,9.765625,-0.11111008259851461,7.956533486028546e-11,8.919940294659234e-6,2.3773221916068937e-5,0.11111008259851461,-0.1111094913234292
8974,3.90625,-0.11110980070098224,9.051716787591214e-11,9.514051075956663e-6,1.646077193381349e-5,0.11110980070098224,-0.11110949115617033
8975,1.5625,-0.11110957380361905,1.0434355183222493e-10,1.0214869153945387e-5,1.3449001544960958e-5,0.11110957380361905,-0.11110949114606107
8976,0.625,-0.11110936114071109,1.206564488125044e-10,1.0984372936699865e-5,1.216284701375857e-5,0.11110936114071109,-0.11110949120842113
8977,1.5625,-0.11110923373951354,1.3101738238660833e-10,1.144628247015634e-5,1.1575952260267701e-5,0.11110923373951354,-0.11110949110905824
8978,3.90625,-0.11110933375513406,1.212599236311691e-10,1.1011808372432254e-5,1.0211423795671127e-5,0.11110933375513406,-0.11110949067991618
8979,9.765625,-0.11110988449056192,7.407414855705928e-11,8.606633985308035e-6,8.104296120008458e-6,0.11110988449056192,-0.11110948998822028
8980,24.4140625,-0.11111056251750291,1.3853014730793231e-11,3.721963827174202e-6,1.0577386841677144e-5,0.11111056251750291,-0.1111094900833579
8981,9.765625,-0.1111102753652041,4.347774699032955e-12,2.085131818143149e-6,1.6841559786476667e-5,0.1111102753652041,-0.11110949042739113
8982,3.90625,-0.1111101821721283,4.268981901490417e-12,2.066151471090737e-6,1.7550844966256892e-5,0.1111101821721283,-0.11110949073205573
8983,1.5625,-0.1111101122343404,9.472424020853242e-12,3.0777303359542794e-6,1.71669749312341e-5,0.1111101122343404,-0.11110949100923796
8984,0.625,-0.11111004822500119,1.93157603034173e-11,4.3949698865199635e-6,1.6752246723773514e-5,0.11111004822500119,-0.11110949127441996
8985,0.25,-0.11110998601445059,3.366066237639441e-11,5.801780965909899e-6,1.6469102513370745e-5,0.11110998601445059,-0.11110949153544247
8986,0.1,-0.11110992437199844,5.2462362210494213e-11,7.243090653201451e-6,1.6294186526830504e-5,0.11110992437199844,-0.11110949179518302
8987,0.1,-0.11110986477509478,7.552414493563167e-11,8.690462872346426e-6,1.6185570728788928e-5,0.11110986477509478,-0.11110949204855736
8988,0.1,-0.11110980744365194,1.0267378741395768e-10,1.0132807479369065e-5,1.6066454973551006e-5,0.11110980744365194,-0.11110949229486779
8989,0.1,-0.11110975258810273,1.3372604897442637e-10,1.1563997966725279e-5,1.5936765749885323e-5,0.11110975258810273,-0.11110949253343888
8990,0.1,-0.11110970040875422,1.6848336301875126e-10,1.2980114137354542e-5,1.5796495235096112e-5,0.11110970040875422,-0.11110949276362478
8991,0.25,-0.11110965842484029,2.0550979906161675e-10,1.433561296427944e-5,1.5646750884250376e-5,0.11110965842484029,-0.11110949294857396
8992,0.625,-0.1111096434804499,2.4104852086694415e-10,1.5525737369508224e-5,1.5295668694848963e-5,0.1111096434804499,-0.11110949300768314
8993,1.5625,-0.11110969700137568,2.6495025505613356e-10,1.6277292620584468e-5,1.4411772324830523e-5,0.11110969700137568,-0.1111094927397251
8994,3.90625,-0.1111099048444066,2.5341877063791304e-10,1.5919132220002228e-5,1.2239480628027716e-5,0.1111099048444066,-0.11110949177154165
8995,9.765625,-0.11111035079456093,1.7008363016061625e-10,1.3041611486339265e-5,8.059467181585337e-6,0.11111035079456093,-0.11110949006305294
8996,24.4140625,-0.11111063978045896,3.4672833593055976e-11,5.888364254447578e-6,1.1220762613689467e-5,0.11111063978045896,-0.1111094899142637
8997,9.765625,-0.11111043834126753,9.040972649208378e-12,3.0068210204813283e-6,2.2914690384127587e-5,0.11111043834126753,-0.11110949059147095
8998,3.90625,-0.11111035395300288,4.404117250281276e-12,2.098598877890026e-6,2.486943371484232e-5,0.11111035395300288,-0.11110949123632471
8999,1.5625,-0.11111028572489205,1.199370279234839e-11,3.463192572229906e-6,2.464343366627039e-5,0.11111028572489205,-0.11110949182404137
9000,0.625,-0.111110221957597,3.017840195087493e-11,5.493487230427948e-6,2.4161810566156212e-5,0.111110221957597,-0.11110949238286312
9001,0.25,-0.11111015963315299,5.859555806126843e-11,7.654773547353862e-6,2.3799370975646727e-5,0.11111015963315299,-0.11110949293067017
9002,0.1,-0.11111009780113212,9.714331144797634e-11,9.856130652947756e-6,2.3570015944337684e-5,0.11111009780113212,-0.11110949347494269
9003,0.1,-0.11111003697802697,1.454684570580047e-10,1.2061030513932244e-5,2.3428413172804777e-5,0.11111003697802697,-0.11110949400662316
9004,0.1,-0.11110997730394052,2.0323615812762221e-10,1.4256091965458915e-5,2.3267667867263723e-5,0.11110997730394052,-0.1111094945239512
9005,0.1,-0.11110991891488226,2.7007905427902e-10,1.6434082094203498e-5,2.308788732556427e-5,0.11110991891488226,-0.11110949502522985
9006,0.1,-0.11110986194237134,3.455987259720419e-10,1.8590285795867742e-5,2.288922831116621e-5,0.11110986194237134,-0.11110949550883122
9007,0.25,-0.11110981028645689,4.269651841400695e-10,2.0663135873822964e-5,2.2673008985231655e-5,0.11110981028645689,-0.11110949589733311
9008,0.625,-0.11110977301103671,5.066201674085323e-10,2.2508224439269577e-5,2.2147131184870065e-5,0.11110977301103671,-0.1111094960177621
9009,1.5625,-0.11110977302647228,5.637394742842104e-10,2.374319848470737e-5,2.0791470414833942e-5,0.11110977302647228,-0.11110949543171061
9010,3.90625,-0.11110986053763454,5.477500421926919e-10,2.3404060378333753e-5,1.7347693910039396e-5,0.11110986053763454,-0.11110949329953645
9011,9.765625,-0.11111010062666789,3.7485843542585144e-10,1.936126120442187e-5,9.875087230715028e-6,0.11111010062666789,-0.11110948943917724
9012,24.4140625,-0.11111035758436161,7.597024080854698e-11,8.716090913279129e-6,1.4130342011624058e-5,0.11111035758436161,-0.11110948895943426
9013,9.765625,-0.11111032939316642,1.7711222414965003e-11,4.208470317700364e-6,3.300864447469418e-5,0.11111032939316642,-0.11110949041203816
9014,3.90625,-0.11111034336993898,5.669076202947522e-12,2.380982192908532e-6,3.621222214701472e-5,0.11111034336993898,-0.11110949180251785
9015,1.5625,-0.11111036087877695,2.0745837123420398e-11,4.55475983158502e-6,3.5981921061974784e-5,0.11111036087877695,-0.11110949306471103
9016,0.625,-0.11111037911072688,5.929552757919424e-11,7.700358925348496e-6,3.5307485918819524e-5,0.11111037911072688,-0.11110949426101195
9017,0.25,-0.11111039755466114,1.205123264232772e-10,1.0977810638887756e-5,3.478881978418246e-5,0.11111039755466114,-0.11110949543207589
9018,0.1,-0.11111041608289879,2.0418285279007686e-10,1.4289256551342231e-5,3.446106310657013e-5,0.11111041608289879,-0.11110949659525747
9019,0.1,-0.11111043486922652,3.095734559446362e-10,1.7594699654857316e-5,3.42613875955596e-5,0.11111043486922652,-0.11110949773178613
9020,0.1,-0.11111045393166497,4.3597768389876587e-10,2.0880078637274474e-5,3.4031729113252934e-5,0.11111045393166497,-0.11110949883766597
9021,0.1,-0.11111047328606362,5.826157248983693e-10,2.4137434099306604e-5,3.377231127397086e-5,0.11111047328606362,-0.11110949990904223
9022,0.1,-0.111110492946015,7.48637690737476e-10,2.7361244319977045e-5,3.348341233252842e-5,0.111110492946015,-0.11110950094221712
9023,0.25,-0.11111051367439129,9.279780016047794e-10,3.0462731354965193e-5,3.3166888900412594e-5,0.11111051367439129,-0.11110950176842946
9024,0.625,-0.1111105370863774,1.1043621248151693e-9,3.323194434298374e-5,3.23820701957186e-5,0.1111105370863774,-0.11110950200863341
9025,1.5625,-0.11111056680788518,1.232773292180148e-9,3.511087142439145e-5,3.0337027538329674e-5,0.11111056680788518,-0.11110950069836598
9026,3.90625,-0.11111060825759402,1.2031110650886885e-9,3.468589144145914e-5,2.507283098626733e-5,0.11111060825759402,-0.11110949597327245
9027,9.765625,-0.11111065209897361,8.295814872436119e-10,2.8802456271012925e-5,1.2995190707132146e-5,0.11111065209897361,-0.11110948735268954
9028,24.4140625,-0.11111057845111512,1.696799782246515e-10,1.3026126754513465e-5,1.9115332623019483e-5,0.11111057845111512,-0.11110948609504354
9029,9.765625,-0.11111045944301325,3.7859060791410685e-11,6.152971704096378e-6,4.8479891800938924e-5,0.11111045944301325,-0.11110948927500887
9030,3.90625,-0.11111037964120013,8.771711084483357e-12,2.9617074609899197e-6,5.349934034714859e-5,0.11111037964120013,-0.111109492335215
9031,1.5625,-0.11111030803069684,4.005492725047279e-11,6.32889621106815e-6,5.32437388860635e-5,0.11111030803069684,-0.11110949511021481
9032,0.625,-0.1111102390167477,1.2355181153205539e-10,1.11153862520407e-5,5.2272006544408025e-5,0.1111102390167477,-0.11110949773675309
9033,0.25,-0.1111101709325797,2.574590756351551e-10,1.6045531329163118e-5,5.1513338075294586e-5,0.1111101709325797,-0.11110950030590976
9034,0.1,-0.11111010322132736,4.4130959160852346e-10,2.100736993553747e-5,5.103263896810963e-5,0.11111010322132736,-0.11110950285705354
9035,0.1,-0.11111003609319643,6.735234187920245e-10,2.595232973727069e-5,5.074056127422503e-5,0.11111003609319643,-0.11110950534996092
9036,0.1,-0.11110996962735692,9.525662821887972e-10,3.0863672532425514e-5,5.04030671659555e-5,0.11110996962735692,-0.11110950777568228
9037,0.1,-0.111109903901499,1.2767398716486933e-9,3.5731496913069476e-5,5.0020494670006284e-5,0.111109903901499,-0.11110951012557924
9038,0.1,-0.11110983899169556,1.6441890515203408e-9,4.054860110435797e-5,4.959325548535727e-5,0.11110983899169556,-0.11110951239135868
9039,0.25,-0.11110977693905116,2.041659886172231e-9,4.5184730674999394e-5,4.912400775219334e-5,0.11110977693905116,-0.11110951420118696
9040,0.625,-0.11110972261449213,2.4335079524703575e-9,4.93305985415782e-5,4.79529444052518e-5,0.11110972261449213,-0.11110951471754422
9041,1.5625,-0.11110968878219027,2.7209673141699384e-9,5.2162892118535166e-5,4.4889321582786845e-5,0.11110968878219027,-0.11110951180507914
9042,3.90625,-0.11110970619598862,2.661817539524386e-9,5.1592805113934116e-5,3.695931618269456e-5,0.11110970619598862,-0.11110950131553285
9043,9.765625,-0.11110983361938966,1.8442102721414804e-9,4.294426937487097e-5,1.827140648401631e-5,0.11110983361938966,-0.11110948207452033
9044,24.4140625,-0.11111011076502786,3.817269890175777e-10,1.953783480884148e-5,2.7034869371396784e-5,0.11111011076502786,-0.11110947896549513
9045,9.765625,-0.11111022709175258,8.405016115959229e-11,9.167887497105988e-6,7.183931938433961e-5,0.11111022709175258,-0.11110948599302281
9046,3.90625,-0.1111103303394835,1.566122619596014e-11,3.957426713908944e-6,7.955845240938032e-5,0.1111103303394835,-0.11110949279101513
9047,1.5625,-0.11111042700530886,8.201720804030086e-11,9.056335243369741e-6,7.92608215738247e-5,0.11111042700530886,-0.11110949895637644
9048,0.625,-0.111110521431284,2.6481671440321986e-10,1.627319004999388e-5,7.784128899094587e-5,0.111110521431284,-0.11110950478847995
9049,0.25,-0.11111061516961314,5.599935705078012e-10,2.3664183284191348e-5,7.671985065619871e-5,0.11111061516961314,-0.11110951049045202
9050,0.1,-0.11111070877756386,9.664923471276016e-10,3.1088460031458644e-5,7.600591772386516e-5,0.11111070877756386,-0.1111095161508728
9051,0.1,-0.1111108021304003,1.480848390115898e-9,3.848179296908991e-5,7.55707841378722e-5,0.1111108021304003,-0.11110952168212763
9052,0.1,-0.11111089513836354,2.099677653064082e-9,4.582223972116686e-5,7.506752409844175e-5,0.11111089513836354,-0.11110952706422741
9053,0.1,-0.11111098771027035,2.8192310957898036e-9,5.30964320438747e-5,7.449664098243845e-5,0.11111098771027035,-0.11110953227787397
9054,0.1,-0.1111110797537035,3.6354106000278687e-9,6.02943662378822e-5,7.385874261931391e-5,0.1111110797537035,-0.11110953730453409
9055,0.25,-0.11111116932088333,4.519037134090234e-9,6.72237839911607e-5,7.315778690211856e-5,0.11111116932088333,-0.11110954132051601
9056,0.625,-0.11111125156132254,5.391548106185408e-9,7.342716191019102e-5,7.140884224385989e-5,0.11111125156132254,-0.11110954246727078
9057,1.5625,-0.11111131327346942,6.035027285480207e-9,7.768543805295949e-5,6.683042272483523e-5,0.11111131327346942,-0.11110953599947966
9058,3.90625,-0.1111113203696078,5.913980751306419e-9,7.690241056889192e-5,5.495099669564946e-5,0.1111113203696078,-0.11110951266461029
9059,9.765625,-0.11111119550883042,4.11261659233983e-9,6.412968573398618e-5,2.6558636932668993e-5,0.11111119550883042,-0.11110946966550801
9060,24.4140625,-0.11111081904260424,8.599452837401379e-10,2.932482367790364e-5,3.909168639350331e-5,0.11111081904260424,-0.11110946221768127
9061,9.765625,-0.11111060974102098,1.8840590052441644e-10,1.3726102889182218e-5,0.00010695506001743134,0.11111060974102098,-0.1111094778467936
9062,3.90625,-0.11111043868378902,2.962998709412371e-11,5.443343374629577e-6,0.00011872877853149153,0.11111043868378902,-0.11110949303177345
9063,1.5625,-0.11111028062357199,1.721931854211448e-10,1.3122240106824169e-5,0.00011837559337816508,0.11111028062357199,-0.11110950681020108
9064,0.625,-0.1111101271992145,5.749708401461224e-10,2.3978549583870214e-5,0.00011628833664848719,0.1111101271992145,-0.11110951984030651
9065,0.25,-0.11110997564190844,1.228765983034021e-9,3.505375847229539e-5,0.00011462379600117943,0.11110997564190844,-0.11110953257552743
9066,0.1,-0.11110982499352384,2.1311653821886416e-9,4.6164546810172866e-5,0.00011355932208700698,0.11110982499352384,-0.11110954521495817
9067,0.1,-0.11110967545410079,3.274503709959752e-9,5.722327944079885e-5,0.00011290805042386045,0.11110967545410079,-0.11110955756624091
9068,0.1,-0.11110952714516596,4.651261230103841e-9,6.820015564574498e-5,0.00011215507173234207,0.11110952714516596,-0.11110956958475264
9069,0.1,-0.11110938018559119,6.253107802410794e-9,7.907659452967606e-5,0.00011130111762153884,0.11110938018559119,-0.11110958122740422
9070,0.1,-0.11110923469153124,8.070937994957722e-9,8.983839933434768e-5,0.00011034707360804583,0.11110923469153124,-0.1111095924528057
9071,0.25,-0.1111090936316019,1.0040227023564027e-8,0.00010020093324697144,0.00010929885198068003,0.1111090936316019,-0.1111096014299234
9072,0.625,-0.11110896424415269,1.198713097623002e-8,0.00010948575695600784,0.0001066874582335466,0.11110896424415269,-0.11110960402195486
9073,1.5625,-0.11110886604516251,1.3429092423357558e-8,0.00011588396102721704,9.985243136019827e-5,0.11110886604516251,-0.11110958965458706
9074,3.90625,-0.11110884950281932,1.3178500476663855e-8,0.00011479765013563586,8.209808055663127e-5,0.11110884950281932,-0.11110953764569592
9075,9.765625,-0.11110903306963842,9.194818799936796e-9,9.588961779012781e-5,3.935225777690406e-5,0.11110903306963842,-0.11110944139345978
9076,24.4140625,-0.11110973956406958,1.4075564004369026e-10,1.1864048214824916e-5,5.619063817277938e-5,0.11110973956406958,-0.11110949675538032
9077,9.765625,-0.11111076345314236,1.4728774551099664e-10,1.2136216276541739e-5,3.228966561316947e-5,0.11111076345314236,-0.1111094958717473
9078,3.90625,-0.11111114341673956,1.685520684653486e-10,1.2982760433180172e-5,2.199556265870217e-5,0.11111114341673956,-0.11110949553609202
9079,1.5625,-0.11111144851172816,1.9555683662709496e-10,1.3984163780044016e-5,1.7614495763960796e-5,0.11111144851172816,-0.11110949548675139
9080,0.625,-0.11111173434076695,2.275423564555181e-10,1.5084507166477733e-5,1.5691812562158454e-5,0.11111173434076695,-0.11110949557086638
9081,1.5625,-0.11111190342033973,2.481142512019097e-10,1.5751642809621787e-5,1.4800428413241806e-5,0.11111190342033973,-0.11110949534595069
9082,3.90625,-0.11111176174270027,2.2949832062777518e-10,1.514920197989898e-5,1.267597102990123e-5,0.11111176174270027,-0.11110949449219146
9083,9.765625,-0.11111100748038133,1.3846006707166564e-10,1.1766905586077659e-5,9.181572603576515e-6,0.11111100748038133,-0.11110949315422056
9084,24.4140625,-0.11111010173173365,2.4058209950713826e-11,4.904916915780921e-6,1.3050313468997025e-5,0.11111010173173365,-0.11110949334552088
9085,9.765625,-0.11111050943456527,5.697230669293311e-12,2.3868872343060767e-6,2.2310517171395293e-5,0.11111050943456527,-0.1111094939851583
9086,3.90625,-0.11111063984091324,5.441866451850381e-12,2.3327808409386386e-6,2.3345823647363553e-5,0.11111063984091324,-0.11110949453452354
9087,1.5625,-0.11111073752773748,1.5250380642155792e-11,3.905173573883214e-6,2.280547322479551e-5,0.11111073752773748,-0.11110949502566841
9088,0.625,-0.11111082692210954,3.3893549644341636e-11,5.821816696216194e-6,2.2215734855312773e-5,0.11111082692210954,-0.11110949549157385
9089,0.25,-0.11111091382063372,6.110761881160187e-11,7.817136228287306e-6,2.1812116285436643e-5,0.11111091382063372,-0.11110949594861297
9090,0.1,-0.11111099994655242,9.680786948986639e-11,9.839099018196046e-6,2.1562778976802982e-5,0.11111099994655242,-0.1111094964028616
9091,0.1,-0.11111108317687457,1.4061971412527061e-10,1.1858318351489414e-5,2.1408228143888268e-5,0.11111108317687457,-0.1111094968450791
9092,0.1,-0.11111116320024794,1.9221555066853183e-10,1.3864182293540858e-5,2.1238357638658897e-5,0.11111116320024794,-0.11110949727393042
9093,0.1,-0.11111123971873181,2.51242945021038e-10,1.5850644940223662e-5,2.1053045322693986e-5,0.11111123971873181,-0.11110949768812509
9094,0.1,-0.11111131244873391,3.173259816663237e-10,1.781364593973743e-5,2.0852257006189093e-5,0.11111131244873391,-0.1111094980864274
9095,0.25,-0.11111137068619997,3.877275854406071e-10,1.9690799512478083e-5,2.0637551004394972e-5,0.11111137068619997,-0.11110949839921686
9096,0.625,-0.11111139047681097,4.5529002676643685e-10,2.1337526256959518e-5,2.0131814655579768e-5,0.11111139047681097,-0.11110949847391002
9097,1.5625,-0.11111131297348127,5.006997762076672e-10,2.2376321775655336e-5,1.8851658549968745e-5,0.11111131297348127,-0.11110949792964274
9098,3.90625,-0.11111101658595482,4.78805508258295e-10,2.1881624899862785e-5,1.5661808454269324e-5,0.11111101658595482,-0.11110949606102011
9099,9.765625,-0.11111038506001482,3.2100804283001045e-10,1.7916697319260893e-5,9.14238227582198e-6,0.11111038506001482,-0.11110949279471849
9100,24.4140625,-0.11110999028761522,6.407598854708e-11,8.00474787529751e-6,1.400147539703716e-5,0.11110999028761522,-0.11110949250298907
9101,9.765625,-0.11111027820623301,1.4675151968828284e-11,3.830816096973109e-6,3.09538031960215e-5,0.11111027820623301,-0.11110949377863165
9102,3.90625,-0.11111039764288648,5.466092368377003e-12,2.3379675721397426e-6,3.375586154342652e-5,0.11111039764288648,-0.11110949498116272
9103,1.5625,-0.11111049397972253,1.9616384145772064e-11,4.4290387383462865e-6,3.345911971701989e-5,0.11111049397972253,-0.11110949606895422
9104,0.625,-0.11111058400114772,5.3996253421031917e-11,7.3482143015178805e-6,3.279053181265188e-5,0.11111058400114772,-0.1111094970989709
9105,0.25,-0.11111067201891632,1.079084459622727e-10,1.0387899015791052e-5,3.228426116686152e-5,0.11111067201891632,-0.11110949810679495
9106,0.1,-0.11111075938882731,1.8115739401119553e-10,1.3459472278332294e-5,3.1963103695803516e-5,0.11111075938882731,-0.11110949910736626
9107,0.1,-0.111110845340422,2.7307571115822074e-10,1.652500260690511e-5,3.176461632577822e-5,0.111110845340422,-0.11110950008398723
9108,0.1,-0.11111092966998097,3.830283325555896e-10,1.9571109640375266e-5,3.153914369975542e-5,0.11111092966998097,-0.11110950103329743
9109,0.1,-0.11111101217942425,5.103181681659501e-10,2.2590222844539407e-5,3.128680572398445e-5,0.11111101217942425,-0.11110950195205427
9110,0.1,-0.11111109267688953,6.541888722781022e-10,2.5577116183770645e-5,3.100778887756199e-5,0.11111109267688953,-0.11110950283714871
9111,0.25,-0.11111116547327506,8.092767643033761e-10,2.844779014797768e-5,3.070390354055739e-5,0.11111116547327506,-0.1111095035416891
9112,0.625,-0.11111121735793633,9.612464121261529e-10,3.100397413439369e-5,2.9963706752503588e-5,0.11111121735793633,-0.11110950373688715
9113,1.5625,-0.11111121496572289,1.0705827447110546e-9,3.2719760767937385e-5,2.8050640955704342e-5,0.11111121496572289,-0.1111095025886951
9114,3.90625,-0.1111110853636407,1.0412506550982106e-9,3.226841575129171e-5,2.3154344066545514e-5,0.1111110853636407,-0.11110949849679141
9115,9.765625,-0.11111073533344056,7.137111541534802e-10,2.6715372992969428e-5,1.2094771477883755e-5,0.11111073533344056,-0.11110949109985521
9116,24.4140625,-0.11111037068252312,1.4406315324770564e-10,1.2002631096876453e-5,1.8272115300100492e-5,0.11111037068252312,-0.1111094901361744
9117,9.765625,-0.11111041930087148,3.1711954186865377e-11,5.63133680282625e-6,4.5153656097148195e-5,0.11111041930087148,-0.11110949289446824
9118,3.90625,-0.11111040329497558,7.89577161150138e-12,2.8099415672752663e-6,4.969361166406801e-5,0.11111040329497558,-0.1111094955295871
9119,1.5625,-0.11111038177702012,3.601430717022487e-11,6.001192145751115e-6,4.9402470985617646e-5,0.11111038177702012,-0.11110949791491077
9120,0.625,-0.11111035916916359,1.0906112350037928e-10,1.0443233383410489e-5,4.8474626103930336e-5,0.11111035916916359,-0.111109500171636
9121,0.25,-0.11111033631621733,2.2548151062290434e-10,1.5016041776144083e-5,4.7756439716409864e-5,0.11111033631621733,-0.11110950237877697
9122,0.1,-0.111110313439949,3.8486176032896516e-10,1.9617893881071056e-5,4.730132963622214e-5,0.111110313439949,-0.11110950457019994
9123,0.1,-0.111110290255382,5.858094146703622e-10,2.4203500050000253e-5,4.70235443000308e-5,0.111110290255382,-0.11110950671075132
9124,0.1,-0.11111026672502922,8.269791070036097e-10,2.8757244426467736e-5,4.670391436362162e-5,0.11111026672502922,-0.1111095087927808
9125,0.1,-0.11111024281392246,1.1068855422574787e-9,3.326988942358358e-5,4.634273722758239e-5,0.11111024281392246,-0.11110951080890755
9126,0.1,-0.11111021848980666,1.4239097364941089e-9,3.773472852021211e-5,4.5940382938919754e-5,0.11111021848980666,-0.1111095127520492
9127,0.25,-0.11111019240074102,1.7665303791904178e-9,4.203011276680587e-5,4.549942247617113e-5,0.11111019240074102,-0.11110951430074265
9128,0.625,-0.11111016160750685,2.103817843356957e-9,4.5867394119973256e-5,4.440604116476462e-5,0.11111016160750685,-0.11110951473202364
9129,1.5625,-0.11111011930361389,2.350171482269911e-9,4.847856724646378e-5,4.15540900624676e-5,0.11111011930361389,-0.11110951220475612
9130,3.90625,-0.11111005418745178,2.2960019223857227e-9,4.7916614262547e-5,3.418581716697222e-5,0.11111005418745178,-0.11110950315229332
9131,9.765625,-0.11110997556007673,1.5864053452086616e-9,3.9829704307321456e-5,1.690370357083908e-5,0.11110997556007673,-0.11110948661629826
9132,24.4140625,-0.11111006886248107,3.253260150857727e-10,1.8036796142490846e-5,2.5430955896892506e-5,0.11111006886248107,-0.11110948409421942
9133,9.765625,-0.11111024521682901,7.094100745296109e-11,8.422648482096418e-6,6.675389748756533e-5,0.11111024521682901,-0.11110949016357445
9134,3.90625,-0.11111036124445105,1.3675360074482514e-11,3.6980211024928606e-6,7.381950095741024e-5,0.11111036124445105,-0.11110949601007963
9135,1.5625,-0.11111046517240722,7.224933782997701e-11,8.49996104873293e-6,7.350214227947538e-5,0.11111046517240722,-0.11110950130725979
9136,0.625,-0.11111056545969014,2.3096749561108662e-10,1.519761480006276e-5,7.216738400413222e-5,0.11111056545969014,-0.11110950631719599
9137,0.25,-0.11111066461693471,4.86348566855136e-10,2.2053311924859176e-5,7.111908942848992e-5,0.11111066461693471,-0.11110951121545193
9138,0.1,-0.11111076348611569,8.374876152126044e-10,2.8939378279648726e-5,7.045304089410078e-5,0.11111076348611569,-0.11110951607822034
9139,0.1,-0.11111086171315317,1.2813782642756921e-9,3.579634428647278e-5,7.004744696793355e-5,0.11111086171315317,-0.11110952082946943
9140,0.1,-0.11111095916528096,1.8150919933921947e-9,4.260389645786163e-5,6.957876054041047e-5,0.11111095916528096,-0.11110952545203573
9141,0.1,-0.11111105571035364,2.4353862902429363e-9,4.93496331317968e-5,6.90474352610585e-5,0.11111105571035364,-0.11110952992934912
9142,0.1,-0.11111115121717328,3.138718369450619e-9,5.6024265898364244e-5,6.845402515745146e-5,0.11111115121717328,-0.1111095342454985
9143,0.25,-0.11111124237606648,3.899836226660136e-9,6.244866873409021e-5,6.7802210612236e-5,0.11111124237606648,-0.11110953768991688
9144,0.625,-0.11111132125990206,4.650791360656236e-9,6.819671077593286e-5,6.617656177378406e-5,0.11111132125990206,-0.11110953866056979
9145,1.5625,-0.11111136711475395,5.203210181728431e-9,7.213328068047669e-5,6.192247912998168e-5,0.11111136711475395,-0.11110953306987963
9146,3.90625,-0.11111133048192937,5.094654093164202e-9,7.137684563753291e-5,5.0891405706689094e-5,0.11111133048192937,-0.11110951296203313
9147,9.765625,-0.11111112160098632,3.5364969610040612e-9,5.9468453494302854e-5,2.4598218660251666e-5,0.11111112160098632,-0.11110947600614567
9148,24.4140625,-0.1111107108574789,7.353052870551145e-10,2.711651318025816e-5,3.659280627201046e-5,0.1111107108574789,-0.11110946981232608
9149,9.765625,-0.11111056331295208,1.605730499700526e-10,1.2671742183695682e-5,9.926731974881694e-5,0.11111056331295208,-0.11110948327152428
9150,3.90625,-0.11111042544053774,2.6422601541089386e-11,5.140291970412711e-6,0.00011009217424241108,0.11111042544053774,-0.11110949631559403
9151,1.5625,-0.11111029596039615,1.5118327062404742e-10,1.2295660642033327e-5,0.00010972623068095523,0.11111029596039615,-0.1111095081452988
9152,0.625,-0.11111016975268923,4.995933698451109e-10,2.23515853989177e-5,0.00010777549760456812,0.11111016975268923,-0.11110951933218151
9153,0.25,-0.11111004493076067,1.0637870389319406e-9,3.261574832702663e-5,0.00010622647202392332,0.11111004493076067,-0.11110953026679868
9154,0.1,-0.11110992082044922,1.8417073384917892e-9,4.291511783150303e-5,0.00010523791221527701,0.11110992082044922,-0.11110954112007748
9155,0.1,-0.11110979749794746,2.826734093020263e-9,5.3167039535978144e-5,0.00010463415865432575,0.11110979749794746,-0.11110955172552382
9156,0.1,-0.11110967504598214,4.0123855282657585e-9,6.334339372235876e-5,0.00010393600013998003,0.11110967504598214,-0.1111095620447705
9157,0.1,-0.11110955354591649,5.3914819140113476e-9,7.342671117523478e-5,0.00010314412387760189,0.11110955354591649,-0.11110957204077218
9158,0.1,-0.11110943307776648,6.956175925378465e-9,8.340369251644957e-5,0.00010225936002167833,0.11110943307776648,-0.11110958167794839
9159,0.25,-0.11110931555071071,8.650759026292952e-9,9.300945664981035e-5,0.00010128719801582491,0.11110931555071071,-0.11110958937901898
9160,0.625,-0.11110920572067433,1.0325190997743489e-8,0.00010161294699861573,9.886346965808261e-5,0.11110920572067433,-0.11110959158241747
9161,1.5625,-0.11110911674686967,1.156312655723771e-8,0.00010753197923054197,9.25186090321403e-5,0.11110911674686967,-0.1111095791886252
9162,3.90625,-0.11110908460034206,1.1340565568050279e-8,0.00010649209157515068,7.604133378115037e-5,0.11110908460034206,-0.11110953442316415
9163,9.765625,-0.11110920487371483,7.901444531928068e-9,8.889006992869377e-5,3.6431967816351675e-5,0.11110920487371483,-0.11110945173840953
9164,24.4140625,-0.1111099706054803,1.2123613710414752e-10,1.1010728273104714e-5,5.2434018823091055e-5,0.1111099706054803,-0.11110949956167188
9165,9.765625,-0.11111066219675578,1.278332952441771e-10,1.1306338719681855e-5,2.969151084962915e-5,0.11111066219675578,-0.11110949874786578
9166,3.90625,-0.11111091372092481,1.4514413555414302e-10,1.2047577995354212e-5,2.0184082626117694e-5,0.11111091372092481,-0.1111094984522867
9167,1.5625,-0.11111111593914028,1.671035082197925e-10,1.2926852216212287e-5,1.6237024412228106e-5,0.11111111593914028,-0.11110949841035853
9168,0.625,-0.11111130554450672,1.9303604727067944e-10,1.3893741298537246e-5,1.4532733914562142e-5,0.11111130554450672,-0.11110949848481884
9169,1.5625,-0.11111141666462111,2.0967673209944228e-10,1.4480218648191826e-5,1.3747513619885193e-5,0.11111141666462111,-0.11110949830073404
9170,3.90625,-0.11111131966288668,1.9480869048032008e-10,1.3957388383229869e-5,1.1898155246762416e-5,0.11111131966288668,-0.11110949758594274
9171,9.765625,-0.11111081540072089,1.1975110483001677e-10,1.0943084794975171e-5,8.887010142272816e-6,0.11111081540072089,-0.11110949643813209
9172,24.4140625,-0.11111022158926875,2.062399041829138e-11,4.541364378498094e-6,1.236040001652908e-5,0.11111022158926875,-0.11110949660829485
9173,9.765625,-0.11111047927250979,5.253875437035497e-12,2.2921333811616413e-6,2.0805314861347988e-5,0.11111047927250979,-0.1111094971554174
9174,3.90625,-0.11111055475964518,4.914597383211457e-12,2.216889122895292e-6,2.1778659195528994e-5,0.11111055475964518,-0.11110949763291063
9175,1.5625,-0.11111060966420448,1.3197204558436467e-11,3.632795694563137e-6,2.1295902871075198e-5,0.11111060966420448,-0.11110949806171572
9176,0.625,-0.11111065943962704,2.904822881500625e-11,5.389640879966517e-6,2.0759236671791264e-5,0.11111065943962704,-0.11110949846913165
9177,0.25,-0.11111070768957394,5.22368081580295e-11,7.2275035910077205e-6,2.038980464673152e-5,0.11111070768957394,-0.11110949886894926
9178,0.1,-0.11111075547424881,8.268751664720187e-11,9.093267655095272e-6,2.0160558486489836e-5,0.11111075547424881,-0.11110949926631568
9179,0.1,-0.1111108013997421,1.2008935476808005e-10,1.0958528859663603e-5,2.0017763820700928e-5,0.1111108013997421,-0.11110949965333732
9180,0.1,-0.11111084527104777,1.6416710688091396e-10,1.2812771241262132e-5,1.9861056302082603e-5,0.11111084527104777,-0.1111095000288739
9181,0.1,-0.11111088690202564,2.146245805450228e-10,1.4650071008190466e-5,1.9690304895765634e-5,0.11111088690202564,-0.11110950039182241
9182,0.1,-0.11111092611599899,2.711456416111997e-10,1.646650058789662e-5,1.9505460745379035e-5,0.11111092611599899,-0.11110950074112408
9183,0.25,-0.11111095607043396,3.3145366828989243e-10,1.8205869061648565e-5,1.930794029685237e-5,0.11111095607043396,-0.1111095010172519
9184,0.625,-0.1111109615128995,3.89574293586196e-10,1.9737636474162655e-5,1.8844332945356016e-5,0.1111109615128995,-0.11110950108949634
9185,1.5625,-0.1111109051304755,4.29286824708499e-10,2.0719238033974583e-5,1.7671779031924687e-5,0.1111109051304755,-0.1111095006303778
9186,3.90625,-0.11111071066021554,4.1212415106084776e-10,2.0300841141707595e-5,1.474744843070551e-5,0.11111071066021554,-0.11110949902760832
9187,9.765625,-0.11111031049605272,2.775738940059196e-10,1.6660549030746844e-5,8.76833207452632e-6,0.11111031049605272,-0.11110949620312063
9188,24.4140625,-0.11111009331970094,5.526324794105694e-11,7.433925473197652e-6,1.3189038708348252e-5,0.11111009331970094,-0.11110949595743845
9189,9.765625,-0.11111029388199788,1.3065548594125464e-11,3.61462980042569e-6,2.886578025532572e-5,0.11111029388199788,-0.11110949705873241
9190,3.90625,-0.11111038221875626,5.244302379693543e-12,2.2900441872797004e-6,3.143837245103818e-5,0.11111038221875626,-0.11110949809890647
9191,1.5625,-0.11111045487708847,1.753204298352199e-11,4.187128250187948e-6,3.11570297984171e-5,0.11111045487708847,-0.11110949904118911
9192,0.625,-0.11111052320454332,4.7244892568980776e-11,6.873492021453198e-6,3.0535828859135466e-5,0.11111052320454332,-0.11110949993417125
9193,0.25,-0.11111059015344402,9.378425325694204e-11,9.684227034562028e-6,3.0066363818293742e-5,0.11111059015344402,-0.11110950080825507
9194,0.1,-0.11111065665817955,1.5698178073653475e-10,1.2529237037287417e-5,2.9768738070689367e-5,0.11111065665817955,-0.1111095016761879
9195,0.1,-0.11111072219944555,2.3626146861062e-10,1.5370799218343202e-5,2.9584804352789598e-5,0.11111072219944555,-0.11110950252346023
9196,0.1,-0.11111078663618264,3.310759106914212e-10,1.8195491493538205e-5,2.9375894115479547e-5,0.11111078663618264,-0.11110950334717482
9197,0.1,-0.11111084983094328,4.4082435012531773e-10,2.0995817443608088e-5,2.914212603224338e-5,0.11111084983094328,-0.11110950414453856
9198,0.1,-0.11111091165028286,5.648550544019664e-10,2.3766679498869134e-5,2.8883680214147847e-5,0.11111091165028286,-0.11110950491287126
9199,0.25,-0.11111096819191468,6.985463886951391e-10,2.6430028162965303e-5,2.8602244072294732e-5,0.11111096819191468,-0.11110950552541056
9200,0.625,-0.11111101037012498,8.295470962838314e-10,2.8801859250469083e-5,2.7917158816826525e-5,0.11111101037012498,-0.11110950569852945
9201,1.5625,-0.11111101516375332,9.237991475829571e-10,3.039406434787814e-5,2.6147522458999043e-5,0.11111101516375332,-0.11110950471274686
9202,3.90625,-0.11111093183253314,8.98441744487598e-10,2.997401782356843e-5,2.1623750176010954e-5,0.11111093183253314,-0.11110950118757422
9203,9.765625,-0.11111069272721458,6.155273222286395e-10,2.480982309950314e-5,1.1479047623688674e-5,0.11111069272721458,-0.11110949481504322
9204,24.4140625,-0.11111042189845567,1.2394235550784036e-10,1.1132940110673387e-5,1.720206537012411e-5,0.11111042189845567,-0.11110949400684295
9205,9.765625,-0.11111043120395303,2.75426528827958e-11,5.248109457966345e-6,4.200128339732861e-5,0.11111043120395303,-0.11110949638681472
9206,3.90625,-0.11111040227248302,7.308587819414091e-12,2.7034399973763227e-6,4.618102080143302e-5,0.11111040227248302,-0.11110949865919935
9207,1.5625,-0.11111037119039154,3.1789521402247556e-11,5.638219701488011e-6,4.5899732474718393e-5,0.11111037119039154,-0.11110950071672963
9208,0.625,-0.11111033989620334,9.496416785570614e-11,9.744956021229965e-6,4.503505992101131e-5,0.11111033989620334,-0.11110950266390154
9209,0.25,-0.11111030862576159,1.95498906171852e-10,1.3982092338840134e-5,4.4367576237556834e-5,0.11111030862576159,-0.11110950456863938
9210,0.1,-0.11111027741382588,3.3304004378899385e-10,1.8249384750971576e-5,4.394513211438413e-5,0.11111027741382588,-0.11110950646000081
9211,0.1,-0.11111024609385216,5.063850662732233e-10,2.2503001272568583e-5,4.3687546496225244e-5,0.11111024609385216,-0.11110950830751389
9212,0.1,-0.11111021465640547,7.143737426791516e-10,2.672777100094865e-5,4.3391166431418436e-5,0.11111021465640547,-0.11110951010458942
9213,0.1,-0.11111018309360392,9.557251099192106e-10,3.091480405759044e-5,4.30562686899043e-5,0.11111018309360392,-0.11110951184487025
9214,0.1,-0.11111015139921032,1.2290428547454477e-9,3.505770749415095e-5,4.2683198180297535e-5,0.11111015139921032,-0.11110951352225669
9215,0.25,-0.11111011903303009,1.524375085893657e-9,3.904324635444211e-5,4.2274331658351473e-5,0.11111011903303009,-0.11110951485940417
9216,0.625,-0.11111008492058723,1.8150095040330516e-9,4.2602928350443844e-5,4.126018222610415e-5,0.11111008492058723,-0.11110951523283229
9217,1.5625,-0.11111004690074629,2.027029112369444e-9,4.502254004795203e-5,3.861507442732621e-5,0.11111004690074629,-0.11110951305526721
9218,3.90625,-0.11111000345513986,1.9795135724357685e-9,4.4491724763553146e-5,3.17857281897647e-5,0.11111000345513986,-0.11110950525451249
9219,9.765625,-0.11110997391075793,1.3664731710721018e-9,3.696583789219584e-5,1.583629505846129e-5,0.11110997391075793,-0.11110949101991237
9220,24.4140625,-0.11111009952789574,2.795301776605281e-10,1.6719156009216735e-5,2.3816182544285003e-5,0.11111009952789574,-0.11110948889178102
9221,9.765625,-0.11111024834899605,6.11279797612818e-11,7.818438447751686e-6,6.200937983867181e-5,0.11111024834899605,-0.11110949412264923
9222,3.90625,-0.11111035177541431,1.2336373607670173e-11,3.512317412716307e-6,6.852924074043602e-5,0.11111035177541431,-0.11110949915673166
9223,1.5625,-0.11111044529786426,6.322895934187111e-11,7.951663935420757e-6,6.822212454255914e-5,0.11111044529786426,-0.1111095037177775
9224,0.625,-0.11111053577886378,2.003188517212488e-10,1.4153404244959895e-5,6.697964487232e-5,0.11111053577886378,-0.11110950803208541
9225,0.25,-0.11111062530860966,4.206207923596048e-10,2.0509041722118683e-5,6.600620391962972e-5,0.11111062530860966,-0.11110951225073597
9226,0.1,-0.11111071459545457,7.233620031360387e-10,2.6895389997842356e-5,6.538862569622829e-5,0.11111071459545457,-0.11110951643918388
9227,0.1,-0.11111080336757367,1.1059495016185668e-9,3.325581906401595e-5,6.501313279395285e-5,0.11111080336757367,-0.11110952053168
9228,0.1,-0.1111108915136546,1.5658604814437462e-9,3.957095502314477e-5,6.457908437455317e-5,0.1111108915136546,-0.11110952451344222
9229,0.1,-0.11111097892261985,2.1003014177209557e-9,4.582904556851425e-5,6.408690558330077e-5,0.11111097892261985,-0.1111095283702009
9230,0.1,-0.11111106548387463,2.7062199098577857e-9,5.202134090791765e-5,6.353711491045669e-5,0.11111106548387463,-0.11110953208825425
9231,0.25,-0.11111114847995959,3.361824598077375e-9,5.798124350233768e-5,6.293311584966816e-5,0.11111114847995959,-0.11110953505514208
9232,0.625,-0.1111112213647761,4.008486815483391e-9,6.331261182010572e-5,6.142531689678844e-5,0.1111112213647761,-0.11110953589045801
9233,1.5625,-0.11111126689750184,4.483697204554711e-9,6.696041520596113e-5,5.7478669134959614e-5,0.11111126689750184,-0.11110953107307216
9234,3.90625,-0.11111124344139865,4.388655315125628e-9,6.624692683533046e-5,4.724760164652876e-5,0.11111124344139865,-0.11110951375475828
9235,9.765625,-0.11111107212985574,3.0440323821000227e-9,5.517275035830662e-5,2.2918358875515374e-5,0.11111107212985574,-0.11110948195668295
9236,24.4140625,-0.11111070664826185,6.314693576943022e-10,2.51290540549043e-5,3.41477334303045e-5,0.11111070664826185,-0.11110947670480932
9237,9.765625,-0.11111055937842389,1.3802585452763224e-10,1.1748440514707994e-5,9.213727585573383e-5,0.11111055937842389,-0.11110948829269424
9238,3.90625,-0.11111042689428516,2.353205613758304e-11,4.8509850687858275e-6,0.00010213667566729382,0.11111042689428516,-0.11110949951286299
9239,1.5625,-0.11111030299931167,1.3173775618459365e-10,1.147770692188094e-5,0.00010178125024834544,0.11111030299931167,-0.11110950968731255
9240,0.625,-0.11111018234848923,4.3234725967770433e-10,2.0792961782240265e-5,9.996599415331164e-5,0.11111018234848923,-0.11110951930939497
9241,0.25,-0.11111006303614776,9.186139340470874e-10,3.030864454321716e-5,9.852744137087889e-5,0.11111006303614776,-0.11110952871517349
9242,0.1,-0.11110994438710331,1.5887794937265971e-9,3.985949690759527e-5,9.761038725371948e-5,0.11110994438710331,-0.11110953805151669
9243,0.1,-0.11110982649594758,2.4371384395769143e-9,4.936738234479234e-5,9.7050898332741e-5,0.11110982649594758,-0.11110954717466005
9244,0.1,-0.1111097094474696,3.4581100035952795e-9,5.880569703349565e-5,9.640378190851331e-5,0.1111097094474696,-0.11110955605158115
9245,0.1,-0.11110959332512127,4.6455119439056945e-9,6.815799251669385e-5,9.566968060317936e-5,0.11110959332512127,-0.11110956465039568
9246,0.1,-0.11110947821101032,5.9925867402785426e-9,7.741179974834937e-5,9.484936969347372e-5,0.11110947821101032,-0.11110957294048267
9247,0.25,-0.11110936607920847,7.451299843196825e-9,8.632091196921419e-5,9.394793139078698e-5,0.11110936607920847,-0.11110957956339625
9248,0.625,-0.11110926182017247,8.892294558933036e-9,9.429896372141656e-5,9.169925383629919e-5,0.11110926182017247,-0.11110958145251763
9249,1.5625,-0.11110917885630209,9.956674219187076e-9,9.978313594584546e-5,8.581181595181475e-5,0.11110917885630209,-0.11110957077479831
9250,3.90625,-0.11110915320417758,9.762030571208733e-9,9.880298867548863e-5,7.052494925896976e-5,0.11110915320417758,-0.11110953223995386
9251,9.765625,-0.11110927673183094,6.796694392741826e-9,8.244206688785663e-5,3.38244726137951e-5,0.11110927673183094,-0.11110946113198422
9252,24.4140625,-0.111109952123909,1.0543196180425246e-10,1.0268006710372391e-5,4.883691492531437e-5,0.111109952123909,-0.11110950236258894
9253,9.765625,-0.11111065604255792,1.1098194372513901e-10,1.0534796805118693e-5,2.779071934727946e-5,0.11111065604255792,-0.11110950166723682
9254,3.90625,-0.11111091426841269,1.2607937286373333e-10,1.1228507152054246e-5,1.8992775816554917e-5,0.11111091426841269,-0.11110950141737426
9255,1.5625,-0.11111112185700966,1.4523981224562878e-10,1.2051548126511746e-5,1.5346490661069678e-5,0.11111112185700966,-0.11110950138720663
9256,0.625,-0.11111131645402954,1.6788239460011252e-10,1.2956943875779987e-5,1.3775355441017396e-5,0.11111131645402954,-0.11110950145799164
9257,1.5625,-0.11111143113521607,1.8239666501626932e-10,1.3505430945226046e-5,1.3052651932694445e-5,0.11111143113521607,-0.1111095013036537
9258,3.90625,-0.11111133355598446,1.6930921912656618e-10,1.301188760812843e-5,1.1355844226899548e-5,0.11111133355598446,-0.11110950068795959
9259,9.765625,-0.11111081926253234,1.0382462696515165e-10,1.0189437028862372e-5,8.628782776854475e-6,0.11111081926253234,-0.11110949969883893
9260,24.4140625,-0.11111020764818005,1.817818643443551e-11,4.263588445715124e-6,1.176968907316328e-5,0.11111020764818005,-0.11110949984524583
9261,9.765625,-0.11111047528793143,4.887582977182411e-12,2.2107878634510393e-6,1.9503481961987107e-5,0.11111047528793143,-0.11110950032138127
9262,3.90625,-0.11111055666209788,4.663602395027822e-12,2.1595375419352687e-6,2.038674611146468e-5,0.11111055666209788,-0.11110950073789867
9263,1.5625,-0.11111061659967193,1.1887349035401684e-11,3.4478035088156756e-6,1.9933433416390275e-5,0.11111061659967193,-0.11110950111302605
9264,0.625,-0.11111067115746617,2.56499262736676e-11,5.064575626216633e-6,1.943484059801033e-5,0.11111067115746617,-0.11110950147002356
9265,0.25,-0.1111107241068313,4.5753120470973326e-11,6.764105297153004e-6,1.9092554131637294e-5,0.1111107241068313,-0.11110950182061989
9266,0.1,-0.11111077656206818,7.213224653802869e-11,8.49307050118087e-6,1.8880416323477854e-5,0.11111077656206818,-0.11110950216917106
9267,0.1,-0.11111082709757765,1.045157726873963e-10,1.0223295588380309e-5,1.874836050425473e-5,0.11111082709757765,-0.11110950250876535
9268,0.1,-0.11111087551004568,1.4266422063553065e-10,1.194421285123179e-5,1.8603496307202666e-5,0.11111087551004568,-0.11110950283841792
9269,0.1,-0.11111092160521797,1.8631993247284236e-10,1.3649905951062168e-5,1.84457103271652e-5,0.11111092160521797,-0.1111095031571774
9270,0.1,-0.11111096519851237,2.35207987910767e-10,1.5336492034059387e-5,1.8274966214696242e-5,0.11111096519851237,-0.11110950346413126
9271,0.25,-0.11111099921494913,2.873435868206961e-10,1.6951211957281876e-5,1.8092584881576455e-5,0.11111099921494913,-0.11110950370769714
9272,0.625,-0.11111100785863331,3.375231613193678e-10,1.837180343132834e-5,1.766481843554762e-5,0.11111100785863331,-0.11110950377474357
9273,1.5625,-0.11111095241951788,3.716395489074507e-10,1.9277954998065815e-5,1.658444359719492e-5,0.11111095241951788,-0.11110950338214988
9274,3.90625,-0.11111075341263052,3.563483304535418e-10,1.887719074580595e-5,1.3900826316543643e-5,0.11111075341263052,-0.11110950200201976
9275,9.765625,-0.11111033800247805,2.396403808017339e-10,1.5480322373960237e-5,8.508310228496547e-6,0.11111033800247805,-0.1111094995715275
9276,24.4140625,-0.11111009797797063,4.790603422387866e-11,6.921418512406157e-6,1.253867903850093e-5,0.11111009797797063,-0.11110949936419817
9277,9.765625,-0.11111029861551505,1.159398525362722e-11,3.404994163523224e-6,2.6915779672542246e-5,0.11111029861551505,-0.11110950031612203
9278,3.90625,-0.11111038513991425,4.9341518966131924e-12,2.2212950944467493e-6,2.9282892495005108e-5,0.11111038513991425,-0.11110950121634894
9279,1.5625,-0.11111045582222405,1.559781593312611e-11,3.949407035635364e-6,2.901726032557354e-5,0.11111045582222405,-0.11110950203292128
9280,0.625,-0.11111052214219834,4.1274243319703203e-11,6.4245033519878565e-6,2.8440371690610465e-5,0.11111052214219834,-0.11110950280737651
9281,0.25,-0.1111105870738062,8.144888732353386e-11,9.024903729322205e-6,2.8005211443772363e-5,0.1111105870738062,-0.11110950356572359
9282,0.1,-0.11111065155621908,1.3597723742511702e-10,1.166092781150441e-5,2.7729558362599763e-5,0.11111065155621908,-0.11110950431885203
9283,0.1,-0.11111071506496027,2.0436133613040415e-10,1.4295500555433662e-5,2.755928532474591e-5,0.11111071506496027,-0.11110950505416368
9284,0.1,-0.11111077745861653,2.8612850356339374e-10,1.691533338611432e-5,2.7365913111615904e-5,0.11111077745861653,-0.11110950576916277
9285,0.1,-0.11111083859950444,3.80760021772457e-10,1.9513073099141944e-5,2.7149557052285752e-5,0.11111083859950444,-0.11110950646144255
9286,0.1,-0.11111089835406347,4.876931922195627e-10,2.2083776674734843e-5,2.691038999078278e-5,0.11111089835406347,-0.1111095071286944
9287,0.25,-0.11111095279896072,6.029339794203035e-10,2.455471399589707e-5,2.6649979282635392e-5,0.11111095279896072,-0.11110950766153135
9288,0.625,-0.11111099280727996,7.15811061241376e-10,2.6754645601117127e-5,2.6016198295381278e-5,0.11111099280727996,-0.11110950781532287
9289,1.5625,-0.11111099527901346,7.96908329148465e-10,2.8229564806218055e-5,2.4379958415847863e-5,0.11111099527901346,-0.11110950696973908
9290,3.90625,-0.11111090944759727,7.74709097367762e-10,2.783359655825603e-5,2.020418665807105e-5,0.11111090944759727,-0.11110950393558981
9291,9.765625,-0.11111066861759052,5.303841347686667e-10,2.3030070229347255e-5,1.0923836908183295e-5,0.11111066861759052,-0.11110949845208878
9292,24.4140625,-0.11111040369104906,1.0681123069622152e-10,1.0334951896173563e-5,1.619611427812805e-5,0.11111040369104906,-0.1111094977671132
9293,9.765625,-0.11111042166480567,2.398035208991448e-11,4.89697376855487e-6,3.905826021137013e-5,0.11111042166480567,-0.1111094998195593
9294,3.90625,-0.1111103990592568,6.711156606294237e-12,2.59059001123185e-6,4.291400439038072e-5,0.1111103990592568,-0.1111095017792818
9295,1.5625,-0.11111037370774235,2.7924877159160894e-11,5.284399413288221e-6,4.264662719779569e-5,0.11111037370774235,-0.11110950355452448
9296,0.625,-0.1111103479484084,8.24432175303563e-11,9.079824752183068e-6,4.184272254532032e-5,0.1111103479484084,-0.11110950523510585
9297,0.25,-0.11111032214054604,1.6912024966952088e-10,1.3004624164870004e-5,4.122316506595333e-5,0.11111032214054604,-0.11110950687934495
9298,0.1,-0.1111102963607619,2.8765220304558096e-10,1.6960312586906555e-5,4.0831300209910746e-5,0.1111102963607619,-0.11110950851216142
9299,0.1,-0.11111027043258914,4.370013225766762e-10,2.090457659405414e-5,4.059244089486381e-5,0.11111027043258914,-0.11110951010720127
9300,0.1,-0.11111024434104723,6.161672749555716e-10,2.482271691325451e-5,4.031765485163277e-5,0.11111024434104723,-0.11110951165879415
9301,0.1,-0.11111021807280497,8.240457489347938e-10,2.870619704758528e-5,4.0007200845274736e-5,0.11111021807280497,-0.11110951316146979
9302,0.1,-0.11111019161629082,1.0594330977235736e-9,3.254893389534554e-5,3.966140147036514e-5,0.11111019161629082,-0.11110951460997949
9303,0.25,-0.11111016429713484,1.3137456475460928e-9,3.624562935784248e-5,3.928246407404994e-5,0.11111016429713484,-0.11110951576533709
9304,0.625,-0.11111013471568361,1.5639477783183768e-9,3.954677962006991e-5,3.834267309931045e-5,0.11111013471568361,-0.1111095160904633
9305,1.5625,-0.11111009984675149,1.7463077180250814e-9,4.1788846813774146e-5,3.5892171347196144e-5,0.11111009984675149,-0.1111095142183709
9306,3.90625,-0.11111005602683645,1.7048884437883453e-9,4.1290294789312724e-5,2.9570350733610666e-5,0.11111005602683645,-0.11110950750482387
9307,9.765625,-0.11111001811860445,1.1762219487315478e-9,3.429609232451341e-5,1.487546851099883e-5,0.11111001811860445,-0.11110949526007707
9308,24.4140625,-0.11111012246598491,2.40358555002977e-10,1.5503501378816882e-5,2.228232484280866e-5,0.11111012246598491,-0.11110949345151137
9309,9.765625,-0.11111026185712758,5.276739092046162e-11,7.264116664843814e-6,5.758266887987088e-5,0.11111026185712758,-0.11110949795647006
9310,3.90625,-0.11111035719643493,1.1070486901353022e-11,3.3272341218124436e-6,6.36061914330647e-5,0.11111035719643493,-0.11110950229010055
9311,1.5625,-0.11111044316059455,5.511734502260722e-11,7.424105671567938e-6,6.331320219333264e-5,0.11111044316059455,-0.11110950621691672
9312,0.625,-0.11111052625715151,1.7331533605413093e-10,1.316492825860175e-5,6.215805433864667e-5,0.11111052625715151,-0.11110950993180933
9313,0.25,-0.11111060845240345,3.6310066218584174e-10,1.9055200397420168e-5,6.125435928521565e-5,0.11111060845240345,-0.11110951356465365
9314,0.1,-0.1111106904104281,6.238102952653768e-10,2.497619457133886e-5,6.068138906484023e-5,0.1111106904104281,-0.11110951717166018
9315,0.1,-0.11111077186944757,9.532092060242716e-10,3.087408631885762e-5,6.03331720874005e-5,0.11111077186944757,-0.11110952069607828
9316,0.1,-0.11111085272537302,1.34912449757807e-9,3.673043013058886e-5,5.993067361067973e-5,0.11111085272537302,-0.11110952412519223
9317,0.1,-0.11111093287446688,1.8091502217045027e-9,4.253410656995751e-5,5.94742900919326e-5,0.11111093287446688,-0.11110952744672709
9318,0.1,-0.1111110122135895,2.330657586634666e-9,4.8276884599512696e-5,5.896450498481442e-5,0.1111110122135895,-0.11110953064889711
9319,0.25,-0.11111108818092788,2.8948684057835545e-9,5.38039813190767e-5,5.8404475957868196e-5,0.11111108818092788,-0.1111095332043677
9320,0.625,-0.11111115461752166,3.4512675963450316e-9,5.874749012804744e-5,5.700635330056284e-5,0.11111115461752166,-0.11110953392487301
9321,1.5625,-0.11111119533218254,3.85985402673274e-9,6.212772349549547e-5,5.3347120626889326e-5,0.11111119533218254,-0.11110952977997332
9322,3.90625,-0.11111117137008189,3.7771534693120664e-9,6.145855082339695e-5,4.386481123728863e-5,0.11111117137008189,-0.11110951487874723
9323,9.765625,-0.11111100977278833,2.6185449898131825e-9,5.117172060633864e-5,2.1369567299562884e-5,0.11111100977278833,-0.11110948753458999
9324,24.4140625,-0.11111067246361189,5.424412634154329e-10,2.3290368468863537e-5,3.183108049195223e-5,0.11111067246361189,-0.11110948306301216
9325,9.765625,-0.1111105400775258,1.1867581466102631e-10,1.0893842970275747e-5,8.54954747361545e-5,0.1111105400775258,-0.11110949303514363
9326,3.90625,-0.11111041995450291,2.0748888635861987e-11,4.555094799876506e-6,9.474083626293068e-5,0.11111041995450291,-0.1111095026850388
9327,1.5625,-0.11111030750336486,1.1430586826746136e-10,1.0691392251127136e-5,9.440054485405836e-5,0.11111030750336486,-0.1111095114350506
9328,0.625,-0.11111019795891224,3.733125984592275e-10,1.932129908829185e-5,9.27129907209217e-5,0.11111019795891224,-0.11110951971034277
9329,0.25,-0.11111008960901331,7.919754062950633e-10,2.814205760592255e-5,9.137732184868148e-5,0.11111008960901331,-0.11110952779993084
9330,0.1,-0.11110998184545802,1.3687854116072006e-9,3.69971000432088e-5,9.05262554479822e-5,0.11110998184545802,-0.11110953583000267
9331,0.1,-0.11110987475273938,2.0988278705608207e-9,4.581296618383076e-5,9.000716100544572e-5,0.11110987475273938,-0.11110954367662772
9332,0.1,-0.11110976840796176,2.9772985222552174e-9,5.456462702388075e-5,8.940681406431531e-5,0.11110976840796176,-0.11110955131140988
9333,0.1,-0.11110966288716033,3.998875561587865e-9,6.323666311237386e-5,8.872581228387292e-5,0.11110966288716033,-0.11110955870693359
9334,0.1,-0.11110955826527996,5.157742204467577e-9,7.181742270833434e-5,8.796487670951438e-5,0.11110955826527996,-0.11110956583687032
9335,0.25,-0.1111094563271273,6.412531884881988e-9,8.007828597617452e-5,8.712872398759055e-5,0.1111094563271273,-0.11110957153224826
9336,0.625,-0.11110936150070307,7.651857922473027e-9,8.747489881373414e-5,8.50429870879301e-5,0.11110936150070307,-0.11110957315467102
9337,1.5625,-0.11110928595397071,8.566716190445576e-9,9.255655671234522e-5,7.958262229126631e-5,0.11110928595397071,-0.11110956396600538
9338,3.90625,-0.11110926239413879,8.397536643901218e-9,9.163807420445509e-5,6.540775636524487e-5,0.11110926239413879,-0.11110953081908659
9339,9.765625,-0.1111093744766921,5.843957489040761e-9,7.64457813685017e-5,3.141788386469305e-5,0.1111093744766921,-0.11110946969036256
9340,24.4140625,-0.11110999566427786,9.124571629761146e-11,9.552262365409122e-6,4.543769002939644e-5,0.11110999566427786,-0.1111095052082467
9341,9.765625,-0.11111063211424417,9.607428911047341e-11,9.801749288288974e-6,2.5895182840173156e-5,0.11111063211424417,-0.11110950460787314
9342,3.90625,-0.11111086499627194,1.0902589559383857e-10,1.0441546609283443e-5,1.777723400688255e-5,0.11111086499627194,-0.1111095043963589
9343,1.5625,-0.1111110521805998,1.2546112109780942e-10,1.1200942866464833e-5,1.4436324529322071e-5,0.1111110521805998,-0.11110950437545777
9344,0.625,-0.11111122764919466,1.4487820981337886e-10,1.2036536454203878e-5,1.3004746709404815e-5,0.11111122764919466,-0.11110950444198855
9345,1.5625,-0.11111133083161115,1.573111210358798e-10,1.2542373022513714e-5,1.2348295179883225e-5,0.11111133083161115,-0.11110950431462403
9346,3.90625,-0.11111124210058035,1.4606419958606373e-10,1.2085702279390459e-5,1.0814751050438541e-5,0.11111124210058035,-0.11110950378963962
9347,9.765625,-0.11111077692008897,8.977633222422517e-11,9.475037320466087e-6,8.380776138733716e-6,0.11111077692008897,-0.11110950294073188
9348,24.4140625,-0.11111022520340944,1.5967993336277314e-11,3.9959971641978566e-6,1.1206416696820736e-5,0.11111022520340944,-0.11110950306586342
9349,9.765625,-0.11111046621199122,4.5658031539404824e-12,2.1367740062862247e-6,1.8266056792625135e-5,0.11111046621199122,-0.11110950347815347
9350,3.90625,-0.11111053890876707,4.387641263946045e-12,2.094669726698232e-6,1.9075261268623746e-5,0.11111053890876707,-0.11110950384127585
9351,1.5625,-0.1111105923133948,1.0618949959170174e-11,3.258673036554937e-6,1.865720386420556e-5,0.1111105923133948,-0.11110950416961704
9352,0.625,-0.11111064088288562,2.247833175455591e-11,4.741131906470849e-6,1.8198394524949084e-5,0.11111064088288562,-0.11110950448270548
9353,0.25,-0.11111068800779647,3.979543788338012e-11,6.30836253582339e-6,1.788371704016188e-5,0.11111068800779647,-0.11110950479043291
9354,0.1,-0.1111107346890512,6.251473486845206e-11,7.906626010407478e-6,1.7688830031442003e-5,0.1111107346890512,-0.11110950509646421
9355,0.1,-0.11111077963949224,9.040272908870709e-11,9.508034975151653e-6,1.756759117861318e-5,0.11111077963949224,-0.11110950539478688
9356,0.1,-0.11111082267626388,1.232534477697794e-10,1.1101956934242691e-5,1.743459475526725e-5,0.11111082267626388,-0.11110950568455376
9357,0.1,-0.11111086362469713,1.6084525826856885e-10,1.2682478396140434e-5,1.728974285421276e-5,0.11111086362469713,-0.11110950596494507
9358,0.1,-0.11111090231886896,2.0294165460072044e-10,1.4245759179514458e-5,1.7133009074029505e-5,0.11111090231886896,-0.1111095062351744
9359,0.25,-0.11111093238465462,2.478348714369644e-10,1.574277203788978e-5,1.696561197843654e-5,0.11111093238465462,-0.11110950645076442
9360,0.625,-0.1111109395958404,2.9104688401678285e-10,1.7060096248754954e-5,1.6572991948487607e-5,0.1111109395958404,-0.11110950651420504
9361,1.5625,-0.11111088910272036,3.2043387538960785e-10,1.790066689790098e-5,1.558217472532582e-5,0.11111088910272036,-0.11110950618145711
9362,3.90625,-0.11111070942080449,3.0727305607008476e-10,1.7529205802605112e-5,1.312842179081112e-5,0.11111070942080449,-0.11110950499733474
9363,9.765625,-0.11111033551912917,2.0670379878781266e-10,1.4377197181224602e-5,8.265323104225618e-6,0.11111033551912917,-0.11110950290709336
9364,24.4140625,-0.11111012236950286,4.1522222836685414e-11,6.443773959155102e-6,1.1904907378097777e-5,0.11111012236950286,-0.11110950272957322
9365,9.765625,-0.11111030437494303,1.0324102015444351e-11,3.2131140682279476e-6,2.509892883050116e-5,0.11111030437494303,-0.11110950355172168
9366,3.90625,-0.11111038324555947,4.6337546962918095e-12,2.152615779996934e-6,2.7278385904831814e-5,0.11111038324555947,-0.11110950433095917
9367,1.5625,-0.11111044778324752,1.3851094179704272e-11,3.7217058158463133e-6,2.7030025306990448e-5,0.11111044778324752,-0.1111095050389653
9368,0.625,-0.11111050837041224,3.598920713904492e-11,5.999100527499512e-6,2.6495858610477265e-5,0.11111050837041224,-0.11110950571107163
9369,0.25,-0.11111056769907517,7.060592566979215e-11,8.402733226146843e-6,2.6093410326585673e-5,0.11111056769907517,-0.11110950636947005
9370,0.1,-0.11111062661975026,1.1757713661013183e-10,1.0843299157089222e-5,2.583863160578192e-5,0.11111062661975026,-0.11110950702344634
9371,0.1,-0.11111068465835029,1.7647364048156754e-10,1.328433816498088e-5,2.5681321580405666e-5,0.11111068465835029,-0.11110950766208208
9372,0.1,-0.11111074168682726,2.4688827690166996e-10,1.57126788582237e-5,2.5502686888920845e-5,0.11111074168682726,-0.11110950828322926
9373,0.1,-0.11111079758049901,3.283742464556833e-10,1.8121099482528187e-5,2.5302838319259046e-5,0.11111079758049901,-0.11110950888481655
9374,0.1,-0.11111085221841027,4.204468829539616e-10,2.0504801460974002e-5,2.50819405368702e-5,0.11111085221841027,-0.11110950946485744
9375,0.25,-0.11111090204966022,5.196643168970533e-10,2.2796146974808117e-5,2.484144656868683e-5,0.11111090204966022,-0.11110950992908968
9376,0.625,-0.11111093881244903,6.168313511135862e-10,2.4836089690480385e-5,2.425617308914621e-5,0.11111093881244903,-0.11110951006678207
9377,1.5625,-0.11111094159220568,6.866027022924051e-10,2.6203104821612364e-5,2.2745858424965886e-5,0.11111094159220568,-0.11110950934364341
9378,3.90625,-0.11111086440028073,6.673666190630822e-10,2.5833439938635392e-5,1.8897826041757415e-5,0.11111086440028073,-0.11110950673571736
9379,9.765625,-0.1111106466423272,4.5679993247350346e-10,2.1372878432104168e-5,1.0423203606555391e-5,0.1111106466423272,-0.11110950201973704
9380,24.4140625,-0.11111040561151124,9.212438591745265e-11,9.598144920631937e-6,1.5248660801746836e-5,0.11111040561151124,-0.11110950143486478
9381,9.765625,-0.11111042005817437,2.094827458923243e-11,4.576928510391268e-6,3.63206656715978e-5,0.11111042005817437,-0.1111095032039434
9382,3.90625,-0.11111039818875869,6.170719129918894e-12,2.4840932208592523e-6,3.988086725528227e-5,0.11111039818875869,-0.1111095048942157
9383,1.5625,-0.11111037395362894,2.449910868177984e-11,4.9496574307501165e-6,3.962949759711283e-5,0.11111037395362894,-0.1111095064264275
9384,0.625,-0.1111103493875052,7.148133648333111e-11,8.454663593741096e-6,3.8883660668862324e-5,0.1111103493875052,-0.11110950787754371
9385,0.25,-0.11111032478937012,1.461328951978721e-10,1.2088543965170996e-5,3.8309480000335664e-5,0.11111032478937012,-0.1111095092975641
9386,0.1,-0.11111030021944406,2.4819307483321267e-10,1.5754144687453288e-5,3.794650114034014e-5,0.11111030021944406,-0.11110951070783995
9387,0.1,-0.11111027551933887,3.767678673876817e-10,1.941050919959808e-5,3.7725333051797284e-5,0.11111027551933887,-0.11110951208560306
9388,0.1,-0.1111102506768396,5.309959751744483e-10,2.304334991216443e-5,3.747090650235059e-5,0.1111102506768396,-0.11110951342597486
9389,0.1,-0.11111022568123606,7.099265825707596e-10,2.664444749982179e-5,3.718346446151981e-5,0.11111022568123606,-0.11110951472424845
9390,0.1,-0.11111020052341468,9.125233556827727e-10,3.0208001517524668e-5,3.686330951354194e-5,0.11111020052341468,-0.11110951597590808
9391,0.25,-0.11111017462150193,1.1313919804200302e-9,3.363617071576416e-5,3.6512488356565994e-5,0.11111017462150193,-0.11110951697516326
9392,0.625,-0.11111014677949918,1.3466903646034441e-9,3.6697280070918664e-5,3.564240703706074e-5,0.11111014677949918,-0.11110951725964568
9393,1.5625,-0.111110114449502,1.5035270521849618e-9,3.8775340774582e-5,3.337415637935477e-5,0.111110114449502,-0.11110951565268928
9394,3.90625,-0.11111007478871612,1.4676198895817052e-9,3.830952739961308e-5,2.7527327622428582e-5,0.11111007478871612,-0.11110950987897769
9395,9.765625,-0.11111004220821497,1.01221853583301e-9,3.181538206328835e-5,1.4004541854195515e-5,0.11111004220821497,-0.11110949934874405
9396,24.4140625,-0.11111014097878333,2.0683138969623112e-10,1.4381633763110195e-5,2.0844333356969808e-5,0.11111014097878333,-0.11110949780421409
9397,9.765625,-0.11111026894838666,4.5648292501932034e-11,6.756352011398758e-6,5.346970815340852e-5,0.11111026894838666,-0.11110950168285658
9398,3.90625,-0.11111035686346293,9.938370909397715e-12,3.1525181854190332e-6,5.903954021219062e-5,0.11111035686346293,-0.11110950541397303
9399,1.5625,-0.1111104361926437,4.7970468504940536e-11,6.926071650289256e-6,5.876313082972427e-5,0.1111104361926437,-0.11110950879564595
9400,0.625,-0.11111051288702309,1.4977940614002716e-10,1.2238439693850975e-5,5.769068308800889e-5,0.11111051288702309,-0.11110951199538877
9401,0.25,-0.11111058874822716,3.1316265459585395e-10,1.769640230656655e-5,5.685249470596889e-5,0.11111058874822716,-0.11110951512476412
9402,0.1,-0.11111066438512007,5.375510995295702e-10,2.3185148253344645e-5,5.632129391823012e-5,0.11111066438512007,-0.11110951823202625
9403,0.1,-0.11111073956107088,8.21020118516955e-10,2.8653448632179598e-5,5.599857281674652e-5,0.11111073956107088,-0.11110952126823471
9404,0.1,-0.11111081418104414,1.1616995008039717e-9,3.408371313111252e-5,5.5625548253037035e-5,0.11111081418104414,-0.11110952422245261
9405,0.1,-0.11111088815034699,1.5575184879535195e-9,3.946540875188701e-5,5.520259013383778e-5,0.11111088815034699,-0.111109527084122
9406,0.1,-0.11111096137485249,2.006214564664494e-9,4.47907866046634e-5,5.473014937394273e-5,0.11111096137485249,-0.11110952984310615
9407,0.25,-0.1111110315182565,2.49161899170443e-9,4.9916119557758395e-5,5.421115400270927e-5,0.1111110315182565,-0.11110953204556205
9408,0.625,-0.11111109296146414,2.970239819802783e-9,5.4499906603615234e-5,5.291537771506454e-5,0.11111109296146414,-0.11110953266899692
9409,1.5625,-0.1111111309255769,3.3215501379530355e-9,5.763289111222025e-5,4.9524299260958925e-5,0.1111111309255769,-0.11110952910606092
9410,3.90625,-0.11111110980988985,3.2499014498932517e-9,5.700790690679015e-5,4.074036053491884e-5,0.11111110980988985,-0.11110951628986565
9411,9.765625,-0.1111109626499824,2.2523267586917393e-9,4.7458684755181944e-5,1.9954463866108555e-5,0.1111109626499824,-0.11110949277790776
9412,24.4140625,-0.11111065266363145,4.662782884385845e-10,2.159347791437462e-5,2.9662064593842904e-5,0.11111065266363145,-0.111109488956606
9413,9.765625,-0.11111052937709341,1.0220579599842194e-10,1.0109688224590408e-5,7.933011852603714e-5,0.11111052937709341,-0.11110949753670414
9414,3.90625,-0.1111104178892945,1.8298340556364584e-11,4.27765596517118e-6,8.788523600678247e-5,0.1111104178892945,-0.1111095058373315
9415,1.5625,-0.11111031355201036,9.903342124344796e-11,9.951553710021766e-6,8.756338131934099e-5,0.11111031355201036,-0.11110951336421869
9416,0.625,-0.11111021190837798,3.2203552727778717e-10,1.7945348346515518e-5,8.599636394247331e-5,0.11111021190837798,-0.11110952048323768
9417,0.25,-0.11111011136083042,6.823279058237182e-10,2.612140704142329e-5,8.475715075252482e-5,0.11111011136083042,-0.1111095274428281
9418,0.1,-0.1111100113418949,1.1786154761547714e-9,3.433096963609929e-5,8.396783723796233e-5,0.1111100113418949,-0.11110953435139795
9419,0.1,-0.11110991193176863,1.8066678585202954e-9,4.25049156983083e-5,8.34865397931862e-5,0.11110991193176863,-0.11110954110218257
9420,0.1,-0.11110981320315583,2.562351478372625e-9,5.061967481496325e-5,8.292991121973005e-5,0.11110981320315583,-0.11110954767076343
9421,0.1,-0.11110971522785994,3.441087498873275e-9,5.8660783312817046e-5,8.229850741059078e-5,0.11110971522785994,-0.11110955403356634
9422,0.1,-0.11110961807675367,4.437871246286752e-9,6.661734943906695e-5,8.159299896474026e-5,0.11110961807675367,-0.1111095601679511
9423,0.25,-0.11110952342585484,5.517097661105257e-9,7.427716783174528e-5,8.081775969809326e-5,0.11110952342585484,-0.11110956506823672
9424,0.625,-0.11110943543391315,6.582900398489728e-9,8.113507501993036e-5,7.888385349177091e-5,0.11110943543391315,-0.11110956646487018
9425,1.5625,-0.11110936551987383,7.369350040133506e-9,8.584491854579108e-5,7.382117246273677e-5,0.11110936551987383,-0.11110955856232387
9426,3.90625,-0.11110934429121029,7.2228542766213425e-9,8.498737716050157e-5,6.0681308589030066e-5,0.11110934429121029,-0.11110953005585684
9427,9.765625,-0.11110944945295886,5.024977813944387e-9,7.08870779052458e-5,2.9212748847289856e-5,0.11110944945295886,-0.11110947750316537
9428,24.4140625,-0.1111100175747352,7.902714826146566e-11,8.88972149515752e-6,4.225856117528829e-5,0.1111100175747352,-0.11110950808575946
9429,9.765625,-0.1111106143383613,8.316703353602565e-11,9.11959612790093e-6,2.4158960471145435e-5,0.1111106143383613,-0.11110950757036724
9430,3.90625,-0.11111083296515778,9.431281437197818e-11,9.711478485378947e-6,1.667806412485351e-5,0.11111083296515778,-0.11110950739253675
9431,1.5625,-0.11111100869602436,1.084569646157591e-10,1.0414267358569161e-5,1.361827605351871e-5,0.11111100869602436,-0.1111095073798796
9432,0.625,-0.11111117342378381,1.2516719154293975e-10,1.1187814422081722e-5,1.2313812181476862e-5,0.11111117342378381,-0.11110950744291599
9433,1.5625,-0.11111127039208872,1.3585354251454888e-10,1.1655622785357669e-5,1.1717468926620705e-5,0.11111127039208872,-0.11110950733864415
9434,3.90625,-0.11111118742063715,1.2613147185935076e-10,1.1230826855550342e-5,1.033092552977152e-5,0.11111118742063715,-0.11110950689127141
9435,9.765625,-0.11111075132442738,7.762124835031139e-11,8.810292183027268e-6,8.159278969605269e-6,0.11111075132442738,-0.11110950616354012
9436,24.4140625,-0.11111023335788622,1.4091556557617825e-11,3.753872208482572e-6,1.0695304417708438e-5,0.11111023335788622,-0.11110950626956013
9437,9.765625,-0.11111045982230576,4.289756762265308e-12,2.0711727987459925e-6,1.7129500914156066e-5,0.11111045982230576,-0.11110950662712576
9438,3.90625,-0.11111052852048699,4.153283644861694e-12,2.037960658320394e-6,1.7868764648404374e-5,0.11111052852048699,-0.1111095069442496
9439,1.5625,-0.11111057908645393,9.532905914956652e-12,3.0875404313072e-6,1.7482806498489875e-5,0.11111057908645393,-0.11110950723225782
9440,0.625,-0.11111062510301872,1.975672840084038e-11,4.444854148432812e-6,1.706069489044626e-5,0.11111062510301872,-0.11110950750748515
9441,0.25,-0.11111066975908662,3.467846648013884e-11,5.88884254163234e-6,1.6771536206685887e-5,0.11111066975908662,-0.11110950777824359
9442,0.1,-0.11111071399663996,5.4250475231204054e-11,7.365492192053702e-6,1.659258340696941e-5,0.11111071399663996,-0.111109508047603
9443,0.1,-0.11111075660919656,7.827142090010263e-11,8.847113704485923e-6,1.6481314544314847e-5,0.11111075660919656,-0.11110950831032537
9444,0.1,-0.11111079742488283,1.0656381900781952e-10,1.0322975298227713e-5,1.635927490970085e-5,0.11111079742488283,-0.11110950856568019
9445,0.1,-0.11111083627950312,1.3893669190657782e-10,1.1787140955574335e-5,1.6226381044645598e-5,0.11111083627950312,-0.11110950881296289
9446,0.1,-0.1111108730170583,1.7518624830609128e-10,1.3235794207605802e-5,1.6082615986548186e-5,0.1111108730170583,-0.11110950905149616
9447,0.25,-0.11111090165335002,2.1383993422947203e-10,1.4623266879513347e-5,1.5929104856306373e-5,0.11111090165335002,-0.11110950924291674
9448,0.625,-0.11111090882932792,2.5103699584004596e-10,1.5844147053093328e-5,1.556916776870661e-5,0.11111090882932792,-0.11110950930317223
9449,1.5625,-0.11111086181105634,2.763095957268093e-10,1.6622562850740233e-5,1.4661848019819597e-5,0.11111086181105634,-0.11110950902194924
9450,3.90625,-0.11111069340665577,2.6490991365729107e-10,1.62760533808811e-5,1.242312099132181e-5,0.11111069340665577,-0.11110950800707028
9451,9.765625,-0.11111034217933773,1.782343846299162e-10,1.3350445109804999e-5,8.054070772951757e-6,0.11111034217933773,-0.1111095062112247
9452,24.4140625,-0.11111014000225958,3.604851831699557e-11,6.0040418317159955e-6,1.1328787781089588e-5,0.11111014000225958,-0.11110950605808098
9453,9.765625,-0.1111103098458161,9.232268450536261e-12,3.038464818051422e-6,2.341536781113525e-5,0.1111103098458161,-0.1111095067681945
9454,3.90625,-0.11111038317152004,4.362567946580344e-12,2.088676122949737e-6,2.5422158215527317e-5,0.11111038317152004,-0.11110950744314381
9455,1.5625,-0.11111044310149301,1.2317655320981045e-11,3.509651737848222e-6,2.519092780213608e-5,0.11111044310149301,-0.11110950805760111
9456,0.625,-0.1111104993405991,3.13889945034193e-11,5.602588196844321e-6,2.4697061050179178e-5,0.1111104993405991,-0.11110950864151733
9457,0.25,-0.11111055440333756,6.119660876735285e-11,7.82282613684804e-6,2.4325330306904432e-5,0.11111055440333756,-0.11110950921378833
9458,0.1,-0.11111060908383368,1.0163391811242673e-10,1.0081364893328022e-5,2.4090117806918214e-5,0.11111060908383368,-0.11110950978231926
9459,0.1,-0.11111066293923262,1.5233124761020414e-10,1.2342254559447562e-5,2.394494462277961e-5,0.11111066293923262,-0.11110951033764868
9460,0.1,-0.11111071585006875,2.1293806122199235e-10,1.4592397377469966e-5,2.378010330349884e-5,0.11111071585006875,-0.11110951087792872
9461,0.1,-0.11111076770003753,2.8306970149465265e-10,1.6824675375609855e-5,2.359570086748525e-5,0.11111076770003753,-0.11110951140137733
9462,0.1,-0.11111081837633612,3.623089164022455e-10,1.9034414002071236e-5,2.3391894795205545e-5,0.11111081837633612,-0.11110951190628507
9463,0.25,-0.11111086456414533,4.4769131153462784e-10,2.115871715238492e-5,2.317003128045748e-5,0.11111086456414533,-0.1111095123114605
9464,0.625,-0.1111108985521887,5.312978953294164e-10,2.304990011538914e-5,2.2630142270405433e-5,0.1111108985521887,-0.11110951243545561
9465,1.5625,-0.11111090082354345,5.913029606391583e-10,2.431672183167703e-5,2.1237672840101387e-5,0.11111090082354345,-0.11110951181828214
9466,3.90625,-0.11111082848541165,5.74660225816737e-10,2.397207178816084e-5,1.7696510715504048e-5,0.11111082848541165,-0.11110950957856852
9467,9.765625,-0.11111062517000633,3.93320595740638e-10,1.983231191113729e-5,9.97441918271014e-6,0.11111062517000633,-0.11110950552458286
9468,24.4140625,-0.11111040124256504,7.951962258005427e-11,8.917377561820194e-6,1.4372241115678151e-5,0.11111040124256504,-0.11110950502311197
9469,9.765625,-0.11111041581666553,1.8351996530930505e-11,4.283923030462908e-6,3.377986047963977e-5,0.11111041581666553,-0.11110950654768113
9470,3.90625,-0.11111039621574234,5.690442239596558e-12,2.385464784815856e-6,3.706792899868227e-5,0.11111039621574234,-0.11110950800587882
9471,1.5625,-0.11111037433223929,2.1501390601103225e-11,4.636959197696614e-6,3.683277514513963e-5,0.11111037433223929,-0.11110950932885764
9472,0.625,-0.11111035211390548,6.195729064530784e-11,7.871295360060365e-6,3.614154073714526e-5,0.11111035211390548,-0.11110951058242689
9473,0.25,-0.11111032985484678,1.2621214056638087e-10,1.1234417678116694e-5,3.560981076955909e-5,0.11111032985484678,-0.11110951180940513
9474,0.1,-0.1111103076163366,2.1404202574743005e-10,1.4630175178289222e-5,3.527378235528837e-5,0.1111103076163366,-0.111109513028071
9475,0.1,-0.11111028524953942,3.2467723099372663e-10,1.8018802152022387e-5,3.506907850793214e-5,0.11111028524953942,-0.11110951421876358
9476,0.1,-0.11111026274248686,4.5737648999569494e-10,2.1386362243160826e-5,3.48336071373041e-5,0.11111026274248686,-0.11110951537728601
9477,0.1,-0.11111024008463925,6.113215102900116e-10,2.4724916790355667e-5,3.456759646735639e-5,0.11111024008463925,-0.11110951649959037
9478,0.1,-0.1111102172669744,7.856204170400572e-10,2.8028921082340238e-5,3.4271330443914776e-5,0.1111102172669744,-0.11110951758179279
9479,0.25,-0.1111101937317123,9.7390764425639e-10,3.1207493399124354e-5,3.394670711098264e-5,0.1111101937317123,-0.11110951844676767
9480,0.625,-0.11111016832722691,1.159102839252192e-9,3.404559941096928e-5,3.314167012835752e-5,0.11111016832722691,-0.11110951869663097
9481,1.5625,-0.11111013858115029,1.2939579318230862e-9,3.597162676086649e-5,3.1043570515157e-5,0.11111013858115029,-0.11110951731893007
9482,3.90625,-0.11111010159955556,1.2629049671197384e-9,3.5537374229390364e-5,2.564037783951119e-5,0.11111010159955556,-0.11110951235632442
9483,9.765625,-0.11111007028045816,8.708771660128241e-10,2.9510628017933204e-5,1.3212596420148518e-5,0.11111007028045816,-0.11110950330336067
9484,24.4140625,-0.11111015971362319,1.7804981493012482e-10,1.3343530826963485e-5,1.950769067080774e-5,0.11111015971362319,-0.11110950198106234
9485,9.765625,-0.11111027779891859,3.955057274414351e-11,6.288924609513419e-6,4.965071004145196e-5,0.11111027779891859,-0.11110950531974917
9486,3.90625,-0.11111035875276039,8.940058039530567e-12,2.989992983190858e-6,5.480236916218547e-5,0.11111035875276039,-0.111109508532243
9487,1.5625,-0.1111104317694542,4.173643644897965e-11,6.460374327311046e-6,5.454293914178351e-5,0.1111104317694542,-0.11110951144484195
9488,0.625,-0.11111050234860315,1.293739780749871e-10,1.1374268243495363e-5,5.354801549032037e-5,0.11111050234860315,-0.11110951420133541
9489,0.25,-0.11111057215318149,2.6996021664163463e-10,1.643046611151475e-5,5.2770965402515604e-5,0.11111057215318149,-0.11110951689749207
9490,0.1,-0.11111064174483747,4.6300637610860237e-10,2.1517582952288168e-5,5.227866150178387e-5,0.11111064174483747,-0.11110951957471814
9491,0.1,-0.11111071090507307,7.068559552297228e-10,2.658676278206361e-5,5.1979634044912674e-5,0.11111071090507307,-0.11110952219082916
9492,0.1,-0.11111077954648192,9.998998456357086e-10,3.162119298248737e-5,5.163400878968847e-5,0.11111077954648192,-0.11110952473642079
9493,0.1,-0.11111084758201765,1.3403564333262187e-9,3.661087861997058e-5,5.124213081300557e-5,0.11111084758201765,-0.11110952720241404
9494,0.1,-0.11111091492519996,1.7262791647219588e-9,4.1548515794453585e-5,5.0804420653705225e-5,0.11111091492519996,-0.11110952958009328
9495,0.25,-0.11111097942305274,2.1437535217902642e-9,4.630068597537475e-5,5.032359366906395e-5,0.11111097942305274,-0.11110953147900511
9496,0.625,-0.11111103589936495,2.5553534711834012e-9,5.055050416349377e-5,4.91231191699714e-5,0.11111103589936495,-0.11110953201959489
9497,1.5625,-0.11111107074377354,2.8573685897610897e-9,5.345435987607643e-5,4.5981834446251726e-5,0.11111107074377354,-0.11110952895920677
9498,3.90625,-0.11111105118246548,2.7954312713205022e-9,5.287183816854207e-5,3.784856900045258e-5,0.11111105118246548,-0.11110951794062451
9499,9.765625,-0.11111091561190371,1.9369605796418875e-9,4.4010914324084286e-5,1.8656047553093013e-5,0.11111091561190371,-0.11110949772813068
9500,24.4140625,-0.11111063035775864,4.009028634491795e-10,2.0022558863671235e-5,2.764240151744301e-5,0.11111063035775864,-0.1111094944569593
9501,9.765625,-0.11111051685707025,8.809712973012318e-11,9.386007123911807e-6,7.360602642849398e-5,0.11111051685707025,-0.11110950183791675
9502,3.90625,-0.11111041418233937,1.6149488508359238e-11,4.018642620134221e-6,8.152458463902418e-5,0.11111041418233937,-0.11110950897780367
9503,1.5625,-0.11111031808239798,8.574423818461364e-11,9.259818474711782e-6,8.122181745641472e-5,0.11111031808239798,-0.11110951545279725
9504,0.625,-0.11111022445243217,2.7765091554121855e-10,1.6662860364931904e-5,7.976756429454258e-5,0.11111022445243217,-0.11110952157745532
9505,0.25,-0.1111101318200036,5.875938897431902e-10,2.424033600722544e-5,7.86182494757355e-5,0.1111101318200036,-0.11110952756525039
9506,0.1,-0.11111003966173956,1.0144610723370086e-9,3.1850605525437166e-5,7.788638733022648e-5,0.11111003966173956,-0.11110953350929363
9507,0.1,-0.11110994805265051,1.554612585567422e-9,3.942857574865496e-5,7.74401992971888e-5,0.11110994805265051,-0.11110953931764948
9508,0.1,-0.11110985706043335,2.2044929172477165e-9,4.695202782892041e-5,7.692418807480692e-5,0.11110985706043335,-0.11110954496932474
9509,0.1,-0.1111097667520397,2.960163607865069e-9,5.440738560034905e-5,7.633887059619636e-5,0.1111097667520397,-0.11110955044405098
9510,0.1,-0.1111096771936489,3.8173199653388e-9,6.178446378612346e-5,7.568487043973959e-5,0.1111096771936489,-0.11110955572236557
9511,0.25,-0.11110958994021466,4.745328946212889e-9,6.888634803945474e-5,7.496624378520852e-5,0.11110958994021466,-0.1111095599393089
9512,0.625,-0.11110950885162263,5.661715675234696e-9,7.524437304699068e-5,7.317355068301788e-5,0.11110950885162263,-0.1111095611431056
9513,1.5625,-0.1111094445241202,6.337710323645373e-9,7.960973761824223e-5,6.848082739292133e-5,0.1111094445241202,-0.11110955435010422
9514,3.90625,-0.11110942532324045,6.21111016245056e-9,7.881059676496912e-5,5.6303828467747766e-5,0.11110942532324045,-0.11110952984124457
9515,9.765625,-0.11110952298240016,4.320179804977847e-9,6.572807470919749e-5,2.7180941788638233e-5,0.11110952298240016,-0.11110948466780796
9516,24.4140625,-0.11110988873291786,9.040164674207734e-10,3.006686660463264e-5,4.000654649754956e-5,0.11110988873291786,-0.11110947681221885
9517,9.765625,-0.11111012132359707,1.979781413677308e-10,1.4070470545356002e-5,0.00010961611265752848,0.11111012132359707,-0.11110949323126516
9518,3.90625,-0.11111030577768279,3.075461757952396e-11,5.545684590699688e-6,0.00012170136580894019,0.11111030577768279,-0.11110950918867765
9519,1.5625,-0.11111047600570996,1.8021891560166895e-10,1.3424563888695563e-5,0.00012134683946724641,0.11111047600570996,-0.11110952366887224
9520,0.625,-0.11111064172293145,6.031637904731932e-10,2.455939312102791e-5,0.00011921101530672745,0.11111064172293145,-0.1111095373628133
9521,0.25,-0.11111080612540067,1.289937592199429e-9,3.59157011932028e-5,0.00011750698525518413,0.11111080612540067,-0.11110955074696942
9522,0.1,-0.1111109703310198,2.238020047984467e-9,4.730771657969202e-5,0.00011641745311355814,0.1111109703310198,-0.11110956403063492
9523,0.1,-0.11111113401012009,3.439377242683296e-9,5.8646203992102473e-5,0.00011575121249517686,0.11111113401012009,-0.111109577011832
9524,0.1,-0.11111129698065077,4.88612381855021e-9,6.990081414797834e-5,0.00011498060019290331,0.11111129698065077,-0.1111095896436258
9525,0.1,-0.11111145905853415,6.569520692403797e-9,8.1052579801039e-5,0.00011410636280033863,0.11111145905853415,-0.11110960188069018
9526,0.1,-0.11111162005810638,8.480011911654948e-9,9.208698014190142e-5,0.00011312940521744726,0.11111162005810638,-0.11110961367948279
9527,0.25,-0.11111177586643096,1.0549816307320785e-8,0.00010271229871500678,0.00011205576222894706,0.11111177586643096,-0.11110962311590813
9528,0.625,-0.11111191638395317,1.2596276391586221e-8,0.0001122331341074739,0.00010937936424203525,0.11111191638395317,-0.11110962584245564
9529,1.5625,-0.11111201455470153,1.4112312991963406e-8,0.00011879525660548659,0.00010237228447638868,0.11111201455470153,-0.11110961074552855
9530,3.90625,-0.11111200289559624,1.384984572374953e-8,0.00011768536750059258,8.416812886834107e-5,0.11111200289559624,-0.1111095560857668
9531,9.765625,-0.11111174191638158,9.664101059235168e-9,9.830615982345749e-5,4.032132475548885e-5,0.11111174191638158,-0.11110945491326428
9532,24.4140625,-0.1111112857780639,1.488390953184653e-10,1.2199962922831582e-5,5.754673977120401e-5,0.1111112857780639,-0.11110951304271026
9533,9.765625,-0.1111098618755947,1.546684169148275e-10,1.2436575771281558e-5,3.351103074127904e-5,0.1111098618755947,-0.11110951216789738
9534,3.90625,-0.1111093236034427,1.7843783511547408e-10,1.335806255096427e-5,2.2885846951295035e-5,0.1111093236034427,-0.11110951182088853
9535,1.5625,-0.11110889061437884,2.084703505604599e-10,1.443850236556617e-5,1.826541875315913e-5,0.11110889061437884,-0.11110951176916564
9536,0.625,-0.11110848496220661,2.440404502278141e-10,1.5621794078396183e-5,1.621413346391635e-5,0.11110848496220661,-0.11110951185730701
9537,1.5625,-0.1111082409549589,2.6681438201712397e-10,1.6334453832838243e-5,1.5260285018163865e-5,0.1111082409549589,-0.11110951161050338
9538,3.90625,-0.11110842892929823,2.454754260378007e-10,1.5667655409722308e-5,1.297066580509498e-5,0.11110842892929823,-0.11110951068890694
9539,9.765625,-0.11110947622104422,1.4540674049097757e-10,1.2058471731151405e-5,9.213285015647454e-6,0.11110947622104422,-0.11110950927887864
9540,24.4140625,-0.11111077784258738,2.5735039469774086e-11,5.07297146352846e-6,1.3297221955792069e-5,0.11111077784258738,-0.11110950947361213
9541,9.765625,-0.11111021484512186,5.75959841216015e-12,2.399916334408379e-6,2.2929552075635126e-5,0.11111021484512186,-0.11110951015802206
9542,3.90625,-0.11111002341433579,5.692760378692358e-12,2.385950623691186e-6,2.396885873812514e-5,0.11111002341433579,-0.11110951073683836
9543,1.5625,-0.1111098777779655,1.631720371625508e-11,4.039455868833707e-6,2.3388614170277522e-5,0.1111098777779655,-0.11110951125253052
9544,0.625,-0.11110974392144847,3.633126338829623e-11,6.0275420685629584e-6,2.2769431022979154e-5,0.11110974392144847,-0.11110951174123464
9545,0.25,-0.11110961365955131,6.546256283592456e-11,8.090893821817498e-6,2.234835045599407e-5,0.11110961365955131,-0.11110951222055987
9546,0.1,-0.11110948453905238,1.0362545570828302e-10,1.0179658919054362e-5,2.2089233754225426e-5,0.11110948453905238,-0.11110951269699142
9547,0.1,-0.1111093593938081,1.5040741905137284e-10,1.2264070248142452e-5,2.1929171274589678e-5,0.1111093593938081,-0.11110951316062923
9548,0.1,-0.11110923865803968,2.054521669629374e-10,1.4333602720981819e-5,2.175313193700262e-5,0.11110923865803968,-0.11110951361005207
9549,0.1,-0.11110912274789396,2.6837650809480936e-10,1.638220095392586e-5,2.1561006068179805e-5,0.11110912274789396,-0.11110951404388925
9550,0.1,-0.11110901206017511,3.387719489984386e-10,1.840575858253168e-5,2.135277584279536e-5,0.11110901206017511,-0.11110951446082953
9551,0.25,-0.11110892126013192,4.136280549705914e-10,2.0337847845103754e-5,2.113006453354116e-5,0.11110892126013192,-0.11110951478663339
9552,0.625,-0.11110888327856337,4.85101130565741e-10,2.202501147708534e-5,2.0604707835187952e-5,0.11110888327856337,-0.11110951485899079
9553,1.5625,-0.11110897930433682,5.321681124069124e-10,2.3068769200087644e-5,1.927580626874296e-5,0.11110897930433682,-0.11110951427458067
9554,3.90625,-0.11110937864742855,5.06457969980931e-10,2.250462108058989e-5,1.5976115443733424e-5,0.11110937864742855,-0.11110951229516393
9555,9.765625,-0.11111025307414166,3.3747143550278406e-10,1.8370395627279887e-5,9.30996311536197e-6,0.11111025307414166,-0.1111095088680041
9556,24.4140625,-0.1111108600590619,6.75455447740188e-11,8.218609661860016e-6,1.4382727283254659e-5,0.1111108600590619,-0.11110950856377287
9557,9.765625,-0.11111048649160699,1.5196018063892938e-11,3.898207031943396e-6,3.169903578721282e-5,0.11111048649160699,-0.11110950990639414
9558,3.90625,-0.11111033629991786,5.473386349368088e-12,2.3395269499127572e-6,3.458421401168581e-5,0.11111033629991786,-0.11110951117009736
9559,1.5625,-0.11111021654315723,2.035792342400359e-11,4.511975556671777e-6,3.428031403050306e-5,0.11111021654315723,-0.11110951231231937
9560,0.625,-0.11111010513121158,5.654339068698116e-11,7.519533940809175e-6,3.359352105505598e-5,0.11111010513121158,-0.11110951339344508
9561,0.25,-0.11110999641018715,1.1329457050712534e-10,1.0643992225998915e-5,3.307333681613565e-5,0.11110999641018715,-0.11110951445109694
9562,0.1,-0.11110988860682773,1.9040555223564898e-10,1.3798751836149855e-5,3.27433224752625e-5,0.11110988860682773,-0.11110951550106886
9563,0.1,-0.11110978270008447,2.8717201703456697e-10,1.6946150507845932e-5,3.253934750027642e-5,0.11110978270008447,-0.11110951652582796
9564,0.1,-0.11110967895066516,4.029238662148804e-10,2.0072963563332656e-5,3.230762286385115e-5,0.11110967895066516,-0.11110951752183547
9565,0.1,-0.11110957761129774,5.36925568959747e-10,2.3171654428627814e-5,3.204827344946421e-5,0.11110957761129774,-0.11110951848567788
9566,0.1,-0.11110947892601142,6.883791144871259e-10,2.6236979904080537e-5,3.1761492346489116e-5,0.11110947892601142,-0.1111095194140818
9567,0.25,-0.111109390197618,8.516234928319248e-10,2.9182588864456918e-5,3.1449139350748405e-5,0.111109390197618,-0.11110952015246107
9568,0.625,-0.11110932836817558,1.0115327059512878e-9,3.1804601961843316e-5,3.068833750987119e-5,0.11110932836817558,-0.11110952035481755
9569,1.5625,-0.11110933617165988,1.1264378275180327e-9,3.356244668551494e-5,2.8722034419476882e-5,0.11110933617165988,-0.11110951914371886
9570,3.90625,-0.11110950675400891,1.095214848098187e-9,3.3094030399729e-5,2.3688881204579766e-5,0.11110950675400891,-0.11110951483697745
9571,9.765625,-0.11110995755217844,7.504191379939741e-10,2.7393779184223087e-5,1.2300687991783895e-5,0.11110995755217844,-0.11110950705783422
9572,24.4140625,-0.11111041407879665,1.5148936243276305e-10,1.2308101495875108e-5,1.866311375770312e-5,0.11111041407879665,-0.11110950604088067
9573,9.765625,-0.1111103320420776,3.314360185274064e-11,5.757048015497234e-6,4.627606149413052e-5,0.1111103320420776,-0.11110950894193629
9574,3.90625,-0.11111033613998801,8.012225317131405e-12,2.8305874508891975e-6,5.094260835700567e-5,0.11111033613998801,-0.11110951171278265
9575,1.5625,-0.11111034885192284,3.75273156870041e-11,6.125954267459405e-6,5.064679252195371e-5,0.11111034885192284,-0.11110951422038537
9576,0.625,-0.11111036357121766,1.1431399245988127e-10,1.0691772185184328e-5,4.9695892942677e-5,0.11111036357121766,-0.1111095165924559
9577,0.25,-0.11111037891606115,2.367362385221585e-10,1.5386235358987543e-5,4.895946674807123e-5,0.11111037891606115,-0.11110951891224906
9578,0.1,-0.11111039450180528,4.0435925385902654e-10,2.0108686030146937e-5,4.8492740265824174e-5,0.11111039450180528,-0.11110952121546067
9579,0.1,-0.11111041068853043,6.157195832709284e-10,2.48136974929358e-5,4.820787453856136e-5,0.11111041068853043,-0.11110952346517733
9580,0.1,-0.11111042753065016,8.694028027693049e-10,2.9485637228476257e-5,4.7880044578804036e-5,0.11111042753065016,-0.11110952565334732
9581,0.1,-0.1111104450783802,1.1638471723092727e-9,3.4115204415469545e-5,4.750955446775148e-5,0.1111104450783802,-0.11110952777220233
9582,0.1,-0.11111046337753805,1.497350205180893e-9,3.869560963702333e-5,4.709678277302382e-5,0.11111046337753805,-0.11110952981428839
9583,0.25,-0.11111048433875266,1.8577952764459443e-9,4.310214932513162e-5,4.664436614375281e-5,0.11111048433875266,-0.11110953144151145
9584,0.625,-0.11111051216340738,2.2126525388452442e-9,4.703884074725103e-5,4.552239220736766e-5,0.11111051216340738,-0.11110953189341732
9585,1.5625,-0.11111055677941462,2.4718908313365646e-9,4.97181137145866e-5,4.259547960518435e-5,0.11111055677941462,-0.11110952923329115
9586,3.90625,-0.11111063612749031,2.415071259609335e-9,4.914337452403258e-5,3.50315086779812e-5,0.11111063612749031,-0.11110951970888329
9587,9.765625,-0.111110748772374,1.6688841433883685e-9,4.085197845133536e-5,1.7262445543241022e-5,0.111110748772374,-0.11110950230937526
9588,24.4140625,-0.11111068670338274,3.422549892733267e-10,1.850013484473361e-5,2.600980819094078e-5,0.11111068670338274,-0.11110949964833673
9589,9.765625,-0.11111049753441761,7.44396604136065e-11,8.627842164388875e-6,6.84479112659603e-5,0.11111049753441761,-0.11110950603362733
9590,3.90625,-0.11111037711775504,1.4062111536063981e-11,3.7499482044508268e-6,7.57043731747657e-5,0.11111037711775504,-0.11110951218444716
9591,1.5625,-0.11111027008914455,7.557834740248186e-11,8.693580815894096e-6,7.538145309269764e-5,0.11111027008914455,-0.11110951775683726
9592,0.625,-0.11111016724614087,2.424648790970111e-10,1.557128379733062e-5,7.401291590684048e-5,0.11111016724614087,-0.11110952302666698
9593,0.25,-0.111110065911173,5.110533863415328e-10,2.260648991642738e-5,7.293754455654567e-5,0.111110065911173,-0.11110952817878349
9594,0.1,-0.11110996519903926,8.803877000230845e-10,2.9671327911353826e-5,7.225404373042852e-5,0.11110996519903926,-0.11110953329342915
9595,0.1,-0.11110986547124312,1.3473037766980354e-9,3.6705636851824756e-5,7.18376392571582e-5,0.11110986547124312,-0.11110953829070934
9596,0.1,-0.11110976685248615,1.9087189870311754e-9,4.36888885991756e-5,7.135652070096211e-5,0.11110976685248615,-0.11110954315256888
9597,0.1,-0.11110966946456347,2.5612207741772645e-9,5.060850495892231e-5,7.081115413838331e-5,0.11110966946456347,-0.11110954786157744
9598,0.1,-0.11110957342614793,3.3010810874976815e-9,5.7455035353724056e-5,7.020210825393602e-5,0.11110957342614793,-0.11110955240099869
9599,0.25,-0.11110948203561695,4.101747432744652e-9,6.40448860780051e-5,6.95331630767324e-5,0.11110948203561695,-0.11110955602345672
9600,0.625,-0.11110940311584255,4.89177472445551e-9,6.994122335543975e-5,6.786531854379747e-5,0.11110940311584255,-0.11110955704380927
9601,1.5625,-0.11110935704587493,5.473093766866222e-9,7.398036068353697e-5,6.350121079363592e-5,0.11110935704587493,-0.1111095511621244
9602,3.90625,-0.11110939233718821,5.359422489898455e-9,7.320807667121473e-5,5.2183809318533216e-5,0.11110939233718821,-0.11110953000746278
9603,9.765625,-0.11110959838344349,3.7211866531803372e-9,6.1001529924915304e-5,2.518582419289724e-5,0.11110959838344349,-0.11110949111712638
9604,24.4140625,-0.11111001666455139,7.742484509232065e-10,2.782532032022644e-5,3.746841395259899e-5,0.11111001666455139,-0.11110948457113931
9605,9.765625,-0.11111017656528832,1.6894442403396694e-10,1.299786228708271e-5,0.00010181957161697342,0.11111017656528832,-0.11110949873478866
9606,3.90625,-0.11111032259075283,2.740272445274334e-11,5.23476116482341e-6,0.00011294103801511815,0.11111032259075283,-0.1111095124653676
9607,1.5625,-0.11111045983904576,1.5842058338484561e-10,1.258652388012058e-5,0.00011257245490984732,0.11111045983904576,-0.11110952491815812
9608,0.625,-0.11111059411217535,5.248831671877441e-10,2.2910328831942682e-5,0.00011057434742390222,0.11111059411217535,-0.1111095366942599
9609,0.25,-0.1111107275399495,1.1185184153542852e-9,3.3444258331652165e-5,0.00010898693760471888,0.1111107275399495,-0.11110954820480702
9610,0.1,-0.11111086089467868,1.937171590515154e-9,4.4013311514985486e-5,0.00010797396903784014,0.11111086089467868,-0.1111095596298076
9611,0.1,-0.11111099400243046,2.9738903555365676e-9,5.4533387530361325e-5,0.00010735555006653603,0.11111099400243046,-0.11110957079416937
9612,0.1,-0.11111112673354968,4.221864231851327e-9,6.497587422921931e-5,0.00010664018778389768,0.11111112673354968,-0.11110958165747543
9613,0.1,-0.11111125895553199,5.6735465849130035e-9,7.532294859412371e-5,0.00010582858405015735,0.11111125895553199,-0.11110959218069848
9614,0.1,-0.11111139053332653,7.320686549209022e-9,8.55610106836579e-5,0.00010492158785496495,0.11111139053332653,-0.11110960232635188
9615,0.25,-0.11111151870809713,9.10467033936516e-9,9.54183962313618e-5,0.00010392481508083832,0.11111151870809713,-0.1111096104342902
9616,0.625,-0.11111163657873926,1.0867602522029711e-8,0.00010424779384730265,0.0001014385282637867,0.11111163657873926,-0.11110961275543894
9617,1.5625,-0.11111172530084965,1.217129273964676e-8,0.00011032358197433021,9.492846849009438e-5,0.11111172530084965,-0.11110959971056045
9618,3.90625,-0.11111173602091863,1.1937888066504347e-8,0.00010926064280656757,7.801955553797352e-5,0.11111173602091863,-0.11110955258555202
9619,9.765625,-0.11111155727573971,8.31854198419524e-9,9.12060413799176e-5,3.7352153739957747e-5,0.11111155727573971,-0.11110946552845076
9620,24.4140625,-0.11111098054671072,1.2768223085339854e-10,1.1299656227222071e-5,5.373376293231446e-5,0.11111098054671072,-0.11110951584071055
9621,9.765625,-0.11110999213849364,1.3422364549006117e-10,1.1585492889388055e-5,3.062149985302587e-5,0.11110999213849364,-0.11110951500896377
9622,3.90625,-0.11110962289916207,1.5315265375173123e-10,1.2375486000627662e-5,2.0799682531339483e-5,0.11110962289916207,-0.11110951469785738
9623,1.5625,-0.11110932554228388,1.7700828021223659e-10,1.3304445881442662e-5,1.6664615347150562e-5,0.11110932554228388,-0.1111095146508535
9624,0.625,-0.11110904679324576,2.051336482938593e-10,1.4322487503707563e-5,1.4866792934082118e-5,0.11110904679324576,-0.11110951472613077
9625,1.5625,-0.11110887978653619,2.230537034879025e-10,1.4934982540595837e-5,1.4037766073531554e-5,0.11110887978653619,-0.11110951452527633
9626,3.90625,-0.11110901074752925,2.0644395647751384e-10,1.436815772733282e-5,1.2077335474804264e-5,0.11110901074752925,-0.11110951376163665
9627,9.765625,-0.1111097321067396,1.255513862196119e-10,1.1204971495707248e-5,8.898303363025893e-6,0.1111097321067396,-0.11110951255511856
9628,24.4140625,-0.11111062110920254,2.1844107481866613e-11,4.673768017549289e-6,1.2562969868183072e-5,0.11111062110920254,-0.11110951273011446
9629,9.765625,-0.11111025016056619,5.291396236625066e-12,2.3003035096754225e-6,2.1339918833713393e-5,0.11111025016056619,-0.11110951331206365
9630,3.90625,-0.11111013049985315,5.021088844060841e-12,2.2407786245099805e-6,2.2331592780090286e-5,0.11111013049985315,-0.11110951381459165
9631,1.5625,-0.11111004094636188,1.3885609703978062e-11,3.7263399877061757e-6,2.1822565585562056e-5,0.11111004094636188,-0.11110951426460274
9632,0.625,-0.1111099590631963,3.0771252069397875e-11,5.5471841567950375e-6,2.126373128614774e-5,0.1111099590631963,-0.11110951469173701
9633,0.25,-0.11110987950812173,5.543738169585646e-11,7.445628361384717e-6,2.0880373135501382e-5,0.11110987950812173,-0.11110951511078655
9634,0.1,-0.11110980068991044,8.78062714689249e-11,9.370500065040547e-6,2.064299680478805e-5,0.11110980068991044,-0.11110951552725234
9635,0.1,-0.11110972452095602,1.2754101191412247e-10,1.1293405682703622e-5,2.0495427254543647e-5,0.11110972452095602,-0.1111095159327559
9636,0.1,-0.11110965128552691,1.7434585006155422e-10,1.3204008863279145e-5,2.0333404745258637e-5,0.11110965128552691,-0.11110951632608726
9637,0.1,-0.1111095812555905,2.2790255412044814e-10,1.509644177018042e-5,2.015680198636472e-5,0.1111095812555905,-0.1111095167060775
9638,0.1,-0.11110951468997317,2.878715977179477e-10,1.6966779238203924e-5,1.9965576900442334e-5,0.11110951468997317,-0.11110951707160636
9639,0.25,-0.11110946131489469,3.5178921619491844e-10,1.8756044790811266e-5,1.976119839252299e-5,0.11110946131489469,-0.11110951735950338
9640,0.625,-0.1111094429148928,4.132055584626863e-10,2.032745823910816e-5,1.9281022278901957e-5,0.1111094429148928,-0.11110951743124214
9641,1.5625,-0.1111095130544664,4.546847501318651e-10,2.1323338156392518e-5,1.8066825628956478e-5,0.1111095130544664,-0.1111095169406696
9642,3.90625,-0.11110978267936023,4.352890581117894e-10,2.0863582101637996e-5,1.5043144392561968e-5,0.11110978267936023,-0.1111095152449617
9643,9.765625,-0.11111035958137261,2.921561385966839e-10,1.7092575540177784e-5,8.883512253050134e-6,0.11111035958137261,-0.11110951227373587
9644,24.4140625,-0.11111073020215752,5.8185138347079013e-11,7.627918349528855e-6,1.348223380199175e-5,0.11111073020215752,-0.11110951201581537
9645,9.765625,-0.11111046682005125,1.3514248051135533e-11,3.676173017029467e-6,2.957333521793787e-5,0.11111046682005125,-0.1111095131760739
9646,3.90625,-0.11111035550228944,5.2367307390126206e-12,2.288390425389125e-6,3.222501237594933e-5,0.11111035550228944,-0.11110951427040353
9647,1.5625,-0.11111026522874848,1.8163053516093342e-11,4.261813407000985e-6,3.193747584998193e-5,0.11111026522874848,-0.11110951526092408
9648,0.625,-0.11111018077941258,4.945782749835036e-11,7.03262593192261e-6,3.1299294962084854e-5,0.11111018077941258,-0.11110951619920852
9649,0.25,-0.11111009821983174,9.848907830273788e-11,9.924166378227336e-6,3.081673050859108e-5,0.11111009821983174,-0.11110951711745605
9650,0.1,-0.11111001630981598,1.6507910417029458e-10,1.2848311335358222e-5,3.05107161882739e-5,0.11111001630981598,-0.11110951802916855
9651,0.1,-0.11110993571736617,2.4862019220038504e-10,1.5767694574679744e-5,3.032155448163184e-5,0.11110993571736617,-0.111109518919106
9652,0.1,-0.11110985662479166,3.4853470467926775e-10,1.8669084194980422e-5,3.0106695976279245e-5,0.11110985662479166,-0.11110951978421568
9653,0.1,-0.11110977920904985,4.641887241604303e-10,2.1545039432788938e-5,2.986626287124278e-5,0.11110977920904985,-0.11110952062155212
9654,0.1,-0.1111097036412545,5.94894574015965e-10,2.4390460717583115e-5,2.9600440234927815e-5,0.1111097036412545,-0.11110952142829163
9655,0.25,-0.11110963499049563,7.357763772822748e-10,2.7125198198027508e-5,2.9310962790152696e-5,0.11110963499049563,-0.11110952207090369
9656,0.625,-0.111109585041818,8.738051175172945e-10,2.9560194815279795e-5,2.860636084396831e-5,0.111109585041818,-0.11110952225059437
9657,1.5625,-0.1111095835988023,9.73065256855297e-10,3.1193993922793804e-5,2.678621402444305e-5,0.1111095835988023,-0.11110952120949806
9658,3.90625,-0.11110969607226129,9.46242375442149e-10,3.0761052898789874e-5,2.2131534877051195e-5,0.11110969607226129,-0.11110951749396064
9659,9.765625,-0.11111000797292034,6.482072237878868e-10,2.5459914056961914e-5,1.1663832547700646e-5,0.11111000797292034,-0.11110951078031987
9660,24.4140625,-0.11111034727523486,1.3048203881481488e-10,1.1422873492025327e-5,1.7561900435943465e-5,0.11111034727523486,-0.11110950992579531
9661,9.765625,-0.11111031556693958,2.878893448886205e-11,5.365532078821452e-6,4.3075218133088025e-5,0.11111031556693958,-0.11110951243299513
9662,3.90625,-0.11111033716012694,7.397810495859857e-12,2.719891633109646e-6,4.737598883889391e-5,0.11111033716012694,-0.11110951482612359
9663,1.5625,-0.1111103630426698,3.3133799000547744e-11,5.7561965741753245e-6,4.7089959446922135e-5,0.1111103630426698,-0.11110951699235201
9664,0.625,-0.11111038977908545,9.964861894116618e-11,9.98241548630221e-6,4.620300402967925e-5,0.11111038977908545,-0.11110951904202841
9665,0.25,-0.11111041677131121,2.0553628488413127e-10,1.4336536711637552e-5,4.5517911137296414e-5,0.11111041677131121,-0.1111095210468674
9666,0.1,-0.1111104438760729,3.5042419136298015e-10,1.8719620491959237e-5,4.508424319406258e-5,0.1111104438760729,-0.11110952303755788
9667,0.1,-0.11111047130988944,5.330465287841384e-10,2.3087800431919416e-5,4.4819802904504485e-5,0.11111047130988944,-0.11110952498205971
9668,0.1,-0.11111049909223343,7.521814999643346e-10,2.7425927513291773e-5,4.451549626869993e-5,0.11111049909223343,-0.11110952687342665
9669,0.1,-0.11111052723971748,1.0064800226748102e-9,3.172506930921996e-5,4.417160612793344e-5,0.11111052723971748,-0.11110952870495712
9670,0.1,-0.11111055576598061,1.2944714018461532e-9,3.597876320617696e-5,4.378848521567194e-5,0.11111055576598061,-0.11110953047022144
9671,0.25,-0.11111058557026185,1.605674278562468e-9,4.0070865707674296e-5,4.3368574227387335e-5,0.11111058557026185,-0.11110953187706141
9672,0.625,-0.11111061852846622,1.911953078507666e-9,4.372588568008275e-5,4.2326914224372876e-5,0.11111061852846622,-0.11110953226860955
9673,1.5625,-0.11111065876438071,2.135448480488005e-9,4.621091300210379e-5,3.960971111271761e-5,0.11111065876438071,-0.11110952997246532
9674,3.90625,-0.11111071190540726,2.085575162009589e-9,4.566809785845683e-5,3.2591950084356525e-5,0.11111071190540726,-0.11110952175111136
9675,9.765625,-0.11111076320967016,1.4399083506654223e-9,3.794612431679186e-5,1.6171098635808703e-5,0.11111076320967016,-0.11110950674754694
9676,24.4140625,-0.11111065591191431,2.9451785909352483e-10,1.7161522633307478e-5,2.4367058745556158e-5,0.11111065591191431,-0.11110950449867771
9677,9.765625,-0.11111049750578136,6.419604697803834e-11,8.012243567068985e-6,6.363364134348463e-5,0.11111049750578136,-0.1111095100113553
9678,3.90625,-0.1111103902031316,1.2669129707262066e-11,3.559372094522019e-6,7.0335707290143e-5,0.1111103902031316,-0.11110951531624162
9679,1.5625,-0.11111029375617104,6.621725814219094e-11,8.137398733145067e-6,7.002269170739378e-5,0.11111029375617104,-0.11110952012202438
9680,0.625,-0.1111102007825667,2.1061740447539964e-10,1.4512663589961686e-5,6.874752479393591e-5,0.1111102007825667,-0.1111095246674113
9681,0.25,-0.11111010907459047,4.427184334562916e-10,2.1040875301571738e-5,6.774798505444563e-5,0.11111010907459047,-0.1111095291117789
9682,0.1,-0.11111001789410115,7.617023628898696e-10,2.75989558297025e-5,6.711362204720852e-5,0.11111001789410115,-0.11110953352419348
9683,0.1,-0.11110992751118477,1.1648355337126017e-9,3.412968698527137e-5,6.67277555877929e-5,0.11110992751118477,-0.11110953783544907
9684,0.1,-0.11110983802899005,1.6494577559535838e-9,4.061351691190488e-5,6.628177424042126e-5,0.11110983802899005,-0.11110954202997102
9685,0.1,-0.1111097495485301,2.2126238883115762e-9,4.703853620502636e-5,6.577611476729367e-5,0.1111097495485301,-0.11110954609272217
9686,0.1,-0.11110966216852543,2.85111631779868e-9,5.339584551066384e-5,6.521130945640073e-5,0.11110966216852543,-0.111109550009266
9687,0.25,-0.11110957855477283,3.5419816448082293e-9,5.951454985806605e-5,6.459085818013908e-5,0.11110957855477283,-0.11110955313430286
9688,0.625,-0.1111095050703144,4.223466974860207e-9,6.498820642901454e-5,6.304247641366763e-5,0.1111095050703144,-0.11110955401330823
9689,1.5625,-0.11110945840793492,4.724400669184235e-9,6.873427579588102e-5,5.898994314026757e-5,0.11110945840793492,-0.11110954893583329
9690,3.90625,-0.11110947895173388,4.62468632938776e-9,6.80050463523683e-5,4.8483192119020755e-5,0.11110947895173388,-0.11110953068394323
9691,9.765625,-0.11110964505261281,3.2084661156534263e-9,5.664332366354773e-5,2.3474126082664812e-5,0.11110964505261281,-0.11110949716377122
9692,24.4140625,-0.1111100168254814,6.659390162219555e-10,2.580579423737924e-5,3.498856981159734e-5,0.1111100168254814,-0.11110949160636142
9693,9.765625,-0.11111017756002266,1.453876471253908e-10,1.205768000592945e-5,9.458497685521357e-5,0.11111017756002266,-0.11110950382201543
9694,3.90625,-0.11111031883475166,2.4410686139324917e-11,4.940717168521683e-6,0.00010486627125716134,0.11111031883475166,-0.11110951565239229
9695,1.5625,-0.11111045099097767,1.3827268115309916e-10,1.1758940477487722e-5,0.00010450698060752744,0.11111045099097767,-0.11110952638028918
9696,0.625,-0.111110580100317,4.5503040025032124e-10,2.1331441588657838e-5,0.00010264563537731431,0.111110580100317,-0.11110953652564558
9697,0.25,-0.11111070831788178,9.67575861371823e-10,3.110588145948967e-5,0.0001011699355144449,0.11111070831788178,-0.11110954644288651
9698,0.1,-0.11111083641667581,1.6740631011023473e-9,4.091531621657527e-5,0.00010022928267536837,0.11111083641667581,-0.11110955628696059
9699,0.1,-0.11111096421428973,2.5684887066652573e-9,5.06802595362855e-5,9.965560604597165e-5,0.11111096421428973,-0.11110956590641595
9700,0.1,-0.11111109158363752,3.644977703621362e-9,6.037365073955162e-5,9.899187318911978e-5,0.11111109158363752,-0.11110957526640845
9701,0.1,-0.11111121839537146,4.897019771275727e-9,6.997870941419059e-5,9.823874099916087e-5,0.11111121839537146,-0.11110958433329411
9702,0.1,-0.11111134451817041,6.317496836264805e-9,7.94826826186988e-5,9.739700300415659e-5,0.11111134451817041,-0.11110959307475865
9703,0.25,-0.11111146720164249,7.855780572143926e-9,8.863284138593282e-5,9.647186570460322e-5,0.11111146720164249,-0.11110960005853297
9704,0.625,-0.11111157960063103,9.37550543570097e-9,9.682719367874383e-5,9.416304474011461e-5,0.11111157960063103,-0.11110960205103426
9705,1.5625,-0.11111166311653635,1.049829116848412e-8,0.00010246116907630968,8.811689783880476e-5,0.11111166311653635,-0.1111095907922325
9706,3.90625,-0.11111166997707479,1.0293725084179065e-8,0.00010145799664974203,7.241547489479862e-5,0.11111166997707479,-0.11110955015638949
9707,9.765625,-0.11111149348772742,7.167549199398556e-9,8.466137962139853e-5,3.46986405539733e-5,0.11111149348772742,-0.11110947516164775
9708,24.4140625,-0.11111098196812318,1.1125502036394138e-10,1.0547749540254612e-5,5.008729107650449e-5,0.11111098196812318,-0.11110951861212887
9709,9.765625,-0.11111000779913457,1.1671474531319485e-10,1.0803459876965103e-5,2.8690079840906908e-5,0.11111000779913457,-0.11110951790165004
9710,3.90625,-0.11110964235676803,1.3326935253302307e-10,1.1544234601437337e-5,1.9590003271319617e-5,0.11110964235676803,-0.11110951763823862
9711,1.5625,-0.1111093481076508,1.5415519807242757e-10,1.2415925179881987e-5,1.576237940320331e-5,0.1111093481076508,-0.11110951760375677
9712,0.625,-0.11110907230739983,1.7880372213703163e-10,1.3371750900201201e-5,1.4100657576379537e-5,0.11110907230739983,-0.11110951767546892
9713,1.5625,-0.11110890669565017,1.945029628457948e-10,1.3946431903744943e-5,1.333532372952306e-5,0.11110890669565017,-0.11110951750607236
9714,3.90625,-0.11110903512316792,1.7984903345563273e-10,1.3410780493902386e-5,1.153015793346685e-5,0.11110903512316792,-0.11110951684610425
9715,9.765625,-0.11110974690595493,1.0903748395181168e-10,1.0442101510319255e-5,8.638457697096226e-6,0.11110974690595493,-0.11110951580399035
9716,24.4140625,-0.11111062665818416,1.9255059182269927e-11,4.38805870314766e-6,1.196006570377108e-5,0.11111062665818416,-0.11110951595547383
9717,9.765625,-0.11111025538672555,4.9093522630870934e-12,2.2157058160069657e-6,2.001153184414421e-5,0.11111025538672555,-0.11110951646278211
9718,3.90625,-0.11111013357505269,4.750628153773246e-12,2.1795935753651978e-6,2.091204458581444e-5,0.11111013357505269,-0.11110951690159067
9719,1.5625,-0.11111004190983607,1.2497921779239328e-11,3.535239988917206e-6,2.043315907356695e-5,0.11111004190983607,-0.11110951729555106
9720,0.625,-0.11110995794656965,2.7188225996217434e-11,5.214233020897458e-6,1.991301562640191e-5,0.11110995794656965,-0.11110951767004049
9721,0.25,-0.11110987632415098,4.861453175560183e-11,6.97241219059816e-6,1.9557174655658083e-5,0.11110987632415098,-0.11110951803768936
9722,0.1,-0.11110979544278905,7.671003925899174e-11,8.758426757071828e-6,1.9337102332869698e-5,0.11110979544278905,-0.11110951840317183
9723,0.1,-0.11110971720354355,1.1117988716296025e-10,1.0544187363801927e-5,1.920036672597721e-5,0.11110971720354355,-0.1111095187591423
9724,0.1,-0.11110964189146699,1.5176611935245186e-10,1.2319339241714706e-5,1.9050307158651177e-5,0.11110964189146699,-0.1111095191045556
9725,0.1,-0.11110956977941959,1.9819126294016793e-10,1.4078041871658428e-5,1.8886813096184775e-5,0.11110956977941959,-0.11110951943840112
9726,0.1,-0.11110950112723139,2.501593789993992e-10,1.5816427504319653e-5,1.8709854081485816e-5,0.11110950112723139,-0.1111095197597112
9727,0.25,-0.11110944565136949,3.0551768877349603e-10,1.747906429914073e-5,1.852080244566035e-5,0.11110944565136949,-0.11110952001364935
9728,0.625,-0.11110942513094986,3.586360241395722e-10,1.8937687930145332e-5,1.8076983119447014e-5,0.11110942513094986,-0.11110952008010301
9729,1.5625,-0.11110949316167784,3.94317529408189e-10,1.985743008065719e-5,1.6956315305483164e-5,0.11110949316167784,-0.11110951965929523
9730,3.90625,-0.11110976099437114,3.7700550133393507e-10,1.9416629504987086e-5,1.4176575454012615e-5,0.11110976099437114,-0.11110951819619366
9731,9.765625,-0.11111033825625474,2.526061451663465e-10,1.5893588177826507e-5,8.609951372332036e-6,0.11111033825625474,-0.1111095156352804
9732,24.4140625,-0.11111071870476355,5.0490151712893256e-11,7.105642244927143e-6,1.2813811626542947e-5,0.11111071870476355,-0.11110951541775102
9733,9.765625,-0.11111046054185635,1.1976978908403885e-11,3.4607772116106934e-6,2.759013200222909e-5,0.11111046054185635,-0.11110951642227547
9734,3.90625,-0.11111035308519195,4.916587849808189e-12,2.2173380098235338e-6,3.0032899581059654e-5,0.11111035308519195,-0.1111095173706435
9735,1.5625,-0.11111026639099693,1.6154683834791278e-11,4.0192889712971965e-6,2.9761029982024528e-5,0.11111026639099693,-0.11110951823003909
9736,0.625,-0.11111018542557645,4.324547346384383e-11,6.5761290638067494e-6,2.9167653636330703e-5,0.11111018542557645,-0.11110951904469048
9737,0.25,-0.1111101063144286,8.564470275401292e-11,9.254442325392325e-6,2.871981020239274e-5,0.1111101063144286,-0.11110951984221598
9738,0.1,-0.11111002783809486,1.431995281765993e-10,1.1966600527158885e-5,2.8436043070504147e-5,0.11111002783809486,-0.11110952063418003
9739,0.1,-0.11110995065910205,2.1538361459678167e-10,1.4675953617969146e-5,2.82607154919737e-5,0.11110995065910205,-0.11110952140733409
9740,0.1,-0.11110987495687251,3.016972539672104e-10,1.736943447459388e-5,2.806159539724267e-5,0.11110987495687251,-0.11110952215904263
9741,0.1,-0.11110980090551524,4.015920896656515e-10,2.0039762714804074e-5,2.7838801255064495e-5,0.11110980090551524,-0.11110952288676454
9742,0.1,-0.11110972867333496,5.144733041968302e-10,2.2682003972242624e-5,2.759251044957265e-5,0.11110972867333496,-0.11110952358806286
9743,0.25,-0.1111096632596893,6.361195486751595e-10,2.5221410521125887e-5,2.7324336335138378e-5,0.1111096632596893,-0.11110952414751865
9744,0.625,-0.11110961628028083,7.552537303984278e-10,2.7481880037552522e-5,2.6671715802939968e-5,0.11110961628028083,-0.11110952430698892
9745,1.5625,-0.1111096170871437,8.408002411348612e-10,2.8996555677094844e-5,2.498671288726058e-5,0.1111096170871437,-0.11110952341196292
9746,3.90625,-0.1111097299599084,8.172673329019912e-10,2.8587887870599873e-5,2.068448314537431e-5,0.1111097299599084,-0.11110952020820193
9747,9.765625,-0.11111003796840593,5.594338885684555e-10,2.3652354820788046e-5,1.1092115305165404e-5,0.11111003796840593,-0.11110951442149249
9748,24.4140625,-0.11111036550322496,1.125847236003328e-10,1.061059487495083e-5,1.6536943091073696e-5,0.11111036550322496,-0.11110951369686185
9749,9.765625,-0.1111103264351385,2.5062005578600485e-11,5.00619671792874e-6,4.008461621366268e-5,0.1111103264351385,-0.11110951586263783
9750,3.90625,-0.11111034196863434,6.780224499460459e-12,2.6038864221506396e-6,4.405543949604888e-5,0.11111034196863434,-0.11110951792957657
9751,1.5625,-0.11111036224168373,2.912530617539298e-11,5.396786652758564e-6,4.378293309680803e-5,0.11111036224168373,-0.11110951980124027
9752,0.625,-0.11111038351672457,8.662837203247801e-11,9.307436383477353e-6,4.2957352603659265e-5,0.11111038351672457,-0.11110952157271638
9753,0.25,-0.11111040509435975,1.7807917332350788e-10,1.3344630880002185e-5,4.2320743557835584e-5,0.11111040509435975,-0.11110952330571018
9754,0.1,-0.11111042679568263,3.031570305771796e-10,1.741140518674985e-5,4.191802020565586e-5,0.11111042679568263,-0.11110952502659409
9755,0.1,-0.11111044884433989,4.6076751585041337e-10,2.1465495937676663e-5,4.167252625922902e-5,0.11111044884433989,-0.11110952670761481
9756,0.1,-0.11111047126521285,6.498552614773889e-10,2.5492258853961702e-5,4.139007848016675e-5,0.11111047126521285,-0.1111095283427856
9757,0.1,-0.11111049408036193,8.692551092851205e-10,2.948313262333432e-5,4.1070941318983466e-5,0.11111049408036193,-0.11110952992633062
9758,0.1,-0.11111051730890854,1.1176970119152497e-9,3.3431975890085375e-5,4.071544474152452e-5,0.11111051730890854,-0.11110953145270783
9759,0.25,-0.1111105419683747,1.3861248684082848e-9,3.723069793071686e-5,4.0325858523692375e-5,0.1111105419683747,-0.11110953266974612
9760,0.625,-0.11111057022768596,1.6502337662562215e-9,4.062306938497166e-5,3.935957924480964e-5,0.11111057022768596,-0.11110953301066116
9761,1.5625,-0.1111106070018134,1.842777487363788e-9,4.292758422464264e-5,3.683969549228632e-5,0.1111106070018134,-0.11110953103276436
9762,3.90625,-0.11111065992664666,1.7992084017480026e-9,4.241707677042352e-5,3.0336511113862824e-5,0.11111065992664666,-0.1111095239449789
9763,9.765625,-0.11111071861986374,1.2414413864177692e-9,3.523409409106142e-5,1.5187015777074685e-5,0.11111071861986374,-0.11110951101738
9764,24.4140625,-0.11111063195440818,2.535918908405439e-10,1.5924568780364003e-5,2.2808496490151105e-5,0.11111063195440818,-0.11110950910473778
9765,9.765625,-0.11111048352446887,5.545077421544324e-11,7.44652766163151e-6,5.913632996237704e-5,0.11111048352446887,-0.11110951386035496
9766,3.90625,-0.11111038461004032,1.1360385224269207e-11,3.370517055923202e-6,6.533274843406463e-5,0.11111038461004032,-0.11110951843422791
9767,1.5625,-0.11111029596020153,5.780037269625984e-11,7.602655634464831e-6,6.503329916546676e-5,0.11111029596020153,-0.11110952257799829
9768,0.625,-0.11111021056812291,1.8252540470947832e-10,1.351019632386881e-5,6.3846472550731e-5,0.11111021056812291,-0.1111095264976977
9769,0.25,-0.11111012635357173,3.828249443222256e-10,1.956591281597221e-5,6.291761847808452e-5,0.11111012635357173,-0.1111095303305952
9770,0.1,-0.11111004262293833,6.579961047585235e-10,2.5651434750487613e-5,6.23285071125201e-5,0.11111004262293833,-0.11110953413610931
9771,0.1,-0.1111099596397923,1.0056784472534166e-9,3.171243363813974e-5,6.197033408583515e-5,0.1111099596397923,-0.11110953785440643
9772,0.1,-0.11110987750183149,1.4235767670040118e-9,3.7730316285501925e-5,6.155638303783567e-5,0.11110987750183149,-0.1111095414720655
9773,0.1,-0.1111097963047369,1.9091501346797087e-9,4.3693822614640946e-5,6.10870613362507e-5,0.1111097963047369,-0.1111095449761313
9774,0.1,-0.11110971614202121,2.45962267175031e-9,4.9594583088784104e-5,6.0562865472690924e-5,0.11110971614202121,-0.1111095483541645
9775,0.25,-0.11110963955061798,3.055179963910713e-9,5.5273682380593326e-5,5.998704600833303e-5,0.11110963955061798,-0.11110955104961424
9776,0.625,-0.11110957257664963,3.642521565505299e-9,6.0353306168803204e-5,5.8549940875665354e-5,0.11110957257664963,-0.11110955180830116
9777,1.5625,-0.11110953105136336,4.073925576422371e-9,6.382731058428179e-5,5.478896774364539e-5,0.11110953105136336,-0.1111095474315
9778,3.90625,-0.11110955309118453,3.986947199195316e-9,6.314227743117376e-5,4.50417136481737e-5,0.11110955309118453,-0.11110953170008367
9779,9.765625,-0.11110971149195895,2.7644838053193945e-9,5.25783587164852e-5,2.1892437237613547e-5,0.11110971149195895,-0.11110950282777929
9780,24.4140625,-0.11111005536987331,5.728444398789838e-10,2.3934168877965738e-5,3.263838558381124e-5,0.11111005536987331,-0.11110949809281473
9781,9.765625,-0.1111101990632343,1.2512387196846688e-10,1.1185878238585778e-5,8.783643405050114e-5,0.1111101990632343,-0.11110950862266902
9782,3.90625,-0.11111032668028885,2.1534225194649743e-11,4.640498377830741e-6,9.7348305387122e-5,0.11111032668028885,-0.11110951881320598
9783,1.5625,-0.11111044619721161,1.2019151525945652e-10,1.0963189100779779e-5,9.700279347145443e-5,0.11111044619721161,-0.11110952805320233
9784,0.625,-0.11111056298475039,3.9360177990580743e-10,1.9839399686124764e-5,9.527043194787826e-5,0.11111056298475039,-0.11110953679167415
9785,0.25,-0.11111067896507111,8.356510429138896e-10,2.8907629493161308e-5,9.389887276434136e-5,0.11111067896507111,-0.11110954533397342
9786,0.1,-0.1111107948291586,1.44475214426493e-9,3.8009895346671635e-5,9.302503717432223e-5,0.1111107948291586,-0.1111095538134538
9787,0.1,-0.11111091041706635,2.2157239228970975e-9,4.707147674438415e-5,9.249224841478659e-5,0.11111091041706635,-0.11110956209933127
9788,0.1,-0.11111102561541612,3.1434995978484817e-9,5.606692070952784e-5,9.187588848512855e-5,0.11111102561541612,-0.11110957016159728
9789,0.1,-0.1111111403087925,4.2224648910549894e-9,6.49804962358321e-5,9.117656884016316e-5,0.1111111403087925,-0.11110957797127789
9790,0.1,-0.11111125437999403,5.4464818387834526e-9,7.380028346004812e-5,9.03950281061441e-5,0.11111125437999403,-0.11110958550054635
9791,0.25,-0.11111136537932804,6.771874726214772e-9,8.229140128965342e-5,8.953610412366025e-5,0.11111136537932804,-0.11110959151486206
9792,0.625,-0.11111146720397277,8.081020963899628e-9,8.989449907474666e-5,8.739266898102282e-5,0.11111146720397277,-0.11110959322761367
9793,1.5625,-0.111111543248919,9.047588721784975e-9,9.51188137109845e-5,8.178015674798789e-5,0.111111543248919,-0.1111095835218029
9794,3.90625,-0.11111155072104605,8.869340950630682e-9,9.41771785021758e-5,6.720801513848137e-5,0.11111155072104605,-0.11110954850982689
9795,9.765625,-0.11111139319308153,6.172627271584417e-9,7.85660694675788e-5,3.224423820336602e-5,0.11111139319308153,-0.11110948393722694
9796,24.4140625,-0.11111091076448185,9.634214667748975e-11,9.815403541245248e-6,4.663965933398215e-5,0.11111091076448185,-0.11110952143267885
9797,9.765625,-0.11111004332155755,1.0116062458552601e-10,1.0057863818203447e-5,2.671582849118318e-5,0.11111004332155755,-0.11110952081518331
9798,3.90625,-0.11110971884655536,1.1532175744711032e-10,1.073879683424127e-5,1.8308623826384455e-5,0.11110971884655536,-0.11110952059094191
9799,1.5625,-0.11110945763055796,1.3318667690369438e-10,1.1540653226905936e-5,1.4801259151927197e-5,0.11110945763055796,-0.11110952056585717
9800,0.625,-0.1111092127917495,1.5426078361191832e-10,1.2420176472656027e-5,1.3288032097772333e-5,0.1111092127917495,-0.11110952063288466
9801,1.5625,-0.11110906611927225,1.676674415964797e-10,1.2948646322935833e-5,1.2593406659320146e-5,0.11110906611927225,-0.11110952049248371
9802,3.90625,-0.11110918126512823,1.5512902242567394e-10,1.2455080185437344e-5,1.0963859652937934e-5,0.11110918126512823,-0.11110951992950069
9803,9.765625,-0.11110981528383726,9.437697431278354e-11,9.714781228251285e-6,8.385435420257779e-6,0.11110981528383726,-0.11110951903391136
9804,24.4140625,-0.11111059616480536,1.6871169336804654e-11,4.1074529013495275e-6,1.1379072147778766e-5,0.11111059616480536,-0.11110951916441479
9805,9.765625,-0.11111026677362335,4.57127007550122e-12,2.1380528701370366e-6,1.873774862464196e-5,0.11111026677362335,-0.11110951960372921
9806,3.90625,-0.11111015968087302,4.439603343309737e-12,2.107036626001014e-6,1.9565631835432563e-5,0.11111015968087302,-0.11110951998645133
9807,1.5625,-0.11111007930993873,1.1118283373741992e-11,3.3344089991694167e-6,1.9124837440021874e-5,0.11111007930993873,-0.11110952033136537
9808,0.625,-0.1111100057541366,2.37783726722905e-11,4.876307278288613e-6,1.864622616576049e-5,0.1111100057541366,-0.11110952065983497
9809,0.25,-0.11110993426733139,4.2241407431595475e-11,6.499338999590303e-6,1.8318929976648373e-5,0.11110993426733139,-0.11110952098254606
9810,0.1,-0.11110986343474365,6.644976318071367e-11,8.151672416180232e-6,1.811658786939471e-5,0.11110986343474365,-0.11110952130344627
9811,0.1,-0.11110979494962447,9.6150295348551e-11,9.805625698982753e-6,1.799091268317786e-5,0.11110979494962447,-0.11110952161615378
9812,0.1,-0.11110972906453266,1.311212924411372e-10,1.1450820601211828e-5,1.7853000515894754e-5,0.11110972906453266,-0.11110952191976696
9813,0.1,-0.11110966602115856,1.7112424309595026e-10,1.3081446521541502e-5,1.7702754491933697e-5,0.11110966602115856,-0.1111095222134152
9814,0.1,-0.11110960604957787,2.1590473017040916e-10,1.4693696953810133e-5,1.754015205861343e-5,0.11110960604957787,-0.11110952249626405
9815,0.25,-0.11110955777788253,2.636134492800471e-10,1.6236177175679227e-5,1.7366459558911483e-5,0.11110955777788253,-0.11110952272100802
9816,0.625,-0.11110954053703512,3.094118087204043e-10,1.7590105420957668e-5,1.6958739802078067e-5,0.11110954053703512,-0.11110952278404855
9817,1.5625,-0.11110960187495898,3.4022927968446164e-10,1.8445305085155453e-5,1.5929923717724553e-5,0.11110960187495898,-0.1111095224267255
9818,3.90625,-0.1111098403637655,3.254285443817425e-10,1.8039638144423586e-5,1.338442887081892e-5,0.1111098403637655,-0.11110952116957593
9819,9.765625,-0.11111035234275404,2.1819823079738795e-10,1.4771534476735583e-5,8.347775312604597e-6,0.11111035234275404,-0.11110951896307704
9820,24.4140625,-0.111110684856707,4.377244122760892e-11,6.616074457532119e-6,1.21512877587302e-5,0.111110684856707,-0.11110951877706539
9821,9.765625,-0.11111045349275599,1.0646746260608956e-11,3.2629352216384798e-6,2.5739659215786798e-5,0.11111045349275599,-0.11110951964592419
9822,3.90625,-0.1111103565658666,4.607011627900762e-12,2.1463950307202917e-6,2.7990856311167297e-5,0.1111103565658666,-0.11110952046780172
9823,1.5625,-0.11111027818557159,1.433826283752978e-11,3.7865898692002253e-6,2.7736225874243053e-5,0.11111027818557159,-0.11110952121369379
9824,0.625,-0.11111020492680124,3.773457996063453e-11,6.142847870542989e-6,2.7186128790716122e-5,0.11111020492680124,-0.11110952192134567
9825,0.25,-0.11111013332603711,7.432755751305823e-11,8.621343138575231e-6,2.6771464409207015e-5,0.11111013332603711,-0.11110952261438448
9826,0.1,-0.11111006229255956,1.239856986548065e-10,1.1134886557787937e-5,2.6508880477056527e-5,0.11111006229255956,-0.11110952330269719
9827,0.1,-0.11110999241857417,1.8625467229851913e-10,1.364751524265568e-5,2.634671302426696e-5,0.11110999241857417,-0.11110952397478772
9828,0.1,-0.11110992386469841,2.607033927041108e-10,1.6146312046535913e-5,2.616255661396453e-5,0.11110992386469841,-0.11110952462838493
9829,0.1,-0.11110985678682493,3.4685882958797336e-10,1.862414641233185e-5,2.595652460393988e-5,0.11110985678682493,-0.1111095252612982
9830,0.1,-0.11110979133568417,4.442078937433302e-10,2.1076240028604014e-5,2.5728785573092042e-5,0.11110979133568417,-0.11110952587142746
9831,0.25,-0.111109731983833,5.491076017674158e-10,2.343304508098373e-5,2.5480836708089573e-5,0.111109731983833,-0.11110952635915891
9832,0.625,-0.11110968912506948,6.518266700399723e-10,2.5530896381442865e-5,2.4877461552173064e-5,0.11110968912506948,-0.11110952650177269
9833,1.5625,-0.11110968903064963,7.255499878659169e-10,2.6936035117773308e-5,2.3320253351717413e-5,0.11110968903064963,-0.11110952573464467
9834,3.90625,-0.11110978927317362,7.051376493876586e-10,2.6554428056120108e-5,1.935036096938195e-5,0.11110978927317362,-0.11110952297606559
9835,9.765625,-0.11111006452759692,4.825664554604222e-10,2.196739528165372e-5,1.0574180307826118e-5,0.11111006452759692,-0.11110951799102642
9836,24.4140625,-0.11111035948692848,9.720008418268442e-11,9.859010304421252e-6,1.556943749186978e-5,0.11111035948692848,-0.11110951737251036
9837,9.765625,-0.11111032735728629,2.1882553954603514e-11,4.677879215478261e-6,3.729940851471039e-5,0.11111032735728629,-0.11110951924229119
9838,3.90625,-0.11111034346137927,6.222599808819608e-12,2.4945139423983198e-6,4.096850572159433e-5,0.11111034346137927,-0.11110952102753183
9839,1.5625,-0.11111036361512566,2.5569248035499594e-11,5.056604397765322e-6,4.071157875055376e-5,0.11111036361512566,-0.11110952264506117
9840,0.625,-0.11111038460140009,7.521316585609007e-11,8.672552441818387e-6,3.994468083870392e-5,0.11111038460140009,-0.11110952417657913
9841,0.25,-0.11111040583510491,1.5411295315582678e-10,1.241422382413926e-5,3.935402733256756e-5,0.11111040583510491,-0.11110952567510216
9842,0.1,-0.1111104271702036,2.619929221055571e-10,1.618619541787251e-5,3.898058002873024e-5,0.1111104271702036,-0.11110952716327308
9843,0.1,-0.11111044880522436,3.9790853747829894e-10,1.994764491057275e-5,3.875302252375162e-5,0.11111044880522436,-0.11110952861707775
9844,0.1,-0.11111047076059855,5.609495153020381e-10,2.3684372807867177e-5,3.849122257130922e-5,0.11111047076059855,-0.11110953003135636
9845,0.1,-0.1111104930542461,7.501109014735996e-10,2.7388152575038713e-5,3.819542844026861e-5,0.1111104930542461,-0.11110953140113224
9846,0.1,-0.11111051570147813,9.642973012795628e-10,3.105313673817128e-5,3.7865949624887525e-5,0.11111051570147813,-0.11110953272162886
9847,0.25,-0.11111053957245101,1.1956939375305174e-9,3.457880763604375e-5,3.7504892913547414e-5,0.11111053957245101,-0.11110953377534567
9848,0.625,-0.11111056650808432,1.4233294125090565e-9,3.772703821543717e-5,3.660935371492528e-5,0.11111056650808432,-0.1111095340735394
9849,1.5625,-0.1111106006374441,1.589186155094864e-9,3.9864597766625766e-5,3.427441708463669e-5,0.1111106006374441,-0.11110953237236058
9850,3.90625,-0.11111064811265105,1.5513258488247486e-9,3.93868740676986e-5,2.8253189952047095e-5,0.11111064811265105,-0.11110952626632742
9851,9.765625,-0.1111106981709826,1.0700186001727463e-9,3.2711138778293035e-5,1.4292537625844224e-5,0.1111106981709826,-0.11110951513097722
9852,24.4140625,-0.11111061370167277,2.18484196110522e-10,1.4781210914891986e-5,2.134619278956251e-5,0.11111061370167277,-0.11110951349726883
9853,9.765625,-0.11111047764248397,4.798794232995574e-11,6.927332988239828e-6,5.495273029735064e-5,0.11111047764248397,-0.11110951759837177
9854,3.90625,-0.11111038635443793,1.0190493721893852e-11,3.1922552720441786e-6,6.068597960794971e-5,0.11111038635443793,-0.11110952154212946
9855,1.5625,-0.11111030443222641,5.037536855378423e-11,7.097560746748437e-6,6.040251255137625e-5,0.11111030443222641,-0.11110952511568428
9856,0.625,-0.11111022548609568,1.580002206441935e-10,1.2569813866728239e-5,5.9299395600504485e-5,0.11111022548609568,-0.11110952849653241
9857,0.25,-0.11111014761285658,3.307331230561696e-10,1.818606947793199e-5,5.84370000825258e-5,0.11111014761285658,-0.11110953180281005
9858,0.1,-0.11111007017692863,5.67969980604025e-10,2.3832120774367207e-5,5.7890316859960826e-5,0.11111007017692863,-0.11110953508561675
9859,0.1,-0.11110999341630928,8.67674658389934e-10,2.945631780093931e-5,5.7558072631385186e-5,0.11110999341630928,-0.11110953829326585
9860,0.1,-0.1111099174206958,1.227868355141543e-9,3.504095254329629e-5,5.717409041664805e-5,0.1111099174206958,-0.11110954141419514
9861,0.1,-0.11110984227801622,1.6463604579509637e-9,4.057536762557998e-5,5.673875039508738e-5,0.11110984227801622,-0.11110954443724344
9862,0.1,-0.11110976807427893,2.1207578376904194e-9,4.605168658898846e-5,5.625251581426553e-5,0.11110976807427893,-0.11110954735169519
9863,0.25,-0.11110969712725081,2.6339696583753287e-9,5.132221408294199e-5,5.571840358312831e-5,0.11110969712725081,-0.11110954967776898
9864,0.625,-0.11110963496650814,3.140025867087087e-9,5.6035933712994266e-5,5.438525352069946e-5,0.11110963496650814,-0.11110955033447878
9865,1.5625,-0.11110959608273066,3.5115321812858092e-9,5.925818239944429e-5,5.0896580222189416e-5,0.11110959608273066,-0.11110954656520353
9866,3.90625,-0.11110961541518656,3.4359760420352007e-9,5.86171991998526e-5,4.18584225482503e-5,0.11110961541518656,-0.11110953301232476
9867,9.765625,-0.11110975995081664,2.3815693068607847e-9,4.8801324847393074e-5,2.0444397447278067e-5,0.11110975995081664,-0.11110950814728136
9868,24.4140625,-0.11111007637296841,4.930358010526146e-10,2.220440949569735e-5,3.0436062812431883e-5,0.11111007637296841,-0.11110950409969947
9869,9.765625,-0.11111020998673829,1.0784190919072197e-10,1.0384695912289487e-5,8.156424664998376e-5,0.11111020998673829,-0.11110951317417674
9870,3.90625,-0.11111032839410455,1.9000065568429545e-11,4.358906464748876e-6,9.037057077728735e-5,0.11111032839410455,-0.11110952195275926
9871,1.5625,-0.11111043924771258,1.0432255512557048e-10,1.021384135012731e-5,9.004222001743505e-5,0.11111043924771258,-0.11110952991250564
9872,0.625,-0.11111054754860007,3.401436196536622e-10,1.8442982938062437e-5,8.843173577846877e-5,0.11111054754860007,-0.11110953744063129
9873,0.25,-0.1111106550826663,7.21203488724211e-10,2.6855232054931324e-5,8.715793469025374e-5,0.1111106550826663,-0.11110954480007623
9874,0.1,-0.11111076249126883,1.2461376045987804e-9,3.530067427966186e-5,8.634672029214084e-5,0.11111076249126883,-0.11110955210559027
9875,0.1,-0.11111086962900317,1.910478067148809e-9,4.370901585655766e-5,8.585225672019781e-5,0.11111086962900317,-0.11110955924431115
9876,0.1,-0.111110976391593,2.7098577642562785e-9,5.205629418481764e-5,8.52802508057466e-5,0.111110976391593,-0.11110956619039512
9877,0.1,-0.11111108267299048,3.6394378641147214e-9,6.032775368033126e-5,8.463127175191413e-5,0.11111108267299048,-0.1111095729188903
9878,0.1,-0.11111118836560469,4.693928348770467e-9,6.851224962567255e-5,8.390600706339051e-5,0.11111118836560469,-0.11110957940583344
9879,0.25,-0.11111129121359262,5.835672636206764e-9,7.639157437968381e-5,8.310894766414624e-5,0.11111129121359262,-0.11110958458742712
9880,0.625,-0.11111138559790366,6.963267194993472e-9,8.344619341224304e-5,8.111980237406608e-5,0.11111138559790366,-0.11110958606281728
9881,1.5625,-0.11111145622994745,7.795402583267705e-9,8.829157707996672e-5,7.591152638071615e-5,0.11111145622994745,-0.11110957770100194
9882,3.90625,-0.11111146369245119,7.640639156497344e-9,8.74107496621402e-5,6.239160986072517e-5,0.11111146369245119,-0.11110954754238855
9883,9.765625,-0.11111131900373021,5.315643795478291e-9,7.290846175498623e-5,2.9991580130706773e-5,0.11111131900373021,-0.11110949194473174
9884,24.4140625,-0.11111086873904788,8.352386877763206e-11,9.139139389331583e-6,4.3412373023922397e-5,0.11111086873904788,-0.11110952428406737
9885,9.765625,-0.11111007075565195,8.768397244903684e-11,9.363972044439093e-6,2.4922518954836175e-5,0.11111007075565195,-0.11110952375173806
9886,3.90625,-0.11110977234361617,9.986125143664684e-11,9.993060163765994e-6,1.7164476742726633e-5,0.11110977234361617,-0.11110952356232393
9887,1.5625,-0.11110953212306371,1.1522754656320096e-10,1.0734409465042824e-5,1.3949297458302059e-5,0.11110953212306371,-0.11110952354582204
9888,0.625,-0.11110930696516777,1.333539608314754e-10,1.1547898546119783e-5,1.2569454826231429e-5,0.11110930696516777,-0.11110952360917455
9889,1.5625,-0.111109172104981,1.4487334389288678e-10,1.2036334321249422e-5,1.193797205356565e-5,0.111109172104981,-0.11110952349349204
9890,3.90625,-0.1111092780601318,1.3405636721897335e-10,1.1578271339840562e-5,1.0463691832188224e-5,0.1111092780601318,-0.11110952301293416
9891,9.765625,-0.11110986114751716,8.169867475048484e-11,9.03873192159635e-6,8.1607958549561e-6,0.11110986114751716,-0.11110952224380893
9892,24.4140625,-0.11111057850406394,1.485796959564189e-11,3.8546036885316616e-6,1.0852720295650974e-5,0.11111057850406394,-0.11110952235531468
9893,9.765625,-0.11111027499679822,4.2814216204170004e-12,2.069159641114479e-6,1.7569491178660083e-5,0.11111027499679822,-0.11110952273654215
9894,3.90625,-0.1111101763466785,4.181647881634802e-12,2.044907792941971e-6,1.8327588771206735e-5,0.1111101763466785,-0.11110952307092738
9895,1.5625,-0.11111010230261066,9.950509566822376e-12,3.154442829854803e-6,1.7920690158795762e-5,0.11111010230261066,-0.1111095233735181
9896,0.625,-0.11111003453251032,2.0874163801809517e-11,4.568825210249295e-6,1.747999677351831e-5,0.11111003453251032,-0.11110952366226468
9897,0.25,-0.11110996866654856,3.6798972424680206e-11,6.066215659262388e-6,1.7178907757241836e-5,0.11110996866654856,-0.11110952394618467
9898,0.1,-0.11110990340228384,5.767532682996236e-11,7.594427353656256e-6,1.699286833675559e-5,0.11110990340228384,-0.11110952422860032
9899,0.1,-0.11110984030071565,8.328497658108701e-11,9.126060299005645e-6,1.6877359911551064e-5,0.11110984030071565,-0.11110952450395181
9900,0.1,-0.11110977959447149,1.134367984940833e-10,1.0650671269646966e-5,1.6750629425029144e-5,0.11110977959447149,-0.11110952477146331
9901,0.1,-0.1111097215061632,1.4792518850316323e-10,1.2162449938362059e-5,1.661259334324294e-5,0.1111097215061632,-0.11110952503038381
9902,0.1,-0.11110966624770291,1.8653083098838178e-10,1.365762903978512e-5,1.6463237303737592e-5,0.11110966624770291,-0.1111095252799948
9903,0.25,-0.11110962176900559,2.2765932528735402e-10,1.5088383786454865e-5,1.6303731456990514e-5,0.11110962176900559,-0.11110952547945431
9904,0.625,-0.11110960588058688,2.671389210055791e-10,1.6344384999307227e-5,1.592944760406551e-5,0.11110960588058688,-0.11110952553936379
9905,1.5625,-0.11110966238859499,2.936994035252238e-10,1.713766038656455e-5,1.498597107576023e-5,0.11110966238859499,-0.11110952523652604
9906,3.90625,-0.11110988209927197,2.809176406841219e-10,1.6760597861774558e-5,1.2659365609883263e-5,0.11110988209927197,-0.11110952415715786
9907,9.765625,-0.11111035371525313,1.8840800503500114e-10,1.3726179549860228e-5,8.121106106792925e-6,0.11111035371525313,-0.11110952225807555
9908,24.4140625,-0.11111065979197703,3.800964294213343e-11,6.165196099244e-6,1.1552259266541523e-5,0.11111065979197703,-0.11110952209807637
9909,9.765625,-0.11111044685343069,9.501509975528791e-12,3.082451942128018e-6,2.4022786311211917e-5,0.11111044685343069,-0.1111095228496325
9910,3.90625,-0.11111035776703129,4.328248285899963e-12,2.080444252052903e-6,2.609743233661451e-5,0.11111035776703129,-0.1111095235622807
9911,1.5625,-0.11111028575500179,1.2743474880638384e-11,3.5698003978707805e-6,2.585982369889162e-5,0.11111028575500179,-0.11110952421018704
9912,0.625,-0.11111021845569667,3.293373077677472e-11,5.738791752344279e-6,2.535052986670432e-5,0.11111021845569667,-0.11110952482546801
9913,0.25,-0.11111015268105472,6.449590329395996e-11,8.030934148276896e-6,2.4967021031388646e-5,0.11111015268105472,-0.11110952542830048
9914,0.1,-0.11111008742724741,1.0731689800308862e-10,1.0359386951122573e-5,2.4724298059865162e-5,0.11111008742724741,-0.11110952602712308
9915,0.1,-0.11111002324059653,1.6100475482411415e-10,1.2688764905384376e-5,2.4574458196598222e-5,0.11111002324059653,-0.11110952661196326
9916,0.1,-0.11110996026904181,2.2518774572678868e-10,1.50062568859389e-5,2.440431320165612e-5,0.11110996026904181,-0.11110952718086381
9917,0.1,-0.11110989865617694,2.9945798254965914e-10,1.7304854305935638e-5,2.421397224488366e-5,0.11110989865617694,-0.1111095277319372
9918,0.1,-0.11110983854084505,3.83373043367539e-10,1.9579914283968125e-5,2.4003596251402984e-5,0.11110983854084505,-0.11110952826337339
9919,0.25,-0.1111097840438074,4.737903140035514e-10,2.1766724925986256e-5,2.3774573734655843e-5,0.1111097840438074,-0.11110952868923815
9920,0.625,-0.11110974474059108,5.623157381416462e-10,2.3713197552030942e-5,2.3217287401541163e-5,0.11110974474059108,-0.11110952881745836
9921,1.5625,-0.11110974483191963,6.25820669870727e-10,2.5016408012956756e-5,2.1779716936145978e-5,0.11110974483191963,-0.11110952816116793
9922,3.90625,-0.1111098373381402,6.081285794868253e-10,2.4660263167428392e-5,1.8121196708712427e-5,0.1111098373381402,-0.11110952578784479
9923,9.765625,-0.11111009092768746,4.1612530304395987e-10,2.0399149566684388e-5,1.0108878404824934e-5,0.11111009092768746,-0.11110952149566285
9924,24.4140625,-0.1111103619478874,8.397255159212595e-11,9.163653834149669e-6,1.4673794780863591e-5,0.1111103619478874,-0.11110952096583124
9925,9.765625,-0.11111033192183849,1.9156073940619434e-11,4.376765237092279e-6,3.4710953203877495e-5,0.11111033192183849,-0.11110952257968805
9926,3.90625,-0.11111034649946375,5.727557386681651e-12,2.393231578155706e-6,3.8101793393738816e-5,0.11111034649946375,-0.11110952412181424
9927,1.5625,-0.11111036483009232,2.24528778769384e-11,4.738446778949659e-6,3.786067651977087e-5,0.11111036483009232,-0.11110952552011147
9928,0.625,-0.11111038393268241,6.5277277793173e-11,8.079435487283316e-6,3.7149006066906566e-5,0.11111038393268241,-0.11110952684463543
9929,0.25,-0.11111040326318548,1.3330456317516392e-10,1.1545759532190331e-5,3.660138775238651e-5,0.11111040326318548,-0.11110952814088693
9930,0.1,-0.11111042268535826,2.2629759962437966e-10,1.5043191138331643e-5,3.6255285231206585e-5,0.11111042268535826,-0.11110952942829028
9931,0.1,-0.11111044238329344,3.434417161411717e-10,1.8532180555487033e-5,3.6044440885653e-5,0.11111044238329344,-0.11110953068607651
9932,0.1,-0.11111046237618737,4.839521396208566e-10,2.1998912237218834e-5,3.58018874435126e-5,0.11111046237618737,-0.1111095319098017
9933,0.1,-0.11111048268093321,6.469625114220912e-10,2.5435457759240174e-5,3.552785806762075e-5,0.11111048268093321,-0.11110953309517797
9934,0.1,-0.1111105033120256,8.315285350175806e-10,2.883623649191379e-5,3.5222643179105884e-5,0.1111105033120256,-0.11110953423809208
9935,0.25,-0.11111052508007774,1.0309111107616812e-9,3.210780451481666e-5,3.488819842747981e-5,0.11111052508007774,-0.11110953515103786
9936,0.625,-0.1111105497024976,1.2270269771142798e-9,3.502894484728708e-5,3.405873118472034e-5,0.1111105497024976,-0.11110953541276655
9937,1.5625,-0.11111058103889607,1.3698526458791917e-9,3.70115204480874e-5,3.189663080797828e-5,0.11111058103889607,-0.1111095339513305
9938,3.90625,-0.11111062488534447,1.3370265334290577e-9,3.656537342116251e-5,2.632598970121212e-5,0.11111062488534447,-0.11110952869427242
9939,9.765625,-0.11111067152816458,9.219840526229108e-10,3.036419030079529e-5,1.3477391516436001e-5,0.11111067152816458,-0.1111095191063172
9940,24.4140625,-0.11111059450895419,1.8828703545028011e-10,1.3721772314474546e-5,1.998513521024659e-5,0.11111059450895419,-0.11110951770789425
9941,9.765625,-0.11111046920714264,4.158531840516159e-11,6.448667955877522e-6,5.106292882593053e-5,0.11111046920714264,-0.11110952124354063
9942,3.90625,-0.11111038520912807,9.158292770517863e-12,3.026267134692155e-6,5.6368644581911514e-5,0.11111038520912807,-0.11110952464379827
9943,1.5625,-0.11111030983833647,4.3885605259727506e-11,6.624621140844773e-6,5.6101618660843275e-5,0.11111030983833647,-0.11110952772570168
9944,0.625,-0.11111023720436872,1.3669235888507198e-10,1.1691550747658413e-5,5.50770598293592e-5,0.11111023720436872,-0.11110953064196057
9945,0.25,-0.11111016555315882,2.8557224258748706e-10,1.689888287986774e-5,5.4276761818294436e-5,0.11111016555315882,-0.11110953349417498
9946,0.1,-0.11111009429887096,4.900058439536097e-10,2.2136075622241846e-5,5.3769633688426636e-5,0.11111009429887096,-0.11110953632626745
9947,0.1,-0.1111100236617939,7.482377294863888e-10,2.735393444253292e-5,5.3461512044129565e-5,0.1111100236617939,-0.11110953909361451
9948,0.1,-0.11110995372492057,1.0585626009939211e-9,3.2535559023842224e-5,5.3105420327815496e-5,0.11110995372492057,-0.11110954178625854
9949,0.1,-0.11110988456965094,1.4190926678339666e-9,3.76708463912608e-5,5.270171328021489e-5,0.11110988456965094,-0.11110954439458749
9950,0.1,-0.11110981627565046,1.827765660703091e-9,4.2752376082541784e-5,5.2250823090946355e-5,0.11110981627565046,-0.11110954690937357
9951,0.25,-0.11110975098482262,2.2698485023700895e-9,4.764292709700034e-5,5.175554988037629e-5,0.11110975098482262,-0.11110954891719108
9952,0.625,-0.11110969380779973,2.705715768413525e-9,5.201649515695502e-5,5.051931286727478e-5,0.11110969380779973,-0.11110954948670239
9953,1.5625,-0.11110965813634768,3.025563622221573e-9,5.500512359972999e-5,4.72845954281258e-5,0.11110965813634768,-0.11110954624316735
9954,3.90625,-0.11110967624249589,2.9600697718268082e-9,5.44065232470042e-5,3.890788798351357e-5,0.11110967624249589,-0.11110953457245394
9955,9.765625,-0.11110980985682009,2.0511434841122736e-9,4.528955159981465e-5,1.9113344256030253e-5,0.11110980985682009,-0.11110951316474023
9956,24.4140625,-0.1111101011347728,4.2439999261479956e-10,2.0600970671664953e-5,2.838251125697721e-5,0.1111101011347728,-0.11110950969964185
9957,9.765625,-0.111110223693651,9.301319209471189e-11,9.644334714987441e-6,7.57332030926387e-5,0.111110223693651,-0.11110951751775831
9958,3.90625,-0.11111033248996847,1.6774259016897216e-11,4.0956390242423974e-6,8.388801710341971e-5,0.11111033248996847,-0.11110952507919657
9959,1.5625,-0.11111043435652675,9.048167561314127e-11,9.512185638071897e-6,8.357764801966387e-5,0.11111043435652675,-0.11110953193570178
9960,0.625,-0.11111053387134698,2.9376736936900205e-10,1.7139643210084685e-5,8.208134802793312e-5,0.11111053387134698,-0.11110953842087494
9961,0.25,-0.11111063267094272,6.221063063929501e-10,2.494205898463377e-5,8.089878737561563e-5,0.11111063267094272,-0.11110954476102729
9962,0.1,-0.11111073134301284,1.0743249717258365e-9,3.2776896920328447e-5,8.014591529066695e-5,0.11111073134301284,-0.11110955105486932
9963,0.1,-0.11111082975634307,1.6465723584094618e-9,4.05779787373578e-5,7.968710452684837e-5,0.11111082975634307,-0.11110955720505421
9964,0.1,-0.11111092781595489,2.335085795523515e-9,4.8322725456285216e-5,7.915636558395724e-5,0.11111092781595489,-0.11110956318933195
9965,0.1,-0.11111102542530998,3.1356963378939552e-9,5.5997288665559114e-5,7.855422818265385e-5,0.11111102542530998,-0.11110956898621986
9966,0.1,-0.11111112248651538,4.0438464635718165e-9,6.359124518022757e-5,7.788133209772056e-5,0.11111112248651538,-0.11110957457508679
9967,0.25,-0.11111121694328781,5.0270849504546366e-9,7.090193897528216e-5,7.714184606372826e-5,0.11111121694328781,-0.11110957903958726
9968,0.625,-0.11111130367309689,5.998031955555806e-9,7.744696220999121e-5,7.529638275555486e-5,0.11111130367309689,-0.11110958031190153
9969,1.5625,-0.11111136873306172,6.714298786945053e-9,8.194082491008407e-5,7.046462488249531e-5,0.11111136873306172,-0.11110957311201945
9970,3.90625,-0.11111137613160808,6.580189807751672e-9,8.111836911422512e-5,5.7924790640814723e-5,0.11111137613160808,-0.11110954714306842
9971,9.765625,-0.11111124431784296,4.576636818261422e-9,6.76508449190505e-5,2.791277244160228e-5,0.11111124431784296,-0.11110949928362143
9972,24.4140625,-0.11111082371218055,7.238331725997843e-11,8.50783857745188e-6,4.0401226837442305e-5,0.11111082371218055,-0.11110952716617761
9973,9.765625,-0.11111009676893337,7.598691584743884e-11,8.717047427164707e-6,2.3245986716939792e-5,0.11111009676893337,-0.11110952670714067
9974,3.90625,-0.11110982527536638,8.643105827667015e-11,9.296830550067595e-6,1.6097522051723223e-5,0.11110982527536638,-0.11110952654777309
9975,1.5625,-0.1111096067531175,9.96124758460214e-11,9.980604983968727e-6,1.3158277875144537e-5,0.1111096067531175,-0.11110952653860638
9976,0.625,-0.11110940193570935,1.1515931775842385e-10,1.0731230952617871e-5,1.1904610956313457e-5,0.11110940193570935,-0.11110952659866725
9977,1.5625,-0.11110927939825642,1.2502663900864053e-10,1.1181531156717336e-5,1.1332856687832696e-5,0.11110927939825642,-0.11110952650444958
9978,3.90625,-0.11110937623952227,1.1572082091240498e-10,1.0757361243000301e-5,1.0005086157799292e-5,0.11110937623952227,-0.11110952609560769
9979,9.765625,-0.11110990749891464,7.070133340401438e-11,8.408408494121487e-6,7.958275217884353e-6,0.11110990749891464,-0.11110952543617683
9980,24.4140625,-0.11111055975854081,1.3111710759336004e-11,3.6210096325936506e-6,1.0371873914370755e-5,0.11111055975854081,-0.11110952553101575
9981,9.765625,-0.11111028330121733,4.028305495841715e-12,2.0070638992921262e-6,1.6489234543009083e-5,0.11111028330121733,-0.11110952586186434
9982,3.90625,-0.11111019376138061,3.949591929792913e-12,1.9873580275815713e-6,1.7183354134524563e-5,0.11111019376138061,-0.11110952615443836
9983,1.5625,-0.11111012662003357,8.923775338314264e-12,2.9872688761332255e-6,1.6809060313703655e-5,0.11111012662003357,-0.111109526420436
9984,0.625,-0.11111006518537368,1.8336628770776714e-11,4.282128999782318e-6,1.6404308645349693e-5,0.11111006518537368,-0.11110952667483813
9985,0.25,-0.11111000548168644,3.205590598526626e-11,5.661793530787418e-6,1.6127974059725988e-5,0.11111000548168644,-0.11110952692521614
9986,0.1,-0.11110994632453348,5.003889194720344e-11,7.0738173532544255e-6,1.595730868561616e-5,0.11110994632453348,-0.11110952717435277
9987,0.1,-0.11110988913823483,7.209781729181472e-11,8.491043357080137e-6,1.5851378667575253e-5,0.11110988913823483,-0.11110952741740543
9988,0.1,-0.11110983413454628,9.806820821210276e-11,9.902939372332983e-6,1.5735179630745192e-5,0.11110983413454628,-0.11110952765370524
9989,0.1,-0.11110978151608719,1.2777312536312523e-10,1.1303677515000383e-5,1.560864039261538e-5,0.11110978151608719,-0.11110952788260653
9990,0.1,-0.11110973147571294,1.6102382318408188e-10,1.268951627068904e-5,1.5471754028886165e-5,0.11110973147571294,-0.11110952810348977
9991,0.25,-0.1111096912572427,1.964483856913389e-10,1.4016004626545287e-5,1.532559964552401e-5,0.1111096912572427,-0.11110952828112323
9992,0.625,-0.11110967708619403,2.3045669465071152e-10,1.5180800197970841e-5,1.4982774089243942e-5,0.11110967708619403,-0.11110952833842339
9993,1.5625,-0.11110972886218348,2.5334710020653424e-10,1.591688098235751e-5,1.4119525055139117e-5,0.11110972886218348,-0.11110952808291708
9994,3.90625,-0.11110992925029893,2.4235887237614766e-10,1.5567879508017388e-5,1.1998152094660669e-5,0.11110992925029893,-0.111109527157576
9995,9.765625,-0.11111035872857428,1.626513761335631e-10,1.2753484862325399e-5,7.91913438373568e-6,0.11111035872857428,-0.11110952552410298
9996,24.4140625,-0.11111063580491327,3.30406015327226e-11,5.748095470042456e-6,1.1001607332239223e-5,0.11111063580491327,-0.11110952538569462
9997,9.765625,-0.11111044121612673,8.515321697994366e-12,2.9181024138974914e-6,2.2432066243290456e-5,0.11111044121612673,-0.11110952603581559
9998,3.90625,-0.11111035966588723,4.080735005216063e-12,2.0200829203812557e-6,2.434316237095325e-5,0.11111035966588723,-0.11110952665414736
9999,1.5625,-0.11111029370118668,1.134905235423616e-11,3.3688354596560755e-6,2.4122111726380572e-5,0.11111029370118668,-0.111109527217472
10000,0.625,-0.1111102320383736,2.875928500693295e-11,5.362768408847519e-6,2.365122370902501e-5,0.1111102320383736,-0.11110952775302022
10001,0.25,-0.1111101717668476,5.596458012008598e-11,7.48094780894012e-6,2.329694135926036e-5,0.1111101717668476,-0.1111095282779843
10002,0.1,-0.1111101119700275,9.286766841718417e-11,9.63678724561169e-6,2.3072818540034908e-5,0.1111101119700275,-0.1111095287995536
10003,0.1,-0.11111005314723331,1.39130667068868e-10,1.1795366338900543e-5,2.293450741563969e-5,0.11111005314723331,-0.11110952930907678
10004,0.1,-0.11110999543364332,1.9443324806934553e-10,1.3943932302953336e-5,2.277746654043421e-5,0.11110999543364332,-0.11110952980486767
10005,0.1,-0.11110993896047879,2.5842392966396346e-10,1.6075569341829342e-5,2.2601801279976943e-5,0.11110993896047879,-0.11110953028530081
10006,0.1,-0.11110988385463026,3.3072147761643093e-10,1.818574930038438e-5,2.24076655125368e-5,0.11110988385463026,-0.1111095307488177
10007,0.25,-0.11110983388108636,4.0861704801994734e-10,2.021427832053243e-5,2.219634634951478e-5,0.11110983388108636,-0.11110953112131791
10008,0.625,-0.11110979778894067,4.848755518550784e-10,2.2019889914690272e-5,2.1682200800631846e-5,0.11110979778894067,-0.11110953123723517
10009,1.5625,-0.1111097976912198,5.395623881867018e-10,2.3228482261798806e-5,2.0356649273948492e-5,0.1111097976912198,-0.11110953067692901
10010,3.90625,-0.1111098820393071,5.242618067934789e-10,2.2896764111845126e-5,1.6989719019943838e-5,0.1111098820393071,-0.1111095286367221
10011,9.765625,-0.11111011361757887,3.587431687550578e-10,1.8940516591557314e-5,9.689967058096635e-6,0.11111011361757887,-0.11110952494277414
10012,24.4140625,-0.11111036145312733,7.25826021840248e-11,8.519542369401352e-6,1.3847210818900048e-5,0.11111036145312733,-0.11110952448784192
10013,9.765625,-0.11111033467192624,1.6811950884024312e-11,4.1002379057835545e-6,3.230813147212458e-5,0.11111033467192624,-0.1111095258806226
10014,3.90625,-0.11111034854418561,5.290772331415323e-12,2.3001678920059995e-6,3.544144921979364e-5,0.11111034854418561,-0.11110952721300438
10015,1.5625,-0.11111036579896749,1.973513349275558e-11,4.442424281037954e-6,3.521590578247043e-5,0.11111036579896749,-0.11110952842221884
10016,0.625,-0.11111038374205492,5.6654742299219245e-11,7.526934455621309e-6,3.4556087548616684e-5,0.11111038374205492,-0.1111095295682238
10017,0.25,-0.11111040188611553,1.1527849821409868e-10,1.0736782488906939e-5,3.404875782164e-5,0.11111040188611553,-0.11110953069002673
10018,0.1,-0.1111104201100531,1.9540246487075855e-10,1.3978643169877345e-5,3.372823193200507e-5,0.1111104201100531,-0.11110953180427519
10019,0.1,-0.11111043858241891,2.963244204421903e-10,1.7214076229707776e-5,3.353301606964732e-5,0.11111043858241891,-0.11110953289301102
10020,0.1,-0.11111045732041032,4.173681547604763e-10,2.0429590176028403e-5,3.3308454254479904e-5,0.11111045732041032,-0.11110953395240784
10021,0.1,-0.11111047633912953,5.577871752576577e-10,2.3617518397529782e-5,3.305476569670085e-5,0.11111047633912953,-0.11110953497877311
10022,0.1,-0.11111049565150256,7.167678508721073e-10,2.677252044302343e-5,3.277222317786157e-5,0.11111049565150256,-0.11110953596856486
10023,0.25,-0.11111051599133809,8.885018871438436e-10,2.9807748776850688e-5,3.246264114987822e-5,0.11111051599133809,-0.11110953676019639
10024,0.625,-0.11111053891031872,1.057404642162845e-9,3.251775887361927e-5,3.169488140742281e-5,0.11111053891031872,-0.11110953699072387
10025,1.5625,-0.11111056788642723,1.1803671348463796e-9,3.4356471513331805e-5,2.9694185547899572e-5,0.11111056788642723,-0.11110953573665837
10026,3.90625,-0.11111060808460614,1.1519539681022366e-9,3.3940447376283016e-5,2.4544434714418092e-5,0.11111060808460614,-0.11110953121292956
10027,9.765625,-0.11111065029719978,7.942415582389696e-10,2.81822915718181e-5,1.2735156207411615e-5,0.11111065029719978,-0.11110952296003788
10028,24.4140625,-0.11111057829424054,1.6230104671818493e-10,1.2739742804240003e-5,1.872316065887705e-5,0.11111057829424054,-0.1111095217612875
10029,9.765625,-0.11111046283377563,3.6085972638645965e-11,6.007160114284117e-6,4.744947411143998e-5,0.11111046283377563,-0.11110952480882967
10030,3.90625,-0.11111038528672701,8.25440878360001e-12,2.8730486914774017e-6,5.235968094701595e-5,0.11111038528672701,-0.11110952774048112
10031,1.5625,-0.11111031567623189,3.823814767111961e-11,6.183700160188851e-6,5.210901079086448e-5,0.11111031567623189,-0.11110953039860132
10032,0.625,-0.11111024858205812,1.182268996621741e-10,1.0873219378922422e-5,5.115801798991273e-5,0.11111024858205812,-0.11110953291442321
10033,0.25,-0.11111018238850463,2.4649468098490633e-10,1.5700149075244677e-5,5.0415708693520444e-5,0.11111018238850463,-0.11110953537526634
10034,0.1,-0.11111011655561225,4.225949089491661e-10,2.055711334183781e-5,4.994547818693741e-5,0.11111011655561225,-0.1111095378188659
10035,0.1,-0.1111100512856556,6.450148917915207e-10,2.5397143378567612e-5,4.9659842983268185e-5,0.1111100512856556,-0.11110954020670834
10036,0.1,-0.11110998665533539,9.122856298334541e-10,3.020406644532246e-5,4.932974635632075e-5,0.11110998665533539,-0.11110954253021986
10037,0.1,-0.1111099227399271,1.2227809434744643e-9,3.4968284823171756e-5,4.8955519495010426e-5,0.1111099227399271,-0.11110954478112557
10038,0.1,-0.11110985961314623,1.5747243788175161e-9,3.968279701353618e-5,4.853756580384002e-5,0.11110985961314623,-0.11110954695148012
10039,0.25,-0.11110979924937153,1.9554210171834647e-9,4.4220142663535865e-5,4.807848355876078e-5,0.11110979924937153,-0.1111095486851516
10040,0.625,-0.11110974636169693,2.330729105923347e-9,4.827762531363102e-5,4.6932560846851915e-5,0.11110974636169693,-0.11110954917998198
10041,1.5625,-0.11110971330332442,2.606045743861386e-9,5.1049444109229886e-5,4.39345175118275e-5,0.11110971330332442,-0.11110954639079933
10042,3.90625,-0.11110972984953234,2.5493597183322157e-9,5.0491184560596476e-5,3.617434056435207e-5,0.11110972984953234,-0.11110953634469022
10043,9.765625,-0.11110985295785258,1.7661832801604643e-9,4.2025983393139826e-5,1.7890636708303434e-5,0.11110985295785258,-0.11110951791819078
10044,24.4140625,-0.11111012151557038,3.6535437188035567e-10,1.9114245260547318e-5,2.647312309237273e-5,0.11111012151557038,-0.11110951494874727
10045,9.765625,-0.11111023469476818,8.02802058562636e-11,8.959922201462667e-6,7.031559433400487e-5,0.11111023469476818,-0.11110952168300116
10046,3.90625,-0.11111033519749262,1.4832953510975153e-11,3.851357359551974e-6,7.78677980839981e-5,0.11111033519749262,-0.11110952819552587
10047,1.5625,-0.11111042929530249,7.845515648133074e-11,8.857491545653923e-6,7.75755446016888e-5,0.11111042929530249,-0.11110953410152798
10048,0.625,-0.11111052121184632,2.5361951314873283e-10,1.592543604265619e-5,7.61860192866007e-5,0.11111052121184632,-0.1111095396881857
10049,0.25,-0.1111106124568268,5.364334339060721e-10,2.3161032660614943e-5,7.508856078762533e-5,0.1111106124568268,-0.11110954515019797
10050,0.1,-0.11111070357222697,9.258877585590819e-10,3.0428403812212727e-5,7.439005622894661e-5,0.11111070357222697,-0.11110955057245028
10051,0.1,-0.1111107944393348,1.4186645857603469e-9,3.7665164087792676e-5,7.396445305542419e-5,0.1111107944393348,-0.11110955587100878
10052,0.1,-0.1111108849711747,2.0115231551012595e-9,4.485000730324645e-5,7.347214347855769e-5,0.1111108849711747,-0.11110956102672012
10053,0.1,-0.11111097507940393,2.700872888534255e-9,5.196992292215041e-5,7.291362055899658e-5,0.11111097507940393,-0.11110956602109273
10054,0.1,-0.11111106467449545,3.4827886375574286e-9,5.901515599875534e-5,7.228947973392705e-5,0.11111106467449545,-0.11110957083636801
10055,0.25,-0.11111115187227241,4.329315412842935e-9,6.57975334860125e-5,7.160358972051053e-5,0.11111115187227241,-0.11110957468343055
10056,0.625,-0.11111123197859288,5.165184650873657e-9,7.186921907794502e-5,6.989187550830789e-5,0.11111123197859288,-0.11110957578176114
10057,1.5625,-0.11111129221318329,5.7816157609082855e-9,7.603693681960292e-5,6.541058958944149e-5,0.11111129221318329,-0.11110956958532334
10058,3.90625,-0.11111129955395295,5.665564606118079e-9,7.526994490577284e-5,5.37830382312903e-5,0.11111129955395295,-0.11110954723050383
10059,9.765625,-0.11111117895083582,3.9396450606646306e-9,6.276659191532252e-5,2.599471067802288e-5,0.11111117895083582,-0.11110950604030798
10060,24.4140625,-0.11111081365572524,8.233975984791279e-10,2.8694905444680035e-5,3.827642879700289e-5,0.11111081365572524,-0.11110949891986646
10061,9.765625,-0.11111061001918468,1.8015507000729774e-10,1.3422185738816825e-5,0.00010469501626554979,0.11111061001918468,-0.11110951389782266
10062,3.90625,-0.11111044346974053,2.8176768675923864e-11,5.308179412559815e-6,0.00011621563248447182,0.11111044346974053,-0.11110952844698234
10063,1.5625,-0.11111028955715256,1.6490771403406052e-10,1.2841639849881344e-5,0.00011586847820763965,0.11111028955715256,-0.11110954164772681
10064,0.625,-0.11111014014928328,5.509547223149118e-10,2.3472424721679516e-5,0.00011382511220105452,0.11111014014928328,-0.11110955413140919
10065,0.25,-0.11110999255239169,1.1775119143462353e-9,3.431489347712208e-5,0.00011219601584634081,0.11110999255239169,-0.11110956633266038
10066,0.1,-0.11110984583408538,2.0422716106713544e-9,4.519149931869216e-5,0.00011115448273766978,0.11110984583408538,-0.11110957844227362
10067,0.1,-0.1111097001860726,3.1378917858719755e-9,5.6016888398696114e-5,0.00011051746680449458,0.1111097001860726,-0.11110959027590274
10068,0.1,-0.11110955572663785,4.457169750903578e-9,6.676203824707255e-5,0.00010978084668239215,0.11110955572663785,-0.1111096017907803
10069,0.1,-0.11110941257151112,5.992125910210979e-9,7.74088232064729e-5,0.00010894533911709434,0.11110941257151112,-0.11110961294560734
10070,0.1,-0.11110927083382137,7.734037408493167e-9,8.794337614904927e-5,0.00010801181171078375,0.11110927083382137,-0.11110962370071399
10071,0.25,-0.11110913339453579,9.62107219407608e-9,9.808706435649952e-5,0.00010698604353236208,0.11110913339453579,-0.11110963230150252
10072,0.625,-0.11110900728191124,1.1486637330322971e-8,0.00010717573106969213,0.00010442994062763675,0.11110900728191124,-0.11110963478391059
10073,1.5625,-0.11110891145077466,1.2868299607850289e-8,0.00011343852788118457,9.773901005443386e-5,0.11110891145077466,-0.11110962101529902
10074,3.90625,-0.11110889493378619,1.2627975914076931e-8,0.00011237426713477126,8.035844941612676e-5,0.11110889493378619,-0.11110957117815053
10075,9.765625,-0.11110907286368187,8.8102536206059e-9,9.386295126729129e-5,3.851277770283014e-5,0.11110907286368187,-0.11110947895198085
10076,24.4140625,-0.11110976067552845,1.3473756951244436e-10,1.1607651334893048e-5,5.502207570689194e-5,0.11110976067552845,-0.11110953202488154
10077,9.765625,-0.11111075788640941,1.4104708851435442e-10,1.187632470566355e-5,3.159754891327445e-5,0.11111075788640941,-0.1111095311770955
10078,3.90625,-0.11111112732053365,1.6138507467470686e-10,1.2703742545986472e-5,2.1518477933616765e-5,0.11111112732053365,-0.1111095308554665
10079,1.5625,-0.11111142398068645,1.8719948981675746e-10,1.3682086456997612e-5,1.723320403328507e-5,0.11111142398068645,-0.1111095308082464
10080,0.625,-0.11111170191569708,2.1776307622994406e-10,1.4756797627871166e-5,1.5354082231144202e-5,0.11111170191569708,-0.11110953088887385
10081,1.5625,-0.1111118662072372,2.3740149470640637e-10,1.5407838742224894e-5,1.448326942403619e-5,0.1111118662072372,-0.111109530673924
10082,3.90625,-0.11111172809072403,2.1958124622341253e-10,1.4818274063581512e-5,1.2409651082395857e-5,0.11111172809072403,-0.11110952985753818
10083,9.765625,-0.11111099422316019,1.3250346109147207e-10,1.1511014772446088e-5,9.004818708524314e-6,0.11111099422316019,-0.11110952857789796
10084,24.4140625,-0.11111011470541304,2.2921678816988942e-11,4.787659012188414e-6,1.2792867408065021e-5,0.11111011470541304,-0.11110952876481466
10085,9.765625,-0.11111051083173884,5.326325571146738e-12,2.307883353019978e-6,2.1854835529073827e-5,0.11111051083173884,-0.11110952937969766
10086,3.90625,-0.11111063753708716,5.075728320808137e-12,2.252937709038609e-6,2.286966641207273e-5,0.11111063753708716,-0.11110952990743983
10087,1.5625,-0.11111073243531239,1.4473276015826878e-11,3.8043759035913996e-6,2.234179297349415e-5,0.11111073243531239,-0.11110953037907718
10088,0.625,-0.11111081927383229,3.2340918949231676e-11,5.686907678979119e-6,2.1765200185769256e-5,0.11111081927383229,-0.1111095308264
10089,0.25,-0.11111090368661357,5.842597462154143e-11,7.643688548177602e-6,2.1370577599360217e-5,0.11111090368661357,-0.11110953126517899
10090,0.1,-0.1111109873484107,9.264743196124738e-11,9.6253536018812e-6,2.112685576318991e-5,0.1111109873484107,-0.11110953170126982
10091,0.1,-0.11111106819570515,1.34646737287646e-10,1.1603738073898686e-5,2.0975847913401897e-5,0.11111106819570515,-0.11110953212583656
10092,0.1,-0.11111114592588157,1.8411021001642329e-10,1.3568721753224335e-5,2.0809833410381797e-5,0.11111114592588157,-0.11110953253759774
10093,0.1,-0.1111112202493597,2.407003400650318e-10,1.551452029761255e-5,2.062869316844036e-5,0.1111112202493597,-0.1111095329353152
10094,0.1,-0.11111129089050586,3.0405708015817394e-10,1.74372325831301e-5,2.043239430083839e-5,0.11111129089050586,-0.11110953331780286
10095,0.25,-0.11111134744555691,3.715584546257951e-10,1.927585159275188e-5,2.0222457840587474e-5,0.11111134744555691,-0.11110953361833734
10096,0.625,-0.11111136663231652,4.363467386223399e-10,2.088891425187867e-5,1.972773474160689e-5,0.11111136663231652,-0.11110953369065688
10097,1.5625,-0.11111129125565587,4.799146779424165e-10,2.1906955013018502e-5,1.8475239924721985e-5,0.11111129125565587,-0.11110953316963679
10098,3.90625,-0.11111100314528709,4.589800805610489e-10,2.142382040069065e-5,1.5354335362556406e-5,0.11111100314528709,-0.11110953137888613
10099,9.765625,-0.11111038936960782,3.07722268451393e-10,1.7542014378382917e-5,8.97883535216294e-6,0.11111038936960782,-0.11110952824796294
10100,24.4140625,-0.11111000605848612,6.13060784042551e-11,7.829819819399108e-6,1.3726451080653363e-5,0.11111000605848612,-0.11110952797191095
10101,9.765625,-0.11111028597523162,1.3929348822025071e-11,3.732204284605154e-6,3.0323192957058877e-5,0.11111028597523162,-0.11110952919734005
10102,3.90625,-0.11111040196218118,5.09816439601716e-12,2.2579115119989004e-6,3.306705880787902e-5,0.11111040196218118,-0.11110953035181574
10103,1.5625,-0.11111049551080271,1.8673001656658556e-11,4.3212268693807966e-6,3.277671087952706e-5,0.11111049551080271,-0.11110953139590984
10104,0.625,-0.11111058292610418,5.1652422278036445e-11,7.186961964421159e-6,3.212227048815752e-5,0.11111058292610418,-0.11110953238446672
10105,0.25,-0.11111066839558494,1.0336804270829613e-10,1.0167007559173747e-5,3.16267716422006e-5,0.11111066839558494,-0.1111095333516979
10106,0.1,-0.11111075323576758,1.7363266169416082e-10,1.3176974679119667e-5,3.131252586730457e-5,0.11111075323576758,-0.11110953431196531
10107,0.1,-0.11111083669689825,2.618065568016695e-10,1.618043747250579e-5,3.1118384400359216e-5,0.11111083669689825,-0.11110953524927247
10108,0.1,-0.11111091858112625,3.672809257979991e-10,1.916457476173158e-5,3.0897805203328966e-5,0.11111091858112625,-0.11110953616039439
10109,0.1,-0.11111099869609102,4.893874337953094e-10,2.2122102833937586e-5,3.065090586396095e-5,0.11111099869609102,-0.11110953704221933
10110,0.1,-0.11111107685549,6.274008685547501e-10,2.504797134609408e-5,3.037786932097266e-5,0.11111107685549,-0.11110953789176327
10111,0.25,-0.11111114753061677,7.7617683059078e-10,2.7859950297708358e-5,3.008046521434917e-5,0.11111114753061677,-0.11110953856813656
10112,0.625,-0.11111119788506019,9.2196518626237e-10,3.0363879631271922e-5,2.9355811778057043e-5,0.11111119788506019,-0.11110953875596427
10113,1.5625,-0.11111119550291998,1.0268627467422823e-9,3.204469919881106e-5,2.7482699734489724e-5,0.11111119550291998,-0.11110953765520935
10114,3.90625,-0.11111106954564243,9.987463271581777e-10,3.16029480770098e-5,2.2688750463314153e-5,0.11111106954564243,-0.11110953373078188
10115,9.765625,-0.11111072957969312,6.845536458462092e-10,2.6163976109265373e-5,1.1864767715219664e-5,0.11111072957969312,-0.11110952663631611
10116,24.4140625,-0.11111037601847665,1.3805251529474192e-10,1.1749575111243041e-5,1.7909610660145234e-5,0.11111037601847665,-0.1111095257159936
10117,9.765625,-0.11111042331883059,3.0266758034448846e-11,5.501523246742565e-6,4.42342039032737e-5,0.11111042331883059,-0.11110952836442914
10118,3.90625,-0.11111040776117652,7.425290017558646e-12,2.7249385346386524e-6,4.868053944180357e-5,0.11111040776117652,-0.11110953089371306
10119,1.5625,-0.11111038684075358,3.441368640537846e-11,5.866317959792025e-6,4.83953592471957e-5,0.11111038684075358,-0.11110953318297107
10120,0.625,-0.11111036485935719,1.0451037521796289e-10,1.0223031606033647e-5,4.7486698466244836e-5,0.11111036485935719,-0.11110953534872285
10121,0.25,-0.1111103426387118,2.162243847568225e-10,1.4704570199663182e-5,4.67834480567938e-5,0.1111103426387118,-0.1111095374668678
10122,0.1,-0.11111032039450275,3.6915941817053353e-10,1.921352175345617e-5,4.6337885619146825e-5,0.11111032039450275,-0.11110953956993243
10123,0.1,-0.1111102978486382,5.619800086675294e-10,2.3706117536777914e-5,4.606600131869949e-5,0.1111102978486382,-0.1111095416242037
10124,0.1,-0.11111027496461391,7.933957621346309e-10,2.8167281766876812e-5,4.575311388574039e-5,0.11111027496461391,-0.1111095436223388
10125,0.1,-0.11111025170837295,1.0619819542129002e-9,3.258806459753172e-5,4.5399514913255924e-5,0.11111025170837295,-0.11110954555725328
10126,0.1,-0.11111022804850208,1.3661855169124376e-9,3.696194687665191e-5,4.5005567277842044e-5,0.11111022804850208,-0.1111095474221496
10127,0.25,-0.11111020266709232,1.6949517764572658e-9,4.116979203806191e-5,4.4573786163674364e-5,0.11111020266709232,-0.11110954890858336
10128,0.625,-0.11111017269893685,2.0186028424868e-9,4.4928864246570936e-5,4.350293993530141e-5,0.11111017269893685,-0.11110954932285293
10129,1.5625,-0.11111013150782596,2.2550009008447665e-9,4.748684976753845e-5,4.070956872079e-5,0.11111013150782596,-0.11110954689833616
10130,3.90625,-0.1111100680653298,2.203030687354533e-9,4.6936453715151224e-5,3.349265561638088e-5,0.1111100680653298,-0.11110953821275811
10131,9.765625,-0.11110999135722355,1.5221199491353176e-9,3.90143556801252e-5,1.6568802545214324e-5,0.11110999135722355,-0.11110952234709913
10132,24.4140625,-0.11111008173926624,3.1197312980791837e-10,1.7662761103743616e-5,2.492238610063428e-5,0.11111008173926624,-0.11110951993283463
10133,9.765625,-0.11111025311622943,6.78784972401114e-11,8.238840770406441e-6,6.53985655493189e-5,0.11111025311622943,-0.11110952575984848
10134,3.90625,-0.11111036590737737,1.2955275614249165e-11,3.59934377550258e-6,7.23189394439239e-5,0.11111036590737737,-0.11110953137156847
10135,1.5625,-0.11111046694444822,6.9202712271868e-11,8.31881675912314e-6,7.200762620917499e-5,0.11111046694444822,-0.11110953645565053
10136,0.625,-0.11111056444367862,2.2156012452211506e-10,1.4884895851906893e-5,7.070004979950147e-5,0.11111056444367862,-0.1111095412639435
10137,0.25,-0.11111066084354176,4.66688230529581e-10,2.160296809537016e-5,6.967327816903968e-5,0.11111066084354176,-0.11110954596504684
10138,0.1,-0.11111075696177508,8.037199685946452e-10,2.834995535436776e-5,6.902103100744416e-5,0.11111075696177508,-0.11110955063211843
10139,0.1,-0.1111108524558575,1.229771090105413e-9,3.506809219369387e-5,6.862394692089538e-5,0.1111108524558575,-0.11110955519219529
10140,0.1,-0.11111094719704713,1.7420318985757156e-9,4.1737655643024746e-5,6.81650291487609e-5,0.11111094719704713,-0.11110955962880036
10141,0.1,-0.11111104105721938,2.3373912065231003e-9,4.834657388608939e-5,6.764472235938135e-5,0.11111104105721938,-0.11110956392602617
10142,0.1,-0.1111111339091825,3.0124495013132147e-9,5.4885785967891675e-5,6.706356970175161e-5,0.1111111339091825,-0.11110956806859815
10143,0.25,-0.11111122254425213,3.742970432910836e-9,6.117982047138448e-5,6.642517217962809e-5,0.11111122254425213,-0.11110957137452387
10144,0.625,-0.1111112992768128,4.463736674536401e-9,6.681120171450593e-5,6.483267332700015e-5,0.1111112992768128,-0.11110957230618643
10145,1.5625,-0.1111113439844335,4.993944048289721e-9,7.066784309917574e-5,6.0665047608833836e-5,0.1111113439844335,-0.11110956694038097
10146,3.90625,-0.11111130870708527,4.889730987758878e-9,6.992661144198879e-5,4.985799222534011e-5,0.11111130870708527,-0.11110954764134894
10147,9.765625,-0.11111110635683256,3.3941348552410367e-9,5.825920403885584e-5,2.4100238615111898e-5,0.11111110635683256,-0.11110951217330117
10148,24.4140625,-0.11111070784890127,7.054196720255381e-10,2.6559737800391366e-5,3.585987664526607e-5,0.11111070784890127,-0.11110950623875014
10149,9.765625,-0.11111056423354765,1.538283432387204e-10,1.2402755469601117e-5,9.726080953462317e-5,0.11111056423354765,-0.1111095191616082
10150,3.90625,-0.11111042996634446,2.5149609675494964e-11,5.014938651219471e-6,0.00010786410738210472,0.11111042996634446,-0.11110953168346825
10151,1.5625,-0.11111030386482393,1.4500244215864672e-10,1.2041695983483668e-5,0.0001075047001350489,0.11111030386482393,-0.11110954303896522
10152,0.625,-0.11111018094485123,4.795443148830795e-10,2.189850028844623e-5,0.00010559335177992786,0.11111018094485123,-0.1111095537772939
10153,0.25,-0.11111005936958626,1.02122885429274e-9,3.195667151461084e-5,0.00010407591692860864,0.11111005936958626,-0.1111095642735215
10154,0.1,-0.11110993848254619,1.7680849556854025e-9,4.2048602303589146e-5,0.00010310773366016642,0.11110993848254619,-0.11110957469176706
10155,0.1,-0.1111098183557987,2.7137598662993197e-9,5.209376033940456e-5,0.00010251660280945926,0.1111098183557987,-0.1111095848721874
10156,0.1,-0.11110969906991357,3.852033383710753e-9,6.206475153990993e-5,0.00010183293450638103,0.11110969906991357,-0.11110959477794101
10157,0.1,-0.11110958070416173,5.1760149641495e-9,7.194452699232584e-5,0.00010105740250694058,0.11110958070416173,-0.1111096043734549
10158,0.1,-0.1111094633365297,6.6781728698777465e-9,8.172008853322265e-5,0.0001001908208131172,0.1111094633365297,-0.1111096136245639
10159,0.25,-0.11110934882037322,8.305025471756729e-9,9.113191247722571e-5,9.923856080453921e-5,0.11110934882037322,-0.1111096210170153
10160,0.625,-0.11110924177540554,9.912526635625516e-9,9.956167252324318e-5,9.686392127140287e-5,0.11110924177540554,-0.11110962313158082
10161,1.5625,-0.11110915498825981,1.1100959796710594e-8,0.00010536109242367694,9.064705370362732e-5,0.11110915498825981,-0.11110961123245121
10162,3.90625,-0.11110912342449807,1.0887214608921658e-8,0.00010434181620482585,7.450170792179985e-5,0.11110912342449807,-0.1111095682559373
10163,9.765625,-0.1111092400442042,7.585324292980645e-9,8.709376724531237e-5,3.568989298121764e-5,0.1111092400442042,-0.11110948887924957
10164,24.4140625,-0.11110998539602669,1.1624592388984397e-10,1.0781740299684646e-5,5.138785620337474e-5,0.11110998539602669,-0.11110953480969529
10165,9.765625,-0.11111065986899295,1.2261188581128277e-10,1.1073025142718803e-5,2.9085404041882424e-5,0.11111065986899295,-0.1111095340283424
10166,3.90625,-0.11111090464520813,1.392075892722617e-10,1.1798626584152144e-5,1.9768050334408355e-5,0.11111090464520813,-0.11110953374480037
10167,1.5625,-0.11111110145516483,1.6024863866992695e-10,1.2658935131752865e-5,1.590303686011791e-5,0.11111110145516483,-0.11110953370468446
10168,0.625,-0.11111128599640141,1.8508728771546958e-10,1.3604678890568112e-5,1.4235362127667735e-5,0.11111128599640141,-0.11110953377623671
10169,1.5625,-0.11111139404369476,2.0101115601960465e-10,1.4177840315774636e-5,1.3467330094056667e-5,0.11111139404369476,-0.11110953359999298
10170,3.90625,-0.11111129931724156,1.867441332995524e-10,1.3665435715686213e-5,1.1659863362668065e-5,0.11111129931724156,-0.11110953291516966
10171,9.765625,-0.11111080810083657,1.1479127024727729e-10,1.0714068799820043e-5,8.721614659677695e-6,0.11111080810083657,-0.11110953181550969
10172,24.4140625,-0.11111023104258877,1.966767505579914e-11,4.434825256512272e-6,1.2126218276414608e-5,0.11111023104258877,-0.11110953198242064
10173,9.765625,-0.11111048150784061,4.90709287799473e-12,2.2151959005909003e-6,2.0399146638263695e-5,0.11111048150784061,-0.11110953250961045
10174,3.90625,-0.11111055485397477,4.5770033039998285e-12,2.1393932093002046e-6,2.1354016286542945e-5,0.11111055485397477,-0.11110953296922708
10175,1.5625,-0.11111060817768927,1.252841841816241e-11,3.539550595508194e-6,2.08818926718486e-5,0.11111060817768927,-0.11110953338177412
10176,0.625,-0.11111065651320613,2.7749821918805546e-11,5.2678099736802905e-6,2.0356664071657476e-5,0.11111065651320613,-0.11110953377365582
10177,0.25,-0.11111070336522873,5.001968557252352e-11,7.072459655065097e-6,1.9995124208231652e-5,0.11111070336522873,-0.11110953415819473
10178,0.1,-0.11111074976472267,7.926578994927311e-11,8.903133715118128e-6,1.9770842176083075e-5,0.11111074976472267,-0.11110953454036665
10179,0.1,-0.11111079435598226,1.1518982760165166e-10,1.0732652402908223e-5,1.9631207033641826e-5,0.11111079435598226,-0.11110953491261184
10180,0.1,-0.11111083694935707,1.5752775045543921e-10,1.255100595392414e-5,1.947792634989823e-5,0.11111083694935707,-0.11110953527383348
10181,0.1,-0.11111087736381876,2.0599533495058094e-10,1.4352537578790064e-5,1.931087253380454e-5,0.11111087736381876,-0.11110953562297136
10182,0.1,-0.11111091542754448,2.602891754774165e-10,1.6133479955589757e-5,1.9129998589515398e-5,0.11111091542754448,-0.11110953595900734
10183,0.25,-0.11111094448589184,3.182236425839669e-10,1.7838824024693075e-5,1.8936688247701008e-5,0.11111094448589184,-0.1111095362247836
10184,0.625,-0.11111094970536158,3.740624421701818e-10,1.934069394231194e-5,1.8482729483567336e-5,0.11111094970536158,-0.11110953629477152
10185,1.5625,-0.11111089479879398,4.1222936682890434e-10,2.0303432390335e-5,1.7334358708439986e-5,0.11111089479879398,-0.11110953585444608
10186,3.90625,-0.11111070560723196,3.9577720800972883e-10,1.9894150095184484e-5,1.4470401344054679e-5,0.11111070560723196,-0.1111095343156744
10187,9.765625,-0.11111031644909017,2.6655175158393374e-10,1.6326412697954616e-5,8.617726032101071e-6,0.11111031644909017,-0.11110953160354571
10188,24.4140625,-0.11111010565826453,5.295476784130009e-11,7.277002668770989e-6,1.2941228195845307e-5,0.11111010565826453,-0.11110953137109815
10189,9.765625,-0.11111030089122653,1.2406343215090409e-11,3.5222639331955817e-6,2.8303256205547947e-5,0.11111030089122653,-0.11110953243120497
10190,3.90625,-0.11111038680992297,4.890363612931745e-12,2.211416652947098e-6,3.082507857720636e-5,0.11111038680992297,-0.1111095334317448
10191,1.5625,-0.11111045748536127,1.6698814783990858e-11,4.086418331985953e-6,3.0549641145254856e-5,0.11111045748536127,-0.11110953433788058
10192,0.625,-0.11111052395080051,4.525291272634326e-11,6.7270285212969974e-6,2.9941054598815205e-5,0.11111052395080051,-0.11110953519651444
10193,0.25,-0.11111058907617004,8.997773908143953e-11,9.48565965452269e-6,2.9481162872309363e-5,0.11111058907617004,-0.1111095360369447
10194,0.1,-0.11111065376965874,1.5071183933344162e-10,1.227647503697383e-5,2.9189675296121252e-5,0.11111065376965874,-0.11110953687145385
10195,0.1,-0.11111071752543554,2.269020693107192e-10,1.506326887865709e-5,2.9009602320851113e-5,0.11111071752543554,-0.11110953768611978
10196,0.1,-0.1111107802063791,3.1802268583843913e-10,1.7833190568107522e-5,2.8805036440498574e-5,0.1111107802063791,-0.1111095384781575
10197,0.1,-0.11111084167889373,4.234966434750988e-10,2.057903407536658e-5,2.8576094163427963e-5,0.11111084167889373,-0.11110953924488058
10198,0.1,-0.11111090181328064,5.426978760518345e-10,2.3295876803671385e-5,2.832295235403198e-5,0.11111090181328064,-0.1111095399837129
10199,0.25,-0.11111095681376493,6.711855282374284e-10,2.5907248565554554e-5,2.804726212490223e-5,0.11111095681376493,-0.11110954057285044
10200,0.625,-0.11111099784387349,7.970907998030867e-10,2.8232796528206105e-5,2.7375938727766074e-5,0.11111099784387349,-0.11110954073974014
10201,1.5625,-0.11111100251676688,8.876848196714722e-10,2.9794040002515138e-5,2.564164571341001e-5,0.11111100251676688,-0.11110953979297758
10202,3.90625,-0.1111109215029934,8.633363130466676e-10,2.9382585200194138e-5,2.12082802815284e-5,0.1111109215029934,-0.11110953640591976
10203,9.765625,-0.11111068910035446,5.914564268162289e-10,2.4319877195747286e-5,1.1269863214716009e-5,0.11111068910035446,-0.11110953028279173
10204,24.4140625,-0.11111042619083335,1.189767882385526e-10,1.0907648153408351e-5,1.6874657166125304e-5,0.11111042619083335,-0.11110952950980942
10205,9.765625,-0.11111043516965312,2.6316888061706988e-11,5.129998836423551e-6,4.118389378327842e-5,0.11111043516965312,-0.11110953179943843
10206,3.90625,-0.111110406931737,6.871188816221285e-12,2.6212952554455373e-6,4.528164395168968e-5,0.111110406931737,-0.11110953398472614
10207,1.5625,-0.11111037660315037,3.0408702618195804e-11,5.5144086372154e-6,4.500600718773593e-5,0.11111037660315037,-0.11110953596313015
10208,0.625,-0.11111034606888542,9.114197802968896e-11,9.546830784594905e-6,4.4158479849493324e-5,0.11111034606888542,-0.11110953783532514
10209,0.25,-0.11111031555760041,1.8778960716304375e-10,1.3703634815735705e-5,4.350428953996424e-5,0.11111031555760041,-0.11110953966669203
10210,0.1,-0.11111028510277403,3.200121200005749e-10,1.7888882581105363e-5,4.309032959994522e-5,0.11111028510277403,-0.11110954148519621
10211,0.1,-0.1111102545413794,4.866541062714127e-10,2.206023812816654e-5,4.283798303879155e-5,0.1111102545413794,-0.11110954326156529
10212,0.1,-0.1111102238642252,6.866006825353953e-10,2.6203066281170137e-5,4.2547586988562646e-5,0.1111102238642252,-0.11110954498946285
10213,0.1,-0.11111019306363086,9.186208495420568e-10,3.0308758627533014e-5,4.221941304488632e-5,0.11111019306363086,-0.11110954666277635
10214,0.1,-0.1111101621335256,1.18137266547074e-9,3.437110218585869e-5,4.185379972348734e-5,0.1111101621335256,-0.11110954827563951
10215,0.25,-0.111110130545955,1.465289832240998e-9,3.827910438138539e-5,4.145307443409346e-5,0.111110130545955,-0.1111095495614512
10216,0.625,-0.11111009725072417,1.7446941269463338e-9,4.176953587180894e-5,4.045891033937191e-5,0.11111009725072417,-0.11110954992086207
10217,1.5625,-0.11111006013410364,1.948528555351705e-9,4.414214035761865e-5,3.786574016611402e-5,0.11111006013410364,-0.11110954782801773
10218,3.90625,-0.11111001769833485,1.90286821279731e-9,4.362187768536918e-5,3.117047650965599e-5,0.11111001769833485,-0.11110954032959132
10219,9.765625,-0.11110998874018858,1.3135342780789565e-9,3.624271344807058e-5,1.5536801906187705e-5,0.11110998874018858,-0.11110952664660778
10220,24.4140625,-0.11111011086609482,2.6854919576501044e-10,1.63874706945584e-5,2.33600314255e-5,0.11111011086609482,-0.11110952460566204
10221,9.765625,-0.1111102557400851,5.858063270488203e-11,7.653798580109227e-6,6.080693311518429e-5,0.1111102557400851,-0.1111095296372573
10222,3.90625,-0.11111035648429018,1.1690778077891973e-11,3.4191779827748033e-6,6.719919668387011e-5,0.11111035648429018,-0.11110953447837159
10223,1.5625,-0.11111044759256114,6.064752337429069e-11,7.78765198081493e-6,6.689783434628734e-5,0.11111044759256114,-0.11110953886423161
10224,0.625,-0.11111053574042425,1.9248480362903614e-10,1.3873889275507288e-5,6.567957848564768e-5,0.11111053574042425,-0.11110954301272513
10225,0.25,-0.11111062296128474,4.0433359910286777e-10,2.0108048117678348e-5,6.472524875546568e-5,0.11111062296128474,-0.11110954706922262
10226,0.1,-0.11111070994425949,6.954520206217928e-10,2.6371424319171554e-5,6.411990258082311e-5,0.11111070994425949,-0.11110955109669603
10227,0.1,-0.11111079642649946,1.0633478126844542e-9,3.260901428569184e-5,6.375193901360296e-5,0.11111079642649946,-0.11110955503193662
10228,0.1,-0.11111088229991724,1.5055960114597276e-9,3.880201040487113e-5,6.33265351372486e-5,0.11111088229991724,-0.11110955886072844
10229,0.1,-0.11111096745665744,2.0195112298211306e-9,4.4938972282653845e-5,6.284410802018268e-5,0.11111096745665744,-0.11110956256934597
10230,0.1,-0.1111110517893543,2.602159043888058e-9,5.101136190975554e-5,6.230516639749249e-5,0.1111110517893543,-0.11110956614461136
10231,0.25,-0.11111113266061154,3.232585937519214e-9,5.6855834683163465e-5,6.171304358449957e-5,0.11111113266061154,-0.111109568997601
10232,0.625,-0.11111120371644322,3.854415787401228e-9,6.208394146155049e-5,6.023461381714137e-5,0.11111120371644322,-0.11110956980094522
10233,1.5625,-0.11111124822037258,4.311380641329008e-9,6.566110447844301e-5,5.636457718766973e-5,0.11111124822037258,-0.1111095651687974
10234,3.90625,-0.11111122574379349,4.21999018627817e-9,6.496145154072659e-5,4.633193753113844e-5,0.11111122574379349,-0.11110954851609538
10235,9.765625,-0.11111105964264449,2.9269704892712847e-9,5.4101483244651295e-5,2.2475580981763255e-5,0.11111105964264449,-0.11110951794090473
10236,24.4140625,-0.11111070447059411,6.06941620808679e-10,2.4636185191881452e-5,3.34934531221164e-5,0.11111070447059411,-0.11110951289907146
10237,9.765625,-0.11111056086825936,1.3246096071208335e-10,1.1509168549990193e-5,9.035947220732596e-5,0.11111056086825936,-0.11110952404628997
10238,3.90625,-0.11111043162217346,2.2419848055663292e-11,4.734960195784469e-6,0.00010016389696807671,0.11111043162217346,-0.11110953483772071
10239,1.5625,-0.11111031074763014,1.2655415185185313e-10,1.1249628965074942e-5,9.981471726769933e-5,0.11111031074763014,-0.11110954462284281
10240,0.625,-0.11111019303292315,4.157321229690596e-10,2.0389510120869988e-5,9.803450604961664e-5,0.11111019303292315,-0.1111095538766156
10241,0.25,-0.11111007661972026,8.834686970670498e-10,2.9723201326018868e-5,9.66239851969822e-5,0.11111007661972026,-0.11110956292239324
10242,0.1,-0.11110996084949276,1.5280756519233143e-9,3.909060823168801e-5,9.572498975973909e-5,0.11110996084949276,-0.11110957190146635
10243,0.1,-0.1111098458122875,2.3440677315425125e-9,4.841557323364573e-5,9.51766768793649e-5,0.1111098458122875,-0.11110958067556244
10244,0.1,-0.11110973159077941,3.3260793137303995e-9,5.767217105095316e-5,9.454239055680144e-5,0.11110973159077941,-0.11110958921291243
10245,0.1,-0.11110961826636372,4.468166025008802e-9,6.684434175761477e-5,9.382276131882472e-5,0.11110961826636372,-0.11110959748284224
10246,0.1,-0.11110950591914272,5.7638299352113705e-9,7.59198915648025e-5,9.301854996958297e-5,0.11110950591914272,-0.11110960545589267
10247,0.25,-0.11110939646818138,7.16687089827121e-9,8.465737356114474e-5,9.213473419876336e-5,0.11110939646818138,-0.11110961182546251
10248,0.625,-0.11110929467037838,8.552868943131545e-9,9.248172221110258e-5,8.992953897790838e-5,0.11110929467037838,-0.11110961364197273
10249,1.5625,-0.11110921358573295,9.57661997278032e-9,9.786020627803888e-5,8.415547986373936e-5,0.11110921358573295,-0.11110960337134831
10250,3.90625,-0.11110918827189888,9.389370571995864e-9,9.689876455350638e-5,6.916255992993892e-5,0.11110918827189888,-0.11110956630708893
10251,9.765625,-0.1111093081987492,6.53706651467548e-9,8.085212745917995e-5,3.316715285498796e-5,0.1111093081987492,-0.11110949791525983
10252,24.4140625,-0.11110996676851631,1.012556733851643e-10,1.006258780757536e-5,4.790569904406284e-5,0.11110996676851631,-0.11110953758815775
10253,9.765625,-0.11111065404648374,1.0662232621895663e-10,1.0325808744062454e-5,2.724779143689495e-5,0.11111065404648374,-0.11110953691949797
10254,3.90625,-0.11111090569998253,1.2112201974526978e-10,1.1005544954488613e-5,1.8617632510966385e-5,0.11111090569998253,-0.11110953667943278
10255,1.5625,-0.11111110802305325,1.3951431097544238e-10,1.1811617627380357e-5,1.5043775037632596e-5,0.11111110802305325,-0.11110953665054406
10256,0.625,-0.11111129769083336,1.6124099504003724e-10,1.2698070524297668e-5,1.3504925704226886e-5,0.11111129769083336,-0.11110953671867116
10257,1.5625,-0.11111140938176013,1.7515515597312698e-10,1.323461960062045e-5,1.279735693988022e-5,0.11111140938176013,-0.11110953657066264
10258,3.90625,-0.11111131402272614,1.6257438973899645e-10,1.27504662557491e-5,1.1137343863039395e-5,0.11111131402272614,-0.11110953597977936
10259,9.765625,-0.11111081245450934,9.968563969662095e-11,9.984269612576623e-6,8.473386409404111e-6,0.11111081245450934,-0.11110953503060952
10260,24.4140625,-0.11111021722850915,1.734765376128324e-11,4.165051471624719e-6,1.155543048453268e-5,0.11111021722850915,-0.11110953517498817
10261,9.765625,-0.11111047776973115,4.560580980453235e-12,2.135551680585894e-6,1.9139387010719862e-5,0.11111047776973115,-0.1111095356347945
10262,3.90625,-0.11111055698052831,4.3407186156335214e-12,2.0834391317323197e-6,2.000684302429943e-5,0.11111055698052831,-0.11110953603651272
10263,1.5625,-0.11111061530809012,1.1287704374933358e-11,3.3597179010942805e-6,1.956313505612243e-5,0.11111061530809012,-0.11110953639808822
10264,0.625,-0.1111106683958372,2.4527207104252547e-11,4.952495038286514e-6,1.9074717663050752e-5,0.1111106683958372,-0.11110953674209177
10265,0.25,-0.11111071991704057,4.386865707501366e-11,6.623341835887203e-6,1.87394234284857e-5,0.11111071991704057,-0.11110953707988812
10266,0.1,-0.11111077095692685,6.924999338615187e-11,8.321658091158989e-6,1.8531675144384964e-5,0.11111077095692685,-0.11110953741570144
10267,0.1,-0.1111108201269938,1.0041029969383092e-10,1.0020493984521468e-5,1.8402410294877887e-5,0.1111108201269938,-0.11110953774290361
10268,0.1,-0.1111108672292161,1.3711940029999778e-10,1.1709799327913257e-5,1.826057199769637e-5,0.1111108672292161,-0.1111095380605465
10269,0.1,-0.11111091207438634,1.7912960407594253e-10,1.338393081556919e-5,1.8106049565476685e-5,0.11111091207438634,-0.11110953836771296
10270,0.1,-0.11111095448271974,2.2617658612995643e-10,1.5039168398882845e-5,1.7938807964439636e-5,0.11111095448271974,-0.11110953866352416
10271,0.25,-0.1111109875634027,2.7635152674389986e-10,1.6623824071010252e-5,1.7760138771513485e-5,0.1111109875634027,-0.11110953889836468
10272,0.625,-0.11111099593168855,3.246494169206635e-10,1.8018030328553216e-5,1.734087151517948e-5,0.11111099593168855,-0.11110953896339466
10273,1.5625,-0.11111094188552795,3.5749961873146737e-10,1.8907660318809075e-5,1.628175821184882e-5,0.11111094188552795,-0.11110953858620859
10274,3.90625,-0.11111074801419807,3.4281769288549147e-10,1.85153366938193e-5,1.365093392097427e-5,0.11111074801419807,-0.111109537258827
10275,9.765625,-0.11111034342157584,2.3052771291076385e-10,1.5183139099368215e-5,8.366305599657871e-6,0.11111034342157584,-0.11110953492088312
10276,24.4140625,-0.11111010992736527,4.596870547504899e-11,6.780022527621054e-6,1.231227057769685e-5,0.11111010992736527,-0.11110953472487996
10277,9.765625,-0.11111030545414426,1.1010589536863854e-11,3.318220839073833e-6,2.641508863539069e-5,0.11111030545414426,-0.11110953564309242
10278,3.90625,-0.11111038969506024,4.598078012970528e-12,2.1443129466033e-6,2.8737809577013185e-5,0.11111038969506024,-0.11110953651069022
10279,1.5625,-0.11111045851319928,1.4864161981806472e-11,3.855406850360474e-6,2.8477555196800306e-5,0.11111045851319928,-0.11110953729740966
10280,0.625,-0.11111052308522273,3.958444635351849e-11,6.291617149312129e-6,2.791186968892691e-5,0.11111052308522273,-0.1111095380434504
10281,0.25,-0.11111058630591403,7.826381147927996e-11,8.846683642997525e-6,2.748519083375469e-5,0.11111058630591403,-0.11110953877393687
10282,0.1,-0.11111064908930944,1.3076340139838036e-10,1.143518261325023e-5,2.7214973182973166e-5,0.11111064908930944,-0.11110953949938679
10283,0.1,-0.11111071092393458,1.966041502426976e-10,1.4021560192885013e-5,2.7048120190762093e-5,0.11111071092393458,-0.11110954020769329
10284,0.1,-0.11111077167214478,2.753312498366406e-10,1.6593108504335184e-5,2.685859367225425e-5,0.11111077167214478,-0.11110954089645257
10285,0.1,-0.11111083119993519,3.664455396008418e-10,1.9142767292135215e-5,2.6646506941124145e-5,0.11111083119993519,-0.11110954156334596
10286,0.1,-0.1111108893773276,4.694054866946971e-10,2.1665767623019894e-5,2.641202985761219e-5,0.1111108893773276,-0.1111095422061498
10287,0.25,-0.11111094238322324,5.803662602114627e-10,2.409079202125706e-5,2.6156697486402814e-5,0.11111094238322324,-0.11110954271956491
10288,0.625,-0.11111098132973567,6.890545755697213e-10,2.624984905803691e-5,2.5535063880501703e-5,0.11111098132973567,-0.11110954286808189
10289,1.5625,-0.11111098372458658,7.671504158564643e-10,2.769748031602269e-5,2.3929986725013858e-5,0.11111098372458658,-0.11110954205448374
10290,3.90625,-0.11111090014968585,7.457977977123411e-10,2.730929874076486e-5,1.983374788967612e-5,0.11111090014968585,-0.11110953913386494
10291,9.765625,-0.11111066575042255,5.105707788373778e-10,2.259581330329532e-5,1.07327527140557e-5,0.11111066575042255,-0.11110953385532668
10292,24.4140625,-0.11111040826792376,1.0270249828604066e-10,1.0134224108733764e-5,1.590101410259291e-5,0.11111040826792376,-0.11110953319944368
10293,9.765625,-0.11111042576947802,2.2934915409172062e-11,4.7890411784794735e-6,3.83333904022386e-5,0.11111042576947802,-0.1111095351778552
10294,3.90625,-0.11111040371248149,6.306408348969904e-12,2.5112563288063415e-6,4.2117196229675e-5,0.11111040371248149,-0.11110953706605353
10295,1.5625,-0.11111037897813289,2.673962537980012e-11,5.171037166739388e-6,4.185499062723092e-5,0.11111037897813289,-0.1111095387762312
10296,0.625,-0.11111035384588296,7.924800019291847e-11,8.902134586317962e-6,4.106630083766568e-5,0.11111035384588296,-0.11110954039511295
10297,0.25,-0.11111032866586146,1.6272838044604092e-10,1.275650345690546e-5,4.045851435666633e-5,0.11111032866586146,-0.11110954197895284
10298,0.1,-0.11111030351268103,2.768886484429256e-10,1.6639971407515266e-5,4.007415691278442e-5,0.11111030351268103,-0.11110954355178439
10299,0.1,-0.11111027821347474,4.207298456241912e-10,2.051170021290754e-5,3.983993257929316e-5,0.11111027821347474,-0.11110954508824716
10300,0.1,-0.1111102527535938,5.932889419598047e-10,2.435752331333801e-5,3.957043843285088e-5,0.1111102527535938,-0.11110954658287868
10301,0.1,-0.11111022711999928,7.935027198655181e-10,2.8169180319375965e-5,3.9265928601306876e-5,0.11111022711999928,-0.11110954803040858
10302,0.1,-0.111110201301368,1.0202122447863588e-9,3.194076149352671e-5,3.892671995748656e-5,0.111110201301368,-0.11110954942578054
10303,0.25,-0.11111017463762618,1.2651511396433681e-9,3.556896315108677e-5,3.855497611514053e-5,0.11111017463762618,-0.11110955053884093
10304,0.625,-0.11111014575854289,1.5061344951301526e-9,3.8808948647575504e-5,3.763283760800695e-5,0.11111014575854289,-0.11110955085234077
10305,1.5625,-0.11111011170066513,1.6817828426216182e-9,4.1009545750003355e-5,3.5228191868480877e-5,0.11111011170066513,-0.11110954904975177
10306,3.90625,-0.111110068860845,1.6419101521559632e-9,4.0520490522153886e-5,2.902463191635027e-5,0.111110068860845,-0.11110954258442608
10307,9.765625,-0.11111003168003343,1.1327452308882992e-9,3.365628070491894e-5,1.4606608113640505e-5,0.11111003168003343,-0.11110953079235242
10308,24.4140625,-0.11111013310899397,2.3132818723969557e-10,1.520947688908779e-5,2.187470255174313e-5,0.11111013310899397,-0.11110952905505535
10309,9.765625,-0.11111026892373857,5.064126161450057e-11,7.116267393409312e-6,5.651849590297869e-5,0.11111026892373857,-0.11110953339669019
10310,3.90625,-0.11111036186360841,1.0493018678216047e-11,3.239292928744797e-6,6.242980373179196e-5,0.11111036186360841,-0.11110953757207472
10311,1.5625,-0.11111044567324768,5.294211328610898e-11,7.276133127294262e-6,6.214208413315521e-5,0.11111044567324768,-0.11110954135515236
10312,0.625,-0.1111105266892786,1.6682261624936363e-10,1.2915982976504871e-5,6.100840790459487e-5,0.1111105266892786,-0.11110954493395019
10313,0.25,-0.11111060682641397,3.4966589459524497e-10,1.869935545935327e-5,6.012162500437699e-5,0.11111060682641397,-0.11110954843368277
10314,0.1,-0.11111068673130681,6.00834201746316e-10,2.4511919585098102e-5,5.955947371520858e-5,0.11111068673130681,-0.11110955190853408
10315,0.1,-0.11111076615042659,9.181753161838273e-10,3.030140782511313e-5,5.9217915061568564e-5,0.11111076615042659,-0.1111095553038497
10316,0.1,-0.11111084498258635,1.2995967001578024e-9,3.60499195582709e-5,5.882305914280894e-5,0.11111084498258635,-0.111109558607377
10317,0.1,-0.1111109231269506,1.7427812103639233e-9,4.1746631125923485e-5,5.837529519516403e-5,0.1111109231269506,-0.11110956180728788
10318,0.1,-0.1111110004832736,2.2451969306681856e-9,4.738350905819646e-5,5.7875097970523015e-5,0.1111110004832736,-0.1111095648922254
10319,0.25,-0.11111107456237394,2.788754046632034e-9,5.2808655035249986e-5,5.732556299517803e-5,0.11111107456237394,-0.11110956735417721
10320,0.625,-0.11111113937928563,3.324787832340914e-9,5.766097321708084e-5,5.595338629971914e-5,0.11111113937928563,-0.11110956804840275
10321,1.5625,-0.11111117919896718,3.7184233004517038e-9,6.097887585428009e-5,5.236182022997965e-5,0.11111117919896718,-0.1111095640554587
10322,3.90625,-0.11111115615645768,3.6387564726202077e-9,6.032210600285941e-5,4.3054678800575886e-5,0.11111115615645768,-0.1111095497002257
10323,9.765625,-0.11111099928351005,2.5225375000708723e-9,5.022486933851468e-5,2.097563043264515e-5,0.11111099928351005,-0.1111095233586044
10324,24.4140625,-0.11111067119483165,5.223287596429509e-10,2.2854512894458084e-5,3.1249392607162606e-5,0.11111067119483165,-0.11110951905819791
10325,9.765625,-0.11111054201774014,1.1408242467247085e-10,1.06809374435239e-5,8.392402996572003e-5,0.11111054201774014,-0.11110952866925611
10326,3.90625,-0.11111042474175852,1.978566861417478e-11,4.448108431027146e-6,9.299773055605007e-5,0.11111042474175852,-0.11110953796787539
10327,1.5625,-0.11111031494817147,1.0998873343485973e-10,1.0487551355529075e-5,9.266316579412676e-5,0.11111031494817147,-0.11110954639885284
10328,0.625,-0.11111020798796252,3.596106373414158e-10,1.896340257816133e-5,9.100665379743846e-5,0.11111020798796252,-0.1111095543722956
10329,0.25,-0.11111010219048587,7.630718252505016e-10,2.762375472759816e-5,8.969578760480574e-5,0.11111010219048587,-0.11110956216682287
10330,0.1,-0.11110999696216096,1.3189207864282232e-9,3.6316949024225907e-5,8.886069772687672e-5,0.11110999696216096,-0.1111095699040631
10331,0.1,-0.11110989238336018,2.022423649241377e-9,4.497136476961064e-5,8.835149364054222e-5,0.11110989238336018,-0.11110957746460083
10332,0.1,-0.11110978852928477,2.868952703617002e-9,5.356260545956481e-5,8.776249646580562e-5,0.11110978852928477,-0.11110958482106706
10333,0.1,-0.11110968547411508,3.8533813192021176e-9,6.207560969657985e-5,8.709429312214256e-5,0.11110968547411508,-0.11110959194703766
10334,0.1,-0.11110958329098342,4.970105688755533e-9,7.049897650856737e-5,8.634759181942504e-5,0.11110958329098342,-0.11110959881713543
10335,0.25,-0.11110948371558081,6.179264720870237e-9,7.860829931292394e-5,8.552701660260218e-5,0.11110948371558081,-0.11110960430490296
10336,0.625,-0.11110939105656191,7.373522612856816e-9,8.586921807526149e-5,8.347969629811697e-5,0.11110939105656191,-0.11110960586789771
10337,1.5625,-0.11110931715806181,8.255109236817829e-9,9.085763169276331e-5,7.811947310962921e-5,0.11110931715806181,-0.11110959701305273
10338,3.90625,-0.11110929387180436,8.092059147448636e-9,8.995587333492258e-5,6.420414514847183e-5,0.11110929387180436,-0.11110956507150588
10339,9.765625,-0.11110940272579042,5.631230601470354e-9,7.504152584716247e-5,3.0835813093497356e-5,0.11110940272579042,-0.11110950616776201
10340,24.4140625,-0.11111000917769745,8.777150907711775e-11,9.36864499685615e-6,4.461212713454292e-5,0.11111000917769745,-0.11110954040799098
10341,9.765625,-0.1111106308862923,9.244884892864051e-11,9.615032445532387e-6,2.541233044665502e-5,0.1111106308862923,-0.11110953982979949
10342,3.90625,-0.11111085793347723,1.049108619243755e-10,1.0242600349734216e-5,1.7441499499027238e-5,0.11111085793347723,-0.11110953962626301
10343,1.5625,-0.11111104044322388,1.207166393392138e-10,1.0987112420432121e-5,1.4163700487586598e-5,0.11111104044322388,-0.11110953960623463
10344,0.625,-0.1111112115358741,1.3938306253913648e-10,1.1806060415699069e-5,1.2760117472058573e-5,0.1111112115358741,-0.1111095396703624
10345,1.5625,-0.11111131206117096,1.513241227872574e-10,1.2301387026968031e-5,1.2116752664690485e-5,0.11111131206117096,-0.11110953954801048
10346,3.90625,-0.11111122529351769,1.4049250702834673e-10,1.1852953514982953e-5,1.0614872131810055e-5,0.11111122529351769,-0.11110953904330872
10347,9.765625,-0.11111077140006591,8.633516324339185e-11,9.291671714142285e-6,8.234415667648135e-6,0.11111077140006591,-0.11110953822736894
10348,24.4140625,-0.11111023426210903,1.5246113027045886e-11,3.904627130347517e-6,1.1010404503071166e-5,0.11111023426210903,-0.11110953835154537
10349,9.765625,-0.11111046898047479,4.255349650550517e-12,2.062849885607413e-6,1.7940534644393754e-5,0.11111046898047479,-0.11110953875061937
10350,3.90625,-0.11111053976193845,4.079674472441785e-12,2.0198204059870733e-6,1.873607974553468e-5,0.11111053976193845,-0.111109539101537
10351,1.5625,-0.11111059174088564,1.0083246040313076e-11,3.175412735427172e-6,1.8326487532420478e-5,0.11111059174088564,-0.11110953941859716
10352,0.625,-0.11111063900856723,2.151296987351847e-11,4.638207614318107e-6,1.7876599569010183e-5,0.11111063900856723,-0.11110953972082205
10353,0.25,-0.11111068486875335,3.820475513130001e-11,6.180999525262886e-6,1.756804390456507e-5,0.11111068486875335,-0.11110954001782866
10354,0.1,-0.11111073029664059,6.010521881386994e-11,7.75275556262868e-6,1.7376998441926702e-5,0.11111073029664059,-0.11110954031318351
10355,0.1,-0.11111077403789964,8.698958030992381e-11,9.326820482346801e-6,1.7258202585906102e-5,0.11111077403789964,-0.11110954060111375
10356,0.1,-0.11111081591434983,1.1865950047227541e-10,1.0893094164298563e-5,1.7127853240333368e-5,0.11111081591434983,-0.11110954088080151
10357,0.1,-0.11111085575578784,1.54901524798145e-10,1.24459441103576e-5,1.6985854696992272e-5,0.11111085575578784,-0.1111095411514558
10358,0.1,-0.111110893400532,1.9548784078159e-10,1.3981696634585876e-5,1.6832181517111872e-5,0.111110893400532,-0.11110954141231766
10359,0.25,-0.11111092263739612,2.3877302788387083e-10,1.5452282287217988e-5,1.6668026351742884e-5,0.11111092263739612,-0.11110954162052974
10360,0.625,-0.11111092960389901,2.8044198331631436e-10,1.674640210063984e-5,1.628281871929008e-5,0.11111092960389901,-0.11110954168211214
10361,1.5625,-0.11111088034201377,3.0879115894720047e-10,1.7572454551006824e-5,1.5310511270965964e-5,0.11111088034201377,-0.11110954136183866
10362,3.90625,-0.11111070520183759,2.9613193821830455e-10,1.7208484483483854e-5,1.2902503918254048e-5,0.11111070520183759,-0.11110954022091314
10363,9.765625,-0.1111103408662688,1.9919078278334168e-10,1.4113496476186958e-5,8.130931992322867e-6,0.1111103408662688,-0.11110953820670694
10364,24.4140625,-0.11111013348550892,3.9895035122085366e-11,6.3162516670953955e-6,1.1698548528150594e-5,0.11111013348550892,-0.11110953803909895
10365,9.765625,-0.11111031097376603,9.803860478524084e-12,3.131111700103349e-6,2.4654077833622836e-5,0.11111031097376603,-0.11110953883379471
10366,3.90625,-0.11111038782390988,4.3143872758059754e-12,2.0771103186412547e-6,2.6794764778191897e-5,0.11111038782390988,-0.11110953958623776
10367,1.5625,-0.11111045071214776,1.3204431692264457e-11,3.6337902653103766e-6,2.655120764548958e-5,0.11111045071214776,-0.11110954026962644
10368,0.625,-0.11111050975276435,3.4557732318700416e-11,5.878582509304468e-6,2.6026913200798625e-5,0.11111050975276435,-0.111109540918253
10369,0.25,-0.11111056756771141,6.794801285857894e-11,8.243058465071016e-6,2.563192830452769e-5,0.11111056756771141,-0.11110954155360872
10370,0.1,-0.11111062498526085,1.1325578870842122e-10,1.0642170300668056e-5,2.538193131545882e-5,0.11111062498526085,-0.1111095421846852
10371,0.1,-0.11111068154281166,1.7006737321430904e-10,1.3040988199301042e-5,2.52276307735912e-5,0.11111068154281166,-0.11110954280097314
10372,0.1,-0.11111073711564783,2.379902682282247e-10,1.5426933208782122e-5,2.5052378422354477e-5,0.11111073711564783,-0.11110954340040005
10373,0.1,-0.11111079158234179,3.165937172977236e-10,1.7793080601675573e-5,2.4856283155111412e-5,0.11111079158234179,-0.1111095439809666
10374,0.1,-0.11111084482510525,4.054104144446077e-10,2.013480604437519e-5,2.4639506882593877e-5,0.11111084482510525,-0.11110954454075604
10375,0.25,-0.1111108933834465,5.011209135178855e-10,2.238573013144502e-5,2.44034740688515e-5,0.1111108933834465,-0.11110954498886304
10376,0.625,-0.11111092920696419,5.948565530991638e-10,2.4389681283263294e-5,2.382886222111062e-5,0.11111092920696419,-0.11110954512204137
10377,1.5625,-0.1111109319186336,6.621711177494624e-10,2.5732685785775695e-5,2.2345872692493398e-5,0.1111109319186336,-0.11110954442496172
10378,3.90625,-0.11111085672296699,6.436347374447036e-10,2.5369957379639085e-5,1.8567413563147277e-5,0.11111085672296699,-0.11110954190999317
10379,9.765625,-0.11111064465704376,4.405321388553753e-10,2.0988857492854995e-5,1.0247697506717408e-5,0.11111064465704376,-0.11110953736200628
10380,24.4140625,-0.11111041023175933,8.872267639819907e-11,9.41927154286355e-6,1.4983046344572765e-5,0.11111041023175933,-0.11110953680147168
10381,9.765625,-0.1111104242709582,2.005064442908812e-11,4.477794594338615e-6,3.567922060508891e-5,0.1111104242709582,-0.11110953851010866
10382,3.90625,-0.11111040289112115,5.794632746267256e-12,2.407204342441093e-6,3.9176333859204516e-5,0.11111040289112115,-0.11110954014178097
10383,1.5625,-0.1111103792052916,2.3481494642816677e-11,4.84577079965785e-6,3.892959502413483e-5,0.1111103792052916,-0.11110954162058478
10384,0.625,-0.11111035519704518,6.881594062564197e-11,8.295537392215284e-6,3.819717998189753e-5,0.11111035519704518,-0.11110954302100715
10385,0.25,-0.11111033115747421,1.4084843372937778e-10,1.1867958279728564e-5,3.763337213638213e-5,0.11111033115747421,-0.11110954439138072
10386,0.1,-0.11111030714510599,2.393277901346032e-10,1.5470222691823257e-5,3.727700721647138e-5,0.11111030714510599,-0.1111095457523417
10387,0.1,-0.11111028300463689,3.6339181513348414e-10,1.906283859065811e-5,3.705992269296014e-5,0.11111028300463689,-0.11110954708194314
10388,0.1,-0.11111025872412378,5.122097776786029e-10,2.2632051998848952e-5,3.681015702140193e-5,0.11111025872412378,-0.11110954837547615
10389,0.1,-0.1111102342930928,6.848645317916034e-10,2.61699165415483e-5,3.6527948999435544e-5,0.1111102342930928,-0.11110954962839772
10390,0.1,-0.11111020970262926,8.803563753553893e-10,2.967080004575861e-5,3.621359607980053e-5,0.11111020970262926,-0.11110955083634948
10391,0.25,-0.11111018438293876,1.0915510516731911e-9,3.3038629688187603e-5,3.586910632269461e-5,0.11111018438293876,-0.11110955180078085
10392,0.625,-0.111110157162717,1.2993036217803558e-9,3.6045854432657796e-5,3.5014555848483215e-5,0.111110157162717,-0.11110955207556969
10393,1.5625,-0.11111012554525303,1.450650092937065e-9,3.8087400711220305e-5,3.278663213750894e-5,0.11111012554525303,-0.1111095505253824
10394,3.90625,-0.11111008673351891,1.4160195086389549e-9,3.7630034661676236e-5,2.7043684696411935e-5,0.11111008673351891,-0.11110954495481966
10395,9.765625,-0.11111005475543585,9.76599341263244e-10,3.12505894546526e-5,1.376244693482739e-5,0.11111005475543585,-0.1111095347951376
10396,24.4140625,-0.11111015090219474,1.994082142837044e-10,1.4121197338883994e-5,2.0480867216414064e-5,0.11111015090219474,-0.11110953330926474
10397,9.765625,-0.11111027571596244,4.3867589415908664e-11,6.623261237178303e-6,5.2530069867642515e-5,0.11111027571596244,-0.11110953705445792
10398,3.90625,-0.11111036151335675,9.419919482209883e-12,3.069188733559714e-6,5.800127937456994e-5,0.11111036151335675,-0.11110954065608843
10399,1.5625,-0.11111043894128596,4.614087535958953e-11,6.792707513178344e-6,5.772958646067164e-5,0.11111043894128596,-0.11110954392005028
10400,0.625,-0.1111105137999913,1.4441413932034047e-10,1.2017243416039323e-5,5.6676081862071955e-5,0.1111105137999913,-0.11110954700829416
10401,0.25,-0.11111058784556835,3.0211496952268356e-10,1.7381454758525926e-5,5.585280514517174e-5,0.11111058784556835,-0.11110955002859256
10402,0.1,-0.11111066167151266,5.186949238732842e-10,2.2774874837708422e-5,5.5331143726700635e-5,0.11111066167151266,-0.11110955302755339
10403,0.1,-0.11111073504851314,7.922972202786352e-10,2.814777469496719e-5,5.501429528858927e-5,0.11111073504851314,-0.11110955595795924
10404,0.1,-0.11111080788409033,1.12111744376657e-9,3.348309190870177e-5,5.464800919018993e-5,0.11111080788409033,-0.11110955880925158
10405,0.1,-0.11111088008610326,1.5031575397040062e-9,3.877057569477149e-5,5.423264891411986e-5,0.11111088008610326,-0.11110956157123791
10406,0.1,-0.11111095156296896,1.936234297414127e-9,4.400266239006598e-5,5.3768657645958e-5,0.11111095156296896,-0.1111095642341324
10407,0.25,-0.1111110200425331,2.404742616282518e-9,4.903817509127474e-5,5.325890851871742e-5,0.1111110200425331,-0.11110956635990869
10408,0.625,-0.11111108005929533,2.8667054441910428e-9,5.354162347362137e-5,5.1985982724473335e-5,0.11111108005929533,-0.11110956696169404
10409,1.5625,-0.11111111723696017,3.20579224436948e-9,5.661971603928688e-5,4.865447903426989e-5,0.11111111723696017,-0.1111095635229638
10410,3.90625,-0.11111109693693297,3.1366428213637195e-9,5.600573918237058e-5,4.002466791399464e-5,0.11111109693693297,-0.11110955115336901
10411,9.765625,-0.11111095395427968,2.1737716593323287e-9,4.662372421131037e-5,1.9603725214998475e-5,0.11111095395427968,-0.11110952846136546
10412,24.4140625,-0.11111065213635044,4.4980222125398027e-10,2.120854123352147e-5,2.9146334687595433e-5,0.11111065213635044,-0.11110952478010483
10413,9.765625,-0.11111053170523989,9.840889317494076e-11,9.920125663263585e-6,7.794431647871694e-5,0.11111053170523989,-0.1111095330651569
10414,3.90625,-0.11111042274000717,1.746197676145368e-11,4.178753015129476e-6,8.63484144641001e-5,0.11111042274000717,-0.1111095410785901
10415,1.5625,-0.11111032075634526,9.544848648453788e-11,9.769774126587466e-6,8.603167064526776e-5,0.11111032075634526,-0.11110954834455362
10416,0.625,-0.1111102214015187,3.107718853560554e-10,1.7628723304767576e-5,8.44920272465005e-5,0.1111102214015187,-0.11110955521665691
10417,0.25,-0.11111012311504996,6.586303856158978e-10,2.566379523016613e-5,8.327467981117858e-5,0.11111012311504996,-0.1111095619348629
10418,0.1,-0.11111002534254714,1.1377758040003258e-9,3.3730932450798416e-5,8.249945321328964e-5,0.11111002534254714,-0.11110956860386383
10419,0.1,-0.11110992816032428,1.7441258124073344e-9,4.176273233886086e-5,8.202687979622936e-5,0.11110992816032428,-0.11110957512059619
10420,0.1,-0.11110983163934655,2.4736912849375088e-9,4.9736217034848047e-5,8.148025943126308e-5,0.11110983163934655,-0.11110958146148067
10421,0.1,-0.11110973584970955,3.322053058299894e-9,5.763725408362108e-5,8.086013848565972e-5,0.11110973584970955,-0.11110958760375333
10422,0.1,-0.11110964086062149,4.284380684524942e-9,6.54551807309776e-5,8.016717619264879e-5,0.11110964086062149,-0.1111095935255517
10423,0.25,-0.11110954830326084,5.326300818085552e-9,7.298151011102437e-5,7.940566455643082e-5,0.11110954830326084,-0.11110959825596563
10424,0.625,-0.11110946222747815,6.355261060346808e-9,7.971989124645622e-5,7.75055980974377e-5,0.11110946222747815,-0.11110959960390676
10425,1.5625,-0.11110939375718423,7.114521565289596e-9,8.434762335294099e-5,7.253110680912861e-5,0.11110939375718423,-0.11110959197422703
10426,3.90625,-0.11110937272421366,6.9730674909814365e-9,8.350489501209756e-5,5.9619728206957773e-5,0.11110937272421366,-0.1111095644531829
10427,9.765625,-0.11110947492984635,4.8510665143720675e-9,6.964959809196366e-5,2.8697384837653152e-5,0.11110947492984635,-0.1111095137190984
10428,24.4140625,-0.11111003029243602,7.613680398874489e-11,8.725640606210233e-6,4.152890324645849e-5,0.11111003029243602,-0.11110954325698905
10429,9.765625,-0.11111061369062425,8.015482078862099e-11,8.952922471942945e-6,2.372975865776266e-5,0.11111061369062425,-0.11110954275990362
10430,3.90625,-0.11111082701451172,9.0899216725744e-11,9.534108071851504e-6,1.6377140933861098e-5,0.11111082701451172,-0.1111095425885135
10431,1.5625,-0.11111099849671961,1.0452699840012472e-10,1.022384459976406e-5,1.337207412137562e-5,0.11111099849671961,-0.11110954257638239
10432,0.625,-0.11111115924735633,1.2062112194013896e-10,1.0982764767586482e-5,1.209176898815139e-5,0.11111115924735633,-0.11110954263722278
10433,1.5625,-0.11111125379762145,1.309037787297992e-10,1.1441318924398498e-5,1.1506684671858813e-5,0.11111125379762145,-0.1111095425368757
10434,3.90625,-0.11111117260104271,1.215233272168237e-10,1.1023761935783251e-5,1.0147258383748169e-5,0.11111117260104271,-0.11110954210604197
10435,9.765625,-0.11111074674900061,7.476231608360121e-11,8.646520461064162e-6,8.020721374988362e-6,0.11111074674900061,-0.11110954140545881
10436,24.4140625,-0.11111024205848918,1.345883284492745e-11,3.668628196605299e-6,1.0515294590392074e-5,0.11111024205848918,-0.11110954151145026
10437,9.765625,-0.11111046281117107,3.993127659494408e-12,1.998281176284861e-6,1.683831233039695e-5,0.11111046281117107,-0.11110954185837221
10438,3.90625,-0.11111052976155204,3.857825428250114e-12,1.964134778534842e-6,1.7565856119322057e-5,0.11111052976155204,-0.11110954216544239
10439,1.5625,-0.11111057902432944,9.050396403653699e-12,3.008387675093371e-6,1.718733186931579e-5,0.11111057902432944,-0.1111095424440544
10440,0.625,-0.11111062385032276,1.892206519614361e-11,4.349950022258142e-6,1.67730050324995e-5,0.11111062385032276,-0.111109542710186
10441,0.25,-0.11111066734957437,3.3331652384555414e-11,5.773357115626524e-6,1.648917883417347e-5,0.11111066734957437,-0.11110954297194905
10442,0.1,-0.11111071044067561,5.223326903906816e-11,7.227258749973475e-6,1.631357057743121e-5,0.11111071044067561,-0.11110954323234332
10443,0.1,-0.1111107519468469,7.543273423538424e-11,8.685202026169815e-6,1.6204429143100463e-5,0.1111107519468469,-0.11110954348633267
10444,0.1,-0.11111079170046338,1.0275882323793611e-10,1.0137002675245584e-5,1.6084693085106756e-5,0.11111079170046338,-0.11110954373321132
10445,0.1,-0.111110829541379,1.3402726361784095e-10,1.1577014451828285e-5,1.5954280641598217e-5,0.111110829541379,-0.11110954397229748
10446,0.1,-0.11111086531744885,1.6904139071038158e-10,1.3001591852937915e-5,1.5813175461847176e-5,0.11111086531744885,-0.11110954420293694
10447,0.25,-0.11111089319218635,2.063797916747254e-10,1.4365924671761486e-5,1.5662479827424657e-5,0.11111089319218635,-0.11110954438809847
10448,0.625,-0.11111090013637508,2.4231531222279523e-10,1.5566480405756313e-5,1.5308968920942753e-5,0.11111090013637508,-0.11110954444662749
10449,1.5625,-0.1111108542248228,2.667409826757721e-10,1.633220691381823e-5,1.4417659121476216e-5,0.1111108542248228,-0.1111095441754418
10450,3.90625,-0.11111068993058287,2.557558055190736e-10,1.5992367101810588e-5,1.221826346342263e-5,0.11111068993058287,-0.1111095431958142
10451,9.765625,-0.1111103473786105,1.720522419468577e-10,1.311686860294246e-5,7.925974144207622e-6,0.1111103473786105,-0.11110954146225542
10452,24.4140625,-0.11111015047329821,3.467726950978739e-11,5.888740910397348e-6,1.1140073256741343e-5,0.11111015047329821,-0.11110954131792172
10453,9.765625,-0.11111031624299363,8.764357308184668e-12,2.960465724879224e-6,2.3020594119182718e-5,0.11111031624299363,-0.11110954200578152
10454,3.90625,-0.1111103877512386,4.057825220734247e-12,2.0144044332591824e-6,2.499361145090759e-5,0.1111103877512386,-0.11110954265877392
10455,1.5625,-0.11111044619899074,1.174475738115689e-11,3.427062500328363e-6,2.476662632378872e-5,0.11111044619899074,-0.11110954325295347
10456,0.625,-0.11111050104885488,3.0174296354386356e-11,5.493113539185801e-6,2.4281410886525342e-5,0.11111050104885488,-0.11110954381747996
10457,0.25,-0.11111055475205285,5.897943628803446e-11,7.679807047578374e-6,2.391621492003576e-5,0.11111055475205285,-0.1111095443707023
10458,0.1,-0.11111060808262689,9.805737830014235e-11,9.902392554334651e-6,2.368518919793072e-5,0.11111060808262689,-0.11110954492029465
10459,0.1,-0.11111066060809176,1.4705114285269678e-10,1.212646456526785e-5,2.354265231464065e-5,0.11111066060809176,-0.11110954545713654
10460,0.1,-0.11111071221198794,2.0562218544945507e-10,1.433953226048378e-5,2.338077225275648e-5,0.11111071221198794,-0.11110954597944217
10461,0.1,-0.11111076278094682,2.7339896769190033e-10,1.653478054562262e-5,2.319965424223411e-5,0.11111076278094682,-0.11110954648548786
10462,0.1,-0.11111081220501924,3.499784321650728e-10,1.870771050035447e-5,2.2999453211461765e-5,0.11111081220501924,-0.11110954697362148
10463,0.25,-0.11111085725097686,4.3249630039277613e-10,2.0796545395636655e-5,2.2781490161659007e-5,0.11111085725097686,-0.11110954736540066
10464,0.625,-0.1111108903982976,5.133005754816868e-10,2.2656137700007183e-5,2.2250912867761324e-5,0.1111108903982976,-0.11110954748550121
10465,1.5625,-0.11111089261506008,5.713005694315749e-10,2.3901894682881834e-5,2.088228116939904e-5,0.11111089261506008,-0.11110954688944813
10466,3.90625,-0.1111108220847444,5.552332333222097e-10,2.356338756041265e-5,1.7401636070780277e-5,0.1111108220847444,-0.1111095447255869
10467,9.765625,-0.11111062390961449,3.7999566778662425e-10,1.9493477570372718e-5,9.812279620879916e-6,0.11111062390961449,-0.11110954080891682
10468,24.4140625,-0.11111040593305072,7.670167137882668e-11,8.75794903951985e-6,1.4132982507412442e-5,0.11111040593305072,-0.11110954032798312
10469,9.765625,-0.1111104201189592,1.7576341297113776e-11,4.192414733433916e-6,3.3213350810598285e-5,0.1111104201189592,-0.11110954180338935
10470,3.90625,-0.1111104009423762,5.339140663099407e-12,2.3106580584542158e-6,3.644621011668611e-5,0.1111104009423762,-0.11110954321369164
10471,1.5625,-0.11111037953842658,2.0625301270503824e-11,4.541508699815935e-6,3.621515469261305e-5,0.11111037953842658,-0.11110954449291312
10472,0.625,-0.11111035780792226,5.973521397148637e-11,7.728855929016038e-6,3.553570699979764e-5,0.11111035780792226,-0.11110954570489966
10473,0.25,-0.11111033603758474,1.2185140737905375e-10,1.1038632495877999e-5,3.501308240363254e-5,0.11111033603758474,-0.11110954689113361
10474,0.1,-0.11111031428706823,2.0675774523693395e-10,1.4379073170303222e-5,3.468286079029992e-5,0.11111031428706823,-0.11110954806931962
10475,0.1,-0.11111029241029104,3.137105147034019e-10,1.7711874962956404e-5,3.448174410360229e-5,0.11111029241029104,-0.11110954922047395
10476,0.1,-0.11111027039553524,4.419934205689169e-10,2.1023639565235057e-5,3.425036519230103e-5,0.11111027039553524,-0.11110955034053879
10477,0.1,-0.11111024823247738,5.908156733797706e-10,2.4306700174638487e-5,3.398894852778194e-5,0.11111024823247738,-0.11110955142559958
10478,0.1,-0.11111022591227765,7.593153180989829e-10,2.7555676694630143e-5,3.369777345527537e-5,0.11111022591227765,-0.11110955247190091
10479,0.25,-0.1111102028881379,9.413392072790553e-10,3.0681251722820166e-5,3.337870394451357e-5,0.1111102028881379,-0.11110955330823326
10480,0.625,-0.11111017803094117,1.1203763693317402e-9,3.347202368145285e-5,3.258728005672214e-5,0.11111017803094117,-0.11110955354998434
10481,1.5625,-0.11111014891519634,1.250752788779647e-9,3.5365983497983585e-5,3.052450498200939e-5,0.11111014891519634,-0.1111095522184592
10482,3.90625,-0.11111011269057766,1.2207472222139245e-9,3.493919321068997e-5,2.5212175863639866e-5,0.11111011269057766,-0.11110954742158564
10483,9.765625,-0.11111008191823933,8.417708661079283e-10,2.9013287750751867e-5,1.2993951761133355e-5,0.11111008191823933,-0.1111095386711222
10484,24.4140625,-0.11111016903250528,1.7195350927628555e-10,1.3113104486592241e-5,1.9183927098249433e-5,0.11111016903250528,-0.11110953739728417
10485,9.765625,-0.11111028431122526,3.805468923982236e-11,6.168848291198476e-6,4.8822986383075385e-5,0.11111028431122526,-0.11110954062728391
10486,3.90625,-0.11111036338717858,8.47194237614186e-12,2.9106601272120143e-6,5.388813616351255e-5,0.11111036338717858,-0.1111095437340935
10487,1.5625,-0.11111043471904831,4.019716668880756e-11,6.340123554695725e-6,5.36328704738789e-5,0.11111043471904831,-0.11110954655051364
10488,0.625,-0.11111050367197708,1.2494913376023663e-10,1.1178064848632639e-5,5.265459022543859e-5,0.11111050367197708,-0.11110954921585524
10489,0.25,-0.11111057186841387,2.6089881990858467e-10,1.6152362672642806e-5,5.189064058488104e-5,0.11111057186841387,-0.11110955182281894
10490,0.1,-0.11111063985633857,4.4757432451901135e-10,2.1155952460690853e-5,5.14067195709539e-5,0.11111063985633857,-0.11110955441147828
10491,0.1,-0.11111070742381814,6.833745471338221e-10,2.6141433532494388e-5,5.1112855425741494e-5,0.11111070742381814,-0.11110955694106203
10492,0.1,-0.11111077448570945,9.667440896579808e-10,3.109250857775842e-5,5.07731525202554e-5,0.11111077448570945,-0.11110955940247402
10493,0.1,-0.11111084095722738,1.2959606811380842e-9,3.59994539005536e-5,5.0387950221397935e-5,0.11111084095722738,-0.11110956178693358
10494,0.1,-0.11111090675414237,1.669142492991319e-9,4.085514034967104e-5,4.9957662211068996e-5,0.11111090675414237,-0.11110956408601035
10495,0.25,-0.11111096978059012,2.0728350150147994e-9,4.552839789642064e-5,4.948495545809648e-5,0.11111096978059012,-0.11110956592216188
10496,0.625,-0.11111102499699527,2.4708484722561273e-9,4.970762991992404e-5,4.830453788334024e-5,0.11111102499699527,-0.11110956644489779
10497,1.5625,-0.11111105915099595,2.762896722051615e-9,5.256326399731675e-5,4.521552524858785e-5,0.11111105915099595,-0.11110956348567139
10498,3.90625,-0.11111104032390767,2.7030064375696797e-9,5.199044563734456e-5,3.721739730060151e-5,0.11111104032390767,-0.1111095528312961
10499,9.765625,-0.11111090847504082,1.8728546597247328e-9,4.327649084346757e-5,1.8343544046510595e-5,0.11111090847504082,-0.11110953328762382
10500,24.4140625,-0.11111063048524317,3.874277838754514e-10,1.9683185308162178e-5,2.7186101570533112e-5,0.11111063048524317,-0.11110953013118302
10501,9.765625,-0.11111051951783656,8.495665372773048e-11,9.217193375845517e-6,7.23870154866719e-5,0.11111051951783656,-0.11110953727176616
10502,3.90625,-0.11111041907654456,1.542041765422413e-11,3.926883962408888e-6,8.017296305797746e-5,0.11111041907654456,-0.11110954417745088
10503,1.5625,-0.1111103250601627,8.277222146524365e-11,9.097924019535646e-6,7.987469018722564e-5,0.1111103250601627,-0.11110955043956025
10504,0.625,-0.11111023345661904,2.684166335171002e-10,1.6383425573337837e-5,7.844448765630707e-5,0.11111023345661904,-0.11110955636271395
10505,0.25,-0.11111014282649227,5.682206843141896e-10,2.38373799800689e-5,7.731438855585165e-5,0.11111014282649227,-0.11110956215349879
10506,0.1,-0.11111005265805918,9.811105625670454e-10,3.132268447255192e-5,7.659491163666872e-5,0.11111005265805918,-0.1111095679020065
10507,0.1,-0.11110996302272151,1.503567213055624e-9,3.877585863724521e-5,7.615639905967569e-5,0.11110996302272151,-0.11110957351932713
10508,0.1,-0.11110987398659121,2.132152971088339e-9,4.617524197108597e-5,7.564918970194417e-5,0.11110987398659121,-0.11110957898515128
10509,0.1,-0.11110978561506381,2.863059633063112e-9,5.350756612912899e-5,7.507379207193493e-5,0.11110978561506381,-0.11110958427987137
10510,0.1,-0.11110969797278913,3.6921246223485214e-9,6.076285561384127e-5,7.443081971178335e-5,0.11110969797278913,-0.11110958938465729
10511,0.25,-0.11110961257405,4.589719490539596e-9,6.774746851757337e-5,7.37242566597891e-5,0.11110961257405,-0.11110959346290672
10512,0.625,-0.11110953317995635,5.476072040119152e-9,7.400048675596095e-5,7.196128286667905e-5,0.11110953317995635,-0.1111095946268246
10513,1.5625,-0.11110947011943625,6.129906542412295e-9,7.829371968690908e-5,6.734598639901707e-5,0.11110947011943625,-0.11110958805614178
10514,3.90625,-0.11110945105782391,6.007430399015568e-9,7.750761510339205e-5,5.536950798088378e-5,0.11110945105782391,-0.11110956435056979
10515,9.765625,-0.11110954602758785,4.178376984094256e-9,6.464036652196719e-5,2.6724997382249514e-5,0.11110954602758785,-0.11110952065964103
10516,24.4140625,-0.11110990296300831,8.739987573219071e-10,2.9563469981074736e-5,3.9350650574816615e-5,0.11110990296300831,-0.1111095130733858
10517,9.765625,-0.11111013027141409,1.9114637516604507e-10,1.3825569614523847e-5,0.00010781315119846275,0.11111013027141409,-0.11110952895958243
10518,3.90625,-0.11111031069516406,2.9503201589847736e-11,5.431684967838961e-6,0.0001196969739865001,0.11111031069516406,-0.11110954439617314
10519,1.5625,-0.11111047722064307,1.7420452701503162e-10,1.3198656257931396e-5,0.00011934730733446348,0.11111047722064307,-0.11110955840298951
10520,0.625,-0.11111063933578935,5.8346135501365e-10,2.415494473215888e-5,0.00011724651087516034,0.11111063933578935,-0.11110957164911166
10521,0.25,-0.11111080016255734,1.2479426406983153e-9,3.532623162323311e-5,0.00011557079609368143,0.11111080016255734,-0.11110958459564718
10522,0.1,-0.11111096079299003,2.1652148468862115e-9,4.653186915315364e-5,0.0001144996272753285,0.11111096079299003,-0.11110959744510511
10523,0.1,-0.11111112090874027,3.3275091435540784e-9,5.76845659041834e-5,0.00011384483298611313,0.11111112090874027,-0.11110961000207156
10524,0.1,-0.11111128033241885,4.727200061518523e-9,6.87546366546906e-5,0.00011308733524061966,0.11111128033241885,-0.11110962222112969
10525,0.1,-0.11111143888467874,6.35583584510816e-9,7.972349619220272e-5,0.00011222786844463872,0.11111143888467874,-0.11110963405841813
10526,0.1,-0.11111159638464296,8.204174103066353e-9,9.057689607767729e-5,0.00011126732293521838,0.11111159638464296,-0.11110964547180094
10527,0.25,-0.11111174882881793,1.0206639106482276e-8,0.0001010279125117523,0.00011021162519442668,0.11111174882881793,-0.11110965459976159
10528,0.625,-0.1111118863837433,1.2186511490369528e-8,0.00011039253367130192,0.00010757929479770814,0.1111118863837433,-0.11110965723620989
10529,1.5625,-0.11111198270015903,1.3653191305214134e-8,0.00011684687118281831,0.00010068692403747963,0.11111198270015903,-0.11110964262913042
10530,3.90625,-0.11111197202332065,1.3399149501854095e-8,0.00011575469537713835,8.278008318573886e-5,0.11111197202332065,-0.11110958974692241
10531,9.765625,-0.11111171822681798,9.349280119905272e-9,9.66916755460638e-5,3.9647266197008245e-5,0.11111171822681798,-0.1111094918698889
10532,24.4140625,-0.111111268631325,1.4379331814974067e-10,1.199138516393084e-5,5.661291049174456e-5,0.111111268631325,-0.1111095481296157
10533,9.765625,-0.11110987880333185,1.4951016409476665e-10,1.2227434894317232e-5,3.293476143471924e-5,0.11110987880333185,-0.11110954728111408
10534,3.90625,-0.11110935411244707,1.7243794927251235e-10,1.3131563093269298e-5,2.2478917603953186e-5,0.11110935411244707,-0.11110954694488485
10535,1.5625,-0.11110893204420429,2.0139469600870014e-10,1.4191359906953954e-5,1.793707223018895e-5,0.11110893204420429,-0.1111095468944221
10536,0.625,-0.11110853661815295,2.3567746552931824e-10,1.5351790303717616e-5,1.59221324941403e-5,0.11110853661815295,-0.11110954697921349
10537,1.5625,-0.11110829892250634,2.576077234137969e-10,1.6050162722346367e-5,1.4985468505531286e-5,0.11110829892250634,-0.11110954674077166
10538,3.90625,-0.11110848265402035,2.370167064352055e-10,1.5395346908569665e-5,1.2738720301156805e-5,0.11110848265402035,-0.11110954585106803
10539,9.765625,-0.11110950428405314,1.4046669687824737e-10,1.1851864700470022e-5,9.054816366524818e-6,0.11110950428405314,-0.1111095444893209
10540,24.4140625,-0.11111077193459654,2.473545963269522e-11,4.973475608937398e-6,1.3078188488467052e-5,0.11111077193459654,-0.11110954468135169
10541,9.765625,-0.11111022311107306,5.4197011749396436e-12,2.3280251663029e-6,2.2555820459200464e-5,0.11111022311107306,-0.11110954534496241
10542,3.90625,-0.11111003657410443,5.342453837218154e-12,2.3113748802862234e-6,2.358065658588664e-5,0.11111003657410443,-0.11110954590586135
10543,1.5625,-0.11110989469427728,1.5611105905986888e-11,3.951089205015104e-6,2.301144881683424e-5,0.11110989469427728,-0.11110954640535833
10544,0.625,-0.1111097642991247,3.49662201972559e-11,5.913224179519655e-6,2.2403203259085323e-5,0.1111097642991247,-0.11110954687860014
10545,0.25,-0.11110963740813275,6.314419065040173e-11,7.946331899084113e-6,2.1989477980570995e-5,0.11110963740813275,-0.11110954734271132
10546,0.1,-0.11110951162970341,1.0006224105834041e-10,1.0003111568823992e-5,2.17349134499429e-5,0.11110951162970341,-0.11110954780400333
10547,0.1,-0.11110938972797496,1.4532206626203741e-10,1.205496023477628e-5,2.15777085112544e-5,0.11110938972797496,-0.11110954825292535
10548,0.1,-0.11110927212634575,1.985794761848039e-10,1.4091823025599061e-5,2.1404776511249503e-5,0.11110927212634575,-0.11110954868810095
10549,0.1,-0.11110915923058608,2.594642349564756e-10,1.610789356050243e-5,2.121600890804243e-5,0.11110915923058608,-0.11110954910820332
10550,0.1,-0.11110905142760093,3.2758160588355554e-10,1.8099215615146296e-5,2.101138760406819e-5,0.11110905142760093,-0.11110954951196167
10551,0.25,-0.1111089630188384,4.0002280522066937e-10,2.0000570122390746e-5,2.0792504392230253e-5,0.1111089630188384,-0.11110954982757042
10552,0.625,-0.11110892611736022,4.692074250120585e-10,2.1661196296882095e-5,2.027596706333912e-5,0.11110892611736022,-0.1111095498980011
10553,1.5625,-0.11110901989329208,5.148121274001345e-10,2.268947173030114e-5,1.8969070308169816e-5,0.11110901989329208,-0.11110954933297534
10554,3.90625,-0.11110940942996124,4.900448984183573e-10,2.2136957749843524e-5,1.572319526965691e-5,0.11110940942996124,-0.11110954741779198
10555,9.765625,-0.11111026208759911,3.2658493296427655e-10,1.807166104607644e-5,9.16108873999926e-6,0.11111026208759911,-0.11110954410072152
10556,24.4140625,-0.11111085317168369,6.523185313859586e-11,8.076623870070703e-6,1.414746535147019e-5,0.11111085317168369,-0.11110954380959588
10557,9.765625,-0.11111048855551875,1.4549225959559127e-11,3.8143447614969374e-6,3.119396004079836e-5,0.11111048855551875,-0.11110954511133732
10558,3.90625,-0.11111034203398404,5.133488476678192e-12,2.2657202997453575e-6,3.4033622214225724e-5,0.11111034203398404,-0.11110954633576088
10559,1.5625,-0.11111022519532535,1.954637456656216e-11,4.421128200647677e-6,3.373496160915016e-5,0.11111022519532535,-0.11110954744218215
10560,0.625,-0.11111011649392954,5.458690290384053e-11,7.388294993017031e-6,3.3059433700067304e-5,0.11111011649392954,-0.11110954848930144
10561,0.25,-0.11111001041614363,1.0954349286612213e-10,1.0466302731438744e-5,3.2547814645109446e-5,0.11111001041614363,-0.11110954951364256
10562,0.1,-0.1111099052328589,1.8421711130507978e-10,1.357266043578339e-5,3.2223307214203024e-5,0.1111099052328589,-0.11110955053053694
10563,0.1,-0.111109801900427,2.7792623917905627e-10,1.667111991376273e-5,3.202280987485793e-5,0.111109801900427,-0.11110955152302987
10564,0.1,-0.11110970067313769,3.900223843512307e-10,1.9748984387842092e-5,3.17949911149978e-5,0.11110970067313769,-0.11110955248769315
10565,0.1,-0.11110960179748512,5.197936590428537e-10,2.279898372829047e-5,3.153997358290338e-5,0.11110960179748512,-0.11110955342121946
10566,0.1,-0.11110950551147357,6.664676364729089e-10,2.5816034483880535e-5,3.125794718087262e-5,0.11110950551147357,-0.11110955432043756
10567,0.25,-0.11110941894134556,8.2456346503512e-10,2.8715213128847225e-5,3.095073859464957e-5,0.11110941894134556,-0.11110955503566576
10568,0.625,-0.11110935861793327,9.794355964189944e-10,3.129593578116805e-5,3.0202207012549043e-5,0.11110935861793327,-0.11110955523185702
10569,1.5625,-0.11110936623448465,1.0907364611812754e-9,3.30262995381147e-5,2.8267334851870206e-5,0.11110936623448465,-0.11110955405932112
10570,3.90625,-0.11110953265232484,1.0605392554330911e-9,3.2565921688677736e-5,2.3314275125269647e-5,0.11110953265232484,-0.11110954988897129
10571,9.765625,-0.11110997234044698,7.266538749361161e-10,2.6956518227251013e-5,1.2106192039014479e-5,0.11110997234044698,-0.11110954235595727
10572,24.4140625,-0.11111041715526009,1.4655694846603188e-10,1.210607072778083e-5,1.836630290341359e-5,0.11111041715526009,-0.11110954137479992
10573,9.765625,-0.11111033719781578,3.192642567511109e-11,5.650347394197201e-6,4.554548734398362e-5,0.11111033719781578,-0.11110954418667568
10574,3.90625,-0.1111103413312989,7.587999930393035e-12,2.754632449237654e-6,5.0138537966730265e-5,0.1111103413312989,-0.11110954687138365
10575,1.5625,-0.11111035386665528,3.618486727538399e-11,6.015385879175499e-6,4.984752972507743e-5,0.11111035386665528,-0.11110954930069875
10576,0.625,-0.11111036835833792,1.1057390881051103e-10,1.0515412916786057e-5,4.891181553450342e-5,0.11111036835833792,-0.11110955159858704
10577,0.25,-0.11111038345913611,2.2917105082874287e-10,1.5138396573902497e-5,4.81872133962047e-5,0.11111038345913611,-0.11110955384579527
10578,0.1,-0.11111039879419297,3.9155577626042394e-10,1.9787768349675614e-5,4.772806027243155e-5,0.11111039879419297,-0.11110955607693916
10579,0.1,-0.11111041471628486,5.963111412847043e-10,2.4419482821810627e-5,4.744789169861236e-5,0.11111041471628486,-0.11110955825628173
10580,0.1,-0.11111043127857538,8.420675493460455e-10,2.9018400185848383e-5,4.7125417614043377e-5,0.11111043127857538,-0.1111095603760209
10581,0.1,-0.11111044853013367,1.1273126282873137e-9,3.357547659062063e-5,4.676093728302681e-5,0.11111044853013367,-0.11110956242862914
10582,0.1,-0.11111046651573801,1.4503975928204362e-9,3.8084085820988747e-5,4.6354823394872525e-5,0.11111046651573801,-0.11110956440688309
10583,0.25,-0.11111048710357775,1.7995854592126883e-9,4.2421521179852665e-5,4.590966747660145e-5,0.11111048710357775,-0.11110956598327368
10584,0.625,-0.11111051440134755,2.1433643874987728e-9,4.629648353275627e-5,4.480545527014726e-5,0.11111051440134755,-0.1111095664211332
10585,1.5625,-0.11111055811525125,2.394518698646088e-9,4.893381957957183e-5,4.192462807610854e-5,0.11111055811525125,-0.11110956384430863
10586,3.90625,-0.11111063578380576,2.3394965775251634e-9,4.8368342720473307e-5,3.447946413875566e-5,0.11111063578380576,-0.1111095546178647
10587,9.765625,-0.11111074599162499,1.6166247746527903e-9,4.020727265872171e-5,1.6988566077282008e-5,0.11111074599162499,-0.11110953776295675
10588,24.4140625,-0.1111106853220801,3.313591389997897e-10,1.820327275518855e-5,2.5601554825074346e-5,0.1111106853220801,-0.11110953519042359
10589,9.765625,-0.11111050041619298,7.190194475645883e-11,8.479501445041378e-6,6.73757917864656e-5,0.11111050041619298,-0.11110954137925613
10590,3.90625,-0.11111038263960127,1.3431610822908578e-11,3.6649162095344796e-6,7.451785584055216e-5,0.11111038263960127,-0.11110954733941106
10591,1.5625,-0.11111027794067638,7.306607729810443e-11,8.547869752055446e-6,7.41997127478675e-5,0.11111027794067638,-0.11110955273862333
10592,0.625,-0.11111017732990976,2.3479748120105415e-10,1.5323102858137256e-5,7.285263465340836e-5,0.11111017732990976,-0.11110955784453927
10593,0.25,-0.11111007819132944,4.950731526927235e-10,2.225023938506558e-5,7.179428082187343e-5,0.11111007819132944,-0.11110956283638307
10594,0.1,-0.11110997966001616,8.529680382059915e-10,2.9205616552402922e-5,7.11217210608943e-5,0.11110997966001616,-0.11110956779194484
10595,0.1,-0.11110988208781698,1.3054175234132036e-9,3.613056217958978e-5,7.071208962291431e-5,0.11110988208781698,-0.11110957263382241
10596,0.1,-0.11110978559651262,1.8494356624016123e-9,4.300506554351025e-5,7.023872954151826e-5,0.11110978559651262,-0.11110957734451656
10597,0.1,-0.11110969030505517,2.481716684496087e-9,4.9816831337371175e-5,6.97020996348364e-5,0.11110969030505517,-0.11110958190713419
10598,0.1,-0.11110959632935004,3.1986489792773493e-9,5.655659978532434e-5,6.910275987496042e-5,0.11110959632935004,-0.11110958630545319
10599,0.25,-0.11110950688784008,3.974504008957583e-9,6.304366747705579e-5,6.844442660020907e-5,0.11110950688784008,-0.11110958981527444
10600,0.625,-0.11110942961487169,4.740051796785202e-9,6.88480340807579e-5,6.680271091279803e-5,0.11110942961487169,-0.11110959080369866
10601,1.5625,-0.11110938440005749,5.303361415870339e-9,7.282418153244387e-5,6.250664272497077e-5,0.11110938440005749,-0.11110958510410139
10602,3.90625,-0.1111094185963989,5.193212847609822e-9,7.206394970864296e-5,5.1365298488476286e-5,0.1111094185963989,-0.11110956460511895
10603,9.765625,-0.11110961949762602,3.6056943580170042e-9,6.0047434233420864e-5,2.4785667750245052e-5,0.11110961949762602,-0.11110952692144803
10604,24.4140625,-0.1111100278463248,7.499235405898396e-10,2.7384731888222672e-5,3.688615763899398e-5,0.1111100278463248,-0.11110952058799185
10605,9.765625,-0.11111018430896627,1.633976255523496e-10,1.2782708068024929e-5,0.00010023705200041341,0.11111018430896627,-0.11110953431750221
10606,3.90625,-0.1111103272982951,2.631517440574977e-11,5.129831810668823e-6,0.00011118371769647713,0.1111103272982951,-0.11110954762469695
10607,1.5625,-0.11111046170043394,1.5338052178918984e-10,1.2384689006559262e-5,0.00011082011114658785,0.11111046170043394,-0.11110955969281074
10608,0.625,-0.1111105931892722,5.086298110358018e-10,2.255282268444023e-5,0.00010885298678970416,0.1111105931892722,-0.11110957110498529
10609,0.25,-0.11111072384795379,1.0840505667602856e-9,3.2924923185336145e-5,0.00010729049550798565,0.11111072384795379,-0.11110958225984818
10610,0.1,-0.11111085443188713,1.8775581317689096e-9,4.333079888219129e-5,0.00010629364779474223,0.11111085443188713,-0.11110959333190217
10611,0.1,-0.11111098477410984,2.8824170911369032e-9,5.368814665395801e-5,0.00010568525600178047,0.11111098477410984,-0.11110960415144065
10612,0.1,-0.11111111474818884,4.092029149905228e-9,6.39689702113863e-5,0.00010498138334980087,0.11111111474818884,-0.11110961467928165
10613,0.1,-0.11111124422492602,5.499082209077541e-9,7.415579686765924e-5,0.00010418272080511243,0.11111124422492602,-0.11110962487758938
10614,0.1,-0.11111137307264925,7.095581303564338e-9,8.423527351154228e-5,0.00010329010439032704,0.11111137307264925,-0.11110963471002148
10615,0.25,-0.11111149860518246,8.824715717419992e-9,9.393995804459352e-5,0.0001023090547214598,0.11111149860518246,-0.11110964256746866
10616,0.625,-0.11111161410040109,1.0533442725621873e-8,0.00010263256172200844,9.98614184062351e-5,0.11111161410040109,-0.11110964481611756
10617,1.5625,-0.11111170119625832,1.17970338038661e-8,0.00010861415102953252,9.345199200337374e-5,0.11111170119625832,-0.11110963217127474
10618,3.90625,-0.11111171225568853,1.1570738338063684e-8,0.00010756736651077633,7.680382512662029e-5,0.11111171225568853,-0.11110958649456783
10619,9.765625,-0.11111153839562263,8.06245876545543e-9,8.979119536711509e-5,3.676109063635416e-5,0.11111153839562263,-0.11110950211697916
10620,24.4140625,-0.11111097144181874,1.2357369917175448e-10,1.1116370773402373e-5,5.290870346593371e-5,0.11111097144181874,-0.11110955090003473
10621,9.765625,-0.11111000553671499,1.299600939515023e-10,1.1400004120679181e-5,3.0128877031928815e-5,0.11111000553671499,-0.11110955009311281
10622,3.90625,-0.11110964527745268,1.4826881546985006e-10,1.2176568296110774e-5,2.0454324590351218e-5,0.11110964527745268,-0.11110954979138576
10623,1.5625,-0.11110935514353071,1.7133339455574975e-10,1.308943828266705e-5,1.638422861894074e-5,0.11110935514353071,-0.11110954974555087
10624,0.625,-0.11110908315978435,1.985165331482871e-10,1.4089589530865941e-5,1.461558185498805e-5,0.11110908315978435,-0.11110954981814675
10625,1.5625,-0.11110892033137841,2.158224745062225e-10,1.4690897675302979e-5,1.3800190839284185e-5,0.11110892033137841,-0.1111095496236439
10626,3.90625,-0.11110904849634305,1.9975095234553344e-10,1.413332771662546e-5,1.1873133434493135e-5,0.11110904849634305,-0.11110954888476629
10627,9.765625,-0.1111097528966412,1.215000171268718e-10,1.1022704619414955e-5,8.750187917150852e-6,0.1111097528966412,-0.11110954771736316
10628,24.4140625,-0.11111061934988226,2.1015882102515666e-11,4.584308246891309e-6,1.2365042122119938e-5,0.11111061934988226,-0.11110954789057909
10629,9.765625,-0.1111102575302416,4.9726979281808374e-12,2.229954691956955e-6,2.10111669402601e-5,0.1111102575302416,-0.11110954845620881
10630,3.90625,-0.11111014088172406,4.702644006566798e-12,2.1685580477743264e-6,2.1989573724404945e-5,0.11111014088172406,-0.1111095489441259
10631,1.5625,-0.11111005361491688,1.3290001628936556e-11,3.6455454501262985e-6,2.1489461789632887e-5,0.11111005361491688,-0.11110954938078192
10632,0.625,-0.11110997383144981,2.965509966703638e-11,5.4456496092786195e-6,2.0939799738805006e-5,0.11110997383144981,-0.11110954979511603
10633,0.25,-0.11110989631901363,5.3564714380163086e-11,7.318791866159543e-6,2.056269865876109e-5,0.11110989631901363,-0.1111095502015569
10634,0.1,-0.11110981952529575,8.494365163291814e-11,9.216488031398843e-6,2.032924178807585e-5,0.11110981952529575,-0.11110955060547444
10635,0.1,-0.11110974531704781,1.2346583387596357e-10,1.1111518072521124e-5,2.0184165118367145e-5,0.11110974531704781,-0.11110955099877273
10636,0.1,-0.11110967397165299,1.6884490301341305e-10,1.2994033362024782e-5,2.0024841629734103e-5,0.11110967397165299,-0.11110955138027749
10637,0.1,-0.11110960575448951,2.2077268528019365e-10,1.4858421358953099e-5,1.985114572303846e-5,0.11110960575448951,-0.11110955174885415
10638,0.1,-0.11110954091811143,2.789203363128431e-10,1.670090824814157e-5,1.9663035795614094e-5,0.11110954091811143,-0.11110955210341544
10639,0.25,-0.11110948895441727,3.4090132121099554e-10,1.8463513241281993e-5,1.9461953594057554e-5,0.11110948895441727,-0.11110955238273823
10640,0.625,-0.11110947112253335,4.004669011226228e-10,2.001166912385428e-5,1.8989292308458018e-5,0.11110947112253335,-0.1111095524525363
10641,1.5625,-0.11110953969301277,4.4072134888140047e-10,2.099336440119593e-5,1.7793799388574463e-5,0.11110953969301277,-0.11110955197720637
10642,3.90625,-0.11110980291811849,4.219778821813691e-10,2.0542100237837637e-5,1.4816041131428382e-5,0.11110980291811849,-0.11110955033335339
10643,9.765625,-0.11111036587600473,2.8322835430903404e-10,1.6829389600013246e-5,8.746491377406499e-6,0.11111036587600473,-0.11110954745257086
10644,24.4140625,-0.11111072688352024,5.6275184046507594e-11,7.501678748554059e-6,1.3273310754623509e-5,0.11111072688352024,-0.1111095472059371
10645,9.765625,-0.11111046953713044,1.2941669488249888e-11,3.5974531947267764e-6,2.9127690442801105e-5,0.11111046953713044,-0.11110954833313832
10646,3.90625,-0.11111036081652528,4.910447206996157e-12,2.2159528891644236e-6,3.174014434549448e-5,0.11111036081652528,-0.11110954939544175
10647,1.5625,-0.11111027263829841,1.7450642816934544e-11,4.177396655446373e-6,3.14572895417647e-5,0.11111027263829841,-0.1111095503566562
10648,0.625,-0.11111019014449837,4.781186973444444e-11,6.914612768220968e-6,3.082896798394105e-5,0.11111019014449837,-0.11110955126704945
10649,0.25,-0.11111010949483338,9.53813293564767e-11,9.766336537129811e-6,3.03538911897824e-5,0.11111010949483338,-0.11110955215795403
10650,0.1,-0.11111002947890404,1.5998694620167805e-10,1.2648594633463357e-5,3.0052695141389058e-5,0.11111002947890404,-0.11110955304250618
10651,0.1,-0.1111099507499667,2.410395679307651e-10,1.552544904119572e-5,2.9866582544367303e-5,0.1111099507499667,-0.11110955390594537
10652,0.1,-0.11110987348600115,3.379791253711458e-10,1.8384208587022335e-5,2.9655144144357867e-5,0.11110987348600115,-0.11110955474530841
10653,0.1,-0.11110979785975494,4.501909164447862e-10,2.1217702902170778e-5,2.9418500156193634e-5,0.11110979785975494,-0.11110955555773637
10654,0.1,-0.11110972403826296,5.770080503015676e-10,2.4020991867563828e-5,2.9156832827879448e-5,0.11110972403826296,-0.11110955634048798
10655,0.25,-0.11110965697266909,7.137008082906339e-10,2.671517936100437e-5,2.8871847708315502e-5,0.11110965697266909,-0.11110955696403227
10656,0.625,-0.11110960817259229,8.476299716149196e-10,2.9114085450429653e-5,2.817793152468896e-5,0.11110960817259229,-0.11110955713849903
10657,1.5625,-0.11110960674248548,9.43952962933222e-10,3.072381751887649e-5,2.638511600315692e-5,0.11110960674248548,-0.11110955612863607
10658,3.90625,-0.11110971654698323,9.179576434332585e-10,3.0297815819515084e-5,2.179994932546251e-5,0.11110971654698323,-0.11110955252411778
10659,9.765625,-0.11111002101407962,6.288139515418428e-10,2.507616301474057e-5,1.1486844703200761e-5,0.11111002101407962,-0.11110954601106728
10660,24.4140625,-0.1111103519306074,1.2644402328082255e-10,1.1244733135153656e-5,1.7296437403138173e-5,0.1111103519306074,-0.11110954518565354
10661,9.765625,-0.1111103210794934,2.775921337512613e-11,5.268701298719271e-6,4.243337668378406e-5,0.1111103210794934,-0.11110954762044012
10662,3.90625,-0.11111034231316452,7.0039650560034116e-12,2.6465005301347308e-6,4.6670487984961743e-5,0.11111034231316452,-0.11110954994348729
10663,1.5625,-0.11111036773139236,3.198469227731068e-11,5.655501063328578e-6,4.63888618575725e-5,0.11111036773139236,-0.11110955204593433
10664,0.625,-0.11111039398100689,9.654115171232122e-11,9.82553569594662e-6,4.551525396965867e-5,0.11111039398100689,-0.1111095540351269
10665,0.25,-0.11111042047923127,1.9930945136050667e-10,1.4117699931664033e-5,4.484052484772511e-5,0.11111042047923127,-0.11110955598076072
10666,0.1,-0.11111044708666469,3.3992854581952993e-10,1.8437151239264974e-5,4.441348883590135e-5,0.11111044708666469,-0.11110955791265778
10667,0.1,-0.11111047401597707,5.171705805561299e-10,2.2741384754586296e-5,4.415316047611245e-5,0.11111047401597707,-0.11110955979974528
10668,0.1,-0.1111105012862287,7.298502825133074e-10,2.701574138374343e-5,4.3853540290688066e-5,0.1111105012862287,-0.11110956163528031
10669,0.1,-0.11111052891368546,9.766587895719545e-10,3.125154059517633e-5,4.351490684026714e-5,0.11111052891368546,-0.11110956341275689
10670,0.1,-0.11111055691171438,1.2561691542709312e-9,3.5442476694933876e-5,4.3137607645986246e-5,0.11111055691171438,-0.11110956512593247
10671,0.25,-0.11111058616150836,1.5582096614532148e-9,3.947416448074886e-5,4.272404392203799e-5,0.11111058616150836,-0.11110956649127805
10672,0.625,-0.11111061850126286,1.855474879649905e-9,4.307522350087002e-5,4.169790542938426e-5,0.11111061850126286,-0.11110956687130231
10673,1.5625,-0.11111065797234528,2.0724010622334573e-9,4.5523631909519886e-5,3.9020957254912174e-5,0.11111065797234528,-0.11110956464292394
10674,3.90625,-0.11111071009308722,2.024016677250624e-9,4.4989072864981605e-5,3.210685113692953e-5,0.11111071009308722,-0.11110955666408982
10675,9.765625,-0.11111076044223499,1.3973719107237331e-9,3.7381438050504866e-5,1.5926993149691494e-5,0.11111076044223499,-0.11110954210343908
10676,24.4140625,-0.11111065551955586,2.856464745409328e-10,1.6901079093978965e-5,2.4004985225308542e-5,0.11111065551955586,-0.11110953992584792
10677,9.765625,-0.11111050049884351,6.209839593448619e-11,7.88025354506352e-6,6.269410827314842e-5,0.11111050049884351,-0.11110954527894464
10678,3.90625,-0.11111039542147666,1.2105772234662309e-11,3.479335027654323e-6,6.929673851511059e-5,0.11111039542147666,-0.11110955042891794
10679,1.5625,-0.11111030096038793,6.411034525602771e-11,8.006893608386944e-6,6.898810207303938e-5,0.11111030096038793,-0.11110955509392534
10680,0.625,-0.11111020989582665,2.0430735464494598e-10,1.4293612372138331e-5,6.773176446507266e-5,0.11111020989582665,-0.11110955950601892
10681,0.25,-0.11111012006833029,4.2963932085588104e-10,2.072774278246141e-5,6.674712102353373e-5,0.11111012006833029,-0.11110956382002556
10682,0.1,-0.11111003075581956,7.393133911051047e-10,2.7190317966237628e-5,6.612232355687858e-5,0.11111003075581956,-0.11110956810302994
10683,0.1,-0.11110994222113729,1.1306769062558283e-9,3.36255394939e-5,6.574237192224687e-5,0.11110994222113729,-0.11110957228786704
10684,0.1,-0.11110985456511323,1.6011483329847946e-9,4.001435158770906e-5,6.530316611145317e-5,0.11110985456511323,-0.11110957635941256
10685,0.1,-0.11110976788649862,2.1478694043122954e-9,4.634511197863584e-5,6.480513644019862e-5,0.11110976788649862,-0.11110958030306683
10686,0.1,-0.11110968228180522,2.767717233558126e-9,5.260909839142015e-5,6.424880748196539e-5,0.11110968228180522,-0.11110958410481081
10687,0.25,-0.11110960035439071,3.4384096913139557e-9,5.863795435819667e-5,6.363762339274097e-5,0.11110960035439071,-0.11110958713820618
10688,0.625,-0.11110952831933148,4.099998192090865e-9,6.40312282569284e-5,6.211207311803572e-5,0.11110952831933148,-0.1111095879912269
10689,1.5625,-0.1111094824830493,4.586310044229523e-9,6.772230093720623e-5,5.8118997117543096e-5,0.1111094824830493,-0.11110958306183237
10690,3.90625,-0.11110950230256166,4.48951030560963e-9,6.700380814259463e-5,4.7766010840732144e-5,0.11110950230256166,-0.11110956534302599
10691,9.765625,-0.11110966437116777,3.114605684714687e-9,5.5808652418013885e-5,2.312090744024451e-5,0.11110966437116777,-0.11110953280304549
10692,24.4140625,-0.1111100277121495,6.461866010566622e-10,2.542020064941782e-5,3.4475307810290106e-5,0.1111100277121495,-0.11110952741663191
10693,9.765625,-0.11111018514590784,1.4084989798351283e-10,1.1868019968954923e-5,9.320041867098932e-5,0.11111018514590784,-0.11110953927989052
10694,3.90625,-0.11111032362009542,2.3466590928528733e-11,4.8442327492110385e-6,0.00010332956177850234,0.11111032362009542,-0.11110955076669571
10695,1.5625,-0.11111045316512803,1.3409537617892087e-10,1.1579955793478699e-5,0.00010297484947616791,0.11111045316512803,-0.11110956118238582
10696,0.625,-0.11111057972441202,4.417262972375123e-10,2.1017285677211324e-5,0.00010114067064288894,0.11111057972441202,-0.11110957103232821
10697,0.25,-0.11111070540794277,9.394616399535847e-10,3.065063849177672e-5,9.968678419635243e-5,0.11111070540794277,-0.11110958066081611
10698,0.1,-0.1111108309725753,1.6255121438147532e-9,4.031764060327381e-5,9.876023598131507e-5,0.1111108309725753,-0.11110959021834227
10699,0.1,-0.11111095624261995,2.4940509444429663e-9,4.9940474010995995e-5,9.8195330474617e-5,0.11111095624261995,-0.11110959955784658
10700,0.1,-0.11111108109398282,3.539375562763262e-9,5.949265133412077e-5,9.75416456831559e-5,0.11111108109398282,-0.11110960864548756
10701,0.1,-0.11111120540037067,4.7551663298584915e-9,6.895771407071504e-5,9.679982885673213e-5,0.11111120540037067,-0.11110961744858835
10702,0.1,-0.11111132903357086,6.134513176800728e-9,7.832313308851177e-5,9.597066207970899e-5,0.11111132903357086,-0.11110962593576311
10703,0.25,-0.11111144931176788,7.628254682083259e-9,8.733988024999381e-5,9.505926833874817e-5,0.11111144931176788,-0.11110963271621531
10704,0.625,-0.1111115595579832,9.103972532056438e-9,9.541473959539185e-5,9.278422790177904e-5,0.1111115595579832,-0.11110963464999558
10705,1.5625,-0.11111164162501896,1.0194234371514266e-8,0.00010096650123439093,8.682602145610986e-5,0.11111164162501896,-0.11110962371628649
10706,3.90625,-0.11111164887082416,9.995537965293648e-9,9.997768733719363e-5,7.135236906095003e-5,0.11111164887082416,-0.11110958425661592
10707,9.765625,-0.11111147695728302,6.959706919658617e-9,8.342485792411407e-5,3.418002642220405e-5,0.11111147695728302,-0.11110951143600042
10708,24.4140625,-0.11111097358522576,1.0784655949567209e-10,1.0384919811711214e-5,4.936271276515029e-5,0.11111097358522576,-0.11110955364382862
10709,9.765625,-0.11111002047472775,1.1319032161020258e-10,1.0639094022058579e-5,2.8252900834675047e-5,0.11111002047472775,-0.11110955295340229
10710,3.90625,-0.11110966345284647,1.2923141940190007e-10,1.1367999797761262e-5,1.9280390153906844e-5,0.11110966345284647,-0.11110955269746327
10711,1.5625,-0.11110937597490197,1.4946101894619153e-10,1.222542510288258e-5,1.55090775301867e-5,0.11110937597490197,-0.11110955266369216
10712,0.625,-0.11110910651601773,1.7332654630011557e-10,1.3165354013474744e-5,1.3872616690547056e-5,0.11110910651601773,-0.11110955273293806
10713,1.5625,-0.11110894482265302,1.8851489077510636e-10,1.3730072497081228e-5,1.3119073258441886e-5,0.11110894482265302,-0.11110955256856347
10714,3.90625,-0.11110907063406358,1.7431057702625312e-10,1.3202673101544745e-5,1.1342694540216495e-5,0.11110907063406358,-0.11110955192886143
10715,9.765625,-0.1111097665244744,1.0568908481281957e-10,1.0280519676204096e-5,8.498551960025787e-6,0.1111097665244744,-0.11110955091884436
10716,24.4140625,-0.11111062513754538,1.8536708541497694e-11,4.305427800056308e-6,1.1779060666928048e-5,0.11111062513754538,-0.11110955106957048
10717,9.765625,-0.11111026251980263,4.607528994778463e-12,2.1465155472948393e-6,1.9719150812531295e-5,0.11111026251980263,-0.11110955156369588
10718,3.90625,-0.11111014359905663,4.446121437605311e-12,2.1085828031180827e-6,2.0608602866592737e-5,0.11111014359905663,-0.11110955199053606
10719,1.5625,-0.11111005413634549,1.1964632824476965e-11,3.4589930361995474e-6,2.013764907096103e-5,0.11111005413634549,-0.11110955237346024
10720,0.625,-0.11110997219783833,2.6227782625657478e-11,5.121306730284516e-6,1.962553769052295e-5,0.11110997219783833,-0.11110955273732584
10721,0.25,-0.11110989254589934,4.7034564294205974e-11,6.858174997344845e-6,1.927515502904278e-5,0.11110989254589934,-0.11110955309449047
10722,0.1,-0.11110981361776728,7.432023520117491e-11,8.620918466217791e-6,1.9058499143622508e-5,0.11110981361776728,-0.1111095534495315
10723,0.1,-0.11110973727143797,1.0779890543128095e-10,1.0382625170508706e-5,1.8923938326410503e-5,0.11110973727143797,-0.11110955379534167
10724,0.1,-0.11110966378542377,1.472203661574718e-10,1.2133439996862877e-5,1.877622981154954e-5,0.11110966378542377,-0.11110955413090404
10725,0.1,-0.1111095934263251,1.923154336051856e-10,1.3867784019272352e-5,1.8615264292031444e-5,0.1111095934263251,-0.11110955445523656
10726,0.1,-0.1111095264480065,2.427969667490296e-10,1.5581943612689324e-5,1.8441011463131695e-5,0.1111095264480065,-0.11110955476739799
10727,0.25,-0.11110947234502216,2.9657595908088397e-10,1.722138087032756e-5,1.8254819535436233e-5,0.11110947234502216,-0.11110955501414962
10728,0.625,-0.11110945239860125,3.481880729222003e-10,1.8659798308722427e-5,1.7817496611157574e-5,0.11110945239860125,-0.1111095550788485
10729,1.5625,-0.11110951897755744,3.828808708603459e-10,1.956734194673221e-5,1.6712937177745034e-5,0.11110951897755744,-0.11110955467033552
10730,3.90625,-0.11110978077492425,3.661217220241701e-10,1.913430746131592e-5,1.3972416338806588e-5,0.11110978077492425,-0.11110955324939245
10731,9.765625,-0.11111034481679691,2.4531353616601647e-10,1.566248818566247e-5,8.480078493505148e-6,0.11111034481679691,-0.11110955076200345
10732,24.4140625,-0.11111071600230778,4.889776764902793e-11,6.99269387639899e-6,1.2623492869840866e-5,0.11111071600230778,-0.11110955055420803
10733,9.765625,-0.11111046347952773,1.1469343512303198e-11,3.3866419226577818e-6,2.7197840541103134e-5,0.11111046347952773,-0.11110955153206563
10734,3.90625,-0.11111035841842357,4.606468034242875e-12,2.146268397531603e-6,2.9606811873546748e-5,0.11111035841842357,-0.11110955245438554
10735,1.5625,-0.11111027364865284,1.552898926677458e-11,3.940683857755476e-6,2.9339101282700158e-5,0.11111027364865284,-0.1111095532898438
10736,0.625,-0.11111019447680702,4.186008625873024e-11,6.469937113970292e-6,2.875432399348599e-5,0.11111019447680702,-0.11110955408166501
10737,0.25,-0.11111011711664212,8.30710504765313e-11,9.114332146489467e-6,2.831300072289449e-5,0.11111011711664212,-0.11110955485678817
10738,0.1,-0.11111004037658649,1.390136067631277e-10,1.179040316372293e-5,2.803343004093442e-5,0.11111004037658649,-0.1111095556264921
10739,0.1,-0.11110996490520353,2.0917655754654935e-10,1.4462937376153896e-5,2.7860761130396375e-5,0.11110996490520353,-0.11110955637792387
10740,0.1,-0.11110989087785435,2.9307450285906954e-10,1.71194188820494e-5,2.766462018819562e-5,0.11110989087785435,-0.11110955710852118
10741,0.1,-0.11110981846470273,3.9017473085821243e-10,1.9752841083201485e-5,2.7445123815752883e-5,0.11110981846470273,-0.11110955781581296
10742,0.1,-0.11110974783022971,4.998993430868967e-10,2.2358428904708324e-5,2.720244679261033e-5,0.11110974783022971,-0.1111095584974292
10743,0.25,-0.11110968386292232,6.181460079473141e-10,2.486254226637562e-5,2.6938176814608323e-5,0.11110968386292232,-0.11110955904120522
10744,0.625,-0.11110963791975058,7.339549180622365e-10,2.709160235316908e-5,2.6294823861662264e-5,0.11110963791975058,-0.11110955919625144
10745,1.5625,-0.11110963869649375,8.171234073177844e-10,2.858537051216556e-5,2.4633484864973407e-5,0.11110963869649375,-0.11110955832643071
10746,3.90625,-0.11110974902428734,7.942747479147869e-10,2.8182880404862575e-5,2.0391234077353937e-5,0.11110974902428734,-0.11110955521267799
10747,9.765625,-0.1111100500410015,5.43672449267167e-10,2.3316784711172487e-5,1.0929984867489232e-5,0.1111100500410015,-0.11110954958866627
10748,24.4140625,-0.11111036983685599,1.092760204520698e-10,1.0453517133102609e-5,1.629939058400857e-5,0.11111036983685599,-0.11110954888803186
10749,9.765625,-0.11111033171895979,2.4186133611528714e-11,4.917939976405641e-6,3.952263768181909e-5,0.11111033171895979,-0.11110955099529328
10750,3.90625,-0.11111034702015112,6.415324142325566e-12,2.5328490168830764e-6,4.3438371826170825e-5,0.11111034702015112,-0.11110955300541221
10751,1.5625,-0.11111036695303049,2.8144811979732525e-11,5.305168421429476e-6,4.3169793925725326e-5,0.11111036695303049,-0.11110955482526734
10752,0.625,-0.11111038786389953,8.405793125731182e-11,9.168311254386591e-6,4.235586351772928e-5,0.11111038786389953,-0.11110955654756538
10753,0.25,-0.11111040906975823,1.7297850444191113e-10,1.315212927407236e-5,4.1728288872996464e-5,0.11111040906975823,-0.11110955823240007
10754,0.1,-0.11111043039603907,2.9459522902600134e-10,1.7163776653930256e-5,4.1331347175333805e-5,0.11111043039603907,-0.11110955990545159
10755,0.1,-0.11111045206255098,4.478445311396777e-10,2.116233756322013e-5,4.108944057582397e-5,0.11111045206255098,-0.11110956153975908
10756,0.1,-0.11111047409367934,6.317007010816793e-10,2.5133656739155156e-5,4.081107809432178e-5,0.11111047409367934,-0.11110956312949992
10757,0.1,-0.11111049651104711,8.450312300598958e-10,2.9069420875894583e-5,4.049652038313793e-5,0.11111049651104711,-0.11110956466905632
10758,0.1,-0.11111051933340466,1.0866015746972182e-9,3.296364019184195e-5,4.0146092791158314e-5,0.11111051933340466,-0.11110956615303805
10759,0.25,-0.11111054355875748,1.3476069490617666e-9,3.6709766398899446e-5,3.9762030457811766e-5,0.11111054355875748,-0.11110956733627407
10760,0.625,-0.1111105713143467,1.6044160225306637e-9,4.005516224571639e-5,3.880924377876554e-5,0.1111105713143467,-0.11110956766769081
10761,1.5625,-0.11111060742113339,1.7916447819808017e-9,4.2327825150612236e-5,3.632432373879252e-5,0.11111060742113339,-0.11110956574457537
10762,3.90625,-0.11111065937217844,1.7492976678115217e-9,4.182460600904116e-5,2.9911024143381463e-5,0.11111065937217844,-0.11110955885319276
10763,9.765625,-0.11111071700884427,1.206963397304912e-9,3.474137874789819e-5,1.4968655296889832e-5,0.11111071700884427,-0.111109546284258
10764,24.4140625,-0.1111106322226788,2.463798203599846e-10,1.5696490702064096e-5,2.2488411645484205e-5,0.1111106322226788,-0.11110954442946515
10765,9.765625,-0.11111048683780694,5.371232425317893e-11,7.3288692342802055e-6,5.831611391478556e-5,0.11111048683780694,-0.11110954905608816
10766,3.90625,-0.11111038989094561,1.0856745145035706e-11,3.2949575331156706e-6,6.442624794018556e-5,0.11111038989094561,-0.11110955350458195
10767,1.5625,-0.11111030299143897,5.604163934530604e-11,7.486096402351899e-6,6.413069784152374e-5,0.11111030299143897,-0.11110955753432462
10768,0.625,-0.11111021928061957,1.7735989211218612e-10,1.3317653401113356e-5,6.296029495119523e-5,0.11111021928061957,-0.1111095613460089
10769,0.25,-0.11111013672194207,3.7217668349519615e-10,1.9291881284498826e-5,6.204442405288825e-5,0.11111013672194207,-0.111109565073246
10770,0.1,-0.11111005463629835,6.398094638239064e-10,2.529445519919151e-5,6.146365052645186e-5,0.11111005463629835,-0.11110956877386205
10771,0.1,-0.11110997328046752,9.77963496606794e-10,3.127240791187647e-5,6.11106358243062e-5,0.11110997328046752,-0.11110957238968382
10772,0.1,-0.11110989275002219,1.3844073246481949e-9,3.720762454992518e-5,6.0702590514282596e-5,0.11110989275002219,-0.11110957590765506
10773,0.1,-0.11110981313857675,1.856670413448088e-9,4.3089098545317563e-5,6.023991628399612e-5,0.11110981313857675,-0.11110957931517332
10774,0.1,-0.11110973453762078,2.3920536300616006e-9,4.890862531355385e-5,5.972310284096456e-5,0.11110973453762078,-0.11110958260013765
10775,0.25,-0.11110965942681017,2.9712865139002967e-9,5.4509508472378436e-5,5.915535197251247e-5,0.11110965942681017,-0.11110958522127197
10776,0.625,-0.11110959371670077,3.542530444550571e-9,5.951916031456232e-5,5.773811153394079e-5,0.11110959371670077,-0.11110958595880285
10777,1.5625,-0.11110955288516963,3.962112954113198e-9,6.294531717382318e-5,5.402884592166053e-5,0.11110955288516963,-0.11110958170175421
10778,3.90625,-0.11110957420469941,3.8775188032921024e-9,6.226972621822021e-5,4.441520601054659e-5,0.11110957420469941,-0.11110956640166654
10779,9.765625,-0.111109728897155,2.688527335329947e-9,5.185101093836018e-5,2.1580768129219993e-5,0.111109728897155,-0.11110953832220163
10780,24.4140625,-0.11111006525907714,5.568475690362213e-10,2.3597617867831942e-5,3.218796003995532e-5,0.11111006525907714,-0.11110953372523749
10781,9.765625,-0.11111020613543937,1.2141482036435162e-10,1.101883933834919e-5,8.662979054836764e-5,0.11111020613543937,-0.1111095439703186
10782,3.90625,-0.11111033134077898,2.0719343862532738e-11,4.551850597562791e-6,9.600948865891186e-5,0.11111033134077898,-0.11110955388311358
10783,1.5625,-0.11111044860691043,1.1675272218767582e-10,1.0805217359575689e-5,9.566805054543723e-5,0.11111044860691043,-0.11110956287064618
10784,0.625,-0.11111056319616185,3.8277518387332867e-10,1.95646411639296e-5,9.395937629354323e-5,0.11111056319616185,-0.11110957137019083
10785,0.25,-0.11111067699225698,8.128427046407865e-10,2.8510396430789708e-5,9.260683133580896e-5,0.11111067699225698,-0.11110957967893044
10786,0.1,-0.11111079067240313,1.4054140422365973e-9,3.748885223952045e-5,9.174529620709112e-5,0.11111079067240313,-0.11110958792662881
10787,0.1,-0.11111090408250253,2.1554511025010906e-9,4.6426836016479635e-5,9.122016394904404e-5,0.11111090408250253,-0.11110959598606396
10788,0.1,-0.11111101711173221,3.0580267865120155e-9,5.529942844652208e-5,9.0612569457454e-5,0.11111101711173221,-0.11110960382803664
10789,0.1,-0.11111112964728409,4.1076811661367035e-9,6.409119413879494e-5,8.992311572393582e-5,0.11111112964728409,-0.11110961142435452
10790,0.1,-0.11111124157461094,5.298444644516365e-9,7.279041588366126e-5,8.915253135461145e-5,0.11111124157461094,-0.1111096187479404
10791,0.25,-0.11111135050290456,6.587828732668715e-9,8.116544050683588e-5,8.830558102691314e-5,0.11111135050290456,-0.11110962459779708
10792,0.625,-0.11111145047368069,7.86140491045895e-9,8.866456400647865e-5,8.619154668144098e-5,0.11111145047368069,-0.11110962626302759
10793,1.5625,-0.1111115252695186,8.801699071944557e-9,9.381737084327484e-5,8.065553568260108e-5,0.1111115252695186,-0.11110961682003802
10794,3.90625,-0.11111153306971608,8.628241698676847e-9,9.288832918443978e-5,6.628143601247843e-5,0.11111153306971608,-0.11110958275887309
10795,9.765625,-0.11111137948867715,6.004631932893989e-9,7.748956015421684e-5,3.1789978865930874e-5,0.11111137948867715,-0.11110951994313127
10796,24.4140625,-0.11111090446728054,9.353985840863002e-11,9.671600612547543e-6,4.6006447213831695e-5,0.11111090446728054,-0.11110955643355278
10797,9.765625,-0.11111005490457225,9.82623537102696e-11,9.912736943461659e-6,2.6332370748875114e-5,0.11111005490457225,-0.11110955583262346
10798,3.90625,-0.11110973759318217,1.1201151872580711e-10,1.058354943890787e-5,1.803461992157483e-5,0.11110973759318217,-0.11110955561436678
10799,1.5625,-0.11110948213602805,1.2934944379876664e-10,1.1373189693255215e-5,1.4574986530737126e-5,0.11110948213602805,-0.11110955558967418
10800,0.625,-0.11110924269021841,1.4979462234932023e-10,1.2239061334486409e-5,1.308298594906805e-5,0.11110924269021841,-0.11110955565447904
10801,1.5625,-0.1111090993492252,1.627908310015562e-10,1.2758951014936776e-5,1.2398219926503077e-5,0.1111090993492252,-0.11110955551793299
10802,3.90625,-0.11110921226574737,1.5061290136065287e-10,1.2272444799658007e-5,1.0792590715797462e-5,0.11110921226574737,-0.11110955497121043
10803,9.765625,-0.11110983274984865,9.162472127671367e-11,9.572080300369072e-6,8.252943641744637e-6,0.11110983274984865,-0.1111095541017405
10804,24.4140625,-0.11111059559666835,1.6249405389584227e-11,4.031055121129483e-6,1.1213494287201914e-5,0.11111059559666835,-0.1111095542323564
10805,9.765625,-0.11111027357138015,4.2837812898303456e-12,2.0697297625125714e-6,1.8478718315616276e-5,0.11111027357138015,-0.11110955466121057
10806,3.90625,-0.11111016891889919,4.1496601110611334e-12,2.0370714545791303e-6,1.9297255266271918e-5,0.11111016891889919,-0.11110955503418522
10807,1.5625,-0.11111009040389648,1.0643484826882273e-11,3.2624354134422756e-6,1.886326598415768e-5,0.11111009040389648,-0.11110955537000117
10808,0.625,-0.11111001855333512,2.295867860918025e-11,4.791521533832468e-6,1.839152516678703e-5,0.11111001855333512,-0.11110955568966407
10809,0.25,-0.11110994872580013,4.0921635511008446e-11,6.397002072143517e-6,1.8068895626019604e-5,0.11110994872580013,-0.11110955600366465
10810,0.1,-0.11110987953789271,6.447640498563989e-11,8.02972010630756e-6,1.7869476589925627e-5,0.11110987953789271,-0.11110955631588326
10811,0.1,-0.1111098126461283,9.337706923158201e-11,9.663181113462688e-6,1.7745665308091073e-5,0.1111098126461283,-0.11110955662013576
10812,0.1,-0.1111097482975153,1.274081635249159e-10,1.1287522470627286e-5,1.7609765519171945e-5,0.1111097482975153,-0.11110955691554428
10813,0.1,-0.11110968672843158,1.6633785865489531e-10,1.289720352072089e-5,1.746168121163427e-5,0.11110968672843158,-0.11110955720126055
10814,0.1,-0.11110962816389514,2.0991882866467044e-10,1.4488575798354732e-5,1.7301389771568976e-5,0.11110962816389514,-0.11110955747647216
10815,0.25,-0.1111095810432374,2.563530785376417e-10,1.6011029902465415e-5,1.7130136553397743e-5,0.1111095810432374,-0.11110955769516873
10816,0.625,-0.11110956427410962,3.009354732863239e-10,1.7347491844250103e-5,1.672793980002792e-5,0.11110956427410962,-0.11110955775656238
10817,1.5625,-0.11110962436178638,3.309533986289833e-10,1.8192124632075918e-5,1.5712775570227074e-5,0.11110962436178638,-0.11110955740897598
10818,3.90625,-0.11110985770717483,3.165957876043408e-10,1.7793138778875995e-5,1.32002876722259e-5,0.11110985770717483,-0.11110955618578708
10819,9.765625,-0.11111035845659001,2.1226445706190202e-10,1.456929844096489e-5,8.224334519966921e-6,0.11111035845659001,-0.11110955403885206
10820,24.4140625,-0.11111068319238344,4.244532753268364e-11,6.515007868965596e-6,1.1978419927509716e-5,0.11111068319238344,-0.11110955386141036
10821,9.765625,-0.11111045666231086,1.0193077726667662e-11,3.192659976675822e-6,2.539517628770891e-5,0.11111045666231086,-0.11110955470891466
10822,3.90625,-0.11111036180474312,4.311639879261239e-12,2.076448862664631e-6,2.76174051312189e-5,0.11111036180474312,-0.11110955550969132
10823,1.5625,-0.1111102850902845,1.3787244432762886e-11,3.7131178856538997e-6,2.7366405610733943e-5,0.1111102850902845,-0.11110955623608437
10824,0.625,-0.11111021338517556,3.656957545886756e-11,6.047278351363327e-6,2.6823737746785842e-5,0.11111021338517556,-0.11110955692508946
10825,0.25,-0.11111014330155754,7.220276771450049e-11,8.497221176037522e-6,2.6414702329842282e-5,0.11111014330155754,-0.11110955759981027
10826,0.1,-0.11111007377263492,1.20559019960429e-10,1.0979937156488145e-5,2.615574309640703e-5,0.11111007377263492,-0.11110955826991264
10827,0.1,-0.11111000537867126,1.8119624781813735e-10,1.3460915563888562e-5,2.5995875081765704e-5,0.11111000537867126,-0.1111095589242284
10828,0.1,-0.11110993827679644,2.5369493203809705e-10,1.592780374182508e-5,2.5814292622877803e-5,0.11110993827679644,-0.11110955956054436
10829,0.1,-0.11110987261951165,3.3759468599534545e-10,1.8373749916534336e-5,2.5611107333882622e-5,0.11110987261951165,-0.1111095601767262
10830,0.1,-0.11110980855426204,4.3239609090965526e-10,2.0794135974107104e-5,2.5386485403430816e-5,0.11110980855426204,-0.11110956077072852
10831,0.25,-0.11110975045852474,5.345523060981249e-10,2.312038723936355e-5,2.5141901601895636e-5,0.11110975045852474,-0.11110956124557081
10832,0.625,-0.11110970850412305,6.345883053091058e-10,2.5191036209515197e-5,2.4546498020510202e-5,0.11110970850412305,-0.11110956138439826
10833,1.5625,-0.11110970839900855,7.06393956207832e-10,2.6578072846010337e-5,2.3009608627442298e-5,0.11110970839900855,-0.11110956063743899
10834,3.90625,-0.1111098064709493,6.865372793854233e-10,2.6201856411052696e-5,1.9091019027911964e-5,0.1111098064709493,-0.11110955795142072
10835,9.765625,-0.11111007572526235,4.698079243296263e-10,2.167505304098761e-5,1.042481071371037e-5,0.11111007572526235,-0.11110955309778382
10836,24.4140625,-0.1111103639768236,9.449080562208151e-11,9.720638128337127e-6,1.5356975517749526e-5,0.1111103639768236,-0.11110955249925017
10837,9.765625,-0.11111033260427901,2.113255924007093e-11,4.5970163410706875e-6,3.680897610585583e-5,0.11111033260427901,-0.1111095543220142
10838,3.90625,-0.11111034846771033,5.882737407970151e-12,2.425435508928273e-6,4.0430571337987965e-5,0.11111034846771033,-0.1111095560613697
10839,1.5625,-0.11111036829257799,2.473137023155259e-11,4.9730644708823745e-6,4.017708442160428e-5,0.11111036829257799,-0.11110955763695483
10840,0.625,-0.11111038893079037,7.30917865673311e-11,8.549373460513413e-6,3.9420279638486695e-5,0.11111038893079037,-0.11110955912860748
10841,0.25,-0.11111040981043635,1.499500466045403e-10,1.2245409205271185e-5,3.883744921229694e-5,0.11111040981043635,-0.11110956058807006
10842,0.1,-0.11111043078890452,2.550380324828994e-10,1.5969910221504044e-5,3.846900991428077e-5,0.11111043078890452,-0.1111095620374377
10843,0.1,-0.11111045206155863,3.8743613917446463e-10,1.9683397551603346e-5,3.82445622507722e-5,0.11111045206155863,-0.11110956345334182
10844,0.1,-0.11111047364844508,5.462580297121625e-10,2.3372163565065225e-5,3.798630133403673e-5,0.11111047364844508,-0.11110956483075579
10845,0.1,-0.11111049556715084,7.305251071438501e-10,2.7028227968992902e-5,3.7694472046604464e-5,0.11111049556715084,-0.1111095661648294
10846,0.1,-0.11111051783271463,9.39170633589064e-10,3.064589097397992e-5,3.73693797820672e-5,0.11111051783271463,-0.11110956745090933
10847,0.25,-0.11111054129968936,1.1645826758511008e-9,3.4125982415911496e-5,3.7013101115587386e-5,0.11111054129968936,-0.11110956847714652
10848,0.625,-0.11111056777596225,1.3863334161792048e-9,3.723349857559997e-5,3.6129219990850405e-5,0.11111056777596225,-0.11110956876747646
10849,1.5625,-0.11111060131712058,1.5479078928977227e-9,3.9343460611615275e-5,3.382446656831617e-5,0.11111060131712058,-0.11110956711030628
10850,3.90625,-0.11111064797016934,1.5110400469823473e-9,3.8872098566739965e-5,2.7880685856159125e-5,0.11111064797016934,-0.1111095611625501
10851,9.765625,-0.11111069719824174,1.0421866296627407e-9,3.228291544552228e-5,1.4096572128500577e-5,0.11111069719824174,-0.11110955031641118
10852,24.4140625,-0.1111106145041337,2.1263273542430382e-10,1.4581931813868278e-5,2.1063802927591393e-5,0.1111106145041337,-0.11110954872985904
10853,9.765625,-0.11111048111476537,4.6543047613474995e-11,6.822246522478867e-6,5.423938852667787e-5,0.11111048111476537,-0.11110955272720596
10854,3.90625,-0.11111039156122916,9.73775431014211e-12,3.1205375034025963e-6,5.989800751488859e-5,0.11111039156122916,-0.1111095565698932
10855,1.5625,-0.11111031118367747,4.890917655611866e-11,6.993509602203937e-6,5.9617943221125e-5,0.11111031118367747,-0.11110956005142264
10856,0.625,-0.11111023372185694,1.5378735330201347e-10,1.2401102906677835e-5,5.852906265927319e-5,0.11111023372185694,-0.11110956334504682
10857,0.25,-0.11111015731087673,3.221013465047522e-10,1.7947182132712428e-5,5.767792097425185e-5,0.11111015731087673,-0.11110956656598148
10858,0.1,-0.11111008132788691,5.532634652043407e-10,2.352155320560997e-5,5.7138468311744745e-5,0.11111008132788691,-0.1111095697640523
10859,0.1,-0.11111000600489139,8.452905952551047e-10,2.9073881668176073e-5,5.681070103305297e-5,0.11111000600489139,-0.11110957288891858
10860,0.1,-0.11110993142971126,1.196255349613552e-9,3.458692454690865e-5,5.6431841438093006e-5,0.11110993142971126,-0.11110957592931239
10861,0.1,-0.1111098576884398,1.6040238812907479e-9,4.005026693157922e-5,5.6002264713635096e-5,0.1111098576884398,-0.11110957887435602
10862,0.1,-0.11110978486529073,2.0662649396386188e-9,4.5456187033654934e-5,5.55224281579113e-5,0.11110978486529073,-0.11110958171360641
10863,0.25,-0.11110971522749948,2.566326249867303e-9,5.065892073334471e-5,5.4995306163532404e-5,0.11110971522749948,-0.11110958397959587
10864,0.625,-0.11110965418496946,3.0594161978066965e-9,5.531198963883596e-5,5.367935134160515e-5,0.11110965418496946,-0.11110958461906802
10865,1.5625,-0.1111096159162676,3.4214045806472204e-9,5.849277374725206e-5,5.023541274201436e-5,0.1111096159162676,-0.11110958094611298
10866,3.90625,-0.1111096346147367,3.347781174750791e-9,5.786001360828384e-5,4.1312738858511e-5,0.1111096346147367,-0.11110956774061617
10867,9.765625,-0.11110977587438438,2.3203558857267193e-9,4.817007251112167e-5,2.0169330232641836e-5,0.11110977587438438,-0.1111095435141826
10868,24.4140625,-0.1111100856459896,4.801164253409328e-10,2.1911559171837425e-5,3.0042124225857623e-5,0.1111100856459896,-0.11110953957813091
10869,9.765625,-0.11111021676384657,1.0480982914599096e-10,1.023766717304245e-5,8.051689402589677e-5,0.11111021676384657,-0.11110954842354465
10870,3.90625,-0.11111033304144262,1.829409642308737e-11,4.277159854750272e-6,8.920876196531546e-5,0.11111033304144262,-0.11110955697850494
10871,1.5625,-0.11111044190862064,1.0150122866572909e-10,1.0074781817276694e-5,8.888395133008809e-5,0.11111044190862064,-0.11110956473487735
10872,0.625,-0.1111105482701209,3.31372513218446e-10,1.8203640109012428e-5,8.729400023282309e-5,0.1111105482701209,-0.11110957207048348
10873,0.25,-0.11111065387779888,7.027850341392134e-10,2.651009306168527e-5,8.603668757945881e-5,0.11111065387779888,-0.11110957924171448
10874,0.1,-0.11111075936082915,1.2144112858717489e-9,3.484840435187455e-5,8.523614758859955e-5,0.11111075936082915,-0.11110958636044106
10875,0.1,-0.11111086457902099,1.861898730740705e-9,4.314972457317317e-5,8.474833586125147e-5,0.11111086457902099,-0.11110959331667648
10876,0.1,-0.11111096943033306,2.6409928349365717e-9,5.1390590918343914e-5,8.418394017080472e-5,0.11111096943033306,-0.11110960008522808
10877,0.1,-0.11111107381100292,3.5469791414214416e-9,5.955652056174405e-5,8.354352232585882e-5,0.11111107381100292,-0.11110960664177282
10878,0.1,-0.11111117761575584,4.574703278850658e-9,6.76365528309261e-5,8.282776109485524e-5,0.11111117761575584,-0.1111096129629502
10879,0.25,-0.11111127864071427,5.687464899264293e-9,7.541528292902104e-5,8.204108358576466e-5,0.11111127864071427,-0.11110961801197153
10880,0.625,-0.11111137139404545,6.786432743996081e-9,8.237980786573905e-5,8.00774043436792e-5,0.11111137139404545,-0.11110961944893753
10881,1.5625,-0.11111144092858287,7.59743006243932e-9,8.716323802176764e-5,7.493535781127648e-5,0.11111144092858287,-0.1111096112985348
10882,3.90625,-0.11111144868356655,7.4465428322998365e-9,8.629335334948942e-5,6.158679517896253e-5,0.11111144868356655,-0.11110958190511921
10883,9.765625,-0.11111130747808326,5.180415551211166e-9,7.197510369017308e-5,2.959428645620752e-5,0.11111130747808326,-0.11110952772126655
10884,24.4140625,-0.11111086381464226,8.121859560414381e-11,9.01213601784526e-6,4.286132164078667e-5,0.11111086381464226,-0.11110955925180051
10885,9.765625,-0.11111008147807336,8.530328948136458e-11,9.23597799268516e-6,2.458589786055029e-5,0.11111008147807336,-0.11110955873297804
10886,3.90625,-0.11110978935120365,9.714890925496706e-11,9.856414624749055e-6,1.692091684032611e-5,0.11110978935120365,-0.11110955854828294
10887,1.5625,-0.11110955418266379,1.1209026389361632e-10,1.0587268953493923e-5,1.3745911343911301e-5,0.11110955418266379,-0.11110955853189124
10888,0.625,-0.11110933375566079,1.2970909708781737e-10,1.1388990169800717e-5,1.23837975228177e-5,0.11110933375566079,-0.11110955859320634
10889,1.5625,-0.11110920182042788,1.4089698500831131e-10,1.1870003580804486e-5,1.1760510929224172e-5,0.11110920182042788,-0.11110955848043032
10890,3.90625,-0.11110930582735067,1.3037105476681986e-10,1.1418014484437295e-5,1.0305998342981642e-5,0.11110930582735067,-0.11110955801288727
10891,9.765625,-0.11110987705150803,7.943786399014746e-11,8.912792154546601e-6,8.034490818494463e-6,0.11110987705150803,-0.11110955726496431
10892,24.4140625,-0.11111057856898499,1.4314183892789569e-11,3.783409030595234e-6,1.0700372960375175e-5,0.11111057856898499,-0.11110955737732604
10893,9.765625,-0.11111028153978186,4.005870344577611e-12,2.0014670480868807e-6,1.7339702279692286e-5,0.11111028153978186,-0.11110955775030765
10894,3.90625,-0.1111101850329274,3.903478512236743e-12,1.9757222760896185e-6,1.809004959226635e-5,0.1111101850329274,-0.11110955807676864
10895,1.5625,-0.11111011261918946,9.523105524931074e-12,3.085952936279339e-6,1.768898573755745e-5,0.11111011261918946,-0.11110955837185447
10896,0.625,-0.11111004634717093,2.0168877257246318e-11,4.49097731649207e-6,1.7254138679900484e-5,0.11111004634717093,-0.11110955865328936
10897,0.25,-0.11110998193896406,3.5691061983198567e-11,5.974199693950527e-6,1.6957013870306688e-5,0.11110998193896406,-0.11110955892995804
10898,0.1,-0.11110991811966853,5.604140352970008e-11,7.486080652096936e-6,1.6773458433825962e-5,0.11110991811966853,-0.11110955920513874
10899,0.1,-0.11110985641797533,8.100748433224713e-11,9.000415786631589e-6,1.665953673086734e-5,0.11110985641797533,-0.1111095594734387
10900,0.1,-0.11110979706164022,1.104032193288803e-10,1.050729362532904e-5,1.6534516561585012e-5,0.11110979706164022,-0.11110955973409979
10901,0.1,-0.11110974026860865,1.4402839179289142e-10,1.2001182933065032e-5,1.6398314901380296e-5,0.11110974026860865,-0.1111095599863902
10902,0.1,-0.11110968624634972,1.8166940139153205e-10,1.3478479194313135e-5,1.625091710276456e-5,0.11110968624634972,-0.11110956022960763
10903,0.25,-0.11110964277891619,2.21773183036706e-10,1.4892051001682274e-5,1.609347510219234e-5,0.11110964277891619,-0.11110956042395997
10904,0.625,-0.11110962730490001,2.6027546711605877e-10,1.6133055107947122e-5,1.572384446323236e-5,0.11110962730490001,-0.1111095604823188
10905,1.5625,-0.1111096827144737,2.8619421018926343e-10,1.6917275495459173e-5,1.4791819867601897e-5,0.1111096827144737,-0.11110956018712533
10906,3.90625,-0.1111098979069223,2.7377118443049564e-10,1.654603228663886e-5,1.2492630058292857e-5,0.1111098979069223,-0.11110955913497646
10907,9.765625,-0.11111035966126268,1.835954827661856e-10,1.3549741059008678e-5,8.00283895705573e-6,0.11111035966126268,-0.11110955728391614
10908,24.4140625,-0.11111065892016088,3.6899701058024075e-11,6.074512413192031e-6,1.1394303197168352e-5,0.11111065892016088,-0.11110955713156112
10909,9.765625,-0.11111045022708155,9.09238645925092e-12,3.0153584296482765e-6,2.3720824922484854e-5,0.11111045022708155,-0.11110955786613701
10910,3.90625,-0.11111036295861422,4.045626928234741e-12,2.011374387883753e-6,2.5770804850564565e-5,0.11111036295861422,-0.11110955856175474
10911,1.5625,-0.11111029240959511,1.2254989980016714e-11,3.5007127817084214e-6,2.5536334078073542e-5,0.11111029240959511,-0.1111095591938131
10912,0.625,-0.11111022647465643,3.1951657009281164e-11,5.652579677393425e-6,2.5033408517302264e-5,0.11111022647465643,-0.11110955979388902
10913,0.25,-0.11111016203229651,6.274258813031436e-11,7.921021911995595e-6,2.4654722471248142e-5,0.11111016203229651,-0.11110956038176324
10914,0.1,-0.111110098099735,1.0451766567693599e-10,1.0223388170119337e-5,2.4415107347968194e-5,0.111110098099735,-0.11110956096570843
10915,0.1,-0.11111003521276508,1.5689479019834618e-10,1.252576505441269e-5,2.4267242214088992e-5,0.11111003521276508,-0.11110956153602086
10916,0.1,-0.11110997351625512,2.195115401922835e-10,1.4815921847535626e-5,2.4099305079795943e-5,0.11110997351625512,-0.11110956209079077
10917,0.1,-0.1111099131508103,2.9197019801028935e-10,1.7087135453618005e-5,2.391140346810143e-5,0.1111099131508103,-0.11110956262817542
10918,0.1,-0.1111098542523788,3.738393356674611e-10,1.9334925282179423e-5,2.3703696091392853e-5,0.1111098542523788,-0.11110956314640894
10919,0.25,-0.11110980085797563,4.620536343024571e-10,2.1495432870785762e-5,2.3477551973577972e-5,0.11110980085797563,-0.11110956356167846
10920,0.625,-0.11110976234759962,5.484250165717927e-10,2.341847596603572e-5,2.2927067568464915e-5,0.11110976234759962,-0.11110956368663125
10921,1.5625,-0.11110976242574903,6.103914034631896e-10,2.4706100531309863e-5,2.150679617258176e-5,0.11110976242574903,-0.11110956304635183
10922,3.90625,-0.11110985301601999,5.931484739195527e-10,2.4354639679526214e-5,1.7891737647390363e-5,0.11110985301601999,-0.11110956073120531
10923,9.765625,-0.11111010131525917,4.0584014826644e-10,2.014547463492583e-5,9.970323328969477e-6,0.11111010131525917,-0.1111095565446504
10924,24.4140625,-0.11111036642088123,8.175495527643683e-11,9.041844683273254e-6,1.448341257365888e-5,0.11111036642088123,-0.11110955603158555
10925,9.765625,-0.1111103370663165,1.8509367399688294e-11,4.302251433806292e-6,3.428437898969552e-5,0.1111103370663165,-0.11110955760789223
10926,3.90625,-0.11111035143657892,5.409016590756959e-12,2.3257292599864156e-6,3.763447786037593e-5,0.11111035143657892,-0.11110955911312431
10927,1.5625,-0.11111036948222337,2.1734037800325376e-11,4.6619778850103284e-6,3.739633928558826e-5,0.11111036948222337,-0.11110956047758563
10928,0.625,-0.11111038828298864,6.35280624310682e-11,7.970449324289579e-6,3.6693354303466776e-5,0.11111038828298864,-0.11110956176989928
10929,0.25,-0.11111040730645794,1.2991693444855407e-10,1.1398111003519578e-5,3.615246772468888e-5,0.11111040730645794,-0.1111095630345702
10930,0.1,-0.11111042641941378,2.206696099695186e-10,1.4854952371836088e-5,3.5810677531791824e-5,0.11111042641941378,-0.11110956429059225
10931,0.1,-0.11111044580319884,3.349914591150567e-10,1.830277189703944e-5,3.5602514460772196e-5,0.11111044580319884,-0.11110956551772316
10932,0.1,-0.11111046547666592,4.72116948750691e-10,2.1728252316987924e-5,3.536300962837162e-5,0.11111046547666592,-0.1111095667116241
10933,0.1,-0.11111048545641568,6.312008915717076e-10,2.5123711739544132e-5,3.509239317640584e-5,0.11111048545641568,-0.11110956786810995
10934,0.1,-0.1111105057566998,8.113220050151369e-10,2.8483714733425078e-5,3.479095188311717e-5,0.1111105057566998,-0.11110956898316492
10935,0.25,-0.1111105271744515,1.0059040388861608e-9,3.171599027125215e-5,3.4460615138846265e-5,0.1111105271744515,-0.11110956987382498
10936,0.625,-0.11111055139809456,1.197300064067653e-9,3.4602023988022043e-5,3.364115584302271e-5,0.11111055139809456,-0.11110957012902155
10937,1.5625,-0.11111058222274962,1.3366925978123863e-9,3.656080685395751e-5,3.150493583849496e-5,0.11111058222274962,-0.11110956870270677
10938,3.90625,-0.11111062535230165,1.3046668711202694e-9,3.612017263414268e-5,2.6000536120988436e-5,0.11111062535230165,-0.11110956357252212
10939,9.765625,-0.11111067127229779,8.99620105671389e-10,2.9993667759568668e-5,1.33008744607079e-5,0.11111067127229779,-0.11110955421664616
10940,24.4140625,-0.11111059582365752,1.835516994358218e-10,1.3548125310751365e-5,1.9736252430764495e-5,0.11111059582365752,-0.11110955285674172
10941,9.765625,-0.11111047287079617,4.038110160404866e-11,6.3546126242319966e-6,5.0445114628072126e-5,0.11111047287079617,-0.11110955630939512
10942,3.90625,-0.11111039039503226,8.748457589878912e-12,2.957779165164112e-6,5.568658555484235e-5,0.11111039039503226,-0.11110955962855805
10943,1.5625,-0.11111031637921835,4.266266110304053e-11,6.531666028130995e-6,5.542249087402352e-5,0.11111031637921835,-0.11110956263651105
10944,0.625,-0.11111024504721972,1.332671404415057e-10,1.1544138791677173e-5,5.44101968394023e-5,0.11111024504721972,-0.11110956548262695
10945,0.25,-0.11111017467874454,2.7860449429659985e-10,1.6691449736215242e-5,5.361959829940553e-5,0.11111017467874454,-0.11110956826618888
10946,0.1,-0.11111010469918664,4.781684943263363e-10,2.1867064145109565e-5,5.311870687690894e-5,0.11111010469918664,-0.11110957103011047
10947,0.1,-0.1111100353234492,7.302462736738696e-10,2.7023069286701493e-5,5.281445137211774e-5,0.1111100353234492,-0.11110957373085345
10948,0.1,-0.11110996663285617,1.0331737929592593e-9,3.214302090593321e-5,5.2462780174258374e-5,0.11110996663285617,-0.11110957635869542
10949,0.1,-0.1111098987071697,1.3851088059154569e-9,3.72170499356875e-5,5.2064043643577604e-5,0.1111098987071697,-0.11110957890425227
10950,0.1,-0.11110983162445585,1.784038681323167e-9,4.223788206483804e-5,5.161866876360761e-5,0.11110983162445585,-0.11110958135851416
10951,0.25,-0.11110976748163201,2.2155820412996657e-9,4.706996963351119e-5,5.1129418730027334e-5,0.11110976748163201,-0.11110958331793193
10952,0.625,-0.11110971128280518,2.6410583810597174e-9,5.13912286393283e-5,4.990798133497077e-5,0.11110971128280518,-0.11110958387340326
10953,1.5625,-0.11110967614199425,2.953280905893656e-9,5.434409724978101e-5,4.671173889344275e-5,0.11110967614199425,-0.11110958070688348
10954,3.90625,-0.11110969366817,2.8893424398231244e-9,5.375260402829917e-5,3.8434232159260795e-5,0.11110969366817,-0.1111095693144828
10955,9.765625,-0.11110982435931514,2.0020488079496244e-9,4.474426005589571e-5,1.8870517438464367e-5,0.11110982435931514,-0.11110954841862225
10956,24.4140625,-0.11111010975924016,4.1400412659237747e-10,2.034709135459851e-5,2.8039019064071817e-5,0.11111010975924016,-0.11110954504358915
10957,9.765625,-0.11111023014309512,9.053585077045469e-11,9.515032883309163e-6,7.482827991717602e-5,0.11111023014309512,-0.11110955267843373
10958,3.90625,-0.11111033708273078,1.6159495237823963e-11,4.019887465815923e-6,8.2884424021382e-5,0.11111033708273078,-0.11110956006068995
10959,1.5625,-0.11111043721783259,8.817236433734214e-11,9.390014075460278e-6,8.257708509911027e-5,0.11111043721783259,-0.11110956675412141
10960,0.625,-0.11111053504256747,2.866926558699043e-10,1.693200094111456e-5,8.109848122034195e-5,0.11111053504256747,-0.11110957308487321
10961,0.25,-0.11111063216379312,6.073050460883281e-10,2.4643559931315284e-5,7.993014249086785e-5,0.11111063216379312,-0.11110957927403813
10962,0.1,-0.11111072915860186,1.0488658051820812e-9,3.23861977574102e-5,7.918648720137845e-5,0.11111072915860186,-0.11110958541803163
10963,0.1,-0.11111082590040089,1.6076164707697932e-9,4.009509285149235e-5,7.873342844233244e-5,0.11111082590040089,-0.11110959142181728
10964,0.1,-0.11111092229615177,2.2798846492122135e-9,4.77481376517683e-5,7.820926502485675e-5,0.11111092229615177,-0.11110959726366619
10965,0.1,-0.11111101825129138,3.061601108994594e-9,5.533173690563666e-5,7.761452023336194e-5,0.11111101825129138,-0.1111096029225981
10966,0.1,-0.1111111136699327,3.948317057688282e-9,6.283563525332008e-5,7.6949826256249e-5,0.1111111136699327,-0.11110960837846526
10967,0.25,-0.11111120654117386,4.908347358843466e-9,7.005959862034229e-5,7.621929637540226e-5,0.11111120654117386,-0.11110961273655696
10968,0.625,-0.11111129185345346,5.856372681784372e-9,7.652694088871169e-5,7.439577353006375e-5,0.11111129185345346,-0.11110961397787593
10969,1.5625,-0.11111135596160221,6.555717504257408e-9,8.096738543547894e-5,6.962104016973741e-5,0.11111135596160221,-0.11110960694710394
10970,3.90625,-0.11111136362112686,6.4247223162320344e-9,8.015436554693721e-5,5.7228640197270144e-5,0.11111136362112686,-0.11110958159078343
10971,9.765625,-0.11111123485562215,4.468320372493805e-9,6.684549627681587e-5,2.7566016391540526e-5,0.11111123485562215,-0.11110953486342585
10972,24.4140625,-0.11111082012155972,7.048920046124877e-11,8.39578468406907e-6,3.992369935538007e-5,0.11111082012155972,-0.11110956209858217
10973,9.765625,-0.1111101067068574,7.403368954944894e-11,8.604283209509607e-6,2.2951256926317282e-5,0.1111101067068574,-0.11110956165055069
10974,3.90625,-0.1111098406620084,8.421295237213885e-11,9.176761540551156e-6,1.588103680034893e-5,0.1111098406620084,-0.11110956149486508
10975,1.5625,-0.11110962651850642,9.705440377043804e-11,9.851619347621894e-6,1.297509708084064e-5,0.11110962651850642,-0.11110956148558121
10976,0.625,-0.11110942580129954,1.12194805159116e-10,1.0592204924335443e-5,1.1735978442978101e-5,0.11110942580129954,-0.11110956154376278
10977,1.5625,-0.11110930580004191,1.2179652976106413e-10,1.1036146508680651e-5,1.1170909566522945e-5,0.11110930580004191,-0.1111095614516676
10978,3.90625,-0.11110940095567082,1.1272386484419731e-10,1.0617149563051155e-5,9.859151687774537e-6,0.11110940095567082,-0.11110956105315167
10979,9.765625,-0.11110992193243442,6.884647139270415e-11,8.297377380395817e-6,7.837179315530895e-6,0.11110992193243442,-0.11110956041086044
10980,24.4140625,-0.1111105604326129,1.2632526397207393e-11,3.554226554006848e-6,1.0230899404303016e-5,0.1111105604326129,-0.11110956050716923
10981,9.765625,-0.11111028960165058,3.762889360443687e-12,1.9398168368285927e-6,1.6285212322242786e-5,0.11111028960165058,-0.11110956083159682
10982,3.90625,-0.11111020191581539,3.681645226789165e-12,1.918761378282658e-6,1.6972999173457825e-5,0.11111020191581539,-0.11110956111774599
10983,1.5625,-0.11111013618398799,8.53616755291965e-12,2.921672047461804e-6,1.6603646231766694e-5,0.11111013618398799,-0.11110956137754853
10984,0.625,-0.11111007604431156,1.7726579952188253e-11,4.210294520836785e-6,1.6203806378784107e-5,0.11111007604431156,-0.11110956162586745
10985,0.25,-0.11111001760070388,3.112376141922352e-11,5.578867395737554e-6,1.5930796383726866e-5,0.11111001760070388,-0.11110956187019413
10986,0.1,-0.11110995969257605,4.868608512986348e-11,6.977541481773038e-6,1.5762215383578688e-5,0.11110995969257605,-0.11110956211328575
10987,0.1,-0.11110990371616902,7.023045586200375e-11,8.380361320492319e-6,1.5657619759120752e-5,0.11110990371616902,-0.1111095623504403
10988,0.1,-0.11110984987901341,9.559643557891541e-11,9.777342971324848e-6,1.5542856239948882e-5,0.11110984987901341,-0.11110956258100346
10989,0.1,-0.11110979837968625,1.2461139879026462e-10,1.1162947585215324e-5,1.5417853837629826e-5,0.11110979837968625,-0.11110956280434398
10990,0.1,-0.11110974940719487,1.5709117487034444e-10,1.2533601831490597e-5,1.5282605148099522e-5,0.11110974940719487,-0.11110956301985625
10991,0.25,-0.11110971006142689,1.916969044532701e-10,1.3845465122316046e-5,1.5138173603917862e-5,0.11110971006142689,-0.11110956319315397
10992,0.625,-0.11110969624523165,2.2492440393792978e-10,1.4997479919570813e-5,1.4799212320594044e-5,0.11110969624523165,-0.11110956324897803
10993,1.5625,-0.11110974706375265,2.473024093285799e-10,1.5725851624906675e-5,1.3945422669735953e-5,0.11110974706375265,-0.11110956299938803
10994,3.90625,-0.11110994352902002,2.3660176142208056e-10,1.538186469262035e-5,1.1846421227145486e-5,0.11110994352902002,-0.11110956209571063
10995,9.765625,-0.11111036445717941,1.587609654521944e-10,1.260003831153677e-5,7.805131283257361e-6,0.11111036445717941,-0.11110956050077388
10996,24.4140625,-0.11111063565496601,3.210910998133972e-11,5.6664900936417175e-6,1.0856558803372082e-5,0.11111063565496601,-0.1111095603692701
10997,9.765625,-0.11111044475979659,8.142974225311722e-12,2.8535897086497425e-6,2.2167785309457792e-5,0.11111044475979659,-0.11110956100600433
10998,3.90625,-0.11111036479651171,3.809048659627131e-12,1.9516784211614193e-6,2.405806843161825e-5,0.11111036479651171,-0.11110956161064675
10999,1.5625,-0.11111030010974896,1.0912679537410216e-11,3.303434506299499e-6,2.3839701420277034e-5,0.11111030010974896,-0.11110956216112061
11000,0.625,-0.11111023963896767,2.7928515436602054e-11,5.28474364909047e-6,2.337422180222215e-5,0.11111023963896767,-0.11110956268428836
11001,0.25,-0.11111018053154534,5.451775253026048e-11,7.383613785285663e-6,2.3024034357023776e-5,0.11111018053154534,-0.11110956319705248
11002,0.1,-0.11111012188924076,9.058550892476996e-11,9.517641983431084e-6,2.280255322006671e-5,0.11111012188924076,-0.11110956370648006
11003,0.1,-0.11111006420220287,1.3580179526664614e-10,1.1653402733392772e-5,2.26659242376679e-5,0.11111006420220287,-0.11110956420414092
11004,0.1,-0.11111000760293151,1.8985372902742514e-10,1.3778741924697811e-5,2.251076132939551e-5,0.11111000760293151,-0.11110956468838751
11005,0.1,-0.11110995222003918,2.523979626279432e-10,1.5887037566139986e-5,2.233716829656233e-5,0.11110995222003918,-0.1111095651576296
11006,0.1,-0.11110989817789087,3.2306205227457143e-10,1.7973927013164692e-5,2.214529695945808e-5,0.11110989817789087,-0.11110956561034328
11007,0.25,-0.1111098491684739,3.9919892039606987e-10,1.9979962972840313e-5,2.1936417570779124e-5,0.1111098491684739,-0.1111095659741303
11008,0.625,-0.11110981377040638,4.737380413567986e-10,2.1765524146153674e-5,2.1428019072692958e-5,0.11110981377040638,-0.11110956608720203
11009,1.5625,-0.11110981366396061,5.27197403422574e-10,2.296077967801995e-5,2.01170420360736e-5,0.11110981366396061,-0.1111095655394851
11010,3.90625,-0.11110989634349888,5.122571968212772e-10,2.2633099584928203e-5,1.678649587508972e-5,0.11110989634349888,-0.11110956354563084
11011,9.765625,-0.11111012330608724,3.5048920281989567e-10,1.872135686375044e-5,9.560549908190291e-6,0.11111012330608724,-0.11110955993614756
11012,24.4140625,-0.11111036596063713,7.076811773949545e-11,8.412378839513555e-6,1.367613594475568e-5,0.11111036596063713,-0.1111095594953815
11013,9.765625,-0.11111033975082273,1.6250100418337804e-11,4.03114132949191e-6,3.1938392038142e-5,0.11111033975082273,-0.11110956085838179
11014,3.90625,-0.11111035343311694,4.990307549319337e-12,2.2338996283001028e-6,3.503700966241027e-5,0.11111035343311694,-0.1111095621612439
11015,1.5625,-0.11111037043152527,1.9115022306589973e-11,4.372072998771861e-6,3.481401811063224e-5,0.11111037043152527,-0.11110956334327135
11016,0.625,-0.11111038810398378,5.5212436241574195e-11,7.430507132193212e-6,3.4161616573070934e-5,0.11111038810398378,-0.11110956446334373
11017,0.25,-0.11111040597306036,1.1252904179642003e-10,1.0607970672867644e-5,3.3660036372741014e-5,0.11111040597306036,-0.11110956555969959
11018,0.1,-0.11111042392021954,1.9086577937128432e-10,1.3815418175765956e-5,3.3343196876357924e-5,0.11111042392021954,-0.1111095666486536
11019,0.1,-0.11111044211167026,2.895364446336263e-10,1.7015770468410364e-5,3.315027661944662e-5,0.11111044211167026,-0.11110956771267506
11020,0.1,-0.11111046056432261,4.078801972026092e-10,2.019604409785761e-5,3.292832220504509e-5,0.11111046056432261,-0.11110956874802078
11021,0.1,-0.11111047929303453,5.451674527529149e-10,2.334882122833859e-5,3.267755014527969e-5,0.11111047929303453,-0.11110956975108056
11022,0.1,-0.1111104983105277,7.006029560672287e-10,2.646890545653954e-5,3.239822998325752e-5,0.1111104983105277,-0.11110957071838984
11023,0.25,-0.1111105183390461,8.68508379251966e-10,2.947046622047174e-5,3.209215346306462e-5,0.1111105183390461,-0.1111095714919918
11024,0.625,-0.11111054090583307,1.0336472539254435e-9,3.215038497320745e-5,3.133291841599601e-5,0.11111054090583307,-0.11110957171707238
11025,1.5625,-0.1111105694347956,1.153872837785434e-9,3.396870379901821e-5,2.9354235021206398e-5,0.1111105694347956,-0.11110957049082447
11026,3.90625,-0.11111060901561011,1.1261005469831526e-9,3.3557421637890364e-5,2.4260645840206782e-5,0.11111060901561011,-0.1111095660681877
11027,9.765625,-0.11111065062385542,7.763633531594519e-10,2.786329760023842e-5,1.2575440318662498e-5,0.11111065062385542,-0.11110955800051295
11028,24.4140625,-0.11111058003852722,1.584798472034208e-10,1.2588877916773233e-5,1.850387239164762e-5,0.11111058003852722,-0.1111095568332723
11029,9.765625,-0.11111046663951303,3.507899253637797e-11,5.922752108300496e-6,4.691684984167314e-5,0.11111046663951303,-0.11110955981484996
11030,3.90625,-0.11111039042876615,7.880509876231755e-12,2.80722458599802e-6,5.1772079393685967e-5,0.11111039042876615,-0.11110956268177813
11031,1.5625,-0.11111032200780621,3.721622865547274e-11,6.100510524167034e-6,5.152390463282187e-5,0.11111032200780621,-0.11110956528076045
11032,0.625,-0.1111102560567464,1.1544988658223643e-10,1.0744760889951737e-5,5.0583405439542955e-5,0.1111102560567464,-0.11110956774043584
11033,0.25,-0.11111019098956836,2.408945154769385e-10,1.552077689669362e-5,4.98494011536928e-5,0.11111019098956836,-0.11110957014630446
11034,0.1,-0.11111012627618612,4.1311407813110836e-10,2.0325207948040985e-5,4.9384516110959715e-5,0.11111012627618612,-0.11110957253530747
11035,0.1,-0.11111006211407859,6.306298588050563e-10,2.5112344749247456e-5,4.910219938086809e-5,0.11111006211407859,-0.11110957486980337
11036,0.1,-0.11110999857846589,8.920057779085689e-10,2.986646577532348e-5,4.87758938723456e-5,0.11110999857846589,-0.11110957714140572
11037,0.1,-0.1111099357431707,1.1956519872668477e-9,3.4578201041506596e-5,4.840592693587205e-5,0.1111099357431707,-0.11110957934202077
11038,0.1,-0.11110987368048593,1.5398316227045229e-9,3.924068835666014e-5,4.799269742843925e-5,0.11110987368048593,-0.11110958146387692
11039,0.25,-0.11110981432494518,1.912130136285935e-9,4.3727910266624165e-5,4.753877170620324e-5,0.11110981432494518,-0.11110958315871981
11040,0.625,-0.11110976229527454,2.2791589654652883e-9,4.774053796790824e-5,4.640550181482084e-5,0.11110976229527454,-0.1111095836421189
11041,1.5625,-0.11110972969863064,2.5484010792867365e-9,5.048169053515083e-5,4.344032341163273e-5,0.11110972969863064,-0.11110958091410397
11042,3.90625,-0.11110974572317933,2.4929577380995495e-9,4.992952771756958e-5,3.576474713809904e-5,0.11110974572317933,-0.11110957108965688
11043,9.765625,-0.11110986623762183,1.7270223866869814e-9,4.155745885742993e-5,1.767611661794645e-5,0.11110986623762183,-0.11110955307111926
11044,24.4140625,-0.11111012960704748,3.570241415025441e-10,1.889508246879447e-5,2.6174471346079453e-5,0.11111012960704748,-0.11110955017429071
11045,9.765625,-0.11111024088315928,7.825702636720238e-11,8.846300151317634e-6,6.953778440503615e-5,0.11111024088315928,-0.1111095567628009
11046,3.90625,-0.11111033976304464,1.4294111754715628e-11,3.780755447620968e-6,7.700539465967268e-5,0.11111033976304464,-0.1111095631325434
11047,1.5625,-0.1111104323479401,7.656803896005926e-11,8.75031650627903e-6,7.671569913904296e-5,0.1111104323479401,-0.11110956890847742
11048,0.625,-0.11111052278809756,2.479388645045387e-10,1.5746074574462638e-5,7.534132640607019e-5,0.11111052278809756,-0.11110957437191465
11049,0.25,-0.1111106125672826,5.24601481881145e-10,2.290418044552446e-5,7.425606015422469e-5,0.1111106125672826,-0.11110957971342683
11050,0.1,-0.11111070221821255,9.055705607425735e-10,3.0092699459213916e-5,7.35654675359121e-5,0.11111070221821255,-0.11110958501608255
11051,0.1,-0.11111079162627273,1.3876020102836697e-9,3.725053033560287e-5,7.314481091885874e-5,0.11111079162627273,-0.1111095901977944
11052,0.1,-0.11111088070617427,1.9675270500463316e-9,4.4356815147689894e-5,7.265815087291885e-5,0.11111088070617427,-0.11110959523982367
11053,0.1,-0.11111096937128866,2.641834584961265e-9,5.139877999487211e-5,7.210597487730893e-5,0.11111096937128866,-0.111109600124078
11054,0.1,-0.1111110575338286,3.4066861173988727e-9,5.836682377343205e-5,7.148887180766153e-5,0.1111110575338286,-0.11110960483318343
11055,0.25,-0.11111114334934613,4.2347367515900934e-9,6.507485498708462e-5,7.081066240999191e-5,0.11111114334934613,-0.11110960859525586
11056,0.625,-0.11111122222072882,5.052358665190705e-9,7.10799455907973e-5,6.911773471786143e-5,0.11111122222072882,-0.11110960966865394
11057,1.5625,-0.11111128162790022,5.655320219449047e-9,7.520186313815002e-5,6.468523854544233e-5,0.11111128162790022,-0.11110960360663318
11058,3.90625,-0.11111128920174053,5.541752142645185e-9,7.444294555325699e-5,5.3183718683229704e-5,0.11111128920174053,-0.11110958173940974
11059,9.765625,-0.11111117127059363,3.8533727404946545e-9,6.207554059768351e-5,2.569270523183356e-5,0.11111117127059363,-0.11110954145056494
11060,24.4140625,-0.11111081270701768,8.049948470903112e-10,2.8372431109975598e-5,3.78560457551993e-5,0.11111081270701768,-0.11110953449818738
11061,9.765625,-0.11111061236920733,1.758634181307211e-10,1.3261350539470749e-5,0.00010355088392454946,0.11111061236920733,-0.1111095491536528
11062,3.90625,-0.11111044841019495,2.7310288429620865e-11,5.2259246482915215e-6,0.0001149429995821022,0.11111044841019495,-0.11110956338645567
11063,1.5625,-0.11111029687698977,1.611901867909494e-10,1.2696069737952348e-5,0.0001145984714780966,0.11111029687698977,-0.11110957629930543
11064,0.625,-0.11111014977280168,5.389730294886997e-10,2.3215792674141017e-5,0.00011257716218608798,0.11111014977280168,-0.11110958851053701
11065,0.25,-0.11111000444814187,1.152049364199436e-9,3.394185269250098e-5,0.00011096603700251763,0.11111000444814187,-0.1111096004455419
11066,0.1,-0.11110985998579724,1.9981656853020227e-9,4.4700846583728395e-5,0.00010993624794660118,0.11110985998579724,-0.11110961229101858
11067,0.1,-0.11110971657159913,3.070141688466122e-9,5.540885929583934e-5,0.00010930662438483855,0.11110971657159913,-0.11110962386659758
11068,0.1,-0.11110957432176899,4.3609331614475414e-9,6.603736186014355e-5,0.00010857843512130784,0.11110957432176899,-0.11110963513042649
11069,0.1,-0.11110943335003598,5.862735466900013e-9,7.656850179349216e-5,0.00010775238906032483,0.11110943335003598,-0.11110964604209114
11070,0.1,-0.111109293767576,7.5670164593818e-9,8.6988599594325e-5,0.00010682934454930554,0.111109293767576,-0.11110965656276929
11071,0.25,-0.11110915839963154,9.413279033939248e-9,9.702205436878384e-5,0.00010581500920321716,0.11110915839963154,-0.11110966497575132
11072,0.625,-0.11110903414118681,1.123852297397819e-8,0.000106011900152663,0.00010328676136482766,0.11110903414118681,-0.1111096674025991
11073,1.5625,-0.1111089395927206,1.2590283871285714e-8,0.0001122064341795323,9.666810494081783e-5,0.1111089395927206,-0.11110965392963082
11074,3.90625,-0.11110892289273515,1.2355008218238935e-8,0.00011115308460964516,7.947451784846117e-5,0.11110892289273515,-0.11110960516813535
11075,9.765625,-0.11110909718783865,8.619429322201765e-9,9.284088173968279e-5,3.807509764633783e-5,0.11110909718783865,-0.11110951493881273
11076,24.4140625,-0.11110977525035953,1.316306561502434e-10,1.1473040405674661e-5,5.4431026996305996e-5,0.11110977525035953,-0.11110956688374712
11077,9.765625,-0.11111075637370682,1.3785548972219436e-10,1.1741187747506398e-5,3.1228813285915176e-5,0.11111075637370682,-0.11110956605294246
11078,3.90625,-0.11111111932702754,1.5771625973443662e-10,1.2558513436487481e-5,2.12498419114095e-5,0.11111111932702754,-0.1111095657375483
11079,1.5625,-0.11111141079780233,1.829107610232716e-10,1.3524450488772977e-5,1.700901076314764e-5,0.11111141079780233,-0.11110956569056038
11080,0.625,-0.111111683877406,2.1272800384731074e-10,1.458519810792129e-5,1.5149982728924116e-5,0.111111683877406,-0.11110956576857314
11081,1.5625,-0.11111184519691304,2.3186759827740993e-10,1.5227199291971257e-5,1.42885846621282e-5,0.11111184519691304,-0.11110956555799367
11082,3.90625,-0.11111170918725474,2.1445094079260213e-10,1.4644143566374994e-5,1.2238150836263146e-5,0.11111170918725474,-0.1111095647602442
11083,9.765625,-0.11111098773807454,1.2941778399389478e-10,1.1376193739291485e-5,8.871835270927779e-6,0.11111098773807454,-0.1111095635102432
11084,24.4140625,-0.11111012452486842,2.2254182144157584e-11,4.717433851593214e-6,1.2634479918300482e-5,0.11111012452486842,-0.11110956369670898
11085,9.765625,-0.11111051348640257,5.037427280005202e-12,2.24442136863941e-6,2.161034344651654e-5,0.11111051348640257,-0.11110956429969013
11086,3.90625,-0.11111063789091452,4.784187539338793e-12,2.187278569213074e-6,2.261669054958308e-5,0.11111063789091452,-0.11110956481656223
11087,1.5625,-0.11111073104725587,1.397462679504427e-11,3.7382652119725628e-6,2.209529949645342e-5,0.11111073104725587,-0.11110956527813483
11088,0.625,-0.11111081628679452,3.145589665087563e-11,5.608555665309531e-6,2.152518532303515e-5,0.11111081628679452,-0.11110956571575002
11089,0.25,-0.11111089914371233,5.6980759950967964e-11,7.54856012435272e-6,2.11349534018049e-5,0.11111089914371233,-0.11110956614494041
11090,0.1,-0.11111098126299306,9.04700783518989e-11,9.511576018299959e-6,2.0893981515969525e-5,0.11111098126299306,-0.1111095665714787
11091,0.1,-0.11111106061758647,1.315734720683997e-10,1.1470548028250425e-5,2.074472939000165e-5,0.11111106061758647,-0.11110956698674684
11092,0.1,-0.11111113691023118,1.7998430490179942e-10,1.3415822930472787e-5,2.0580610057548616e-5,0.11111113691023118,-0.11110956738948882
11093,0.1,-0.1111112098564699,2.353726007658385e-10,1.5341857800339516e-5,2.040150463245508e-5,0.1111112098564699,-0.11110956777849254
11094,0.1,-0.11111127918554291,2.973863049519248e-10,1.7244892140918852e-5,2.0207379641185698e-5,0.11111127918554291,-0.11110956815259598
11095,0.25,-0.1111113346778405,3.6346137235247313e-10,1.9064662922602987e-5,1.9999735504531916e-5,0.1111113346778405,-0.11110956844652103
11096,0.625,-0.11111135346329708,4.268905781722611e-10,2.066133050343712e-5,1.9510186819500595e-5,0.11111135346329708,-0.11110956851714439
11097,1.5625,-0.11111127935972574,4.69569452264199e-10,2.1669551270485483e-5,1.82704447442092e-5,0.11111127935972574,-0.1111095680071282
11098,3.90625,-0.11111099629454609,4.4914107062577844e-10,2.119294860621755e-5,1.5180177541474156e-5,0.11111099629454609,-0.11110956625435363
11099,9.765625,-0.11111039338223212,3.011261069858049e-10,1.7352985535227214e-5,8.858874100316412e-6,0.11111039338223212,-0.11110956318977147
11100,24.4140625,-0.11111001715666219,5.984429248924035e-11,7.735909286518318e-6,1.3562359401245669e-5,0.11111001715666219,-0.11110956292307819
11101,9.765625,-0.11111029225794569,1.3453797422267482e-11,3.667941850993208e-6,2.9999758077196867e-5,0.11111029225794569,-0.11110956412445834
11102,3.90625,-0.11111040618056528,4.805365927470868e-12,2.1921144877653784e-6,3.271620617811056e-5,0.11111040618056528,-0.111109565255311
11103,1.5625,-0.11111049806808597,1.809935170800025e-11,4.254333285956832e-6,3.242914364625469e-5,0.11111049806808597,-0.11110956627764772
11104,0.625,-0.11111058393329536,5.039688958139631e-11,7.099076671046476e-6,3.178163101056352e-5,0.11111058393329536,-0.1111095672454371
11105,0.25,-0.11111066788804376,1.0104377060292477e-10,1.0052053054124056e-5,3.129141217425412e-5,0.11111066788804376,-0.11110956819228654
11106,0.1,-0.11111075122495688,1.6985700912756065e-10,1.3032920207212221e-5,3.09805858437685e-5,0.11111075122495688,-0.11110956913230238
11107,0.1,-0.11111083320690818,2.56210564187865e-10,1.6006578778360635e-5,3.078862888641471e-5,0.11111083320690818,-0.11110957004984569
11108,0.1,-0.11111091363961746,3.595085815069004e-10,1.8960711524278313e-5,3.057048829210081e-5,0.11111091363961746,-0.11110957094175669
11109,0.1,-0.11111099233420806,4.79096874109e-10,2.1888281661861902e-5,3.0326279869418463e-5,0.11111099233420806,-0.11110957180498733
11110,0.1,-0.11111106910775621,6.142655209914994e-10,2.4784380585189122e-5,3.005618420792662e-5,0.11111106910775621,-0.11110957263661318
11111,0.25,-0.11111113852924562,7.599772555679116e-10,2.7567684987461526e-5,2.9761949212931548e-5,0.11111113852924562,-0.11110957329867792
11112,0.625,-0.1111111879901811,9.027674913972892e-10,3.004608945266071e-5,2.9044756732249568e-5,0.1111111879901811,-0.11110957348234461
11113,1.5625,-0.11111118565282069,1.0055185273164806e-9,3.170991213038095e-5,2.719060861578269e-5,0.11111118565282069,-0.1111095724041419
11114,3.90625,-0.11111106195438672,9.780097747597912e-10,3.1273147823009296e-5,2.2444441482173458e-5,0.11111106195438672,-0.11110956856073012
11115,9.765625,-0.11111072815657981,6.70313233038933e-10,2.5890408128087378e-5,1.1721853818245408e-5,0.11111072815657981,-0.11110956161315337
11116,24.4140625,-0.11111038135751043,1.350263362501842e-10,1.1620083315113716e-5,1.7710530797231687e-5,0.11111038135751043,-0.11110956071574594
11117,9.765625,-0.11111042777069946,2.94494099950479e-11,5.42673105976774e-6,4.377486595432019e-5,0.11111042777069946,-0.1111095633115318
11118,3.90625,-0.11111041240825514,7.081288364168802e-12,2.661069026569736e-6,4.8176110884812055e-5,0.11111041240825514,-0.11110956578941636
11119,1.5625,-0.11111039177743019,3.352630761994833e-11,5.790190637617066e-6,4.7893883832194644e-5,0.11111039177743019,-0.1111095680317268
11120,0.625,-0.11111037010482394,1.0220080645650576e-10,1.0109441451262565e-5,4.699458054997141e-5,0.11111037010482394,-0.11110957015289184
11121,0.25,-0.11111034819733454,2.1164489555211798e-10,1.4548020331031916e-5,4.6298642324308044e-5,0.11111034819733454,-0.11110957222737296
11122,0.1,-0.11111032626666056,3.6147096975404164e-10,1.9012389901168176e-5,4.585779110883883e-5,0.11111032626666056,-0.11110957428707503
11123,0.1,-0.11111030403854795,5.503713885917474e-10,2.3459995494282335e-5,4.558885445864754e-5,0.11111030403854795,-0.11110957629899595
11124,0.1,-0.11111028147707724,7.770825430775442e-10,2.7876200298418438e-5,4.527931172441228e-5,0.11111028147707724,-0.11110957825594045
11125,0.1,-0.1111102585487418,1.0402091696122857e-9,3.225227386731493e-5,4.492945128777566e-5,0.1111102585487418,-0.11110958015096671
11126,0.1,-0.11111023522262808,1.3382302136707626e-9,3.6581829009369704e-5,4.45396321760321e-5,0.11111023522262808,-0.11110958197741305
11127,0.25,-0.11111021020087669,1.6603165317289787e-9,4.0746981872636635e-5,4.4112340481584686e-5,0.11111021020087669,-0.11110958343312977
11128,0.625,-0.11111018066200377,1.977394673154525e-9,4.4467906102654814e-5,4.3052387096037225e-5,0.11111018066200377,-0.11110958383854994
11129,1.5625,-0.11111014007058323,2.208998069172361e-9,4.699997945927595e-5,4.028715597546214e-5,0.11111014007058323,-0.11110958146303392
11130,3.90625,-0.11111007756134032,2.158098302240404e-9,4.645533663897404e-5,3.314236939362215e-5,0.11111007756134032,-0.11110957295402711
11131,9.765625,-0.11111000194684381,1.4910226145516754e-9,3.861376198393101e-5,1.638233887984866e-5,0.11111000194684381,-0.11110955741178868
11132,24.4140625,-0.11111009065314109,3.054006178448915e-10,1.7475715088227193e-5,2.4659386441035227e-5,0.11111009065314109,-0.11110955505222041
11133,9.765625,-0.11111025917335678,6.62664582057842e-11,8.140421254811338e-6,6.473177497813519e-5,0.11111025917335678,-0.11110956076337568
11134,3.90625,-0.11111037014404353,1.248359859370117e-11,3.5332136354459475e-6,7.158140561343258e-5,0.11111037014404353,-0.11110956626194642
11135,1.5625,-0.11111046956282059,6.762778746854047e-11,8.223611583029714e-6,7.127285775762813e-5,0.11111046956282059,-0.11110957124298355
11136,0.625,-0.11111056550399162,2.1694425758537424e-10,1.4729027720300286e-5,6.997845166961523e-5,0.11111056550399162,-0.11110957595363585
11137,0.25,-0.11111066036413732,4.5716270217406964e-10,2.1381363431130148e-5,6.896218714882004e-5,0.11111066036413732,-0.11110958055923473
11138,0.1,-0.11111075494698203,7.874349066230999e-10,2.8061270581053522e-5,6.831673955335127e-5,0.11111075494698203,-0.11110958513150643
11139,0.1,-0.1111108489173066,1.2049357896762655e-9,3.471218503171855e-5,6.792390176422309e-5,0.1111108489173066,-0.111109589598973
11140,0.1,-0.11111094214871788,1.7069131502219855e-9,4.131480546029456e-5,6.746982715275387e-5,0.11111094214871788,-0.1111095939454852
11141,0.1,-0.1111110345154329,2.290319238644731e-9,4.785727989182765e-5,6.695495564244949e-5,0.1111110345154329,-0.11110959815545157
11142,0.1,-0.1111111258925885,2.9518236558502574e-9,5.433068797512376e-5,6.637982478162297e-5,0.1111111258925885,-0.11110960221390108
11143,0.25,-0.11111121313174681,3.667677281797438e-9,6.056135138681631e-5,6.574799433383878e-5,0.11111121313174681,-0.11110960545255191
11144,0.625,-0.11111128869077809,4.373972058884202e-9,6.613601181568331e-5,6.417154645305767e-5,0.11111128869077809,-0.11110960636468546
11145,1.5625,-0.11111133282139048,4.893531176891208e-9,6.995377886069636e-5,6.0045575972849525e-5,0.11111133282139048,-0.11110960110594399
11146,3.90625,-0.11111129844728648,4.791392356544872e-9,6.92198841124779e-5,4.9345959616655143e-5,0.11111129844728648,-0.11110958219415883
11147,9.765625,-0.1111111000348679,3.3257509457084285e-9,5.7669324130844716e-5,2.3839648167240407e-5,0.1111111000348679,-0.11110954743992107
11148,24.4140625,-0.11111070867364074,6.90889233605009e-10,2.628477189562445e-5,3.5494618990011465e-5,0.11111070867364074,-0.11110954163472926
11149,9.765625,-0.11111056723246317,1.5041242239240649e-10,1.226427423015347e-5,9.628340298032016e-5,0.11111056723246317,-0.11110955430215193
11150,3.90625,-0.1111104349381244,2.4395945380570316e-11,4.939225180184673e-6,0.00010677839522610869,0.1111104349381244,-0.11110956657385644
11151,1.5625,-0.11111031068264471,1.419470138901741e-10,1.1914151832596985e-5,0.00010642169240570406,0.11111031068264471,-0.11110957770172115
11152,0.625,-0.11111018955868332,4.699042544005114e-10,2.167727506861763e-5,0.00010452931911236948,0.11111018955868332,-0.11110958822458737
11153,0.25,-0.11111006975750352,1.0008759595852921e-9,3.163662370711028e-5,0.0001030272630700669,0.11111006975750352,-0.11110959851022069
11154,0.1,-0.11110995063259134,1.7329336018995132e-9,4.162851909327923e-5,0.00010206910611570525,0.11110995063259134,-0.11110960871951533
11155,0.1,-0.11110983225261133,2.6598531963340032e-9,5.157376461277578e-5,0.00010148427439281293,0.11110983225261133,-0.11110961869580492
11156,0.1,-0.11110971469677942,3.775540402561027e-9,6.144542621351915e-5,0.00010080778892467963,0.11110971469677942,-0.11110962840297227
11157,0.1,-0.11110959804304403,5.073243595816337e-9,7.122670563641377e-5,0.00010004031662319424,0.11110959804304403,-0.11110963780614376
11158,0.1,-0.1111094823680936,6.545582432809099e-9,8.090477385673295e-5,9.918266345103524e-5,0.1111094823680936,-0.11110964687182467
11159,0.25,-0.1111093694895381,8.140137084222107e-9,9.022270825142697e-5,9.824013959733426e-5,0.1111093694895381,-0.11110965411581808
11160,0.625,-0.11110926394050147,9.715717729340566e-9,9.856834040066093e-5,9.588924128483542e-5,0.11110926394050147,-0.11110965618677172
11161,1.5625,-0.11110917827295629,1.0880529868162636e-8,0.0001043097783918777,8.973398067210094e-5,0.11110917827295629,-0.11110964452234912
11162,3.90625,-0.11110914683364052,1.0670940222000264e-8,0.00010330024308780819,7.374790434032566e-5,0.11110914683364052,-0.11110960239807861
11163,9.765625,-0.1111092610495197,7.434364403644714e-9,8.62227603573715e-5,3.531450410564558e-5,0.1111092610495197,-0.11110952460021763
11164,24.4140625,-0.11110999588526682,1.1374632547750629e-10,1.0665192238188034e-5,5.0878516380967245e-5,0.11110999588526682,-0.11110956963415757
11165,9.765625,-0.111110660270516,1.2002067395233664e-10,1.0955394741967841e-5,2.87734349533232e-5,0.111110660270516,-0.11110956886785078
11166,3.90625,-0.11111090095392792,1.3626524627041875e-10,1.167327059013106e-5,1.9539293528816823e-5,0.11111090095392792,-0.11110956858942465
11167,1.5625,-0.1111110944876734,1.5684952852077778e-10,1.2523958181053536e-5,1.5709371737088948e-5,0.1111110944876734,-0.11110956854939952
11168,0.625,-0.11111127596281936,1.8113921608092406e-10,1.3458796977476258e-5,1.40570888854652e-5,0.11111127596281936,-0.11110956861871586
11169,1.5625,-0.1111113821313365,1.9669619706906997e-10,1.4024842140611421e-5,1.3296186329776086e-5,0.1111113821313365,-0.11110956844560493
11170,3.90625,-0.1111112887292063,1.8271912338958993e-10,1.3517363773664965e-5,1.1505946467082124e-5,0.1111112887292063,-0.11110956777501323
11171,9.765625,-0.11111080535377219,1.1229924154904559e-10,1.0597133647786348e-5,8.595544112209703e-6,0.11111080535377219,-0.11110956669891857
11172,24.4140625,-0.11111023867061282,1.9105957327104458e-11,4.371036184602509e-6,1.1981912969286694e-5,0.11111023867061282,-0.11110956686607464
11173,9.765625,-0.11111048470949449,4.632893731584024e-12,2.1524157896614734e-6,2.018634166606117e-5,0.11111048470949449,-0.11110956738418602
11174,3.90625,-0.11111055673921698,4.303640352522862e-12,2.07452171657056e-6,2.113401126720321e-5,0.11111055673921698,-0.11110956783511658
11175,1.5625,-0.11111060908547962,1.2095543933779064e-11,3.477864852719131e-6,2.0667068141984453e-5,0.11111060908547962,-0.11110956823949168
11176,0.625,-0.11111065652910082,2.701690355219119e-11,5.197778713276585e-6,2.0147129407985794e-5,0.11111065652910082,-0.11110956862344107
11177,0.25,-0.11111070251477662,4.885062857889556e-11,6.9893224692308735e-6,1.978921290685843e-5,0.11111070251477662,-0.11110956900012835
11178,0.1,-0.11111074805572374,7.752608077267357e-11,8.804889594576049e-6,1.9567226585294406e-5,0.11111074805572374,-0.11110956937447385
11179,0.1,-0.11111079181936018,1.1275113938752023e-10,1.0618433942325028e-5,1.942907789870306e-5,0.11111079181936018,-0.11110956973909382
11180,0.1,-0.11111083361927528,1.542671665448202e-10,1.2420433428219008e-5,1.9277392340264852e-5,0.11111083361927528,-0.11110957009291157
11181,0.1,-0.11111087327753137,2.017957197199015e-10,1.4205482030536714e-5,1.9112042720892714e-5,0.11111087327753137,-0.11110957043488633
11182,0.1,-0.11111091062523791,2.5503952420857844e-10,1.5969956925695773e-5,1.893298177951346e-5,0.11111091062523791,-0.11110957076401894
11183,0.25,-0.11111093912151594,3.118565784069195e-10,1.765946144158761e-5,1.874157574669397e-5,0.11111093912151594,-0.11110957102428778
11184,0.625,-0.11111094418646249,3.666243772893931e-10,1.9147437877935342e-5,1.8291851341404726e-5,0.11111094418646249,-0.11110957109263182
11185,1.5625,-0.11111089015375704,4.0407371195640443e-10,2.0101584812059083e-5,1.7153842726956547e-5,0.11111089015375704,-0.1111095706606799
11186,3.90625,-0.11111070413784384,3.8797654293976653e-10,1.9697120168688786e-5,1.4314632895076494e-5,0.11111070413784384,-0.11110956915174826
11187,9.765625,-0.11111032162450814,2.6127540520008145e-10,1.6164015751046565e-5,8.504424650624706e-6,0.11111032162450814,-0.11110956649256185
11188,24.4140625,-0.11111011471875398,5.1760037310466914e-11,7.1944448924477085e-6,1.279408187941858e-5,0.11111011471875398,-0.11110956626818641
11189,9.765625,-0.111110306773217,1.1981471246826762e-11,3.461426186823397e-6,2.802394725773463e-5,0.111110306773217,-0.1111095673094893
11190,3.90625,-0.1111103912464445,4.607462685046599e-12,2.146500101338595e-6,3.0523108277834126e-5,0.1111103912464445,-0.11110956829128533
11191,1.5625,-0.11111046073976975,1.6192190066778984e-11,4.023952045785211e-6,3.0250543648288866e-5,0.11111046073976975,-0.11110956918003755
11192,0.625,-0.11111052609635746,4.420599805607485e-11,6.648759136566375e-6,2.9647824863398335e-5,0.11111052609635746,-0.11110957002202264
11193,0.25,-0.11111059013631007,8.808514665032237e-11,9.385368754093915e-6,2.919239738894501e-5,0.11111059013631007,-0.11110957084609094
11194,0.1,-0.11111065375197117,1.476715412044145e-10,1.2152017988976748e-5,2.890380597392388e-5,0.11111065375197117,-0.11110957166433429
11195,0.1,-0.1111107164456188,2.2242289311230515e-10,1.4913849037465316e-5,2.8725590386928354e-5,0.1111107164456188,-0.11110957246312116
11196,0.1,-0.111110778082513,3.1182371208245774e-10,1.7658530858552693e-5,2.8523092645438705e-5,0.111110778082513,-0.11110957323971844
11197,0.1,-0.11111083853138044,4.153081471713251e-10,2.0379110558886643e-5,2.8296427660014404e-5,0.11111083853138044,-0.11110957399148959
11198,0.1,-0.11111089766479054,5.322622240493668e-10,2.3070808916233667e-5,2.8045770202884706e-5,0.11111089766479054,-0.1111095747159056
11199,0.25,-0.1111109517512702,6.58329665621015e-10,2.565793572407989e-5,2.7772752691497625e-5,0.1111109517512702,-0.11110957529348758
11200,0.625,-0.11111099210488125,7.818670380729464e-10,2.796188545275419e-5,2.710768770766472e-5,0.11111099210488125,-0.11110957545686044
11201,1.5625,-0.11111099672210395,8.707656780171888e-10,2.9508739010964002e-5,2.5389245855481868e-5,0.11111099672210395,-0.11110957452773713
11202,3.90625,-0.11111091712714069,8.468987329713421e-10,2.9101524581563458e-5,2.0995588131767007e-5,0.11111091712714069,-0.1111095712046297
11203,9.765625,-0.11111068880147022,5.801629702817688e-10,2.4086572406255085e-5,1.11388552368114e-5,0.11111068880147022,-0.11110956519767108
11204,24.4140625,-0.11111043072441856,1.1655235780740204e-10,1.0795941728603487e-5,1.669804458399194e-5,0.11111043072441856,-0.11110956444310098
11205,9.765625,-0.11111043946646042,2.5626471203374714e-11,5.0622594958550585e-6,4.079098375163732e-5,0.11111043946646042,-0.11110956669136232
11206,3.90625,-0.11111041160444682,6.548499174252589e-12,2.559003551043372e-6,4.485108608311306e-5,0.11111041160444682,-0.1111095688360584
11207,1.5625,-0.11111038168905954,2.965240778325156e-11,5.445402444562895e-6,4.4578089470794955e-5,0.11111038168905954,-0.11110957077728006
11208,0.625,-0.11111035157262665,8.925922621307e-11,9.447710104203559e-6,4.3738521302659135e-5,0.11111035157262665,-0.11110957261410843
11209,0.25,-0.11111032147921053,1.8411197332975955e-10,1.3568786730203978e-5,4.3090531130180705e-5,0.11111032147921053,-0.11110957441081673
11210,0.1,-0.11111029144141367,3.138780108007648e-10,1.7716602687896027e-5,4.2680563814110564e-5,0.11111029144141367,-0.11110957619489165
11211,0.1,-0.1111102612980056,4.774239725062175e-10,2.1850033695768468e-5,4.243071657996043e-5,0.1111102612980056,-0.11110957793763154
11212,0.1,-0.11111023103991584,6.736561519620852e-10,2.595488686089934e-5,4.214315339997764e-5,0.11111023103991584,-0.11110957963281624
11213,0.1,-0.11111020065955879,9.013668371341829e-10,3.0022771976188057e-5,4.18181430461561e-5,0.11111020065955879,-0.11110958127444458
11214,0.1,-0.1111101701509336,1.1592393865161657e-9,3.404760471040754e-5,4.1456020666230335e-5,0.1111101701509336,-0.11110958285675837
11215,0.25,-0.11111013899247697,1.4378859384825696e-9,3.7919466484677364e-5,4.105908891122793e-5,0.11111013899247697,-0.1111095841181342
11216,0.625,-0.11111010614645987,1.7121063463291274e-9,4.137760682215838e-5,4.007411616750551e-5,0.11111010614645987,-0.11110958447038968
11217,1.5625,-0.11111006952252497,1.912165145666797e-9,4.372831057412117e-5,3.7504660569782995e-5,0.11111006952252497,-0.1111095824160896
11218,3.90625,-0.1111100276258721,1.8673675852296247e-9,4.3213048784246e-5,3.087000409937991e-5,0.1111100276258721,-0.11110957505692436
11219,9.765625,-0.11110999893603046,1.288979384888008e-9,3.5902359043494733e-5,1.5371652472769494e-5,0.11110999893603046,-0.11110956162894145
11220,24.4140625,-0.11111011898609413,2.633394789585284e-10,1.6227737949527297e-5,2.3131063468092584e-5,0.11111011898609413,-0.11110955963109731
11221,9.765625,-0.11111026160718743,5.7266225531081365e-11,7.567445112525188e-6,6.023970123400461e-5,0.11111026160718743,-0.11110956457161306
11222,3.90625,-0.11111036084424077,1.1265853329384429e-11,3.356464409074589e-6,6.657251904297453e-5,0.11111036084424077,-0.11110956932361062
11223,1.5625,-0.11111045060093967,5.93465129487088e-11,7.703668797963007e-6,6.627361878923687e-5,0.11111045060093967,-0.11110957362820922
11224,0.625,-0.11111053744445902,1.8878258349649747e-10,1.3739817447713688e-5,6.506654413913263e-5,0.11111053744445902,-0.11110957769964769
11225,0.25,-0.11111062337548103,3.9675920513529434e-10,1.9918815354716613e-5,6.412111617930628e-5,0.11111062337548103,-0.1111095816807487
11226,0.1,-0.11111070907207925,6.825492814716489e-10,2.6125644135057204e-5,6.352152735927932e-5,0.11111070907207925,-0.11110958563337031
11227,0.1,-0.11111079427703043,1.0437073008100785e-9,3.2306459119038074e-5,6.315715870939634e-5,0.11111079427703043,-0.11110958949548357
11228,0.1,-0.11111087888411131,1.477853648126774e-9,3.84428621219437e-5,6.273585264726895e-5,0.11111087888411131,-0.11110959325313008
11229,0.1,-0.11111096278733039,1.9823529625177296e-9,4.4523622522406346e-5,6.22580221143292e-5,0.11111096278733039,-0.11110959689283369
11230,0.1,-0.11111104588117848,2.5543253129672302e-9,5.0540333526473984e-5,6.172417099850116e-5,0.11111104588117848,-0.11110960040165499
11231,0.25,-0.11111112557563262,3.173201739176368e-9,5.633117910337372e-5,6.11375975066076e-5,0.11111112557563262,-0.11110960320148043
11232,0.625,-0.11111119562990579,3.7836392070406166e-9,6.151129332927911e-5,5.967272670493323e-5,0.11111119562990579,-0.11110960398929112
11233,1.5625,-0.11111123960391368,4.232231259069064e-9,6.505560128896715e-5,5.5837861367736545e-5,0.11111123960391368,-0.11110959944135691
11234,3.90625,-0.11111121777608057,4.142504529576616e-9,6.436229120825809e-5,4.5895807129463146e-5,0.11111121777608057,-0.11110958309352985
11235,9.765625,-0.11111105478868775,2.873119604582785e-9,5.3601488828042684e-5,2.224957099815802e-5,0.11111105478868775,-0.11110955308000926
11236,24.4140625,-0.11111070561232764,5.954840361381277e-10,2.440254159177129e-5,3.31795977030403e-5,0.11111070561232764,-0.11110954813962232
11237,9.765625,-0.1111105640540759,1.2972599948460678e-10,1.1389732195473552e-5,8.953082793250861e-5,0.1111105640540759,-0.11110955908623628
11238,3.90625,-0.1111104365830407,2.1765876121794277e-11,4.665391314969654e-6,9.924399740862905e-5,0.1111104365830407,-0.11110956968105994
11239,1.5625,-0.11111031736088997,1.240805549038869e-10,1.1139145160374153e-5,9.889721027222857e-5,0.11111031736088997,-0.11110957928717533
11240,0.625,-0.11111020125201886,4.080731849561487e-10,2.0200821393105496e-5,9.713308848199313e-5,0.11111020125201886,-0.11110958837145461
11241,0.25,-0.11111008642495937,8.673801185742517e-10,2.945131777313626e-5,9.573559765310191e-5,0.11111008642495937,-0.11110959725154193
11242,0.1,-0.11110997223062918,1.5003465839153603e-9,3.8734307582753564e-5,9.484510061724059e-5,0.11110997223062918,-0.11110960606620676
11243,0.1,-0.11110985875554202,2.301588850149623e-9,4.797487728123568e-5,9.430213219686048e-5,0.11110985875554202,-0.11110961467968718
11244,0.1,-0.11110974608104823,3.265840404162829e-9,5.7147531916635114e-5,9.36739349565867e-5,0.11110974608104823,-0.11110962306078227
11245,0.1,-0.11110963428724331,4.387266241048794e-9,6.623644194134219e-5,9.296113353258372e-5,0.11110963428724331,-0.11110963117936808
11246,0.1,-0.1111095234529517,5.659487600322124e-9,7.52295659984964e-5,9.216448184103758e-5,0.1111095234529517,-0.11110963900651166
11247,0.25,-0.11110941546223124,7.037140536712787e-9,8.388766617753045e-5,9.12889053939474e-5,0.11110941546223124,-0.111109645259254
11248,0.625,-0.11110931498748688,8.398053990636832e-9,9.164089693273868e-5,8.910377881687624e-5,0.11110931498748688,-0.11110964704139303
11249,1.5625,-0.11110923486133863,9.403259951935418e-9,9.697040760941153e-5,8.338176388569064e-5,0.11110923486133863,-0.11110963695523275
11250,3.90625,-0.11110920955250518,9.21933055319111e-9,9.601734506427008e-5,6.852327142861612e-5,0.11110920955250518,-0.111109600560791
11251,9.765625,-0.11110932713655093,6.418445925616187e-9,8.011520408521834e-5,3.284576132715062e-5,0.11110932713655093,-0.11110953340903314
11252,24.4140625,-0.11110997724864168,9.922589230232488e-11,9.961219418440941e-6,4.7471526843128504e-5,0.11110997724864168,-0.1111095723772872
11253,9.765625,-0.11111065470192415,1.0452751646152239e-10,1.0223869935671248e-5,2.6976804909164125e-5,0.11111065470192415,-0.11110957172042094
11254,3.90625,-0.11111090235572181,1.1874491401535462e-10,1.0897013995372982e-5,1.841509923622043e-5,0.11111090235572181,-0.11110957148421939
11255,1.5625,-0.11111110147678437,1.3676910342896352e-10,1.1694832338642718e-5,1.4869909616095995e-5,0.11111110147678437,-0.11110957145514282
11256,0.625,-0.11111128814836846,1.58052447609294e-10,1.2571891170754462e-5,1.3343549922929736e-5,0.11111128814836846,-0.11110957152120486
11257,1.5625,-0.11111139799880768,1.7166997386867503e-10,1.3102288878996488e-5,1.2641736617601908e-5,0.11111139799880768,-0.11110957137546881
11258,3.90625,-0.11111130391993863,1.5932518739308468e-10,1.2622408145559415e-5,1.099553973714234e-5,0.11111130391993863,-0.11110957079581713
11259,9.765625,-0.11111080999133982,9.767073874770313e-11,9.88285073992839e-6,8.353129175307608e-6,0.11111080999133982,-0.11110956986543857
11260,24.4140625,-0.1111102249232425,1.6857928269075688e-11,4.105840750574197e-6,1.1422781255463065e-5,0.1111102249232425,-0.11110957001079207
11261,9.765625,-0.11111048110998255,4.298098029717173e-12,2.073185478850644e-6,1.895283776783849e-5,0.11111048110998255,-0.11110957046358196
11262,3.90625,-0.11111055898062226,4.076786579302977e-12,2.019105390835995e-6,1.9814790988615397e-5,0.11111055898062226,-0.11110957085836937
11263,1.5625,-0.11111061630348636,1.0896011067354319e-11,3.3009106421341246e-6,1.937553064976697e-5,0.11111061630348636,-0.11110957121331533
11264,0.625,-0.11111066847175503,2.3897038226484665e-11,4.888459698768587e-6,1.889153796606847e-5,0.11111066847175503,-0.11110957155083478
11265,0.25,-0.11111071909906363,4.289277352403997e-11,6.5492574788322355e-6,1.8559256474243054e-5,0.11111071909906363,-0.1111095718821929
11266,0.1,-0.11111076925292844,6.782240319633995e-11,8.23543582309643e-6,1.835341665602659e-5,0.11111076925292844,-0.1111095722115811
11267,0.1,-0.11111081756726933,9.842999061293436e-11,9.921188971737932e-6,1.8225391360171815e-5,0.11111081756726933,-0.11110957253251774
11268,0.1,-0.11111086384726683,1.3448969013526896e-10,1.1596969006394255e-5,1.808487877767084e-5,0.11111086384726683,-0.1111095728440702
11269,0.1,-0.11111090790677573,1.7575843295363403e-10,1.32573916346178e-5,1.7931768241458555e-5,0.11111090790677573,-0.11110957314533759
11270,0.1,-0.11111094956891805,2.2197679145265045e-10,1.4898885577540705e-5,1.7766024173964753e-5,0.11111094956891805,-0.11110957343545506
11271,0.25,-0.11111098205446934,2.712708867826633e-10,1.6470303178225448e-5,1.7588923030025603e-5,0.11111098205446934,-0.11110957366571213
11272,0.625,-0.11111099022784252,3.1872666241814543e-10,1.7852917476371905e-5,1.7173111075234852e-5,0.11111099022784252,-0.1111095737292265
11273,1.5625,-0.11111093699800983,3.5101816966311644e-10,1.873547890135495e-5,1.6122376921369945e-5,0.11111093699800983,-0.111109573358464
11274,3.90625,-0.1111107462129873,3.3663053762564746e-10,1.8347494042120506e-5,1.3511164867025632e-5,0.1111107462129873,-0.11110957205447462
11275,9.765625,-0.11111034816511375,2.2634187451634408e-10,1.5044662658775173e-5,8.257197262090432e-6,0.11111034816511375,-0.11110956975817073
11276,24.4140625,-0.1111101187064083,4.4985054205772195e-11,6.70708984625763e-6,1.2177844876884863e-5,0.1111101187064083,-0.11110956956921823
11277,9.765625,-0.11111031120512067,1.0629678634293215e-11,3.260318793353376e-6,2.6175065206523038e-5,0.11111031120512067,-0.1111095704728736
11278,3.90625,-0.11111039409648463,4.326950563933473e-12,2.0801323428891423e-6,2.8479209236740086e-5,0.11111039409648463,-0.1111095713257016
11279,1.5625,-0.11111046181782609,1.441646330609923e-11,3.796901803589241e-6,2.8221417440103012e-5,0.11111046181782609,-0.11110957209860681
11280,0.625,-0.11111052536317319,3.871230566068089e-11,6.2219213801430255e-6,2.7660636233475012e-5,0.11111052536317319,-0.11110957283136431
11281,0.25,-0.1111105875796273,7.672811598313513e-11,8.759458658109822e-6,2.723768247212863e-5,0.1111105875796273,-0.11110957354877393
11282,0.1,-0.11111064936609612,1.2832768463522564e-10,1.1328180994106054e-5,2.696988508502193e-5,0.11111064936609612,-0.11110957426121615
11283,0.1,-0.11111071021889012,1.9304051104667013e-10,1.3893901937420968e-5,2.680458969298225e-5,0.11111071021889012,-0.11110957495681899
11284,0.1,-0.11111077000263003,2.704198613899763e-10,1.6444447737457658e-5,2.66167932791166e-5,0.11111077000263003,-0.11110957563321927
11285,0.1,-0.11111082858552268,3.5997538582357364e-10,1.89730173094206e-5,2.6406607637489178e-5,0.11111082858552268,-0.11110957628813685
11286,0.1,-0.11111088583974199,4.611750636546355e-10,2.1474986930255288e-5,2.6174200684718498e-5,0.11111088583974199,-0.11110957691938536
11287,0.25,-0.11111093800560094,5.702405787480632e-10,2.3879710608549325e-5,2.5921091506710044e-5,0.11111093800560094,-0.1111095774234952
11288,0.625,-0.11111097633884194,6.770757740213055e-10,2.6020679737879744e-5,2.530463585668814e-5,0.11111097633884194,-0.11110957756902388
11289,1.5625,-0.11111097871251083,7.538477790479346e-10,2.7456288515528362e-5,2.371261721452386e-5,0.11111097871251083,-0.11110957676905128
11290,3.90625,-0.11111089651983791,7.328807764554358e-10,2.7071770840775005e-5,1.9648810532668512e-5,0.11111089651983791,-0.11110957389840415
11291,9.765625,-0.11111066601667975,5.016921280435804e-10,2.2398484949736677e-5,1.061160327979312e-5,0.11111066601667975,-0.11110956871084518
11292,24.4140625,-0.11111041303859209,1.0076245459728305e-10,1.003805033845134e-5,1.574434505546085e-5,0.11111041303859209,-0.11110956807001125
11293,9.765625,-0.11111043019349634,2.234736942722186e-11,4.727300437588229e-6,3.799974559161226e-5,0.11111043019349634,-0.111109570016279
11294,3.90625,-0.11111040840491668,6.004083800178478e-12,2.4503232032077887e-6,4.175232621537979e-5,0.11111040840491668,-0.11110957187268465
11295,1.5625,-0.11111038398296483,2.6096793046033024e-11,5.108502035433971e-6,4.149238641516725e-5,0.11111038398296483,-0.11110957355362318
11296,0.625,-0.11111035917035665,7.772362537952221e-11,8.816100349900867e-6,4.071036786456518e-5,0.11111035917035665,-0.11110957514463968
11297,0.25,-0.111110334311099,1.5980051549664917e-10,1.264122286397361e-5,4.0107773835896106e-5,0.111110334311099,-0.1111095767011492
11298,0.1,-0.11111030947837912,2.720407102617539e-10,1.6493656667390463e-5,3.972676365538031e-5,0.11111030947837912,-0.11110957824682308
11299,0.1,-0.11111028450118689,4.134625523074244e-10,2.0333778603777124e-5,3.949463943832387e-5,0.11111028450118689,-0.11110957975675481
11300,0.1,-0.1111102593650659,5.831196090534792e-10,2.4147869658698243e-5,3.9227521478283063e-5,0.1111102593650659,-0.11110958122557205
11301,0.1,-0.11111023405714142,7.799669049606464e-10,2.7927887585004462e-5,3.892566142780869e-5,0.11111023405714142,-0.11110958264809202
11302,0.1,-0.11111020856623316,1.0028653159918998e-9,3.1668048818831575e-5,3.858937322111358e-5,0.11111020856623316,-0.11110958401934176
11303,0.25,-0.1111101822402559,1.2436881173306222e-9,3.5265962589026576e-5,3.8220799406520347e-5,0.1111101822402559,-0.11110958511306475
11304,0.625,-0.11111015372545388,1.480624421069528e-9,3.8478882793936835e-5,3.7306319551025416e-5,0.11111015372545388,-0.11110958542074595
11305,1.5625,-0.11111012009287347,1.653328343562598e-9,4.066114046067323e-5,3.492139307494917e-5,0.11111012009287347,-0.1111095836480758
11306,3.90625,-0.1111100777727078,1.614138892788256e-9,4.017634742965388e-5,2.87680270903998e-5,0.1111100777727078,-0.11110957729140701
11307,9.765625,-0.1111100409683493,1.1135348229006192e-9,3.33696692057416e-5,1.4459543093520759e-5,0.1111100409683493,-0.11110956569847018
11308,24.4140625,-0.1111101407332584,2.2721884409355433e-10,1.5073780020073078e-5,2.1676402953277923e-5,0.1111101407332584,-0.11110956399541058
11309,9.765625,-0.11111027454695353,4.9566396628465105e-11,7.040340661393105e-6,5.6040079640105e-5,0.11111027454695353,-0.11110956826621518
11310,3.90625,-0.11111036617266119,1.0109511072804525e-11,3.17954573371803e-6,6.190177008212158e-5,0.11111036617266119,-0.11110957237203799
11311,1.5625,-0.11111044880801796,5.1873760299169996e-11,7.202344083641797e-6,6.1616138500992e-5,0.11111044880801796,-0.11110957609156588
11312,0.625,-0.11111052869212173,1.6388062981908657e-10,1.2801587003925981e-5,6.0491832287364537e-5,0.11111052869212173,-0.11110957961004794
11313,0.25,-0.11111060771047608,3.4370374204034275e-10,1.8539248691366725e-5,5.9612511430036604e-5,0.11111060771047608,-0.11110958305074044
11314,0.1,-0.11111068649991364,5.907169409548111e-10,2.4304669118398035e-5,5.905519260788829e-5,0.11111068649991364,-0.11110958646697018
11315,0.1,-0.11111076481205061,9.028045735732026e-10,3.004670653454722e-5,5.871665779529377e-5,0.11111076481205061,-0.11110958980501125
11316,0.1,-0.11111084254735247,1.277909543532528e-9,3.5747860684697315e-5,5.8325243910296814e-5,0.11111084254735247,-0.11110959305281139
11317,0.1,-0.11111091960663266,1.7137537883352867e-9,4.139750944604381e-5,5.7881336636311976e-5,0.11111091960663266,-0.11110959619873612
11318,0.1,-0.11111099589128692,2.207847947401792e-9,4.698774252293668e-5,5.7385406571375986e-5,0.11111099589128692,-0.1111095992316144
11319,0.25,-0.11111106895456607,2.7424023562418146e-9,5.23679516139577e-5,5.684051943756752e-5,0.11111106895456607,-0.11110960165186975
11320,0.625,-0.1111111329126743,3.269558405690189e-9,5.7180052515629864e-5,5.547967461442501e-5,0.1111111329126743,-0.1111096023337537
11321,1.5625,-0.1111111722949587,3.6566734776822008e-9,6.047043474031091e-5,5.191746535482289e-5,0.1111111722949587,-0.11110959840626304
11322,3.90625,-0.11111114986487619,3.578315977681112e-9,5.981902688677836e-5,4.268578034205666e-5,0.11111114986487619,-0.11110958428854506
11323,9.765625,-0.11111099578514186,2.4805349280528815e-9,4.9804968909265285e-5,2.0779775683055228e-5,0.11111099578514186,-0.11110955838462759
11324,24.4140625,-0.11111067296251177,5.133565133988253e-10,2.2657372164459525e-5,3.098193669411715e-5,0.11111067296251177,-0.11110955416387534
11325,9.765625,-0.11111054551658245,1.1189843168451734e-10,1.0578205503983997e-5,8.322792467336198e-5,0.11111054551658245,-0.11110956361899976
11326,3.90625,-0.11111042975146447,1.9220444603006418e-11,4.384112749805417e-6,9.222526152963563e-5,0.11111042975146447,-0.1111095727645064
11327,1.5625,-0.11111032136532518,1.0800647324225156e-10,1.0392616284759654e-5,9.189269107443934e-5,0.11111032136532518,-0.11110958105595128
11328,0.625,-0.11111021577335348,3.535919674659753e-10,1.880404125357034e-5,9.024965490100174e-5,0.11111021577335348,-0.11110958889722174
11329,0.25,-0.11111011132771692,7.504920267032278e-10,2.7395109539901968e-5,8.894971633930004e-5,0.11111011132771692,-0.11110959656252269
11330,0.1,-0.11111000744287741,1.2972813446716916e-9,3.6017792057144364e-5,8.812176757575719e-5,0.11111000744287741,-0.11110960417153266
11331,0.1,-0.11110990419600268,1.9893053161914436e-9,4.460162907553314e-5,8.761706692828745e-5,0.11110990419600268,-0.11110961160679832
11332,0.1,-0.11110980166113611,2.8220135525793913e-9,5.312262750071189e-5,8.703319288717108e-5,0.11110980166113611,-0.11110961884139288
11333,0.1,-0.1111096999113117,3.790364713152364e-9,6.156593792960815e-5,8.637072736108829e-5,0.1111096999113117,-0.11110962584931819
11334,0.1,-0.11110959901853563,4.888847891196801e-9,6.992029670415309e-5,8.56303727266699e-5,0.11110959901853563,-0.11110963260560659
11335,0.25,-0.11110950068781984,6.078253276806446e-9,7.796315332775122e-5,8.481670870393506e-5,0.11110950068781984,-0.11110963800220662
11336,0.625,-0.11110940915379698,7.252996226017007e-9,8.516452445717646e-5,8.278617938985088e-5,0.11110940915379698,-0.1111096395382194
11337,1.5625,-0.1111093360615166,8.12016168790331e-9,9.01119397632928e-5,7.746944788548936e-5,0.1111093360615166,-0.11110963082671246
11338,3.90625,-0.11110931274832168,7.959712929534036e-9,8.92172232785466e-5,6.366632148665991e-5,0.11110931274832168,-0.11110959940619257
11339,9.765625,-0.11110941953378158,5.5389141252997946e-9,7.442388141786072e-5,3.056180616120777e-5,0.11110941953378158,-0.1111095414671097
11340,24.4140625,-0.11111001881581734,8.61389270479915e-11,9.281105917291942e-6,4.424574734188322e-5,0.11111001881581734,-0.1111095751594816
11341,9.765625,-0.11111063205556214,9.076758118493678e-11,9.527202169836472e-6,2.5179771916761346e-5,0.11111063205556214,-0.11110957459062637
11342,3.90625,-0.11111085563491399,1.0300973399986277e-10,1.0149371113515495e-5,1.726384483755148e-5,0.11111085563491399,-0.11110957438996844
11343,1.5625,-0.11111103536898874,1.1852805743290527e-10,1.0887059172839342e-5,1.4008504031727609e-5,0.11111103536898874,-0.11110957436955234
11344,0.625,-0.11111120386459929,1.3684772618893125e-10,1.1698193287381228e-5,1.261454010376021e-5,0.11111120386459929,-0.1111095744317857
11345,1.5625,-0.11111130279157558,1.485563411717614e-10,1.2188369094007672e-5,1.1975562837975496e-5,0.11111130279157558,-0.11110957431097167
11346,3.90625,-0.1111112171248407,1.3790895248199404e-10,1.1743464245357672e-5,1.0484098167475898e-5,0.1111112171248407,-0.11110957381491743
11347,9.765625,-0.11111076984512917,8.47171772072552e-11,9.204193457726494e-6,8.119170385952776e-6,0.11111076984512917,-0.11110957301378907
11348,24.4140625,-0.11111024156099442,1.4817835384843038e-11,3.849394158155675e-6,1.0888015872658041e-5,0.11111024156099442,-0.11110957313955337
11349,9.765625,-0.11111047250818379,4.0027065288479966e-12,2.000676517792918e-6,1.7777533786988127e-5,0.11111047250818379,-0.11110957353335574
11350,3.90625,-0.11111054213210615,3.825164903497308e-12,1.955802879509412e-6,1.8568936264093505e-5,0.11111054213210615,-0.11110957387879042
11351,1.5625,-0.11111059324324962,9.728928645232269e-12,3.1191230570838766e-6,1.816299419336048e-5,0.11111059324324962,-0.11110957419048849
11352,0.625,-0.11111063971675861,2.0972992290685867e-11,4.579627964222188e-6,1.7716676312284758e-5,0.11111063971675861,-0.11110957448741819
11353,0.25,-0.11111068480488494,3.7395964350470304e-11,6.1152239820361695e-6,1.7410543091631024e-5,0.11111068480488494,-0.11110957477914693
11354,0.1,-0.11111072946752554,5.89454395642582e-11,7.677593344548681e-6,1.722103453292345e-5,0.11111072946752554,-0.11110957506922696
11355,0.1,-0.11111077246973117,8.540052695941109e-11,9.24124055305407e-6,1.7103241715529996e-5,0.11111077246973117,-0.11110957535200673
11356,0.1,-0.11111081363608914,1.1656626543403216e-10,1.0796585823029063e-5,1.6973960980012645e-5,0.11111081363608914,-0.11110957562668061
11357,0.1,-0.11111085279903893,1.5223280394344415e-10,1.2338265840199917e-5,1.6833096329182186e-5,0.11111085279903893,-0.1111095758924695
11358,0.1,-0.11111088979940877,1.921761453370742e-10,1.3862761100771888e-5,1.6680621576562342e-5,0.11111088979940877,-0.11110957614862647
11359,0.25,-0.11111091852241729,2.347780576704685e-10,1.532246904615795e-5,1.6517716640164574e-5,0.11111091852241729,-0.11110957635300295
11360,0.625,-0.11111092532081109,2.75794170132592e-10,1.6607051819410693e-5,1.613523333415514e-5,0.11111092532081109,-0.11110957641314986
11361,1.5625,-0.11111087676429947,3.0371114025323916e-10,1.742731018411158e-5,1.5169459954120469e-5,0.11111087676429947,-0.11110957609764731
11362,3.90625,-0.11111070428981978,2.9128276603474707e-10,1.706700811609191e-5,1.2776370122840126e-5,0.11111070428981978,-0.1111095749747646
11363,9.765625,-0.11111034560483468,1.9589740373915238e-10,1.3996335368200934e-5,8.025357217818348e-6,0.11111034560483468,-0.11110957299299884
11364,24.4140625,-0.11111014170065654,3.908439934112323e-11,6.2517517018131195e-6,1.1575597779935837e-5,0.11111014170065654,-0.11110957283168832
11365,9.765625,-0.11111031657118617,9.459013932827572e-12,3.075550996622812e-6,2.4448822117971556e-5,0.11111031657118617,-0.11110957361529913
11366,3.90625,-0.11111039224920416,4.053931901653301e-12,2.0134378315839057e-6,2.6574530596031017e-5,0.11111039224920416,-0.11110957435620814
11367,1.5625,-0.11111045418426996,1.2806837678420689e-11,3.57866423102541e-6,2.6333023423732545e-5,0.11111045418426996,-0.11110957502868642
11368,0.625,-0.11111051233253832,3.383124143368066e-11,5.816462965899522e-6,2.5812744398140157e-5,0.11111051233253832,-0.11110957566676781
11369,0.25,-0.11111056927463432,6.670765550247312e-11,8.167475466903657e-6,2.5420808012428742e-5,0.11111056927463432,-0.11110957629171966
11370,0.1,-0.11111062582571042,1.1131866165765402e-10,1.0550765927535973e-5,2.5172796457521502e-5,0.11111062582571042,-0.11110957691243857
11371,0.1,-0.11111068152987458,1.6725723698026306e-10,1.2932796951172746e-5,2.5019779413445455e-5,0.11111068152987458,-0.11110957751860537
11372,0.1,-0.11111073626437257,2.3413715706656856e-10,1.530154100300256e-5,2.4845948539909334e-5,0.11111073626437257,-0.11110957810817833
11373,0.1,-0.11111078990969388,3.115345069965527e-10,1.765034013826795e-5,2.465141128486147e-5,0.11111078990969388,-0.11110957867918846
11374,0.1,-0.1111108423499149,3.9898936295377514e-10,1.9974718094475707e-5,2.443632775395938e-5,0.1111108423499149,-0.11110957922974755
11375,0.25,-0.11111089017767356,4.932338366631127e-10,2.2208868423742634e-5,2.4202108912214333e-5,0.11111089017767356,-0.11110957967037358
11376,0.625,-0.11111092546687606,5.855365038793579e-10,2.419786155591766e-5,2.363169422892458e-5,0.11111092546687606,-0.11110957980097773
11377,1.5625,-0.1111109281568103,6.518284736090185e-10,2.553093170272128e-5,2.2159232419578777e-5,0.1111109281568103,-0.11110957911422338
11378,3.90625,-0.11111085415518686,6.335935589725509e-10,2.5171284412452038e-5,1.8406624172454166e-5,0.11111085415518686,-0.11110957663780195
11379,9.765625,-0.1111106454659376,4.3361899952635e-10,2.082352034422494e-5,1.0134717723963056e-5,0.1111106454659376,-0.11110957216031192
11380,24.4140625,-0.11111041497254046,8.7174369021719e-11,9.336721534977843e-6,1.4843957817043893e-5,0.11111041497254046,-0.11110957161223688
11381,9.765625,-0.1111104287263506,1.954609974552728e-11,4.421097120119313e-6,3.539812098272907e-5,0.1111104287263506,-0.11110957329623743
11382,3.90625,-0.1111104075864752,5.5098348390347635e-12,2.3473037381290825e-6,3.886964712252271e-5,0.1111104075864752,-0.11110957490325611
11383,1.5625,-0.11111038417748047,2.2933361080582624e-11,4.78887889600297e-6,3.862479168364578e-5,0.11111038417748047,-0.11110957635926061
11384,0.625,-0.11111036045204413,6.758678712089168e-11,8.221118361931768e-6,3.789787470373839e-5,0.11111036045204413,-0.11110957773789777
11385,0.25,-0.11111033669620783,1.3853533668687798e-10,1.1770103512156467e-5,3.733834793332417e-5,0.11111033669620783,-0.11110957908688114
11386,0.1,-0.11111031296734532,2.355319978633868e-10,1.5347051764537278e-5,3.6984747778549324e-5,0.11111031296734532,-0.111109580426579
11387,0.1,-0.11111028911166497,3.5772798422878e-10,1.891369832234775e-5,3.676940319015428e-5,0.11111028911166497,-0.11110958173540197
11388,0.1,-0.11111026511737106,5.043054152480518e-10,2.245674542866913e-5,3.652160222575919e-5,0.11111026511737106,-0.11110958300871115
11389,0.1,-0.11111024097411187,6.743612618369918e-10,2.596846668243991e-5,3.6241581502423715e-5,0.11111024097411187,-0.11110958424203093
11390,0.1,-0.11111021667307285,8.669111462524609e-10,2.944335487427445e-5,3.5929635902421724e-5,0.11111021667307285,-0.11110958543106698
11391,0.25,-0.11111019165081878,1.0749287426513594e-9,3.278610593912244e-5,3.5587755748910776e-5,0.11111019165081878,-0.11110958638028484
11392,0.625,-0.11111016474900248,1.2795580907454838e-9,3.577091123728167e-5,3.473948773478717e-5,0.11111016474900248,-0.11110958665031616
11393,1.5625,-0.1111101334974286,1.4286336130279008e-9,3.77972699150071e-5,3.252769737367147e-5,0.1111101334974286,-0.11110958512300464
11394,3.90625,-0.11111009512038426,1.3945342661570665e-9,3.734346349974874e-5,2.6825596066271877e-5,0.11111009512038426,-0.11110957963619787
11395,9.765625,-0.11111006342933974,9.617266423288837e-10,3.1011717822927575e-5,1.3630760300311727e-5,0.11111006342933974,-0.11110956963033247
11396,24.4140625,-0.11111015808881028,1.9618685147020192e-10,1.400667167710452e-5,2.030972044419471e-5,0.11111015808881028,-0.11110956817175642
11397,9.765625,-0.11111028117245793,4.298563906891854e-11,6.556343422130855e-6,5.213045707281295e-5,0.11111028117245793,-0.1111095718625561
11398,3.90625,-0.11111036583336675,9.07138448758901e-12,3.011873916283517e-6,5.7560684814229024e-5,0.11111036583336675,-0.11110957541046015
11399,1.5625,-0.11111044224596499,4.526508583677502e-11,6.7279332515100816e-6,5.729069618702574e-5,0.11111044224596499,-0.11110957862520685
11400,0.625,-0.11111051612615211,1.42094938270865e-10,1.192035814356536e-5,5.624492721250879e-5,0.11111051612615211,-0.11110958166668101
11401,0.25,-0.11111058920475506,2.9746883935014764e-10,1.7247284984893932e-5,5.5427821276827466e-5,0.11111058920475506,-0.11110958464117612
11402,0.1,-0.11111066206677328,5.108473512597803e-10,2.2601932467375e-5,5.491016481230383e-5,0.11111066206677328,-0.1111095875946507
11403,0.1,-0.11111073448740134,7.804019596478909e-10,2.7935675392728397e-5,5.459583006576807e-5,0.11111073448740134,-0.11110959048061043
11404,0.1,-0.11111080637558486,1.1043556268913108e-9,3.3231846576609475e-5,5.42324003674772e-5,0.11111080637558486,-0.11110959328865107
11405,0.1,-0.1111108776406071,1.4807404729295236e-9,3.848039075853471e-5,5.382023615737755e-5,0.1111108776406071,-0.11110959600872933
11406,0.1,-0.1111109481922997,1.90740613175803e-9,4.367386096692197e-5,5.335977708283813e-5,0.1111109481922997,-0.11110959863120157
11407,0.25,-0.1111110157953316,2.3689789072099373e-9,4.867215741273379e-5,5.2853871204413444e-5,0.1111110157953316,-0.11110960072454923
11408,0.625,-0.1111110750719329,2.8241030860915903e-9,5.314229093755359e-5,5.159028891633475e-5,0.1111110750719329,-0.11110960131654199
11409,1.5625,-0.11111111187503182,3.158168547527891e-9,5.619758489052613e-5,4.828295024412925e-5,0.11111111187503182,-0.11110959792799932
11410,3.90625,-0.11111109211094619,3.0900316078834283e-9,5.558805274412325e-5,3.971508369706875e-5,0.11111109211094619,-0.11110958574124886
11411,9.765625,-0.11111095155687978,2.1413676865253644e-9,4.6274914224937945e-5,1.943403032011046e-5,0.11111095155687978,-0.11110956338655316
11412,24.4140625,-0.1111106543237786,4.4283432600162715e-10,2.1043629107205513e-5,2.8920120814245104e-5,0.1111106543237786,-0.11110955976772907
11413,9.765625,-0.11111053540306576,9.666839432621217e-11,9.832008661825526e-6,7.736580082498975e-5,0.11111053540306576,-0.11110956793304155
11414,3.90625,-0.11111042774645623,1.6970709777213817e-11,4.1195521330860495e-6,8.570663100445867e-5,0.11111042774645623,-0.11110957582853599
11415,1.5625,-0.11111032698093135,9.38704222412752e-11,9.68867494765281e-6,8.539146785944385e-5,0.11111032698093135,-0.11110958298687502
11416,0.625,-0.11111022881028555,3.0609167908980247e-10,1.7495475960653442e-5,8.386295138667375e-5,0.11111022881028555,-0.11110958975696986
11417,0.25,-0.1111101316940537,6.489057354452902e-10,2.5473628234809625e-5,8.265465096884519e-5,0.1111101316940537,-0.11110959637542119
11418,0.1,-0.11111003508489475,1.1210847546738477e-9,3.3482603761861885e-5,8.188535294023004e-5,0.11111003508489475,-0.11110960294543268
11419,0.1,-0.11110993905614891,1.7186075613891496e-9,4.145609196956642e-5,8.141653175888333e-5,0.11110993905614891,-0.1111096093654565
11420,0.1,-0.11110984367773342,2.437544652222209e-9,4.9371496353890354e-5,8.087417227660438e-5,0.11110984367773342,-0.11110961561225327
11421,0.1,-0.11110974901870903,3.273542599356527e-9,5.721488092582669e-5,8.025881663784757e-5,0.11110974901870903,-0.11110962166338585
11422,0.1,-0.11110965514726005,4.2218425279907935e-9,6.497570721424118e-5,7.957111918418229e-5,0.11110965514726005,-0.1111096274973067
11423,0.25,-0.11110956366694147,5.248572151037676e-9,7.244702996698813e-5,7.881533460820662e-5,0.11110956366694147,-0.11110963215726612
11424,0.625,-0.11110947856100485,6.262526026080045e-9,7.913612339557735e-5,7.692913913140064e-5,0.11110947856100485,-0.11110963348413369
11425,1.5625,-0.11110941077457878,7.010698307471421e-9,8.37299128595714e-5,7.19905230632182e-5,0.11110941077457878,-0.11110962596440291
11426,3.90625,-0.111109389680194,6.871247100689129e-9,8.289298583528723e-5,5.917155486807899e-5,0.111109389680194,-0.11110959884385102
11427,9.765625,-0.11110949001727813,4.780026204654666e-9,6.913773358054678e-5,2.8464841359377012e-5,0.11110949001727813,-0.11110954885171233
11428,24.4140625,-0.11111003939906729,7.482612187593341e-11,8.650209354456887e-6,4.122287774818712e-5,0.11111003939906729,-0.11110957796901592
11429,9.765625,-0.11111061525765137,7.881027981860366e-11,8.877515407962054e-6,2.353063934495404e-5,0.11111061525765137,-0.11110957747920312
11430,3.90625,-0.11111082547614368,8.938436113802463e-11,9.454330285008275e-6,1.6220733663690656e-5,0.11111082547614368,-0.11110957730987807
11431,1.5625,-0.11111099447261033,1.0278866726902346e-10,1.0138474602671916e-5,1.3232633970592374e-5,0.11111099447261033,-0.11110957729719124
11432,0.625,-0.11111115289759992,1.1861257849579913e-10,1.0890940202562822e-5,1.1959440190107755e-5,0.11111115289759992,-0.11110957735627208
11433,1.5625,-0.11111124601223575,1.2871366220538848e-10,1.1345204370366735e-5,1.1377555244332516e-5,0.11111124601223575,-0.11110957725687133
11434,3.90625,-0.11111116578794547,1.1947687016547459e-10,1.0930547569334053e-5,1.0025622209923807e-5,0.11111116578794547,-0.11110957683260524
11435,9.765625,-0.11111074583695743,7.346716151406615e-11,8.571298706384358e-6,7.909555552322178e-6,0.11111074583695743,-0.11110957614360079
11436,24.4140625,-0.11111024910074259,1.3079860687623256e-11,3.616609003973647e-6,1.0401468673356998e-5,0.11111024910074259,-0.11110957625168937
11437,9.765625,-0.1111104664777661,3.748674077664313e-12,1.9361492911612765e-6,1.6695653024035473e-5,0.1111104664777661,-0.11110957659474233
11438,3.90625,-0.11111053238431064,3.611126543947719e-12,1.9002964358088238e-6,1.742028479523051e-5,0.11111053238431064,-0.11110957689750013
11439,1.5625,-0.11111058086242771,8.726429748533209e-12,2.954053105232404e-6,1.704470918082486e-5,0.11111058086242771,-0.1111095771717754
11440,0.625,-0.1111106249697509,1.845506571367891e-11,4.295935953163049e-6,1.6633193190395645e-5,0.1111106249697509,-0.11110957743357366
11441,0.25,-0.11111066777018183,3.265792348506122e-11,5.714711146248883e-6,1.6351263752444293e-5,0.11111066777018183,-0.1111095776909981
11442,0.1,-0.11111071016859364,5.12898718329625e-11,7.161694759829024e-6,1.6176861235308786e-5,0.11111071016859364,-0.11110957794704847
11443,0.1,-0.11111075100546768,7.415975001686381e-11,8.611605542340162e-6,1.6068512001324075e-5,0.11111075100546768,-0.11110957819678999
11444,0.1,-0.1111107901156516,1.010989486528726e-10,1.005479729546412e-5,1.594961530498717e-5,0.1111107901156516,-0.11110957843952635
11445,0.1,-0.11111082734136694,1.319259823942731e-10,1.1485903638559446e-5,1.5820088811042492e-5,0.11111082734136694,-0.11110957867458472
11446,0.1,-0.11111086253271203,1.664471347925057e-10,1.2901439252754155e-5,1.5679915230599407e-5,0.11111086253271203,-0.11110957890131933
11447,0.25,-0.11111088993928102,2.0326199295399093e-10,1.425699803443877e-5,1.55301862399993e-5,0.11111088993928102,-0.11110957908325146
11448,0.625,-0.11111089672409252,2.3869796780816097e-10,1.544985332642873e-5,1.5178746959477438e-5,0.11111089672409252,-0.11110957914041085
11449,1.5625,-0.11111085143348969,2.6279460970240843e-10,1.621094104925462e-5,1.4292322345861276e-5,0.11111085143348969,-0.11110957887266021
11450,3.90625,-0.11111068951258218,2.5199069759171146e-10,1.5874214865362994e-5,1.2103649405863922e-5,0.11111068951258218,-0.11110957790673967
11451,9.765625,-0.11111035200906454,1.6948294213447565e-10,1.301856144643008e-5,7.823115580155973e-6,0.11111035200906454,-0.11110957619815076
11452,24.4140625,-0.11111015825034036,3.400619932102647e-11,5.8314834580084745e-6,1.1026715234501829e-5,0.11111015825034036,-0.11110957605952933
11453,9.765625,-0.11111032170267196,8.44892126153561e-12,2.90670281617086e-6,2.2845826132615468e-5,0.11111032170267196,-0.11110957673911344
11454,3.90625,-0.11111039217650065,3.806569292045783e-12,1.9510431292121103e-6,2.4807050843061953e-5,0.11111039217650065,-0.11110957738318783
11455,1.5625,-0.11111044978446542,1.1388585277300823e-11,3.3746978053302527e-6,2.4581731760658267e-5,0.11111044978446542,-0.1111095779688045
11456,0.625,-0.11111050384861135,2.956685406828655e-11,5.437541178537093e-6,2.409972969748059e-5,0.11111050384861135,-0.11110957852499882
11457,0.25,-0.11111055678344253,5.797956856045958e-11,7.614431597989411e-6,2.3736973526728752e-5,0.11111055678344253,-0.11110957906997809
11458,0.1,-0.11111060935134955,9.652552652732574e-11,9.824740532315637e-6,2.3507542370441575e-5,0.11111060935134955,-0.11110957961135551
11459,0.1,-0.11111066112579328,1.4485286680931662e-10,1.2035483654981075e-5,2.3366042655981262e-5,0.11111066112579328,-0.11110958014016434
11460,0.1,-0.11111071199205359,2.0262785779524043e-10,1.4234741226844991e-5,2.3205306826367023e-5,0.11111071199205359,-0.11110958065464117
11461,0.1,-0.11111076183846252,2.694842055672227e-10,1.6415974097421778e-5,2.3025438724612653e-5,0.11111076183846252,-0.11110958115308607
11462,0.1,-0.11111081055672424,3.450245079386886e-10,1.8574835340823042e-5,2.282659158926891e-5,0.11111081055672424,-0.1111095816338683
11463,0.25,-0.11111085496074126,4.264239151102822e-10,2.0650034264143054e-5,2.2610075147495847e-5,0.11111085496074126,-0.11110958201963983
11464,0.625,-0.11111088764026164,5.061353272443894e-10,2.2497451572220116e-5,2.2082814753836592e-5,0.11111088764026164,-0.11110958213749719
11465,1.5625,-0.11111088984394811,5.633563472330303e-10,2.373512897022113e-5,2.072243892208409e-5,0.11111088984394811,-0.11110958154909147
11466,3.90625,-0.11111082037899897,5.475215367072164e-10,2.3399178120336115e-5,1.7261732936960547e-5,0.11111082037899897,-0.11110957941452132
11467,9.765625,-0.11111062520469533,3.7467312295228593e-10,1.9356474961941958e-5,9.7059627668212e-6,0.11111062520469533,-0.11110957555177538
11468,24.4140625,-0.11111041071362217,7.546927287263327e-11,8.687305271062672e-6,1.4009027331094098e-5,0.11111041071362217,-0.11110957508126089
11469,9.765625,-0.11111042462711984,1.7138918601480422e-11,4.139917704674867e-6,3.29785985220034e-5,0.11111042462711984,-0.11110957653810058
11470,3.90625,-0.11111040564653937,5.069163422421223e-12,2.251480273602508e-6,3.619085705683795e-5,0.11111040564653937,-0.1111095779295142
11471,1.5625,-0.1111103844724836,2.0154951090433654e-11,4.489426588155068e-6,3.596132679869291e-5,0.1111103844724836,-0.11110957919113591
11472,0.625,-0.11111036297763768,5.87465005554138e-11,7.664626576384122e-6,3.528632422089441e-5,0.11111036297763768,-0.1111095803862469
11473,0.25,-0.11111034144399191,1.2003761439558456e-10,1.0956167869998367e-5,3.476716546432427e-5,0.11111034144399191,-0.11110958155588739
11474,0.1,-0.11111031993009109,2.0381536802545973e-10,1.4276391982061144e-5,3.443918847540024e-5,0.11111031993009109,-0.11110958271756967
11475,0.1,-0.11111029829115848,3.0934629969459994e-10,1.7588243223659375e-5,3.423949063004497e-5,0.11111029829115848,-0.11110958385259076
11476,0.1,-0.1111102765156109,4.359239303914269e-10,2.0878791401597625e-5,3.400970952506495e-5,0.1111102765156109,-0.11110958495694569
11477,0.1,-0.11111025459323931,5.827682473548704e-10,2.4140593351342265e-5,3.37500677070261e-5,0.11111025459323931,-0.11110958602677085
11478,0.1,-0.11111023251529696,7.490289877869369e-10,2.7368393957025262e-5,3.3460842270807714e-5,0.11111023251529696,-0.1111095870583597
11479,0.25,-0.11111020974069594,9.286352241087181e-10,3.0473516766345137e-5,3.31438824001056e-5,0.11111020974069594,-0.11110958788280664
11480,0.625,-0.11111018515201687,1.105296049863897e-9,3.324599298959045e-5,3.235751189668193e-5,0.11111018515201687,-0.11110958812064899
11481,1.5625,-0.11111015634793496,1.233945337949927e-9,3.5127558098306905e-5,3.0307665354615712e-5,0.11111015634793496,-0.1111095868062934
11482,3.90625,-0.11111012049920989,1.204346008600175e-9,3.4703688688670764e-5,2.5027818678064623e-5,0.11111012049920989,-0.11110958207303276
11483,9.765625,-0.11111008998312917,8.304032444150855e-10,2.8816718140952233e-5,1.2875273686499355e-5,0.11111008998312917,-0.11110957343977286
11484,24.4140625,-0.11111017582005969,1.6944792147284922e-10,1.301721634885313e-5,1.903650947833974e-5,0.11111017582005969,-0.11110957218771508
11485,9.765625,-0.11111028959879722,3.732843167272425e-11,6.10969980217721e-6,4.849306539550004e-5,0.11111028959879722,-0.11110957537659559
11486,3.90625,-0.1111103676956217,8.152557611723975e-12,2.8552683957421544e-6,5.352486552074747e-5,0.1111103676956217,-0.11110957844245554
11487,1.5625,-0.11111043815398479,3.947867499485201e-11,6.28320578963096e-6,5.327094416646045e-5,0.11111043815398479,-0.11110958122122525
11488,0.625,-0.1111105062655368,1.2313546971370166e-10,1.1096642272043452e-5,5.229893901465211e-5,0.1111105062655368,-0.11110958385072535
11489,0.25,-0.11111057363076329,2.573188086344362e-10,1.6041159828218038e-5,5.154000923223512e-5,0.11111057363076329,-0.11110958642256447
11490,0.1,-0.11111064079027261,4.4156371190456233e-10,2.101341742564884e-5,5.105935644642714e-5,0.11111064079027261,-0.11110958897633501
11491,0.1,-0.11111070753611908,6.742906256439276e-10,2.596710660901456e-5,5.076755223984299e-5,0.11111070753611908,-0.11110959147182217
11492,0.1,-0.11111077378439806,9.539650075301978e-10,3.088632395624636e-5,5.043018484145688e-5,0.11111077378439806,-0.11110959390004685
11493,0.1,-0.11111083945155815,1.2788875595216772e-9,3.576153743229836e-5,5.004759102338823e-5,0.11111083945155815,-0.1111095962523413
11494,0.1,-0.11111090445459565,1.6472014464057463e-9,4.058572959065472e-5,4.9620181469751135e-5,0.11111090445459565,-0.11110959852038373
11495,0.25,-0.1111109667298095,2.0456279405919574e-9,4.522861860141162e-5,4.9150602267682756e-5,0.1111109667298095,-0.1111096003315787
11496,0.625,-0.11111102131416577,2.4384491338916156e-9,4.9380655462353026e-5,4.7977758616715404e-5,0.11111102131416577,-0.11110960084656671
11497,1.5625,-0.11111105515512051,2.726685246291908e-9,5.221767178160961e-5,4.490828889932553e-5,0.11111105515512051,-0.11110959792518282
11498,3.90625,-0.11111103680844422,2.667564135591971e-9,5.16484669239269e-5,3.6960068397975785e-5,0.11111103680844422,-0.1111095874094929
11499,9.765625,-0.11111090708608538,1.8481973135490328e-9,4.29906654234269e-5,1.8196489244423586e-5,0.11111090708608538,-0.11110956812211602
11500,24.4140625,-0.11111063308278693,3.8207458821343244e-10,1.954672832505308e-5,2.699622295295149e-5,0.11111063308278693,-0.11110956501436842
11501,9.765625,-0.11111052341222967,8.357371455319165e-11,9.141866032336706e-6,7.191258615627975e-5,0.11111052341222967,-0.11110957206440993
11502,3.90625,-0.11111042409017884,1.49902332375355e-11,3.871722257282346e-6,7.964683536910424e-5,0.11111042409017884,-0.11110957888051098
11503,1.5625,-0.11111033111526467,8.152304812514658e-11,9.029011469986434e-6,7.934975539791836e-5,0.11111033111526467,-0.111109585060715
11504,0.625,-0.11111024052421449,2.6482024906374756e-10,1.627329865343064e-5,7.792858730323419e-5,0.11111024052421449,-0.11110959090617419
11505,0.25,-0.11111015089487108,5.608045007791561e-10,2.3681311213257515e-5,7.680586323614667e-5,0.11111015089487108,-0.11110959662095962
11506,0.1,-0.11111006172159686,9.684176194145336e-10,3.111940904667911e-5,7.609123775226215e-5,0.11111006172159686,-0.11110960229404758
11507,0.1,-0.11110997307305688,1.484187058539126e-9,3.8525148390877434e-5,7.565581051129005e-5,0.11110997307305688,-0.11110960783768273
11508,0.1,-0.11110988501443375,2.1047204809042443e-9,4.587723270756688e-5,7.515209657738673e-5,0.11110988501443375,-0.11110961323181273
11509,0.1,-0.11110979761020173,2.826259626748012e-9,5.316257731476167e-5,7.458060093371302e-5,0.11110979761020173,-0.11110961845707744
11510,0.1,-0.11110971092410042,3.644696270816579e-9,6.0371319936014146e-5,7.394193306338514e-5,0.11110971092410042,-0.11110962349488501
11511,0.25,-0.11110962644586242,4.5307816611381996e-9,6.731108126555537e-5,7.324004590782645e-5,0.11110962644586242,-0.11110962751936809
11512,0.625,-0.11110954787747865,5.4057640660524024e-9,7.352390132502766e-5,7.148835028756461e-5,0.11110954787747865,-0.11110962866695485
11513,1.5625,-0.1111094853894247,6.051196365553978e-9,7.778943607941876e-5,6.690216498026539e-5,0.1111094853894247,-0.11110962217925935
11514,3.90625,-0.11110946624186513,5.930234034570347e-9,7.700801279458098e-5,5.500051576639535e-5,0.11110946624186513,-0.11110959877693931
11515,9.765625,-0.11110955954309885,4.124489649840379e-9,6.422218969982555e-5,2.6528758422050857e-5,0.11110955954309885,-0.11110955564842502
11516,24.4140625,-0.11110991172287396,8.623216340055405e-10,2.9365313449809122e-5,3.9092523650712315e-5,0.11110991172287396,-0.11110954817289043
11517,9.765625,-0.11111013640659241,1.8830599541799136e-10,1.3722463168760605e-5,0.00010712282529973339,0.11111013640659241,-0.11110956385976609
11518,3.90625,-0.11111031486301017,2.8854643013921948e-11,5.371651795669741e-6,0.0001189281217951744,0.11111031486301017,-0.11110957909928808
11519,1.5625,-0.11111047958726719,1.718461651978232e-10,1.3109010839793489e-5,0.00011857943013556678,0.11111047958726719,-0.11110959292632137
11520,0.625,-0.11111063995296838,5.760312482352204e-10,2.4000650996071344e-5,0.00011649172475438515,0.11111063995296838,-0.11110960600219338
11521,0.25,-0.11111079904500085,1.2322032610399124e-9,3.510275289831144e-5,0.0001148268624327227,0.11111079904500085,-0.11110961878236603
11522,0.1,-0.1111109579425406,2.1379641671947e-9,4.623812460724051e-5,0.00011376290077437447,0.1111109579425406,-0.11110963146682666
11523,0.1,-0.11111111633388954,3.2856464529945256e-9,5.7320558728910916e-5,0.0001131127353436219,0.11111111633388954,-0.11110964386261524
11524,0.1,-0.1111112740440016,4.667723940385495e-9,6.832074311938868e-5,0.00011236046966077384,0.1111112740440016,-0.11110965592487808
11525,0.1,-0.1111114308958987,6.2758542447270165e-9,7.922028935018489e-5,0.00011150683313692508,0.1111114308958987,-0.11110966761029789
11526,0.1,-0.11111158671109038,8.100913969574775e-9,9.000507746552288e-5,0.00011055271036534666,0.11111158671109038,-0.11110967887726056
11527,0.25,-0.11111173754350838,1.0078151921246251e-8,0.00010038999910970341,0.00010950398055162985,0.11111173754350838,-0.11110968788767459
11528,0.625,-0.11111187369819508,1.203306600962577e-8,0.00010969533267019965,0.0001068883401834928,0.11111187369819508,-0.11110969048841136
11529,1.5625,-0.11111196919204355,1.3481207290655997e-8,0.00011610860127766589,0.0001000389687312072,0.11111196919204355,-0.11110967606294987
11530,3.90625,-0.11111195916045732,1.323018429858758e-8,0.0001150225382200705,8.224294229409475e-5,0.11111195916045732,-0.11110962384543492
11531,9.765625,-0.1111117091893759,9.230925142257887e-9,9.607770366873829e-5,3.937167324626161e-5,0.1111117091893759,-0.11110952720638449
11532,24.4140625,-0.11111126263259301,1.4175368221113058e-10,1.1906035537118583e-5,5.62593876825653e-5,0.11111126263259301,-0.11110958277624908
11533,9.765625,-0.11110988943236176,1.47467954069227e-10,1.2143638419733478e-5,3.269217058986149e-5,0.11110988943236176,-0.11110958193629454
11534,3.90625,-0.1111093715440338,1.7005412802728114e-10,1.3040480360296593e-5,2.2290448670854496e-5,0.1111093715440338,-0.11110958160315053
11535,1.5625,-0.11110895494075015,1.9856610909861248e-10,1.4091348732417792e-5,1.7773962280517545e-5,0.11110895494075015,-0.11110958155212769
11536,0.625,-0.11110856463030813,2.3230931119793503e-10,1.5241696467189439e-5,1.5770622164980535e-5,0.11110856463030813,-0.11110958163456117
11537,1.5625,-0.11110833012096076,2.53875567401768e-10,1.593347317447668e-5,1.4839324142884266e-5,0.11110833012096076,-0.11110958139855917
11538,3.90625,-0.11110851181640816,2.3358339189129107e-10,1.528343521238897e-5,1.2605854003839885e-5,0.11110851181640816,-0.11110958052095762
11539,9.765625,-0.11110952071900007,1.3846536717153343e-10,1.1767130796057866e-5,8.941000356837721e-6,0.11110952071900007,-0.11110957917806098
11540,24.4140625,-0.11111077109126696,2.4230642005100065e-11,4.922463001902611e-6,1.2960586185376316e-5,0.11111077109126696,-0.1111095793712679
11541,9.765625,-0.11111022941821305,5.1622212678647765e-12,2.272052215039253e-6,2.2396698595590387e-5,0.11111022941821305,-0.1111095800275554
11542,3.90625,-0.1111100453177489,5.074782885658652e-12,2.252727876521852e-6,2.3418306983336502e-5,0.1111100453177489,-0.11110958058158099
11543,1.5625,-0.1111099053097775,1.5206441401542665e-11,3.899543742739997e-6,2.285353387718448e-5,0.1111099053097775,-0.1111095810745477
11544,0.625,-0.11110977663995075,3.4313330739981454e-11,5.8577581667376345e-6,2.224926435301167e-5,0.11110977663995075,-0.11110958154140776
11545,0.25,-0.11110965142945742,6.21350770746804e-11,7.882580610097203e-6,2.183816341747885e-5,0.11110965142945742,-0.11110958199918003
11546,0.1,-0.11110952731729806,9.859003888682601e-11,9.929251678088637e-6,2.158524004429776e-5,0.11110952731729806,-0.11110958245414361
11547,0.1,-0.11110940703255913,1.4328556116580912e-10,1.197019470041357e-5,2.1429096355196294e-5,0.11110940703255913,-0.11110958289689918
11548,0.1,-0.11110929099325184,1.958821877730421e-10,1.3995791787999782e-5,2.1257295922867672e-5,0.11110929099325184,-0.11110958332608653
11549,0.1,-0.11110917959998325,2.5601472562194954e-10,1.600046016906856e-5,2.106972904161702e-5,0.11110917959998325,-0.1111095837403937
11550,0.1,-0.11110907323474199,3.2329376482856914e-10,1.798037165435045e-5,2.0866376023980084e-5,0.11110907323474199,-0.11110958413856492
11551,0.25,-0.11110898601709322,3.9484977007790495e-10,1.987082711106674e-5,2.064881420542813e-5,0.11110898601709322,-0.11110958444971361
11552,0.625,-0.11110894965163046,4.6320325574008556e-10,2.1522157320772598e-5,2.0135153981905747e-5,0.11110894965163046,-0.1111095845187833
11553,1.5625,-0.11110904230086024,5.082965468034862e-10,2.2545432947794242e-5,1.8835100635323827e-5,0.11110904230086024,-0.11110958396032974
11554,3.90625,-0.11110942694172705,4.839242210035642e-10,2.1998277682663344e-5,1.5604411917666607e-5,0.11110942694172705,-0.11110958206825802
11555,9.765625,-0.11111026875461456,3.225229277902152e-10,1.795892334718914e-5,9.058629807648705e-6,0.11111026875461456,-0.11110957879115528
11556,24.4140625,-0.11111085198939696,6.425531368134877e-11,8.015941222423526e-6,1.4028298871905789e-5,0.11111085198939696,-0.11110957850707955
11557,9.765625,-0.11111049182846315,1.417522008329048e-11,3.764999347050472e-6,3.0997035719289446e-5,0.11111049182846315,-0.11110957979467342
11558,3.90625,-0.1111103471634369,4.870244737454559e-12,2.206863098938074e-6,3.382157553521636e-5,0.1111103471634369,-0.1111095810047141
11559,1.5625,-0.11111023180229232,1.911514305144489e-11,4.372086807400431e-6,3.352485927220572e-5,0.11111023180229232,-0.11110958209767713
11560,0.625,-0.11111012447362562,5.37469668627283e-11,7.331232288144218e-6,3.285329667494711e-5,0.11111012447362562,-0.11110958313185805
11561,0.25,-0.11111001973463042,1.0806283310917728e-10,1.0395327465220963e-5,3.234471902887675e-5,0.11111001973463042,-0.11110958414346689
11562,0.1,-0.11110991587854557,1.8186639601571067e-10,1.348578496105105e-5,3.2022214571162974e-5,0.11110991587854557,-0.11110958514770106
11563,0.1,-0.11110981385048661,2.7448457758814947e-10,1.656757609272248e-5,3.182303002051249e-5,0.11110981385048661,-0.11110958612783264
11564,0.1,-0.1111097139014825,3.8527684552857797e-10,1.962847027989135e-5,3.159665761699978e-5,0.1111097139014825,-0.11110958708047224
11565,0.1,-0.11110961627485973,5.135399815006621e-10,2.2661420553457414e-5,3.134321848096895e-5,0.11110961627485973,-0.11110958800234975
11566,0.1,-0.11110952120554873,6.585109023560127e-10,2.5661467268182714e-5,3.106290068317904e-5,0.11110952120554873,-0.11110958889032961
11567,0.25,-0.11110943573078404,8.147736531790025e-10,2.854424028029127e-5,3.075751680369116e-5,0.11110943573078404,-0.11110958959649872
11568,0.625,-0.11110937617372377,9.678552450284377e-10,3.111037198473264e-5,3.0013152501909947e-5,0.11110937617372377,-0.11110958978974082
11569,1.5625,-0.11110938370109914,1.0778815888781448e-9,3.2831107030956856e-5,2.808867749713088e-5,0.11110938370109914,-0.11110958863031065
11570,3.90625,-0.1111095480141014,1.0480669828159177e-9,3.2373862648993827e-5,2.3161116975278172e-5,0.1111095480141014,-0.11110958450814219
11571,9.765625,-0.11110998205121628,7.180781868423327e-10,2.6796980927752527e-5,1.1999604677468793e-5,0.11110998205121628,-0.11110957706291533
11572,24.4140625,-0.1111104207763805,1.4465663678517472e-10,1.2027328746865395e-5,1.823545390168039e-5,0.1111104207763805,-0.11110957609718547
11573,9.765625,-0.1111103418319199,3.134494499882611e-11,5.59865564210071e-6,4.5275303712755496e-5,0.1111103418319199,-0.11110957887816943
11574,3.90625,-0.11111034597173386,7.293046386355849e-12,2.7005640866966753e-6,4.9842883244204366e-5,0.11111034597173386,-0.11110958153213701
11575,1.5625,-0.11111035841151884,3.557295049234246e-11,5.964306371435195e-6,4.9553502927638023e-5,0.11111035841151884,-0.11110958393313637
11576,0.625,-0.11111037278347795,1.0912387180292572e-10,1.044623720786225e-5,4.8623092135916435e-5,0.11111037278347795,-0.11110958620403455
11577,0.25,-0.11111038775698935,2.2638055400415622e-10,1.5045948092564862e-5,4.790267631751423e-5,0.11111038775698935,-0.11110958842477822
11578,0.1,-0.11111040296187553,3.869279637877708e-10,1.967048458446743e-5,4.744626060689324e-5,0.11111040296187553,-0.11110959062963444
11579,0.1,-0.11111041874770163,5.893659379191286e-10,2.4276860133038798e-5,4.7167840988455644e-5,0.11111041874770163,-0.11110959278329799
11580,0.1,-0.11111043516705792,8.323409994279768e-10,2.8850320612221572e-5,4.684732973469736e-5,0.11111043516705792,-0.11110959487805366
11581,0.1,-0.11111045226849041,1.114358451357142e-9,3.338200789882391e-5,4.648502395799061e-5,0.11111045226849041,-0.11110959690645665
11582,0.1,-0.11111047009630505,1.4337886653823459e-9,3.7865401957226676e-5,4.608129386038969e-5,0.11111047009630505,-0.11110959886136366
11583,0.25,-0.11111049049944347,1.779028239754491e-9,4.217852818383414e-5,4.5638712428190164e-5,0.11111049049944347,-0.11110960041899805
11584,0.625,-0.11111051754319194,2.118922818859661e-9,4.603175880693308e-5,4.454062082234899e-5,0.11111051754319194,-0.1111096008510639
11585,1.5625,-0.11111056083407711,2.3672443729807052e-9,4.865433560311666e-5,4.167544012139262e-5,0.11111056083407711,-0.11110959830271921
11586,3.90625,-0.11111063773453955,2.3128542313166068e-9,4.8092143134992506e-5,3.426989121570975e-5,0.11111063773453955,-0.11110958918035486
11587,9.765625,-0.11111074687642228,1.5981467249723044e-9,3.997682735000746e-5,1.6863309973685077e-5,0.11111074687642228,-0.11110957251697846
11588,24.4140625,-0.11111068710024913,3.2734996121716845e-10,1.8092815182197836e-5,2.544078141452392e-5,0.11111068710024913,-0.11110956997960214
11589,9.765625,-0.11111050433872195,7.083452564331108e-11,8.41632494877135e-6,6.699175913654227e-5,0.11111050433872195,-0.11110957610076144
11590,3.90625,-0.11111038787472337,1.3055053510045135e-11,3.6131777578808843e-6,7.409328077496983e-5,0.11111038787472337,-0.11110958199399447
11591,1.5625,-0.11111028433057873,7.205909470731678e-11,8.488762849044422e-6,7.37764318450069e-5,0.11111028433057873,-0.11110958733196345
11592,0.625,-0.11111018482557812,2.3202001177200744e-10,1.523220311616174e-5,7.243673672464651e-5,0.11111018482557812,-0.11110959237974201
11593,0.25,-0.11111008677523919,4.894265642368697e-10,2.21229872358339e-5,7.138436391626665e-5,0.11111008677523919,-0.11110959731469479
11594,0.1,-0.11110998932502326,8.433654546356059e-10,2.904075506311098e-5,7.071573586823735e-5,0.11110998932502326,-0.11110960221379071
11595,0.1,-0.11110989282122029,1.290807281166602e-9,3.5927806517606975e-5,7.030860972341511e-5,0.11110989282122029,-0.1111096070005059
11596,0.1,-0.11110979738403144,1.8288002773486348e-9,4.276447447763897e-5,6.983807892006961e-5,0.11110979738403144,-0.11110961165753194
11597,0.1,-0.11110970313085673,2.4540762816973017e-9,4.9538634233265874e-5,6.930459937973931e-5,0.11110970313085673,-0.11110961616815919
11598,0.1,-0.11110961017608807,3.1630645659414325e-9,5.6241128775491626e-5,6.870872775139718e-5,0.11110961017608807,-0.11110962051634275
11599,0.25,-0.11110952169471076,3.930322108854091e-9,6.269228109467777e-5,6.805415478287248e-5,0.11110952169471076,-0.11110962398592428
11600,0.625,-0.1111094452186727,4.6873854644754875e-9,6.846448323383072e-5,6.642147438835135e-5,0.1111094452186727,-0.11110962496212731
11601,1.5625,-0.11110940037207508,5.244446598549647e-9,7.241855148060921e-5,6.214867440610689e-5,0.11110940037207508,-0.11110961932457984
11602,3.90625,-0.11110943388269556,5.135492191060362e-9,7.166234848970806e-5,5.106693690866156e-5,0.11110943388269556,-0.11110959905212459
11603,9.765625,-0.11110963193606996,3.565475281879144e-9,5.971160089864568e-5,2.4622437870674512e-5,0.11110963193606996,-0.11110956178761006
11604,24.4140625,-0.11111003505838435,7.412079457699265e-10,2.7225134449069788e-5,3.6673068583790136e-5,0.11111003505838435,-0.1111095555353434
11605,9.765625,-0.11111018987845203,1.6123122563518274e-10,1.2697685837788819e-5,9.968232467948809e-5,0.11111018987845203,-0.11110956911666292
11606,3.90625,-0.1111103314372006,2.5757293154905653e-11,5.075164347575914e-6,0.00011056679595501537,0.1111103314372006,-0.11110958227730373
11607,1.5625,-0.11111046450176228,1.515307815322992e-10,1.2309783975858358e-5,0.00011020418008900323,0.11111046450176228,-0.11110959421162657
11608,0.625,-0.11111059468417371,5.029886178930961e-10,2.242740773903877e-5,0.00010824761339060992,0.11111059468417371,-0.11110960549704438
11609,0.25,-0.1111107240451373,1.0722107841527806e-9,3.27446298521266e-5,0.00010669384901192164,0.1111107240451373,-0.11110961652801443
11610,0.1,-0.11111085333198016,1.8571391813580851e-9,4.309453772066809e-5,0.00010570279909360151,0.11111085333198016,-0.11110962747718085
11611,0.1,-0.11111098238194961,2.8511144529693032e-9,5.3395828048353206e-5,0.00010509813716455287,0.11111098238194961,-0.11110963817668114
11612,0.1,-0.11111111107017742,4.047612617668675e-9,6.362085049469769e-5,0.00010439847175745347,0.11111111107017742,-0.11110964858775066
11613,0.1,-0.1111112392690609,5.4394033599786705e-9,7.375231087890515e-5,0.0001036044896767582,0.1111112392690609,-0.11110965867295755
11614,0.1,-0.1111113668485492,7.0185806261884325e-9,8.377696954526603e-5,0.00010271702220873038,0.1111113668485492,-0.11110966839634594
11615,0.25,-0.11111149115980738,8.72894968310886e-9,9.342884823815853e-5,0.00010174155118508922,0.11111149115980738,-0.11110967616625823
11616,0.625,-0.11111160557167338,1.0419123042829103e-8,0.00010207410564305279,9.930724582172694e-5,0.11111160557167338,-0.11110967838831064
11617,1.5625,-0.11111169196570057,1.1668961477443254e-8,0.00010802296736084996,9.293211923477719e-5,0.11111169196570057,-0.11110966587862414
11618,3.90625,-0.11111170331441596,1.1444998176178532e-8,0.0001069812982543142,7.637218359570057e-5,0.11111170331441596,-0.11110962069628934
11619,9.765625,-0.11111153201087647,7.974491716040988e-9,8.930000960829169e-5,3.6535674239162455e-5,0.11111153201087647,-0.11110953723807579
11620,24.4140625,-0.11111096970366646,1.2201765574947827e-10,1.104616022649854e-5,5.262171953898056e-5,0.11111096970366646,-0.11110958550693942
11621,9.765625,-0.11111001419728055,1.2837913263264036e-10,1.133045156349209e-5,2.9935790429432275e-5,0.11111001419728055,-0.11110958470779075
11622,3.90625,-0.11110965825071943,1.4646049807320351e-10,1.2102086517340864e-5,2.030132520228787e-5,0.11110965825071943,-0.11110958440846101
11623,1.5625,-0.11110937158093742,1.6922799903640312e-10,1.300876623805667e-5,1.6248097806582495e-5,0.11110937158093742,-0.11110958436204861
11624,3.90625,-0.1111093050612291,1.6869380323601972e-10,1.2988217862201871e-5,1.4473419239291745e-5,0.1111093050612291,-0.11110958379790262
11625,9.765625,-0.11110975436582628,1.1289756163800322e-10,1.0625326425009409e-5,1.068763657019038e-5,0.11110975436582628,-0.11110958265928987
11626,24.4140625,-0.11111056153868427,2.2187335270168707e-11,4.710343434418419e-6,1.0136475798329763e-5,0.11111056153868427,-0.11110958251154168
11627,9.765625,-0.11111018366519716,6.112015336117624e-12,2.472249044112996e-6,1.8643520311255738e-5,0.11111018366519716,-0.11110958295769982
11628,3.90625,-0.1111100577018934,3.807102172850059e-12,1.951179687483974e-6,1.989636651320067e-5,0.1111100577018934,-0.11110958336550714
11629,1.5625,-0.1111099603893623,8.9831039947884e-12,2.9971826762458773e-6,1.9592695998444558e-5,0.1111099603893623,-0.11110958373561773
11630,0.625,-0.11110987026538789,2.0602298261752633e-11,4.538975463885285e-6,1.9144817993175844e-5,0.11110987026538789,-0.11110958408663796
11631,0.25,-0.11110978227699635,3.84129376089549e-11,6.197817164853679e-6,1.8811477502218755e-5,0.11110978227699635,-0.11110958442962493
11632,0.1,-0.11110969494252361,6.232165669585661e-11,7.894406671552754e-6,1.8591764132393976e-5,0.11110969494252361,-0.11110958476915177
11633,0.1,-0.11110961062029062,9.205324812029845e-11,9.594438395252661e-6,1.8446381494170627e-5,0.11110961062029062,-0.11110958509952251
11634,0.1,-0.11110952960690013,1.2736290413332495e-10,1.1285517450844908e-5,1.8290435558209626e-5,0.11110952960690013,-0.11110958541987878
11635,0.1,-0.11110945218527431,1.6799013535498263e-10,1.2961100854286362e-5,1.8123569289244142e-5,0.11110945218527431,-0.11110958572938422
11636,0.1,-0.11110937862378471,2.1365956768499253e-10,1.4617098470113435e-5,1.794553929386828e-5,0.11110937862378471,-0.11110958602723045
11637,0.25,-0.11110931981091689,2.6248162896003765e-10,1.620128479349825e-5,1.775778110109197e-5,0.11110931981091689,-0.11110958626616124
11638,0.625,-0.11110929989793165,3.095265661161155e-10,1.759336710570536e-5,1.73377967941087e-5,0.11110929989793165,-0.11110958634170746
11639,1.5625,-0.11110937795702343,3.415363184133069e-10,1.848070124246661e-5,1.629798999142556e-5,0.11110937795702343,-0.11110958599227388
11640,3.90625,-0.11110967547594067,3.277271839005295e-10,1.8103236834901363e-5,1.373803995542409e-5,0.11110967547594067,-0.11110958473013326
11641,9.765625,-0.1111103078320623,2.2180977553382937e-10,1.4893279542593342e-5,8.583550722830069e-6,0.1111103078320623,-0.11110958247729655
11642,24.4140625,-0.11111071189369882,4.6349879330336466e-11,6.808074568505875e-6,1.1651246353949799e-5,0.11111071189369882,-0.1111095821781709
11643,9.765625,-0.1111104578065519,1.1406424031256825e-11,3.377339786171481e-6,2.5575620822407203e-5,0.1111104578065519,-0.11110958304046716
11644,3.90625,-0.11111035597677821,4.187484389663219e-12,2.0463343787522163e-6,2.8001888560097207e-5,0.11111035597677821,-0.11110958386967267
11645,1.5625,-0.11111027503055357,1.2951237517372387e-11,3.598782782743686e-6,2.7805183827494143e-5,0.11111027503055357,-0.11110958462385238
11646,0.625,-0.1111101998082839,3.548913519366268e-11,5.957275819841035e-6,2.726900720895192e-5,0.1111101998082839,-0.11110958533860812
11647,0.25,-0.11111012643324392,7.12884252916954e-11,8.443247319112203e-6,2.685192590747995e-5,0.11111012643324392,-0.11110958603748494
11648,0.1,-0.11111005368849332,1.201910719782292e-10,1.096316888396002e-5,2.6581093814461606e-5,0.11111005368849332,-0.11110958673059838
11649,0.1,-0.11110998220747215,1.817365615198921e-10,1.3480970347860427e-5,2.640887027757692e-5,0.11110998220747215,-0.11110958740696765
11650,0.1,-0.11110991216731984,2.5548296581371887e-10,1.5983834515338268e-5,2.621539336754877e-5,0.11110991216731984,-0.11110958806436694
11651,0.1,-0.1111098437399196,3.4094804212878446e-10,1.8464778420787628e-5,2.600070409869235e-5,0.1111098437399196,-0.11110958870064849
11652,0.1,-0.11110977709140542,4.3761101629910243e-10,2.091915429215776e-5,2.5764909163698244e-5,0.11110977709140542,-0.1111095893137521
11653,0.25,-0.11110971711549954,5.418923621646656e-10,2.3278581618403334e-5,2.550964389612432e-5,0.11110971711549954,-0.11110958980529174
11654,0.625,-0.11110967519493077,6.44235459506511e-10,2.538179385911309e-5,2.490267117488976e-5,0.11110967519493077,-0.11110958995465205
11655,1.5625,-0.1111096800886652,7.182927186587935e-10,2.6800983539019485e-5,2.3350039460619026e-5,0.1111096800886652,-0.11110958920133539
11656,3.90625,-0.11110979464608836,6.999228937720903e-10,2.6456055899776336e-5,1.939904077622277e-5,0.11110979464608836,-0.11110958646539029
11657,9.765625,-0.11111009880454015,4.819106325664972e-10,2.195246301822411e-5,1.0598431878264837e-5,0.11111009880454015,-0.11110958147794986
11658,24.4140625,-0.11111041039409138,9.866271384949903e-11,9.93291064338641e-6,1.5182645531602463e-5,0.11111041039409138,-0.11110958076943077
11659,9.765625,-0.1111103584223927,2.1992178544835413e-11,4.6895819157826226e-6,3.720466690092811e-5,0.1111103584223927,-0.11110958263824457
11660,3.90625,-0.11111036568332867,5.332487117321348e-12,2.3092178583497374e-6,4.097916749025274e-5,0.11111036568332867,-0.11110958443224735
11661,1.5625,-0.11111037830166483,2.3822326619712677e-11,4.880812086089023e-6,4.075782352196098e-5,0.11111037830166483,-0.11110958605834975
11662,0.625,-0.11111039211536176,7.2669572760051e-11,8.524645022524457e-6,3.9999652232953615e-5,0.11111039211536176,-0.11110958759696905
11663,0.25,-0.11111040629340466,1.5079055165696043e-10,1.2279680437900671e-5,3.9407366286734895e-5,0.11111040629340466,-0.11110958910126843
11664,0.1,-0.11111042061176403,2.5788134668013383e-10,1.6058684462935743e-5,3.902833132761997e-5,0.11111042061176403,-0.11110959059416668
11665,0.1,-0.11111043531546455,3.9299372316714333e-10,1.98240692888e-5,3.879378447683875e-5,0.11111043531546455,-0.11110959205219129
11666,0.1,-0.1111104504366668,5.552073698342511e-10,2.3562838747363422e-5,3.852539810650745e-5,0.1111104504366668,-0.11110959347022328
11667,0.1,-0.11111046600462814,7.435092885538336e-10,2.726736673303518e-5,3.822340185882647e-5,0.11111046600462814,-0.11110959484332515
11668,0.1,-0.11111048204557537,9.56797963765977e-10,3.093215097218389e-5,3.788808902996609e-5,0.11111048204557537,-0.11110959616676012
11669,0.25,-0.11111049976306461,1.1873602330579539e-9,3.4458093868610226e-5,3.752173087893783e-5,0.11111049976306461,-0.1111095972244607
11670,0.625,-0.11111052176694831,1.4145041029671596e-9,3.7609893684603254e-5,3.662414362036989e-5,0.11111052176694831,-0.11110959753020408
11671,1.5625,-0.11111055410746463,1.580950005464644e-9,3.976116202357074e-5,3.429454351421041e-5,0.11111055410746463,-0.11110959584470416
11672,3.90625,-0.11111060701953727,1.5462500981070846e-9,3.9322386729534675e-5,2.829039061843689e-5,0.11111060701953727,-0.11110958976085283
11673,9.765625,-0.11111067431543561,1.0713884040507683e-9,3.273206996281733e-5,1.4284058591305589e-5,0.11111067431543561,-0.11110957859766175
11674,24.4140625,-0.1111106048824894,2.2126261804666877e-10,1.487489892559505e-5,2.0933650831257476e-5,0.1111106048824894,-0.11110957682398738
11675,9.765625,-0.11111046590977688,4.816875940282482e-11,6.9403717049467045e-6,5.49623831321867e-5,0.11111046590977688,-0.11110958094074973
11676,3.90625,-0.11111037497447851,8.683835179269484e-12,2.946834772984309e-6,6.081881432565642e-5,0.11111037497447851,-0.11110958491444727
11677,1.5625,-0.11111029382969,4.7658868378371114e-11,6.903540278608586e-6,6.057401952137127e-5,0.11111029382969,-0.11110958851621791
11678,0.625,-0.11111021575865278,1.5439431732295339e-10,1.2425550986694852e-5,5.947950881203449e-5,0.11111021575865278,-0.1111095919222893
11679,0.25,-0.11111013878806934,3.264868089802744e-10,1.806894598420933e-5,5.8614882539109756e-5,0.11111013878806934,-0.11110959525148334
11680,0.1,-0.11111006226308218,5.632875124847079e-10,2.3733678865374154e-5,5.806208384190951e-5,0.11111006226308218,-0.11110959855552281
11681,0.1,-0.11110998645118642,8.627509181036046e-10,2.9372621914013814e-5,5.772243508167597e-5,0.11110998645118642,-0.11110960178340663
11682,0.1,-0.11110991144569567,1.2228778505658475e-9,3.496967043833624e-5,5.7331338285110675e-5,0.11110991144569567,-0.11110960492358586
11683,0.1,-0.11110983733798892,1.6414595407794017e-9,4.051492985035765e-5,5.6889165140698375e-5,0.11110983733798892,-0.11110960796491386
11684,0.1,-0.11110976421735269,2.1160868841739456e-9,4.6000944383500925e-5,5.639637150086888e-5,0.11110976421735269,-0.11110961089669198
11685,0.25,-0.1111096945366332,2.6297842588064768e-9,5.12814221605298e-5,5.585616449769997e-5,0.1111096945366332,-0.11110961323975331
11686,0.625,-0.11110963412615983,3.1368972438391023e-9,5.6008010532772025e-5,5.4519296441032235e-5,0.11110963412615983,-0.11110961391331514
11687,1.5625,-0.11110959822404896,3.5108372314142995e-9,5.925231836320246e-5,5.10318855298245e-5,0.11110959822404896,-0.11110961015804173
11688,3.90625,-0.11110962338814202,3.4405004948763875e-9,5.865577972268707e-5,4.200008240047116e-5,0.11110962338814202,-0.11110959659263327
11689,9.765625,-0.11110977865125735,2.393294334330609e-9,4.892130756971454e-5,2.050876267177608e-5,0.11110977865125735,-0.11110957158334199
11690,24.4140625,-0.1111101052139688,4.999677086565824e-10,2.235995770694977e-5,3.0015725768150503e-5,0.1111101052139688,-0.11110956727348899
11691,9.765625,-0.11111023583806312,1.0875610094933448e-10,1.0428619321335614e-5,8.174308900407652e-5,0.11111023583806312,-0.11110957641022393
11692,3.90625,-0.11111035356544349,1.6638503671758683e-11,4.079032197931108e-6,9.071024138812e-5,0.11111035356544349,-0.11110958527592363
11693,1.5625,-0.11111046390502942,1.0020169470539508e-10,1.0010079655297209e-5,9.042669476995296e-5,0.11111046390502942,-0.11110959331708896
11694,0.625,-0.11111057173450609,3.3541453451207797e-10,1.8314325936601596e-5,8.882354259025033e-5,0.11111057173450609,-0.11110960091998892
11695,0.25,-0.11111067881120133,7.168731396995345e-10,2.6774486730832666e-5,8.754505577166798e-5,0.11111067881120133,-0.111109608349675
11696,0.1,-0.11111078576736427,1.2431303841469125e-9,3.525805417414456e-5,8.67254489111658e-5,0.11111078576736427,-0.11110961572237547
11697,0.1,-0.11111089245302998,1.9096855115480022e-9,4.3699948644683806e-5,8.62216282940573e-5,0.11111089245302998,-0.11110962292593063
11698,0.1,-0.11111099876461722,2.7121192100284198e-9,5.207801081097875e-5,8.564039880195165e-5,0.11111099876461722,-0.11110962993440368
11699,0.1,-0.11111110459671737,3.6455422463641083e-9,6.0378325965234483e-5,8.498233005110421e-5,0.11111110459671737,-0.11110963672275978
11700,0.1,-0.11111120984230899,4.7046160539357806e-9,6.85902037752898e-5,8.424811027598847e-5,0.11111120984230899,-0.11110964326696036
11701,0.25,-0.11111131225141144,5.851739725789258e-9,7.649666480173667e-5,8.344247597609345e-5,0.11111131225141144,-0.1111096485000215
11702,0.625,-0.11111140621964206,6.985668730564768e-9,8.358031305615436e-5,8.144529187471186e-5,0.11111140621964206,-0.11110965001185637
11703,1.5625,-0.1111114764720888,7.825409227058077e-9,8.846134312262095e-5,7.622882725749997e-5,0.1111114764720888,-0.11110964164216573
11704,3.90625,-0.1111114834331626,7.679273917997933e-9,8.763146648320986e-5,6.269147856417636e-5,0.1111114834331626,-0.1111096113415301
11705,9.765625,-0.11111133659808246,5.357753043687918e-9,7.319667372010779e-5,3.014491286224623e-5,0.11111133659808246,-0.11110955526629035
11706,24.4140625,-0.11111087880747073,8.196199970549238e-11,9.053286679736392e-6,4.29268635718802e-5,0.11111087880747073,-0.11110958765236632
11707,9.765625,-0.11111005877076971,8.60761138994169e-11,9.277721374314757e-6,2.4657642158280853e-5,0.11111005877076971,-0.11110958713093644
11708,3.90625,-0.11110975445656282,9.814824110142787e-11,9.906979413596652e-6,1.691960777881353e-5,0.11110975445656282,-0.11110958694102717
11709,1.5625,-0.1111095094422948,1.1330998664016927e-10,1.0644716371992693e-5,1.3699897889442953e-5,0.1111095094422948,-0.11110958692097898
11710,0.625,-0.11110927976659335,1.311474988153394e-10,1.14519648451844e-5,1.2316895155484522e-5,0.11110927976659335,-0.11110958697954285
11711,1.5625,-0.11110914297276107,1.4242717100127098e-10,1.1934285525379012e-5,1.168501251746114e-5,0.11110914297276107,-0.11110958686219363
11712,3.90625,-0.1111092535889259,1.316732646286112e-10,1.1474897151112563e-5,1.0206005494598576e-5,0.1111092535889259,-0.11110958638689548
11713,9.765625,-0.11110985349764904,8.026103137491606e-11,8.958852123733043e-6,7.895142013302942e-6,0.11110985349764904,-0.11110958562901722
11714,24.4140625,-0.11111058848097304,1.4708252640675847e-11,3.8351339794948295e-6,1.0630104842871211e-5,0.11111058848097304,-0.11110958573321147
11715,9.765625,-0.11111028170341714,3.930304683318223e-12,1.982499604872148e-6,1.7465415404105828e-5,0.11111028170341714,-0.1111095861153409
11716,3.90625,-0.1111101826236581,3.647200570359641e-12,1.909764532700207e-6,1.826708986609524e-5,0.1111101826236581,-0.11110958645028281
11717,1.5625,-0.11111010863449369,9.234451374015434e-12,3.038824011688639e-6,1.7877297232478934e-5,0.11111010863449369,-0.1111095867527714
11718,0.625,-0.11111004103783043,1.9971834524365573e-11,4.468985849649289e-6,1.7442488362705232e-5,0.11111004103783043,-0.1111095870409352
11719,0.25,-0.11110997538093041,3.570193990462518e-11,5.9751100328466905e-6,1.714274169279644e-5,0.11110997538093041,-0.11110958732397853
11720,0.1,-0.11110991033703028,5.6372864180072405e-11,7.508186477443964e-6,1.6956275429493447e-5,0.11110991033703028,-0.11110958760534154
11721,0.1,-0.11110984749016599,8.176834205644827e-11,9.04258492116321e-6,1.6839683754063584e-5,0.11110984749016599,-0.111109587879633
11722,0.1,-0.1111097870770018,1.1169812992523958e-10,1.0568733600826524e-5,1.6711939265865416e-5,0.1111097870770018,-0.11110958814608117
11723,0.1,-0.11110972932402657,1.4595773775427641e-10,1.208129702284802e-5,1.657294908540655e-5,0.11110972932402657,-0.11110958840393935
11724,0.1,-0.11110967444685345,1.8432918545349592e-10,1.3576788480840966e-5,1.6422689988352654e-5,0.11110967444685345,-0.1111095886524927
11725,0.25,-0.11110963052446454,2.2524095457699576e-10,1.500802967004649e-5,1.6262348473260215e-5,0.11110963052446454,-0.11110958885130048
11726,0.625,-0.11110961565871393,2.645809340530473e-10,1.62659439951405e-5,1.588796165393778e-5,0.11110961565871393,-0.11110958891166435
11727,1.5625,-0.1111096743702337,2.912370203797857e-10,1.7065667885546866e-5,1.4945579169973179e-5,0.1111096743702337,-0.11110958861177926
11728,3.90625,-0.11110989890656342,2.791289697022057e-10,1.6707153249497823e-5,1.2618033439258273e-5,0.11110989890656342,-0.11110958753848758
11729,9.765625,-0.11111037896764712,1.8815556156810213e-10,1.3716980774503626e-5,8.021985282217291e-6,0.11111037896764712,-0.11110958563725189
11730,24.4140625,-0.11111068685935829,3.839192245902287e-11,6.196121565868675e-6,1.1305522220145961e-5,0.11111068685935829,-0.11110958544857975
11731,9.765625,-0.11111046457165476,9.3233972419078e-12,3.0534238555935534e-6,2.39711078588999e-5,0.11111046457165476,-0.11110958620241723
11732,3.90625,-0.1111103701107692,3.7505894304295475e-12,1.9366438574062984e-6,2.6117776383102272e-5,0.1111103701107692,-0.1111095869199778
11733,1.5625,-0.11111029331923354,1.1852618108795078e-11,3.4427631502610046e-6,2.5906205484574704e-5,0.11111029331923354,-0.11110958757228873
11734,0.625,-0.111110221418882,3.179003938629189e-11,5.6382656363718705e-6,2.540574689373831e-5,0.111110221418882,-0.11110958819132809
11735,0.25,-0.11111015110252657,6.314982291855425e-11,7.946686285399359e-6,2.5024680216868996e-5,0.11111015110252657,-0.11110958879749384
11736,0.1,-0.11111008132718192,1.0581425269229005e-10,1.0286605499011325e-5,2.4782038760068418e-5,0.11111008132718192,-0.1111095893993976
11737,0.1,-0.11111001265526321,1.5939441821139716e-10,1.2625150225300178e-5,2.4631417991018986e-5,0.11111001265526321,-0.11110958998726797
11738,0.1,-0.11110994524024374,2.2351899571781073e-10,1.4950551686068669e-5,2.446046878974285e-5,0.11110994524024374,-0.11110959055913984
11739,0.1,-0.11110987923111543,2.97780618579778e-10,1.7256321119513798e-5,2.4269298957169757e-5,0.11110987923111543,-0.11110959111311768
11740,0.1,-0.11110981477197528,3.817374907198608e-10,1.953810355996356e-5,2.4058067424078902e-5,0.11110981477197528,-0.11110959164738357
11741,0.25,-0.11110975612904855,4.722764400592641e-10,2.1731922143686788e-5,2.3828188234738604e-5,0.11110975612904855,-0.11110959207621218
11742,0.625,-0.11110971322133147,5.610754502001202e-10,2.368703126607723e-5,2.32704775655185e-5,0.11110971322133147,-0.11110959220764799
11743,1.5625,-0.11110971113755168,6.251816631979492e-10,2.5003632999985207e-5,2.183279134559695e-5,0.11110971113755168,-0.11110959155433635
11744,3.90625,-0.11110980497393215,6.087213532477113e-10,2.4672279044460228e-5,1.8169237190623237e-5,0.11110980497393215,-0.11110958917866597
11745,9.765625,-0.11111006701365618,4.184156457491926e-10,2.0455210723656518e-5,1.007328875421738e-5,0.11111006701365618,-0.1111095848556007
11746,24.4140625,-0.11111035415445283,8.538452323736811e-11,9.24037462646229e-6,1.4421633991168015e-5,0.11111035415445283,-0.11110958426737072
11747,9.765625,-0.11111032906143437,1.9221878683018216e-11,4.3842763009438875e-6,3.477010305903077e-5,0.11111032906143437,-0.11110958589341455
11748,3.90625,-0.11111034841222374,5.007748763988539e-12,2.2377999830164757e-6,3.825630307169515e-5,0.11111034841222374,-0.11110958745363685
11749,1.5625,-0.11111037131384102,2.1269711439606344e-11,4.611909738883269e-6,3.804603363426783e-5,0.11111037131384102,-0.11110958886895189
11750,0.625,-0.11111039490601964,6.388403539028921e-11,7.992748925763227e-6,3.734335855153488e-5,0.11111039490601964,-0.11110959020917827
11751,0.25,-0.11111041869596934,1.3193137504381586e-10,1.1486138386934743e-5,3.6797396324962696e-5,0.11111041869596934,-0.11110959152031323
11752,0.1,-0.11111044256662177,2.2516451774743982e-10,1.5005482922833234e-5,3.645054597365447e-5,0.11111044256662177,-0.11110959282213564
11753,0.1,-0.11111046670382944,3.427693317938473e-10,1.8514030673892902e-5,3.623820980108252e-5,0.11111046670382944,-0.11110959409407932
11754,0.1,-0.11111049112443944,4.839570581990124e-10,2.199902402832936e-5,3.599408540345848e-5,0.11111049112443944,-0.1111095953316614
11755,0.1,-0.1111105158429883,6.478571733589291e-10,2.545303858793541e-5,3.5718405249963435e-5,0.1111105158429883,-0.11110959653055713
11756,0.1,-0.11111054087160917,8.335210325720683e-10,2.8870764322616543e-5,3.5411458655079855e-5,0.11111054087160917,-0.11110959768661785
11757,0.25,-0.11111056697724192,1.0342256128746608e-9,3.215937830360937e-5,3.50752450010439e-5,0.11111056697724192,-0.11110959861162616
11758,0.625,-0.11111059576290527,1.2319191358162773e-9,3.509870561454193e-5,3.424360768625512e-5,0.11111059576290527,-0.1111095988821416
11759,1.5625,-0.11111063075794804,1.3766229550059021e-9,3.710286990255474e-5,3.207734635174738e-5,0.11111063075794804,-0.11110959741921508
11760,3.90625,-0.11111067678439498,1.345850473315404e-9,3.668583477740971e-5,2.6491690355595417e-5,0.11111067678439498,-0.11110959212920549
11761,9.765625,-0.11111072116037282,9.31582949368301e-10,3.05218438068263e-5,1.3531971536720432e-5,0.11111072116037282,-0.11110958243059788
11762,24.4140625,-0.11111062901481983,1.9222662604425972e-10,1.3864581711838973e-5,1.9748864280660943e-5,0.11111062901481983,-0.11110958091202837
11763,9.765625,-0.11111049340132284,4.2264957191372774e-11,6.5011504513718784e-6,5.129159416216052e-5,0.11111049340132284,-0.11110958448761434
11764,3.90625,-0.11111040142526135,8.215550263034777e-12,2.8662781203216788e-6,5.672729787956252e-5,0.11111040142526135,-0.11110958793993284
11765,1.5625,-0.11111031868351096,4.2272244816838887e-11,6.5017109145853975e-6,5.649744345758535e-5,0.11111031868351096,-0.11110959107098256
11766,0.625,-0.11111023887941843,1.3518428391290148e-10,1.162687765106787e-5,5.548137470105319e-5,0.11111023887941843,-0.11110959403337975
11767,0.25,-0.11111016012792371,2.8489138185431506e-10,1.6878725717728665e-5,5.4681076317830264e-5,0.11111016012792371,-0.11110959692999275
11768,0.1,-0.11111008179800215,4.908521502169864e-10,2.2155183371323887e-5,5.417168028179221e-5,0.11111008179800215,-0.1111095998055572
11769,0.1,-0.11111000411810303,7.51302174811901e-10,2.7409891915363348e-5,5.386084144643918e-5,0.11111000411810303,-0.11110960261553499
11770,0.1,-0.11110992717721037,1.064519234499485e-9,3.2626970967276215e-5,5.350183147829416e-5,0.11110992717721037,-0.11110960534984658
11771,0.1,-0.11110985106264104,1.4285973710940732e-9,3.779679048668118e-5,5.30950059287211e-5,0.11110985106264104,-0.1111096079987617
11772,0.1,-0.11110977585990438,1.841454941022241e-9,4.291217707157539e-5,5.2640797608784545e-5,0.11110977585990438,-0.1111096105529374
11773,0.25,-0.11110970384883245,2.288310458248377e-9,4.783628809019756e-5,5.2142074000745185e-5,0.11110970384883245,-0.11110961259540209
11774,0.625,-0.11110964047808347,2.7293880858959473e-9,5.224354587789718e-5,5.090025963758499e-5,0.11110964047808347,-0.1111096131857783
11775,1.5625,-0.1111096000507218,3.0543907464086817e-9,5.5266542739786804e-5,4.7653217938238825e-5,0.1111096000507218,-0.11110960992367527
11776,3.90625,-0.11110961718349355,2.99235454885448e-9,5.470241812620791e-5,3.924077046257472e-5,0.11110961718349355,-0.11110959813095476
11777,9.765625,-0.11110975900067706,2.0801011404105918e-9,4.560812581558895e-5,1.9283284032248704e-5,0.11110975900067706,-0.111109576403745
11778,24.4140625,-0.1111100762647695,4.3433140445456376e-10,2.0840619099598834e-5,2.8181306172258685e-5,0.1111100762647695,-0.11110957268947759
11779,9.765625,-0.11111021134241256,9.511576410264143e-11,9.752731109932305e-6,7.622914851569266e-5,0.11111021134241256,-0.1111095806212604
11780,3.90625,-0.11111033072556917,1.5428528811390926e-11,3.927916599342573e-6,8.456658325126215e-5,0.11111033072556917,-0.11110958831998113
11781,1.5625,-0.11111044247872753,8.824440256142134e-11,9.393849187709017e-6,8.430204532308163e-5,0.11111044247872753,-0.1111095953055242
11782,0.625,-0.11111055163997152,2.92760667841628e-10,1.7110250373434866e-5,8.281281342051701e-5,0.11111055163997152,-0.1111096019125163
11783,0.25,-0.11111066000246747,6.243276221136646e-10,2.4986548823590355e-5,8.162746459634447e-5,0.11111066000246747,-0.11110960837061383
11784,0.1,-0.11111076820903036,1.081724396880458e-9,3.288957884924126e-5,8.087000398768936e-5,0.11111076820903036,-0.11110961478048305
11785,0.1,-0.1111108761221807,1.6610634942232133e-9,4.075614670480041e-5,8.040674659360161e-5,0.1111108761221807,-0.1111096210443934
11786,0.1,-0.11111098363962908,2.3585313007678566e-9,4.8564712505767566e-5,7.98711338336911e-5,0.11111098363962908,-0.1111096271397484
11787,0.1,-0.1111110906575642,3.169903510113705e-9,5.63018961502515e-5,7.926369796885413e-5,0.1111110906575642,-0.1111096330447319
11788,0.1,-0.11111119707085877,4.090562981567898e-9,6.3957509188272e-5,7.858508156597948e-5,0.11111119707085877,-0.11110963873839066
11789,0.25,-0.11111130066401659,5.087802796969797e-9,7.132883566251307e-5,7.783954943616712e-5,0.11111130066401659,-0.11110964329297905
11790,0.625,-0.11111139591795748,6.0735171790586385e-9,7.793277345930042e-5,7.598275852553281e-5,0.11111139591795748,-0.11110964461303596
11791,1.5625,-0.11111146780262458,6.803161161860818e-9,8.248127764444981e-5,7.112424704819578e-5,0.11111146780262458,-0.11110963734310818
11792,3.90625,-0.11111147743321673,6.674931520135659e-9,8.170025410080227e-5,5.851107772959238e-5,0.11111147743321673,-0.11110961101256371
11793,9.765625,-0.11111133607900357,4.655007106074105e-9,6.822761248991573e-5,2.8239231186573112e-5,0.11111133607900357,-0.11110956230423136
11794,24.4140625,-0.11111088684847407,7.215674275685008e-11,8.494512508487469e-6,4.023006568961975e-5,0.11111088684847407,-0.1111095904624343
11795,9.765625,-0.11111008528619384,7.554379797458426e-11,8.691593523318048e-6,2.32450590048105e-5,0.11111008528619384,-0.11110959001440295
11796,3.90625,-0.11110978453466008,8.614921215694764e-11,9.281659989298662e-6,1.6083322342107543e-5,0.11110978453466008,-0.11110958985540617
11797,1.5625,-0.11110954219188868,9.953683340800849e-11,9.976814792708568e-6,1.3111507592537333e-5,0.11110954219188868,-0.11110958984481058
11798,0.625,-0.11110931499701242,1.1533716544995924e-10,1.073951420921632e-5,1.1836434281943587e-5,0.11110931499701242,-0.11110958990296561
11799,1.5625,-0.11110917822222083,1.253826855604231e-10,1.1197441027325086e-5,1.125373026397819e-5,0.11110917822222083,-0.11110958980592132
11800,3.90625,-0.1111092827508329,1.159270675658901e-10,1.0766943278660388e-5,9.893459045133147e-6,0.1111092827508329,-0.11110958939306564
11801,9.765625,-0.11110986608503012,7.050253110493577e-11,8.39657853562603e-6,7.784219913157688e-6,0.11110986608503012,-0.11110958873221982
11802,24.4140625,-0.11111058823843088,1.300703206195361e-11,3.6065263151616693e-6,1.0231939855831049e-5,0.11111058823843088,-0.11110958882641041
11803,9.765625,-0.11111028493164851,3.6698141791560184e-12,1.915675906607383e-6,1.6473744927607293e-5,0.11111028493164851,-0.11110958916234667
11804,3.90625,-0.11111018500708139,3.506971073643291e-12,1.872690864409631e-6,1.719506020636965e-5,0.11111018500708139,-0.11110958945749867
11805,1.5625,-0.11111010979897852,8.454729528471617e-12,2.907701760578553e-6,1.6825366713076686e-5,0.11111010979897852,-0.11110958972488642
11806,0.625,-0.11111004090802613,1.788875424427843e-11,4.229509929563759e-6,1.6419849105357586e-5,0.11111004090802613,-0.11110958998010778
11807,0.25,-0.11110997393676435,3.1674067252244134e-11,5.6279718595817565e-6,1.6141806011864673e-5,0.11110997393676435,-0.11110959023104285
11808,0.1,-0.11110990757243566,4.9766783389761376e-11,7.0545576324643755e-6,1.5969555238991173e-5,0.11110990757243566,-0.11110959048061364
11809,0.1,-0.11110984336982967,7.197712326537747e-11,8.483933242628531e-6,1.586231032631703e-5,0.11110984336982967,-0.11110959072403517
11810,0.1,-0.11110978156278521,9.813875513486357e-11,9.906500650323685e-6,1.5744709555169846e-5,0.11110978156278521,-0.11110959096063262
11811,0.1,-0.11110972237520438,1.2807280153389888e-10,1.1316925445274387e-5,1.561667775740444e-5,0.11110972237520438,-0.11110959118975469
11812,0.1,-0.11110966602036088,1.6158851406287417e-10,1.271174708932152e-5,1.5478204688597967e-5,0.11110966602036088,-0.11110959141077595
11813,0.25,-0.11110962045771003,1.9730271618260896e-10,1.4046448525609915e-5,1.533038527105447e-5,0.11110962045771003,-0.11110959158828976
11814,0.625,-0.11110960353344858,2.3159780437112426e-10,1.5218337766363456e-5,1.4984333129765495e-5,0.11110960353344858,-0.11110959164474381
11815,1.5625,-0.11110965917924732,2.5470801008501e-10,1.5959574245104722e-5,1.4113351580500612e-5,0.11110965917924732,-0.11110959138644662
11816,3.90625,-0.11110987865749414,2.437735883138177e-10,1.561325040834924e-5,1.1970351952458272e-5,0.11110987865749414,-0.11110959045378083
11817,9.765625,-0.11111035230548014,1.639251358690131e-10,1.2803325187974143e-5,7.813724715804323e-6,0.11111035230548014,-0.11110958880408651
11818,24.4140625,-0.11111066665189129,3.344724961025841e-11,5.783359716484736e-6,1.0850965760184019e-5,0.11111066665189129,-0.11110958865027136
11819,9.765625,-0.11111045489936082,8.295951645226642e-12,2.880269370254567e-6,2.2480559500980195e-5,0.11111045489936082,-0.11110958930901439
11820,3.90625,-0.11111036678435965,3.565825486797984e-12,1.8883393463035143e-6,2.445211855342638e-5,0.11111036678435965,-0.11110958993609699
11821,1.5625,-0.11111029569681492,1.0712599455726194e-11,3.2730107631546513e-6,2.4247118190415795e-5,0.11111029569681492,-0.11110959050683465
11822,0.625,-0.11111022930648057,2.8142587274679607e-11,5.304958743918713e-6,2.3779199136969488e-5,0.11111022930648057,-0.11110959104892681
11823,0.25,-0.11111016443404886,5.54993143099703e-11,7.449786192231983e-6,2.3424343757936333e-5,0.11111016443404886,-0.11110959157999009
11824,0.1,-0.11111010007863671,9.268179401048022e-11,9.627138412346642e-6,2.3198896542457248e-5,0.11111010007863671,-0.11110959210743987
11825,0.1,-0.11111003678271951,1.3935060736917222e-10,1.1804685822552509e-5,2.3059232545687795e-5,0.11111003678271951,-0.1111095926226907
11826,0.1,-0.11110997469358909,1.951824236653e-10,1.3970770331849994e-5,2.2900698961679592e-5,0.11110997469358909,-0.111109593124035
11827,0.1,-0.11110991395419727,2.5982248743557075e-10,1.6119010125797762e-5,2.2723399112632763e-5,0.11110991395419727,-0.11110959360982496
11828,0.1,-0.11110985470275576,3.328860282500561e-10,1.824516451693588e-5,2.2527484797301207e-5,0.11110985470275576,-0.11110959407848119
11829,0.25,-0.11110980103929192,4.1165384602230795e-10,2.02892544471774e-5,2.2314264651418903e-5,0.11110980103929192,-0.11110959445530554
11830,0.625,-0.11110976249143169,4.888592097618359e-10,2.211016078100374e-5,2.1796500615009292e-5,0.11110976249143169,-0.11110959457315762
11831,1.5625,-0.1111097631377164,5.444683191892543e-10,2.333384492939932e-5,2.046204620962089e-5,0.1111097631377164,-0.11110959400793526
11832,3.90625,-0.11110985572229778,5.297607736833508e-10,2.301653261643358e-5,1.7068024527935333e-5,0.11110985572229778,-0.11110959194496048
11833,9.765625,-0.11111010847990688,3.636371954276018e-10,1.9069273594649635e-5,9.646984149063286e-6,0.11111010847990688,-0.11110958819466848
11834,24.4140625,-0.11111037762583036,7.408938933411271e-11,8.607519348459968e-6,1.3699334293008721e-5,0.11111037762583036,-0.11110958769938578
11835,9.765625,-0.11111034530260513,1.6869742321721355e-11,4.107279187214007e-6,3.248919600551981e-5,0.11111034530260513,-0.1111095891141397
11836,3.90625,-0.11111035781656362,4.707128252053418e-12,2.1695917247384166e-6,3.5707758194763844e-5,0.11111035781656362,-0.11110959047101694
11837,1.5625,-0.11111037425000073,1.897802780280318e-11,4.356377830583933e-6,3.550337883114767e-5,0.11111037425000073,-0.11110959170247404
11838,0.625,-0.11111039151018796,5.611272418967543e-11,7.490842688888576e-6,3.4846692548391245e-5,0.11111039151018796,-0.11110959286909387
11839,0.25,-0.11111040901463602,1.153175821426602e-10,1.0738602429676788e-5,3.43379960119112e-5,0.11111040901463602,-0.11110959401067876
11840,0.1,-0.11111042661334543,1.963803433613796e-10,1.40135771079828e-5,3.4015353255018464e-5,0.11111042661334543,-0.11110959514430936
11841,0.1,-0.11111044449142356,2.9859257917623225e-10,1.7279831572565522e-5,3.381814487328284e-5,0.11111044449142356,-0.11110959625201287
11842,0.1,-0.11111046267025171,4.212691517809517e-10,2.0524842308309014e-5,3.359136606304098e-5,0.11111046267025171,-0.11110959732989838
11843,0.1,-0.11111048116895943,5.636538003173228e-10,2.3741394237014025e-5,3.333523536945149e-5,0.11111048116895943,-0.11110959837421198
11844,0.1,-0.11111050000432625,7.249223117783431e-10,2.692438136296437e-5,3.305002494405527e-5,0.11111050000432625,-0.11110959938135197
11845,0.25,-0.11111052002937877,8.992202498584141e-10,2.9987001348224435e-5,3.273758416668101e-5,0.11111052002937877,-0.11110960018770338
11846,0.625,-0.11111054306946466,1.0708309941955384e-9,3.2723554119250835e-5,3.1964147903278906e-5,0.11111054306946466,-0.11110960042534555
11847,1.5625,-0.11111057327783139,1.196252584852175e-9,3.4586884578582316e-5,2.9949459187995784e-5,0.11111057327783139,-0.11110959915717451
11848,3.90625,-0.11111061718880046,1.1689363562019037e-9,3.4189711262335976e-5,2.475954074432756e-5,0.11111061718880046,-0.11110959456674309
11849,9.765625,-0.11111066658800223,8.082701100156813e-10,2.843009162868951e-5,1.2790884602126907e-5,0.11111066658800223,-0.11110958615950996
11850,24.4140625,-0.1111105962793437,1.6642989289955548e-10,1.2900771019576911e-5,1.861505130105692e-5,0.1111105962793437,-0.1111095848693265
11851,9.765625,-0.111110473693276,3.677101616056736e-11,6.063910962453799e-6,4.783114905069622e-5,0.111110473693276,-0.11110958797328278
11852,3.90625,-0.11111039196531229,7.548935796170912e-12,2.7475326742681174e-6,5.2862019995723295e-5,0.11111039196531229,-0.11110959096802069
11853,1.5625,-0.11111031870072162,3.7345058367763016e-11,6.1110603308888236e-6,5.263807803432125e-5,0.11111031870072162,-0.11110959368438358
11854,0.625,-0.11111024810875027,1.1815573161347522e-10,1.0869946256236745e-5,5.168903866301407e-5,0.11111024810875027,-0.11110959625493097
11855,0.25,-0.11111017846945417,2.4820259204516006e-10,1.575444673878331e-5,5.094334679888388e-5,0.11111017846945417,-0.11110959876874993
11856,0.1,-0.11111010920895474,4.270207641203308e-10,2.0664480736769817e-5,5.046935788440546e-5,0.11111010920895474,-0.11110960126452278
11857,0.1,-0.11111004054550071,6.53077991105489e-10,2.5555390646700923e-5,5.0180522288716484e-5,0.11111004054550071,-0.11110960370345256
11858,0.1,-0.11110997256068468,9.248806742910408e-10,3.0411850885650496e-5,4.9846843861215073e-5,0.11110997256068468,-0.11110960607679772
11859,0.1,-0.11110990533456,1.2407755916883998e-9,3.5224644663763466e-5,4.946865423833131e-5,0.11110990533456,-0.1111096083761209
11860,0.1,-0.11110983894549788,1.5989568907112581e-9,3.998695900804734e-5,4.904635762867411e-5,0.11110983894549788,-0.11110961059331978
11861,0.25,-0.11110977550012774,1.986576101383994e-9,4.4571023113498234e-5,4.8582604143511805e-5,0.11110977550012774,-0.11110961236645162
11862,0.625,-0.11110972002322815,2.369062884460431e-9,4.867302008772859e-5,4.742695324964417e-5,0.11110972002322815,-0.11110961287951493
11863,1.5625,-0.11110968567750942,2.650572782459962e-9,5.1483713759401255e-5,4.4404741790010605e-5,0.11110968567750942,-0.11110961005022811
11864,3.90625,-0.11110970415982528,2.595754403181385e-9,5.094854662481929e-5,3.657822755124696e-5,0.11110970415982528,-0.11110959982380876
11865,9.765625,-0.11110983593961661,1.8028751542584068e-9,4.246027736907057e-5,1.807029374399209e-5,0.11110983593961661,-0.11110958100121224
11866,24.4140625,-0.11111012099228533,3.7565642860121126e-10,1.9381858233957117e-5,2.6430325439931466e-5,0.11111012099228533,-0.11110957783057115
11867,9.765625,-0.11111023857193562,8.24023368017104e-11,9.077573288148678e-6,7.100999003977538e-5,0.11111023857193562,-0.11110958470745115
11868,3.90625,-0.11111034353656603,1.3888268887744187e-11,3.7266967796889763e-6,7.873740687272239e-5,0.11111034353656603,-0.11110959137703251
11869,1.5625,-0.11111044187790413,7.744548155177197e-11,8.800311446293931e-6,7.847960668586363e-5,0.11111044187790413,-0.11110959742853481
11870,0.625,-0.11111053795605076,2.550814962207282e-10,1.597127096447644e-5,7.708968784208439e-5,0.11111053795605076,-0.11110960315259928
11871,0.25,-0.11111063333455543,5.427825310825246e-10,2.329769368591073e-5,7.598556073272464e-5,0.11111063333455543,-0.11110960874814431
11872,0.1,-0.11111072857506461,9.394994262099201e-10,3.065125488801266e-5,7.52808140961316e-5,0.11111072857506461,-0.1111096143022516
11873,0.1,-0.11111082355577391,1.441860514040092e-9,3.797183843376683e-5,7.48503149288508e-5,0.11111082355577391,-0.11110961972996117
11874,0.1,-0.1111109181868916,2.0465616791452487e-9,4.523893985434726e-5,7.435244847503999e-5,0.1111109181868916,-0.11110962501169204
11875,0.1,-0.11111101237723497,2.749942396195939e-9,5.243989317490968e-5,7.378771021404644e-5,0.11111101237723497,-0.11110963012853808
11876,0.1,-0.11111110603441254,3.5480012211201632e-9,5.9565100697641424e-5,7.315669884427591e-5,0.11111110603441254,-0.1111096350623408
11877,0.25,-0.11111119721256196,4.412345122049349e-9,6.64254854859891e-5,7.24633567185298e-5,0.11111119721256196,-0.1111096390085962
11878,0.625,-0.11111128106216785,5.26649471269312e-9,7.257061879778289e-5,7.073524660111452e-5,0.11111128106216785,-0.11110964015064526
11879,1.5625,-0.11111134436492488,5.8982047103228766e-9,7.679977024915423e-5,6.62125018462902e-5,0.11111134436492488,-0.11110963384666085
11880,3.90625,-0.1111113528554223,5.785340990116511e-9,7.60614290564969e-5,5.447331283521122e-5,0.1111113528554223,-0.11110961102711485
11881,9.765625,-0.11111122795562078,4.031922822301789e-9,6.349742374539135e-5,2.634689697229683e-5,0.11111122795562078,-0.11110956884979152
11882,24.4140625,-0.11111084423013914,8.483351583575563e-10,2.912619368124775e-5,3.833744159964483e-5,0.11111084423013914,-0.11110956128417776
11883,9.765625,-0.11111062965337856,1.8569465909960282e-10,1.3626982758468686e-5,0.0001058820771700272,0.11111062965337856,-0.11110957661538998
11884,3.90625,-0.11111045435733292,2.6832546847695838e-11,5.180014174468622e-6,0.00011766239035274812,0.11111045435733292,-0.11110959154792187
11885,1.5625,-0.11111029237841297,1.640368905111902e-10,1.2807688726354581e-5,0.00011736083203723421,0.11111029237841297,-0.11110960510386694
11886,0.625,-0.11111013513203857,5.568035548631897e-10,2.359668525160239e-5,0.00011531287482171558,0.11111013513203857,-0.11110961792373675
11887,0.25,-0.11110997977886757,1.1960463045595757e-9,3.4583902390557024e-5,0.00011367178380142256,0.11110997977886757,-0.11110963045237421
11888,0.1,-0.11110982533660413,2.0793699703496204e-9,4.5600109323877944e-5,0.00011262014741182697,0.11110982533660413,-0.1111096428857629
11889,0.1,-0.11110967200954251,3.1992942120870453e-9,5.6562303808164015e-5,0.00011197571978691308,0.11110967200954251,-0.11110965503658578
11890,0.1,-0.11110951992259606,4.548459276632524e-9,6.744226624775092e-5,0.00011123056221180221,0.11110951992259606,-0.11110966686101009
11891,0.1,-0.11110936919803134,6.118711469671046e-9,7.822219294849159e-5,0.00011038539651281737,0.11110936919803134,-0.11110967831670537
11892,0.1,-0.11110921995539819,7.901137435282153e-9,8.888834251622737e-5,0.00010944109694405119,0.11110921995539819,-0.11110968936300483
11893,0.25,-0.11110907523760587,9.832743057519688e-9,9.916018887396134e-5,0.0001084035432285428,0.11110907523760587,-0.11110969820620936
11894,0.625,-0.1111089424666063,1.1743736710066209e-8,0.0001083685226902453,0.00010582022728148354,0.1111089424666063,-0.1111097007911496
11895,1.5625,-0.11110884166053608,1.3162590381614212e-8,0.00011472833295055853,9.905929527171855e-5,0.11110884166053608,-0.11110968674535557
11896,3.90625,-0.11110882462291638,1.2927695375334292e-8,0.00011370002363823102,8.149163128555075e-5,0.11110882462291638,-0.11110963574437473
11897,9.765625,-0.11110901309884022,9.037205439479714e-9,9.50642174505198e-5,3.9114936001474636e-5,0.11110901309884022,-0.11110954110222758
11898,24.4140625,-0.11110971946911143,1.3635981329690198e-10,1.1677320467337615e-5,5.521892861700784e-5,0.11110971946911143,-0.11110959525300067
11899,9.765625,-0.11111079342885069,1.424498320508419e-10,1.1935234897179104e-5,3.183673163769942e-5,0.11111079342885069,-0.11110959441045352
11900,3.90625,-0.11111119150769472,1.6331998561822204e-10,1.2779670794594908e-5,2.1682881160551744e-5,0.11111119150769472,-0.11110959408585755
11901,1.5625,-0.11111151141023873,1.8983212829006065e-10,1.3777958059526116e-5,1.7335546667173642e-5,0.11111151141023873,-0.11110959403685877
11902,0.625,-0.11111181116557911,2.2124864891879315e-10,1.4874429364476243e-5,1.5419678140743527e-5,0.11111181116557911,-0.11110959411679143
11903,1.5625,-0.11111198874135532,2.4148876881509367e-10,1.5539908906267556e-5,1.4529883835402482e-5,0.11111198874135532,-0.11110959389526105
11904,3.90625,-0.11111184111232823,2.232466367453837e-10,1.4941440250035593e-5,1.2402063977084785e-5,0.11111184111232823,-0.11110959306106129
11905,9.765625,-0.11111105227437158,1.34294402309717e-10,1.158854616894272e-5,8.880537295141109e-6,0.11111105227437158,-0.11110959175928219
11906,24.4140625,-0.11111010247187109,2.3200323275853222e-11,4.816671389647961e-6,1.2737268819573123e-5,0.11111010247187109,-0.11110959194571397
11907,9.765625,-0.11111052547228692,5.0219378657675035e-12,2.2409680644238337e-6,2.1994469952413478e-5,0.11111052547228692,-0.11110959257511088
11908,3.90625,-0.11111066235771637,4.6554620653384796e-12,2.1576519796617988e-6,2.304355423432743e-5,0.11111066235771637,-0.11110959311339749
11909,1.5625,-0.11111076504270012,1.4146520453447001e-11,3.7611860434505232e-6,2.2517136512846716e-5,0.11111076504270012,-0.1111095935934775
11910,0.625,-0.11111085904043282,3.228782268898669e-11,5.68223747206914e-6,2.193632057390247e-5,0.11111085904043282,-0.11110959404825567
11911,0.25,-0.11111095041856965,5.882001038153623e-11,7.669420472339239e-6,2.153769893632128e-5,0.11111095041856965,-0.11110959449407272
11912,0.1,-0.11111104098357923,9.365978270820457e-11,9.677798443251676e-6,2.129106153762189e-5,0.11111104098357923,-0.11110959493702667
11913,0.1,-0.11111112854049492,1.3644121720129737e-10,1.1680805503101974e-5,2.113799109417717e-5,0.11111112854049492,-0.11110959536822153
11914,0.1,-0.11111121276422849,1.8684408214529217e-10,1.3669092220966694e-5,2.096970826388966e-5,0.11111121276422849,-0.1111095957863483
11915,0.1,-0.11111129334355223,2.4452384304780843e-10,1.563725816912314e-5,2.078609012826664e-5,0.11111129334355223,-0.11110959619014305
11916,0.1,-0.11111136998207434,3.091129955962517e-10,1.7581609584911493e-5,2.0587101075736063e-5,0.11111136998207434,-0.11110959657839474
11917,0.25,-0.11111143155012486,3.7793797644915557e-10,1.9440626956174938e-5,2.0374282524686753e-5,0.11111143155012486,-0.11110959688320646
11918,0.625,-0.11111145312138815,4.4400845233975504e-10,2.107150806989749e-5,1.9873201304472963e-5,0.11111145312138815,-0.11110959695564093
11919,1.5625,-0.11111137341368135,4.884731188913927e-10,2.2101427983082738e-5,1.8604752879001716e-5,0.11111137341368135,-0.11110959642382943
11920,3.90625,-0.11111106557107363,4.673179426493951e-10,2.1617537848917835e-5,1.54411766221011e-5,0.11111106557107363,-0.11110959459842673
11921,9.765625,-0.11111040693611954,3.1379408565567615e-10,1.771423398444528e-5,8.933280635921049e-6,0.11111040693611954,-0.11110959140167687
11922,24.4140625,-0.11110998768062191,6.285713169984376e-11,7.928248968078876e-6,1.3669143728013805e-5,0.11110998768062191,-0.11110959109719523
11923,9.765625,-0.11111028713404567,1.3961676301909493e-11,3.736532657680044e-6,3.0583979356386185e-5,0.11111028713404567,-0.11110959235011332
11924,3.90625,-0.1111104110700706,4.589332660632411e-12,2.142272779230603e-6,3.3408496378803e-5,0.1111104110700706,-0.11110959353233955
11925,1.5625,-0.11111051099787808,1.816770222718197e-11,4.262358763311926e-6,3.313372172641168e-5,0.11111051099787808,-0.11110959460124141
11926,0.625,-0.11111060435915329,5.1610741168757496e-11,7.184061606692797e-6,3.247894583858011e-5,0.11111060435915329,-0.11110959561281834
11927,0.25,-0.11111069563583906,1.0422873333580203e-10,1.0209247442187012e-5,3.198036237667424e-5,0.11111069563583906,-0.11110959660224717
11928,0.1,-0.11111078623722065,1.7582779738136034e-10,1.3260007442733972e-5,3.166333276684201e-5,0.11111078623722065,-0.11110959758436412
11929,0.1,-0.11111087536525312,2.6575840397779336e-10,1.630209814649002e-5,3.146708795369181e-5,0.11111087536525312,-0.11110959854302986
11930,0.1,-0.11111096280863586,3.734002731540855e-10,1.9323567816376083e-5,3.1244067911851043e-5,0.11111096280863586,-0.11110959947494223
11931,0.1,-0.11111104836197327,4.980723212585531e-10,2.23175339421396e-5,3.0994389917429116e-5,0.11111104836197327,-0.1111096003769135
11932,0.1,-0.11111113182636695,6.390353643294613e-10,2.5279148805477238e-5,3.071823694255716e-5,0.11111113182636695,-0.1111096012458874
11933,0.25,-0.11111120730082374,7.910615883806828e-10,2.8125817114897886e-5,3.041740171318835e-5,0.11111120730082374,-0.11110960193820488
11934,0.625,-0.11111126108351747,9.401708354830296e-10,3.066220532647692e-5,2.9684814587616675e-5,0.11111126108351747,-0.11110960213196579
11935,1.5625,-0.11111125857084655,1.0478076616833236e-9,3.236985730094162e-5,2.7791048820771514e-5,0.11111125857084655,-0.11110960100989795
11936,3.90625,-0.111111124124786,1.020174695596084e-9,3.1940173693893465e-5,2.2939581020520448e-5,0.111111124124786,-0.1111095970002739
11937,9.765625,-0.11111076104728129,7.009239909634575e-10,2.6474969139990655e-5,1.1920937506785714e-5,0.11111076104728129,-0.11110958972871567
11938,24.4140625,-0.11111038270955699,1.4229166574470924e-10,1.1928607032873085e-5,1.7881407221155854e-5,0.11111038270955699,-0.11110958873271944
11939,9.765625,-0.11111043419483778,3.0958066037411476e-11,5.563997307459043e-6,4.4722947134188234e-5,0.11111043419483778,-0.11110959144656249
11940,3.90625,-0.1111104186554176,6.856982947943955e-12,2.6185841494868853e-6,4.9289185319274996e-5,0.1111104186554176,-0.11110959404494222
11941,1.5625,-0.11111039726682907,3.392437004462278e-11,5.824463069212713e-6,4.902589461765535e-5,0.11111039726682907,-0.11110959639744743
11942,0.625,-0.11111037470107012,1.0523677043464876e-10,1.0258497474515884e-5,4.8115784221989684e-5,0.11111037470107012,-0.11110959862269379
11943,0.25,-0.11111035186186656,2.192525929517018e-10,1.4807180452459604e-5,4.740742631462273e-5,0.11111035186186656,-0.11110960079861441
11944,0.1,-0.11111032898874616,3.755600062299657e-10,1.937937063554866e-5,4.69574797065824e-5,0.11111032898874616,-0.1111096029587517
11945,0.1,-0.11111030578491732,5.727987279632766e-10,2.3933213907941334e-5,4.668237202318883e-5,0.11111030578491732,-0.11110960506890293
11946,0.1,-0.11111028221017892,8.096500864976995e-10,2.845435092385169e-5,4.6365735031908895e-5,0.11111028221017892,-0.11110960712153023
11947,0.1,-0.1111102582269521,1.0846579312197861e-9,3.293414536950649e-5,4.600786238336707e-5,0.1111102582269521,-0.11110960910936059
11948,0.1,-0.11111023380046771,1.3962347360692957e-9,3.736622453592677e-5,4.56091194698251e-5,0.11111023380046771,-0.11110961102541381
11949,0.25,-0.1111102074995221,1.733114286317793e-9,4.1630689236641196e-5,4.517206111345423e-5,0.1111102074995221,-0.11110961255418202
11950,0.625,-0.11111017620315454,2.0650359074042778e-9,4.544266615642482e-5,4.408888616157529e-5,0.11111017620315454,-0.11110961298545899
11951,1.5625,-0.11111013265607741,2.3082050102452704e-9,4.804378222252356e-5,4.1263492831958716e-5,0.11111013265607741,-0.11110961050916619
11952,3.90625,-0.11111006464617522,2.2572255323117124e-9,4.751026765144259e-5,3.3959405098756214e-5,0.11111006464617522,-0.11110960161124786
11953,9.765625,-0.11110998082785009,1.5630952135232746e-9,3.953599895694144e-5,1.676662025364556e-5,0.11110998082785009,-0.11110958530716054
11954,24.4140625,-0.11111007278602605,3.2251206397818395e-10,1.7958620881854596e-5,2.4978086173076162e-5,0.11111007278602605,-0.11110958271716811
11955,9.765625,-0.11111025388330216,7.005637839892051e-11,8.36996884097668e-6,6.623815962929741e-5,0.11111025388330216,-0.11110958870204526
11956,3.90625,-0.11111037286552211,1.2282917032547144e-11,3.5046992784755648e-6,7.333526558803015e-5,0.11111037286552211,-0.1111095944812526
11957,1.5625,-0.1111104794192685,6.892221616409492e-11,8.301940505935641e-6,7.305283255772796e-5,0.1111104794192685,-0.11110959971959936
11958,0.625,-0.11111058223192567,2.2443315442932162e-10,1.4981093232114992e-5,7.174051050441783e-5,0.11111058223192567,-0.11110960467366772
11959,0.25,-0.11111068387897112,4.753581817942757e-10,2.1802710423116563e-5,7.070468497724411e-5,0.11111068387897112,-0.11110960951672273
11960,0.1,-0.11111078522354839,8.207950675351082e-10,2.8649521244431088e-5,7.004517515431641e-5,0.11111078522354839,-0.11110961432423361
11961,0.1,-0.11111088590633672,1.2577966588118667e-9,3.5465429065667124e-5,6.964294560990208e-5,0.11111088590633672,-0.11110961902184932
11962,0.1,-0.11111098579206902,1.783483511907585e-9,4.223130961629754e-5,6.917804272302148e-5,0.11111098579206902,-0.11110962359261829
11963,0.1,-0.11111108474621274,2.3946668370580175e-9,4.8935333216991765e-5,6.865091503960262e-5,0.11111108474621274,-0.11110962802017288
11964,0.1,-0.11111118263527088,3.087861959074798e-9,5.5568533893515654e-5,6.806211061259128e-5,0.11111118263527088,-0.11110963228879454
11965,0.25,-0.11111127608537365,3.838292558070444e-9,6.195395514469148e-5,6.741529083361265e-5,0.11111127608537365,-0.11110963569890431
11966,0.625,-0.11111135701662962,4.5792588739414076e-9,6.767022147105334e-5,6.580284494783012e-5,0.11111135701662962,-0.11110963667207388
11967,1.5625,-0.11111140427400998,5.125759288531607e-9,7.159440822111463e-5,6.158338593704518e-5,0.11111140427400998,-0.11110963117816447
11968,3.90625,-0.11111136741404307,5.023177925155909e-9,7.08743813035141e-5,5.063742900433504e-5,0.11111136741404307,-0.11110961135818684
11969,9.765625,-0.11111115464982126,3.4938531910135968e-9,5.9108824984206855e-5,2.4483542194223156e-5,0.11111115464982126,-0.11110957482954835
11970,24.4140625,-0.11111073439181916,7.306827335938359e-10,2.703114377146916e-5,3.605067734011782e-5,0.11111073439181916,-0.11110956849758444
11971,9.765625,-0.11111058379562329,1.5943495985650888e-10,1.2626755713820905e-5,9.864637314799145e-5,0.11111058379562329,-0.11110958180014653
11972,3.90625,-0.11111044279229547,2.4291623192448223e-11,4.928653283854345e-6,0.00010951331234410607,0.11111044279229547,-0.11110959472285617
11973,1.5625,-0.1111103103166152,1.4544615568971047e-10,1.2060105956819387e-5,0.00010919249533105752,0.1111103103166152,-0.11110960644803881
11974,0.625,-0.11111018116066096,4.879203304114154e-10,2.208891872436076e-5,0.0001072707054776227,0.11111018116066096,-0.11110961753634631
11975,0.25,-0.1111100534031453,1.0438928589267112e-9,3.230933083378099e-5,0.00010573790199966454,0.1111100534031453,-0.11110962837383834
11976,0.1,-0.11110992635716703,1.8113133995095827e-9,4.2559527717181995e-5,0.0001047580191488976,0.11110992635716703,-0.11110963913001869
11977,0.1,-0.11110980009602762,2.7836740858489368e-9,5.2760535306694306e-5,0.00010415890104070277,0.11110980009602762,-0.11110964964142965
11978,0.1,-0.11110967470397726,3.954585942491215e-9,6.288549866615685e-5,0.00010346588912186389,0.11110967470397726,-0.11110965987008563
11979,0.1,-0.11110955026393425,5.3169704568057495e-9,7.291755931739453e-5,0.00010267966405389336,0.11110955026393425,-0.11110966977930464
11980,0.1,-0.11110942685750287,6.8630894496440745e-9,8.284376530339549e-5,0.00010180104855515792,0.11110942685750287,-0.11110967933385052
11981,0.25,-0.11110930641705483,8.538118766143133e-9,9.240194135483914e-5,0.00010083550192268486,0.11110930641705483,-0.11110968697654709
11982,0.625,-0.1111091937624691,1.0194334348145109e-8,0.00010096699633120274,9.84287350072944e-5,0.1111091937624691,-0.11110968918897338
11983,1.5625,-0.11110910224694301,1.1421634671877231e-8,0.00010687204813176003,9.212790816109456e-5,0.11110910224694301,-0.1111096769763056
11984,3.90625,-0.1111090684634553,1.1210462908251892e-8,0.00010587947349818044,7.575905732424282e-5,0.1111090684634553,-0.11110963273871187
11985,9.765625,-0.11110919012496015,7.824783410774224e-9,8.845780582161318e-5,3.6338537424150894e-5,0.11110919012496015,-0.11110955082323663
11986,24.4140625,-0.11110996579985272,1.1822664639927965e-10,1.0873207732738286e-5,5.176281795387407e-5,0.11110996579985272,-0.11110959797058294
11987,9.765625,-0.11111068438239252,1.2458469327829518e-10,1.1161751353541933e-5,2.9351176403676982e-5,0.11111068438239252,-0.11110959718236607
11988,3.90625,-0.11111094491592952,1.4162678071454134e-10,1.1900705051153119e-5,1.9932799410558412e-5,0.11111094491592952,-0.11110959689326437
11989,1.5625,-0.11111115457333207,1.6325626815913658e-10,1.277717762884811e-5,1.6004967218912995e-5,0.11111115457333207,-0.11110959685064596
11990,0.625,-0.1111113511983136,1.8880961056840402e-10,1.3740800943482298e-5,1.4302796604370426e-5,0.1111113511983136,-0.11110959692136291
11991,1.5625,-0.11111146651970047,2.0524951854450424e-10,1.432653197897189e-5,1.3517139125744851e-5,0.11111146651970047,-0.11110959673857118
11992,3.90625,-0.11111136631945998,1.9070386105178985e-10,1.380955687383885e-5,1.1661321091038e-5,0.11111136631945998,-0.11110959603552732
11993,9.765625,-0.11111084461052628,1.1707677513451816e-10,1.0820202176231189e-5,8.616539657788793e-6,0.11111084461052628,-0.111109594909345
11994,24.4140625,-0.11111023014771011,1.9875676113701796e-11,4.4582144535342615e-6,1.2092203075305951e-5,0.11111023014771011,-0.11110959507975864
11995,9.765625,-0.11111049426069852,4.594824039012321e-12,2.1435540672006202e-6,2.0568931584606267e-5,0.11111049426069852,-0.11110959562189153
11996,3.90625,-0.11111057268117269,4.1610223225665474e-12,2.0398584074799278e-6,2.1559415197132864e-5,0.11111057268117269,-0.11110959609284597
11997,1.5625,-0.11111062982685894,1.2233228497377754e-11,3.497603250424175e-6,2.1088044425592987e-5,0.11111062982685894,-0.11110959651454198
11998,0.625,-0.11111068165883653,2.7770039023033343e-11,5.269728553069251e-6,2.055769442762813e-5,0.11111068165883653,-0.11110959691455462
11999,0.25,-0.11111073190719852,5.054291579123438e-11,7.109354105067097e-6,2.019159458668729e-5,0.11111073190719852,-0.1111095973068072
12000,0.1,-0.11111078167106347,8.04773499396769e-11,8.970916895149397e-6,1.996414106181821e-5,0.11111078167106347,-0.1111095976965273
12001,0.1,-0.11111082952586017,1.17268498727659e-10,1.0829058072042046e-5,1.9822372690430377e-5,0.11111082952586017,-0.11110959807607344
12002,0.1,-0.11111087527026853,1.6064612719158015e-10,1.2674625327463536e-5,1.9666703582646545e-5,0.11111087527026853,-0.11110959844431939
12003,0.1,-0.11111091871202321,2.1031930618727512e-10,1.4502389671611887e-5,1.9497001533983444e-5,0.11111091871202321,-0.11110959880017439
12004,0.1,-0.11111095966852474,2.6597743305592646e-10,1.6308814581566818e-5,1.9313215851973752e-5,0.11111095966852474,-0.11110959914259247
12005,0.25,-0.11111099110703478,3.253860774807667e-10,1.8038461061874615e-5,1.9116747445910745e-5,0.11111099110703478,-0.11110959941310035
12006,0.625,-0.11111099733826497,3.826801006091963e-10,1.9562211035800536e-5,1.8655439720637875e-5,0.11111099733826497,-0.11110959948315852
12007,1.5625,-0.11111093994952212,4.2193351714008396e-10,2.0541020352944592e-5,1.7488005069099745e-5,0.11111093994952212,-0.11110959903052398
12008,3.90625,-0.11111074027735739,4.053699286495651e-10,2.0133800650884698e-5,1.4571435787464608e-5,0.11111074027735739,-0.11110959745175027
12009,9.765625,-0.11111032769433919,2.734616929167077e-10,1.653667720301475e-5,8.554847164324532e-6,0.11111032769433919,-0.11110959466444051
12010,24.4140625,-0.11111009890561856,5.444686786003796e-11,7.378812090034409e-6,1.2907427052737908e-5,0.11111009890561856,-0.11110959441099401
12011,9.765625,-0.11111030506707907,1.2420832040202952e-11,3.5243200819736777e-6,2.862610796229435e-5,0.11111030506707907,-0.11110959550163163
12012,3.90625,-0.11111039553541023,4.434050652654696e-12,2.105718559697543e-6,3.122515597050568e-5,0.11111039553541023,-0.11110959653168362
12013,1.5625,-0.11111046990972998,1.6355804583180682e-11,4.044231024951552e-6,3.096089290523467e-5,0.11111046990972998,-0.11110959746399272
12014,0.625,-0.11111053983792307,4.552191426954494e-11,6.746992979805518e-6,3.034908475782978e-5,0.11111053983792307,-0.11110959834692478
12015,0.25,-0.11111060835038324,9.133671601329446e-11,9.557024433017552e-6,2.9884526169411136e-5,0.11111060835038324,-0.11110959921083662
12016,0.1,-0.11111067640601197,1.5363261202193642e-10,1.2394862323637823e-5,2.9589471110999293e-5,0.11111067640601197,-0.11110960006850518
12017,0.1,-0.11111074347215726,2.318444386933168e-10,1.5226438805358158e-5,2.9406942382570345e-5,0.11111074347215726,-0.11110960090578949
12018,0.1,-0.11111080940430568,3.254334132665896e-10,1.8039773093544986e-5,2.919951050498179e-5,0.11111080940430568,-0.11110960171981965
12019,0.1,-0.11111087406168686,4.3380800894667064e-10,2.082805821354143e-5,2.89672918733582e-5,0.11111087406168686,-0.11110960250782728
12020,0.1,-0.11111093730767428,5.563262910461282e-10,2.3586570141632044e-5,2.871046365921507e-5,0.11111093730767428,-0.11110960326715624
12021,0.25,-0.11111099514133072,6.884452364702112e-10,2.6238239965176993e-5,2.843069971044243e-5,0.11111099514133072,-0.11110960387281503
12022,0.625,-0.11111103824925594,8.180169130739609e-10,2.860099496650354e-5,2.774957004116117e-5,0.11111103824925594,-0.1111096040448494
12023,1.5625,-0.11111104303775975,9.115266194615232e-10,3.0191499125772525e-5,2.5989462682604423e-5,0.11111104303775975,-0.11110960307254136
12024,3.90625,-0.11111095751948727,8.873524223403076e-10,2.978846122813845e-5,2.1484976524290802e-5,0.11111095751948727,-0.11110959958941705
12025,9.765625,-0.1111107124398695,6.091683057368005e-10,2.4681335169248854e-5,1.132155793166816e-5,0.1111107124398695,-0.11110959327599809
12026,24.4140625,-0.11111043521202763,1.2315437889184304e-10,1.1097494261852225e-5,1.6901240085184013e-5,0.11111043521202763,-0.11110959244086047
12027,9.765625,-0.11111044554724771,2.6971842796784622e-11,5.193442287807252e-6,4.175675506782693e-5,0.11111044554724771,-0.11110959480100896
12028,3.90625,-0.11111041664451211,6.394613484650106e-12,2.5287573004640258e-6,4.597178925958764e-5,0.11111041664451211,-0.11110959705807358
12029,1.5625,-0.11111038544476372,3.020630015407711e-11,5.496025850928752e-6,4.571293061046594e-5,0.11111038544476372,-0.11110959910171034
12030,0.625,-0.11111035399549801,9.241507026913073e-11,9.613275730422524e-6,4.486042941541542e-5,0.11111035399549801,-0.11110960103524398
12031,0.25,-0.11111032255759756,1.9169026019529433e-10,1.3845225176763805e-5,4.41991740716847e-5,0.11111032255759756,-0.11110960292625267
12032,0.1,-0.11111029117330067,3.2767820762824957e-10,1.8101884090564983e-5,4.3779864725290696e-5,0.11111029117330067,-0.11110960480374955
12033,0.1,-0.11111025967070719,4.991947081241804e-10,2.2342665644998147e-5,4.3523873047150866e-5,0.11111025967070719,-0.11110960663783889
12034,0.1,-0.11111022803918558,7.050938391967468e-10,2.6553603130210913e-5,4.322920859945569e-5,0.11111022803918558,-0.11110960842197741
12035,0.1,-0.1111101962696901,9.441100600488765e-10,3.072637401401077e-5,4.289614547187539e-5,0.1111101962696901,-0.11110961014985095
12036,0.1,-0.11111016435487131,1.214863519053031e-9,3.485489232594229e-5,4.2525025301806105e-5,0.11111016435487131,-0.11110961181540066
12037,0.25,-0.11111013171947308,1.5075402144705488e-9,3.882705518669358e-5,4.211821300021078e-5,0.11111013171947308,-0.1111096131442402
12038,0.625,-0.11111009720867898,1.7957846804027389e-9,4.237669973467423e-5,4.1109311179195234e-5,0.11111009720867898,-0.11110961351902858
12039,1.5625,-0.11111005846420126,2.0066311717672157e-9,4.479543695252024e-5,3.8477472870414074e-5,0.11111005846420126,-0.11110961136700677
12040,3.90625,-0.11111001357932349,1.9613100258616564e-9,4.428668000495924e-5,3.167779705739462e-5,0.11111001357932349,-0.11110960363827227
12041,9.765625,-0.11110998170290916,1.3565463969486593e-9,3.6831323583991105e-5,1.5737537550462834e-5,0.11110998170290916,-0.11110958949739465
12042,24.4140625,-0.11111010736537645,2.7891479909261534e-10,1.6700742471297957e-5,2.349285859866945e-5,0.11111010736537645,-0.11110958730575167
12043,9.765625,-0.11111025883825695,6.067750656450677e-11,7.789576789820276e-6,6.175950029727446e-5,0.11111025883825695,-0.11110959250304267
12044,3.90625,-0.11111036406536387,1.1184771658165431e-11,3.344364163509326e-6,6.832657672027154e-5,0.11111036406536387,-0.11110959751507442
12045,1.5625,-0.11111045921149641,6.087523839958145e-11,7.802258544779291e-6,6.804805204414407e-5,0.11111045921149641,-0.1111096020575033
12046,0.625,-0.11111055126083855,1.9630142714370605e-10,1.4010761119357721e-5,6.68207198452984e-5,0.11111055126083855,-0.11110960635389909
12047,0.25,-0.11111064233903599,4.1447957515005503e-10,2.0358771454831332e-5,6.585489957944273e-5,0.11111064233903599,-0.1111096105545482
12048,0.1,-0.11111073316610992,7.146354985868028e-10,2.6732667255378816e-5,6.524108429561664e-5,0.11111073316610992,-0.11110961472477518
12049,0.1,-0.11111082346853023,1.0942075598477278e-9,3.307880831964368e-5,6.486744962930842e-5,0.11111082346853023,-0.11110961879975637
12050,0.1,-0.11111091313373626,1.5506967852730536e-9,3.937888755758666e-5,6.443540814518951e-5,0.11111091313373626,-0.11110962276478181
12051,0.1,-0.11111100204945346,2.081335334456582e-9,4.5621654227533024e-5,6.394538168815439e-5,0.11111100204945346,-0.1111096266056483
12052,0.1,-0.11111109010395621,2.6830982123477707e-9,5.1798631375237805e-5,6.339788498428703e-5,0.11111109010395621,-0.11110963030871722
12053,0.25,-0.11111117454882288,3.3344311536058705e-9,5.7744533538733086e-5,6.2796308990728e-5,0.11111117454882288,-0.11110963326633264
12054,0.625,-0.11111124876341648,3.977317220421127e-9,6.306597514049179e-5,6.129485427071633e-5,0.11111124876341648,-0.11110963410798491
12055,1.5625,-0.11111129530749277,4.450870947718544e-9,6.671484803039383e-5,5.73644896681091e-5,0.11111129530749277,-0.11110962933560281
12056,3.90625,-0.11111127202938224,4.359922966367994e-9,6.602971275394126e-5,4.717099008911699e-5,0.11111127202938224,-0.11110961213419006
12057,9.765625,-0.11111109884343648,3.029492043560939e-9,5.504082161051867e-5,2.2871084686574998e-5,0.11111109884343648,-0.11110958047254016
12058,24.4140625,-0.11111072742082374,6.316839627432737e-10,2.513332375041697e-5,3.378693614228522e-5,0.11111072742082374,-0.11110957508125731
12059,9.765625,-0.11111057772619821,1.3787786674951959e-10,1.1742140637444246e-5,9.189700644271865e-5,0.11111057772619821,-0.11110958661888781
12060,3.90625,-0.11111044287569907,2.1872419333557827e-11,4.676795840482865e-6,0.00010196416373009906,0.11111044287569907,-0.11110959781378925
12061,1.5625,-0.11111031673760022,1.27911985822404e-10,1.1309818116238828e-5,0.00010164622105816018,0.11111031673760022,-0.11110960796946712
12062,0.625,-0.11111019388511702,4.257369656008659e-10,2.0633394427501887e-5,9.985007630455712e-5,0.11111019388511702,-0.11110961757393882
12063,0.25,-0.11111007238313514,9.085961100472357e-10,3.014292802710506e-5,9.842103768879308e-5,0.11111007238313514,-0.11110962696190597
12064,0.1,-0.11110995154595238,1.5747278500067673e-9,3.9682840750213024e-5,9.750875466749117e-5,0.11110995154595238,-0.11110963628006822
12065,0.1,-0.1111098314662553,2.418481430261284e-9,4.917805842305371e-5,9.695174024885105e-5,0.1111098314662553,-0.111109645386162
12066,0.1,-0.1111097122300198,3.434316172132175e-9,5.8603038932568806e-5,9.630722979390663e-5,0.1111097122300198,-0.11110965424725028
12067,0.1,-0.11110959392189694,4.6160925346136584e-9,6.794183199335781e-5,9.557586197869433e-5,0.11110959392189694,-0.11110966283152719
12068,0.1,-0.11110947662519623,5.9570980827350216e-9,7.71822394254988e-5,9.475840782032095e-5,0.11110947662519623,-0.11110967110844198
12069,0.25,-0.11110936233351225,7.409691465120908e-9,8.607956473589367e-5,9.385992983036092e-5,0.11110936233351225,-0.11110967772677886
12070,0.625,-0.11110925598978144,8.845519159004777e-9,9.40506201946844e-5,9.161856256655025e-5,0.11110925598978144,-0.11110967963443456
12071,1.5625,-0.11110917117274208,9.908319929829755e-9,9.954054415076178e-5,8.574943649607759e-5,0.11110917117274208,-0.11110966903106498
12072,3.90625,-0.11110914438871927,9.721448530561636e-9,9.859740630747664e-5,7.05043941827609e-5,0.11110914438871927,-0.11110963066677836
12073,9.765625,-0.11110926912849968,6.779408853711035e-9,8.233716568908014e-5,3.3839207614837085e-5,0.11110926912849968,-0.1111095597125971
12074,24.4140625,-0.11110995070756063,1.0359100112093875e-10,1.0177966453125042e-5,4.842067948924298e-5,0.11110995070756063,-0.11110960067153952
12075,9.765625,-0.11111067764497258,1.0899325174427013e-10,1.0439983321072411e-5,2.758480738078375e-5,0.11111067764497258,-0.11110959999281556
12076,3.90625,-0.11111094328322871,1.2398997500971497e-10,1.1135078581209698e-5,1.8826588227789488e-5,0.11111094328322871,-0.11110959974626022
12077,1.5625,-0.1111111569719277,1.4303548185370077e-10,1.195974422191799e-5,1.5178288689512665e-5,0.1111111569719277,-0.11110959971474446
12078,0.625,-0.11111135732133746,1.6555416872031367e-10,1.286678548512851e-5,1.3599691838768963e-5,0.11111135732133746,-0.11110959978226781
12079,1.5625,-0.11111147532422956,1.8003288489709566e-10,1.3417633356784484e-5,1.2871932605831141e-5,0.11111147532422956,-0.11110959962715178
12080,3.90625,-0.11111137471998578,1.6712568547463208e-10,1.2927709985710233e-5,1.1157786604484956e-5,0.11111137471998578,-0.11110959901587505
12081,9.765625,-0.11111084533509277,1.0230468408228598e-10,1.0114577800495975e-5,8.378580767810184e-6,0.11111084533509277,-0.11110959803698674
12082,24.4140625,-0.11111021672154521,1.755091943540325e-11,4.18938174858812e-6,1.1540695920420921e-5,0.11111021672154521,-0.11110959818733233
12083,9.765625,-0.11111048995256,4.2449145653548775e-12,2.0603190445547206e-6,1.9342167329731524e-5,0.11111048995256,-0.11110959866312058
12084,3.90625,-0.11111057380558535,3.9488822342941385e-12,1.987179467057301e-6,2.024324680217894e-5,0.11111057380558535,-0.11110959907672274
12085,1.5625,-0.11111063562421594,1.1059048457365423e-11,3.3255147657716727e-6,1.9797155141717615e-5,0.11111063562421594,-0.11110959944784685
12086,0.625,-0.11111069190470424,2.467018835552485e-11,4.966909336350408e-6,1.9301511881090673e-5,0.11111069190470424,-0.11110959980035111
12087,0.25,-0.11111074652705825,4.458482853834845e-11,6.677187172631036e-6,1.896048038621872e-5,0.11111074652705825,-0.11110960014623458
12088,0.1,-0.11111080063892108,7.073877247581426e-11,8.410634487112983e-6,1.8748952322663755e-5,0.11111080063892108,-0.11110960048997924
12089,0.1,-0.11111085278780079,1.0286359811881624e-10,1.0142169300441412e-5,1.8617253820229972e-5,0.11111085278780079,-0.11110960082484649
12090,0.1,-0.11111090276495306,1.4072223042340932e-10,1.1862640111855763e-5,1.847268053389202e-5,0.11111090276495306,-0.11110960114985528
12091,0.1,-0.11111095037085324,1.8405949410822228e-10,1.3566852770934837e-5,1.8315117186538e-5,0.11111095037085324,-0.1111096014640572
12092,0.1,-0.11111099541583254,2.3260302661837048e-10,1.5251328683703937e-5,1.814452520806905e-5,0.11111099541583254,-0.11110960176654211
12093,0.25,-0.1111110306601544,2.843873362693331e-10,1.686378772012187e-5,1.7962215177111137e-5,0.1111110306601544,-0.11110960200622677
12094,0.625,-0.11111103993015853,3.342581904233059e-10,1.8282729293606735e-5,1.7534279826088416e-5,0.11111103993015853,-0.11110960207094628
12095,1.5625,-0.11111098356697727,3.682410882583742e-10,1.9189608861526442e-5,1.6452571892345503e-5,0.11111098356697727,-0.11110960167985609
12096,3.90625,-0.11111078002724471,3.5330220343239685e-10,1.8796334840398987e-5,1.3760181663432736e-5,0.11111078002724471,-0.11110960030868816
12097,9.765625,-0.11111035396343318,2.3785469517951136e-10,1.5422538545243173e-5,8.297326383411016e-6,0.11111035396343318,-0.11110959789162525
12098,24.4140625,-0.11111010446638307,4.741965821066852e-11,6.886193303318497e-6,1.2306842936076034e-5,0.11111010446638307,-0.11110959768007861
12099,9.765625,-0.11111031007170069,1.1009356207064613e-11,3.3180349918384845e-6,2.678388257560414e-5,0.11111031007170069,-0.111109598630347
12100,3.90625,-0.11111039848876117,4.181167832113005e-12,2.0447904127594606e-6,2.918173856398603e-5,0.11111039848876117,-0.11110959952803878
12101,1.5625,-0.11111047070070221,1.4633243386423908e-11,3.825342257422714e-6,2.892918235585149e-5,0.11111047070070221,-0.11110960034128323
12102,0.625,-0.11111053845014389,4.005569094473123e-11,6.328956544702392e-6,2.835791429706962e-5,0.11111053845014389,-0.1111096011119395
12103,0.25,-0.11111060477907703,7.993327639605657e-11,8.94054116908236e-6,2.792524304288835e-5,0.11111060477907703,-0.1111096018662394
12104,0.1,-0.11111067064798386,1.3412144160338405e-10,1.1581081193195394e-5,2.765077760098407e-5,0.11111067064798386,-0.11110960261520157
12105,0.1,-0.11111073552010116,2.021275878683217e-10,1.4217158220555953e-5,2.7481140501506808e-5,0.11111073552010116,-0.11110960334645313
12106,0.1,-0.11111079925096791,2.834828514362212e-10,1.6836948994286975e-5,2.728836268280976e-5,0.11111079925096791,-0.11110960405750195
12107,0.1,-0.11111086169996913,3.7767247440539524e-10,1.94337972204455e-5,2.7072557399006147e-5,0.11111086169996913,-0.11110960474594399
12108,0.1,-0.11111092273074007,4.841378456914941e-10,2.20031326335932e-5,2.6833894998094783e-5,0.11111092273074007,-0.11110960540947412
12109,0.25,-0.11111097833195392,5.989194692963718e-10,2.4472831248067146e-5,2.6573933561123186e-5,0.11111097833195392,-0.11110960593937937
12110,0.625,-0.11111101917402424,7.114327761230063e-10,2.667269720375137e-5,2.594094202904813e-5,0.11111101917402424,-0.1111096060922987
12111,1.5625,-0.11111102164812854,7.924873589742862e-10,2.8151152000838015e-5,2.4305853387783635e-5,0.11111102164812854,-0.11110960525069473
12112,3.90625,-0.1111109338834062,7.710528207325093e-10,2.776783788364714e-5,2.0127652865768282e-5,0.1111109338834062,-0.11110960222865184
12113,9.765625,-0.11111068778581587,5.287767826069429e-10,2.299514693597201e-5,1.0779380432585097e-5,0.11111068778581587,-0.11110959675542205
12114,24.4140625,-0.11111041733850398,1.0674562558273832e-10,1.0331777464828514e-5,1.5968505061314606e-5,0.11111041733850398,-0.11110959604787854
12115,9.765625,-0.11111043618540575,2.3541417078961512e-11,4.851949822387028e-6,3.896870351780303e-5,0.11111043618540575,-0.11110959809876308
12116,3.90625,-0.11111041354027741,5.892077779371991e-12,2.427360249194996e-6,4.286771060421726e-5,0.11111041354027741,-0.11110960005894625
12117,1.5625,-0.11111038802385173,2.6725007194609608e-11,5.169623506079491e-6,4.2618235852573614e-5,0.11111038802385173,-0.11110960183420934
12118,0.625,-0.11111036206845336,8.085158823373046e-11,8.991751121652026e-6,4.18217819183847e-5,0.11111036206845336,-0.11110960351426065
12119,0.25,-0.11111033605453911,1.6712124489896832e-10,1.2927538238155334e-5,4.120537051072807e-5,0.11111033605453911,-0.11110960515761774
12120,0.1,-0.11111031006495871,2.8522875542928574e-10,1.6888716808250582e-5,4.0814880330615424e-5,0.11111031006495871,-0.11110960678936369
12121,0.1,-0.1111102839180599,4.3414418262459416e-10,2.083612686236562e-5,4.057665239026792e-5,0.1111102839180599,-0.11110960838344011
12122,0.1,-0.11111025759781372,6.128721426052546e-10,2.4756254615859292e-5,4.03024571094366e-5,0.11111025759781372,-0.11110960993417356
12123,0.1,-0.11111023108987451,8.203134082804763e-10,2.8641113949713552e-5,3.9992551579169816e-5,0.11111023108987451,-0.11110961143608994
12124,0.1,-0.11111020438169211,1.0552695241701243e-9,3.248491225430853e-5,3.9647256372715634e-5,0.11111020438169211,-0.11110961288393582
12125,0.25,-0.11111017676731262,1.309207263194932e-9,3.618296924237883e-5,3.926877215285969e-5,0.11111017676731262,-0.11110961403946304
12126,0.625,-0.11111014677511252,1.559215398119896e-9,3.9486901601922326e-5,3.8330007608765296e-5,0.11111014677511252,-0.1111096143668325
12127,1.5625,-0.11111011120406859,1.7418776932300076e-9,4.173580828533225e-5,3.5881530991948074e-5,0.11111011120406859,-0.11110961250134824
12128,3.90625,-0.11111006604794073,1.7018920224941809e-9,4.125399401869086e-5,2.9560179197628444e-5,0.11111006604794073,-0.1111096057987587
12129,9.765625,-0.11111002603588327,1.1761539422458354e-9,3.429510084904016e-5,1.480606076570461e-5,0.11111002603588327,-0.11110959354601051
12130,24.4140625,-0.11111013053388887,2.413345866855045e-10,1.553494727012308e-5,2.206395115687449e-5,0.11111013053388887,-0.11110959167835616
12131,9.765625,-0.11111027235234781,5.262309842114752e-11,7.254177997619546e-6,5.755535562790886e-5,0.11111027235234781,-0.1111095961873659
12132,3.90625,-0.1111103693430171,1.0097666325985488e-11,3.177682540151783e-6,6.363960031471607e-5,0.1111103693430171,-0.11110960053215514
12133,1.5625,-0.11111045679696681,5.3495978808288034e-11,7.314094530992065e-6,6.336988421827252e-5,0.11111045679696681,-0.11110960446980682
12134,0.625,-0.11111054133328911,1.7118030441942166e-10,1.3083589126054887e-5,6.222371447880037e-5,0.11111054133328911,-0.11110960819456656
12135,0.25,-0.11111062495084491,3.6057194841947295e-10,1.8988732143549578e-5,6.132351947931552e-5,0.11111062495084491,-0.111109611836634
12136,0.1,-0.11111070832446202,6.210033085469827e-10,2.4919937972374304e-5,6.07519378920153e-5,0.11111070832446202,-0.11110961545252249
12137,0.1,-0.11111079119077326,9.50249769281452e-10,3.082612154133978e-5,6.040427594428069e-5,0.11111079119077326,-0.11110961898584847
12138,0.1,-0.11111087344448906,1.3461433558006093e-9,3.6689826325571635e-5,6.000225438208861e-5,0.11111087344448906,-0.1111096224238639
12139,0.1,-0.11111095498071773,1.8062828499301638e-9,4.250038646800949e-5,5.954626801633763e-5,0.11111095498071773,-0.11110962575426177
12140,0.1,-0.11111103569520986,2.3280439628845666e-9,4.824980790515716e-5,5.9036798515097525e-5,0.11111103569520986,-0.11110962896522358
12141,0.25,-0.11111111299705659,2.892708459064454e-9,5.378390520466559e-5,5.8476998199875236e-5,0.11111111299705659,-0.11110963152965453
12142,0.625,-0.11111118065703202,3.4499007066612024e-9,5.873585537524079e-5,5.707942033033876e-5,0.11111118065703202,-0.11110963225907522
12143,1.5625,-0.11111122229621513,3.859948671321694e-9,6.212848518450852e-5,5.342101003227664e-5,0.11111122229621513,-0.11110962812078296
12144,3.90625,-0.11111119847953461,3.779908687016721e-9,6.148096198838077e-5,4.393617512145992e-5,0.11111119847953461,-0.11110961321040395
12145,9.765625,-0.11111103514515926,2.6246322161111016e-9,5.1231164500829975e-5,2.137679499233922e-5,0.11111103514515926,-0.11110958578936844
12146,24.4140625,-0.11111069254570574,5.461392871682941e-10,2.336962317129427e-5,3.161958240996395e-5,0.11111069254570574,-0.11110958118026239
12147,9.765625,-0.11111055803050289,1.1922764955653078e-10,1.091914142945913e-5,8.557476267272309e-5,0.11111055803050289,-0.11110959118037704
12148,3.90625,-0.1111104357909947,1.9444616089801676e-11,4.40960498115213e-6,9.490951042244684e-5,0.1111104357909947,-0.11110960087512756
12149,1.5625,-0.11111032133326611,1.1192428179708945e-10,1.0579427290599877e-5,9.460015119215128e-5,0.11111032133326611,-0.11110960966879668
12150,0.625,-0.11111020982062347,3.7048765319479415e-10,1.924805582896086e-5,9.292332533958088e-5,0.11111020982062347,-0.11110961798538514
12151,0.25,-0.11111009951494054,7.893003034597028e-10,2.8094488844962152e-5,9.159143558301582e-5,0.11111009951494054,-0.11110962611485894
12152,0.1,-0.11110998979871561,1.3668424563987803e-9,3.6970832508868124e-5,9.074177538062958e-5,0.11110998979871561,-0.11110963418415452
12153,0.1,-0.11110988075419968,2.098210902873036e-9,4.580623214010334e-5,9.022326594347105e-5,0.11110988075419968,-0.11110964206970206
12154,0.1,-0.11110977245945086,2.97860204029604e-9,5.457657043362142e-5,8.962331750243521e-5,0.11110977245945086,-0.11110964974297523
12155,0.1,-0.11110966499145565,4.00269311127035e-9,6.326684053491489e-5,8.894252622457904e-5,0.11110966499145565,-0.11110965717642937
12156,0.1,-0.11110955842611438,5.164664739487517e-9,7.18656019211383e-5,8.818161180367645e-5,0.11110955842611438,-0.11110966434360808
12157,0.25,-0.11110945456307923,6.423180036127461e-9,8.014474428262568e-5,8.734528281487751e-5,0.11110945456307923,-0.1111096700733052
12158,0.625,-0.11110935787111181,7.666885497191517e-9,8.756075317853038e-5,8.525867919670371e-5,0.11110935787111181,-0.11110967172062944
12159,1.5625,-0.11110928064204707,8.586749700644057e-9,9.266471658967104e-5,7.979493467082227e-5,0.11110928064204707,-0.1111096625273948
12160,3.90625,-0.1111092559852144,8.422569873306065e-9,9.177456005509405e-5,6.560577367008619e-5,0.1111092559852144,-0.11110962928884531
12161,9.765625,-0.11110936895931434,5.869995602797187e-9,7.661589654110423e-5,3.152106572838097e-5,0.11110936895931434,-0.11110956786519015
12162,24.4140625,-0.11110999679231591,9.02583785507547e-11,9.50044096612124e-6,4.523219479255026e-5,0.11110999679231591,-0.11110960341024095
12163,9.765625,-0.11111065246701514,9.501454467257297e-11,9.747540442212741e-6,2.5790358936432286e-5,0.11111065246701514,-0.11110960281915579
12164,3.90625,-0.11111089135512071,1.0797553148804577e-10,1.0391127536896358e-5,1.767013930932524e-5,0.11111089135512071,-0.11110960260839121
12165,1.5625,-0.11111108348535077,1.24434212222703e-10,1.1155008391870577e-5,1.4310195000846071e-5,0.11111108348535077,-0.11110960258551555
12166,0.625,-0.11111126362014344,1.438894058574085e-10,1.1995391025615151e-5,1.2863912162550654e-5,0.11111126362014344,-0.1111096026490134
12167,1.5625,-0.11111136944453844,1.5638707766713073e-10,1.2505481904634092e-5,1.2199034702232771e-5,0.11111136944453844,-0.11110960251936211
12168,3.90625,-0.11111127809624412,1.452219287791778e-10,1.205080614644422e-5,1.0640535420160688e-5,0.11111127809624412,-0.11110960199369095
12169,9.765625,-0.11111080041653035,8.907973305638626e-11,9.438206029558067e-6,8.14278890278694e-6,0.11111080041653035,-0.11110960114697524
12170,24.4140625,-0.11111023518931097,1.5427745031301673e-11,3.927816827615778e-6,1.1006097480948563e-5,0.11111023518931097,-0.11110960127873465
12171,9.765625,-0.11111048069351809,3.9373857437144415e-12,1.984284693211748e-6,1.8163535814382587e-5,0.11111048069351809,-0.11110960169396919
12172,3.90625,-0.11111055536899288,3.701838378246941e-12,1.9240162104948445e-6,1.8991823358496903e-5,0.11111055536899288,-0.11110960205679951
12173,1.5625,-0.11111061026640594,9.887798099043255e-12,3.1444869373306762e-6,1.8577868752433505e-5,0.11111061026640594,-0.11110960238339414
12174,0.625,-0.11111066020068695,2.17114405110031e-11,4.659553681523918e-6,1.8119334283582237e-5,0.11111066020068695,-0.11110960269410518
12175,0.25,-0.11111070865032797,3.9001916886060326e-11,6.245151470225548e-6,1.78042127698315e-5,0.11111070865032797,-0.11110960299919163
12176,0.1,-0.11111075664316755,6.17037966318829e-11,7.855176422708972e-6,1.7608940195626433e-5,0.11111075664316755,-0.11110960330247745
12177,0.1,-0.11111080287014562,8.958454892664278e-11,9.464911458996475e-6,1.7487474883970164e-5,0.11111080287014562,-0.1111096035980674
12178,0.1,-0.11111084714400943,1.2243876228110858e-10,1.1065205026618738e-5,1.73541236765845e-5,0.11111084714400943,-0.11110960388510986
12179,0.1,-0.11111088928582875,1.6004530670084139e-10,1.265090141850933e-5,1.7208785976968143e-5,0.11111088928582875,-0.11110960416278183
12180,0.1,-0.11111092912556675,2.0216812203343022e-10,1.4218583685917182e-5,1.7051432607149566e-5,0.11111092912556675,-0.11110960443029336
12181,0.25,-0.1111109601555135,2.471029348554973e-10,1.5719508098394725e-5,1.688327678607716e-5,0.1111109601555135,-0.11110960464326755
12182,0.625,-0.11111096784335073,2.9037955364045305e-10,1.704052680055558e-5,1.6488452119716413e-5,0.11111096784335073,-0.1111096047042996
12183,1.5625,-0.11111091657125476,3.1987372429624084e-10,1.7885013958514007e-5,1.5491016137399608e-5,0.11111091657125476,-0.11110960436949417
12184,3.90625,-0.11111073319302882,3.0690311518552965e-10,1.751865049555843e-5,1.3014883434182175e-5,0.11111073319302882,-0.11110960318348326
12185,9.765625,-0.11111035068201086,2.0661057506410919e-10,1.4373954746836696e-5,8.054319225401441e-6,0.11111035068201086,-0.11110960108933557
12186,24.4140625,-0.1111101300983887,4.127328717455033e-11,6.424428937621641e-6,1.1708731563412593e-5,0.1111101300983887,-0.11110960091016092
12187,9.765625,-0.11111031622376533,9.783254501796955e-12,3.127819448401227e-6,2.5054628655606224e-5,0.11111031622376533,-0.11110960173718377
12188,3.90625,-0.11111039664687315,3.923168274658303e-12,1.980698935895686e-6,2.7268906248143566e-5,0.11111039664687315,-0.11110960251938348
12189,1.5625,-0.11111046244080994,1.3041573039177281e-11,3.611311816940941e-6,2.7030397078612748e-5,0.11111046244080994,-0.11110960322887022
12190,0.625,-0.11111052420279295,3.513862179410509e-11,5.927783885576893e-6,2.6498694074942976e-5,0.11111052420279295,-0.11110960390169702
12191,0.25,-0.11111058468027463,6.976871510575783e-11,8.352766913170619e-6,2.6096668927037746e-5,0.11111058468027463,-0.11110960456047293
12192,0.1,-0.11111064474110388,1.1680700252022218e-10,1.0807728832655925e-5,2.5841864369699204e-5,0.11111064474110388,-0.11110960521468466
12193,0.1,-0.1111107039006516,1.7582557128561633e-10,1.325992350225356e-5,2.5684487816747205e-5,0.1111107039006516,-0.11110960585353469
12194,0.1,-0.11111076202836129,2.464175017721407e-10,1.569769096944327e-5,2.5505651382648602e-5,0.11111076202836129,-0.11110960647486316
12195,0.1,-0.11111081899713493,3.2813605444626743e-10,1.811452606187276e-5,2.5305463796550592e-5,0.11111081899713493,-0.11110960707658528
12196,0.1,-0.11111087468371217,4.204964415316385e-10,2.0506009888119105e-5,2.5084087451104273e-5,0.11111087468371217,-0.11110960765670286
12197,0.25,-0.11111092546389364,5.200594271666128e-10,2.280481149158249e-5,2.4842970953267305e-5,0.11111092546389364,-0.11110960812083397
12198,0.625,-0.11111096290741443,6.176323257871194e-10,2.485220967614589e-5,2.4255797724399095e-5,0.11111096290741443,-0.111109608257778
12199,1.5625,-0.11111096567741689,6.878660397848505e-10,2.622720038023217e-5,2.273959387748416e-5,0.11111096567741689,-0.11110960753171865
12200,3.90625,-0.11111088687158331,6.690904741730474e-10,2.5866783220436348e-5,1.8870885033033243e-5,0.11111088687158331,-0.11110960491420786
12201,9.765625,-0.11111066475310623,4.5862731544463577e-10,2.1415585806711798e-5,1.0286937964067164e-5,0.11111066475310623,-0.11110960017319398
12202,24.4140625,-0.11111041922479163,9.257126802525542e-11,9.621396365666234e-6,1.5077572577922409e-5,0.11111041922479163,-0.11110959956926095
12203,9.765625,-0.11111043435280665,2.0600289016511514e-11,4.538754126025281e-6,3.6358764569096524e-5,0.11111043435280665,-0.11110960135001227
12204,3.90625,-0.1111104124107196,5.4206699600431566e-12,2.328233227158129e-6,3.996924447489626e-5,0.1111104124107196,-0.11110960305210159
12205,1.5625,-0.11111038800307423,2.3581150728981206e-11,4.856042702549186e-6,3.9732035646112356e-5,0.11111038800307423,-0.11110960459431946
12206,0.625,-0.11111036324018655,7.059047848896765e-11,8.401813999903096e-6,3.8989663384299115e-5,0.11111036324018655,-0.11110960605430278
12207,0.25,-0.11111033843772601,1.4545387655448066e-10,1.2060426051946948e-5,3.841599187708044e-5,0.11111033843772601,-0.11110960748264585
12208,0.1,-0.1111103136607987,2.479079621617484e-10,1.5745093272564262e-5,3.805285321066041e-5,0.1111103136607987,-0.11110960890101385
12209,0.1,-0.11111028874668356,3.7705875832081586e-10,1.9418000883737127e-5,3.7831450750782115e-5,0.11111028874668356,-0.11110961028673018
12210,0.1,-0.11111026368232639,5.320429778965327e-10,2.3066056834589927e-5,3.7576616262550445e-5,0.11111026368232639,-0.11110961163487747
12211,0.1,-0.11111023845618995,7.119072575262763e-10,2.6681590236083686e-5,3.728859173608738e-5,0.11111023845618995,-0.11110961294071237
12212,0.1,-0.11111021305837088,9.156121637758874e-10,3.025908398771991e-5,3.69676786419968e-5,0.11111021305837088,-0.1111096141996822
12213,0.25,-0.11111018688131571,1.1357502870871246e-9,3.370089445529784e-5,3.661592270899378e-5,0.11111018688131571,-0.11110961520512964
12214,0.625,-0.1111101586706404,1.3524353567751375e-9,3.6775472216888496e-5,3.574329316455308e-5,0.1111101586706404,-0.11110961549238985
12215,1.5625,-0.11111012573635329,1.5106308748966827e-9,3.886683515410899e-5,3.3467620035597955e-5,0.11111012573635329,-0.11110961387827527
12216,3.90625,-0.11111008496266654,1.4755924443153928e-9,3.8413440933030105e-5,2.759672379423331e-5,0.11111008496266654,-0.1111096080714205
12217,9.765625,-0.11111005068544956,1.01923603429594e-9,3.192547625793451e-5,1.3956636964519258e-5,0.11111005068544956,-0.11110959746012247
12218,24.4140625,-0.11111014977719251,2.0892513687337168e-10,1.4454242867524112e-5,2.070977504174909e-5,0.11111014977719251,-0.11110959586075024
12219,9.765625,-0.11111027986139467,4.571170760425918e-11,6.761043381332439e-6,5.3627029712421834e-5,0.11111027986139467,-0.1111095997705959
12220,3.90625,-0.11111036922944925,9.094696028517324e-12,3.0157413729491664e-6,5.926908074256576e-5,0.11111036922944925,-0.1111096035366191
12221,1.5625,-0.11111044987100217,4.688792642210201e-11,6.847475916138882e-6,5.9011472146161734e-5,0.11111044987100217,-0.11110960695012367
12222,0.625,-0.11111052783450871,1.490204148183875e-10,1.2207391810636189e-5,5.7942771281947525e-5,0.11111052783450871,-0.11110961017951557
12223,0.25,-0.11111060495015322,3.132628093526659e-10,1.7699231885951038e-5,5.710455785634988e-5,0.11111060495015322,-0.11110961333749092
12224,0.1,-0.11111068183625523,5.390389061268749e-10,2.3217211420126985e-5,5.657268284861533e-5,0.11111068183625523,-0.11110961647292049
12225,0.1,-0.1111107582546293,8.244190220088775e-10,2.8712697922850747e-5,5.6249353380900086e-5,0.1111107582546293,-0.11110961953682347
12226,0.1,-0.11111083410914019,1.167523926660717e-9,3.416904925017255e-5,5.587545600827324e-5,0.11111083410914019,-0.11110962251815724
12227,0.1,-0.11111090930403152,1.56627220545666e-9,3.9576157032443915e-5,5.54513602627569e-5,0.11111090930403152,-0.1111096254062619
12228,0.1,-0.11111098374414598,2.018389084806049e-9,4.4926485337783204e-5,5.497751682495058e-5,0.11111098374414598,-0.11110962819090041
12229,0.25,-0.11111105506672275,2.5076373754762424e-9,5.007631551418537e-5,5.4456856219662704e-5,0.11111105506672275,-0.11110963041518448
12230,0.625,-0.11111111758868501,2.9903229739914544e-9,5.46838456401107e-5,5.315672394906839e-5,0.11111111758868501,-0.11110963104914327
12231,1.5625,-0.11111115636016221,3.3453126781175423e-9,5.783867804607521e-5,4.975349900327574e-5,0.11111115636016221,-0.11110962746499989
12232,3.90625,-0.11111113534435996,3.2752521810581783e-9,5.72298189850202e-5,4.093342957178904e-5,0.11111113534435996,-0.111109614549069
12233,9.765625,-0.1111109865869086,2.273146900641847e-9,4.767753035384537e-5,2.000426245361306e-5,0.1111109865869086,-0.11110959080801543
12234,24.4140625,-0.11111067186662865,4.724011169916351e-10,2.1734790474988138e-5,2.957206396909248e-5,0.11111067186662865,-0.11110958685319183
12235,9.765625,-0.1111105466650438,1.0322914722653389e-10,1.0160174566735253e-5,7.967530044767284e-5,0.1111105466650438,-0.11110959551736463
12236,3.90625,-0.11111043326916584,1.7251110161583677e-11,4.153445577058122e-6,8.833788563973496e-5,0.11111043326916584,-0.11110960391261265
12237,1.5625,-0.11111032712616216,9.77145688390721e-11,9.88506797341688e-6,8.804136852187506e-5,0.11111032712616216,-0.11110961152731612
12238,0.625,-0.11111022371340866,3.219703613282829e-10,1.7943532576621663e-5,8.647795026001101e-5,0.11111022371340866,-0.11110961872925199
12239,0.25,-0.11111012140956887,6.849750100724855e-10,2.617202724422557e-5,8.523761135688348e-5,0.11111012140956887,-0.11110962576947687
12240,0.1,-0.11111001963871626,1.185416676023693e-9,3.442988056940792e-5,8.444678949867898e-5,0.11111001963871626,-0.11110963275780128
12241,0.1,-0.11110991847906093,1.8190447215093764e-9,4.265026050927915e-5,8.39644027044379e-5,0.11110991847906093,-0.11110963958699646
12242,0.1,-0.11110981800412574,2.5816973372809155e-9,5.081040579724704e-5,8.340623692005021e-5,0.11110981800412574,-0.11110964623236262
12243,0.1,-0.11110971828652146,3.4687628710763833e-9,5.8896204216200414e-5,8.277284851857959e-5,0.11110971828652146,-0.11110965267004998
12244,0.1,-0.11110961939792478,4.475199367462878e-9,6.689693092708273e-5,8.206490910663598e-5,0.11110961939792478,-0.11110965887715137
12245,0.25,-0.11110952302753928,5.565169146371567e-9,7.46000613027333e-5,8.128679652785612e-5,0.11110952302753928,-0.11110966383898084
12246,0.625,-0.11110943337011857,6.642140743745832e-9,8.149932971347576e-5,7.934512501302643e-5,0.11110943337011857,-0.11110966526448937
12247,1.5625,-0.11110936195405852,7.438243318694177e-9,8.624525099212232e-5,7.42608915028187e-5,0.11110936195405852,-0.11110965730049867
12248,3.90625,-0.11110933974426859,7.294663432201195e-9,8.540880184267424e-5,6.105978309319305e-5,0.11110933974426859,-0.11110962851519948
12249,9.765625,-0.11110944570852262,5.081730855159905e-9,7.128625993247159e-5,2.9386779253389968e-5,0.11110944570852262,-0.11110957534977732
12250,24.4140625,-0.11111002048819334,7.8659576745968e-11,8.869023438122599e-6,4.222580412563996e-5,0.11111002048819334,-0.11110960617446997
12251,9.765625,-0.11111063408565812,8.278089958459034e-11,9.098400935581501e-6,2.4136462007695902e-5,0.11111063408565812,-0.11110960566304987
12252,3.90625,-0.1111108578624506,9.401697130736189e-11,9.69623490368101e-6,1.661719427819127e-5,0.1111108578624506,-0.11110960548406346
12253,1.5625,-0.11111103782925394,1.0828499615783921e-10,1.0406007695453583e-5,1.3523510407176706e-5,0.11111103782925394,-0.11110960546893249
12254,0.625,-0.11111120655319162,1.2515003339883083e-10,1.1187047572922484e-5,1.2198048695423445e-5,0.11111120655319162,-0.11110960552906142
12255,1.5625,-0.11111130573818215,1.3597104359670776e-10,1.1660662228051533e-5,1.1590392336429155e-5,0.11111130573818215,-0.11110960542137475
12256,3.90625,-0.11111122037535333,1.2625324503755329e-10,1.123624692847008e-5,1.0172410313723838e-5,0.11111122037535333,-0.11110960496962163
12257,9.765625,-0.1111107732968952,7.751001306011747e-11,8.803977116060528e-6,7.928022839383262e-6,0.1111107732968952,-0.11110960423838491
12258,24.4140625,-0.11111024381516402,1.361640539105637e-11,3.69004138066992e-6,1.051564180946735e-5,0.11111024381516402,-0.1111096043529447
12259,9.765625,-0.11111047418778404,3.673445472421764e-12,1.91662345608671e-6,1.7073492042141007e-5,0.11111047418778404,-0.11110960471581194
12260,3.90625,-0.11111054455285516,3.4903965814917904e-12,1.8682603088145374e-6,1.78330660141876e-5,0.11111054455285516,-0.11110960503451461
12261,1.5625,-0.11111059636495675,8.87389928314073e-12,2.9789090760110037e-6,1.744860314446818e-5,0.11111059636495675,-0.11110960532238705
12262,0.625,-0.11111064351763576,1.9145219217049507e-11,4.3755250218744615e-6,1.702449641560657e-5,0.11111064351763576,-0.11110960559674586
12263,0.25,-0.11111068927553852,3.4156658196860544e-11,5.844369786115569e-6,1.673343535530434e-5,0.11111068927553852,-0.11110960586634047
12264,0.1,-0.11111073460374275,5.38603708418321e-11,7.338962518083336e-6,1.6553229604268313e-5,0.11111073460374275,-0.1111096061344238
12265,0.1,-0.11111077827638806,7.805438860941351e-11,8.834839478418016e-6,1.6441214683704876e-5,0.11111077827638806,-0.1111096063958323
12266,0.1,-0.1111108201178063,1.0656042709277902e-10,1.032281100731671e-5,1.6318250840753366e-5,0.1111108201178063,-0.11110960664982833
12267,0.1,-0.11111085996012397,1.3918655419261472e-10,1.1797735129787189e-5,1.6184251047103515e-5,0.11111085996012397,-0.11110960689569804
12268,0.1,-0.11111089764379785,1.7572787592560574e-10,1.3256239132031593e-5,1.6039194949360064e-5,0.11111089764379785,-0.11110960713275625
12269,0.25,-0.11111092706829015,2.1470380845963673e-10,1.465277476997571e-5,1.588420696519257e-5,0.11111092706829015,-0.11110960732245584
12270,0.625,-0.11111093460849664,2.522313031554046e-10,1.5881791560003696e-5,1.552033707333565e-5,0.11111093460849664,-0.11110960738023244
12271,1.5625,-0.11111088686436785,2.7778029482839375e-10,1.6666742178014087e-5,1.4601954213190359e-5,0.11111088686436785,-0.11110960709439488
12272,3.90625,-0.11111071521141486,2.6644951134697283e-10,1.632328126777741e-5,1.2329542502711116e-5,0.11111071521141486,-0.11110960606988407
12273,9.765625,-0.11111035654485397,1.793435926061536e-10,1.3391922662790194e-5,7.842167069197168e-6,0.11111035654485397,-0.11110960425784011
12274,24.4140625,-0.11111014827463563,3.596736017693652e-11,5.9972793979384116e-6,1.1158984579092701e-5,0.11111014827463563,-0.11110960410493498
12275,9.765625,-0.11111032180879286,8.722752983395198e-12,2.9534307141687275e-6,2.344155028087064e-5,0.11111032180879286,-0.11110960482455019
12276,3.90625,-0.11111039654153682,3.683808009512372e-12,1.9193248837839757e-6,2.548695913424671e-5,0.11111039654153682,-0.11110960550633836
12277,1.5625,-0.11111045761612828,1.1621241473899027e-11,3.4089942026789992e-6,2.5262989914628137e-5,0.11111045761612828,-0.11110960612566254
12278,0.625,-0.11111051492781844,3.0803783549741856e-11,5.550115633907266e-6,2.4768967123382857e-5,0.11111051492781844,-0.11110960671347972
12279,0.25,-0.11111057104022624,6.084605828294606e-11,7.800388341803635e-6,2.4395925572980936e-5,0.11111057104022624,-0.11110960728924223
12280,0.1,-0.11111062676283578,1.0164023080618337e-10,1.0081677975723257e-5,2.415965855418391e-5,0.11111062676283578,-0.11110960786110581
12281,0.1,-0.11111068164316475,1.528149673677403e-10,1.2361835113272637e-5,2.4013815930587396e-5,0.11111068164316475,-0.11110960841965574
12282,0.1,-0.11111073555949817,2.1401739106518488e-10,1.4629333240622585e-5,2.384809169576199e-5,0.11111073555949817,-0.11110960896302044
12283,0.1,-0.11111078839336945,2.848600951511196e-10,1.6877798883477655e-5,2.3662590820769426e-5,0.11111078839336945,-0.11110960948939384
12284,0.1,-0.11111084002990133,3.6492268072933917e-10,1.910294952957106e-5,2.3457468689907075e-5,0.11111084002990133,-0.11110960999704404
12285,0.25,-0.11111088708830084,4.5122057879419165e-10,2.1241953271631864e-5,2.323407158126427e-5,0.11111088708830084,-0.11110961040409685
12286,0.625,-0.11111092170573283,5.357771766686625e-10,2.3146861054334396e-5,2.269001655788203e-5,0.11111092170573283,-0.11110961052740055
12287,1.5625,-0.11111092398539898,5.965993036595086e-10,2.442538236465314e-5,2.1285739912700754e-5,0.11111092398539898,-0.11110960990238512
12288,3.90625,-0.11111085021254569,5.801947266956355e-10,2.4087231611283922e-5,1.7708549790948144e-5,0.11111085021254569,-0.11110960763770963
12289,9.765625,-0.11111064299027826,3.975704342003036e-10,1.993916834274448e-5,9.842745332285063e-6,0.11111064299027826,-0.11110960353381533
12290,24.4140625,-0.11111041500623552,8.031982372665627e-11,8.962132766627387e-6,1.4244447732244007e-5,0.11111041500623552,-0.11110960301611865
12291,9.765625,-0.11111043009656885,1.806554925227451e-11,4.250358720422843e-6,3.3922427969974345e-5,0.11111043009656885,-0.11110960456170012
12292,3.90625,-0.11111041034700651,4.991379165671665e-12,2.234139468715341e-6,3.72669546287881e-5,0.11111041034700651,-0.11110960603966054
12293,1.5625,-0.11111038823336289,2.0788778707223047e-11,4.559471318828867e-6,3.704291060465396e-5,0.11111038823336289,-0.1111096073796125
12294,0.625,-0.11111036576600754,6.157081560316791e-11,7.846707309640644e-6,3.635181429603803e-5,0.11111036576600754,-0.11110960864860062
12295,0.25,-0.11111034325231706,1.2647725039470682e-10,1.1246210490414397e-5,3.581837249756163e-5,0.11111034325231706,-0.11110960989031794
12296,0.1,-0.11111032075736138,2.1528058684087083e-10,1.4672443110841181e-5,3.548087852929743e-5,0.11111032075736138,-0.11110961112346203
12297,0.1,-0.11111029812843841,3.2720552235929493e-10,1.808882313361748e-5,3.5275192485935296e-5,0.11111029812843841,-0.11110961232831734
12298,0.1,-0.1111102753528888,4.6150381250903926e-10,2.148263979377393e-5,3.50384550450249e-5,0.1111102753528888,-0.11110961350062579
12299,0.1,-0.11111025241950173,6.17349146284743e-10,2.4846511752854624e-5,3.477089398094531e-5,0.11111025241950173,-0.1111096146362783
12300,0.1,-0.11111022931861103,7.938406207199231e-10,2.817517738577564e-5,3.4472792829044533e-5,0.11111022931861103,-0.11110961573133256
12301,0.25,-0.11111020547086954,9.845543660671242e-10,3.137760931089436e-5,3.414605410521761e-5,0.11111020547086954,-0.11110961660666138
12302,0.625,-0.11111017967596461,1.172246131560741e-9,3.42380801383597e-5,3.333546167084462e-5,0.11111017967596461,-0.1111096168595937
12303,1.5625,-0.11111014934415137,1.3091960968579761e-9,3.618281493828218e-5,3.1222017844111185e-5,0.11111014934415137,-0.11110961546495249
12304,3.90625,-0.11111011136303972,1.2785972508376143e-9,3.5757478250536826e-5,2.5774149854804395e-5,0.11111011136303972,-0.11110961043812481
12305,9.765625,-0.11111007862514644,8.828544658313549e-10,2.9712867007937066e-5,1.3179908402121698e-5,0.11111007862514644,-0.11110960125300924
12306,24.4140625,-0.11111016864993237,1.8090378289925016e-10,1.3450047691337387e-5,1.9439511482734782e-5,0.11111016864993237,-0.1111095998798194
12307,9.765625,-0.11111028876506258,3.975144027074993e-11,6.304874326324826e-6,4.9960480130343174e-5,0.11111028876506258,-0.11110960326874805
12308,3.90625,-0.1111103711296338,8.190947690053173e-12,2.8619831743134293e-6,5.519419328273416e-5,0.1111103711296338,-0.11110960653262668
12309,1.5625,-0.11111044542279583,4.104560415944706e-11,6.406684334306402e-6,5.494987445063821e-5,0.11111044542279583,-0.11110960949157919
12310,0.625,-0.11111051723725275,1.2960172662338962e-10,1.1384275410555984e-5,5.3954320473209085e-5,0.11111051723725275,-0.11110961229139227
12311,0.25,-0.11111058826350435,2.7193173330161926e-10,1.649035273429951e-5,5.3174276490505095e-5,0.11111058826350435,-0.1111096150295374
12312,0.1,-0.11111065907235514,4.675379347552827e-10,2.1622625528720666e-5,5.267954616319153e-5,0.11111065907235514,-0.11110961774825533
12313,0.1,-0.11111072944362316,7.147476632879654e-10,2.6734765068875496e-5,5.237890883954045e-5,0.11111072944362316,-0.11110962040503154
12314,0.1,-0.11111079928878359,1.0119328376262089e-9,3.181089180809317e-5,5.2031255138109774e-5,0.11111079928878359,-0.11110962299030584
12315,0.1,-0.11111086851970102,1.3572902343581588e-9,3.6841420091497e-5,5.163693077024508e-5,0.11111086851970102,-0.11110962549484915
12316,0.1,-0.11111093704883152,1.7488491378799467e-9,4.181924363113167e-5,5.119635728011175e-5,0.11111093704883152,-0.11110962790979882
12317,0.25,-0.11111100269651901,2.1725356823865966e-9,4.661046751950249e-5,5.071225988532695e-5,0.11111100269651901,-0.11110962983935141
12318,0.625,-0.11111106022193099,2.5904803136983463e-9,5.089676132818616e-5,4.9503318074291044e-5,0.11111106022193099,-0.11110963039139049
12319,1.5625,-0.11111109584212818,2.897706323102233e-9,5.3830347603394065e-5,4.6339042846776696e-5,0.11111109584212818,-0.11110962729014552
12320,3.90625,-0.11111107634568801,2.8365659758771765e-9,5.325942147523926e-5,3.814152529910732e-5,0.11111107634568801,-0.11110961610845488
12321,9.765625,-0.11111093915581206,1.96800526301504e-9,4.4362205344358616e-5,1.8738838491053543e-5,0.11111093915581206,-0.11110959556136774
12322,24.4140625,-0.1111106492750813,4.0865527319401446e-10,2.0215223797772173e-5,2.7650777524992396e-5,0.1111106492750813,-0.11110959216182716
12323,9.765625,-0.11111053389213535,8.942917935471094e-11,9.456700236060724e-6,7.417163565185313e-5,0.11111053389213535,-0.11110959966584039
12324,3.90625,-0.11111042935526125,1.5290775357610814e-11,3.910342102375547e-6,8.221286397615476e-5,0.11111042935526125,-0.1111096069345234
12325,1.5625,-0.11111033149646568,8.519718512512169e-11,9.23023212736937e-6,8.19307666923872e-5,0.11111033149646568,-0.11110961352755234
12326,0.625,-0.11111023614527286,2.7955583893336605e-10,1.6719923412903722e-5,8.04741366125701e-5,0.11111023614527286,-0.11110961976358434
12327,0.25,-0.11111014180561579,5.940065408811006e-10,2.4372249401339644e-5,7.931956835831377e-5,0.11111014180561579,-0.11110962585987068
12328,0.1,-0.11111004794574535,1.027416261604269e-9,3.2053334640942885e-5,7.85837290981107e-5,0.11111004794574535,-0.11110963191137481
12329,0.1,-0.11110995463891903,1.57610217855824e-9,3.970015338204929e-5,7.813501818587031e-5,0.11110995463891903,-0.11110963782511608
12330,0.1,-0.11110986195362778,2.2364600636633094e-9,4.729122607485779e-5,7.76158202498946e-5,0.11110986195362778,-0.11110964357971508
12331,0.1,-0.11110976995760265,3.0044961234948883e-9,5.481328418818643e-5,7.702665434362454e-5,0.11110976995760265,-0.1111096491545292
12332,0.1,-0.11110967871778815,3.8758439302802915e-9,6.225627623204179e-5,7.636814700897296e-5,0.11110967871778815,-0.11110965452973215
12333,0.25,-0.1111095898026971,4.8194534194558346e-9,6.94222833062687e-5,7.564436969988587e-5,0.1111095898026971,-0.11110965882665337
12334,0.625,-0.11110950710871824,5.751694774096926e-9,7.583992862666029e-5,7.383813816180783e-5,0.11110950710871824,-0.11110966006161561
12335,1.5625,-0.11110944134187652,6.440516287510469e-9,8.025282728670978e-5,6.910870249257106e-5,0.11110944134187652,-0.11110965316730004
12336,3.90625,-0.11110942122079401,6.31528973776439e-9,7.946879725882599e-5,5.6831294570100644e-5,0.11110942122079401,-0.11110962824983725
12337,9.765625,-0.11110951970520379,4.398029042045943e-9,6.631763748842341e-5,2.7411898931264027e-5,0.11110951970520379,-0.11110958224573125
12338,24.4140625,-0.1111098918229348,9.235290407162545e-10,3.0389620608297408e-5,4.0121987114340236e-5,0.1111098918229348,-0.11110957408409272
12339,9.765625,-0.1111101282783945,2.0202640365112644e-10,1.4213599250405453e-5,0.0001105833496812601,0.1111101282783945,-0.11110959080443665
12340,3.90625,-0.11111031611196039,2.971822566346675e-11,5.451442530511236e-6,0.00012285516445389292,0.11111031611196039,-0.11110960707835461
12341,1.5625,-0.11111048948297046,1.8023604266256037e-10,1.3425201773625615e-5,0.00012252912520436748,0.11111048948297046,-0.11110962185009804
12342,0.625,-0.1111106582661335,6.094934338426654e-10,2.4687920808416925e-5,0.0001203874708920144,0.1111106582661335,-0.11110963582013676
12343,0.25,-0.11111082570994085,1.3076358705080718e-9,3.616124818791619e-5,0.00011867421976058379,0.11111082570994085,-0.11110964947380286
12344,0.1,-0.11111099295054157,2.2720937202928986e-9,4.766648424514754e-5,0.00011757805650837441,0.11111099295054157,-0.11110966302470807
12345,0.1,-0.11111115965834571,3.4947224781793205e-9,5.911617780421296e-5,0.0001169077538172673,0.11111115965834571,-0.11110967626801439
12346,0.1,-0.11111132564907733,4.967514205894392e-9,7.048059453420063e-5,0.00011613200415477234,0.11111132564907733,-0.1111096891558404
12347,0.1,-0.11111149073643944,6.681590838399611e-9,8.174099851604219e-5,0.00011525155885405702,0.11111149073643944,-0.11110970164194035
12348,0.1,-0.11111165473255251,8.627241592556006e-9,9.288294564965092e-5,0.00011426732910806183,0.11111165473255251,-0.11110971368188166
12349,0.25,-0.11111181347972901,1.0735623672499221e-8,0.00010361285476474057,0.00011318537426271538,0.11111181347972901,-0.11110972331728611
12350,0.625,-0.11111195676455488,1.282115013844957e-8,0.00011323051769929152,0.00011048689208491507,0.11111195676455488,-0.11110972612129488
12351,1.5625,-0.11111205721249995,1.4368445634368077e-8,0.00011986845137219416,0.00010341992880258924,0.11111205721249995,-0.11110971077294692
12352,3.90625,-0.11111204645896448,1.4108264588798513e-8,0.00011877821596908464,8.505384750706018e-5,0.11111204645896448,-0.11110965510315747
12353,9.765625,-0.11111178266098909,9.855667434465798e-9,9.92757142228944e-5,4.0757361070566874e-5,0.11111178266098909,-0.11110955189635795
12354,24.4140625,-0.11111132151148703,1.5026244373868506e-10,1.2258158252310379e-5,5.781473697608392e-5,0.11111132151148703,-0.11110961100835477
12355,9.765625,-0.11110986333289746,1.5606225624069745e-10,1.2492487992417581e-5,3.3705547789728634e-5,0.11110986333289746,-0.11110961013178448
12356,3.90625,-0.11110931340593647,1.8026495854354122e-10,1.3426278655813056e-5,2.2985329165596653e-5,0.11110931340593647,-0.11110960977972717
12357,1.5625,-0.11110887092717252,2.1085900780413563e-10,1.4520985083806664e-5,1.8302954333128922e-5,0.11110887092717252,-0.11110960972465639
12358,0.625,-0.11110845635308401,2.4710734988257227e-10,1.571964852923157e-5,1.621645223122115e-5,0.11110845635308401,-0.11110960981056021
12359,1.5625,-0.11110820714572005,2.7034893068135254e-10,1.644229091949636e-5,1.524405710498258e-5,0.11110820714572005,-0.11110960955654434
12360,3.90625,-0.11110839971696884,2.486817065267541e-10,1.576964509831322e-5,1.2903774280257692e-5,0.11110839971696884,-0.11110960861811213
12361,9.765625,-0.11110947051170768,1.470319909060718e-10,1.2125674863943525e-5,9.02872060927649e-6,0.11110947051170768,-0.11110960718689149
12362,24.4140625,-0.11111079930389846,2.5634666981775898e-11,5.063068929194614e-6,1.3206310790375835e-5,0.11111079930389846,-0.11110960738980125
12363,9.765625,-0.11111022587150522,5.198515046077846e-12,2.2800252292634494e-6,2.3027117357649943e-5,0.11111022587150522,-0.11110960808866198
12364,3.90625,-0.11111003034159031,5.0629646974144e-12,2.2501032637224453e-6,2.4092690902928645e-5,0.11111003034159031,-0.11110960867656812
12365,1.5625,-0.11110988157611151,1.5814237014724763e-11,3.976711834509104e-6,2.3511104310331395e-5,0.11110988157611151,-0.11110960919875862
12366,0.625,-0.11110974484386209,3.612600049860689e-11,6.010490870021091e-6,2.288688729235481e-5,0.11110974484386209,-0.11110960969284372
12367,0.25,-0.11110961178459006,6.572108005738644e-11,8.10685389392127e-6,2.246188017771395e-5,0.11110961178459006,-0.1111096101771189
12368,0.1,-0.11110947989189383,1.0451283547253296e-10,1.0223151934336736e-5,2.2200312106182855e-5,0.11110947989189383,-0.11110961065834858
12369,0.1,-0.11110935205052071,1.520827285765445e-10,1.233218263636022e-5,2.203880712824163e-5,0.11110935205052071,-0.1111096111265887
12370,0.1,-0.11110922870369931,2.0806911380599542e-10,1.4424600992956284e-5,2.1861052320475988e-5,0.11110922870369931,-0.111109611580389
12371,0.1,-0.1111091102762728,2.7208288085433107e-10,1.6494935006065684e-5,2.1666934009060373e-5,0.1111091102762728,-0.11110961201835054
12372,0.1,-0.11110899717339734,3.4370909102038625e-10,1.8539392951776664e-5,2.145643121652708e-5,0.11110899717339734,-0.11110961243913518
12373,0.25,-0.11110890434711533,4.1988793888311283e-10,2.049116733822436e-5,2.1231171415978407e-5,0.11110890434711533,-0.11110961276734481
12374,0.625,-0.11110886537935415,4.926460985857862e-10,2.2195632421397372e-5,2.069921045512747e-5,0.11110886537935415,-0.11110961283801524
12375,1.5625,-0.11110896307967459,5.406152579456865e-10,2.325113455179524e-5,1.9352392650195788e-5,0.11110896307967459,-0.11110961224113042
12376,3.90625,-0.11110937020609714,5.146475019106202e-10,2.268584364555615e-5,1.6002011438772842e-5,0.11110937020609714,-0.11110961022580679
12377,9.765625,-0.11111026238206366,3.431296353151071e-10,1.85237586713687e-5,9.171657117455851e-6,0.11111026238206366,-0.11110960673563998
12378,24.4140625,-0.1111108834664621,6.853211191244148e-11,8.278412402897157e-6,1.4311182538337604e-5,0.1111108834664621,-0.11110960642023343
12379,9.765625,-0.11111050216505794,1.491361852806437e-11,3.8618154445887715e-6,3.192361322687625e-5,0.11111050216505794,-0.11110960779041318
12380,3.90625,-0.11111034906286912,4.801514582648427e-12,2.191235857375565e-6,3.4868699467894086e-5,0.11111034906286912,-0.11110960907890598
12381,1.5625,-0.111110226989886,1.98006646234116e-11,4.449793773132818e-6,3.4572881656739064e-5,0.111110226989886,-0.11110961024237419
12382,0.625,-0.11111011342374756,5.653283576666287e-11,7.518832074641837e-6,3.388336395566694e-5,0.11111011342374756,-0.11110961134290376
12383,0.25,-0.11111000260021714,1.1424642817138493e-10,1.0688612078814767e-5,3.335965469117916e-5,0.11111000260021714,-0.11110961241919456
12384,0.1,-0.11110989271161409,1.927315495163038e-10,1.3882778883073223e-5,3.3027165044241214e-5,0.11110989271161409,-0.11110961348752897
12385,0.1,-0.11110978475727766,2.9127418837866553e-10,1.7066756820751433e-5,3.282167452500374e-5,0.11110978475727766,-0.11110961453021521
12386,0.1,-0.11110967900293796,4.091937313137999e-10,2.0228537547578664e-5,3.258805998634702e-5,0.11110967900293796,-0.11110961554363805
12387,0.1,-0.1111095757061605,5.457427628866315e-10,2.3361137876538283e-5,3.232644512106759e-5,0.1111095757061605,-0.11110961652430904
12388,0.1,-0.11110947511562157,7.001100660941723e-10,2.6459593082550842e-5,3.203702229114134e-5,0.11110947511562157,-0.11110961746888243
12389,0.25,-0.11110938467871369,8.665434356595674e-10,2.9437109838765886e-5,3.172165725000316e-5,0.11110938467871369,-0.1111096182200047
12390,0.625,-0.11110932167074393,1.0296666615851078e-9,3.208841943108304e-5,3.095288392024749e-5,0.11110932167074393,-0.11110961842522969
12391,1.5625,-0.1111093296622253,1.1471073375289153e-9,3.386897308051892e-5,2.8964745363247125e-5,0.1111093296622253,-0.11110961719033385
12392,3.90625,-0.11110950360899745,1.1159727216071937e-9,3.340617789582031e-5,2.3869904177798573e-5,0.11110950360899745,-0.11110961279881078
12393,9.765625,-0.1111099631787447,7.655614600967643e-10,2.7668781326555826e-5,1.2273828289849392e-5,0.1111099631787447,-0.11110960485524586
12394,24.4140625,-0.11111042834740596,1.5481042828730425e-10,1.2442283885497238e-5,1.864839148677315e-5,0.11111042834740596,-0.1111096037915132
12395,9.765625,-0.11111034445215243,3.341953056772635e-11,5.780962771695244e-6,4.670659737902513e-5,0.11111034445215243,-0.11110960675534487
12396,3.90625,-0.11111034839537694,7.325957568488999e-12,2.7066506181051516e-6,5.1464168285858705e-5,0.11111034839537694,-0.11110960958817795
12397,1.5625,-0.11111036115849843,3.710563492464825e-11,6.0914394788627955e-6,5.1181033165444156e-5,0.11111036115849843,-0.11110961215142376
12398,0.625,-0.11111037597982523,1.1520893914774094e-10,1.0733542711879472e-5,5.02262610609537e-5,0.11111037597982523,-0.11110961457554899
12399,0.25,-0.11111039144258236,2.3995955788610233e-10,1.5490628066224506e-5,4.9484609366496244e-5,0.11111039144258236,-0.11110961694588775
12400,0.1,-0.11111040715181476,4.1091261455302504e-10,2.027097961503156e-5,4.901414578368329e-5,0.11111040715181476,-0.1111096192991096
12401,0.1,-0.11111042347596245,6.265809972502693e-10,2.5031599973838455e-5,4.8726934778261755e-5,0.11111042347596245,-0.11110962159777794
12402,0.1,-0.11111044047109635,8.855246618889527e-10,2.975776641297113e-5,4.8396212162972766e-5,0.11111044047109635,-0.11110962383365341
12403,0.1,-0.11111045818902456,1.1861529678181501e-9,3.444057153733297e-5,4.8022283690932144e-5,0.11111045818902456,-0.11110962599878525
12404,0.1,-0.11111047667708539,1.5267313644628557e-9,3.9073409941581186e-5,4.76055301552023e-5,0.11111047667708539,-0.11110962808554353
12405,0.25,-0.11111049789647932,1.894923536081331e-9,4.3530719452833895e-5,4.714860353989017e-5,0.11111049789647932,-0.11110962974897898
12406,0.625,-0.11111052616319035,2.257596464417069e-9,4.751417119572927e-5,4.6014931075830066e-5,0.11111052616319035,-0.11110963021277026
12407,1.5625,-0.1111105716841432,2.5230176135598877e-9,5.0229648750114586e-5,4.305644193598387e-5,0.1111105716841432,-0.11110962749886713
12408,3.90625,-0.11111065294339877,2.466436408332208e-9,4.9663229942606516e-5,3.540581690252551e-5,0.11111065294339877,-0.11110961777022499
12409,9.765625,-0.11111076873799587,1.7064949748091904e-9,4.130974430820397e-5,1.7371740293601943e-5,0.11111076873799587,-0.11110959996856765
12410,24.4140625,-0.11111070650833836,3.510204051451354e-10,1.8735538560317273e-5,2.6093587787261462e-5,0.11111070650833836,-0.11110959718421458
12411,9.765625,-0.11111051379398106,7.596425279073409e-11,8.715747402875675e-6,6.918898777857881e-5,0.11111051379398106,-0.11110960371751055
12412,3.90625,-0.1111103911094743,1.3341758738650609e-11,3.6526372306390636e-6,7.658170038172464e-5,0.1111103911094743,-0.11110961001869747
12413,1.5625,-0.11111028206144166,7.556290880578496e-11,8.692692839723773e-6,7.627623338110563e-5,0.11111028206144166,-0.11110961572811287
12414,0.625,-0.11111017727472164,2.4568590537732584e-10,1.5674370972301434e-5,7.490068529383796e-5,0.11111017727472164,-0.11110962112717224
12415,0.25,-0.11111007402240333,5.199463697197901e-10,2.2802332549978084e-5,7.381675962053006e-5,0.11111007402240333,-0.11110962640524623
12416,0.1,-0.11110997140316727,8.973642257007113e-10,2.9956038217706817e-5,7.312725261709935e-5,0.11110997140316727,-0.11110963164471488
12417,0.1,-0.11110986978345,1.374717202322561e-9,3.707717899628504e-5,7.270710467437613e-5,0.11110986978345,-0.11110963676425542
12418,0.1,-0.11110976928996812,1.948860269370238e-9,4.414589753725977e-5,7.222140829011654e-5,0.11110976928996812,-0.1111096417453632
12419,0.1,-0.111109670046462,2.6163105682174567e-9,5.114988336465154e-5,7.167063291854607e-5,0.111109670046462,-0.11110964657017057
12420,0.1,-0.11110957217348201,3.3732621293546392e-9,5.807979105811796e-5,7.105535172837161e-5,0.11110957217348201,-0.11110965122151994
12421,0.25,-0.1111094790218634,4.192624846446234e-9,6.475048143794943e-5,7.037937047883698e-5,0.1111094790218634,-0.11110965493530195
12422,0.625,-0.1111093985390448,5.001479612351767e-9,7.072113978402615e-5,6.869332925003536e-5,0.1111093985390448,-0.11110965598782073
12423,1.5625,-0.11110935143104804,5.5976047121362596e-9,7.481714183351473e-5,6.428039028434194e-5,0.11110935143104804,-0.11110964997890832
12424,3.90625,-0.11110938701101053,5.484221707393034e-9,7.405553124104258e-5,5.28313098759981e-5,0.11110938701101053,-0.11110962833275824
12425,9.765625,-0.11110959631164515,3.812315083752807e-9,6.174394774998443e-5,2.5462250339944542e-5,0.11110959631164515,-0.11110958847493552
12426,24.4140625,-0.11111002237001925,7.958156542326271e-10,2.821020478891685e-5,3.769436192045414e-5,0.11111002237001925,-0.1111095816322872
12427,9.765625,-0.11111018498281224,1.7336787156597343e-10,1.316692339029788e-5,0.00010304079781291604,0.11111018498281224,-0.11110959614791802
12428,3.90625,-0.11111033377329925,2.6617209857222134e-11,5.159186937611598e-6,0.00011436865231761134,0.11111033377329925,-0.11110961023887839
12429,1.5625,-0.11111047364116097,1.5947189462252722e-10,1.2628218188744096e-5,0.00011402406623909726,0.11111047364116097,-0.11110962302181301
12430,0.625,-0.11111061048362811,5.3382261000322e-10,2.3104601489816265e-5,0.00011201348712201717,0.11111061048362811,-0.11110963511026048
12431,0.25,-0.11111074646606851,1.1411701870107969e-9,3.3781210561653895e-5,0.00011041206865496574,0.11111074646606851,-0.1111096469257371
12432,0.1,-0.1111108823736829,1.9793037751326628e-9,4.4489366989570244e-5,0.00010938947786135393,0.1111108823736829,-0.11110965865315138
12433,0.1,-0.11111101803370484,3.0411292087824996e-9,5.514643423452236e-5,0.00010876515375369044,0.11111101803370484,-0.11110967011379046
12434,0.1,-0.11111115331482191,4.319685342515666e-9,6.572431317644686e-5,0.00010804257352326988,0.11111115331482191,-0.11110968126616057
12435,0.1,-0.11111128808284816,5.807255940156364e-9,7.620535374995883e-5,0.00010722244556708966,0.11111128808284816,-0.11110969207019165
12436,0.1,-0.1111114222010191,7.495402289122283e-9,8.657599141287545e-5,0.00010630562731497389,0.1111114222010191,-0.1111097024873892
12437,0.25,-0.11111155288068233,9.324206789150654e-9,9.65619324017009e-5,0.00010529777615525875,0.11111155288068233,-0.11110971081724287
12438,0.625,-0.11111167314204713,1.1132204315073005e-8,0.00010550926175020373,0.00010278271745948064,0.11111167314204713,-0.11110971321792677
12439,1.5625,-0.11111176391239073,1.2471161051358337e-8,0.00011167435270176558,9.619553399451498e-5,0.11111176391239073,-0.11110969986943224
12440,3.90625,-0.1111117756647981,1.2237896705533238e-8,0.00011062502748263268,7.908041432767388e-5,0.1111117756647981,-0.11110965156718115
12441,9.765625,-0.11111159492894168,8.536954189626536e-9,9.239563945136446e-5,3.7858895401698386e-5,0.11111159492894168,-0.11110956219894011
12442,24.4140625,-0.11111100935874912,1.2955477068177744e-10,1.1382212907944459e-5,5.415906848030332e-5,0.11111100935874912,-0.1111096136918325
12443,9.765625,-0.11110999580485564,1.361874617002956e-10,1.1669938376028195e-5,3.086404628804777e-5,0.11110999580485564,-0.11110961284987317
12444,3.90625,-0.11110961834371291,1.5555173597413847e-10,1.2472038164395525e-5,2.0917457011893915e-5,0.11110961834371291,-0.11110961253143692
12445,1.5625,-0.11110931426774745,1.7996478394034398e-10,1.341509537574534e-5,1.6711160869653027e-5,0.11110931426774745,-0.11110961248033997
12446,3.90625,-0.11110924362153449,1.7952772372923864e-10,1.3398795607413326e-5,1.4861794125272952e-5,0.11110924362153449,-0.11110961187703484
12447,9.765625,-0.11110971988869547,1.2006846024081742e-10,1.0957575472741104e-5,1.0893382685050057e-5,0.11110971988869547,-0.11110961066130971
12448,24.4140625,-0.11111057604991607,2.3452011707901354e-11,4.842727713582641e-6,1.0271240034618864e-5,0.11111057604991607,-0.11110961050209067
12449,9.765625,-0.11111017678098457,6.2388986283214654e-12,2.4977787388640865e-6,1.916325639155217e-5,0.11111017678098457,-0.11110961097775768
12450,3.90625,-0.11111004335547667,3.75159354539099e-12,1.936903081052583e-6,2.046768568790512e-5,0.11111004335547667,-0.11110961141070003
12451,1.5625,-0.11110994023683615,9.250515428316474e-12,3.0414659998619865e-6,2.015492419603558e-5,0.11110994023683615,-0.11110961180277378
12452,0.625,-0.11110984472692981,2.162875659089594e-11,4.650672703050166e-6,1.969146976844392e-5,0.11110984472692981,-0.11110961217420458
12453,0.25,-0.11110975147833368,4.061812747840392e-11,6.3732352442385115e-6,1.934628160807056e-5,0.11110975147833368,-0.11110961253695341
12454,0.1,-0.11110965892241086,6.61194348337781e-11,8.131385788030113e-6,1.911873716793383e-5,0.11110965892241086,-0.11110961289597092
12455,0.1,-0.11110956954995661,9.783889206035548e-11,9.891354409804326e-6,1.896820463745802e-5,0.11110956954995661,-0.11110961324523227
12456,0.1,-0.11110948367476849,1.3551543151881308e-10,1.1641109548441381e-5,1.880664622770017e-5,0.11110948367476849,-0.11110961358381911
12457,0.1,-0.11110940159620476,1.788711938340331e-10,1.3374273581545769e-5,1.8633692236119364e-5,0.11110940159620476,-0.1111096139108356
12458,0.1,-0.11110932359826609,2.2761238994787819e-10,1.5086828359462376e-5,1.8449090111241046e-5,0.11110932359826609,-0.111109614225417
12459,0.25,-0.11110926119126671,2.7972043914707643e-10,1.672484496630915e-5,1.825432163542697e-5,0.11110926119126671,-0.11110961447718841
12460,0.625,-0.1111092399095443,3.299302168971748e-10,1.8163981306342915e-5,1.7818293631699977e-5,0.1111092399095443,-0.11110961455474178
12461,1.5625,-0.11110932221781633,3.640893652089386e-10,1.9081125889447368e-5,1.6737969315738988e-5,0.11110932221781633,-0.11110961417911558
12462,3.90625,-0.11110963662908474,3.493789901141528e-10,1.8691682377842634e-5,1.4073952555358129e-5,0.11110963662908474,-0.11110961283022242
12463,9.765625,-0.11111030547949348,2.3656728649497173e-10,1.5380744016300763e-5,8.668435642804773e-6,0.11111030547949348,-0.1111096104234863
12464,24.4140625,-0.11111073450479726,4.945589106743647e-11,7.032488255762427e-6,1.1847193971258911e-5,0.11111073450479726,-0.11110961009658285
12465,9.765625,-0.11111046610956608,1.1948699156857182e-11,3.456689045438884e-6,2.6354109169287995e-5,0.11111046610956608,-0.11110961101658254
12466,3.90625,-0.11111035849443598,4.1016991667503695e-12,2.0252652089912495e-6,2.888886290398193e-5,0.11111035849443598,-0.11110961190124441
12467,1.5625,-0.1111102729534767,1.334694055905103e-11,3.6533464876809908e-6,2.8694146787941367e-5,0.1111102729534767,-0.11110961270529698
12468,0.625,-0.11111019346428212,3.7319538844284024e-11,6.108971995703044e-6,2.8142649025058407e-5,0.11111019346428212,-0.1111096134669216
12469,0.25,-0.11111011592828607,7.547011542372615e-11,8.687353764163524e-6,2.77123533542764e-5,0.11111011592828607,-0.11110961421142034
12470,0.1,-0.11111003905876782,1.2762963834327167e-10,1.1297328814515035e-5,2.7432657411684814e-5,0.11111003905876782,-0.11110961494968825
12471,0.1,-0.11110996352330621,1.933084352062316e-10,1.3903540383881782e-5,2.7254731054844092e-5,0.11110996352330621,-0.11110961567009452
12472,0.1,-0.11110988950903322,2.720357917834995e-10,1.6493507564599457e-5,2.7054750168123515e-5,0.11110988950903322,-0.11110961637025708
12473,0.1,-0.1111098171975236,3.632978763508277e-10,1.9060374507097904e-5,2.6832755850442436e-5,0.1111098171975236,-0.1111096170478764
12474,0.1,-0.11110974676427926,4.665396419620328e-10,2.1599528743980336e-5,2.658885657099565e-5,0.11110974676427926,-0.11110961770074661
12475,0.25,-0.11110968337614753,5.779486856853804e-10,2.404056333960127e-5,2.632473642520729e-5,0.11110968337614753,-0.11110961822390239
12476,0.625,-0.11110963905251943,6.87342966452365e-10,2.621722652097977e-5,2.5696410575530852e-5,0.11110963905251943,-0.11110961838182323
12477,1.5625,-0.1111096441648732,7.666426089855699e-10,2.7688311775649483e-5,2.408832061276761e-5,0.1111096441648732,-0.11110961757587244
12478,3.90625,-0.11110976511047684,7.474546125928977e-10,2.733961617493738e-5,1.9991217383880867e-5,0.11110976511047684,-0.11110961465124183
12479,9.765625,-0.11111008649059458,5.152660326333238e-10,2.2699472078295648e-5,1.0807397149083956e-5,0.11111008649059458,-0.11110960931300724
12480,24.4140625,-0.11111041658351277,1.0580195698087217e-10,1.0286007825238719e-5,1.5509313021802756e-5,0.11111041658351277,-0.11110960853342937
12481,9.765625,-0.11111036152684606,2.3416315707179315e-11,4.839040783789625e-6,3.842221387832145e-5,0.11111036152684606,-0.11110961053086962
12482,3.90625,-0.11111036899491916,5.29478547790666e-12,2.3010400861146815e-6,4.236135097101349e-5,0.11111036899491916,-0.11110961245071693
12483,1.5625,-0.1111103821347743,2.4817029257834312e-11,4.981669324416697e-6,4.214542764347336e-5,0.1111103821347743,-0.1111096141908603
12484,0.625,-0.11111039654312414,7.684418373226419e-11,8.766081435411388e-6,4.136611341758488e-5,0.11111039654312414,-0.111109615837084
12485,0.25,-0.1111104113387133,1.602127450033493e-10,1.2657517331742007e-5,4.0755346765485946e-5,0.1111104113387133,-0.1111096174463667
12486,0.1,-0.11111042628350787,2.745965150716524e-10,1.6570953957803768e-5,4.0364033132703234e-5,0.11111042628350787,-0.11110961904333307
12487,0.1,-0.11111044163520838,4.189855934553169e-10,2.0469137584551943e-5,4.0121751010532596e-5,0.11111044163520838,-0.11110962060303328
12488,0.1,-0.1111104574279566,5.923981029879295e-10,2.433922971229635e-5,3.9844407291239695e-5,0.1111104574279566,-0.11110962211998217
12489,0.1,-0.11111047369284172,7.937529808502622e-10,2.817362207544962e-5,3.953223831372334e-5,0.11111047369284172,-0.11110962358888875
12490,0.1,-0.11111049045776185,1.0218744256555655e-9,3.196677064790195e-5,3.918554577840709e-5,0.11111049045776185,-0.11110962500467732
12491,0.25,-0.1111105089947821,1.2685368648570814e-9,3.561652516539312e-5,3.8806671363846346e-5,0.1111105089947821,-0.11110962613644841
12492,0.625,-0.1111105320642546,1.511665776474748e-9,3.888014630212633e-5,3.7878219752532366e-5,0.1111105320642546,-0.11110962646431846
12493,1.5625,-0.11111056606853098,1.6901348290925064e-9,4.111124942266418e-5,3.546781689921505e-5,0.11111056606853098,-0.11110962466259866
12494,3.90625,-0.1111106218500109,1.6539728856898994e-9,4.0669065463689956e-5,2.925107927780685e-5,0.1111106218500109,-0.11110961815320933
12495,9.765625,-0.11111069293340999,1.1474869343125023e-9,3.387457651857071e-5,1.4694246205843482e-5,0.11111069293340999,-0.11110960618988809
12496,24.4140625,-0.11111061978579792,2.378877856388729e-10,1.542361130341636e-5,2.1474214823843513e-5,0.11111061978579792,-0.11110960424094438
12497,9.765625,-0.11111047341581237,5.171935809932983e-11,7.19161721028934e-6,5.684053776904341e-5,0.11111047341581237,-0.11110960864793037
12498,3.90625,-0.11111037766229602,8.805457712746302e-12,2.9673991495493665e-6,6.29472373575969e-5,0.11111037766229602,-0.11110961290873053
12499,1.5625,-0.1111102922331105,5.0024515197007384e-11,7.0728010856383756e-6,6.271192775184056e-5,0.1111102922331105,-0.111109616771736
12500,0.625,-0.11111021004452093,1.638891125831101e-10,1.2801918316530149e-5,6.158634350945426e-5,0.11111021004452093,-0.11110962042473355
12501,0.25,-0.11111012901626839,3.4781564487802424e-10,1.8649816215663475e-5,6.069439453915456e-5,0.11111012901626839,-0.11110962399502997
12502,0.1,-0.11111004845821089,6.011065516133534e-10,2.4517474413433237e-5,6.0123485478481235e-5,0.11111004845821089,-0.11110962753817416
12503,0.1,-0.1111099686529063,9.215797555983083e-10,3.035753210651861e-5,5.9772502875474284e-5,0.1111099686529063,-0.11110963099981433
12504,0.1,-0.111109889698613,1.307099039165084e-9,3.615382468239127e-5,5.93682303194969e-5,0.111109889698613,-0.11110963436756192
12505,0.1,-0.11110981169153657,1.7553036437730123e-9,4.1896344038269166e-5,5.891105090751941e-5,0.11110981169153657,-0.111109637629461
12506,0.1,-0.11110973472566084,2.2636181549057707e-9,4.757749630766389e-5,5.840143445027088e-5,0.11110973472566084,-0.1111096407740326
12507,0.25,-0.1111096613865807,2.8139117267855024e-9,5.3046316806970706e-5,5.7842689744577615e-5,0.1111096613865807,-0.11110964328845029
12508,0.625,-0.11110959781912451,3.357406528300987e-9,5.79431318475364e-5,5.6459775229128825e-5,0.11110959781912451,-0.1111096440154583
12509,1.5625,-0.11110956008404166,3.758812117846805e-9,6.130915199092877e-5,5.285157098798926e-5,0.11110956008404166,-0.11110963999922377
12510,3.90625,-0.11110958672721828,3.6854473814347715e-9,6.0707885661047125e-5,4.3502926997413975e-5,0.11110958672721828,-0.1111096254686315
12511,9.765625,-0.11110975064147924,2.566797416837257e-9,5.066357090491409e-5,2.1208837118116306e-5,0.11110975064147924,-0.11110959863582097
12512,24.4140625,-0.1111100957424183,5.383435696764285e-10,2.3202231997728763e-5,3.087884945422935e-5,0.1111100957424183,-0.11110959390907327
12513,9.765625,-0.11111023309245342,1.1721785608684395e-10,1.0826719544111408e-5,8.461878139082678e-5,0.11111023309245342,-0.11110960370361714
12514,3.90625,-0.11111035691024584,1.7148407013713115e-11,4.141063512397886e-6,9.396563139914038e-5,0.11111035691024584,-0.11110961322392458
12515,1.5625,-0.11111047295237489,1.0567886689816546e-10,1.0280022709029657e-5,9.369693470163631e-5,0.11111047295237489,-0.11110962186192719
12516,0.625,-0.1111105863556184,3.5698156681637255e-10,1.8893955827628384e-5,9.204703410990637e-5,0.1111105863556184,-0.11110963002941618
12517,0.25,-0.11111069896953553,7.652417663438015e-10,2.766300356692674e-5,9.0727386242601e-5,0.11111069896953553,-0.11110963801053343
12518,0.1,-0.11111081145936037,1.3289019718072719e-9,3.645410774943301e-5,8.988051482922924e-5,0.11111081145936037,-0.11110964593015932
12519,0.1,-0.11111092366538756,2.043153640117366e-9,4.520125706346413e-5,8.935965920225632e-5,0.11111092366538756,-0.11110965366852725
12520,0.1,-0.11111103547852132,2.9032678006950672e-9,5.388198029671021e-5,8.875860397991146e-5,0.11111103547852132,-0.11110966119778677
12521,0.1,-0.11111114678773903,3.9040114644917015e-9,6.24820891495451e-5,8.807793722181508e-5,0.11111114678773903,-0.11110966849105267
12522,0.1,-0.11111125748032252,5.039669636623632e-9,7.099063062562293e-5,8.731836949389476e-5,0.11111125748032252,-0.11110967552250692
12523,0.25,-0.1111113651830297,6.270025690081755e-9,7.918349379815061e-5,8.64847909373622e-5,0.1111113651830297,-0.1111096811486792
12524,0.625,-0.11111146398623398,7.486757943905887e-9,8.65260535555961e-5,8.441809403685731e-5,0.11111146398623398,-0.1111096827856125
12525,1.5625,-0.11111153778336216,8.389144725439332e-9,9.159227437638686e-5,7.90192638291658e-5,0.11111153778336216,-0.11110967382598273
12526,3.90625,-0.11111154483456952,8.236535532862892e-9,9.075536090426224e-5,6.500443531313262e-5,0.11111154483456952,-0.11110964133211397
12527,9.765625,-0.111111389618788,5.753154373318804e-9,7.584955091046224e-5,3.1263162251907895e-5,0.111111389618788,-0.11110958110148506
12528,24.4140625,-0.11111091381351226,8.717943106387224e-11,9.336992613463516e-6,4.423725498018232e-5,0.11111091381351226,-0.11110961575425353
12529,9.765625,-0.11111004273155449,9.148641271686505e-11,9.564852989819815e-6,2.5433304761846627e-5,0.11111004273155449,-0.11110961520285532
12530,3.90625,-0.11110971953456472,1.0445647893901976e-10,1.0220395243777012e-5,1.7415430920585437e-5,0.11110971953456472,-0.1111096149989907
12531,1.5625,-0.11110945924552809,1.207601423105803e-10,1.0989091969338518e-5,1.405824054937203e-5,0.11110945924552809,-0.11110961497502655
12532,0.625,-0.11110921523567295,1.399557724438895e-10,1.1830290463208817e-5,1.2608817170606683e-5,0.11110921523567295,-0.11110961503452105
12533,1.5625,-0.11110906984423394,1.52127547838855e-10,1.233399966916065e-5,1.1944721947674261e-5,0.11110906984423394,-0.11110961490575515
12534,3.90625,-0.11110918714502832,1.4062456581604701e-10,1.1858522918814426e-5,1.0384122046693948e-5,0.11110918714502832,-0.11110961439409994
12535,9.765625,-0.11110982404204033,8.554043255391845e-11,9.248807088155663e-6,7.920992985803077e-6,0.11110982404204033,-0.11110961358181658
12536,24.4140625,-0.11111060527325721,1.5493709907408794e-11,3.9362050133864715e-6,1.0795513351429254e-5,0.11111060527325721,-0.11110961369359633
12537,9.765625,-0.11111028059968323,3.8960550424747145e-12,1.973842709659185e-6,1.7956038617280525e-5,0.11111028059968323,-0.11110961410197309
12538,3.90625,-0.1111101753429958,3.5615368680309856e-12,1.8872034516794911e-6,1.879775108533051e-5,0.1111101753429958,-0.11110961445811235
12539,1.5625,-0.1111100966975682,9.513772655396613e-12,3.0844404120353197e-6,1.839550527844927e-5,0.1111100966975682,-0.11110961477880914
12540,0.625,-0.11111002483698806,2.0980850915730615e-11,4.580485882057778e-6,1.794454310576264e-5,0.11111002483698806,-0.11110961508386606
12541,0.25,-0.1111099550362805,3.779418286068298e-11,6.147697362483207e-6,1.763328239204221e-5,0.1111099550362805,-0.11110961538331252
12542,0.1,-0.11110988588685948,5.98983318270446e-11,7.739401257658412e-6,1.7439562486930945e-5,0.11110988588685948,-0.11110961568090771
12543,0.1,-0.1111098190623806,8.70620904183028e-11,9.330706855233573e-6,1.731841967834279e-5,0.1111098190623806,-0.111109615970943
12544,0.1,-0.11110975481376116,1.1908204107232164e-10,1.0912471813128392e-5,1.7185630104774478e-5,0.11110975481376116,-0.11110961625259054
12545,0.1,-0.11110969338116931,1.557394902172967e-10,1.2479562901692379e-5,1.7041095284885215e-5,0.11110969338116931,-0.11110961652505047
12546,0.1,-0.11110963499327875,1.9680128311360734e-10,1.40285880655755e-5,1.6884788552926007e-5,0.11110963499327875,-0.11110961678755553
12547,0.25,-0.11110958820317164,2.4058600312218925e-10,1.5510835023369608e-5,1.671793733724514e-5,0.11110958820317164,-0.11110961699689526
12548,0.625,-0.1111095721800227,2.826941519283295e-10,1.6813510993493582e-5,1.6328136645443408e-5,0.1111095721800227,-0.11110961705824222
12549,1.5625,-0.1111096340809634,3.1124024025262084e-10,1.764200216111031e-5,1.5346207475985243e-5,0.1111096340809634,-0.11110961673443787
12550,3.90625,-0.11110987167121207,2.983476356551013e-10,1.7272742563215066e-5,1.2915885988618635e-5,0.11110987167121207,-0.1111096155836277
12551,9.765625,-0.11111038033048266,2.011982198543615e-10,1.418443583137382e-5,8.070821341832448e-6,0.11111038033048266,-0.11110961354627387
12552,24.4140625,-0.11111070828153856,4.1013143796258347e-11,6.404150513242045e-6,1.1498372367976383e-5,0.11111070828153856,-0.11110961333888236
12553,9.765625,-0.11111047293764695,9.732871692229776e-12,3.1197550692690246e-6,2.472374362794813e-5,0.11111047293764695,-0.11110961414524281
12554,3.90625,-0.11111037299344566,3.6539029383084435e-12,1.9115184901822016e-6,2.696988028028111e-5,0.11111037299344566,-0.11110961491236569
12555,1.5625,-0.11111029175726186,1.2238602984117621e-11,3.498371476003888e-6,2.6758025400260342e-5,0.11111029175726186,-0.11110961560906144
12556,0.625,-0.11111021570045698,3.351185421939031e-11,5.788942409403492e-6,2.6241927304017832e-5,0.11111021570045698,-0.11110961626979708
12557,0.25,-0.11111014132098097,6.702971675065227e-11,8.187167810094787e-6,2.584785392948893e-5,0.11111014132098097,-0.11110961691658046
12558,0.1,-0.11111006751437456,1.1266575543060835e-10,1.0614412627677913e-5,2.5596667033102157e-5,0.11111006751437456,-0.11110961755872385
12559,0.1,-0.1111099948758598,1.700050685896576e-10,1.3038599180497022e-5,2.5440662227226296e-5,0.1111099948758598,-0.1111096181858505
12560,0.1,-0.11110992356789051,2.386508885563914e-10,1.5448329636449093e-5,2.5263534636283265e-5,0.11110992356789051,-0.1111096187958523
12561,0.1,-0.11110985374816958,3.1816781746011614e-10,1.7837259247432497e-5,2.506539361677028e-5,0.11110985374816958,-0.1111096193866952
12562,0.1,-0.11110978556921348,4.080835520097276e-10,2.020107799127877e-5,2.48464010110369e-5,0.11110978556921348,-0.11110961995642923
12563,0.25,-0.11110972354702985,5.05072598735389e-10,2.2473820296856272e-5,2.4608016266009084e-5,0.11110972354702985,-0.11110962041334674
12564,0.625,-0.11110967818131755,6.002425577438453e-10,2.4499848116750546e-5,2.4029495908427458e-5,0.11110967818131755,-0.11110962055197234
12565,1.5625,-0.11110967603045623,6.690609847132458e-10,2.5866213188506077e-5,2.253744979304004e-5,0.11110967603045623,-0.11110961985040498
12566,3.90625,-0.1111097754268813,6.517802856056529e-10,2.5529987967205407e-5,1.873035068319056e-5,0.1111097754268813,-0.11110961730348258
12567,9.765625,-0.111110052964961,4.4849734963496854e-10,2.117775601037486e-5,1.0258734612254286e-5,0.111110052964961,-0.11110961266419951
12568,24.4140625,-0.11111035745518973,9.17164039389379e-11,9.57686816965431e-6,1.4741904830988893e-5,0.11111035745518973,-0.11110961201673093
12569,9.765625,-0.11111033068079433,2.0459248352633097e-11,4.523190063730807e-6,3.5947125560935794e-5,0.11111033068079433,-0.1111096137591539
12570,3.90625,-0.11111035085781462,4.974080566335681e-12,2.2302646852639894e-6,3.9588757112280355e-5,0.11111035085781462,-0.1111096154325129
12571,1.5625,-0.11111037481485037,2.2210384373200035e-11,4.712789447153356e-6,3.9381990189834574e-5,0.11111037481485037,-0.1111096169502066
12572,0.625,-0.11111039951140228,6.773498681536743e-11,8.230126780030028e-6,3.8658138995328e-5,0.11111039951140228,-0.11110961838702581
12573,0.25,-0.11111042442062533,1.405582624054506e-10,1.1855726987639797e-5,3.8094045925102735e-5,0.11111042442062533,-0.11110961979243057
12574,0.1,-0.11111044941660282,2.404140403911902e-10,1.550529072256274e-5,3.773527801345877e-5,0.11111044941660282,-0.11110962118773654
12575,0.1,-0.11111047469451536,3.6643259288058183e-10,1.9142429126957263e-5,3.7515514705272316e-5,0.11111047469451536,-0.1111096225510235
12576,0.1,-0.11111050027241574,5.177699298308002e-10,2.275455844069052e-5,3.726276983470952e-5,0.11111050027241574,-0.11110962387747746
12577,0.1,-0.11111052616592228,6.934943537259314e-10,2.6334280960867933e-5,3.697728251254465e-5,0.11111052616592228,-0.11110962516245328
12578,0.1,-0.11111055238811927,8.925903561012319e-10,2.9876250703547657e-5,3.6659350298001864e-5,0.11111055238811927,-0.11110962640149329
12579,0.25,-0.11111057975166003,1.1078677629511362e-9,3.328464755636052e-5,3.6311038529925004e-5,0.11111057975166003,-0.11110962739293019
12580,0.625,-0.11111060995772974,1.3200142658113657e-9,3.633200057540688e-5,3.544935614137902e-5,0.11111060995772974,-0.11110962768282569
12581,1.5625,-0.1111106467572608,1.4755456195316833e-9,3.841283144382464e-5,3.320422556735106e-5,0.1111106467572608,-0.11110962611403503
12582,3.90625,-0.11111069530192764,1.4433104326173724e-9,3.7990925661496754e-5,2.7410904686799894e-5,0.11111069530192764,-0.11110962043867156
12583,9.765625,-0.11111074230037453,1.0001952295553747e-9,3.162586330134522e-5,1.3914017755672538e-5,0.11111074230037453,-0.11110961001898573
12584,24.4140625,-0.11111064530134508,2.0705682262838543e-10,1.4389469157282538e-5,2.0279661599305146e-5,0.11111064530134508,-0.11110960834971312
12585,9.765625,-0.11111050229570305,4.540998992802966e-11,6.7386934882089466e-6,5.310599110185692e-5,0.11111050229570305,-0.11110961218706775
12586,3.90625,-0.11111040538983567,8.34896991952152e-12,2.889458412838212e-6,5.877876178536984e-5,0.11111040538983567,-0.11110961589726225
12587,1.5625,-0.11111031823052658,4.449698821568641e-11,6.670606285465093e-6,5.855599448270069e-5,0.11111031823052658,-0.11110961926275154
12588,0.625,-0.11111023417084255,1.4389837627797475e-10,1.1995764930923529e-5,5.750905698645121e-5,0.11111023417084255,-0.11110962244674667
12589,0.25,-0.11111015122192368,3.0433304573191675e-10,1.7445143901152455e-5,5.66820618949958e-5,0.11111015122192368,-0.11110962555978168
12590,0.1,-0.11111006871824218,5.252173705736529e-10,2.2917621398689108e-5,5.615511188425895e-5,0.11111006871824218,-0.1111096286500304
12591,0.1,-0.11110998690199507,8.046637144173891e-10,2.836659504447774e-5,5.583337203708054e-5,0.11110998690199507,-0.11110963166989962
12592,0.1,-0.1111099058669911,1.1408267069308397e-9,3.377612628663683e-5,5.546167189093765e-5,0.1111099058669911,-0.11110963460855262
12593,0.1,-0.11110982570526402,1.5316636634797506e-9,3.9136474847381826e-5,5.504037808289081e-5,0.11110982570526402,-0.11110963745552654
12594,0.1,-0.11110974650692225,1.9749432046188884e-9,4.444033308402277e-5,5.4569936966268175e-5,0.11110974650692225,-0.111109640200775
12595,0.25,-0.11110967067906499,2.454834663733974e-9,4.954628809238865e-5,5.4053312111411435e-5,0.11110967067906499,-0.11110964239689161
12596,0.625,-0.11110960397291002,2.928725773334919e-9,5.4117702956933775e-5,5.2766823746453376e-5,0.11110960397291002,-0.11110964303441297
12597,1.5625,-0.1111095614848369,3.278420892469219e-9,5.72574963866673e-5,4.940239398532979e-5,0.1111095614848369,-0.11110963953558634
12598,3.90625,-0.11110957975727712,3.2133969674774276e-9,5.66868323993979e-5,4.068195043697824e-5,0.11110957975727712,-0.11110962687130468
12599,9.765625,-0.11110972970405193,2.2362461849607026e-9,4.728896472709783e-5,1.9944775142321783e-5,0.11110972970405193,-0.1111096035037131
12600,24.4140625,-0.11111006511611132,4.685883082254296e-10,2.1646900660959058e-5,2.902769081047318e-5,0.11111006511611132,-0.11110959942729726
12601,9.765625,-0.11111020721900607,1.0264206245406956e-10,1.0131241900876198e-5,7.900389908713764e-5,0.11111020721900607,-0.11110960795112562
12602,3.90625,-0.1111103328230304,1.5945693970571857e-11,3.9932059764770284e-6,8.770140228277367e-5,0.1111103328230304,-0.11110961623710983
12603,1.5625,-0.11111045039606006,9.3355636699265e-11,9.662072070692963e-6,8.744853940884171e-5,0.11111045039606006,-0.11110962375774931
12604,0.625,-0.11111056524365942,3.124622210047247e-10,1.7676600946016875e-5,8.591314876575203e-5,0.11111056524365942,-0.11110963087093371
12605,0.25,-0.11111067925345568,6.682507455972369e-10,2.585054633073036e-5,8.468772032202963e-5,0.11111067925345568,-0.11110963782351772
12606,0.1,-0.11111079310197668,1.1594039399080656e-9,3.405002114401789e-5,8.390388358982059e-5,0.11111079310197668,-0.1111096447239307
12607,0.1,-0.11111090664246477,1.7817570146769656e-9,4.221086370446553e-5,8.342424632553547e-5,0.11111090664246477,-0.11110965146753386
12608,0.1,-0.11111101976711878,2.5312183153068e-9,5.031121460774725e-5,8.286955287500397e-5,0.11111101976711878,-0.1111096580300081
12609,0.1,-0.11111113236653582,3.4032546499619493e-9,5.83374206660009e-5,8.224035326812566e-5,0.11111113236653582,-0.11110966438787005
12610,0.1,-0.11111124432992552,4.39291043408178e-9,6.627903464959172e-5,8.153731161336585e-5,0.11111124432992552,-0.11110967051856405
12611,0.25,-0.11111135331892888,5.4651110811794725e-9,7.392638961277273e-5,8.076483840811308e-5,0.11111135331892888,-0.11110967542536646
12612,0.625,-0.11111145351027825,6.525345556703419e-9,8.0779611020996e-5,7.884079347415115e-5,0.11111145351027825,-0.11110967685612379
12613,1.5625,-0.11111152904635083,7.311221279914864e-9,8.55056798108457e-5,7.380563124933551e-5,0.11111152904635083,-0.11110966905281366
12614,3.90625,-0.1111115388957848,7.176688106790184e-9,8.471533572376482e-5,6.0729932366658605e-5,0.1111115388957848,-0.11110964074652506
12615,9.765625,-0.11111138938617598,5.0102399608794966e-9,7.078304854186133e-5,2.9302329433917335e-5,0.11111138938617598,-0.1111095883063757
12616,24.4140625,-0.11111092184089917,7.692510279456459e-11,8.770695684754123e-6,4.1513815098729954e-5,0.11111092184089917,-0.11110961851258377
12617,9.765625,-0.11111007075492807,8.047671099210709e-11,8.970881282912347e-6,2.400174607499688e-5,0.11111007075492807,-0.11110961803745224
12618,3.90625,-0.11110975143498376,9.190798350670732e-11,9.58686515534183e-6,1.656684603999395e-5,0.11110975143498376,-0.1111096178659553
12619,1.5625,-0.11110949407320048,1.0635136209540936e-10,1.0312679675787927e-5,1.3460538450882331e-5,0.11110949407320048,-0.11110961785194325
12620,0.625,-0.11110925278616449,1.234114905791038e-10,1.1109072444587973e-5,1.212042452636858e-5,0.11110925278616449,-0.11110961791107982
12621,1.5625,-0.11110910747644666,1.3429176768e-10,1.1588432494517972e-5,1.150612546058669e-5,0.11110910747644666,-0.11110961780363637
12622,3.90625,-0.11110921830820365,1.24155108989148e-10,1.1142491148264289e-5,1.0066008740115937e-5,0.11110921830820365,-0.1111096173573682
12623,9.765625,-0.11110983748739668,7.533326992228721e-11,8.679474057930424e-6,7.808961213532862e-6,0.11110983748739668,-0.11110961664662114
12624,24.4140625,-0.11111060495368358,1.3695782062079667e-11,3.7007812772547997e-6,1.0388042909179678e-5,0.11111060495368358,-0.11110961674854884
12625,9.765625,-0.11111028386922267,3.620731051601062e-12,1.9028218654411826e-6,1.6944140882781467e-5,0.11111028386922267,-0.11110961710840486
12626,3.90625,-0.11111017775342091,3.42062713178364e-12,1.8494937501337063e-6,1.7703071671865908e-5,0.11111017775342091,-0.11110961742267474
12627,1.5625,-0.11111009785004304,8.70920524907503e-12,2.9511362640642384e-6,1.7320330611058783e-5,0.11111009785004304,-0.11110961770641205
12628,0.625,-0.11111002465046174,1.8815376960444565e-11,4.337669531032138e-6,1.6898588272218522e-5,0.11111002465046174,-0.11110961797677762
12629,0.25,-0.11110995348898882,3.359417098647474e-11,5.796047876482279e-6,1.6609087410269472e-5,0.11110995348898882,-0.11110961824241203
12630,0.1,-0.11110988297218394,5.2998584002866925e-11,7.280012637548573e-6,1.6429657554539262e-5,0.11110988297218394,-0.11110961850652938
12631,0.1,-0.11110981474346689,7.682509122725676e-11,8.764992368921764e-6,1.631792994689212e-5,0.11110981474346689,-0.11110961876405355
12632,0.1,-0.11110974905075162,1.0489529332817772e-10,1.0241840329168274e-5,1.6195360974187427e-5,0.11110974905075162,-0.1111096190142593
12633,0.1,-0.11110968613145095,1.3701730025558607e-10,1.1705438917682074e-5,1.6061869747597173e-5,0.11110968613145095,-0.11110961925644544
12634,0.1,-0.11110962621174038,1.729864601285573e-10,1.3152431719212888e-5,1.5917442486118815e-5,0.11110962621174038,-0.11110961948993998
12635,0.25,-0.11110957771951963,2.1131828306234962e-10,1.4536790672715542e-5,1.576321426535218e-5,0.11110957771951963,-0.11110961967680753
12636,0.625,-0.11110955955561548,2.4813037831457704e-10,1.575215471973841e-5,1.5401949828435173e-5,0.11110955955561548,-0.11110961973390716
12637,1.5625,-0.11110961825755337,2.7294515755776167e-10,1.652105195070101e-5,1.4491915488201588e-5,0.11110961825755337,-0.11110961945357406
12638,3.90625,-0.11110985054707088,2.612541638808157e-10,1.61633586819329e-5,1.2247589684887474e-5,0.11110985054707088,-0.11110961845022521
12639,9.765625,-0.11111035242829471,1.7571998104165873e-10,1.3255941348755989e-5,7.85021954683791e-6,0.11111035242829471,-0.11110961667746692
12640,24.4140625,-0.11111068694953403,3.576942507029984e-11,5.980754556935089e-6,1.103609962491366e-5,0.11111068694953403,-0.11110961650874765
12641,9.765625,-0.11111046272204944,8.638947644370568e-12,2.9392086765608475e-6,2.3205335135157024e-5,0.11111046272204944,-0.11110961721512815
12642,3.90625,-0.11111036945178109,3.4700565750902102e-12,1.8628087865076786e-6,2.5271064812754636e-5,0.11111036945178109,-0.11110961788680826
12643,1.5625,-0.11111029421458371,1.1070361869347673e-11,3.327215332578833e-6,2.5064585472820414e-5,0.11111029421458371,-0.11110961849738411
12644,0.625,-0.11111022395275742,2.9724284163773244e-11,5.451998180829965e-6,2.4580912846756577e-5,0.11111022395275742,-0.11110961907687257
12645,0.25,-0.11111015529877523,5.90477374069559e-11,7.684252560070882e-6,2.421316463867485e-5,0.11111015529877523,-0.11110961964435974
12646,0.1,-0.11111008719246562,9.89319949932449e-11,9.946456403827693e-6,2.3979299462871576e-5,0.11111008719246562,-0.11110962020789554
12647,0.1,-0.11111002020798032,1.4901386778563208e-10,1.220712364914979e-5,2.3834353902827128e-5,0.11111002020798032,-0.11110962075834238
12648,0.1,-0.11110995450126955,2.089468776021991e-10,1.4454994901493363e-5,2.3669763329447346e-5,0.11110995450126955,-0.11110962129386251
12649,0.1,-0.11110989022368446,2.783507743139992e-10,1.668384770710879e-5,2.348563236305745e-5,0.11110989022368446,-0.1111096218126839
12650,0.1,-0.11110982752155228,3.5681304728200013e-10,1.888949568628025e-5,2.3282115444998503e-5,0.11110982752155228,-0.11110962231310717
12651,0.25,-0.11110977073581553,4.414205033684995e-10,2.1010009599438537e-5,2.3060565371598973e-5,0.11110977073581553,-0.11110962271500739
12652,0.625,-0.11110972995404902,5.243857137324446e-10,2.2899469726009915e-5,2.252239895935596e-5,0.11110972995404902,-0.11110962283899331
12653,1.5625,-0.1111097306711302,5.842342551117776e-10,2.4170938233998645e-5,2.1134631779030558e-5,0.1111097306711302,-0.11110962222969896
12654,3.90625,-0.11110982874403527,5.687196699753625e-10,2.3847844136847306e-5,1.7599830290262185e-5,0.11110982874403527,-0.11110962001153853
12655,9.765625,-0.11111009650825741,3.9074887016700115e-10,1.9767368822557065e-5,9.81240263127271e-6,0.11111009650825741,-0.11110961597633968
12656,24.4140625,-0.1111103820570835,7.971838775889488e-11,8.928515428608211e-6,1.4009778002731907e-5,0.1111103820570835,-0.11110961543102238
12657,9.765625,-0.11111034767680175,1.7948040884977137e-11,4.236512821292665e-6,3.362403206324472e-5,0.11111034767680175,-0.11110961695084691
12658,3.90625,-0.1111103606849004,4.674187152651573e-12,2.1619868530246832e-6,3.698988106142274e-5,0.1111103606849004,-0.1111096184092993
12659,1.5625,-0.1111103778587548,1.9853511045332127e-11,4.455727891751484e-6,3.678743868751477e-5,0.1111103778587548,-0.11110961973252977
12660,0.625,-0.1111103959146309,5.963901172692616e-11,7.722629845261661e-6,3.6109607772749794e-5,0.1111103959146309,-0.11110962098570278
12661,0.25,-0.11111041423182869,1.2317436957009263e-10,1.1098394909629618e-5,3.55830765230044e-5,0.11111041423182869,-0.11110962221175746
12662,0.1,-0.11111043264998277,2.102305247318841e-10,1.4499328423478244e-5,3.524877556852859e-5,0.11111043264998277,-0.11110962342915968
12663,0.1,-0.11111045136364017,3.2004850643468874e-10,1.7889899564689812e-5,3.5044328312150576e-5,0.11111045136364017,-0.11110962461870424
12664,0.1,-0.11111047039560007,4.5189318904470283e-10,2.1257779494686243e-5,3.480915151508109e-5,0.11111047039560007,-0.11110962577620148
12665,0.1,-0.11111048976628563,6.049529533899511e-10,2.459579137555755e-5,3.4543470017092214e-5,0.11111048976628563,-0.1111096268976092
12666,0.1,-0.11111050949364182,7.783430873593948e-10,2.7898800822963606e-5,3.4247563828592416e-5,0.11111050949364182,-0.11110962797904855
12667,0.25,-0.11111053048077417,9.657847538524785e-10,3.1077077627287906e-5,3.392334603961175e-5,0.11111053048077417,-0.11110962884475091
12668,0.625,-0.11111055466222322,1.1504169424222008e-9,3.391779683915512e-5,3.3120635573583714e-5,0.11111055466222322,-0.11110962909926762
12669,1.5625,-0.11111058644336379,1.2855574234506107e-9,3.585467087355022e-5,3.1029082445359585e-5,0.11111058644336379,-0.1111096277349816
12670,3.90625,-0.11111063277080778,1.256808741559099e-9,3.545149843884034e-5,2.563675196233878e-5,0.11111063277080778,-0.11110962279674746
12671,9.765625,-0.11111068503342321,8.699466886295435e-10,2.949485868129467e-5,1.3144737240185172e-5,0.11111068503342321,-0.11110961374156059
12672,24.4140625,-0.11111061091780783,1.7962610030298998e-10,1.3402466202270012e-5,1.913182491080398e-5,0.11111061091780783,-0.11110961232188366
12673,9.765625,-0.11111048158153106,3.954080475503754e-11,6.288147959060564e-6,4.9579995823284504e-5,0.11111048158153106,-0.1111096156614337
12674,3.90625,-0.11111039542294546,7.67585985284223e-12,2.770534217951879e-6,5.483564400741251e-5,0.11111039542294546,-0.11110961888726859
12675,1.5625,-0.11111031820258475,3.940835086115694e-11,6.277607096749281e-6,5.461673701697938e-5,0.11111031820258475,-0.11110962181349474
12676,0.625,-0.11111024380401585,1.2610403990229114e-10,1.1229605509646862e-5,5.363711732354769e-5,0.11111024380401585,-0.11110962458236316
12677,0.25,-0.11111017041150646,2.6584217300105793e-10,1.6304667215280965e-5,5.2865320669199584e-5,0.11111017041150646,-0.11110962728987611
12678,0.1,-0.11111009741943921,4.581204630141205e-10,2.1403748807489788e-5,5.2374248583028345e-5,0.11111009741943921,-0.11110962997780251
12679,0.1,-0.11111002505929274,7.012951179614868e-10,2.648197722907953e-5,5.207483790177841e-5,0.11111002505929274,-0.11110963260457445
12680,0.1,-0.11110995341713303,9.937614766537323e-10,3.152398256333949e-5,5.172885313050769e-5,0.11110995341713303,-0.11110963516077048
12681,0.1,-0.1111098825773842,1.33374302072237e-9,3.652044661175942e-5,5.133663655180907e-5,0.1111098825773842,-0.11110963763729578
12682,0.1,-0.11110981262267972,1.7192988809313585e-9,4.1464429104129225e-5,5.0898605408274354e-5,0.11110981262267972,-0.1111096400254163
12683,0.25,-0.1111097457785581,2.136631298201432e-9,4.622370926485057e-5,5.041750240008279e-5,0.1111097457785581,-0.11110964193577376
12684,0.625,-0.11110968735195922,2.5486049866237463e-9,5.048371011151762e-5,4.9218521635662774e-5,0.11110968735195922,-0.1111096424901852
12685,1.5625,-0.11110965124400146,2.8522371850501712e-9,5.340634030759055e-5,4.6082438953586455e-5,0.11110965124400146,-0.1111096394468673
12686,3.90625,-0.11110967093568422,2.7945216758135777e-9,5.28632355783637e-5,3.795718681566864e-5,0.11110967093568422,-0.11110962843612787
12687,9.765625,-0.11110981035623617,1.9429413429271416e-9,4.4078808320179685e-5,1.869305493165335e-5,0.11110981035623617,-0.11110960814258891
12688,24.4140625,-0.11111011194810887,4.061396643012137e-10,2.0152907093052696e-5,2.7255080204989845e-5,0.11111011194810887,-0.11110960465817334
12689,9.765625,-0.11111023571716262,8.905571338944651e-11,9.436933473827528e-6,7.368202861596473e-5,0.11111023571716262,-0.11110961206664799
12690,3.90625,-0.11111034621412126,1.4377058763234203e-11,3.791709213960665e-6,8.175101635581481e-5,0.11111034621412126,-0.1111096192617033
12691,1.5625,-0.11111044973468848,8.216294561562963e-11,9.064377839412346e-6,8.15021539367709e-5,0.11111044973468848,-0.11110962579159572
12692,0.625,-0.11111055087411496,2.7298529757759864e-10,1.65222667203262e-5,8.006678343976611e-5,0.11111055087411496,-0.11110963196813757
12693,0.25,-0.1111106512795183,5.825053522771287e-10,2.4135147653932607e-5,7.892363229613765e-5,0.1111106512795183,-0.1111096380057142
12694,0.1,-0.11111075154241945,1.0095885700120662e-9,3.1774023509969055e-5,7.819330912468398e-5,0.11111075154241945,-0.1111096439983592
12695,0.1,-0.11111085153249046,1.5506131346597532e-9,3.937782541811766e-5,7.774696976169248e-5,0.11111085153249046,-0.11110964985486846
12696,0.1,-0.1111109511550132,2.202024869070979e-9,4.692573781061923e-5,7.723065683138628e-5,0.1111109511550132,-0.11110965555411634
12697,0.1,-0.11111105031379769,2.9598854611296486e-9,5.440482939160501e-5,7.66448829570756e-5,0.11111105031379769,-0.1111096610757031
12698,0.1,-0.1111111489113782,3.819889114247914e-9,6.180525151027147e-5,7.599026763244389e-5,0.1111111489113782,-0.11110966640003399
12699,0.25,-0.11111124489169602,4.751507281620236e-9,6.893117786328792e-5,7.527089336521941e-5,0.11111124489169602,-0.11110967066061865
12700,0.625,-0.11111133313245283,5.672485991240904e-9,7.531590795602814e-5,7.347775675458441e-5,0.11111133313245283,-0.1111096719000877
12701,1.5625,-0.11111139967290817,6.354497591344933e-9,7.971510265529947e-5,6.87842006068581e-5,0.11111139967290817,-0.11110966511535482
12702,3.90625,-0.11111140831996373,6.2355781532356716e-9,7.896567705804637e-5,5.659788604706596e-5,0.11111140831996373,-0.11110964052189416
12703,9.765625,-0.11111127604722724,4.350029290250943e-9,6.595475183981018e-5,2.7354992856307355e-5,0.11111127604722724,-0.11110959500386049
12704,24.4140625,-0.11111087041429037,9.182601561613381e-10,3.030280772735982e-5,3.96159688282813e-5,0.11111087041429037,-0.1111095866973123
12705,9.765625,-0.11111064465846107,2.0121623103965833e-10,1.4185070709716549e-5,0.00010994855399890594,0.11111064465846107,-0.11110960323246072
12706,3.90625,-0.11111046023848174,2.808374249852722e-11,5.2994096367923115e-6,0.00012224788537560686,0.11111046023848174,-0.11110961936044254
12707,1.5625,-0.11111028984490487,1.746310179555315e-10,1.321480298587654e-5,0.00012196095504451217,0.11111028984490487,-0.11110963400617085
12708,0.625,-0.11111012443762917,5.970845319068519e-10,2.443531321483013e-5,0.0001198447790995288,0.11111012443762917,-0.11110964785720205
12709,0.25,-0.11110996102843386,1.2856161051164268e-9,3.5855489190867645e-5,0.00011814494502602549,0.11110996102843386,-0.11110966139326553
12710,0.1,-0.11110979858402481,2.2376353141082936e-9,4.7303650114005934e-5,0.0001170547974269038,0.11110979858402481,-0.11110967482609937
12711,0.1,-0.11110963732140018,3.4450981381852865e-9,5.869495837110106e-5,0.0001163865375948688,0.11110963732140018,-0.1111096879543031
12712,0.1,-0.11110947737166134,4.900079853126795e-9,7.000057037715331e-5,0.00011561361309029951,0.11110947737166134,-0.11110970073053769
12713,0.1,-0.11110931886305571,6.593799036297476e-9,8.120221078454376e-5,0.00011473677136517792,0.11110931886305571,-0.11110971310908041
12714,0.1,-0.11110916192091878,8.51665444449494e-9,9.228572178021333e-5,0.00011375691791631712,0.11110916192091878,-0.11110972504600292
12715,0.25,-0.11110900974821429,1.0600831827569509e-8,0.00010296034104241064,0.00011268014076479117,0.11110900974821429,-0.11110973460719066
12716,0.625,-0.11110887015350808,1.2663497505078896e-8,0.0001125322065236388,0.0001099987174150811,0.11110887015350808,-0.11110973741851586
12717,1.5625,-0.1111087641973376,1.419678215002059e-8,0.0001191502503145528,0.00010297998972129627,0.1111087641973376,-0.11110972228808223
12718,3.90625,-0.11110874641054605,1.3948993003368662e-8,0.00011810585507657383,8.473808312984901e-5,0.11110874641054605,-0.1111096672667683
12719,9.765625,-0.11110894518792754,9.760202497791311e-9,9.87937371385014e-5,4.069007927218632e-5,0.11110894518792754,-0.11110956503086689
12720,24.4140625,-0.1111096838106073,1.4628648794285977e-10,1.2094895119134343e-5,5.713498133549228e-5,0.1111096838106073,-0.11110962334751304
12721,9.765625,-0.11111082155785199,1.5268030122461471e-10,1.2356387061945524e-5,3.298846141419271e-5,0.11111082155785199,-0.11110962245015467
12722,3.90625,-0.11111124308812717,1.7523978399320994e-10,1.3237816435999177e-5,2.2450691789026187e-5,0.11111124308812717,-0.11110962210106903
12723,1.5625,-0.11111158191749189,2.039321217140224e-10,1.4280480444089491e-5,1.7917347427043553e-5,0.11111158191749189,-0.11110962204635146
12724,0.625,-0.11111189942589145,2.379617791134107e-10,1.5426009824754123e-5,1.5911390214636876e-5,0.11111189942589145,-0.11110962212964001
12725,1.5625,-0.11111208754102915,2.599508124827124e-10,1.6122990184290023e-5,1.4977522857387165e-5,0.11111208754102915,-0.11110962188785542
12726,3.90625,-0.11111193126559755,2.4032944379314095e-10,1.5502562491186446e-5,1.2736826673898287e-5,0.11111193126559755,-0.11110962098549972
12727,9.765625,-0.11111109591396263,1.443558457944618e-10,1.2014817759519359e-5,8.992010770861895e-6,0.11111109591396263,-0.11110961958078434
12728,24.4140625,-0.11111008927877876,2.4766239775909592e-11,4.9765690767746396e-6,1.3037746641386378e-5,0.11111008927877876,-0.11110961978054443
12729,9.765625,-0.11111053596084719,5.092508204899894e-12,2.2566586372111964e-6,2.2733648051269007e-5,0.11111053596084719,-0.11110962045796542
12730,3.90625,-0.111110680978991,4.6546763074165026e-12,2.1574698856337492e-6,2.3835078798659507e-5,0.111110680978991,-0.11110962103547817
12731,1.5625,-0.11111078979720673,1.4842670662599608e-11,3.852618675991644e-6,2.3290159441046495e-5,0.11111078979720673,-0.11110962154955692
12732,0.625,-0.11111088941482708,3.435404224539821e-11,5.861232143960706e-6,2.2686543796696542e-5,0.11111088941482708,-0.11110962203605226
12733,0.25,-0.11111098625679065,6.290918025311371e-11,7.93153076354834e-6,2.227188158076431e-5,0.11111098625679065,-0.11110962251275372
12734,0.1,-0.11111108223672189,1.0041849752457562e-10,1.0020903029396882e-5,2.201522669542368e-5,0.11111108223672189,-0.11110962298631367
12735,0.1,-0.11111117503947775,1.464880728028249e-10,1.2103225718907538e-5,2.1855924279684534e-5,0.11111117503947775,-0.1111096234472158
12736,0.1,-0.11111126432113523,2.0077312564345298e-10,1.416944337803899e-5,2.1680732430205488e-5,0.11111126432113523,-0.11110962389404756
12737,0.1,-0.1111113497523923,2.62902651902432e-10,1.62142730920147e-5,2.1489521012469754e-5,0.1111113497523923,-0.11110962432544584
12738,0.1,-0.1111114310195988,3.324808670021322e-10,1.8234057886332712e-5,2.128225030709156e-5,0.1111114310195988,-0.1111096247401037
12739,0.25,-0.11111149636319777,4.066276833000492e-10,2.016501136374709e-5,2.1060518445546823e-5,0.11111149636319777,-0.11110962506495281
12740,0.625,-0.11111151944012261,4.778130431107573e-10,2.1858935086384178e-5,2.0538237281301363e-5,0.11111151944012261,-0.11110962513965172
12741,1.5625,-0.11111143547136697,5.257349659936254e-10,2.292891113842141e-5,1.921540509903689e-5,0.11111143547136697,-0.11110962456383058
12742,3.90625,-0.11111111029746844,5.030214093119281e-10,2.2428138783945673e-5,1.59111832956663e-5,0.11111111029746844,-0.11110962259518582
12743,9.765625,-0.11111041383451278,3.3791120425087517e-10,1.8382361226210173e-5,9.059705287774754e-6,0.11111041383451278,-0.11110961914811321
12744,24.4140625,-0.11110996861851982,6.773242229064826e-11,8.229970977509474e-6,1.400881199040334e-5,0.11110996861851982,-0.1111096188108808
12745,9.765625,-0.1111102854728758,1.481865744126702e-11,3.849500934051974e-6,3.168248996283587e-5,0.1111102854728758,-0.11110962016014236
12746,3.90625,-0.11111041657177709,4.56149607875764e-12,2.135765923212944e-6,3.464019317997361e-5,0.11111041657177709,-0.11110962143338576
12747,1.5625,-0.11111052226984618,1.9067758591434842e-11,4.366664469756618e-6,3.436284782687376e-5,0.11111052226984618,-0.11110962258400563
12748,0.625,-0.11111062101954457,5.500394665596212e-11,7.416464565813155e-6,3.3685446751171105e-5,0.11111062101954457,-0.11110962367249681
12749,0.25,-0.111110717563591,1.1162448904400558e-10,1.0565249123613014e-5,3.3168455520859604e-5,0.111110717563591,-0.1111096247369333
12750,0.1,-0.11111081339332285,1.8871997921371086e-10,1.3737539052308855e-5,3.283945030685231e-5,0.11111081339332285,-0.1111096257934028
12751,0.1,-0.1111109076639827,2.855926022828162e-10,1.6899485266800767e-5,3.263571889541424e-5,0.1111109076639827,-0.11110962682461518
12752,0.1,-0.11111100015198523,4.015750944723736e-10,2.0039338673528464e-5,3.240411179902556e-5,0.11111100015198523,-0.11110962782700529
12753,0.1,-0.11111109063999519,5.359346039311206e-10,2.315026142252222e-5,3.2144748896487625e-5,0.11111109063999519,-0.11110962879713207
12754,0.1,-0.11111117891755906,6.878756004576982e-10,2.62273826459618e-5,3.185781789070024e-5,0.11111117891755906,-0.1111096297316953
12755,0.25,-0.11111125873969581,8.51775037503785e-10,2.9185185240182818e-5,3.154517433488326e-5,0.11111125873969581,-0.11110963047597468
12756,0.625,-0.11111131560611104,1.012591843711632e-9,3.1821248305364015e-5,3.078362087905076e-5,0.11111131560611104,-0.11110963068311884
12757,1.5625,-0.11111131289562659,1.1288360126913417e-9,3.35981549001034e-5,2.881426896950977e-5,0.11111131289562659,-0.1111096294722039
12758,3.90625,-0.11111117054859529,1.0995330333983736e-9,3.3159207369875014e-5,2.376453128279765e-5,0.11111117054859529,-0.1111096251475528
12759,9.765625,-0.11111078612681706,7.561610542334139e-10,2.7498382756689784e-5,1.2236761731799427e-5,0.11111078612681706,-0.11110961729684994
12760,24.4140625,-0.11111038502310494,1.538785025515471e-10,1.2404777408383719e-5,1.8396191977787977e-5,0.11111038502310494,-0.1111096161970614
12761,9.765625,-0.11111043965229202,3.331332639739081e-11,5.77176978035254e-6,4.6407563794985454e-5,0.11111043965229202,-0.11110961912377368
12762,3.90625,-0.11111042351186455,6.966232677157016e-12,2.6393621724115497e-6,5.1183847551334116e-5,0.11111042351186455,-0.11110962192877562
12763,1.5625,-0.11111040116093567,3.5888183838081686e-11,5.990674739800324e-6,5.09224350086585e-5,0.11111040116093567,-0.11110962446838693
12764,0.625,-0.11111037755616515,1.1259322264839292e-10,1.061099536558154e-5,4.9981499583301026e-5,0.11111037755616515,-0.11110962687030833
12765,0.25,-0.11111035365923519,2.35412859715942e-10,1.5343169806658008e-5,4.9247334924634384e-5,0.11111035365923519,-0.11110962921875037
12766,0.1,-0.11111032972571894,4.03901430816415e-10,2.0097299092574977e-5,4.878058233319233e-5,0.11111032972571894,-0.1111096315500279
12767,0.1,-0.11111030544357892,6.165960027410289e-10,2.483135120650966e-5,4.8495075340796436e-5,0.11111030544357892,-0.11110963382740355
12768,0.1,-0.11111028077003116,8.720764590141381e-10,2.9530940706556204e-5,4.816637074579436e-5,0.11111028077003116,-0.11110963604273397
12769,0.1,-0.11111025566503772,1.1687742826963176e-9,3.4187340971422703e-5,4.779477217891907e-5,0.11111025566503772,-0.11110963818815976
12770,0.1,-0.11111023009152099,1.5049791262465281e-9,3.8794060450622184e-5,4.738065740634629e-5,0.11111023009152099,-0.11110964025613758
12771,0.25,-0.11111020253493907,1.8685614197399093e-9,4.322685993384101e-5,4.692667298913461e-5,0.11111020253493907,-0.11110964190643538
12772,0.625,-0.11111016968950925,2.2269324005971667e-9,4.7190384620144457e-5,4.58013655657931e-5,0.11111016968950925,-0.11110964237287536
12773,1.5625,-0.11111012386484839,2.48982838690222e-9,4.989818019629794e-5,4.2865430519217244e-5,0.11111012386484839,-0.11110963970203719
12774,3.90625,-0.11111005209491033,2.4358935875676477e-9,4.935477269289818e-5,3.52715923703831e-5,0.11111005209491033,-0.11110963009802194
12775,9.765625,-0.11110996341950556,1.6884777661861512e-9,4.109109108050249e-5,1.734524229191014e-5,0.11110996341950556,-0.11110961247810723
12776,24.4140625,-0.11111006033258078,3.494301980878034e-10,1.869305213408991e-5,2.5784115408015788e-5,0.11111006033258078,-0.11110960962420935
12777,9.765625,-0.11111025148765356,7.584026995214996e-11,8.708631921958234e-6,6.880726713460233e-5,0.11111025148765356,-0.11110961608672021
12778,3.90625,-0.11111037696614783,1.2726044974645004e-11,3.5673582627267762e-6,7.622635853575692e-5,0.11111037696614783,-0.11110962233514284
12779,1.5625,-0.11111048931604231,7.33159244376834e-11,8.56247186492799e-6,7.594968085032711e-5,0.11111048931604231,-0.11110962799998124
12780,0.625,-0.11111059771716825,2.407903223822426e-10,1.551741996538866e-5,7.45924209396006e-5,0.11111059771716825,-0.11110963335729217
12781,0.25,-0.1111107048898917,5.114033999858455e-10,2.2614230033008982e-5,7.351853343112082e-5,0.1111107048898917,-0.1111096385942797
12782,0.1,-0.11111081174570324,8.841774254083929e-10,2.9735121076067486e-5,7.283419379669893e-5,0.11111081174570324,-0.11110964379263588
12783,0.1,-0.11111091790317784,1.3559387063508688e-9,3.682307301612494e-5,7.241662845943759e-5,0.11111091790317784,-0.11110964887234943
12784,0.1,-0.1111110232193503,1.9235823738944673e-9,4.3858663612728414e-5,7.193388169777168e-5,0.1111110232193503,-0.11110965381508735
12785,0.1,-0.11111112755202111,2.583669341053494e-9,5.082980760393938e-5,7.138641818289905e-5,0.11111112755202111,-0.1111096586031485
12786,0.1,-0.11111123076009825,3.3324408079670165e-9,5.77272969050779e-5,7.077480570292835e-5,0.11111123076009825,-0.11110966321953115
12787,0.25,-0.11111132927454909,4.143190930857136e-9,6.436762331216787e-5,7.010284043465941e-5,0.11111132927454909,-0.11110966690895997
12788,0.625,-0.11111141454958291,4.9440067892208274e-9,7.031363160313103e-5,6.842757011438444e-5,0.11111141454958291,-0.11110966796671812
12789,1.5625,-0.11111146421136155,5.535380088150058e-9,7.440013500088598e-5,6.40431104370009e-5,0.11111146421136155,-0.11110966203878411
12790,3.90625,-0.11111142490856458,5.4268261994738085e-9,7.3666995319979e-5,5.266542647518989e-5,0.11111142490856458,-0.11110964062698675
12791,9.765625,-0.11111119954583638,3.778191773889862e-9,6.146699743675351e-5,2.543450869347677e-5,0.11111119954583638,-0.11110960111380375
12792,24.4140625,-0.11111075481888469,7.925929343886668e-10,2.815302709103706e-5,3.7296328632355876e-5,0.11111075481888469,-0.11110959414698324
12793,9.765625,-0.11111059646889877,1.7307420880323658e-10,1.315576713092918e-5,0.00010255075148274638,0.11111059646889877,-0.1111096085274549
12794,3.90625,-0.11111044813505376,2.5482234808611438e-11,5.04799314664862e-6,0.00011390815891060225,0.11111044813505376,-0.11110962251591297
12795,1.5625,-0.11111030877337831,1.5526311748392253e-10,1.2460462169756085e-5,0.0001135980315727304,0.11111030877337831,-0.11110963521165353
12796,0.625,-0.11111017290785265,5.2452957345208e-10,2.2902610625255802e-5,0.00011160932497683251,0.11111017290785265,-0.11110964721814945
12797,0.25,-0.11111003851873577,1.1248025100298164e-9,3.353807552662819e-5,0.00011001952137348917,0.11111003851873577,-0.11110965895274527
12798,0.1,-0.11110990488426682,1.953859222684126e-9,4.4202479825051966e-5,0.00010900240940341926,0.11110990488426682,-0.1111096705990018
12799,0.1,-0.11110977208321761,3.00468401501481e-9,5.481499808460099e-5,0.0001083803025519334,0.11110977208321761,-0.1111096819807457
12800,0.1,-0.11110964020382091,4.270380738563797e-9,6.53481502306209e-5,0.00010766051942773575,0.11110964020382091,-0.11110969305685907
12801,0.1,-0.11110950933285174,5.743307490480398e-9,7.578461249145765e-5,0.00010684376567815209,0.11110950933285174,-0.11110970378763184
12802,0.1,-0.11110937955565066,7.415108827688523e-9,8.611102616789863e-5,0.00010593089440693058,0.11110937955565066,-0.1111097141349151
12803,0.25,-0.1111092529040612,9.226622966422556e-9,9.605531201564313e-5,0.00010492756629506692,0.1111092529040612,-0.11110972241571336
12804,0.625,-0.11110913444285934,1.1018396781281565e-8,0.00010496855139174573,0.00010242629085741066,0.11110913444285934,-0.11110972482605377
12805,1.5625,-0.11110903820494167,1.2347666025614232e-8,0.00011112005231106685,9.587717287475561e-5,0.11110903820494167,-0.11110971163812096
12806,3.90625,-0.11110900268326876,1.2124004073917734e-8,0.00011010905536747527,7.885922384416885e-5,0.11110900268326876,-0.11110966380201776
12807,9.765625,-0.1111091309364621,8.469951134596338e-9,9.203233743959966e-5,3.783172064564544e-5,0.1111091309364621,-0.11110957511304273
12808,24.4140625,-0.11110994541687175,1.270329162158113e-10,1.1270887995886184e-5,5.362459961423771e-5,0.11110994541687175,-0.11110962600910015
12809,9.765625,-0.1111107058799357,1.3380154013083247e-10,1.1567261565765359e-5,3.0420862062456227e-5,0.1111107058799357,-0.11110962516464935
12810,3.90625,-0.11111098138319432,1.5223158087390904e-10,1.2338216276022601e-5,2.063072402128393e-5,0.11111098138319432,-0.11110962485218717
12811,1.5625,-0.11111120315128539,1.7564999679157553e-10,1.3253301354439034e-5,1.652920999640377e-5,0.11111120315128539,-0.11110962480376267
12812,3.90625,-0.111111248648889,1.7538053557236452e-10,1.3243131637658991e-5,1.4731004949204314e-5,0.111111248648889,-0.11110962421766407
12813,9.765625,-0.11111088591359866,1.182686984524814e-10,1.0875141307242007e-5,1.0868946908161985e-5,0.11111088591359866,-0.11110962302386033
12814,24.4140625,-0.11111026134233054,2.293728300486509e-11,4.789288361005744e-6,1.0217320490136724e-5,0.11111026134233054,-0.11110962286769309
12815,9.765625,-0.1111105621001783,6.08138323126725e-12,2.4660460724137434e-6,1.892582609275612e-5,0.1111105621001783,-0.11110962332999218
12816,3.90625,-0.11111065646531033,3.403216383954331e-12,1.844780849844862e-6,2.0278395999131034e-5,0.11111065646531033,-0.11110962375693802
12817,1.5625,-0.11111072824620881,8.563650258111165e-12,2.926371517444626e-6,1.9997546457210572e-5,0.11111072824620881,-0.11110962414420326
12818,0.625,-0.11111079445019664,2.046452629037014e-11,4.523773457012424e-6,1.9550470039435076e-5,0.11111079445019664,-0.11110962451107186
12819,0.25,-0.11111085902230593,3.883579291253949e-11,6.231837041558411e-6,1.9213390175241275e-5,0.11111085902230593,-0.11110962486925591
12820,0.1,-0.11111092310925924,6.357692131075333e-11,7.9735137367884e-6,1.898983912586412e-5,0.11111092310925924,-0.11110962522366004
12821,0.1,-0.11111098479255883,9.44117318408903e-11,9.716569962743556e-6,1.884128372293449e-5,0.11111098479255883,-0.11110962556852676
12822,0.1,-0.1111110438383242,1.3109029771693002e-10,1.1449467136811653e-5,1.8681900281951313e-5,0.1111110438383242,-0.11110962590295605
12823,0.1,-0.11111110002377872,1.7334651310346114e-10,1.3166112300275321e-5,1.8511310803429854e-5,0.11111110002377872,-0.11110962622606942
12824,0.1,-0.1111111531379635,2.208988342488608e-10,1.4862665785412144e-5,1.8329251994903223e-5,0.1111111531379635,-0.11110962653701736
12825,0.25,-0.11111119447114874,2.718449859268518e-10,1.648772227831521e-5,1.8137179664353056e-5,0.11111119447114874,-0.11110962678679955
12826,0.625,-0.11111120475691143,3.212012017680526e-10,1.792208698137727e-5,1.770798773948541e-5,0.11111120475691143,-0.11110962686668507
12827,1.5625,-0.11111113702227451,3.554760971410502e-10,1.8854073754524517e-5,1.6643780584331052e-5,0.11111113702227451,-0.11110962650310503
12828,3.90625,-0.11111089551438802,3.4287795776524106e-10,1.8516964053679023e-5,1.4007676612639023e-5,0.11111089551438802,-0.11110962517983916
12829,9.765625,-0.11111039480124481,2.337786765653206e-10,1.5289822646627416e-5,8.571560813265367e-6,0.11111039480124481,-0.11110962279448208
12830,24.4140625,-0.11111010864575589,4.8958383139070447e-11,6.997026735626386e-6,1.1632235282593558e-5,0.11111010864575589,-0.11110962245759266
12831,9.765625,-0.11111032357480799,1.186208618541951e-11,3.444137945178664e-6,2.6199505826425817e-5,0.11111032357480799,-0.11110962336669175
12832,3.90625,-0.11111041235350243,3.939925490080077e-12,1.9849245552615033e-6,2.8743327489619816e-5,0.11111041235350243,-0.1111096242434076
12833,1.5625,-0.11111048374965096,1.2925764976868239e-11,3.5952419914198042e-6,2.8561115331491732e-5,0.11111048374965096,-0.11110962504073611
12834,0.625,-0.11111055039116077,3.6480578004880996e-11,6.03991539716253e-6,2.8017860880993946e-5,0.11111055039116077,-0.111109625796057
12835,0.25,-0.11111061552109444,7.405910597054331e-11,8.605760046070499e-6,2.7592261483839233e-5,0.11111061552109444,-0.11110962653435968
12836,0.1,-0.11111068016003312,1.2549329780740594e-10,1.1202379113715351e-5,2.7315146322844515e-5,0.11111068016003312,-0.11110962726644338
12837,0.1,-0.11111074375525486,1.9030283028690371e-10,1.3795029187606082e-5,2.7138666447732748e-5,0.11111074375525486,-0.11110962798089065
12838,0.1,-0.11111080615476593,2.6802473499988065e-10,1.6371460991612223e-5,2.6940263112408196e-5,0.11111080615476593,-0.11110962867534276
12839,0.1,-0.11111086721066266,3.5815350392047667e-10,1.8924943960827907e-5,2.6719976570487467e-5,0.11111086721066266,-0.11110962934752318
12840,0.1,-0.11111092677956307,4.6014294433847897e-10,2.1450942737755817e-5,2.647791358953078e-5,0.11111092677956307,-0.11110962999524664
12841,0.25,-0.11111098066337345,5.702501774600818e-10,2.3879911588196506e-5,2.6215747120839735e-5,0.11111098066337345,-0.11110963051491538
12842,0.625,-0.11111101909191101,6.784722268868907e-10,2.6047499436354554e-5,2.5592165299581364e-5,0.11111101909191101,-0.1111096306738971
12843,1.5625,-0.11111101734813075,7.57197002875313e-10,2.7517212847149202e-5,2.3995942439330084e-5,0.11111101734813075,-0.1111096298803618
12844,3.90625,-0.11111092123313217,7.390314772785988e-10,2.7185133387176875e-5,1.9926372421846592e-5,0.11111092123313217,-0.11110962698988075
12845,9.765625,-0.11111066061822109,5.105330926609029e-10,2.2594979368454906e-5,1.0778071824685436e-5,0.11111066061822109,-0.11110962169782529
12846,24.4140625,-0.11111038424348216,1.0538591311810986e-10,1.0265764127336546e-5,1.5341319900890186e-5,0.11111038424348216,-0.11110962089733555
12847,9.765625,-0.11111041622123354,2.3379610907115504e-11,4.835246726602015e-6,3.8234709036433245e-5,0.11111041622123354,-0.11110962287563451
12848,3.90625,-0.11111039993097535,5.084633985474049e-12,2.2549132988818104e-6,4.2190018036679254e-5,0.11111039993097535,-0.111109624781696
12849,1.5625,-0.1111103800129247,2.4130371224666128e-11,4.91226742194133e-6,4.198981386748022e-5,0.1111103800129247,-0.11110962651029814
12850,0.625,-0.11111035943947674,7.541038650620459e-11,8.68391539031816e-6,4.122021041660212e-5,0.11111035943947674,-0.11110962814571938
12851,0.25,-0.11111033873515754,1.5776555337826688e-10,1.2560475842031896e-5,4.0614718053866225e-5,0.11111033873515754,-0.11110962974435894
12852,0.1,-0.11111031802929643,2.708699359086187e-10,1.6458126743606598e-5,4.022611759112773e-5,0.11111031802929643,-0.11110963133066681
12853,0.1,-0.11111029711784769,4.1372716054708205e-10,2.0340284180588087e-5,3.998520267949256e-5,0.11111029711784769,-0.11110963288006685
12854,0.1,-0.11111027597811292,5.853664993099809e-10,2.4194348499390945e-5,3.97094029224931e-5,0.11111027597811292,-0.11110963438711885
12855,0.1,-0.1111102545893135,7.847190804620457e-10,2.8012837779526117e-5,3.9398954180837666e-5,0.1111102545893135,-0.11110963584657504
12856,0.1,-0.11111023293272494,1.0106222762311265e-9,3.179028587841145e-5,3.905415693196847e-5,0.11111023293272494,-0.11110963725340049
12857,0.25,-0.11111021012042892,1.2549589940011463e-9,3.542540040706874e-5,3.8677342314517975e-5,0.11111021012042892,-0.11110963837911442
12858,0.625,-0.1111101842594653,1.4959384063534814e-9,3.867736297052168e-5,3.775434256116753e-5,0.1111101842594653,-0.111109638708993
12859,1.5625,-0.11111015110098003,1.6731968267946633e-9,4.0904728660567634e-5,3.535823879026729e-5,0.11111015110098003,-0.11110963692978651
12860,3.90625,-0.11111010445579682,1.638516604327294e-9,4.047859439663504e-5,2.917690164150487e-5,0.11111010445579682,-0.11110963048372709
12861,9.765625,-0.1111100568823951,1.138592289673054e-9,3.3743033202026366e-5,1.468357112993579e-5,0.1111100568823951,-0.11110961860945782
12862,24.4140625,-0.11111015609166627,2.3733391066433335e-10,1.5405645415377226e-5,2.126889104563703e-5,0.11111015609166627,-0.11110961661616311
12863,9.765625,-0.11111029850563679,5.175878046879111e-11,7.19435754385276e-6,5.660580207260888e-5,0.11111029850563679,-0.11110962098700093
12864,3.90625,-0.11111039451288429,8.475185957895175e-12,2.9112172639456464e-6,6.273682344083383e-5,0.11111039451288429,-0.1111096252225822
12865,1.5625,-0.11111048075414853,4.8770434443406725e-11,6.9835832094567844e-6,6.252293346905398e-5,0.11111048075414853,-0.1111096290648257
12866,0.625,-0.11111056402830878,1.612159443300622e-10,1.2697084087697545e-5,6.141033218037423e-5,0.11111056402830878,-0.11110963269851507
12867,0.25,-0.11111064636910427,3.4323744771879113e-10,1.8526668554243398e-5,6.052544786581955e-5,0.11111064636910427,-0.11110963624982875
12868,0.1,-0.11111072845977632,5.94139657760709e-10,2.4374980159185956e-5,5.9958251652558015e-5,0.11111072845977632,-0.11110963977398211
12869,0.1,-0.11111081001058377,9.117675833224634e-10,3.0195489453268735e-5,5.960923673871247e-5,0.11111081001058377,-0.11110964321731925
12870,0.1,-0.1111108909140789,1.2940072563694972e-9,3.59723123578329e-5,5.920713659103613e-5,0.1111108909140789,-0.11110964656753236
12871,0.1,-0.11111097106334093,1.7385218096153659e-9,4.1695585013468346e-5,5.875233146220973e-5,0.11111097106334093,-0.11110964981274025
12872,0.1,-0.11111105035221493,2.2427612504299038e-9,4.735780031240792e-5,5.8245287859703666e-5,0.11111105035221493,-0.11110965294153566
12873,0.25,-0.11111112609025241,2.7887951997100098e-9,5.2809044677119564e-5,5.768929924522373e-5,0.11111112609025241,-0.11110965544555614
12874,0.625,-0.11111119183075481,3.3283662760140566e-9,5.769199490409442e-5,5.631334443629853e-5,0.11111119183075481,-0.11110965617703383
12875,1.5625,-0.11111123065184347,3.72758002460727e-9,6.105391080518323e-5,5.272307784972284e-5,0.11111123065184347,-0.11110965220298089
12876,3.90625,-0.11111120189439798,3.6569695430534186e-9,6.047288270831331e-5,4.34187153114449e-5,0.11111120189439798,-0.11110963778953481
12877,9.765625,-0.11111102956405344,2.55043255205958e-9,5.0501807413790446e-5,2.1206743100967848e-5,0.11111102956405344,-0.1111096111205559
12878,24.4140625,-0.11111067580557407,5.373757638226589e-10,2.318136673759032e-5,3.061443176675598e-5,0.11111067580557407,-0.1111096063092147
12879,9.765625,-0.11111054158008667,1.1733354021055634e-10,1.0832060755486758e-5,8.432466204347339e-5,0.11111054158008667,-0.11110961603613413
12880,3.90625,-0.11111041879397136,1.6550545896172547e-11,4.068236214402078e-6,9.370230599229161e-5,0.11111041879397136,-0.1111096255094422
12881,1.5625,-0.11111030382952022,1.0331275951666939e-10,1.016428844123726e-5,9.346017640881791e-5,0.11111030382952022,-0.1111096341087747
12882,0.625,-0.1111101918188279,3.518919203436347e-10,1.875878248564215e-5,9.182605697693357e-5,0.1111101918188279,-0.11110964224021044
12883,0.25,-0.11111008101090819,7.564803302372858e-10,2.7504187503674523e-5,9.051464210417404e-5,0.11111008101090819,-0.11110965018573987
12884,0.1,-0.11110997078421088,1.3155146881548704e-9,3.62700246505964e-5,8.96717286289001e-5,0.11110997078421088,-0.11110965806960706
12885,0.1,-0.11110986123975246,2.0242297514082333e-9,4.4991440868327756e-5,8.915261732972918e-5,0.11110986123975246,-0.111109665773395
12886,0.1,-0.1111097524575444,2.877931866405454e-9,5.364635930243034e-5,8.855364564372433e-5,0.1111097524575444,-0.11110967326942726
12887,0.1,-0.11110964451658484,3.871427886243007e-9,6.222079946644054e-5,8.787539994120207e-5,0.11110964451658484,-0.11110968053098486
12888,0.1,-0.11110953749483782,4.999046972467512e-9,7.070393887519642e-5,8.711858799305171e-5,0.11110953749483782,-0.11110968753240805
12889,0.25,-0.11110943326627597,6.220966957142033e-9,7.887310667865209e-5,8.628809063732424e-5,0.11110943326627597,-0.11110969313898338
12890,0.625,-0.11110933647046664,7.429908350783597e-9,8.61969161326761e-5,8.423026150554007e-5,0.11110933647046664,-0.11110969478544112
12891,1.5625,-0.11110925986119395,8.327967045323705e-9,9.125769581423643e-5,7.885540103139366e-5,0.11110925986119395,-0.11110968590939628
12892,3.90625,-0.11110923780259396,8.180999626338468e-9,9.044887852449287e-5,6.490092906410757e-5,0.11110923780259396,-0.11110965364534575
12893,9.765625,-0.1111093586682909,5.722075076645498e-9,7.564439884515904e-5,3.1275911343517525e-5,0.1111093586682909,-0.11110959372651018
12894,24.4140625,-0.111109981961137,8.578513548024793e-11,9.26202653204189e-6,4.388340879736316e-5,0.111109981961137,-0.11110962806899756
12895,9.765625,-0.11111068479835198,9.019279839299493e-11,9.496988911912814e-6,2.514019715043254e-5,0.11111068479835198,-0.1111096275160935
12896,3.90625,-0.11111093988996593,1.0264215132102341e-10,1.0131246286663029e-5,1.722080881342943e-5,0.11111093988996593,-0.11110962731521704
12897,1.5625,-0.11111114518803851,1.1839356198681088e-10,1.0880880570377146e-5,1.3931726626963161e-5,0.11111114518803851,-0.11110962729249702
12898,0.625,-0.11111133770037038,1.369782194035786e-10,1.1703769452769419e-5,1.2515620972791028e-5,0.11111133770037038,-0.11110962735193994
12899,1.5625,-0.11111145044324836,1.488657347210402e-10,1.220105465609593e-5,1.1866333759937395e-5,0.11111145044324836,-0.11110962722751165
12900,3.90625,-0.11111135162715867,1.3807142393684483e-10,1.1750379735857255e-5,1.0341144008560827e-5,0.11111135162715867,-0.11110962672686427
12901,9.765625,-0.11111083821983697,8.468451358691145e-11,9.20241889868699e-6,7.908282565491346e-6,0.11111083821983697,-0.11110962592207554
12902,24.4140625,-0.11111022827253741,1.5144087831274196e-11,3.8915405472992565e-6,1.0713382791586102e-5,0.11111022827253741,-0.11110962603384711
12903,9.765625,-0.11111048659417536,3.810592275261525e-12,1.952073839602776e-6,1.7815478352632663e-5,0.11111048659417536,-0.11110962643490717
12904,3.90625,-0.11111056556917483,3.3798671473308794e-12,1.8384414995671958e-6,1.867118376173764e-5,0.11111056556917483,-0.11110962678708221
12905,1.5625,-0.11111062343119006,9.14225186920813e-12,3.023615694695364e-6,1.8284628779606693e-5,0.11111062343119006,-0.11110962710451354
12906,0.625,-0.11111067598396734,2.033473397991561e-11,4.5094050583104205e-6,1.7842731934508922e-5,0.11111067598396734,-0.11110962740646715
12907,0.25,-0.11111072694519365,3.6788452199849816e-11,6.065348481319916e-6,1.753617475814231e-5,0.11111072694519365,-0.11110962770281682
12908,0.1,-0.11111077741498619,5.844736177058923e-11,7.645087427269175e-6,1.7344814852050667e-5,0.11111077741498619,-0.11110962799728928
12909,0.1,-0.11111082601785476,8.508872886344474e-11,9.224355200416165e-6,1.7224845213486666e-5,0.11111082601785476,-0.11110962828432715
12910,0.1,-0.11111087255458679,1.1651505821130665e-10,1.0794214108090809e-5,1.7093362358109888e-5,0.11111087255458679,-0.11110962856311518
12911,0.1,-0.11111091683473152,1.5251396880579772e-10,1.2349654602692244e-5,1.69502630113891e-5,0.11111091683473152,-0.11110962883286495
12912,0.1,-0.11111095867721198,1.9285894783788576e-10,1.3887366483170442e-5,1.6795514345528473e-5,0.11111095867721198,-0.11110962909281975
12913,0.25,-0.11111099119503712,2.359287870645655e-10,1.5359973537235195e-5,1.6630327151313288e-5,0.11111099119503712,-0.11110962930058627
12914,0.625,-0.11111099899528278,2.7747257370619147e-10,1.6657508028099264e-5,1.6244804574323963e-5,0.11111099899528278,-0.11110962936296756
12915,1.5625,-0.11111094432400491,3.059641604985908e-10,1.749183125057496e-5,1.527322485735879e-5,0.11111094432400491,-0.11110962904626703
12916,3.90625,-0.11111074953701268,2.9413937910413735e-10,1.715049209510145e-5,1.2862502031578554e-5,0.11111074953701268,-0.11110962791206691
12917,9.765625,-0.11111034296553289,1.992105629881057e-10,1.4114197213731488e-5,8.01031258007743e-6,0.11111034296553289,-0.11110962589143868
12918,24.4140625,-0.1111101067168746,4.0714595242736465e-11,6.380798950189268e-6,1.1355813762712904e-5,0.1111101067168746,-0.11110962567622557
12919,9.765625,-0.11111030870312116,9.669679408758096e-12,3.1096108130693936e-6,2.460181102329052e-5,0.11111030870312116,-0.11110962647483473
12920,3.90625,-0.11111039708444559,3.5250312441707386e-12,1.877506656225415e-6,2.6856090200319228e-5,0.11111039708444559,-0.11110962723624652
12921,1.5625,-0.11111046968812698,1.1915787811426305e-11,3.4519252325950377e-6,2.6654135245957882e-5,0.11111046968812698,-0.11110962792808375
12922,0.625,-0.1111105379280103,3.288335588244089e-11,5.734401091870091e-6,2.6144407224526793e-5,0.1111105379280103,-0.11110962858424124
12923,0.25,-0.11111060477436877,6.598638490828791e-11,8.123200410447098e-6,2.575390809545129e-5,0.11111060477436877,-0.11110962922650966
12924,0.1,-0.11111067116683722,1.1109904094931039e-10,1.0540352980299587e-5,2.550465733046089e-5,0.11111067116683722,-0.11110962986413735
12925,0.1,-0.1111107365874639,1.6781284771422073e-10,1.2954259828883344e-5,2.5349720785941787e-5,0.1111107365874639,-0.1111096304869061
12926,0.1,-0.11111080089541853,2.357363767688175e-10,1.535370889292934e-5,2.517376426886924e-5,0.11111080089541853,-0.1111096310927249
12927,0.1,-0.11111086395361731,3.1443997491757615e-10,1.7732455411408094e-5,2.49768956274571e-5,0.11111086395361731,-0.11110963167957674
12928,0.1,-0.11111092562910795,4.034574572033643e-10,2.008625045157419e-5,2.4759274707911856e-5,0.11111092562910795,-0.11110963224552588
12929,0.25,-0.1111109820205474,4.995113350070849e-10,2.2349750222476423e-5,2.452235044304814e-5,0.1111109820205474,-0.11110963269985276
12930,0.625,-0.11111102404810147,5.93833219734386e-10,2.436869343511026e-5,2.394739919907109e-5,0.11111102404810147,-0.11110963283916682
12931,1.5625,-0.1111110287122671,6.622175594288263e-10,2.5733588156897713e-5,2.2464321150604598e-5,0.1111110287122671,-0.11110963214651408
12932,3.90625,-0.11111094532928034,6.456335689241484e-10,2.5409320512838363e-5,1.8678220694015197e-5,0.11111094532928034,-0.11110962962445217
12933,9.765625,-0.11111070628742047,4.4501868367431725e-10,2.1095465950633024e-5,1.023449499408757e-5,0.11111070628742047,-0.1111096250191933
12934,24.4140625,-0.11111043548778678,9.143799547138688e-11,9.562321656971538e-6,1.460959140895215e-5,0.11111043548778678,-0.1111096243553753
12935,9.765625,-0.11111044762277122,2.04312082776208e-11,4.520089410356923e-6,3.579842293651235e-5,0.11111044762277122,-0.11110962608376158
12936,3.90625,-0.11111042149049687,4.802791114655927e-12,2.1915271193065187e-6,3.9454280511080434e-5,0.11111042149049687,-0.1111096277471261
12937,1.5625,-0.1111103928961345,2.1676280887310686e-11,4.655779299678056e-6,3.926050157062899e-5,0.1111103928961345,-0.11110962925647229
12938,0.625,-0.11111036397424194,6.664141067576753e-11,8.163419055504105e-6,3.854454331103713e-5,0.11111036397424194,-0.1111096306854697
12939,0.25,-0.11111033502455789,1.3871152113083187e-10,1.1777585539100612e-5,3.7984708431357916e-5,0.11111033502455789,-0.1111096320831575
12940,0.1,-0.1111103061038708,2.3762058377153135e-10,1.541494676512155e-5,3.762812975798419e-5,0.1111103061038708,-0.11110963347072925
12941,0.1,-0.11111027704468716,3.625089584609791e-10,1.9039668023917306e-5,3.7409477304712654e-5,0.11111027704468716,-0.111109634826546
12942,0.1,-0.11111024783498995,5.125409547743304e-10,2.26393673669193e-5,3.715798178791906e-5,0.11111024783498995,-0.11110963614582665
12943,0.1,-0.11111021846435983,6.867939442342892e-10,2.6206753790469533e-5,3.687388144068554e-5,0.11111021846435983,-0.11110963742395757
12944,0.1,-0.11111018892408298,8.842622113350843e-10,2.9736546728480164e-5,3.655747238947013e-5,0.11111018892408298,-0.11110963865651056
12945,0.25,-0.11111015861660198,1.0978360249769328e-9,3.313360869233735e-5,3.621080984175383e-5,0.11111015861660198,-0.11110963964360332
12946,0.625,-0.11111012632341,1.3084131789532424e-9,3.6171994401100454e-5,3.5353441281638636e-5,0.11111012632341,-0.11110963993509124
12947,1.5625,-0.11111008949009621,1.4630740119550838e-9,3.825015048277698e-5,3.311955692554824e-5,0.11111008949009621,-0.1111096383829543
12948,3.90625,-0.11111004557915917,1.4319652563906476e-9,3.784131678986142e-5,2.7353910639142134e-5,0.11111004557915917,-0.11110963275407881
12949,9.765625,-0.11111001161393678,9.937371048206858e-10,3.152359600078465e-5,1.3904851583685502e-5,0.11111001161393678,-0.11110962239877928
12950,24.4140625,-0.11111012554285231,2.0673087407953928e-10,1.4378138755747882e-5,2.011299817063512e-5,0.11111012554285231,-0.11110962069386322
12951,9.765625,-0.11111026804288347,4.545722401875167e-11,6.742197269344147e-6,5.29219577055246e-5,0.11111026804288347,-0.11110962450485028
12952,3.90625,-0.11111036641144714,8.079674724966966e-12,2.842476864455886e-6,5.8617045707196753e-5,0.11111036641144714,-0.11110962819722844
12953,1.5625,-0.11111045527720335,4.351522589677731e-11,6.596607150405223e-6,5.8412458574655404e-5,0.11111045527720335,-0.11110963154821438
12954,0.625,-0.11111054121385362,1.4184923891830052e-10,1.1910047813434694e-5,5.737629700423437e-5,0.11111054121385362,-0.11110963471874638
12955,0.25,-0.1111106262147212,3.0086789016760274e-10,1.7345543812968297e-5,5.65551164915643e-5,0.1111106262147212,-0.11110963781853446
12956,0.1,-0.1111107109534911,5.199891743343851e-10,2.280327113232628e-5,5.603122371619518e-5,0.1111107109534911,-0.1111096408955198
12957,0.1,-0.11111079517579969,7.973459620828493e-10,2.8237315065049107e-5,5.571111951214576e-5,0.11111079517579969,-0.11110964390263502
12958,0.1,-0.11111087877793063,1.1311095953798192e-9,3.363197281427034e-5,5.5341210744107255e-5,0.11111087877793063,-0.11110964682909955
12959,0.1,-0.11111096165668068,1.5192552787269842e-9,3.897762536028823e-5,5.492186162753721e-5,0.11111096165668068,-0.11110964966450454
12960,0.1,-0.11111104370958207,1.9595706149086053e-9,4.4267037566439944e-5,5.445351573442998e-5,0.11111104370958207,-0.11110965239885254
12961,0.25,-0.1111111223866144,2.4363746370180403e-9,4.935964583562204e-5,5.393912219273965e-5,0.1111111223866144,-0.11110965458801117
12962,0.625,-0.11111119155322667,2.9074426169634722e-9,5.392070675504423e-5,5.2658181999609193e-5,0.11111119155322667,-0.1111096552294335
12963,1.5625,-0.11111123505867615,3.255616003107756e-9,5.705800560050935e-5,4.9307937854023744e-5,0.11111123505867615,-0.11110965176192644
12964,3.90625,-0.11111121385508085,3.192749303037002e-9,5.650441843818058e-5,4.062224414294382e-5,0.11111121385508085,-0.11110963918284915
12965,9.765625,-0.11111105348526587,2.224640939216194e-9,4.7166099470023956e-5,1.9947072707428464e-5,0.11111105348526587,-0.11110961593070044
12966,24.4140625,-0.11111070743820448,4.681361305258287e-10,2.1636453741910402e-5,2.881137404814742e-5,0.11111070743820448,-0.11110961178355289
12967,9.765625,-0.11111056902860932,1.0280127486598949e-10,1.0139096353521328e-5,7.877820037091308e-5,0.11111056902860932,-0.11110962025898251
12968,3.90625,-0.11111044451226676,1.5467167358916452e-11,3.932831976949492e-6,8.750542364231297e-5,0.11111044451226676,-0.11110962851301434
12969,1.5625,-0.11111032797964758,9.150801902560618e-11,9.565982386854274e-6,8.72754991115728e-5,0.11111032797964758,-0.11110963600786826
12970,0.625,-0.11111021442494762,3.0857922577946867e-10,1.7566423249468535e-5,8.575328529856387e-5,0.11111021442494762,-0.11110964309709273
12971,0.25,-0.11111010206166766,6.616690267942265e-10,2.5722928036952294e-5,8.453463286292907e-5,0.11111010206166766,-0.11110965002599105
12972,0.1,-0.11110999025581392,1.1494553711944903e-9,3.390361885100896e-5,8.375404341757319e-5,0.11110999025581392,-0.1111096569025595
12973,0.1,-0.11110987909851007,1.7678060782075321e-9,4.204528604026297e-5,8.327585280556575e-5,0.11110987909851007,-0.11110966362317032
12974,0.1,-0.11110976867156437,2.5126557042787945e-9,5.012639728006387e-5,8.272286562923096e-5,0.11110976867156437,-0.11110967016362595
12975,0.1,-0.11110965905585839,3.3795005276054964e-9,5.8133471663108995e-5,8.209563027062217e-5,0.11110965905585839,-0.11110967650055838
12976,0.1,-0.11110955033132146,4.363417530821739e-9,6.605616951369295e-5,8.139480829945956e-5,0.11110955033132146,-0.11110968261152099
12977,0.25,-0.1111094443775082,5.429624031618146e-9,7.368598259925795e-5,8.062479982381313e-5,0.1111094443775082,-0.11110968750610523
12978,0.625,-0.11110934585775614,6.484377242271701e-9,8.05256309647537e-5,7.870774874313333e-5,0.11110934585775614,-0.1111096889455347
12979,1.5625,-0.11110926757657139,7.267354731160443e-9,8.524878140572124e-5,7.369135762763016e-5,0.11110926757657139,-0.11110968120370014
12980,3.90625,-0.11110924385968526,7.137257762819413e-9,8.448229259921521e-5,6.066257953573368e-5,0.11110924385968526,-0.11110965306149537
12981,9.765625,-0.11110936183684596,4.9888811842974156e-9,7.06320124610464e-5,2.9322368694598026e-5,0.11110936183684596,-0.11110960083390653
12982,24.4140625,-0.11110996272355576,7.578898755389262e-11,8.705687081092027e-6,4.122582077892527e-5,0.11110996272355576,-0.11110963081343968
12983,9.765625,-0.11111066068842522,7.945453746391725e-11,8.913727473056222e-6,2.373821362311758e-5,0.11111066068842522,-0.11110963033505054
12984,3.90625,-0.11111091800803843,9.044181739208688e-11,9.510090293582226e-6,1.6394362467707907e-5,0.11111091800803843,-0.11110963016585274
12985,1.5625,-0.11111112530971809,1.0441200898814382e-10,1.0218219462711878e-5,1.3350968821934547e-5,0.11111112530971809,-0.11110963015287412
12986,0.625,-0.11111131971634165,1.2094739448951733e-10,1.0997608580483183e-5,1.2041378214317473e-5,0.11111131971634165,-0.11110963021201573
12987,1.5625,-0.11111143533337296,1.315930538999957e-10,1.147140156650423e-5,1.1440495936210088e-5,0.11111143533337296,-0.11110963010824285
12988,3.90625,-0.11111134142944265,1.2209612161131305e-10,1.1049711381358023e-5,1.0032499243569032e-5,0.11111134142944265,-0.11110962967098556
12989,9.765625,-0.11111083491180618,7.473091895928365e-11,8.644704677389717e-6,7.80091812749874e-6,0.11111083491180618,-0.11110962896529868
12990,24.4140625,-0.11111022369492915,1.3391985718261629e-11,3.6595062123545616e-6,1.0317065033506054e-5,0.11111022369492915,-0.11110962906768157
12991,9.765625,-0.11111048431486216,3.535695544948502e-12,1.8803445282576547e-6,1.682416095657128e-5,0.11111048431486216,-0.11110962942170978
12992,3.90625,-0.11111056654768167,3.253994486700349e-12,1.80388316880566e-6,1.7596789752581263e-5,0.11111056654768167,-0.11110962973295788
12993,1.5625,-0.11111062758656594,8.38843310623226e-12,2.89627918306096e-6,1.7228058163890745e-5,0.11111062758656594,-0.11110963001419269
12994,0.625,-0.11111068326744335,1.8274767220534627e-11,4.274899673739096e-6,1.681422201120743e-5,0.11111068326744335,-0.11110963028216259
12995,0.25,-0.11111073733679637,3.2767620697263267e-11,5.724300891572984e-6,1.652877548219595e-5,0.11111073733679637,-0.11110963054539574
12996,0.1,-0.11111079090662794,5.1819438156111936e-11,7.19857195255503e-6,1.635137022364348e-5,0.11111079090662794,-0.11110963080708662
12997,0.1,-0.11111084260598524,7.523384826979442e-11,8.67374476623531e-6,1.6240650127861685e-5,0.11111084260598524,-0.11110963106228348
12998,0.1,-0.11111089223417096,1.0283736847822418e-10,1.0140876119853953e-5,1.6119197234515103e-5,0.11111089223417096,-0.11110963131027016
12999,0.1,-0.11111093959918399,1.3444333755626326e-10,1.1594970355988982e-5,1.598692590492562e-5,0.11111093959918399,-0.11110963155035453
13000,0.1,-0.11111098451832513,1.6985259173967836e-10,1.3032750735730289e-5,1.5843816390253625e-5,0.11111098451832513,-0.11110963178187272
13001,0.25,-0.11111102008536905,2.076308284659577e-10,1.4409400697668092e-5,1.5690988277636363e-5,0.11111102008536905,-0.11110963196753404
13002,0.625,-0.11111103084828432,2.440188575546189e-10,1.5621102955765283e-5,1.5333285280051237e-5,0.11111103084828432,-0.11110963202546979
13003,1.5625,-0.11111097885645271,2.68834190430504e-10,1.6396163893743683e-5,1.4431719875999897e-5,0.11111097885645271,-0.11110963175065616
13004,3.90625,-0.11111078575532578,2.5805482659017836e-10,1.6064084990754324e-5,1.2202485174121652e-5,0.11111078575532578,-0.11110963075980587
13005,9.765625,-0.11111037712929703,1.7428299784089411e-10,1.3201628605626434e-5,7.792162348728881e-6,0.11111037712929703,-0.1111096289984867
13006,24.4140625,-0.11111012594287825,3.553347214749465e-11,5.9609959023215785e-6,1.0913418149650656e-5,0.11111012594287825,-0.11110962882388055
13007,9.765625,-0.1111103192650783,8.581115799335445e-12,2.9293541607896177e-6,2.310955460894804e-5,0.1111103192650783,-0.11110962952466746
13008,3.90625,-0.11111040169351737,3.358116285981716e-12,1.832516380822206e-6,2.5182591706904557e-5,0.11111040169351737,-0.11110963019227606
13009,1.5625,-0.11111046879294097,1.0811657533233722e-11,3.2881085038717506e-6,2.49842767949111e-5,0.11111046879294097,-0.11110963079938081
13010,0.625,-0.11111053166917997,2.92385737537281e-11,5.40727045317026e-6,2.4505760747202314e-5,0.11111053166917997,-0.11110963137558658
13011,0.25,-0.11111059319826093,5.825669434120904e-11,7.632607309511542e-6,2.414088426266549e-5,0.11111059319826093,-0.11110963193982927
13012,0.1,-0.1111106542878798,9.775776668834799e-11,9.88725273715343e-6,2.3908574175854335e-5,0.1111106542878798,-0.11110963250011724
13013,0.1,-0.11111071443560634,1.473835018824293e-10,1.2140160702496046e-5,2.3764492144407084e-5,0.11111071443560634,-0.11110963304743168
13014,0.1,-0.11111077350560307,2.0679147902296628e-10,1.4380246139164875e-5,2.360084101326643e-5,0.11111077350560307,-0.11110963357994828
13015,0.1,-0.11111083136571631,2.7560579867658603e-10,1.6601379420897108e-5,2.3417724007074036e-5,0.11111083136571631,-0.11110963409590555
13016,0.1,-0.1111108878878559,3.534185693767548e-10,1.879943002797571e-5,2.3215293759956194e-5,0.1111108878878559,-0.11110963459361489
13017,0.25,-0.11111093930148426,4.3735271758729796e-10,2.091297964392683e-5,2.299489347459329e-5,0.11111093930148426,-0.11110963499367223
13018,0.625,-0.11111097683726005,5.197137824195747e-10,2.2797231902570425e-5,2.2459497362249272e-5,0.11111097683726005,-0.1111096351181962
13019,1.5625,-0.11111097830614278,5.792710230428457e-10,2.406804983879761e-5,2.1078611291102173e-5,0.11111097830614278,-0.11110963451537467
13020,3.90625,-0.11111089496407797,5.643047697978573e-10,2.3755099869246125e-5,1.7559554255776413e-5,0.11111089496407797,-0.11110963231500688
13021,9.765625,-0.11111066287830693,3.8830586508064345e-10,1.9705478047503528e-5,9.789557129893616e-6,0.11111066287830693,-0.11110962830336936
13022,24.4140625,-0.11111040890564938,7.955066621988473e-11,8.91911801804891e-6,1.3901435359038961e-5,0.11111040890564938,-0.11110962774490964
13023,9.765625,-0.11111043006853782,1.793043277726634e-11,4.234434174392884e-6,3.351022501538642e-5,0.11111043006853782,-0.11110962925481135
13024,3.90625,-0.11111041182455138,4.5307086473840565e-12,2.1285461346618863e-6,3.68895959971793e-5,0.11111041182455138,-0.11110963070647221
13025,1.5625,-0.11111039061444905,1.9433077803605264e-11,4.408296474104851e-6,3.669818069850667e-5,0.11111039061444905,-0.111109632024093
13026,0.625,-0.11111036889418967,5.880598246212056e-11,7.668505881990348e-6,3.602683674351253e-5,0.11111036889418967,-0.11110963327201138
13027,0.25,-0.11111034707773378,1.217949798335236e-10,1.1036076287953233e-5,3.5503758564479265e-5,0.11111034707773378,-0.11110963449287263
13028,0.1,-0.11111032526259701,2.0817113031963356e-10,1.4428136758418724e-5,3.5171229836369615e-5,0.11111032526259701,-0.11110963570506177
13029,0.1,-0.11111030328048081,3.1718301572643376e-10,1.780963266680236e-5,3.4967690858169276e-5,0.11111030328048081,-0.11110963688958389
13030,0.1,-0.11111028111426074,4.481016646071227e-10,2.1168411952886847e-5,3.473352176821744e-5,0.11111028111426074,-0.11110963804227132
13031,0.1,-0.11111025874843916,6.001221409142928e-10,2.4497390491933886e-5,3.4468946793065046e-5,0.11111025874843916,-0.11110963915910312
13032,0.1,-0.11111023616925687,7.723669109523532e-10,2.7791489901629116e-5,3.4174244851590854e-5,0.11111023616925687,-0.11110964023621966
13033,0.25,-0.11111021267375196,9.58615834172365e-10,3.096152183230606e-5,3.385131917230215e-5,0.11111021267375196,-0.11110964109912391
13034,0.625,-0.11111018677680287,1.142160514609307e-9,3.379586534783962e-5,3.305193023913035e-5,0.11111018677680287,-0.11110964135504628
13035,1.5625,-0.11111015518648958,1.276727334339998e-9,3.573132147486289e-5,3.09689508296934e-5,0.11111015518648958,-0.11110964000276392
13036,3.90625,-0.11111011337758472,1.2488522500303461e-9,3.5339103695910936e-5,2.559744695085851e-5,0.11111011337758472,-0.11110963509720505
13037,9.765625,-0.11111007331873593,8.655483151307893e-10,2.9420202499826362e-5,1.313855836002688e-5,0.11111007331873593,-0.11110962608541279
13038,24.4140625,-0.1111101624641787,1.7952491810133226e-10,1.3398690909985656e-5,1.8996657768079566e-5,0.1111101624641787,-0.11110962463589004
13039,9.765625,-0.11111029066222176,3.961036483642125e-11,6.293676575454227e-6,4.944301462684746e-5,0.11111029066222176,-0.11110962795718739
13040,3.90625,-0.11111037768951013,7.457245588047895e-12,2.730795779264333e-6,5.47204867273157e-5,0.11111037768951013,-0.11110963117158328
13041,1.5625,-0.11111045603906307,3.864068785186522e-11,6.216163435099275e-6,5.45173162544841e-5,0.11111045603906307,-0.1111096340887689
13042,0.625,-0.111110531729461,1.24552037167348e-10,1.1160288399828563e-5,5.3546645076636834e-5,0.111110531729461,-0.11110963684929095
13043,0.25,-0.11111060657074324,2.632740821506789e-10,1.622572285448876e-5,5.2779581905894656e-5,0.11111060657074324,-0.11110963954857714
13044,0.1,-0.11111068117247895,4.5430561402206765e-10,2.1314446134536726e-5,5.2290979027923214e-5,0.11111068117247895,-0.11110964222824843
13045,0.1,-0.11111075529356806,6.960180844257955e-10,2.6382154658514825e-5,5.199289173904289e-5,0.11111075529356806,-0.11110964484712495
13046,0.1,-0.11111082883976142,9.868190589125175e-10,3.141367630368209e-5,5.164833903698126e-5,0.11111082883976142,-0.11110964739582173
13047,0.1,-0.11111090171734699,1.3249450165223528e-9,3.639979418241747e-5,5.12576613549947e-5,0.11111090171734699,-0.11110964986527747
13048,0.1,-0.1111109738333559,1.708468795469639e-9,4.133362790113685e-5,5.082127378020057e-5,0.1111109738333559,-0.11110965224678969
13049,0.25,-0.11111104284861721,2.123700845112012e-9,4.60836288188334e-5,5.034190590159376e-5,0.11111104284861721,-0.11110965415328183
13050,0.625,-0.11111110314820398,2.533784377185839e-9,5.033671003537914e-5,4.91471738980886e-5,0.11111110314820398,-0.11110965471133426
13051,1.5625,-0.11111113997956583,2.836478254678513e-9,5.325859794135134e-5,4.602184846236072e-5,0.11111113997956583,-0.11110965169043253
13052,3.90625,-0.11111111783338538,2.780460665906317e-9,5.273007363835477e-5,3.7922614178928236e-5,0.11111111783338538,-0.11110964073812996
13053,9.765625,-0.11111096994022131,1.935401745256352e-9,4.3993201125359725e-5,1.8701578278410477e-5,0.11111096994022131,-0.11110962051853715
13054,24.4140625,-0.11111066009351651,4.0618156976506225e-10,2.01539467540495e-5,2.7079770230651824e-5,0.11111066009351651,-0.11110961697276099
13055,9.765625,-0.11111053976871789,8.927591093502927e-11,9.448593066432127e-6,7.3520668556345e-5,0.11111053976871789,-0.11110962434897174
13056,3.90625,-0.11111043047818771,1.3994486093517162e-11,3.740920487462566e-6,8.161996059772211e-5,0.11111043047818771,-0.11110963152510035
13057,1.5625,-0.11111032811860692,8.072290860511499e-11,8.984592845817499e-6,8.139126027117548e-5,0.11111032811860692,-0.11110963804046702
13058,0.625,-0.11111022835699595,2.700676600317517e-10,1.643373542539102e-5,7.996684018255784e-5,0.11111022835699595,-0.1111096442036308
13059,0.25,-0.11111012963572449,5.776886502354099e-10,2.4035154466643435e-5,7.882914167822121e-5,0.11111012963572449,-0.11110965022792084
13060,0.1,-0.1111100314009278,1.0024468885620962e-9,3.1661441669041164e-5,7.810136925392169e-5,0.1111100314009278,-0.11110965620711218
13061,0.1,-0.1111099337352523,1.5407441186535914e-9,3.9252313545236944e-5,7.765613622940925e-5,0.1111099337352523,-0.11110966205073758
13062,0.1,-0.11110983671079523,2.189044532633986e-9,4.678722616947906e-5,7.714111548339239e-5,0.11110983671079523,-0.1111096677377476
13063,0.1,-0.1111097403989189,2.9434303986275347e-9,5.425339066480117e-5,7.65568185165409e-5,0.1111097403989189,-0.11110967324781479
13064,0.1,-0.11110964487022634,3.799618594822426e-9,6.164104634756313e-5,7.590386295186816e-5,0.11110964487022634,-0.11110967856141227
13065,0.25,-0.11110955178241365,4.7272884198146385e-9,6.875527921414208e-5,7.518632155080392e-5,0.11110955178241365,-0.11110968281633533
13066,0.625,-0.1111094652497269,5.644729985024011e-9,7.51314180953881e-5,7.339841821561045e-5,0.1111094652497269,-0.11110968406415878
13067,1.5625,-0.1111093965772961,6.3250740863164805e-9,7.953033437825143e-5,6.871888084946497e-5,0.1111093965772961,-0.11110967732279153
13068,3.90625,-0.1111093761125748,6.209666791236604e-9,7.88014390175497e-5,5.6567276766461375e-5,0.1111093761125748,-0.11110965283845987
13069,9.765625,-0.11110948108382916,4.336987143118168e-9,6.58558056902971e-5,2.7385104477010803e-5,0.11110948108382916,-0.11110960744782011
13070,24.4140625,-0.11110987551181202,9.193362216763536e-10,3.0320557740192604e-5,3.938442556686461e-5,0.11110987551181202,-0.11110959899643107
13071,9.765625,-0.11111012324519678,2.0200605890898458e-10,1.4212883553627835e-5,0.0001097669383867116,0.11111012324519678,-0.11110961547549839
13072,3.90625,-0.11111031996417776,2.7379614037830624e-11,5.232553300046797e-6,0.00012211889188309236,0.11111031996417776,-0.11110963157780558
13073,1.5625,-0.11111050150126243,1.7177196844321156e-10,1.3106180543667616e-5,0.00012186328647564852,0.11111050150126243,-0.11110964620674608
13074,0.625,-0.11111067820873212,5.914655642535472e-10,2.4320065054467826e-5,0.00011976372756059486,0.11111067820873212,-0.11110966004317942
13075,0.25,-0.11111085348746273,1.2766414889017404e-9,3.5730120191537846e-5,0.00011807252878591504,0.11111085348746273,-0.11110967356492842
13076,0.1,-0.11111102852546088,2.2247181388512684e-9,4.716691784345537e-5,0.00011698700802480788,0.11111102852546088,-0.11110968698334987
13077,0.1,-0.11111120297393072,3.427712399736697e-9,5.854666856223928e-5,0.00011632141777539467,0.11111120297393072,-0.11110970009837547
13078,0.1,-0.11111137664143288,4.877746485404551e-9,6.984086543997398e-5,0.00011555125465279419,0.11111137664143288,-0.11110971286273576
13079,0.1,-0.11111154933465296,6.566086884586415e-9,8.103139443812142e-5,0.00011467726145443174,0.11111154933465296,-0.11110972523077042
13080,0.1,-0.1111117208588444,8.483181029283448e-9,9.210418573161292e-5,0.000113700339082177,0.1111117208588444,-0.11110973715860399
13081,0.25,-0.1111118868691726,1.0561575052935528e-8,0.00010276952395012603,0.00011262654615239841,0.1111118868691726,-0.11110974671892923
13082,0.625,-0.11111203670302501,1.261933658172397e-8,0.00011233582056371855,0.00010995166454926892,0.11111203670302501,-0.11110974955129192
13083,1.5625,-0.11111214178116925,1.4150949337049425e-8,0.00011895776282802828,0.00010294861472516413,0.11111214178116925,-0.11110973449488619
13084,3.90625,-0.11111213062850105,1.3909908733441558e-8,0.00011794027612924076,8.474337921086373e-5,0.11111213062850105,-0.1111096796414465
13085,9.765625,-0.11111185410320407,9.742291456821203e-9,9.87030468466967e-5,4.075220433156779e-5,0.11111185410320407,-0.11110957757283153
13086,24.4140625,-0.11111138257885154,1.468255798336936e-10,1.2117160551618256e-5,5.683921265311889e-5,0.11111138257885154,-0.1111096355691776
13087,9.765625,-0.11110983632519138,1.5180885256369546e-10,1.2321073515067405e-5,3.344119680554189e-5,0.11110983632519138,-0.11110963474825458
13088,3.90625,-0.11110925199283483,1.7591091144934398e-10,1.326314108532907e-5,2.2886452204397924e-5,0.11110925199283483,-0.1111096344121805
13089,1.5625,-0.11110878158982901,2.0644060020888867e-10,1.4368040931487099e-5,1.8235444831642777e-5,0.11110878158982901,-0.11110963436203154
13090,0.625,-0.11110834080630128,2.4268106870991696e-10,1.5578224183452905e-5,1.6151350007935952e-5,0.11110834080630128,-0.11110963444859785
13091,1.5625,-0.11110807524642442,2.660080428454186e-10,1.6309752997682663e-5,1.5178093658581088e-5,0.11110807524642442,-0.11110963419927558
13092,3.90625,-0.11110827799710751,2.444233168825105e-10,1.563404352311041e-5,1.2826343551783536e-5,0.11110827799710751,-0.11110963327517527
13093,9.765625,-0.11110941281548255,1.43733011394563e-10,1.1988870313526751e-5,8.91849813957085e-6,0.11110941281548255,-0.11110963187328071
13094,24.4140625,-0.1111108281941794,2.5464883999504548e-11,5.046274269151901e-6,1.3019416177923057e-5,0.1111108281941794,-0.1111096320590042
13095,9.765625,-0.11111022298579555,5.066094814933296e-12,2.2507987060004492e-6,2.280987457107534e-5,0.11111022298579555,-0.11110963274779904
13096,3.90625,-0.11111001536069913,4.825847135998711e-12,2.1967810851331343e-6,2.3884070996130484e-5,0.11111001536069913,-0.11110963332654451
13097,1.5625,-0.1111098572751107,1.5289080079067204e-11,3.910125327795416e-6,2.3314359267940942e-5,0.1111098572751107,-0.11110963384060679
13098,0.625,-0.11110971195481838,3.514746757913895e-11,5.92852996780306e-6,2.269844442814125e-5,0.11110971195481838,-0.11110963432691404
13099,0.25,-0.1111095705337831,6.412776728907561e-11,8.007981474071703e-6,2.227817056230453e-5,0.1111095705337831,-0.11110963480347685
13100,0.1,-0.11110943035147715,1.0214443609162796e-10,1.0106653060812365e-5,2.2019063891757994e-5,0.11110943035147715,-0.11110963527697579
13101,0.1,-0.11110929444479216,1.4878425348982567e-10,1.2197715092992853e-5,2.185877093643967e-5,0.11110929444479216,-0.11110963573770895
13102,0.1,-0.11110916328321975,2.0369067903498186e-10,1.427202434957921e-5,2.168239062427392e-5,0.11110916328321975,-0.11110963618425168
13103,0.1,-0.11110903731690926,2.664801849478535e-10,1.632422080675992e-5,2.148981432726362e-5,0.11110903731690926,-0.11110963661523102
13104,0.1,-0.11110891697529872,3.3674390345470444e-10,1.8350583191133313e-5,2.1281025514372084e-5,0.11110891697529872,-0.11110963702933384
13105,0.25,-0.11110881805529378,4.1146648678315623e-10,2.0284636718047387e-5,2.105764612347116e-5,0.11110881805529378,-0.1111096373526612
13106,0.625,-0.11110877605368669,4.827976935063451e-10,2.197265786167766e-5,2.0530937040083237e-5,0.11110877605368669,-0.11110963742351142
13107,1.5625,-0.11110887854355422,5.297358017392676e-10,2.3015990131629524e-5,1.9198675639378478e-5,0.11110887854355422,-0.11110963684014666
13108,3.90625,-0.1111093084262438,5.04172716133271e-10,2.2453790685166524e-5,1.5888187563889358e-5,0.1111093084262438,-0.1111096348672561
13109,9.765625,-0.11111025283082553,3.3665647479453585e-10,1.8348200859880945e-5,9.147557344509995e-6,0.11111025283082553,-0.11110963144345198
13110,24.4140625,-0.11111091690606034,6.815702489947274e-11,8.255726794139493e-6,1.4088109105160709e-5,0.11111091690606034,-0.11110963109616853
13111,9.765625,-0.11111051371664374,1.4828081925144562e-11,3.850724857107368e-6,3.161333837674597e-5,0.11111051371664374,-0.11110963244159978
13112,3.90625,-0.11111035153666651,4.430007988065613e-12,2.1047584156063165e-6,3.4591135383647755e-5,0.11111035153666651,-0.11110963371235753
13113,1.5625,-0.11111022219372374,1.8762260709386934e-11,4.331542532330363e-6,3.432247760231536e-5,0.11111022219372374,-0.11110963486090852
13114,0.625,-0.11111010185873615,5.448135647161683e-11,7.381148723038767e-6,3.364906113964984e-5,0.11111010185873615,-0.11110963594739003
13115,0.25,-0.11110998442706167,1.1084006357927635e-10,1.052806077011699e-5,3.3133895516209984e-5,0.11110998442706167,-0.11110963700978317
13116,0.1,-0.11110986798343347,1.876286172215385e-10,1.3697759569416399e-5,3.280570352535079e-5,0.11110986798343347,-0.11110963806416868
13117,0.1,-0.11110975357931425,2.8415092124551403e-10,1.685677671577559e-5,3.260231041215381e-5,0.11110975357931425,-0.11110963909337349
13118,0.1,-0.11110964149587282,3.997407425166999e-10,1.9993517512351345e-5,3.237106295129971e-5,0.11110964149587282,-0.11110964009383935
13119,0.1,-0.11110953200567066,5.336663144608018e-10,2.3101218895564836e-5,3.211208478433416e-5,0.11110953200567066,-0.11110964106213234
13120,0.1,-0.11110942537189333,6.851332750434006e-10,2.617505062160149e-5,3.182556712816785e-5,0.11110942537189333,-0.11110964199495936
13121,0.25,-0.11110932946215922,8.485300822987878e-10,2.9129539685665954e-5,3.151336493474689e-5,0.11110932946215922,-0.11110964273816666
13122,0.625,-0.11110926253229274,1.0088482575106554e-9,3.176237172363952e-5,3.0753140347333685e-5,0.11110926253229274,-0.11110964294610597
13123,1.5625,-0.11110927064032983,1.1247088265854626e-9,3.353667882461623e-5,2.8787609027143344e-5,0.11110927064032983,-0.11110964174094803
13124,3.90625,-0.11110945424369854,1.095535817678239e-9,3.309887940215256e-5,2.374890036142672e-5,0.11110945424369854,-0.11110963743297364
13125,9.765625,-0.11110994044126048,7.538931444622627e-10,2.7457114641969625e-5,1.2248713685365758e-5,0.11110994044126048,-0.11110962960558136
13126,24.4140625,-0.11111043550713975,1.5418668665417214e-10,1.2417193187438623e-5,1.8305593719946872e-5,0.11111043550713975,-0.11110962847715737
13127,9.765625,-0.1111103467271479,3.342665793564792e-11,5.7815791904675935e-6,4.632665862067198e-5,0.1111103467271479,-0.11110963139453063
13128,3.90625,-0.11111035041468244,6.769050770950502e-12,2.6017399506773353e-6,5.1129100374590615e-5,0.11111035041468244,-0.11110963419548715
13129,1.5625,-0.11111036346757089,3.527640520708206e-11,5.939394346823762e-6,5.088186531400161e-5,0.11111036346757089,-0.11110963673247365
13130,0.625,-0.1111103787106484,1.1146541439657738e-10,1.0557718238169524e-5,4.994801990670368e-5,0.1111103787106484,-0.11110963913203846
13131,0.25,-0.11111039463370297,2.3366617357087964e-10,1.528614318822376e-5,4.921728589974514e-5,0.11111039463370297,-0.11110964147809284
13132,0.1,-0.11111041081423283,4.014323392040767e-10,2.0035776481186766e-5,4.875217423521661e-5,0.11111041081423283,-0.11110964380690667
13133,0.1,-0.11111042763851502,6.133100515438225e-10,2.4765097446685376e-5,4.846745426479406e-5,0.11111042763851502,-0.11110964608200523
13134,0.1,-0.11111044516671272,8.678858503215946e-10,2.9459902415344057e-5,4.813959402357655e-5,0.11111044516671272,-0.11110964829525964
13135,0.1,-0.11111046345456171,1.1635982775672504e-9,3.411155636389595e-5,4.7768896655067334e-5,0.11111046345456171,-0.11110965043882436
13136,0.1,-0.11111048255314572,1.4987444220164279e-9,3.8713620626549874e-5,4.735573921820553e-5,0.11111048255314572,-0.11110965250516888
13137,0.25,-0.11111050454303933,1.8612598530185268e-9,4.314232090440345e-5,4.690276502123013e-5,0.11111050454303933,-0.11110965415532917
13138,0.625,-0.11111053401160281,2.2187226679850208e-9,4.710331907610143e-5,4.578009718321299e-5,0.11111053401160281,-0.1111096546256722
13139,1.5625,-0.1111105818238815,2.481312197724876e-9,4.981277143188156e-5,4.28509648444695e-5,0.1111105818238815,-0.11110965196856011
13140,3.90625,-0.11111066771962667,2.428669734751284e-9,4.9281535434189585e-5,3.5273347925723814e-5,0.11111066771962667,-0.1111096423955251
13141,9.765625,-0.11111079080537059,1.6853389914839847e-9,4.10528804285885e-5,1.7368370782384983e-5,0.11111079080537059,-0.11110962480434737
13142,24.4140625,-0.11111072637027679,3.5017147838478894e-10,1.871286932527422e-5,2.564631179187359e-5,0.11111072637027679,-0.11110962189119496
13143,9.765625,-0.11111052317038454,7.616462782278151e-11,8.727234832567616e-6,6.872580755949122e-5,0.11111052317038454,-0.11110962833895816
13144,3.90625,-0.11111039395418176,1.2403165031397713e-11,3.521812747917997e-6,7.618047803832066e-5,0.11111039395418176,-0.11110963458351515
13145,1.5625,-0.11111027912163962,7.220567759845439e-11,8.4973923999339e-6,7.592196997984042e-5,0.11111027912163962,-0.11110964024702617
13146,0.625,-0.11111016877335284,2.3874666710461906e-10,1.5451429290024242e-5,7.457327238715999e-5,0.11111016877335284,-0.11110964560333995
13147,0.25,-0.11111006003101294,5.082709060101192e-10,2.2544864293450942e-5,7.350318007245936e-5,0.11111006003101294,-0.11110965083914234
13148,0.1,-0.11110995194335938,8.797943254110526e-10,2.9661327101312453e-5,7.282036821695917e-5,0.11110995194335938,-0.11110965603607258
13149,0.1,-0.11110984489919173,1.3501566194930269e-9,3.674447740127796e-5,7.240327848243513e-5,0.11110984489919173,-0.1111096611145956
13150,0.1,-0.11110973903267211,1.9162619236184805e-9,4.377512905313336e-5,7.192111410760678e-5,0.11110973903267211,-0.11110966605640824
13151,0.1,-0.11110963447487283,2.5746814029309194e-9,5.074131849815217e-5,7.137433948139801e-5,0.11110963447487283,-0.11110967084383658
13152,0.1,-0.11110953135354551,3.321667691870106e-9,5.763391095414319e-5,7.076352151529181e-5,0.11110953135354551,-0.11110967545990408
13153,0.25,-0.1111094332140946,4.130639406593172e-9,6.427005061918943e-5,7.009245520609209e-5,0.1111094332140946,-0.11110967915151432
13154,0.625,-0.11110934846574975,4.930006293616457e-9,7.021400354356997e-5,6.842020150165827e-5,0.11110934846574975,-0.11110968021824504
13155,1.5625,-0.11110929902097544,5.521112634464726e-9,7.43041898849905e-5,6.40441049736077e-5,0.11110929902097544,-0.11110967431547192
13156,3.90625,-0.11110933708670807,5.415334913986629e-9,7.358895918537392e-5,5.2686690133228095e-5,0.11110933708670807,-0.11110965295466259
13157,9.765625,-0.11110955913395658,3.774427312450114e-9,6.143636799526901e-5,2.5482453908955593e-5,0.11110955913395658,-0.11110961347291731
13158,24.4140625,-0.11111001064845881,7.94970079017202e-10,2.8195213760799934e-5,3.711915280640125e-5,0.11111001064845881,-0.11110960637105405
13159,9.765625,-0.11111018005725283,1.740212786647714e-10,1.3191712499322118e-5,0.0001024837023412275,0.11111018005725283,-0.11110962073220747
13160,3.90625,-0.11111033540873011,2.489524777490752e-11,4.989513781412726e-6,0.00011389919556929459,0.11111033540873011,-0.1111096347257121
13161,1.5625,-0.11111048147664475,1.531161786888778e-10,1.2374012230835955e-5,0.00011361667373316843,0.11111048147664475,-0.11110964743130812
13162,0.625,-0.1111106243810714,5.20768174016965e-10,2.2820345615633543e-5,0.00011164074248827905,0.1111106243810714,-0.11110965944808268
13163,0.25,-0.11111076637108752,1.1193612891075477e-9,3.3456857131349735e-5,0.00011005693503366073,0.11111076637108752,-0.1111096711926077
13164,0.1,-0.11111090826185384,1.946673727364217e-9,4.412112563573392e-5,0.00010904277547669103,0.11111090826185384,-0.11110968284848421
13165,0.1,-0.11111104987412711,2.995725887743839e-9,5.473322471537593e-5,0.00010842225008226117,0.11111104987412711,-0.11110969424033476
13166,0.1,-0.11111119107266372,4.259646266844899e-9,6.52659656087681e-5,0.00010770405102105392,0.11111119107266372,-0.1111097053270264
13167,0.1,-0.11111133171939998,5.730817261612215e-9,7.570216153857309e-5,0.00010688888039310608,0.11111133171939998,-0.11110971606883079
13168,0.1,-0.11111147167374053,7.40090727121942e-9,8.602852591564858e-5,0.00010597758793869977,0.11111147167374053,-0.11110972642757655
13169,0.25,-0.11111160805212209,9.210947341650481e-9,9.597368046318992e-5,0.00010497581967776338,0.11111160805212209,-0.1111097347228376
13170,0.625,-0.11111173364037323,1.100194859745994e-8,0.00010489017397954844,0.00010247792990602222,0.11111173364037323,-0.11110973715501829
13171,1.5625,-0.11111182871253725,1.2332311419786042e-8,0.0001110509406524143,9.593667624621904e-5,0.11111182871253725,-0.11110972400420693
13172,3.90625,-0.11111184190639374,1.2113951233307353e-8,0.00011006339642818294,7.893564227659523e-5,0.11111184190639374,-0.11110967621892785
13173,9.765625,-0.11111165457954215,8.470881032067005e-9,9.203738931579385e-5,3.791854702366985e-5,0.11111165457954215,-0.11110958750272858
13174,24.4140625,-0.11111104499869337,1.2691751096162712e-10,1.1265767215845848e-5,5.340621561467692e-5,0.11111104499869337,-0.11110963824509174
13175,9.765625,-0.11110998121484282,1.3307847690345687e-10,1.1535964498188128e-5,3.061127801886594e-5,0.11110998121484282,-0.11110963743858418
13176,3.90625,-0.11110958458499762,1.5225928384402013e-10,1.2339338873862737e-5,2.0802078994223775e-5,0.11110958458499762,-0.11110963713115961
13177,1.5625,-0.11110926487590171,1.7649326023793816e-10,1.3285076598873571e-5,1.6631529553476936e-5,0.11110926487590171,-0.11110963708342958
13178,0.625,-0.11110896510281483,2.0512041635981467e-10,1.4322025567628856e-5,1.4803867780250776e-5,0.11110896510281483,-0.1111096371565767
13179,1.5625,-0.11110878531748933,2.234815619887326e-10,1.494929971566336e-5,1.3957638148935264e-5,0.11110878531748933,-0.11110963695189355
13180,3.90625,-0.11110892542377673,2.0682883862998268e-10,1.4381545071027058e-5,1.1945057650332287e-5,0.11110892542377673,-0.1111096361813689
13181,9.765625,-0.1111096993170366,1.2538996493200502e-10,1.1197766068819487e-5,8.63415978480983e-6,0.1111096993170366,-0.111109634968986
13182,24.4140625,-0.1111106548192865,2.1565130559033967e-11,4.643827145688561e-6,1.2331403043224098e-5,0.1111106548192865,-0.11110963514250037
13183,9.765625,-0.1111102608821371,4.601535950542308e-12,2.1451190993840663e-6,2.1298743083473353e-5,0.1111102608821371,-0.11110963573264682
13184,3.90625,-0.1111101325327482,4.162409233816463e-12,2.04019833198061e-6,2.2332530393332274e-5,0.1111101325327482,-0.11110963623933348
13185,1.5625,-0.11111003638860734,1.2949913586483814e-11,3.5985988365590034e-6,2.183368309353071e-5,0.11111003638860734,-0.11110963669147386
13186,0.625,-0.11110994846347838,2.983553919988867e-11,5.462191794498676e-6,2.127638368664235e-5,0.11110994846347838,-0.11110963711975917
13187,0.25,-0.11110986303567931,5.4575276885962995e-11,7.38750816486608e-6,2.0892511931007808e-5,0.11110986303567931,-0.11110963753952804
13188,0.1,-0.1111097783987618,8.709068618784477e-11,9.332239076869214e-6,2.065438565193172e-5,0.1111097783987618,-0.11110963795653127
13189,0.1,-0.1111096965776971,1.2704403281884254e-10,1.1271381140696225e-5,2.0506203262278946e-5,0.1111096965776971,-0.11110963836251567
13190,0.1,-0.11110961787633637,1.7413838116350372e-10,1.3196150240259609e-5,2.034336361351486e-5,0.11110961787633637,-0.11110963875625557
13191,0.1,-0.11110954258552781,2.2805407001124316e-10,1.5101459201389883e-5,2.0165737915962253e-5,0.11110954258552781,-0.11110963913656773
13192,0.1,-0.11110947098221545,2.884499191169056e-10,1.6983813444480177e-5,1.9973282594227133e-5,0.11110947098221545,-0.11110963950231643
13193,0.25,-0.11110941342051325,3.528517847419481e-10,1.8784349462836027e-5,1.9767463928030082e-5,0.11110941342051325,-0.11110963979009002
13194,0.625,-0.11110939310859104,4.14782236779107e-10,2.0366203298089386e-5,1.9283664502943866e-5,0.11110939310859104,-0.11110963986062847
13195,1.5625,-0.11110946715104524,4.5673837171369943e-10,2.1371438222864164e-5,1.805936398219072e-5,0.11110946715104524,-0.11110963936570793
13196,3.90625,-0.11110975401309095,4.3766889902373446e-10,2.0920537732662e-5,1.500358940860317e-5,0.11110975401309095,-0.11110963765734476
13197,9.765625,-0.1111103698428176,2.9456856018987263e-10,1.7162999743339525e-5,8.697786784949739e-6,0.1111103698428176,-0.11110963465453433
13198,24.4140625,-0.11111077106476491,5.904279796561768e-11,7.683931153102407e-6,1.3233669470285281e-5,0.11111077106476491,-0.11110963436365616
13199,9.765625,-0.11111049005744038,1.3175691744802455e-11,3.6298335698489613e-6,2.9640939083694244e-5,0.11111049005744038,-0.11110963553920783
13200,3.90625,-0.11111037137887737,4.282285009961586e-12,2.069368263495308e-6,3.238590644606498e-5,0.11111037137887737,-0.11110963665041662
13201,1.5625,-0.11111027513043738,1.6918364725756893e-11,4.11319398105133e-6,3.212632546790149e-5,0.11111027513043738,-0.11110963765568957
13202,0.625,-0.11111018509193547,4.819125162494374e-11,6.941991906142195e-6,3.1495712230579956e-5,0.11111018509193547,-0.11110963860723129
13203,0.25,-0.11111009706710183,9.74534244049566e-11,9.871850100409579e-6,3.101464949021561e-5,0.11111009706710183,-0.11110963953798067
13204,0.1,-0.11111000973293333,1.6452271622190222e-10,1.282664087833998e-5,3.0708527912936515e-5,0.11111000973293333,-0.11110964046185379
13205,0.1,-0.11110992379975743,2.487919707312102e-10,1.5773140801096344e-5,3.051892627097815e-5,0.11110992379975743,-0.11110964136375379
13206,0.1,-0.11110983946182755,3.4968094738314565e-10,1.8699757949854476e-5,3.030336377028706e-5,0.11110983946182755,-0.11110964224057646
13207,0.1,-0.11110975690768986,4.665524131228563e-10,2.159982437712993e-5,3.0061961406796793e-5,0.11110975690768986,-0.1111096430893279
13208,0.1,-0.11110967631965263,5.987146737421546e-10,2.4468646749302558e-5,2.9794902672102172e-5,0.11110967631965263,-0.11110964390713492
13209,0.25,-0.11110960309661908,7.412800303060782e-10,2.722645827694227e-5,2.9503922611905306e-5,0.11110960309661908,-0.11110964455935962
13210,0.625,-0.11110954979129115,8.811749518003295e-10,2.96845911509714e-5,2.8795501983198266e-5,0.11110954979129115,-0.1111096447442067
13211,1.5625,-0.11110954815331163,9.823292594307859e-10,3.13421323370122e-5,2.696434894141776e-5,0.11110954815331163,-0.1111096436951296
13212,3.90625,-0.11110966790231887,9.569024702381258e-10,3.093384021162141e-5,2.2273164350355047e-5,0.11110966790231887,-0.11110963993626541
13213,9.765625,-0.11111000045523242,6.58079930163395e-10,2.5653068630543892e-5,1.1620208662198943e-5,0.11111000045523242,-0.11110963310880238
13214,24.4140625,-0.11111036392249149,1.3389520897853104e-10,1.1571309734793682e-5,1.7318227824064545e-5,0.11111036392249149,-0.11110963215962467
13215,9.765625,-0.11111032995906282,2.916545480848696e-11,5.400505051241686e-6,4.3342809880931056e-5,0.11111032995906282,-0.11110963470800522
13216,3.90625,-0.11111035247064874,6.3224682836245765e-12,2.514451885327014e-6,4.7784483058120985e-5,0.11111035247064874,-0.11110963715109189
13217,1.5625,-0.1111103796000168,3.154423056657797e-11,5.61642506996915e-6,4.753842163807195e-5,0.1111103796000168,-0.111109639363811
13218,0.625,-0.11111040765536939,9.832743662710677e-11,9.916019192554377e-6,4.666108359716976e-5,0.11111040765536939,-0.11110964145704548
13219,0.25,-0.11111043598673333,2.0522458815910605e-10,1.4325661875079491e-5,4.5977094506986937e-5,0.11111043598673333,-0.1111096435039246
13220,0.1,-0.11111046443645904,3.518506999160686e-10,1.8757683756692047e-5,4.554251973222382e-5,0.11111046443645904,-0.11110964553597269
13221,0.1,-0.11111049323297433,5.369342499793344e-10,2.317184174767587e-5,4.5276904400814714e-5,0.11111049323297433,-0.11110964752116372
13222,0.1,-0.11111052239798269,7.5924136744409e-10,2.7554334821296086e-5,4.497101947291192e-5,0.11111052239798269,-0.11110964945241035
13223,0.1,-0.11111055195020146,1.0174088533696598e-9,3.1896847075685394e-5,4.462514802249449e-5,0.11111055195020146,-0.11110965132287173
13224,0.1,-0.11111058190525565,1.309949894028925e-9,3.619322994744908e-5,4.4239642847777886e-5,0.11111058190525565,-0.11110965312598287
13225,0.25,-0.111110613231828,1.6263074907596772e-9,4.032750290756517e-5,4.381695649291378e-5,0.111110613231828,-0.11110965456563195
13226,0.625,-0.11111064796027396,1.9381159712341017e-9,4.4024038561155446e-5,4.2768633961076426e-5,0.11111064796027396,-0.11110965497505916
13227,1.5625,-0.11111069057429424,2.166807018408708e-9,4.654897440769998e-5,4.003322845963724e-5,0.11111069057429424,-0.11110965265441604
13228,3.90625,-0.11111074728796405,2.119709497065001e-9,4.60403029645223e-5,3.296044131617991e-5,0.11111074728796405,-0.11110964430107842
13229,9.765625,-0.1111108027064088,1.4690477967143341e-9,3.8328159318108846e-5,1.630878210696561e-5,0.1111108027064088,-0.11110962897622552
13230,24.4140625,-0.11111068926961652,3.0398701250998834e-10,1.7435223328365724e-5,2.4169534635550094e-5,0.11111068926961652,-0.11110962650366554
13231,9.765625,-0.1111105208108612,6.614423843843511e-11,8.132910821989573e-6,6.421617554096777e-5,0.1111105208108612,-0.11110963212797442
13232,3.90625,-0.1111104067394913,1.1329945353415426e-11,3.3659984185105356e-6,7.112673051955592e-5,0.1111104067394913,-0.11110963756644622
13233,1.5625,-0.11111030421683017,6.410101470802998e-11,8.006310930012022e-6,7.086762940454114e-5,0.11111030421683017,-0.1111096424978639
13234,0.625,-0.1111102053806828,2.098366135973367e-10,1.4485738282784785e-5,6.960260573181454e-5,0.1111102053806828,-0.11110964716217243
13235,0.25,-0.11111010788119599,4.452827594148536e-10,2.1101724086312322e-5,6.860223411910186e-5,0.11111010788119599,-0.11110965172207951
13236,0.1,-0.1111100109329935,7.695917262681495e-10,2.7741516293601354e-5,6.79651527399449e-5,0.1111100109329935,-0.11110965624857391
13237,0.1,-0.1111099148244694,1.1800036932126946e-9,3.435118183138237e-5,6.757678611415317e-5,0.1111099148244694,-0.11110966067198388
13238,0.1,-0.1111098196654771,1.6738195572068288e-9,4.091233991361077e-5,6.712763157532732e-5,0.1111098196654771,-0.11110966497635734
13239,0.1,-0.11110972556361887,2.2480494948684152e-9,4.741360031539912e-5,6.661812646222351e-5,0.11110972556361887,-0.11110966914629038
13240,0.1,-0.11110963262407447,2.8994255830424066e-9,5.384631447965967e-5,6.604880404952537e-5,0.11110963262407447,-0.11110967316698751
13241,0.25,-0.11110954368581133,3.6047140822989455e-9,6.003927116728638e-5,6.542318732412286e-5,0.11110954368581133,-0.11110967638134193
13242,0.625,-0.11110946552488912,4.301351352442112e-9,6.558468839936736e-5,6.386227436295612e-5,0.11110946552488912,-0.11110967730627334
13243,1.5625,-0.11110941592276405,4.815768581696197e-9,6.939573893039973e-5,5.977608238936349e-5,0.11110941592276405,-0.11110967215389701
13244,3.90625,-0.11110943794198166,4.7212641799655065e-9,6.871145595870828e-5,4.9173423786973556e-5,0.11110943794198166,-0.11110965353115063
13245,9.765625,-0.11110961540696043,3.2869936108802813e-9,5.7332308612860526e-5,2.3831250002829246e-5,0.11110961540696043,-0.11110961916085295
13246,24.4140625,-0.11111001351306891,6.899153615855874e-10,2.626623995903463e-5,3.486903223986091e-5,0.11111001351306891,-0.11110961309687772
13247,9.765625,-0.1111101833179353,1.5096895571330896e-10,1.2286942488402432e-5,9.56772955467195e-5,0.1111101833179353,-0.1111096256075835
13248,3.90625,-0.11111033293239873,2.252537372585505e-11,4.746090362167059e-6,0.00010627081876570954,0.11111033293239873,-0.11110963778095179
13249,1.5625,-0.11111047290695111,1.353933778223703e-10,1.1635866010846391e-5,0.0001059845583217908,0.11111047290695111,-0.11110964883124493
13250,0.625,-0.1111106096511233,4.5663373816692084e-10,2.1368990106388295e-5,0.00010413251313175227,0.1111106096511233,-0.11110965928270658
13251,0.25,-0.11111074543912007,9.788874650392037e-10,3.128717732616996e-5,0.00010265213686998123,0.11111074543912007,-0.11110966949815458
13252,0.1,-0.11111088108600665,1.7002373992831077e-9,4.123393504485241e-5,0.00010170561571090818,0.11111088108600665,-0.11110967963718583
13253,0.1,-0.11111101640114913,2.614594120109009e-9,5.113310199967345e-5,0.00010112730575030529,0.11111101640114913,-0.1111096895464451
13254,0.1,-0.11111115125171867,3.7159708414209072e-9,6.095876345055653e-5,0.00010045777844082123,0.11111115125171867,-0.11110969919011573
13255,0.1,-0.11111128550264186,4.99773004863043e-9,7.069462531643004e-5,9.969769403478496e-5,0.11111128550264186,-0.11110970853360445
13256,0.1,-0.11111141901689629,6.452611535414506e-9,8.032814908495344e-5,9.884785062032618e-5,0.11111141901689629,-0.11110971754367609
13257,0.25,-0.111111548911499,8.029135726669966e-9,8.960544473786159e-5,9.791349694890977e-5,0.111111548911499,-0.11110972475570749
13258,0.625,-0.1111116680127833,9.588528866159983e-9,9.792103382910121e-5,9.558187845284335e-5,0.1111116680127833,-0.11110972685920664
13259,1.5625,-0.11111175681357575,1.0745421194573219e-8,0.00010366012345436031,8.947472510814579e-5,0.11111175681357575,-0.11110971538828744
13260,3.90625,-0.11111176505557663,1.0550724152879449e-8,0.00010271671798144375,7.360436883683649e-5,0.11111176505557663,-0.1111096737647556
13261,9.765625,-0.11111157947255437,7.370465474869896e-9,8.58514151011496e-5,3.5364398804700955e-5,0.11111157947255437,-0.11110959659281712
13262,24.4140625,-0.11111104467341379,1.1176312252765597e-10,1.057180791197305e-5,5.007895738291712e-5,0.11111104467341379,-0.1111096408731486
13263,9.765625,-0.11110999704563297,1.1696161523555037e-10,1.0814879344474925e-5,2.8844905427106656e-5,0.11110999704563297,-0.11110964017717884
13264,3.90625,-0.11110960494056195,1.3395104779344858e-10,1.1573722296368122e-5,1.969559310147957e-5,0.11110960494056195,-0.11110963991378223
13265,1.5625,-0.11110928899575746,1.5544426250971616e-10,1.2467728843286421e-5,1.580568857752314e-5,0.11110928899575746,-0.11110963987774357
13266,0.625,-0.11110899280544194,1.8086339133717594e-10,1.3448546067779073e-5,1.410209962725742e-5,0.11110899280544194,-0.1111096399477723
13267,1.5625,-0.11110881491198749,1.9717227808332654e-10,1.4041804659064536e-5,1.3313802157087988e-5,0.11110881491198749,-0.11110963977224834
13268,3.90625,-0.11110895261274853,1.8231163895846365e-10,1.3502282731392632e-5,1.1442805777683475e-5,0.11110895261274853,-0.1111096390974724
13269,9.765625,-0.11110971628377084,1.1010275538157491e-10,1.0492986008833467e-5,8.396728183408588e-6,0.11110971628377084,-0.11110963803750012
13270,24.4140625,-0.11111066111763297,1.907777037698709e-11,4.367810707549846e-6,1.1776521185511463e-5,0.11111066111763297,-0.1111096381926312
13271,9.765625,-0.1111102663818417,4.22980182627227e-12,2.0566482018741733e-6,2.0059420505299495e-5,0.1111102663818417,-0.11110963871296452
13272,3.90625,-0.11111013577255097,3.943678084833466e-12,1.9858696041869077e-6,2.1001230843827876e-5,0.11111013577255097,-0.1111096391594732
13273,1.5625,-0.11111003741875183,1.1731397390884444e-11,3.4251127559373053e-6,2.0526591776878673e-5,0.11111003741875183,-0.11110963955853216
13274,0.625,-0.11110994731793951,2.660691994719708e-11,5.158189599772102e-6,2.0003491529693556e-5,0.11110994731793951,-0.1111096399369446
13275,0.25,-0.11110985972787632,4.8358484511715846e-11,6.954026496334037e-6,1.9644437126347753e-5,0.11110985972787632,-0.11110964030803405
13276,0.1,-0.11110977293313185,7.691824539800221e-11,8.770304749437285e-6,1.9422103650332076e-5,0.11110977293313185,-0.11110964067677018
13277,0.1,-0.11110968894920108,1.1198700766420134e-10,1.0582391396286632e-5,1.9283914332406803e-5,0.11110968894920108,-0.11110964103584113
13278,0.1,-0.11110960808083488,1.533027469234306e-10,1.2381548648025844e-5,1.9132100167545932e-5,0.11110960808083488,-0.11110964138417559
13279,0.1,-0.11110953061987268,2.0058345562657668e-10,1.4162748872538011e-5,1.896654819313016e-5,0.11110953061987268,-0.11110964172073853
13280,0.1,-0.11110945684434505,2.5352822803889035e-10,1.5922569768692816e-5,1.878722596367772e-5,0.11110945684434505,-0.11110964204453827
13281,0.25,-0.11110939710505367,3.099476761415044e-10,1.7605330901221495e-5,1.8595510033149433e-5,0.11110939710505367,-0.11110964229989734
13282,0.625,-0.11110937461803573,3.641157509821635e-10,1.9081817287202063e-5,1.8144970041671014e-5,0.11110937461803573,-0.11110964236469041
13283,1.5625,-0.11110944654881769,4.005850285080489e-10,2.001462036882161e-5,1.7006108187046852e-5,0.11110944654881769,-0.11110964193396648
13284,3.90625,-0.1111097317148989,3.8326187649418856e-10,1.957707527937175e-5,1.4173692402132027e-5,0.1111097317148989,-0.11110964044234138
13285,9.765625,-0.11111034806847413,2.573232805648008e-10,1.604129921685899e-5,8.42207315925795e-6,0.11111034806847413,-0.11110963782660492
13286,24.4140625,-0.11111075885251859,5.158193971509688e-11,7.182056788629347e-6,1.2630000853360627e-5,0.11111075885251859,-0.11110963758395513
13287,9.765625,-0.11111048320576766,1.1666293194924397e-11,3.415595584217253e-6,2.778339592995076e-5,0.11111048320576766,-0.11110963861276742
13288,3.90625,-0.11111036855047855,4.038075046568648e-12,2.0094962171073247e-6,3.032134173596093e-5,0.11111036855047855,-0.11110963958490629
13289,1.5625,-0.11111027603961866,1.5182150876040934e-11,3.896427963666329e-6,3.0071321939543943e-5,0.11111027603961866,-0.111109640464919
13290,0.625,-0.11111018964057733,4.2579080978334036e-11,6.525264820552039e-6,2.948047850710196e-5,0.11111018964057733,-0.11110964129831799
13291,0.25,-0.11111010521878155,8.566637636834446e-11,9.255613235671878e-6,2.9031041877090836e-5,0.11111010521878155,-0.11110964211373595
13292,0.1,-0.11111002147271454,1.4428628514090657e-10,1.2011922624663654e-5,2.874543828504737e-5,0.11111002147271454,-0.11110964292324271
13293,0.1,-0.11110993910802915,2.1790692986734313e-10,1.4761670971382038e-5,2.8568728095454033e-5,0.11110993910802915,-0.11110964371356966
13294,0.1,-0.1111098583160451,3.0602089827902057e-10,1.7493453011884776e-5,2.8367824658299938e-5,0.1111098583160451,-0.11110964448200979
13295,0.1,-0.11110977928240118,4.0807095065903016e-10,2.020076609089443e-5,2.8142845410670715e-5,0.11110977928240118,-0.11110964522595132
13296,0.1,-0.11110970218653932,5.23452242788688e-10,2.287907871372202e-5,2.7893966648074897e-5,0.11110970218653932,-0.11110964594288923
13297,0.25,-0.11110963235824478,6.478833408457742e-10,2.5453552617380823e-5,2.7622807315593192e-5,0.11110963235824478,-0.11110964651517642
13298,0.625,-0.11110958218127384,7.699160096161626e-10,2.7747360408084992e-5,2.696251315738745e-5,0.11110958218127384,-0.1111096466792533
13299,1.5625,-0.11110958295187326,8.579779848937191e-10,2.929126123767495e-5,2.5256307846028176e-5,0.11110958295187326,-0.11110964576603406
13300,3.90625,-0.11110970323783147,8.352564037955643e-10,2.8900802822682354e-5,2.0891245426404792e-5,0.11110970323783147,-0.11110964248905034
13301,9.765625,-0.11111003187847954,5.737165237996007e-10,2.3952380336818315e-5,1.105515428670935e-5,0.11111003187847954,-0.11110963654379073
13302,24.4140625,-0.11111038278867237,1.1645931899957052e-10,1.0791631896963986e-5,1.6387341057125596e-5,0.11111038278867237,-0.11110963573822588
13303,9.765625,-0.11111034098163286,2.548758799956613e-11,5.0485233484224005e-6,4.052988908480835e-5,0.11111034098163286,-0.11110963796246265
13304,3.90625,-0.1111103571293305,5.8315708190340265e-12,2.4148645550080085e-6,4.464612948450947e-5,0.1111103571293305,-0.11110964009276217
13305,1.5625,-0.11111037837182734,2.8026996570522133e-11,5.29405294368333e-6,4.440640591483112e-5,0.11111037837182734,-0.11110964202236322
13306,0.625,-0.11111040069689736,8.641822815822874e-11,9.296140497982415e-6,4.358418716528032e-5,0.11111040069689736,-0.1111096438481244
13307,0.25,-0.11111042334792932,1.7974847987835203e-10,1.3407030986700673e-5,4.294479704274429e-5,0.11111042334792932,-0.11110964563369598
13308,0.1,-0.11111044612991854,3.076841340605024e-10,1.754092740024034e-5,4.253900789145849e-5,0.11111044612991854,-0.11110964740646467
13309,0.1,-0.1111104692794506,4.691139074815275e-10,2.1659037547442583e-5,4.2291184235632615e-5,0.1111104692794506,-0.11110964913838653
13310,0.1,-0.11111049282386037,6.629609656782841e-10,2.5748028384291565e-5,4.200581474324452e-5,0.11111049282386037,-0.11110965082328944
13311,0.1,-0.11111051678752822,8.880357026742396e-10,2.9799927897131558e-5,4.168316527381798e-5,0.11111051678752822,-0.11110965245521681
13312,0.1,-0.11111054119176121,1.14304073242292e-9,3.380888540639753e-5,4.132356733984642e-5,0.11111054119176121,-0.11110965402845199
13313,0.25,-0.11111056713056715,1.4187529435689973e-9,3.76663370075854e-5,4.09293086863932e-5,0.11111056713056715,-0.11110965528471917
13314,0.625,-0.11111059694357228,1.6903966461084805e-9,4.111443354964872e-5,3.995134322708551e-5,0.11111059694357228,-0.11110965564268824
13315,1.5625,-0.11111063594795727,1.889364631401823e-9,4.34668221912049e-5,3.739988183987594e-5,0.11111063594795727,-0.11110965362082525
13316,3.90625,-0.11111069247077589,1.8475002662949568e-9,4.2982557698384547e-5,3.080707083491538e-5,0.11111069247077589,-0.11110964634338018
13317,9.765625,-0.11111075570506393,1.2791726274623058e-9,3.576552288814335e-5,1.534695795599248e-5,0.11111075570506393,-0.11110963300705949
13318,24.4140625,-0.1111106640684501,2.639991215690161e-10,1.6248049777404554e-5,2.2744150566468078e-5,0.1111106640684501,-0.11110963089519917
13319,9.765625,-0.11111050616866996,5.750754577786099e-11,7.583372981586821e-6,5.996943817753207e-5,0.11111050616866996,-0.11110963579598013
13320,3.90625,-0.11111040099132706,1.025767570794691e-11,3.202760638565878e-6,6.63829445129985e-5,0.11111040099132706,-0.11110964052975063
13321,1.5625,-0.11111030673916406,5.660977794176965e-11,7.523946965640418e-6,6.612862499488535e-5,0.11111030673916406,-0.11110964482171287
13322,0.625,-0.1111102159474352,1.8385813141870617e-10,1.3559429612587182e-5,6.494382878095626e-5,0.1111102159474352,-0.1111096488814911
13323,0.25,-0.11111012640136703,3.891793707491239e-10,1.972762962824282e-5,6.400902047442823e-5,0.11111012640136703,-0.11110965285071334
13324,0.1,-0.11111003736278657,6.71839794159708e-10,2.5919872572212002e-5,6.341432119894072e-5,0.11111003736278657,-0.11110965679106877
13325,0.1,-0.11110994911305361,1.0294315094326949e-9,3.208475509385563e-5,6.305210508489538e-5,0.11110994911305361,-0.11110966064167446
13326,0.1,-0.11110986175617803,1.4596023514187197e-9,3.8204742525224794e-5,6.2633179801754e-5,0.11110986175617803,-0.11110966438864721
13327,0.1,-0.1111097753940357,1.9597468177827253e-9,4.4269027748333544e-5,6.215795530652653e-5,0.1111097753940357,-0.11110966801858052
13328,0.1,-0.11110969012620024,2.5270170816463087e-9,5.026944481139919e-5,6.162693148441039e-5,0.11110969012620024,-0.11110967151859952
13329,0.25,-0.11110960865418668,3.1411422423031287e-9,5.6045894071761656e-5,6.104339055272627e-5,0.11110960865418668,-0.11110967431617765
13330,0.625,-0.11110953741576331,3.747546501981583e-9,6.12172075643898e-5,5.958698850449307e-5,0.11110953741576331,-0.11110967511953826
13331,1.5625,-0.11110949327170133,4.194850838837666e-9,6.476766815964325e-5,5.577435417902533e-5,0.11110949327170133,-0.11110967063035121
13332,3.90625,-0.11110951685531356,4.111056303007125e-9,6.411751947016607e-5,4.5884748929045404e-5,0.11110951685531356,-0.1111096544161089
13333,9.765625,-0.11110968601267751,2.85979828472797e-9,5.347708186436476e-5,2.2296160626249455e-5,0.11110968601267751,-0.11110962452266746
13334,24.4140625,-0.11111005408092474,5.987108205918612e-10,2.4468568012694595e-5,3.270574626866415e-5,0.11111005408092474,-0.11110961932611745
13335,9.765625,-0.11111020590029502,1.3094487066088313e-10,1.1443114552467049e-5,8.928165627571349e-5,0.11111020590029502,-0.11110963021618982
13336,3.90625,-0.11111034105943816,2.01139207486198e-11,4.48485459615134e-6,9.912039450066827e-5,0.11111034105943816,-0.11110964080118306
13337,1.5625,-0.11111046765292436,1.1910125047423042e-10,1.091335193578171e-5,9.883683061491157e-5,0.11111046765292436,-0.11110965040777697
13338,0.625,-0.11111059135370499,3.992933944601715e-10,1.9982327053178054e-5,9.71029374686462e-5,0.11111059135370499,-0.11110965949381835
13339,0.25,-0.11111071419138281,8.543054247421206e-10,2.9228503635015608e-5,9.571973930330402e-5,0.11111071419138281,-0.11110966837504534
13340,0.1,-0.11111083689503072,1.482476730670346e-9,3.850294444156636e-5,9.483608322291085e-5,0.11111083689503072,-0.11110967719014181
13341,0.1,-0.11111095929703431,2.2784988028741953e-9,4.773362339980274e-5,9.429650254993055e-5,0.11111095929703431,-0.11110968580528954
13342,0.1,-0.11111108127866776,3.2371579086669852e-9,5.689602717823965e-5,9.367183429330356e-5,0.11111108127866776,-0.11110969418934008
13343,0.1,-0.11111120271916682,4.352673833276532e-9,6.597479695517472e-5,9.296269614708938e-5,0.11111120271916682,-0.11110970231220973
13344,0.1,-0.11111132349597945,5.618724321303949e-9,7.495815046613643e-5,9.216983471205171e-5,0.11111132349597945,-0.11110971014499801
13345,0.25,-0.11111144103719611,6.990439795894466e-9,8.36088499854798e-5,9.129814287447875e-5,0.11111144103719611,-0.1111097164126966
13346,0.625,-0.11111154893668643,8.346885150620194e-9,9.136128912520989e-5,8.912258497542624e-5,0.11111154893668643,-0.11110971823417065
13347,1.5625,-0.11111162975064783,9.35228533089742e-9,9.670721447181393e-5,8.342432436995745e-5,0.11111162975064783,-0.11110970824335689
13348,3.90625,-0.11111163839747057,9.179979807060884e-9,9.581221115839506e-5,6.861954682201497e-5,0.11111163839747057,-0.1111096720255813
13349,9.765625,-0.11111147245403896,6.408256314648683e-9,8.005158533501185e-5,3.298813082907879e-5,0.11111147245403896,-0.11110960494240182
13350,24.4140625,-0.11111096820044125,9.76821361003007e-11,9.883427345830023e-6,4.689213819007481e-5,0.11111096820044125,-0.11110964354279802
13351,9.765625,-0.11111003498431082,1.0236753724643548e-10,1.0117684381637702e-5,2.697836286820676e-5,0.11111003498431082,-0.11110964292972052
13352,3.90625,-0.11110968675006046,1.1703982906735302e-10,1.0818494769021845e-5,1.847031458428893e-5,0.11110968675006046,-0.11110964270229841
13353,1.5625,-0.11110940620604118,1.3559998861403304e-10,1.164474081351891e-5,1.4881557303678412e-5,0.11110940620604118,-0.11110964267468992
13354,0.625,-0.11110914320235649,1.5753986269826567e-10,1.2551488465447661e-5,1.3318965435545124e-5,0.11110914320235649,-0.11110964273999306
13355,1.5625,-0.11110898563379709,1.716047254194025e-10,1.3099798678582908e-5,1.259803470906637e-5,0.11110898563379709,-0.11110964259201717
13356,3.90625,-0.11110910918864864,1.587891295176585e-10,1.26011558802222e-5,1.0895620216482376e-5,0.11110910918864864,-0.11110964200975723
13357,9.765625,-0.11110978970756798,9.622953956813289e-11,9.809665619588309e-6,8.153841469908072e-6,0.11110978970756798,-0.11110964108885012
13358,24.4140625,-0.11111062852039834,1.674315779861709e-11,4.091840392612729e-6,1.1227799645408223e-5,0.11111062852039834,-0.11110964122677709
13359,9.765625,-0.11111027818844824,3.900514358314099e-12,1.974971989247974e-6,1.885059126488748e-5,0.11111027818844824,-0.11110964168197918
13360,3.90625,-0.11111016331688174,3.664978200457555e-12,1.914413278385196e-6,1.9720752126960882e-5,0.11111016331688174,-0.11110964207467128
13361,1.5625,-0.1111100770439069,1.0455494707972212e-11,3.233495741140262e-6,1.928038818928519e-5,0.1111100770439069,-0.11110964242660823
13362,0.625,-0.1111099980753894,2.3414947848189962e-11,4.838899445968056e-6,1.879561525022294e-5,0.1111099980753894,-0.11110964276080054
13363,0.25,-0.11110992132661877,4.2359048692256827e-11,6.508382955255232e-6,1.8463086243033842e-5,0.11110992132661877,-0.11110964308871726
13364,0.1,-0.11110984528022166,6.722877516329188e-11,8.199315530170301e-6,1.8257308563985142e-5,0.11110984528022166,-0.11110964341463028
13365,0.1,-0.11110977173185484,9.776476316138874e-11,9.887606543617558e-6,1.812949709219873e-5,0.11110977173185484,-0.11110964373213453
13366,0.1,-0.1111097009515788,1.337395847935396e-10,1.1564583208812135e-5,1.798907649808024e-5,0.1111097009515788,-0.11110964404029705
13367,0.1,-0.1111096331979357,1.7490842482339113e-10,1.3225294886065532e-5,1.7835946065161434e-5,0.1111096331979357,-0.11110964433821627
13368,0.1,-0.11110956871715429,2.2101001163453817e-10,1.4866405471213886e-5,1.767008015144645e-5,0.11110956871715429,-0.111109644625028
13369,0.25,-0.11110951670254368,2.7014442750771634e-10,1.6436070926706186e-5,1.749275493547699e-5,0.11110951670254368,-0.11110964485221159
13370,0.625,-0.11110949776459046,3.173400209176099e-10,1.7814039994274456e-5,1.707591978699755e-5,0.11110949776459046,-0.11110964491334722
13371,1.5625,-0.11110956262772952,3.491718704805206e-10,1.868614113402017e-5,1.602263954451798e-5,0.11110956262772952,-0.1111096445425963
13372,3.90625,-0.11110981658507742,3.342043821981177e-10,1.8281257675502463e-5,1.3408067961311747e-5,0.11110981658507742,-0.11110964324657481
13373,9.765625,-0.11111036329753246,2.2445185179143933e-10,1.498171725108438e-5,8.152848525097624e-6,0.11111036329753246,-0.1111096409695042
13374,24.4140625,-0.11111072232583788,4.499241655143817e-11,6.707638671800843e-6,1.2009461695549765e-5,0.11111072232583788,-0.11110964076427474
13375,9.765625,-0.11111047529016398,1.0349487423202439e-11,3.217061924054686e-6,2.6032529376283817e-5,0.11111047529016398,-0.1111096416633683
13376,3.90625,-0.1111103719073695,3.783894062421459e-12,1.945223396533534e-6,2.8380862786658872e-5,0.1111103719073695,-0.11110964251345981
13377,1.5625,-0.11111028830665166,1.3559254398940263e-11,3.6822892877855567e-6,2.8143184289160925e-5,0.11111028830665166,-0.11110964328371427
13378,0.625,-0.1111102101699255,3.748577394777407e-11,6.122562694474763e-6,2.7591481317588695e-5,0.1111102101699255,-0.11110964401361158
13379,0.25,-0.11111013380125341,7.507507936884691e-11,8.66458766294432e-6,2.7172633461727775e-5,0.11111013380125341,-0.11110964472797591
13380,0.1,-0.11111005803660025,1.2619039280186666e-10,1.1233449728461273e-5,2.6906729771802646e-5,0.11111005803660025,-0.11110964543725713
13381,0.1,-0.11110998350721245,1.90367623752732e-10,1.3797377423000793e-5,2.6742339020369e-5,0.11110998350721245,-0.11110964612983008
13382,0.1,-0.11110991038436306,2.6716448360620833e-10,1.6345166980065036e-5,2.6555449495537392e-5,0.11110991038436306,-0.11110964680333742
13383,0.1,-0.11110983883427689,3.560952684241384e-10,1.8870486703424965e-5,2.6346173433830426e-5,0.11110983883427689,-0.11110964745550475
13384,0.1,-0.11110976901766123,4.5663279520750316e-10,2.1368968042643126e-5,2.611467849297483e-5,0.11110976901766123,-0.11110964808415158
13385,0.25,-0.11110970570394836,5.650417680164889e-10,2.3770607228602488e-5,2.5862473209012845e-5,0.11110970570394836,-0.11110964858669135
13386,0.625,-0.11110965997670967,6.713354729490314e-10,2.591014227959838e-5,2.524821636303787e-5,0.11110965997670967,-0.11110964873339083
13387,1.5625,-0.11110965985288758,7.479743962206952e-10,2.734912057490506e-5,2.3661397594776316e-5,0.11110965985288758,-0.11110964794116371
13388,3.90625,-0.11110976675418166,7.279659206187011e-10,2.6980843586120523e-5,1.9606897349795895e-5,0.11110976675418166,-0.11110964508953276
13389,9.765625,-0.11111006053011724,4.997131743499461e-10,2.2354265238427006e-5,1.0538194371415047e-5,0.11111006053011724,-0.11110963991696876
13390,24.4140625,-0.11111037647508659,1.0131746756120304e-10,1.0065657830524692e-5,1.5490869251002984e-5,0.11111037647508659,-0.11110963922882451
13391,9.765625,-0.11111034201153105,2.231973994800129e-11,4.724377202129534e-6,3.788781117814782e-5,0.11111034201153105,-0.11110964116838103
13392,3.90625,-0.11111035875946801,5.3649551891893405e-12,2.316237291209461e-6,4.170613403486037e-5,0.11111035875946801,-0.11110964302536096
13393,1.5625,-0.1111103798645487,2.4823836194527744e-11,4.982352475942237e-6,4.1476012274646964e-5,0.1111103798645487,-0.11110964470786715
13394,0.625,-0.1111104018711062,7.578075581517651e-11,8.70521428887173e-6,4.0707241925358884e-5,0.1111104018711062,-0.11110964630024134
13395,0.25,-0.11111042414520093,1.5714480779843082e-10,1.2535741214560503e-5,4.011052778887571e-5,0.11111042414520093,-0.11110964785779805
13396,0.1,-0.11111044652720427,2.6862700559830556e-10,1.6389844587374998e-5,3.973216245162094e-5,0.11111044652720427,-0.11110964940430634
13397,0.1,-0.11111046922684216,4.092582167586385e-10,2.0230131407349745e-5,3.950125581454441e-5,0.11111046922684216,-0.1111096509152526
13398,0.1,-0.11111049226658631,5.781002611262966e-10,2.404371562646457e-5,3.923536295352868e-5,0.11111049226658631,-0.1111096523852656
13399,0.1,-0.11111051566627948,7.741167100540477e-10,2.7822952935553907e-5,3.89347342840545e-5,0.11111051566627948,-0.11110965380916074
13400,0.1,-0.11111053944302958,9.961772389401985e-10,3.1562275566571535e-5,3.8599681849322576e-5,0.11111053944302958,-0.11110965518196354
13401,0.25,-0.11111056453185426,1.2362383256878852e-9,3.516018096779204e-5,3.823233693429274e-5,0.11111056453185426,-0.11110965627865313
13402,0.625,-0.11111059291770434,1.4726959242504871e-9,3.837572050464313e-5,3.732092470163957e-5,0.11111059291770434,-0.11110965659290206
13403,1.5625,-0.11111062906641277,1.6457344848173476e-9,4.056765318350752e-5,3.494334154711635e-5,0.11111062906641277,-0.11110965483463349
13404,3.90625,-0.11111067969244491,1.6087920538750165e-9,4.010975010985504e-5,2.8803832803425927e-5,0.11111067969244491,-0.11110964850132653
13405,9.765625,-0.1111107335492242,1.1131653929085889e-9,3.336413333069794e-5,1.4465665524441727e-5,0.1111107335492242,-0.11110963690246657
13406,24.4140625,-0.11111064414707185,2.2934922816685283e-10,1.5144280377979432e-5,2.1386817559767852e-5,0.11111064414707185,-0.11110963509093803
13407,9.765625,-0.11111049949515191,5.006349291176405e-11,7.075556014318878e-6,5.59891035904115e-5,0.11111049949515191,-0.11110963935861203
13408,3.90625,-0.11111040249939622,9.257373016940773e-12,3.0425931402244324e-6,6.194622319355272e-5,0.11111040249939622,-0.11110964347809327
13409,1.5625,-0.11111031546946,4.984985857958308e-11,7.060443228267124e-6,6.170045486801606e-5,0.11111031546946,-0.11110964721313435
13410,0.625,-0.11111023160057598,1.608014447843426e-10,1.268075095506345e-5,6.0592559585234776e-5,0.11111023160057598,-0.11110965074647615
13411,0.25,-0.11111014886740911,3.396619487409235e-10,1.842991993311212e-5,5.971989599489262e-5,0.11111014886740911,-0.11110965420128034
13412,0.1,-0.11111006659391486,5.857959265736528e-10,2.420322140901192e-5,5.916518101160685e-5,0.11111006659391486,-0.11110965763112976
13413,0.1,-0.1111099850343928,8.971051946120191e-10,2.995171438519036e-5,5.882755019379718e-5,0.1111099850343928,-0.11110966098289389
13414,0.1,-0.1111099042842646,1.2715418799336171e-9,3.565868589745866e-5,5.843704216417461e-5,0.1111099042842646,-0.11110966424449549
13415,0.1,-0.11110982443706646,1.7068375377407742e-9,4.1313890372860966e-5,5.799404122565561e-5,0.11110982443706646,-0.11110966740427401
13416,0.1,-0.11110974558429078,2.200512748652012e-9,4.6909623198785255e-5,5.7499015885392996e-5,0.11110974558429078,-0.11110967045103029
13417,0.25,-0.11110967019349964,2.7349029566062224e-9,5.2296299645445496e-5,5.695502370772922e-5,0.11110967019349964,-0.1111096728863319
13418,0.625,-0.11110960415057017,3.2624553180081066e-9,5.7117907157108853e-5,5.559696593425784e-5,0.11110960415057017,-0.11110967358584894
13419,1.5625,-0.11110956288276942,3.651288712129506e-9,6.0425894384191835e-5,5.204179641792916e-5,0.11110956288276942,-0.11110966967940296
13420,3.90625,-0.11110958362003112,3.5774120217793017e-9,5.981147065387459e-5,4.282303421939228e-5,0.11110958362003112,-0.11110965557269002
13421,9.765625,-0.11110973795507026,2.4870786829534177e-9,4.987061943623137e-5,2.0881316245741317e-5,0.11110973795507026,-0.11110962958346586
13422,24.4140625,-0.11111007649965704,5.19737715373093e-10,2.2797756805727464e-5,3.0653632871800816e-5,0.11111007649965704,-0.11110962511571587
13423,9.765625,-0.11111021771423621,1.1369520899874795e-10,1.0662795552703237e-5,8.329622969911972e-5,0.11111021771423621,-0.1111096345905318
13424,3.90625,-0.11111034311687513,1.791462035053925e-11,4.232566638641292e-6,9.244062887606052e-5,0.11111034311687513,-0.11110964379297332
13425,1.5625,-0.11111046052608187,1.0451469505092368e-10,1.0223242883299002e-5,9.216472164864706e-5,0.11111046052608187,-0.11110965214393931
13426,0.625,-0.1111105752301713,3.4864186731807733e-10,1.867195403052603e-5,9.054359379938159e-5,0.1111105752301713,-0.11110966004260954
13427,0.25,-0.11111068911661685,7.447555942901324e-10,2.729021059446285e-5,8.925229589075636e-5,0.11111068911661685,-0.11110966776356204
13428,0.1,-0.11111080286275478,1.291417049995587e-9,3.593629154483789e-5,8.842790702973733e-5,0.11111080286275478,-0.11110967542727117
13429,0.1,-0.11111091631518318,1.984003252792055e-9,4.4542151416293927e-5,8.792478511343606e-5,0.11111091631518318,-0.11110968291709115
13430,0.1,-0.11111102936443147,2.8179772166076982e-9,5.308462316535456e-5,8.734231861341068e-5,0.11111102936443147,-0.11110969020594068
13431,0.1,-0.11111114189924313,3.7883090755874465e-9,6.15492410642686e-5,8.668108522162145e-5,0.11111114189924313,-0.11110969726766637
13432,0.1,-0.11111125380680509,4.889497370181595e-9,6.992494097374409e-5,8.594178311506234e-5,0.11111125380680509,-0.11110970407714321
13433,0.25,-0.11111136271239011,6.08246863708933e-9,7.79901829533008e-5,8.512897120681037e-5,0.11111136271239011,-0.11110970952506477
13434,0.625,-0.11111146270241605,7.261922111764996e-9,8.521691212291723e-5,8.309999422811048e-5,0.11111146270241605,-0.11110971110524319
13435,1.5625,-0.11111153767670112,8.135528029771293e-9,9.019716198290993e-5,7.778564136479576e-5,0.11111153767670112,-0.11110970241142454
13436,3.90625,-0.11111154602498076,7.983772638351878e-9,8.935195934254535e-5,6.398082685842242e-5,0.11111154602498076,-0.11110967091360026
13437,9.765625,-0.11111139314856121,5.5701925074618074e-9,7.463372232082363e-5,3.079395159233933e-5,0.11111139314856121,-0.11110961261451427
13438,24.4140625,-0.11111092309828507,8.543099002944305e-11,9.242888619335573e-6,4.387606309274238e-5,0.11111092309828507,-0.11110964623503919
13439,9.765625,-0.11111006372630734,8.954260660524363e-11,9.462695525337569e-6,2.5274174636311816e-5,0.11111006372630734,-0.11110964570029191
13440,3.90625,-0.11110974315560342,1.0228590176048028e-10,1.011364928008087e-5,1.737077131995602e-5,0.11110974315560342,-0.11110964550544483
13441,1.5625,-0.11110948492485229,1.1840852779683385e-10,1.0881568259990555e-5,1.4056820845231453e-5,0.11110948492485229,-0.11110964548568468
13442,0.625,-0.11110924284418983,1.3746551493675012e-10,1.172456885931206e-5,1.2620651868148325e-5,0.11110924284418983,-0.11110964554721503
13443,1.5625,-0.11110909786535272,1.4967138715768432e-10,1.223402579520267e-5,1.1959781126784074e-5,0.11110909786535272,-0.11110964542290916
13444,3.90625,-0.1111092117688021,1.3851505359940308e-10,1.1769241844715532e-5,1.0406043215964451e-5,0.1111092117688021,-0.11110964492004817
13445,9.765625,-0.11110983843094992,8.405751468518336e-11,9.16828853631818e-6,7.932559578755355e-6,0.11110983843094992,-0.11110964412086212
13446,24.4140625,-0.11111060987613826,1.476230539918583e-11,3.8421745664643906e-6,1.072390267147771e-5,0.11111060987613826,-0.11110964424245401
13447,9.765625,-0.11111028660869032,3.6183196379702074e-12,1.9021881184494364e-6,1.7732711850441774e-5,0.11111028660869032,-0.11110964464142618
13448,3.90625,-0.11111018068703368,3.4337313654302293e-12,1.8530330179007144e-6,1.8533795384751748e-5,0.11111018068703368,-0.11110964498719857
13449,1.5625,-0.11111010113144558,9.36436510058762e-12,3.0601250138822138e-6,1.8123970387603523e-5,0.11111010113144558,-0.1111096452980022
13450,0.625,-0.11111002830795383,2.0664899209410156e-11,4.545866167124826e-6,1.7674327028194554e-5,0.11111002830795383,-0.11110964559358252
13451,0.25,-0.11110995752963358,3.717519582315192e-11,6.097146531218675e-6,1.7366244508433275e-5,0.11110995752963358,-0.11110964588379768
13452,0.1,-0.11110988739806345,5.884400767646937e-11,7.670984791828842e-6,1.7175735207823475e-5,0.11110988739806345,-0.11110964617231206
13453,0.1,-0.11110981957107595,8.544548305715875e-11,9.243672595735893e-6,1.705747876204337e-5,0.11110981957107595,-0.11110964645350468
13454,0.1,-0.11110975429769827,1.167816119765649e-10,1.0806554121299023e-5,1.6927570554187723e-5,0.11110975429769827,-0.11110964672656348
13455,0.1,-0.11110969181633361,1.526392396452008e-10,1.2354725397401628e-5,1.6785921893739834e-5,0.11110969181633361,-0.11110964699070337
13456,0.1,-0.11110963235402055,1.927908749487534e-10,1.3884915374202084e-5,1.6632514341775665e-5,0.11110963235402055,-0.11110964724517218
13457,0.25,-0.11110958439237383,2.355816219054843e-10,1.5348668408219794e-5,1.6468533300385395e-5,0.11110958439237383,-0.11110964744766606
13458,0.625,-0.11110956694469323,2.7668070170956595e-10,1.6633721823740046e-5,1.608308997415054e-5,0.11110956694469323,-0.1111096475054376
13459,1.5625,-0.11110962680091764,3.043919389370431e-10,1.744683177362134e-5,1.5109862669667772e-5,0.11110962680091764,-0.1111096471868156
13460,3.90625,-0.11110986106953542,2.913185042172953e-10,1.7068055080099058e-5,1.2700630455734233e-5,0.11110986106953542,-0.11110964606187407
13461,9.765625,-0.11111036525517504,1.9562047661610633e-10,1.3986439025574248e-5,7.919215256116014e-6,0.11111036525517504,-0.11110964408248762
13462,24.4140625,-0.11111069583695393,3.929013474733216e-11,6.268184326208998e-6,1.1441404364605113e-5,0.11111069583695393,-0.1111096439079125
13463,9.765625,-0.11111046815056347,9.206940865380535e-12,3.034294129675061e-6,2.439351445202136e-5,0.11111046815056347,-0.11110964469340613
13464,3.90625,-0.11111037299112138,3.5462003788206194e-12,1.8831357834263093e-6,2.656718274601024e-5,0.11111037299112138,-0.11110964543687087
13465,1.5625,-0.11111029606892334,1.2102032080279068e-11,3.4787975049259577e-6,2.634252766907241e-5,0.11111029606892334,-0.11110964611128663
13466,0.625,-0.1111102241816152,3.2971157113613386e-11,5.742051646721177e-6,2.5828202478276503e-5,0.1111102241816152,-0.11110964675080978
13467,0.25,-0.11111015392256474,6.572956106316992e-11,8.107376953316647e-6,2.5438350692212682e-5,0.11111015392256474,-0.11110964737692869
13468,0.1,-0.1111100842190288,1.1025865954128582e-10,1.0500412351012022e-5,2.5191060927550714e-5,0.1111100842190288,-0.11110964799868034
13469,0.1,-0.11111001565440443,1.6615388942564947e-10,1.2890069411203707e-5,2.5038282439531805e-5,0.11111001565440443,-0.11110964860588818
13470,0.1,-0.11110994838667239,2.330300067161513e-10,1.5265320393498177e-5,2.4864599414860572e-5,0.11110994838667239,-0.11110964919650104
13471,0.1,-0.11110988256915867,3.104639580904573e-10,1.7619987459997165e-5,2.4670119801112874e-5,0.11110988256915867,-0.11110964976853979
13472,0.1,-0.11110981835010623,3.979965681563571e-10,1.9949851331685586e-5,2.445500370845956e-5,0.11110981835010623,-0.11110965032010715
13473,0.25,-0.11110976013057386,4.923716901363486e-10,2.218944997372284e-5,2.422065630563945e-5,0.11110976013057386,-0.11110965076182579
13474,0.625,-0.11110971813711247,5.848846464775851e-10,2.4184388486740472e-5,2.364981660904494e-5,0.11110971813711247,-0.11110965089360911
13475,1.5625,-0.11110971821759241,6.515340739433229e-10,2.552516550276066e-5,2.217565389940839e-5,0.11110971821759241,-0.11110965020772583
13476,3.90625,-0.11110981702163043,6.339484336377513e-10,2.51783326222717e-5,1.8414439321921558e-5,0.11110981702163043,-0.11110964772899572
13477,9.765625,-0.11111008808071202,4.3497063211045177e-10,2.085594956146691e-5,1.006982355859299e-5,0.11111008808071202,-0.11110964323227764
13478,24.4140625,-0.11111037879689258,8.817388730253167e-11,9.390095170046556e-6,1.4648819971597206e-5,0.11111037879689258,-0.11110964264227102
13479,9.765625,-0.11111034657714307,1.9579628843077703e-11,4.424887438464136e-6,3.54132375999005e-5,0.11111034657714307,-0.11110964433269448
13480,3.90625,-0.11111036178069514,4.936401087900604e-12,2.2218013160272916e-6,3.895642341043795e-5,0.11111036178069514,-0.1111096459511441
13481,1.5625,-0.11111038102423966,2.1957765120733964e-11,4.68591134366987e-6,3.873714968708535e-5,0.11111038102423966,-0.11110964741814117
13482,0.625,-0.1111104011039022,6.637242019674968e-11,8.146927040102279e-6,3.801926215902264e-5,0.1111104011039022,-0.11110964880697217
13483,0.25,-0.11111042143035017,1.3723336922505258e-10,1.1714664708178916e-5,3.746285150879071e-5,0.11111042143035017,-0.11110965016565268
13484,0.1,-0.11111044185480955,2.34290083871591e-10,1.5306537292006675e-5,3.711027664673928e-5,0.11111044185480955,-0.11110965151479481
13485,0.1,-0.11111046257189534,3.5669819377363137e-10,1.888645529933109e-5,3.6895216298348554e-5,0.11111046257189534,-0.11110965283299451
13486,0.1,-0.11111048360266297,5.036409146044242e-10,2.2441945428247172e-5,3.6647579810653127e-5,0.11111048360266297,-0.11110965411558017
13487,0.1,-0.11111050496574888,6.742159472501295e-10,2.596566862705695e-5,3.636760302181692e-5,0.11111050496574888,-0.1111096553580429
13488,0.1,-0.11111052667727082,8.674392696314858e-10,2.9452321973513154e-5,3.605557964300358e-5,0.11111052667727082,-0.11110965655605626
13489,0.25,-0.11111054960785997,1.0763034877476959e-9,3.280706460120588e-5,3.5713495969639336e-5,0.11111054960785997,-0.11110965751373436
13490,0.625,-0.11111057560777114,1.2819897075430264e-9,3.58048838504334e-5,3.486469331876556e-5,0.11111057560777114,-0.11110965779041901
13491,1.5625,-0.11111060884615327,1.4324002258601553e-9,3.784706363590385e-5,3.265082262518124e-5,0.11111060884615327,-0.11110965626356861
13492,3.90625,-0.11111065563049313,1.3999167822243563e-9,3.7415461806910204e-5,2.693823864310032e-5,0.11111065563049313,-0.11110965075674496
13493,9.765625,-0.11111070576386466,9.68155799466498e-10,3.111520206372599e-5,1.3656435067352749e-5,0.11111070576386466,-0.11110964067508171
13494,24.4140625,-0.11111062399469095,1.9925719855378353e-10,1.4115849197047392e-5,2.0107692572827984e-5,0.11111062399469095,-0.11110963911765452
13495,9.765625,-0.11111049060911139,4.361867003120652e-11,6.604443203723272e-6,5.2262333153040944e-5,0.11111049060911139,-0.11110964283205692
13496,3.90625,-0.11111040124460625,8.348001014174275e-12,2.889290745870736e-6,5.7797113994726143e-5,0.11111040124460625,-0.11110964641595909
13497,1.5625,-0.11111032107275584,4.382923967325361e-11,6.620365524142425e-6,5.756153454770779e-5,0.11111032107275584,-0.11110964966568873
13498,0.625,-0.1111102438125442,1.4047324265737344e-10,1.1852140847010444e-5,5.6526538331718965e-5,0.1111102438125442,-0.11110965274030463
13499,0.25,-0.11111016759495568,2.961536335952459e-10,1.7209114840550224e-5,5.571238786278494e-5,0.11111016759495568,-0.11110965574682168
13500,0.1,-0.1111100917960841,5.103197077862729e-10,2.2590256921652592e-5,5.519518705650285e-5,0.1111100917960841,-0.11110965873175514
13501,0.1,-0.11111001665167708,7.811446256478619e-10,2.794896466146576e-5,5.488054434038601e-5,0.11111001665167708,-0.11110966164878498
13502,0.1,-0.11110994225010401,1.1068465591416979e-9,3.326930355660752e-5,5.4516624594228325e-5,0.11110994225010401,-0.11110966448741252
13503,0.1,-0.11110986867802902,1.4854517881504287e-9,3.8541559233513483e-5,5.4103787868088485e-5,0.11110986867802902,-0.11110966723750003
13504,0.1,-0.11110979602026455,1.914803056676714e-9,4.375846268639603e-5,5.364247306543782e-5,0.11110979602026455,-0.11110966988931259
13505,0.25,-0.1111097265599287,2.379520882552094e-9,4.878033294835219e-5,5.313552929893064e-5,0.1111097265599287,-0.11110967200922398
13506,0.625,-0.11110966574336753,2.8382081407076946e-9,5.327483590502832e-5,5.186977599118809e-5,0.11110966574336753,-0.11110967261928585
13507,1.5625,-0.11110962784432765,3.1760686055987105e-9,5.63566198915328e-5,4.855641796914761e-5,0.11110962784432765,-0.1111096692234293
13508,3.90625,-0.11110964728934412,3.1111490815537794e-9,5.577767547642855e-5,3.9967772693226405e-5,0.11110964728934412,-0.11110965695875978
13509,9.765625,-0.1111097901271694,2.1618952814960163e-9,4.649618566609541e-5,1.9572411741335974e-5,0.1111097901271694,-0.11110963437487717
13510,24.4140625,-0.1111101021500899,4.5116493043598215e-10,2.1240643362101397e-5,2.8719944212266697e-5,0.1111101021500899,-0.11110963052765786
13511,9.765625,-0.1111102319205453,9.875657354255045e-11,9.937634202492585e-6,7.769562250310597e-5,0.1111102319205453,-0.11110963876723791
13512,3.90625,-0.11111034732665888,1.5931501023054875e-11,3.9914284439351874e-6,8.619680470770207e-5,0.11111034732665888,-0.11110964676537385
13513,1.5625,-0.11111045538474193,9.157279856432243e-11,9.569367720195647e-6,8.593078733660624e-5,0.11111045538474193,-0.11110965402308076
13514,0.625,-0.11111056094714514,3.04098110622322e-10,1.7438409062248828e-5,8.441626630304529e-5,0.11111056094714514,-0.11110966088797396
13515,0.25,-0.11111066574728697,6.486997012110387e-10,2.5469583844480825e-5,8.321135531675376e-5,0.11111066574728697,-0.11110966759868712
13516,0.1,-0.11111077040721218,1.124130349497905e-9,3.352805317190225e-5,8.244252242089495e-5,0.11111077040721218,-0.11110967425983109
13517,0.1,-0.11111087478766346,1.7263668473998317e-9,4.154957096529195e-5,8.197348990253707e-5,0.11111087478766346,-0.11110968076981512
13518,0.1,-0.11111097878859712,2.451463259800184e-9,4.951225363281481e-5,8.143049767099428e-5,0.11111097878859712,-0.11110968710510583
13519,0.1,-0.11111108230838607,3.295045091503234e-9,5.7402483321745185e-5,8.08140857436743e-5,0.11111108230838607,-0.11110969324297694
13520,0.1,-0.11111118524402408,4.25232781103763e-9,6.520987510368066e-5,8.012490673494197e-5,0.11111118524402408,-0.11110969916159676
13521,0.25,-0.11111128542356809,5.2893109041988996e-9,7.272764882903131e-5,7.936720921310938e-5,0.11111128542356809,-0.11110970389638318
13522,0.625,-0.11111137743808283,6.314374089635357e-9,7.946303599558323e-5,7.747561782525873e-5,0.11111137743808283,-0.11110970526848742
13523,1.5625,-0.11111144655717185,7.07319289974303e-9,8.410227642426232e-5,7.252123420979746e-5,0.11111144655717185,-0.11110969770924581
13524,3.90625,-0.11111145467490394,6.939928024823265e-9,8.330623040819494e-5,5.9653981962782584e-5,0.11111145467490394,-0.111109670331428
13525,9.765625,-0.11111131490968425,4.8397786986153026e-9,6.956851801364826e-5,2.8757629434898482e-5,0.11111131490968425,-0.1111096196863644
13526,24.4140625,-0.11111087552610123,7.464058430395921e-11,8.639478242576876e-6,4.1034997953080206e-5,0.11111087552610123,-0.1111096489517984
13527,9.765625,-0.11111009096964362,7.825920838519201e-11,8.846423479869818e-6,2.3664620266251673e-5,0.11111009096964362,-0.11110964848539606
13528,3.90625,-0.1111097986664958,8.92946494328885e-11,9.449584616949493e-6,1.6333132383288682e-5,0.1111097986664958,-0.11110964831898489
13529,1.5625,-0.11110956324111175,1.0325642345554171e-10,1.0161516789118724e-5,1.3280669402293546e-5,0.11110956324111175,-0.11110964830597642
13530,0.625,-0.11110934254352936,1.1975522092866762e-10,1.094327286183926e-5,1.1965111664164074e-5,0.11110934254352936,-0.11110964836404881
13531,1.5625,-0.11110921052418112,1.3030969277958445e-10,1.1415327099106029e-5,1.1361597418476445e-5,0.11110921052418112,-0.11110964826054813
13532,3.90625,-0.11110931487283612,1.2062689998707194e-10,1.0983027815091427e-5,9.949587856796144e-6,0.11110931487283612,-0.11110964782771424
13533,9.765625,-0.1111098871355017,7.335218318516972e-11,8.564588909292127e-6,7.728793359053945e-6,0.1111098871355017,-0.11110964713558236
13534,24.4140625,-0.11111059019538909,1.3028735404746333e-11,3.609533959494817e-6,1.0256996214431728e-5,0.11111059019538909,-0.1111096472423862
13535,9.765625,-0.11111029502006223,3.371313108577956e-12,1.836113588146974e-6,1.6689049206658895e-5,0.11111029502006223,-0.11110964759196947
13536,3.90625,-0.1111101986504167,3.2219641521715084e-12,1.7949830506641305e-6,1.7426909191821516e-5,0.1111101986504167,-0.11110964789667753
13537,1.5625,-0.11111012633681921,8.389158469063715e-12,2.8964044035776006e-6,1.7046986115345538e-5,0.11111012633681921,-0.11110964817150756
13538,0.625,-0.11111006016072722,1.8225431240610817e-11,4.26912534843038e-6,1.6630997296084784e-5,0.11111006016072722,-0.11110964843332076
13539,0.25,-0.111109995848135,3.2591649779308804e-11,5.708909683933422e-6,1.6346208362798755e-5,0.111109995848135,-0.11110964869056149
13540,0.1,-0.11110993212441249,5.1443295900673117e-11,7.172398197302846e-6,1.6170203554195813e-5,0.11110993212441249,-0.1111096489463628
13541,0.1,-0.11110987050583404,7.458418211514817e-11,8.636213413015462e-6,1.6061002206647216e-5,0.11110987050583404,-0.11110964919579713
13542,0.1,-0.11110981121960396,1.0184225752913994e-10,1.009169250072256e-5,1.594105671248878e-5,0.11110981121960396,-0.11110964943815792
13543,0.1,-0.1111097544832047,1.3303230349388917e-10,1.1533963043719586e-5,1.5810289544790318e-5,0.1111097544832047,-0.11110964967276275
13544,0.1,-0.11110970050372455,1.679566325841319e-10,1.295980835445231e-5,1.566868880763053e-5,0.11110970050372455,-0.1111096498989576
13545,0.25,-0.11110965702742065,2.051772236805413e-10,1.4324008645645998e-5,1.5517353718160496e-5,0.11110965702742065,-0.1111096500799064
13546,0.625,-0.11110964141562933,2.4093016838957855e-10,1.5521925408581842e-5,1.5161683257384325e-5,0.11110964141562933,-0.1111096501348733
13547,1.5625,-0.11110969638381875,2.650467339554271e-10,1.6280255954849946e-5,1.4264356238679873e-5,0.11110969638381875,-0.11110964986217353
13548,3.90625,-0.11110991053571816,2.536891254628262e-10,1.5927621462818176e-5,1.2049380235856602e-5,0.11110991053571816,-0.11110964888738749
13549,9.765625,-0.11111037070846086,1.7039074942195047e-10,1.3053380765991255e-5,7.709176892772659e-6,0.11111037070846086,-0.11110964716828628
13550,24.4140625,-0.11111067059857517,3.4326699622643624e-11,5.858899181812538e-6,1.0911180727970356e-5,0.11111067059857517,-0.11110964701903205
13551,9.765625,-0.11111046207649675,8.21526289818997e-12,2.8662279913136654e-6,2.2862253517222334e-5,0.11111046207649675,-0.11110964770510044
13552,3.90625,-0.11111037478802044,3.329358653764832e-12,1.8246530228415572e-6,2.4873968101593022e-5,0.11111037478802044,-0.11110964835546557
13553,1.5625,-0.11111030418443336,1.0803648715261731e-11,3.286890432500258e-6,2.4662562833953125e-5,0.11111030418443336,-0.11110964894624487
13554,0.625,-0.11111023818719959,2.898476561912338e-11,5.3837501445668315e-6,2.418379780130457e-5,0.11111023818719959,-0.11110964950690351
13555,0.25,-0.11111017367922076,5.750464982854449e-11,7.5831820384680526e-6,2.3821369688920313e-5,0.11111017367922076,-0.11110965005601006
13556,0.1,-0.11111010967882706,9.626046473381288e-11,9.811241752898197e-6,2.359163082892308e-5,0.11111010967882706,-0.11110965060136696
13557,0.1,-0.11111004672060416,1.4489993607392963e-10,1.203743893334166e-5,2.344977182345486e-5,0.11111004672060416,-0.11110965113407374
13558,0.1,-0.1111099849492278,2.0308782057405626e-10,1.4250888413500973e-5,2.3288510743958778e-5,0.1111099849492278,-0.11110965165234625
13559,0.1,-0.11110992450512604,2.704559802596914e-10,1.644554590944586e-5,2.3107951571968578e-5,0.11110992450512604,-0.11110965215446379
13560,0.1,-0.11110986552408562,3.46604850618221e-10,1.8617326623826017e-5,2.290824737987229e-5,0.11110986552408562,-0.1111096526387762
13561,0.25,-0.1111098120366562,4.2869927296467015e-10,2.0705054285479916e-5,2.2690706754898584e-5,0.1111098120366562,-0.11110965302747691
13562,0.625,-0.11110977340860256,5.091606145125057e-10,2.256458762114889e-5,2.2160789008167342e-5,0.11110977340860256,-0.11110965314643666
13563,1.5625,-0.11110977331288958,5.670937936183519e-10,2.3813731199002642e-5,2.0792865370756326e-5,0.11110977331288958,-0.11110965255385856
13564,3.90625,-0.1111098636363269,5.516886312379063e-10,2.3488052946932537e-5,1.7308259640060504e-5,0.1111098636363269,-0.11110965040148989
13565,9.765625,-0.1111101117554689,3.7841629783296876e-10,1.9452925174198576e-5,9.644181650753714e-6,0.1111101117554689,-0.11110964649491824
13566,24.4140625,-0.11111037817157675,7.674823806787601e-11,8.760607174612728e-6,1.3861436234569652e-5,0.11111037817157675,-0.11110964598790851
13567,9.765625,-0.111110349326807,1.720341997335824e-11,4.1477005645728865e-6,3.309947300958298e-5,0.111110349326807,-0.11110964746065188
13568,3.90625,-0.11111036381196442,4.548259018757489e-12,2.1326647694275555e-6,3.638746747989242e-5,0.11111036381196442,-0.11110964887110117
13569,1.5625,-0.11111038194841652,1.9413973642411893e-11,4.406129099607942e-6,3.61795917993263e-5,0.11111038194841652,-0.11110965015025746
13570,0.625,-0.11111040083304985,5.809053037450562e-11,7.621714398644548e-6,3.550994011343802e-5,0.11111040083304985,-0.11110965136168889
13571,0.25,-0.11111041993638704,1.1975602267854843e-10,1.0943309493866489e-5,3.499154404175715e-5,0.11111041993638704,-0.1111096525470295
13572,0.1,-0.11111043912573744,2.041932563800584e-10,1.428962058208889e-5,3.46632451523763e-5,0.11111043912573744,-0.11110965372413961
13573,0.1,-0.11111045857956546,3.1066721313001334e-10,1.7625754257052755e-5,3.446308001877381e-5,0.11111045857956546,-0.1111096548743444
13574,0.1,-0.11111047831676807,4.3846731896719096e-10,2.0939611242026223e-5,3.423260241961888e-5,0.11111047831676807,-0.11110965599358216
13575,0.1,-0.11111049835403763,5.868086194879412e-10,2.422413299765218e-5,3.397203458458153e-5,0.11111049835403763,-0.11110965707793433
13576,0.1,-0.11111051870576787,7.548350801728337e-10,2.747426214064417e-5,3.36816530987822e-5,0.11111051870576787,-0.11110965812363985
13577,0.25,-0.1111105401615094,9.364471923727995e-10,3.060142467880866e-5,3.3363308630585836e-5,0.1111105401615094,-0.11110965896028548
13578,0.625,-0.11111056439593314,1.1152657871259273e-9,3.339559532522107e-5,3.257336131954862e-5,0.11111056439593314,-0.11110965920460086
13579,1.5625,-0.11111059517260298,1.2459517051675883e-9,3.5298041095329755e-5,3.0513400488662318e-5,0.11111059517260298,-0.11110965788039168
13580,3.90625,-0.11111063812309772,1.2174651037235205e-9,3.4892192589797514e-5,2.5202229306300568e-5,0.11111063812309772,-0.11110965309571227
13581,9.765625,-0.11111068355652413,8.41652213341504e-10,2.901124287826194e-5,1.2913701410296957e-5,0.11111068355652413,-0.11110964433728536
13582,24.4140625,-0.1111106069572058,1.7311475523332412e-10,1.3157308054207902e-5,1.8908712827587494e-5,0.1111106069572058,-0.11110964299636931
13583,9.765625,-0.11111048384159623,3.803327433759468e-11,6.167112317575762e-6,4.877757212612289e-5,0.11111048384159623,-0.11110964622793588
13584,3.90625,-0.11111040121220345,7.532811207628681e-12,2.7445967295084864e-6,5.3920466585291615e-5,0.11111040121220345,-0.11110964934524692
13585,1.5625,-0.11111032705533663,3.8504283408877516e-11,6.2051819803191524e-6,5.369591812579657e-5,0.11111032705533663,-0.11110965217234578
13586,0.625,-0.11111025558093587,1.2262086862938097e-10,1.1073430752453413e-5,5.2729784209130694e-5,0.11111025558093587,-0.11110965484750393
13587,0.25,-0.1111101850644394,2.5803746898524866e-10,1.6063544720429816e-5,5.1970655629939715e-5,0.1111101850644394,-0.11110965746363909
13588,0.1,-0.11111011492983247,4.442767607731568e-10,2.1077873725144974e-5,5.1488658914203885e-5,0.11111011492983247,-0.1111096600611077
13589,0.1,-0.11111004539411252,6.797492657195094e-10,2.607200156718907e-5,5.119555342561067e-5,0.11111004539411252,-0.11110966259955618
13590,0.1,-0.1111099765390679,9.629055326449295e-10,3.1030719177049855e-5,5.085654565105388e-5,0.1111099765390679,-0.11110966506986152
13591,0.1,-0.11110990844495268,1.2920292671990639e-9,3.594480862654667e-5,5.047197297948922e-5,0.11110990844495268,-0.11110966746321486
13592,0.1,-0.11110984119034834,1.665244602258293e-9,4.0807408668749026e-5,5.0042246634372186e-5,0.11110984119034834,-0.1111096697711568
13593,0.25,-0.11110977688359323,2.0691709228574005e-9,4.548814046383299e-5,4.957002136834096e-5,0.11110977688359323,-0.11110967161664731
13594,0.625,-0.11110972055613597,2.4677946133397205e-9,4.967690221158844e-5,4.839082569989795e-5,0.11110972055613597,-0.11110967214950407
13595,1.5625,-0.11110968539721876,2.7612574200014452e-9,5.254766807386837e-5,4.530427179344724e-5,0.11110968539721876,-0.11110966920007154
13596,3.90625,-0.11110970322243217,2.704342410951676e-9,5.200329230877287e-5,3.7306670138883436e-5,0.11110970322243217,-0.11110965854297118
13597,9.765625,-0.1111098350678661,1.8784835675625373e-9,4.3341476296528446e-5,1.8362071731869384e-5,0.1111098350678661,-0.11110963892638781
13598,24.4140625,-0.11111012322371432,3.9161410310950677e-10,1.9789242105485162e-5,2.690522772366526e-5,0.11111012322371432,-0.11110963561006976
13599,9.765625,-0.11111024330408639,8.581213839805078e-11,9.263484139245383e-6,7.246017198517935e-5,0.11111024330408639,-0.11110964277269407
13600,3.90625,-0.11111035010512021,1.4164747193072889e-11,3.763608267749566e-6,8.036431609403177e-5,0.11111035010512021,-0.11110964972242776
13601,1.5625,-0.11111045010033181,8.015606976173156e-11,8.952992223928911e-6,8.010945851713348e-5,0.11111045010033181,-0.11110965602874169
13602,0.625,-0.11111054777708823,2.6504931574092747e-10,1.6280335246576695e-5,7.869542821798998e-5,0.11111054777708823,-0.11110966199405328
13603,0.25,-0.11111064473816429,5.646732225236581e-10,2.376285383794754e-5,7.757162503250808e-5,0.11111064473816429,-0.11110966782564373
13604,0.1,-0.11111074155854478,9.77946608546803e-10,3.127213789536627e-5,7.6854866126754e-5,0.11111074155854478,-0.11110967361431222
13605,0.1,-0.11111083811147086,1.501370317700866e-9,3.874752014904781e-5,7.641774687806377e-5,0.11111083811147086,-0.11110967927163556
13606,0.1,-0.11111093430501827,2.1315141740050034e-9,4.6168324357778066e-5,7.591170824636544e-5,0.11111093430501827,-0.11110968477717136
13607,0.1,-0.11111103004586227,2.8645755470929303e-9,5.3521729672096085e-5,7.533725499031657e-5,0.11111103004586227,-0.11110969011117795
13608,0.1,-0.11111112523946805,3.696395462570662e-9,6.0797988968144845e-5,7.469499707540541e-5,0.11111112523946805,-0.1111096952546928
13609,0.25,-0.11111121788883256,4.5974051774404585e-9,6.780416784712027e-5,7.39888934902827e-5,0.11111121788883256,-0.11110969936936646
13610,0.625,-0.11111130302056102,5.487933353324729e-9,7.408058688566613e-5,7.222596403608717e-5,0.11111130302056102,-0.11110970056177097
13611,1.5625,-0.11111136708792343,6.14684332267967e-9,7.840180688402322e-5,6.760872251713356e-5,0.11111136708792343,-0.11110969399334518
13612,3.90625,-0.11111137502211832,6.03006001224213e-9,7.765346104483772e-5,5.561952414390721e-5,0.11111137502211832,-0.11110967020757977
13613,9.765625,-0.11111124668193517,4.2037026093881015e-9,6.483596694264767e-5,2.6867972359839997e-5,0.11111124668193517,-0.11110962622684203
13614,24.4140625,-0.11111085572432348,8.856461123193873e-10,2.97598069939875e-5,3.906796060659692e-5,0.11111085572432348,-0.1111096182871403
13615,9.765625,-0.11111063903922211,1.9403362607075066e-10,1.3929595330473554e-5,0.00010809613726923515,0.11111063903922211,-0.11110963426514593
13616,3.90625,-0.11111046182039948,2.7680692441583643e-11,5.261244381473231e-6,0.0001201528688489351,0.11111046182039948,-0.11110964983898497
13617,1.5625,-0.11111029807095317,1.7008900536910693e-10,1.3041817563863823e-5,0.00011985941892368463,0.11111029807095317,-0.11110966398013097
13618,0.625,-0.11111013911228454,5.790410828298459e-10,2.4063272487960692e-5,0.00011777633645812917,0.11111013911228454,-0.11110967735453071
13619,0.25,-0.1111099820737239,1.2450830672089473e-9,3.5285734613423415e-5,0.00011610586100975534,0.1111099820737239,-0.11110969042574687
13620,0.1,-0.11110982596239338,2.1657418472736662e-9,4.653753159841706e-5,0.0001150360212018747,0.11110982596239338,-0.11110970339818071
13621,0.1,-0.11110967098593584,3.333250786744571e-9,5.77343120401081e-5,0.00011438137568922254,0.11110967098593584,-0.1111097160767555
13622,0.1,-0.11110951727037492,4.739964472432246e-9,6.884739989594557e-5,0.00011362368451857597,0.11110951727037492,-0.1111097284156858
13623,0.1,-0.11110936493900936,6.377407452126602e-9,7.98586717403101e-5,0.00011276368283979346,0.11110936493900936,-0.11110974037074764
13624,0.1,-0.11110921411235324,8.236309883143422e-9,9.075411772004299e-5,0.00011180226136565084,0.11110921411235324,-0.1111097518994484
13625,0.25,-0.11110906786646144,1.0251043383333787e-8,0.00010124743642845378,0.00011074533212194094,0.11110906786646144,-0.11110976113155106
13626,0.625,-0.11110893370192197,1.2244656394961412e-8,0.00011065557552586952,0.00010810966315298037,0.11110893370192197,-0.11110976383802801
13627,1.5625,-0.11110883185012518,1.3725651300225774e-8,0.00011715652478725106,0.00010120714211216426,0.11110883185012518,-0.11110974920013829
13628,3.90625,-0.11110881469439693,1.348301507999765e-8,0.00011611638592376896,8.326571183006407e-5,0.11110881469439693,-0.11110969601160166
13629,9.765625,-0.1111090055469345,9.428928843087575e-9,9.710267165782606e-5,3.996389087990041e-5,0.1111090055469345,-0.1111095972561888
13630,24.4140625,-0.11110971984886012,1.4167496454443175e-10,1.1902729289723083e-5,5.632894679882301e-5,0.11110971984886012,-0.11110965368220017
13631,9.765625,-0.11111080797138478,1.4802422337737576e-10,1.2166520594540402e-5,3.2467936176363935e-5,0.11111080797138478,-0.11110965280676263
13632,3.90625,-0.1111112101304853,1.6979775403168617e-10,1.3030646723462583e-5,2.2094917702564567e-5,0.1111112101304853,-0.11110965246849668
13633,1.5625,-0.11111153331474904,1.975007576182821e-10,1.405349627737817e-5,1.7641302725736517e-5,0.11111153331474904,-0.11110965241598157
13634,0.625,-0.1111118361539904,2.3035973565431483e-10,1.5177606387514299e-5,1.5672187824985493e-5,0.1111118361539904,-0.1111096524972355
13635,1.5625,-0.11111201518847807,2.516147901042562e-10,1.5862370254922694e-5,1.4755285408886592e-5,0.11111201518847807,-0.1111096522639717
13636,3.90625,-0.11111186485742018,2.3276334319572924e-10,1.5256583601702225e-5,1.2558374277019532e-5,0.11111186485742018,-0.11110965139093995
13637,9.765625,-0.11111106576913533,1.3999193019904924e-10,1.1831818549954578e-5,8.884791763034064e-6,0.11111106576913533,-0.11110965002902619
13638,24.4140625,-0.11111010667836757,2.3739138995745223e-11,4.8722827294549755e-6,1.2852766238073789e-5,0.11111010667836757,-0.11110965022976457
13639,9.765625,-0.11111053408800653,4.7948117216308885e-12,2.1897058527644502e-6,2.237373806523952e-5,0.11111053408800653,-0.11110965088636861
13640,3.90625,-0.11111067234602154,4.416887283843386e-12,2.1016391897381876e-6,2.3450878598165573e-5,0.11111067234602154,-0.11110965144556073
13641,1.5625,-0.11111077602383156,1.432289398797651e-11,3.784559946410746e-6,2.2912457380625453e-5,0.11111077602383156,-0.11110965194306349
13642,0.625,-0.11111087092137548,3.325504478306203e-11,5.766718718913038e-6,2.2318038588591773e-5,0.11111087092137548,-0.11110965241381499
13643,0.25,-0.11111096317171087,6.094422305137597e-11,7.80667810604331e-6,2.1910315763097322e-5,0.11111096317171087,-0.11110965287510532
13644,0.1,-0.11111105460047227,9.73049230595294e-11,9.864325778254153e-6,2.1658388195617122e-5,0.11111105460047227,-0.1111096533333923
13645,0.1,-0.11111114298990073,1.4195691276337052e-10,1.1914567250360817e-5,2.1502365534604672e-5,0.11111114298990073,-0.11110965377945302
13646,0.1,-0.11111122801152686,1.9456732437035868e-10,1.3948739167765618e-5,2.1330650103750015e-5,0.11111122801152686,-0.11110965421191689
13647,0.1,-0.11111130935089593,2.547777910716975e-10,1.596176027484743e-5,2.1143115035276312e-5,0.11111130935089593,-0.11110965462946033
13648,0.1,-0.11111138670855507,3.2220583706625227e-10,1.7950092954251026e-5,2.0939722239568076e-5,0.11111138670855507,-0.11110965503081463
13649,0.25,-0.11111144883900076,3.94063136805822e-10,1.9851023570733625e-5,2.0722027424098026e-5,0.11111144883900076,-0.11110965534516631
13650,0.625,-0.11111147055721891,4.630563353724804e-10,2.1518743814927497e-5,2.020819968129235e-5,0.11111147055721891,-0.11110965541711892
13651,1.5625,-0.11111138994961758,5.095113364314407e-10,2.2572357795131654e-5,1.8905572698841227e-5,0.11111138994961758,-0.11110965485863547
13652,3.90625,-0.11111107888567213,4.874747352472644e-10,2.2078830024420778e-5,1.565023277374114e-5,0.11111107888567213,-0.11110965295040942
13653,9.765625,-0.11111041370920245,3.27206341829063e-10,1.8088845784877017e-5,8.899798425709796e-6,0.11111041370920245,-0.11110964961254377
13654,24.4140625,-0.11110999189667553,6.522276872887638e-11,8.076061461435046e-6,1.3822736469401964e-5,0.11110999189667553,-0.11110964930068971
13655,9.765625,-0.11111029517012723,1.418369165242436e-11,3.76612422158701e-6,3.118594684155103e-5,0.11111029517012723,-0.11110965060840518
13656,3.90625,-0.11111042051667556,4.3834606394381116e-12,2.0936715691430953e-6,3.4079464109611253e-5,0.11111042051667556,-0.11110965184037136
13657,1.5625,-0.11111052156902763,1.8540792215391434e-11,4.3059020211091006e-6,3.380033149361136e-5,0.11111052156902763,-0.11110965295324352
13658,0.625,-0.11111061597862128,5.34379016318937e-11,7.3101232295970015e-6,3.3131769213951675e-5,0.11111061597862128,-0.111109654005977
13659,0.25,-0.11111070828018518,1.0835724430313363e-10,1.0409478579791287e-5,3.262273226966542e-5,0.11111070828018518,-0.1111096550355033
13660,0.1,-0.11111079989930307,1.830986591322071e-10,1.3531395313573803e-5,3.229934266107966e-5,0.11111079989930307,-0.11110965605739848
13661,0.1,-0.11111089002345788,2.769862595453538e-10,1.66429041800208e-5,3.209947844005542e-5,0.11111089002345788,-0.11110965705487644
13662,0.1,-0.11111097843860868,3.893745778345094e-10,1.973257656350304e-5,3.1872140564425926e-5,0.11111097843860868,-0.11110965802448268
13663,0.1,-0.11111106493670103,5.195544862132581e-10,2.2793737872785547e-5,3.161744707457514e-5,0.11111106493670103,-0.11110965896288331
13664,0.1,-0.11111114931627164,6.667560162552407e-10,2.582161916408885e-5,3.1335582909108336e-5,0.11111114931627164,-0.11110965986688004
13665,0.25,-0.11111122559138864,8.255232409541735e-10,2.8731920244810885e-5,3.1028355938557574e-5,0.11111122559138864,-0.11110966058653066
13666,0.625,-0.1111112798662991,9.812623888042687e-10,3.132510796157403e-5,3.0278913466511976e-5,0.1111112798662991,-0.1111096607857737
13667,1.5625,-0.11111127705187439,1.0937211480902358e-9,3.307145518555595e-5,2.8339849218061263e-5,0.11111127705187439,-0.11110965961131347
13668,3.90625,-0.11111114046112637,1.0649653594021942e-9,3.263380700136278e-5,2.336751769915701e-5,0.11111114046112637,-0.11110965542195717
13669,9.765625,-0.1111107721008297,7.317246316321028e-10,2.7050409084376207e-5,1.202589274871512e-5,0.1111107721008297,-0.11110964782627762
13670,24.4140625,-0.11111038847994298,1.4841497598295794e-10,1.2182568529787055e-5,1.8156327756197088e-5,0.11111038847994298,-0.11110964678460507
13671,9.765625,-0.11111044056855467,3.203828148240408e-11,5.660236875114334e-6,4.566094767462099e-5,0.11111044056855467,-0.11110964961795947
13672,3.90625,-0.11111042486035659,6.761550239413509e-12,2.600298105874307e-6,5.034051479242583e-5,0.11111042486035659,-0.11110965233034636
13673,1.5625,-0.11111040324519267,3.49349748713302e-11,5.910581601782535e-6,5.007644774761371e-5,0.11111040324519267,-0.11110965478550566
13674,0.625,-0.1111103804431571,1.093306104676546e-10,1.0456127890746871e-5,4.9148671202826085e-5,0.1111103804431571,-0.11110965710753842
13675,0.25,-0.11111035736633675,2.2834174412657144e-10,1.5110980912123853e-5,4.842618794305642e-5,0.11111035736633675,-0.11110965937800017
13676,0.1,-0.1111103342564474,3.9154210887300376e-10,1.9787422997272882e-5,4.796751435803312e-5,0.1111103342564474,-0.11110966163201012
13677,0.1,-0.11111031081585648,5.97515984654599e-10,2.444414008826244e-5,4.768742087279076e-5,0.11111031081585648,-0.11110966383393302
13678,0.1,-0.11111028700407678,8.448904859197836e-10,2.9066999947015234e-5,4.7364773244221625e-5,0.11111028700407678,-0.11110966597588216
13679,0.1,-0.11111026278325677,1.132148778637854e-9,3.3647418602886225e-5,4.699987044892459e-5,0.11111026278325677,-0.11110966805024745
13680,0.1,-0.11111023811837896,1.4576364438566446e-9,3.817900527589273e-5,4.6593084530412474e-5,0.11111023811837896,-0.11110967004972418
13681,0.25,-0.11111021157094693,1.8095944603032522e-9,4.253932839506581e-5,4.614699360313932e-5,0.11111021157094693,-0.11110967164483415
13682,0.625,-0.11111018000422132,2.1564297439996696e-9,4.643737443051307e-5,4.503989604343027e-5,0.11111018000422132,-0.11110967209376262
13683,1.5625,-0.111110136131659,2.4106458043140745e-9,4.909832791770077e-5,4.2150205053389105e-5,0.111110136131659,-0.11110966950563031
13684,3.90625,-0.11111006773375555,2.3577433270141203e-9,4.855659921178706e-5,3.467572433509288e-5,0.11111006773375555,-0.11110966020851058
13685,9.765625,-0.11110998388052112,1.6331348202524569e-9,4.041206280620252e-5,1.7042398463477512e-5,0.11110998388052112,-0.11110964316847688
13686,24.4140625,-0.11111007880219742,3.372012730248031e-10,1.8363040952543867e-5,2.543109698853748e-5,0.11111007880219742,-0.11110964044509855
13687,9.765625,-0.11111026235550414,7.3078641350907e-11,8.548604643502178e-6,6.768016899328081e-5,0.11111026235550414,-0.11110964669709766
13688,3.90625,-0.11111038286299287,1.2413775871592037e-11,3.5233188716878917e-6,7.495488684583188e-5,0.11111038286299287,-0.11110965273690145
13689,1.5625,-0.11111049075486187,7.134134110081432e-11,8.446380354969478e-6,7.467487634244522e-5,0.11111049075486187,-0.11110965821171369
13690,0.625,-0.11111059485232955,2.336212746859928e-10,1.528467450376333e-5,7.333762719014974e-5,0.11111059485232955,-0.11110966338935822
13691,0.25,-0.11111069776961925,4.956446446986888e-10,2.2263078059843586e-5,7.228125725452173e-5,0.11111069776961925,-0.11110966845097653
13692,0.1,-0.1111108003826052,8.564749262095545e-10,2.926559287302334e-5,7.160887075737323e-5,0.1111108003826052,-0.11110967347552983
13693,0.1,-0.11111090232212657,1.3130428057976693e-9,3.623593252281041e-5,7.11991800637193e-5,0.11111090232212657,-0.11110967838546677
13694,0.1,-0.11111100345058365,1.8623479032285583e-9,4.3154929072222544e-5,7.072530747442546e-5,0.11111100345058365,-0.11110968316304524
13695,0.1,-0.11111110363110495,2.5010659403207757e-9,5.001065826722116e-5,7.018771029690288e-5,0.11111110363110495,-0.1111096877911333
13696,0.1,-0.11111120272787905,3.225562780795057e-9,5.6794038250463024e-5,6.958694741586269e-5,0.11111120272787905,-0.1111096922532766
13697,0.25,-0.11111129730195286,4.009970719237823e-9,6.332432959959247e-5,6.892671950535705e-5,0.11111129730195286,-0.11110969581851471
13698,0.625,-0.11111137912045789,4.784633389951885e-9,6.917104444745565e-5,6.727900806583915e-5,0.11111137912045789,-0.11110969683727225
13699,1.5625,-0.11111142663065587,5.356318861245603e-9,7.318687629107833e-5,6.29650755479491e-5,0.11111142663065587,-0.1111096910971038
13700,3.90625,-0.11111138844690371,5.250096089048316e-9,7.245754680534193e-5,5.176994523008093e-5,0.11111138844690371,-0.11110967038036695
13701,9.765625,-0.11111117109657173,3.6531442730879184e-9,6.0441246455445624e-5,2.498792056441521e-5,0.11111117109657173,-0.11110963217891362
13702,24.4140625,-0.11111074277419782,7.650666061453279e-10,2.765983742080434e-5,3.676048489648759e-5,0.11111074277419782,-0.11110962550526844
13703,9.765625,-0.11111059016054473,1.6692874900978938e-10,1.2920090905631794e-5,0.00010085142495576077,0.11111059016054473,-0.11110963941148272
13704,3.90625,-0.1111104472910328,2.4895333375560296e-11,4.989522359460903e-6,0.00011199400858065351,0.1111104472910328,-0.11110965293006933
13705,1.5625,-0.11111031309828125,1.5095997446301992e-10,1.2286577003503454e-5,0.0001116799387816797,0.11111031309828125,-0.1111096651979682
13706,0.625,-0.11111018228274427,5.085406709314743e-10,2.255084634623442e-5,0.00010972173896491967,0.11111018228274427,-0.1111096768000287
13707,0.25,-0.1111100528922113,1.08946579030592e-9,3.300705667438283e-5,0.00010815836877076423,0.1111100528922113,-0.11110968813987981
13708,0.1,-0.11110992422940154,1.8916042842173336e-9,4.349257734622465e-5,0.00010715916724272308,0.11110992422940154,-0.11110969939489933
13709,0.1,-0.11110979637385998,2.9081748547678626e-9,5.392749627757497e-5,0.00010654876761636897,0.11110979637385998,-0.11110971039443546
13710,0.1,-0.11110966941110904,4.132515748346425e-9,6.428464628779118e-5,0.00010584221365650162,0.11110966941110904,-0.11110972109870676
13711,0.1,-0.11110954342526563,5.557242799746164e-9,7.454691676887894e-5,0.00010504019933547826,0.11110954342526563,-0.11110973146929325
13712,0.1,-0.11110941849906715,7.1742805927900725e-9,8.470112509754562e-5,0.00010414356386174336,0.11110941849906715,-0.111109741469284
13713,0.25,-0.11110929660718714,8.92635702694728e-9,9.44794000136923e-5,0.00010315782879631798,0.11110929660718714,-0.11110974947050274
13714,0.625,-0.11110918266830559,1.0659108024514574e-8,0.00010324295629491909,0.00010069814992321962,0.11110918266830559,-0.1111097517933422
13715,1.5625,-0.11110909030134057,1.1943925380700318e-8,0.00010928826735153375,9.425579250659798e-5,0.11110909030134057,-0.1111097390293337
13716,3.90625,-0.11110905681239001,1.172546429620461e-8,0.00010828418303798857,7.751444799328436e-5,0.11110905681239001,-0.11110969276150137
13717,9.765625,-0.1111091817946954,8.18791737692196e-9,9.048711166194864e-5,3.716721533258787e-5,0.1111091817946954,-0.11110960703253146
13718,24.4140625,-0.11110996601902762,1.230444962279432e-10,1.1092542369896236e-5,5.2844788051136544e-5,0.11110996601902762,-0.11110965629908116
13719,9.765625,-0.11111070120052517,1.296695878046195e-10,1.1387255499224538e-5,2.9955191691356202e-5,0.11111070120052517,-0.11110965547891952
13720,3.90625,-0.11111096707980478,1.475117266909868e-10,1.214544057212363e-5,2.0314858113254816e-5,0.11111096707980478,-0.11110965517638301
13721,1.5625,-0.11111118104944667,1.7018476754844814e-10,1.3045488398233626e-5,1.6279379199283543e-5,0.11111118104944667,-0.1111096551298101
13722,3.90625,-0.11111122438809908,1.6992132818605883e-10,1.3035387534939606e-5,1.45107376771449e-5,0.11111122438809908,-0.11110965456236012
13723,9.765625,-0.11111087280512601,1.145793893828911e-10,1.0704176258960382e-5,1.0714580502374632e-5,0.11111087280512601,-0.11110965340621706
13724,24.4140625,-0.11111026903863758,2.2068585532699654e-11,4.6977213127962e-6,1.0075176540751548e-5,0.11111026903863758,-0.11110965325942844
13725,9.765625,-0.11111056010849789,5.7685375487434195e-12,2.401777997389313e-6,1.8627394484332034e-5,0.11111056010849789,-0.11110965370815766
13726,3.90625,-0.11111065109421484,3.1914159451046553e-12,1.786453454502707e-6,1.9956380352188262e-5,0.11111065109421484,-0.11110965412198587
13727,1.5625,-0.11111072023887791,8.20665621635324e-12,2.864726202685562e-6,1.9679317019691483e-5,0.11111072023887791,-0.11110965449711442
13728,0.625,-0.11111078399441462,1.9751104286998463e-11,4.444221448915261e-6,1.9239333385232063e-5,0.11111078399441462,-0.11110965485241049
13729,0.25,-0.11111084617378247,3.756383749636361e-11,6.128934450323613e-6,1.8907938043334317e-5,0.11111084617378247,-0.1111096551992845
13730,0.1,-0.1111109078847921,6.154812309581957e-11,7.845261187227584e-6,1.868842195368772e-5,0.1111109078847921,-0.11110965554251001
13731,0.1,-0.11111096726997353,9.14371245843088e-11,9.562276119434577e-6,1.8542767196849825e-5,0.11111096726997353,-0.1111096558765168
13732,0.1,-0.11111102410323882,1.2698927304254214e-10,1.1268951727758094e-5,1.838642421477371e-5,0.11111102410323882,-0.11110965620043103
13733,0.1,-0.1111110781692652,1.679472670650875e-10,1.2959447020034749e-5,1.8219019760208806e-5,0.1111110781692652,-0.11110965651340009
13734,0.1,-0.11111112926417893,2.1403878627703938e-10,1.4630064465922198e-5,1.804029380711138e-5,0.11111112926417893,-0.11110965681459908
13735,0.25,-0.11111116896209203,2.634211948940238e-10,1.6230255540009955e-5,1.7851666345403347e-5,0.11111116896209203,-0.11110965705654213
13736,0.625,-0.11111117862753504,3.112651931801005e-10,1.7642709349192955e-5,1.742944608148717e-5,0.11111117862753504,-0.11110965713384877
13737,1.5625,-0.11111111283597315,3.444931333384443e-10,1.8560526213942434e-5,1.6381668218122763e-5,0.11111111283597315,-0.11110965678137548
13738,3.90625,-0.11111087904946657,3.322711605828626e-10,1.82283065747442e-5,1.3785290349640018e-5,0.11111087904946657,-0.11110965549888419
13739,9.765625,-0.11111039508418326,2.2642426340262628e-10,1.5047400553006697e-5,8.431257710941222e-6,0.11111039508418326,-0.11110965318854252
13740,24.4140625,-0.11111012080635041,4.722454095613929e-11,6.872011419965721e-6,1.1467239079008563e-5,0.11111012080635041,-0.11110965286944455
13741,9.765625,-0.11111032937844871,1.1353839962104123e-11,3.3695459578560613e-6,2.579497918550469e-5,0.11111032937844871,-0.11110965375160883
13742,3.90625,-0.11111041565683738,3.730465172364615e-12,1.9314412163885843e-6,2.8291330852842465e-5,0.11111041565683738,-0.1111096546010978
13743,1.5625,-0.11111048508851394,1.2483424373497868e-11,3.533188980722354e-6,2.810914431828421e-5,0.11111048508851394,-0.11110965537334594
13744,0.625,-0.11111054991187594,3.5350091804917887e-11,5.94559431889848e-6,2.7573558360192312e-5,0.11111054991187594,-0.11110965610483366
13745,0.25,-0.11111061327014214,7.180397179719115e-11,8.473722428613716e-6,2.7154597506235046e-5,0.11111061327014214,-0.1111096568198448
13746,0.1,-0.11111067615248509,1.2168341444212528e-10,1.1031020553064221e-5,2.6882124065142208e-5,0.11111067615248509,-0.1111096575288597
13747,0.1,-0.11111073802152727,1.8452310728136984e-10,1.3583928271356922e-5,2.67088358601254e-5,0.11111073802152727,-0.11110965822080729
13748,0.1,-0.11111079872983792,2.598748361586305e-10,1.6120633863425796e-5,2.6513942067200625e-5,0.11111079872983792,-0.11110965889340058
13749,0.1,-0.11111085813395093,3.472490970730594e-10,1.8634620926465326e-5,2.6297481495359875e-5,0.11111085813395093,-0.11110965954443262
13750,0.1,-0.1111109160947824,4.461168925292769e-10,2.1121479411472977e-5,2.6059558673340244e-5,0.1111109160947824,-0.11110966017178366
13751,0.25,-0.11111096853779974,5.528470354876225e-10,2.3512699451309766e-5,2.5801809049092012e-5,0.11111096853779974,-0.11110966067501868
13752,0.625,-0.11111100598110961,6.577347276265515e-10,2.5646339458615756e-5,2.5188037393214122e-5,0.11111100598110961,-0.11110966082862779
13753,1.5625,-0.11111100443696925,7.339919493444208e-10,2.7092285790320846e-5,2.361622361550164e-5,0.11111100443696925,-0.11110966005898373
13754,3.90625,-0.11111091130091184,7.162470000756402e-10,2.676279133565182e-5,1.9608539526373616e-5,0.11111091130091184,-0.11110965725735855
13755,9.765625,-0.11111065845987418,4.945240443104308e-10,2.223789658017212e-5,1.0603349070200107e-5,0.11111065845987418,-0.11110965213168426
13756,24.4140625,-0.11111038986942001,1.0182965446527614e-10,1.0091068053743178e-5,1.5127038852095582e-5,0.11111038986942001,-0.11110965136670015
13757,9.765625,-0.11111042015566336,2.249357799641951e-11,4.7427395033271124e-6,3.7639453103182215e-5,0.11111042015566336,-0.11110965328468597
13758,3.90625,-0.11111040377321227,4.859053936107777e-12,2.204326186413385e-6,4.152374502531366e-5,0.11111040377321227,-0.11110965513092624
13759,1.5625,-0.1111103839260405,2.3390812382786326e-11,4.836404902692322e-6,4.1323366940529045e-5,0.1111103839260405,-0.11110965680488336
13760,0.625,-0.11111036346082116,7.314779612310766e-11,8.552648485884805e-6,4.056484289068481e-5,0.11111036346082116,-0.11110965838854207
13761,0.25,-0.1111103428746449,1.5301029969054306e-10,1.2369733210160317e-5,3.996880062639872e-5,0.1111103428746449,-0.11110965993661778
13762,0.1,-0.11111032228894659,2.626647589438081e-10,1.620693551982632e-5,3.9586628514141926e-5,0.11111032228894659,-0.1111096614728087
13763,0.1,-0.11111030150670202,4.011460429346157e-10,2.002863058061174e-5,3.9349969231615796e-5,0.11111030150670202,-0.11110966297327687
13764,0.1,-0.111110280506468,5.675143545017788e-10,2.3822559780631862e-5,3.907893605505198e-5,0.111110280506468,-0.11110966443274842
13765,0.1,-0.11111025926866192,7.607346511690747e-10,2.758141858514668e-5,3.877376095562351e-5,0.11111025926866192,-0.11110966584613624
13766,0.1,-0.11111023777569073,9.796808969650391e-10,3.1299854583768266e-5,3.843473964482515e-5,0.11111023777569073,-0.11110966720855892
13767,0.25,-0.11111021517943744,1.2164800288413818e-9,3.487807375474428e-5,3.806415227951553e-5,0.11111021517943744,-0.1111096682985448
13768,0.625,-0.11111018967600321,1.4499957883390426e-9,3.807881022746171e-5,3.715560658820944e-5,0.11111018967600321,-0.11110966861721028
13769,1.5625,-0.11111015723053036,1.621680543603024e-9,4.027009490432105e-5,3.479625037336741e-5,0.11111015723053036,-0.11110966689188283
13770,3.90625,-0.11111011205684002,1.587801089197784e-9,3.9847221850434995e-5,2.8709387753921073e-5,0.11111011205684002,-0.11110966064479796
13771,9.765625,-0.11111006679396011,1.1028626107543621e-9,3.320937534423618e-5,1.444224928995707e-5,0.11111006679396011,-0.11110964914396433
13772,24.4140625,-0.11111016518056548,2.2948802903277682e-10,1.5148862301597993e-5,2.096798634683882e-5,0.11111016518056548,-0.11110964723049534
13773,9.765625,-0.11111030403651263,4.992884112055316e-11,7.066034327722528e-6,5.5719442747280495e-5,0.11111030403651263,-0.111109651466255
13774,3.90625,-0.11111039775129375,8.16939789932092e-12,2.8582158594691407e-6,6.174266895986056e-5,0.11111039775129375,-0.11110965556816306
13775,1.5625,-0.11111048194950497,4.73548959399737e-11,6.881489369313427e-6,6.152793242881939e-5,0.11111048194950497,-0.11110965928856266
13776,0.625,-0.11111056325465041,1.5642563471359473e-10,1.2507023415409228e-5,6.0431552592541994e-5,0.11111056325465041,-0.1111096628069665
13777,0.25,-0.11111064364893598,3.3289394998985995e-10,1.8245381607131707e-5,5.956050086702057e-5,0.11111064364893598,-0.1111096662456988
13778,0.1,-0.11111072379838466,5.760903809360672e-10,2.4001882862310347e-5,5.9002620225011766e-5,0.11111072379838466,-0.11110966965824744
13779,0.1,-0.11111080342058456,8.839276465029624e-10,2.973092071401359e-5,5.865967028369136e-5,0.11111080342058456,-0.11110967299256985
13780,0.1,-0.11111088241081857,1.2543590982896514e-9,3.541693236701411e-5,5.826442426825022e-5,0.11111088241081857,-0.11110967623673729
13781,0.1,-0.11111096066488056,1.6851218647050857e-9,4.1050235866619396e-5,5.781725621003012e-5,0.11111096066488056,-0.11110967937923451
13782,0.1,-0.11111103807931814,2.1737463211453267e-9,4.662345247989821e-5,5.731862520829411e-5,0.11111103807931814,-0.11110968240900469
13783,0.25,-0.11111111203164127,2.702846145879178e-9,5.198890406499427e-5,5.67717548410009e-5,0.11111111203164127,-0.1111096848333631
13784,0.625,-0.1111111762378859,3.225627413992596e-9,5.679460726154021e-5,5.541738723291393e-5,0.1111111762378859,-0.11110968554004369
13785,1.5625,-0.11111121420229116,3.612261719615869e-9,6.010209413669268e-5,5.188250891831683e-5,0.11111121420229116,-0.11110968168708917
13786,3.90625,-0.11111118628190397,3.5433350243963393e-9,5.952591892945744e-5,4.272126869261148e-5,0.11111118628190397,-0.11110966772039438
13787,9.765625,-0.11111101832974431,2.4702922949992606e-9,4.970203511929125e-5,2.0855955572903035e-5,0.11111101832974431,-0.1111096418908955
13788,24.4140625,-0.11111067308518369,5.198021862882754e-10,2.279917073685522e-5,3.0174254734399826e-5,0.11111067308518369,-0.11110963726143165
13789,9.765625,-0.11111054182488883,1.1333537134345125e-10,1.0645908666875329e-5,8.299960131984293e-5,0.11111054182488883,-0.11110964668564786
13790,3.90625,-0.11111042186895877,1.604140049815117e-11,4.005171718934305e-6,9.221486682859697e-5,0.11111042186895877,-0.11110965585927693
13791,1.5625,-0.11111030957159494,1.0037622519205069e-10,1.0018793599633176e-5,9.197117095807348e-5,0.11111030957159494,-0.1111096641856243
13792,0.625,-0.11111020016266245,3.4144036989501765e-10,1.8478105148932823e-5,9.036119756086369e-5,0.11111020016266245,-0.1111096720589004
13793,0.25,-0.11111009192792708,7.336202658589574e-10,2.7085425340189094e-5,8.907037730562033e-5,0.11111009192792708,-0.11110967975238356
13794,0.1,-0.11110998425904021,1.2754098215947902e-9,3.571288033181852e-5,8.824129070052557e-5,0.11110998425904021,-0.11110968738640253
13795,0.1,-0.11110987725601097,1.9621940917472764e-9,4.4296660051828695e-5,8.773113355062334e-5,0.11110987725601097,-0.11110969484611181
13796,0.1,-0.11110977099732024,2.7894291006415146e-9,5.2815046157714513e-5,8.714231081936277e-5,0.11110977099732024,-0.11110970210469007
13797,0.1,-0.11110966556046022,3.752086416499e-9,6.125427672007073e-5,8.647539932274493e-5,0.11110966556046022,-0.11110970913624274
13798,0.1,-0.1111095610219253,4.844674273521954e-9,6.96036943956422e-5,8.57310955952296e-5,0.1111095610219253,-0.11110971591590219
13799,0.25,-0.11110945922033363,6.028586210971709e-9,7.764397086040685e-5,8.49141792472472e-5,0.11110945922033363,-0.111109721344067
13800,0.625,-0.11110936470666036,7.199815672463614e-9,8.485172757500941e-5,8.288870477569331e-5,0.11110936470666036,-0.11110972293505873
13801,1.5625,-0.11110928998688042,8.069557207598292e-9,8.983071416613748e-5,7.759710524082914e-5,0.11110928998688042,-0.11110971433070135
13802,3.90625,-0.11110926872923545,7.926181273094582e-9,8.90291035173026e-5,6.385819517246479e-5,0.11110926872923545,-0.11110968306930162
13803,9.765625,-0.1111093873473169,5.542139267051845e-9,7.444554564950038e-5,3.075830099278762e-5,0.1111093873473169,-0.11110962503745431
13804,24.4140625,-0.11110999409822567,8.313510059894671e-11,9.117845173008078e-6,4.325371656610675e-5,0.11110999409822567,-0.11110965833578877
13805,9.765625,-0.11111068186762688,8.744161133834011e-11,9.351021940854385e-6,2.4759514225993842e-5,0.11111068186762688,-0.1111096577986635
13806,3.90625,-0.1111109315449166,9.950532015304615e-11,9.975235343241087e-6,1.6956605905048944e-5,0.1111109315449166,-0.11110965760390219
13807,1.5625,-0.11111113248707317,1.1476501921335843e-10,1.0712843656721516e-5,1.3718016783074398e-5,0.11111113248707317,-0.11110965758193063
13808,0.625,-0.11111132091499316,1.3276629487315024e-10,1.1522425737367554e-5,1.2324146671068558e-5,0.11111132091499316,-0.11110965763962036
13809,1.5625,-0.11111143127664305,1.4427853388116226e-10,1.201159997174241e-5,1.1685043038203468e-5,0.11111143127664305,-0.11110965751912447
13810,3.90625,-0.11111133459256285,1.3382528235372846e-10,1.1568287788334472e-5,1.0184726828802667e-5,0.11111133459256285,-0.11110965703401048
13811,9.765625,-0.1111108321485978,8.207448356585243e-11,9.059496871562594e-6,7.792027193669297e-6,0.1111108321485978,-0.11110965625416638
13812,24.4140625,-0.11111023518548784,1.4560195952628736e-11,3.8157824823525696e-6,1.0555953827358274e-5,0.11111023518548784,-0.11110965636604174
13813,9.765625,-0.11111048807836871,3.584031884392136e-12,1.8931539515824212e-6,1.7547711750426364e-5,0.11111048807836871,-0.11110965675609864
13814,3.90625,-0.11111056539972244,3.1781166774524664e-12,1.7827273143844705e-6,1.83886117383464e-5,0.11111056539972244,-0.11110965709803698
13815,1.5625,-0.11111062206353177,8.779620683230718e-12,2.963042470709915e-6,1.8007100091241253e-5,0.11111062206353177,-0.11110965740601247
13816,0.625,-0.11111067353299985,1.9649123787393046e-11,4.4327332186127605e-6,1.7571693915491953e-5,0.11111067353299985,-0.11110965769888866
13817,0.25,-0.1111107234453813,3.5623310505304945e-11,5.968526661187411e-6,1.7269879032437945e-5,0.1111107234453813,-0.11110965798630668
13818,0.1,-0.11111077287694716,5.6648207898772654e-11,7.526500375258919e-6,1.7081652968573686e-5,0.11111077287694716,-0.11110965827190424
13819,0.1,-0.1111108204816088,8.250794199558191e-11,9.083388244239146e-6,1.696379008004805e-5,0.1111108204816088,-0.11110965855029874
13820,0.1,-0.11111086606445747,1.1301112169195806e-10,1.0630668920249471e-5,1.6834566538992347e-5,0.11111086606445747,-0.11110965882069859
13821,0.1,-0.11111090943916142,1.4795187897560292e-10,1.216354713788716e-5,1.6693880154082698e-5,0.11111090943916142,-0.11110965908233797
13822,0.1,-0.11111095042856733,1.8711059915487577e-10,1.3678837639027512e-5,1.6541698297214943e-5,0.11111095042856733,-0.11110965933448187
13823,0.25,-0.11111098229378098,2.2891352632879224e-10,1.5129888510124332e-5,1.6379206167107627e-5,0.11111098229378098,-0.11110965953599389
13824,0.625,-0.11111098997329875,2.6923352402166474e-10,1.6408337027915558e-5,1.599953250111806e-5,0.11111098997329875,-0.11110965959643529
13825,1.5625,-0.11111093652743376,2.968788345398107e-10,1.7230172214455976e-5,1.5042216709634298e-5,0.11111093652743376,-0.1111096592890391
13826,3.90625,-0.11111074599439698,2.853729286612121e-10,1.6892984598975163e-5,1.2666479880133525e-5,0.11111074599439698,-0.11110965818853147
13827,9.765625,-0.11111034830476832,1.931646533947329e-10,1.3898368731427905e-5,7.885923869256391e-6,0.11111034830476832,-0.11110965622927348
13828,24.4140625,-0.1111101174669875,3.932681964242268e-11,6.271109921092332e-6,1.1196580221902628e-5,0.1111101174669875,-0.11110965602607571
13829,9.765625,-0.11111031493024348,9.253778129508244e-12,3.0420023224034926e-6,2.4234158327165792e-5,0.11111031493024348,-0.1111096568019688
13830,3.90625,-0.1111104012408794,3.3264827286530616e-12,1.8238647780614278e-6,2.6449337009044945e-5,0.1111104012408794,-0.11110965754072384
13831,1.5625,-0.11111047212070686,1.1496101329462554e-11,3.3905901152251583e-6,2.624844884780506e-5,0.11111047212070686,-0.11110965821168953
13832,0.625,-0.11111053873361212,3.1864825351488204e-11,5.6448937413815155e-6,2.574578048168053e-5,0.11111053873361212,-0.1111096588479687
13833,0.25,-0.11111060398402064,6.400562412620225e-11,8.000351500165618e-6,2.5361108569247112e-5,0.11111060398402064,-0.11110965947076719
13834,0.1,-0.11111066879058606,1.0779715269156093e-10,1.0382540762817208e-5,2.5115787512728002e-5,0.11111066879058606,-0.11110966008907612
13835,0.1,-0.11111073264565552,1.6284314782832912e-10,1.276100105118439e-5,2.496344885943129e-5,0.11111073264565552,-0.11110966069298293
13836,0.1,-0.11111079541148583,2.2876407019031082e-10,1.5124948601245256e-5,2.479038760317003e-5,0.11111079541148583,-0.11110966128045775
13837,0.1,-0.11111085695400325,3.0514325040025176e-10,1.746834996215303e-5,2.4596709649014753e-5,0.11111085695400325,-0.111109661849543
13838,0.1,-0.1111109171431796,3.915285316035519e-10,1.9787079916034906e-5,2.438257226102099e-5,0.1111109171431796,-0.1111096623983602
13839,0.25,-0.11111097216094899,4.847372443100202e-10,2.2016749176706814e-5,2.4149395562457625e-5,0.11111097216094899,-0.11110966283887223
13840,0.625,-0.11111101312223544,5.762545837613416e-10,2.4005303242436693e-5,2.3583091108481464e-5,0.11111101312223544,-0.11110966297371305
13841,1.5625,-0.1111110175224234,6.425759772468059e-10,2.5349082374847534e-5,2.2121881500426e-5,0.1111110175224234,-0.11110966230130052
13842,3.90625,-0.11111093577479553,6.263880243669948e-10,2.5027745091537808e-5,1.8391423492168705e-5,0.11111093577479553,-0.1111096598542132
13843,9.765625,-0.11111070176902824,4.315575429074938e-10,2.0773963100657848e-5,1.0074512136750618e-5,0.11111070176902824,-0.1111096553885111
13844,24.4140625,-0.11111043698174664,8.84728828577634e-11,9.406002490843994e-6,1.4406516699160785e-5,0.11111043698174664,-0.11110965475261557
13845,9.765625,-0.11111044913236726,1.967527281151049e-11,4.435681775275419e-6,3.5260245016443994e-5,0.11111044913236726,-0.11110965643034067
13846,3.90625,-0.11111042379198349,4.578067996679107e-12,2.139642025358239e-6,3.885432362995456e-5,0.11111042379198349,-0.11110965804357878
13847,1.5625,-0.11111039603182242,2.0999779638813635e-11,4.582551651516176e-6,3.866098601661543e-5,0.11111039603182242,-0.11110965950709244
13848,0.625,-0.11111036794694205,6.466663120182759e-11,8.041556516112263e-6,3.79550539413995e-5,0.11111036794694205,-0.1111096608926188
13849,0.25,-0.11111033983302135,1.3462372628755048e-10,1.1602746497599199e-5,3.740358355716215e-5,0.11111033983302135,-0.11110966224779482
13850,0.1,-0.11111031174652414,2.3061443348801636e-10,1.518599464928183e-5,3.705258129595092e-5,0.11111031174652414,-0.11110966359319221
13851,0.1,-0.11111028352431533,3.518049534294554e-10,1.875646431045722e-5,3.68375294226285e-5,0.11111028352431533,-0.11110966490780845
13852,0.1,-0.11111025515458328,4.973850483431574e-10,2.2302131026948017e-5,3.659010425093579e-5,0.11111025515458328,-0.11110966618700419
13853,0.1,-0.11111022662708085,6.664600471144991e-10,2.5815887494225316e-5,3.631054032258521e-5,0.11111022662708085,-0.11110966742630186
13854,0.1,-0.111110197933232,8.580545818939325e-10,2.9292568714503896e-5,3.599912930879504e-5,0.111110197933232,-0.1111096686214044
13855,0.25,-0.11111016848862496,1.0652662077671798e-9,3.2638416134475336e-5,3.565788604210162e-5,0.11111016848862496,-0.11110966957836113
13856,0.625,-0.11111013710088093,1.2695494888250584e-9,3.563073797755329e-5,3.4813402641076994e-5,0.11111013710088093,-0.11110966986041773
13857,1.5625,-0.11111010126907132,1.4195293809164281e-9,3.767664237848734e-5,3.261260167420706e-5,0.11111010126907132,-0.11110966835381758
13858,3.90625,-0.11111005850119778,1.3891603334972417e-9,3.7271441258653277e-5,2.693216459008876e-5,0.11111005850119778,-0.11110966289277877
13859,9.765625,-0.11111002540326423,9.636833992084599e-10,3.10432504613879e-5,1.3685024781316844e-5,0.11111002540326423,-0.11110965285116314
13860,24.4140625,-0.11111013668191685,2.0016986504194153e-10,1.414813998523981e-5,1.9831912949117048e-5,0.11111013668191685,-0.11110965121068288
13861,9.765625,-0.11111027573071801,4.390152307489813e-11,6.625822445168458e-6,5.212307205147648e-5,0.11111027573071801,-0.11110965490840101
13862,3.90625,-0.11111037164547218,7.770531061170167e-12,2.787567229892432e-6,5.772334063693625e-5,0.11111037164547218,-0.11110965848884878
13863,1.5625,-0.11111045827863486,4.2246327103110444e-11,6.499717463329498e-6,5.751858524466309e-5,0.11111045827863486,-0.11110966173774993
13864,0.625,-0.1111105420514194,1.3772055767451292e-10,1.1735440242040897e-5,5.649705996720618e-5,0.1111105420514194,-0.11110966481161318
13865,0.25,-0.11111062491008973,2.920501299112131e-10,1.7089474243264862e-5,5.56881684171468e-5,0.11111062491008973,-0.11110966781693149
13866,0.1,-0.11111070751225678,5.046732329912272e-10,2.2464933407228856e-5,5.517243062306789e-5,0.11111070751225678,-0.11110967080021043
13867,0.1,-0.11111078960810274,7.73779014249661e-10,2.7816883618580658e-5,5.4857535545328035e-5,0.11111078960810274,-0.11110967371575965
13868,0.1,-0.11111087109633482,1.0975945434310406e-9,3.312996443449707e-5,5.449355570561463e-5,0.11111087109633482,-0.1111096765531195
13869,0.1,-0.11111095187616364,1.4741564591459043e-9,3.839474520225267e-5,5.408084967313105e-5,0.11111095187616364,-0.11110967930219051
13870,0.1,-0.11111103184753233,1.901319249972478e-9,4.360411964450696e-5,5.3619854310893745e-5,0.11111103184753233,-0.11110968195327244
13871,0.25,-0.11111110851676015,2.3638624032914018e-9,4.861956811090985e-5,5.311346204747533e-5,0.11111110851676015,-0.11110968407545854
13872,0.625,-0.11111117588630767,2.8208008532945445e-9,5.311121212413199e-5,5.185180748787642e-5,0.11111117588630767,-0.1111096846961276
13873,1.5625,-0.11111121816845616,3.1584198605112875e-9,5.6199820822768535e-5,4.855140523675218e-5,0.11111121816845616,-0.11110968133075685
13874,3.90625,-0.11111119720152195,3.097076861199081e-9,5.565138687579206e-5,3.999468755240814e-5,0.11111119720152195,-0.1111096691277346
13875,9.765625,-0.11111104026039349,2.1573414214061475e-9,4.6447189596423885e-5,1.962982489554657e-5,0.11111104026039349,-0.11110964657995977
13876,24.4140625,-0.11111070217426301,4.534460532000765e-10,2.1294272779319714e-5,2.8404886203042188e-5,0.11111070217426301,-0.11110964258109927
13877,9.765625,-0.11111056719479345,9.942221288083973e-11,9.971068793305948e-6,7.75864248808661e-5,0.11111056719479345,-0.11110965080298085
13878,3.90625,-0.11111044576741902,1.4961389390743112e-11,3.8679955262051575e-6,8.61701104081184e-5,0.11111044576741902,-0.11110965880627874
13879,1.5625,-0.11111033213268469,8.892248778224235e-11,9.429872097872927e-6,8.593943214962447e-5,0.11111033213268469,-0.11110966607265507
13880,0.625,-0.11111022140309508,2.99650194297831e-10,1.7310407109534745e-5,8.443896537757532e-5,0.11111022140309508,-0.11110967294569153
13881,0.25,-0.11111011183471294,6.422921924766093e-10,2.5343484221326184e-5,8.323865019561479e-5,0.11111011183471294,-0.11110967966341502
13882,0.1,-0.11111000280872609,1.115571854950153e-9,3.3400177468842185e-5,8.247023760251618e-5,0.11111000280872609,-0.11110968633055968
13883,0.1,-0.11110989441580855,1.7154820317354869e-9,4.141837794669761e-5,8.199981994881796e-5,0.11110989441580855,-0.11110969284652883
13884,0.1,-0.11110978673597999,2.4380814058835268e-9,4.937693192051858e-5,8.145568982903543e-5,0.11110978673597999,-0.11110969918784463
13885,0.1,-0.1111096798483655,3.2790031652693675e-9,5.7262580847088684e-5,8.083838722011258e-5,0.1111096798483655,-0.1111097053318355
13886,0.1,-0.11110957383116658,4.233473417662767e-9,6.50651474882119e-5,8.014856375324361e-5,0.11110957383116658,-0.11110971125672255
13887,0.25,-0.11110947052515323,5.267735235761466e-9,7.257916530080424e-5,7.939053601463318e-5,0.11110947052515323,-0.11110971600164336
13888,0.625,-0.11110937449597666,6.290809352536504e-9,7.931462256442064e-5,7.750241699971326e-5,0.11110937449597666,-0.11110971739475864
13889,1.5625,-0.11110929827694058,7.050055079062022e-9,8.396460610913399e-5,7.256088714273591e-5,0.11110929827694058,-0.11110970988159279
13890,3.90625,-0.11110927545097399,6.923160767174033e-9,8.32055332725777e-5,5.972614141893915e-5,0.11110927545097399,-0.1111096825817758
13891,9.765625,-0.11110939117135936,4.838006811194345e-9,6.95557820112343e-5,2.8856357226742236e-5,0.11110939117135936,-0.11110963193549499
13892,24.4140625,-0.11110997683172978,7.34849564301896e-11,8.572336696035078e-6,4.064634074934299e-5,0.11110997683172978,-0.11110966103605603
13893,9.765625,-0.11111065897318581,7.707670369728907e-11,8.779333898268653e-6,2.338320168533213e-5,0.11111065897318581,-0.11110966057087626
13894,3.90625,-0.11111091040416629,8.7727458162232e-11,9.366293726028027e-6,1.614264749520098e-5,0.11111091040416629,-0.11110966040656516
13895,1.5625,-0.11111111295748792,1.0126427309286587e-10,1.0063015109442392e-5,1.3144461927789938e-5,0.11111111295748792,-0.11110966039389128
13896,0.625,-0.11111130291091537,1.1728192722266876e-10,1.0829678075670983e-5,1.1855007806625693e-5,0.11111130291091537,-0.11110966045119494
13897,1.5625,-0.11111141583738307,1.2758846741483076e-10,1.1295506514310493e-5,1.1263456542104511e-5,0.11111141583738307,-0.11110966035057725
13898,3.90625,-0.1111113239406587,1.1838316357010723e-10,1.0880402730143184e-5,9.878216986968725e-6,0.1111113239406587,-0.11110965992668513
13899,9.765625,-0.11111082870716557,7.245667403120936e-11,8.512148614257704e-6,7.68356607892854e-6,0.11111082870716557,-0.11110965924260292
13900,24.4140625,-0.11111023120353325,1.2878643981409755e-11,3.588682764108546e-6,1.0166002383052078e-5,0.11111023120353325,-0.1111096593451074
13901,9.765625,-0.11111048579872523,3.3224840847731928e-12,1.8227682476862473e-6,1.6577017876562532e-5,0.11111048579872523,-0.11110965968979182
13902,3.90625,-0.1111105660297279,3.0549374153116083e-12,1.7478379259278042e-6,1.733750124054277e-5,0.1111105660297279,-0.11110965999231447
13903,1.5625,-0.11111062556077904,8.045810280533124e-12,2.8365137546878077e-6,1.697388216213708e-5,0.11111062556077904,-0.1111096602654467
13904,0.625,-0.11111067985992756,1.765067924169477e-11,4.201271145938425e-6,1.6566106809938617e-5,0.11111067985992756,-0.11110966052560949
13905,0.25,-0.11111073258566459,3.1728701729710725e-11,5.6328236018635205e-6,1.6284987469427562e-5,0.11111073258566459,-0.1111096607811457
13906,0.1,-0.11111078482372837,5.0233966875274166e-11,7.087592459733711e-6,1.611039465311232e-5,0.11111078482372837,-0.1111096610351794
13907,0.1,-0.11111083523462419,7.297604609786138e-11,8.54260183421078e-6,1.6001535803421635e-5,0.11111083523462419,-0.11110966128291525
13908,0.1,-0.11111088362236661,9.97866985700182e-11,9.989329235239883e-6,1.5882085157146977e-5,0.11111088362236661,-0.11110966152365699
13909,0.1,-0.11111092979947103,1.3048486460880546e-10,1.1422997181510877e-5,1.5751957674773537e-5,0.11111092979947103,-0.11110966175673247
13910,0.1,-0.1111109735875439,1.6487732038346807e-10,1.2840456393114228e-5,1.5611133400325888e-5,0.1111109735875439,-0.11110966198149579
13911,0.25,-0.1111110082408907,2.0157134305425045e-10,1.4197582296090079e-5,1.5460709509232512e-5,0.1111110082408907,-0.11110966216174085
13912,0.625,-0.11111101866753112,2.369161018161303e-10,1.5392079190808832e-5,1.5108289532954854e-5,0.11111101866753112,-0.11110966221796956
13913,1.5625,-0.11111096780411704,2.610210516656858e-10,1.615614594096271e-5,1.421964853271935e-5,0.11111096780411704,-0.11110966195109215
13914,3.90625,-0.11111077914550498,2.505467274119459e-10,1.582866789758209e-5,1.2021891187202196e-5,0.11111077914550498,-0.11110966098897293
13915,9.765625,-0.11111038014715974,1.6914225415498973e-10,1.300547016278111e-5,7.673465515842344e-6,0.11111038014715974,-0.11110965927953209
13916,24.4140625,-0.11111013559215599,3.435477942895297e-11,5.8612950300213495e-6,1.0759429321715372e-5,0.11111013559215599,-0.11110965911444139
13917,9.765625,-0.11111032466510498,8.211542692908692e-12,2.865578945502757e-6,2.2774112700854636e-5,0.11111032466510498,-0.11110965979605364
13918,3.90625,-0.1111104053261666,3.1613158854422216e-12,1.7780089666371825e-6,2.4813572008873628e-5,0.1111104053261666,-0.11110966044454398
13919,1.5625,-0.11111047099933359,1.0418508160042069e-11,3.2277713921593127e-6,2.4616850979081153e-5,0.11111047099933359,-0.11110966103400029
13920,0.625,-0.11111053254304577,2.8330728882264024e-11,5.322661823022765e-6,2.414492529852788e-5,0.11111053254304577,-0.1111096615933697
13921,0.25,-0.11111059276941734,5.6527636299422776e-11,7.518486303733138e-6,2.3785369753438334e-5,0.11111059276941734,-0.11110966214110528
13922,0.1,-0.1111106525659773,9.490462667044997e-11,9.741900567674152e-6,2.355660860319324e-5,0.1111106525659773,-0.1111096626850048
13923,0.1,-0.11111071144089497,1.4311384005036093e-10,1.1963019687786229e-5,2.3414851278100233e-5,0.11111071144089497,-0.11110966321631652
13924,0.1,-0.11111076926131684,2.0082293327006805e-10,1.4171200840792147e-5,2.3253793145579277e-5,0.11111076926131684,-0.11110966373326762
13925,0.1,-0.11111082589799236,2.6766701842178357e-10,1.6360532339193108e-5,2.3073535672143186e-5,0.11111082589799236,-0.11110966423414659
13926,0.1,-0.11111088122564595,3.4325010619240627e-10,1.8527010179529946e-5,2.2874229122961457e-5,0.11111088122564595,-0.11110966471731332
13927,0.25,-0.11111093155565833,4.247764149012226e-10,2.0610104679530927e-5,2.265719171985009e-5,0.11111093155565833,-0.11110966510564475
13928,0.625,-0.1111109683094424,5.047687095363753e-10,2.2467058319601508e-5,2.212959668338085e-5,0.1111109683094424,-0.1111096652263717
13929,1.5625,-0.11111096978025815,5.625959258870648e-10,2.3719104660316856e-5,2.076846147779894e-5,0.11111096978025815,-0.11110966464070009
13930,3.90625,-0.11111088827924712,5.480029416135116e-10,2.3409462651105674e-5,1.7299484062314007e-5,0.11111088827924712,-0.11110966250372951
13931,9.765625,-0.1111106612238424,3.7695510797359485e-10,1.9415331776037073e-5,9.641162369780074e-6,0.1111106612238424,-0.11110965860944018
13932,24.4140625,-0.11111041250353469,7.706411118015656e-11,8.778616700833712e-6,1.3708841668394719e-5,0.11111041250353469,-0.11110965807322047
13933,9.765625,-0.11111043297313697,1.7278647979750398e-11,4.156759312222732e-6,3.302328767876699e-5,0.11111043297313697,-0.11110965954055951
13934,3.90625,-0.11111041496972128,4.3076192928096176e-12,2.075480496851179e-6,3.634900158084249e-5,0.11111041496972128,-0.11110966095018915
13935,1.5625,-0.11111039408351321,1.8814838936939775e-11,4.337607513012187e-6,3.615867577219671e-5,0.11111039408351321,-0.11110966222935327
13936,0.625,-0.11111037270377976,5.708238695089199e-11,7.555288674226286e-6,3.5496584460493485e-5,0.11111037270377976,-0.11110966344076459
13937,0.25,-0.11111035123157696,1.1828202267506742e-10,1.0875753889964016e-5,3.498108845350096e-5,0.11111035123157696,-0.11110966462590292
13938,0.1,-0.11111032976101709,2.0219242627825533e-10,1.4219438324992143e-5,3.465356649503231e-5,0.11111032976101709,-0.11110966580263953
13939,0.1,-0.11111030812829159,3.080840300963218e-10,1.755232264107294e-5,3.445323160600552e-5,0.11111030812829159,-0.11110966695252535
13940,0.1,-0.11111028631686022,4.35249262610356e-10,2.0862628372531493e-5,3.4222690959269e-5,0.11111028631686022,-0.1111096680715119
13941,0.1,-0.11111026431178062,5.829067109321854e-10,2.4143461038802732e-5,3.3962165375159406e-5,0.11111026431178062,-0.11110966915569356
13942,0.1,-0.11111024209980742,7.502043908184711e-10,2.738985926978215e-5,3.367192966694628e-5,0.11111024209980742,-0.1111096702013202
13943,0.25,-0.11111021899918444,9.310982234556665e-10,3.051390213420215e-5,3.33538522045759e-5,0.11111021899918444,-0.11110967103890339
13944,0.625,-0.11111019357105632,1.1093524914426897e-9,3.330694359203032e-5,3.256605865800735e-5,0.11111019357105632,-0.11110967128696325
13945,1.5625,-0.11111016263157611,1.240003805207625e-9,3.521368775359413e-5,3.0512902463208532e-5,0.11111016263157611,-0.11110966997312574
13946,3.90625,-0.11111012184152468,1.2128113805456102e-9,3.482544157000181e-5,2.521809132696032e-5,0.11111012184152468,-0.11110966520881228
13947,9.765625,-0.11111008307284426,8.403322492677866e-10,2.89884847701253e-5,1.293864776045143e-5,0.11111008307284426,-0.11110965645980489
13948,24.4140625,-0.11111017105433857,1.740571178395283e-10,1.3193070826745694e-5,1.8734558043044717e-5,0.11111017105433857,-0.11110965506188546
13949,9.765625,-0.11111029659235945,3.829632240674743e-11,6.188402249914547e-6,4.872392921224203e-5,0.11111029659235945,-0.11110965828831515
13950,3.90625,-0.11111038183917069,7.156777675978621e-12,2.6752154447779756e-6,5.391847860186141e-5,0.11111038183917069,-0.11110966140920127
13951,1.5625,-0.11111045858757579,3.751000081869867e-11,6.124540865950579e-6,5.371595196356337e-5,0.11111045858757579,-0.11110966424110325
13952,0.625,-0.11111053273113049,1.2100197395695557e-10,1.1000089724950227e-5,5.275868905784692e-5,0.11111053273113049,-0.1111096669208338
13953,0.25,-0.11111060604240804,2.557738581156352e-10,1.5992931504750313e-5,5.2002725382875776e-5,0.11111060604240804,-0.1111096695411383
13954,0.1,-0.11111067911833898,4.4134086269549355e-10,2.1008114210835145e-5,5.152143312053678e-5,0.11111067911833898,-0.11110967214244616
13955,0.1,-0.1111107517224174,6.761217759190937e-10,2.6002341739141376e-5,5.122798247576711e-5,0.1111107517224174,-0.11110967468474829
13956,0.1,-0.11111082376235938,9.585708307689656e-10,3.0960795060349556e-5,5.088871508485674e-5,0.11111082376235938,-0.11110967715892871
13957,0.1,-0.11111089514640826,1.2869759853673185e-9,3.5874447526997796e-5,5.050396623004839e-5,0.11111089514640826,-0.11110967955618549
13958,0.1,-0.11111096578354211,1.659466154135311e-9,4.0736545682412875e-5,5.007414488716714e-5,0.11111096578354211,-0.11110968186806529
13959,0.25,-0.11111103338210307,2.0627405537498372e-9,4.541740364386583e-5,4.9601931582143134e-5,0.11111103338210307,-0.1111096837186052
13960,0.625,-0.1111110924416316,2.460988704740114e-9,4.960835317504618e-5,4.842452529840341e-5,0.1111110924416316,-0.11110968425950651
13961,1.5625,-0.11111112851035616,2.754874330392018e-9,5.248689674949375e-5,4.5344041713003045e-5,0.11111112851035616,-0.11110968132454987
13962,3.90625,-0.11111110680004879,2.7002367344379095e-9,5.1963802155326446e-5,3.736075038470779e-5,0.11111110680004879,-0.11110967068759335
13963,9.765625,-0.11111096187258898,1.8791267685398134e-9,4.3348895816846516e-5,1.8416550058045754e-5,0.11111096187258898,-0.1111096510564419
13964,24.4140625,-0.11111065810657686,3.939771831882174e-10,1.984885848577236e-5,2.670548321604924e-5,0.11111065810657686,-0.11110964763011151
13965,9.765625,-0.11111054011772256,8.645281791957891e-11,9.2980007485254e-6,7.24515260987388e-5,0.11111054011772256,-0.1111096547944721
13966,3.90625,-0.1111104330055288,1.3518051957569152e-11,3.6766903537786744e-6,8.042477292617704e-5,0.1111104330055288,-0.11110966176162786
13967,1.5625,-0.11111033269480758,7.84626175964412e-11,8.8579127110421e-6,8.019632947134948e-5,0.11111033269480758,-0.1111096680866218
13968,0.625,-0.1111102349312104,2.6246542073626405e-10,1.6200784571626895e-5,7.879171112093018e-5,0.1111102349312104,-0.11110967406961932
13969,0.25,-0.11111013818621401,5.61317976890597e-10,2.3692150111178112e-5,7.767052190427531e-5,0.11111013818621401,-0.11110967991788068
13970,0.1,-0.111110041916399,9.739183068522173e-10,3.1207664232560205e-5,7.695364678587655e-5,0.111110041916399,-0.11110968572247112
13971,0.1,-0.11110994620395803,1.4967729040477476e-9,3.8688149400659466e-5,7.65153299357899e-5,0.11110994620395803,-0.11110969139548281
13972,0.1,-0.11110985111975474,2.1264495950669952e-9,4.6113442672034314e-5,7.600820023623106e-5,0.11110985111975474,-0.11110969691646941
13973,0.1,-0.11110975673394013,2.8591450252343395e-9,5.3470973670154344e-5,7.543276156451935e-5,0.11110975673394013,-0.11110970226568431
13974,0.1,-0.11110966311592818,3.6907007164602663e-9,6.0751137573384306e-5,7.478962254643306e-5,0.11110966311592818,-0.1111097074241599
13975,0.25,-0.11110957189620242,4.591658413049018e-9,6.776177693249358e-5,7.408278343937343e-5,0.11110957189620242,-0.11110971155443665
13976,0.625,-0.11110948712049229,5.48263126289513e-9,7.404479227396839e-5,7.232082541764438e-5,0.11110948712049229,-0.11110971276410789
13977,1.5625,-0.11110941990298777,6.143204325544667e-9,7.837859609322347e-5,6.770850639588025e-5,0.11110941990298777,-0.1111097062146033
13978,3.90625,-0.11110940006294864,6.030657170038108e-9,7.765730596690892e-5,5.573104759434685e-5,0.11110940006294864,-0.11110968243477792
13979,9.765625,-0.11110950339181948,4.211127177475672e-9,6.489319823737826e-5,2.6969020334465816e-5,0.11110950339181948,-0.11110963836246578
13980,24.4140625,-0.11110989040213598,8.919357159365093e-10,2.9865292831922965e-5,3.883901024535754e-5,0.11110989040213598,-0.11110963018712404
13981,9.765625,-0.11111013302235849,1.9577416447425417e-10,1.3991932120842145e-5,0.00010817213445035892,0.11111013302235849,-0.11110964619215748
13982,3.90625,-0.11111032569087556,2.6542290073588362e-11,5.151921008088959e-6,0.00012033335974109642,0.11111032569087556,-0.11110966182592924
13983,1.5625,-0.11111050348446588,1.6706454528895143e-10,1.2925345074269832e-5,0.00012007728735635271,0.11111050348446588,-0.11110967602809099
13984,0.625,-0.11111067654398454,5.749101023545482e-10,2.3977283047804817e-5,0.00011800700222931697,0.11111067654398454,-0.11110968946078466
13985,0.25,-0.11111084820058238,1.2405562961370735e-9,3.5221531711966666e-5,0.00011634034531973208,0.11111084820058238,-0.11110970258817698
13986,0.1,-0.11111101961775843,2.1615045550734476e-9,4.6491983772188596e-5,0.00011527104417525953,0.11111101961775843,-0.1111097156155011
13987,0.1,-0.11111119045322031,3.3300039902691733e-9,5.770618675903974e-5,0.00011461574570633761,0.11111119045322031,-0.11110972834833452
13988,0.1,-0.11111136051960126,4.738407350147429e-9,6.883609046239791e-5,0.0001138573366663181,0.11111136051960126,-0.11110974074076091
13989,0.1,-0.11111152962772293,6.378235757247602e-9,7.986385764065996e-5,0.00011299654882965485,0.11111152962772293,-0.11110975274842567
13990,0.1,-0.11111169758702709,8.240214320550259e-9,9.077562624708385e-5,0.0001120342700096935,0.11111169758702709,-0.11110976432870695
13991,0.25,-0.11111186014173338,1.0258808802145112e-8,0.00010128577788685395,0.00011097645223181565,0.11111186014173338,-0.11110977360956731
13992,0.625,-0.11111200684913301,1.2257261749710914e-8,0.00011071251848689431,0.0001083403605386026,0.11111200684913301,-0.11110977635580924
13993,1.5625,-0.11111210972011157,1.3744444023164888e-8,0.00011723670083708808,0.00010143790339821946,0.11111210972011157,-0.11110976172779854
13994,3.90625,-0.11111209874983013,1.3509405706164293e-8,0.00011622996905344289,8.349357825839704e-5,0.11111209874983013,-0.11110970845100845
13995,9.765625,-0.11111182780657429,9.460124085735394e-9,9.72631692149469e-5,4.0135111625422075e-5,0.11111182780657429,-0.11110960934081969
13996,24.4140625,-0.11111136469309511,1.425383206169689e-10,1.1938941352438621e-5,5.605783913858377e-5,0.11111136469309511,-0.11110966569811587
13997,9.765625,-0.11110985133300395,1.4746658743013995e-10,1.2143582149849358e-5,3.293913710725569e-5,0.11110985133300395,-0.11110966489674806
13998,3.90625,-0.11110927948477715,1.7081761266264061e-10,1.3069721215949505e-5,2.2530031006584517e-5,0.11110927948477715,-0.11110966456941639
13999,1.5625,-0.1111088191293271,2.0038596496224524e-10,1.4155774968621296e-5,1.7948390943177277e-5,0.1111088191293271,-0.11110966452019509
14000,0.625,-0.11110838775872857,2.3547415797783756e-10,1.534516725154332e-5,1.5896748701106532e-5,0.11110838775872857,-0.11110966460383062
14001,1.5625,-0.11110812789718845,2.5804812726782186e-10,1.6063876470759538e-5,1.4938860141064702e-5,0.11110812789718845,-0.11110966436179492
14002,3.90625,-0.11110832640673757,2.3714604578269134e-10,1.539954693433191e-5,1.2625637700709191e-5,0.11110832640673757,-0.11110966346531959
14003,9.765625,-0.11110943716628623,1.3955060448940282e-10,1.181315387563384e-5,8.782787958032212e-6,0.11110943716628623,-0.11110966210444342
14004,24.4140625,-0.11111082239245187,2.460173639904416e-11,4.960013749884587e-6,1.2830779315308365e-5,0.11111082239245187,-0.11110966228820668
14005,9.765625,-0.11111023018872812,4.810138751470677e-12,2.1932028523305082e-6,2.248189434872074e-5,0.11111023018872812,-0.11110966295819028
14006,3.90625,-0.11111002711945729,4.5754052284366825e-12,2.1390196886510143e-6,2.354167236901636e-5,0.11111002711945729,-0.1111096635208976
14007,1.5625,-0.11110987252263485,1.4740594748519875e-11,3.8393482192319925e-6,2.2980782035276848e-5,0.11110987252263485,-0.11110966402052642
14008,0.625,-0.11110973041471583,3.403499662821528e-11,5.833952059128981e-6,2.237409200050518e-5,0.11110973041471583,-0.11110966449309699
14009,0.25,-0.11110959212136692,6.219330848612602e-11,7.886273421973526e-6,2.1960158956604003e-5,0.11110959212136692,-0.11110966495617068
14010,0.1,-0.11110945503974899,9.91326764198936e-11,9.95653937971892e-6,2.170506194387581e-5,0.11110945503974899,-0.1111096654162635
14011,0.1,-0.11110932214199475,1.4445245561049375e-10,1.2018837531579074e-5,2.1547352627053942e-5,0.11110932214199475,-0.11110966586396494
14012,0.1,-0.11110919388745415,1.9780680607307902e-10,1.4064380756829609e-5,2.1373771673704103e-5,0.11110919388745415,-0.11110966629788996
14013,0.1,-0.11110907071654806,2.588236466886589e-10,1.6087996975654207e-5,2.118421023963034e-5,0.11110907071654806,-0.11110966671670333
14014,0.1,-0.11110895304942457,3.2710624746570277e-10,1.8086078830573053e-5,2.097865047608602e-5,0.11110895304942457,-0.11110966711912713
14015,0.25,-0.11110885634361313,3.9972798837085803e-10,1.9993198552779344e-5,2.075868304571419e-5,0.11110885634361313,-0.11110966743336585
14016,0.625,-0.11110881533239227,4.690677793151742e-10,2.1657972650162207e-5,2.023963467086992e-5,0.11110881533239227,-0.11110966750229014
14017,1.5625,-0.11110891570229438,5.147304068529778e-10,2.268767081154383e-5,1.892623998327794e-5,0.11110891570229438,-0.11110966693546026
14018,3.90625,-0.11110933639755682,4.8996475984438e-10,2.2135147612888873e-5,1.5661506047008173e-5,0.11110933639755682,-0.11110966501801312
14019,9.765625,-0.11111026038794247,3.2716078742752515e-10,1.8087586556186127e-5,9.008774042472046e-6,0.11111026038794247,-0.11110966169031072
14020,24.4140625,-0.11111090940732692,6.608040970779942e-11,8.12898577362511e-6,1.3888711603613842e-5,0.11111090940732692,-0.1111096613575061
14021,9.765625,-0.11111051461627064,1.4284768525832543e-11,3.7795196157491423e-6,3.1170133720766585e-5,0.11111051461627064,-0.11110966266651524
14022,3.90625,-0.11111035577461133,4.203800308030284e-12,2.050317123771414e-6,3.4103236557913735e-5,0.11111035577461133,-0.11110966390197019
14023,1.5625,-0.11111022908208684,1.8160339135187343e-11,4.261494941354189e-6,3.383730714684649e-5,0.11111022908208684,-0.11110966501833769
14024,0.625,-0.11111011120876058,5.290642419576845e-11,7.27368023738798e-6,3.3173101598464636e-5,0.11111011120876058,-0.11110966607429087
14025,0.25,-0.11110999617772471,1.0771677756143202e-10,1.0378669354085428e-5,3.2665265131787645e-5,0.11110999617772471,-0.11110966710682108
14026,0.1,-0.11110988211378614,1.8238826084413095e-10,1.3505119801176551e-5,3.23419179235842e-5,0.11110988211378614,-0.11110966813158159
14027,0.1,-0.11110977004718176,2.7624448810692165e-10,1.6620604324359618e-5,3.214166976766118e-5,0.11110977004718176,-0.11110966913188168
14028,0.1,-0.11110966025325524,3.886381966298574e-10,1.971390871009241e-5,3.191393796114502e-5,0.11110966025325524,-0.11110967010426037
14029,0.1,-0.11110955299892307,5.188583673070704e-10,2.2778462795084974e-5,3.165884395374969e-5,0.11110955299892307,-0.11110967104537853
14030,0.1,-0.11110944854192506,6.661330788928015e-10,2.5809554023516205e-5,3.1376575955770347e-5,0.11110944854192506,-0.11110967195203242
14031,0.25,-0.11110935458789187,8.250054901781457e-10,2.872290880426538e-5,3.1068956416063305e-5,0.11110935458789187,-0.11110967267434013
14032,0.625,-0.11110928901651426,9.808802264203933e-10,3.131900743031926e-5,3.0319445307462277e-5,0.11110928901651426,-0.11110967287623051
14033,1.5625,-0.11110929693728326,1.0935163183314674e-9,3.3068358264834794e-5,2.8381145168868332e-5,0.11110929693728326,-0.11110967170422471
14034,3.90625,-0.1111094767434357,1.065102049802767e-9,3.2635901240853866e-5,2.341175991373833e-5,0.1111094767434357,-0.1111096675156773
14035,9.765625,-0.11110995295853386,7.328091518363245e-10,2.7070447943030504e-5,1.2069132770598451e-5,0.11110995295853386,-0.11110965990717071
14036,24.4140625,-0.1111104381264229,1.4968413019267998e-10,1.2234546587131049e-5,1.8056554447485267e-5,0.1111104381264229,-0.11110965881719968
14037,9.765625,-0.1111103514236658,3.234930842338292e-11,5.687645244157104e-6,4.567950216941553e-5,0.1111103514236658,-0.11110966165469925
14038,3.90625,-0.11111035520175844,6.486987923477179e-12,2.5469566002343224e-6,5.041078143188721e-5,0.11111035520175844,-0.11110966437766535
14039,1.5625,-0.1111103681316653,3.4251047386651646e-11,5.852439438956344e-6,5.016546870402223e-5,0.1111103681316653,-0.1111096668436634
14040,0.625,-0.11111038320002775,1.0836991885145487e-10,1.041008736041417e-5,4.9244240268356566e-5,0.11111038320002775,-0.11110966917600149
14041,0.25,-0.11111039893183741,2.2722223771804228e-10,1.5073892586788665e-5,4.852374836025356e-5,0.11111039893183741,-0.1111096714563347
14042,0.1,-0.111110414914618,3.903755757675853e-10,1.9757924379032968e-5,4.806535673052131e-5,0.111110414914618,-0.11110967371994235
14043,0.1,-0.11111043152581009,5.964168335056512e-10,2.4421646822146356e-5,4.778490640312115e-5,0.11111043152581009,-0.11110967593135385
14044,0.1,-0.11111044882414993,8.439724009490186e-10,2.9051203089528298e-5,4.746189238314796e-5,0.11111044882414993,-0.11110967808266298
14045,0.1,-0.11111046686404537,1.1315246634360883e-9,3.363814298435763e-5,4.70966133260846e-5,0.11111046686404537,-0.11110968016623966
14046,0.1,-0.1111104856953543,1.4574183639642168e-9,3.8176149150539225e-5,4.6689440888883005e-5,0.1111104856953543,-0.11110968217475926
14047,0.25,-0.11111050734997886,1.8099191826446252e-9,4.254314495479413e-5,4.624297317531943e-5,0.11111050734997886,-0.11110968377860705
14048,0.625,-0.11111053630727497,2.1574915698247675e-9,4.6448805903109796e-5,4.513596280317805e-5,0.11111053630727497,-0.1111096842352341
14049,1.5625,-0.11111058317317919,2.4127710890874463e-9,4.911996629770267e-5,4.224721920355475e-5,0.11111058317317919,-0.11110968165086522
14050,3.90625,-0.11111066719399414,2.361436062166087e-9,4.859460939410962e-5,3.477373092427885e-5,0.11111066719399414,-0.11110967234235145
14051,9.765625,-0.11111078731415727,1.6383867839088981e-9,4.047699079611648e-5,1.7115149533334206e-5,0.11111078731415727,-0.11110965524147243
14052,24.4140625,-0.11111072328062459,3.4011162176612745e-10,1.844211543630848e-5,2.5301185855491276e-5,0.11111072328062459,-0.11110965242146703
14053,9.765625,-0.11111052400467665,7.384595430606742e-11,8.593366878358413e-6,6.776796082623833e-5,0.11111052400467665,-0.11110965869196358
14054,3.90625,-0.11111039724340137,1.1969756710181288e-11,3.4597336183846998e-6,7.51127990770862e-5,0.11111039724340137,-0.11110966476262325
14055,1.5625,-0.11111028458680323,7.021885540329727e-11,8.379669170277384e-6,7.485564530997889e-5,0.11111028458680323,-0.11110967026788723
14056,0.625,-0.11111017632683973,2.322419434564127e-10,1.5239486325214926e-5,7.352508415912192e-5,0.11111017632683973,-0.11110967547444722
14057,0.25,-0.11111006964048788,4.943922145913856e-10,2.2234932304627905e-5,7.246990730524484e-5,0.11111006964048788,-0.11110968056391125
14058,0.1,-0.1111099635947242,8.557158716694055e-10,2.925262162045319e-5,7.179688169705283e-5,0.1111099635947242,-0.11110968561566742
14059,0.1,-0.11110985857154737,1.3131408376169294e-9,3.6237285185523063e-5,7.138597373373294e-5,0.11110985857154737,-0.11110969055234898
14060,0.1,-0.11110975470264295,1.8636581242116054e-9,4.3170106835767794e-5,7.091086366322096e-5,0.11110975470264295,-0.11110969535615463
14061,0.1,-0.11110965211667861,2.5039347700278805e-9,5.003933223003561e-5,7.037200906499909e-5,0.11110965211667861,-0.11110970000989512
14062,0.1,-0.11110955093907093,3.2303278802240994e-9,5.683597346948585e-5,6.976996878579272e-5,0.11110955093907093,-0.11110970449705891
14063,0.25,-0.11110945464992536,4.016982471621944e-9,6.337966922935102e-5,6.910847419050628e-5,0.11110945464992536,-0.11110970808527487
14064,0.625,-0.11110937150358223,4.794263464252617e-9,6.924062004526401e-5,6.74594740994916e-5,0.11110937150358223,-0.11110970912097827
14065,1.5625,-0.1111093230095169,5.368942754654791e-9,7.327306977774843e-5,6.314364904109141e-5,0.1111093230095169,-0.1111097033794572
14066,3.90625,-0.11110936041817208,5.2657718131441455e-9,7.25656379641504e-5,5.194224000877213e-5,0.11110936041817208,-0.11110968260758382
14067,9.765625,-0.1111095784521065,3.6696000249334486e-9,6.0577223648277645e-5,2.5112246062668162e-5,0.1111095784521065,-0.11110964422294863
14068,24.4140625,-0.11111002184696833,7.723409027711345e-10,2.7791021981408574e-5,3.6621243420572965e-5,0.11111002184696833,-0.11110963734098644
14069,9.765625,-0.11111018816516233,1.6887524895352528e-10,1.2995200997042149e-5,0.00010105887892060479,0.11111018816516233,-0.11110965130709005
14070,3.90625,-0.11111034064143469,2.4124199294777706e-11,4.911639165775282e-6,0.00011230724806849797,0.11111034064143469,-0.11110966491154915
14071,1.5625,-0.11111048399543093,1.4902084108878634e-10,1.2207409270143536e-5,0.00011202549937024656,0.11111048399543093,-0.11110967726300668
14072,0.625,-0.11111062423969921,5.067144920718427e-10,2.2510319679467966e-5,0.00011007613399956177,0.11111062423969921,-0.11110968894475116
14073,0.25,-0.11111076358279977,1.0889592554870047e-9,3.2999382653119505e-5,0.00010851437183658801,0.11111076358279977,-0.11110970036197748
14074,0.1,-0.1111109028249909,1.8936011985276914e-9,4.3515528245991585e-5,0.00010751471189223846,0.1111109028249909,-0.1111097116932105
14075,0.1,-0.11111104178963532,2.9138552348031447e-9,5.3980137410006145e-5,0.00010690334914496834,0.11111104178963532,-0.11110972276782784
14076,0.1,-0.11111118034409866,4.143042243244534e-9,6.436646831421259e-5,0.00010619562117056042,0.11111118034409866,-0.11110973354582279
14077,0.1,-0.11111131835299808,5.573757140370327e-9,7.465759934775781e-5,0.00010539221991697791,0.11111131835299808,-0.111109743988554
14078,0.1,-0.11111145567849438,7.19790009522094e-9,8.484043903246222e-5,0.00010449398314985797,0.11111145567849438,-0.11110975405889353
14079,0.25,-0.11111158948939674,8.958111400250765e-9,9.464730001564105e-5,0.00010350646281801049,0.11111158948939674,-0.11110976212255307
14080,0.625,-0.111111712704054,1.069973818386493e-8,0.00010343953878408841,0.00010104324430914065,0.111111712704054,-0.11110976448440048
14081,1.5625,-0.11111180596013862,1.1993228590899634e-8,0.00010951360002711825,9.459195586706713e-5,0.11111180596013862,-0.11110975169215156
14082,3.90625,-0.11111181883991073,1.1780234564344044e-8,0.00010853678899038817,7.782415227800979e-5,0.11111181883991073,-0.11110970522118047
14083,9.765625,-0.11111163484525409,8.236347579960362e-9,9.075432540634281e-5,3.737055254694261e-5,0.11111163484525409,-0.11110961896257879
14084,24.4140625,-0.11111103619602125,1.2336855449232362e-10,1.1107139798000366e-5,5.2697020242302016e-5,0.11111103619602125,-0.11110966833033278
14085,9.765625,-0.11110999224129602,1.294061952217895e-10,1.1375684384765143e-5,3.0179248087674282e-5,0.11110999224129602,-0.1111096675441411
14086,3.90625,-0.1111096030075999,1.4803588328237723e-10,1.2166999765035636e-5,2.049832426213796e-5,0.1111096030075999,-0.1111096672446527
14087,1.5625,-0.1111092892543166,1.7156535131131875e-10,1.3098295740718284e-5,1.638488921139529e-5,0.1111092892543166,-0.11110966719786737
14088,0.625,-0.11110899506369819,1.9935225005925034e-10,1.411921563187029e-5,1.458300058519019e-5,0.11110899506369819,-0.11110966726865401
14089,1.5625,-0.1111088186320435,2.171640920131217e-10,1.4736488455976264e-5,1.3748821386444912e-5,0.1111088186320435,-0.1111096670695439
14090,3.90625,-0.11110895614749351,2.009877200430631e-10,1.4177013791453512e-5,1.1765767244844343e-5,0.11110895614749351,-0.11110966632071732
14091,9.765625,-0.11110971567634803,1.2187106893535682e-10,1.1039523039305494e-5,8.504141444620426e-6,0.11110971567634803,-0.11110966514242598
14092,24.4140625,-0.11111065351118322,2.085819427960139e-11,4.567077214105471e-6,1.2157937089363903e-5,0.11111065351118322,-0.11110966531412302
14093,9.765625,-0.11111026703503941,4.365775161192955e-12,2.089443744443232e-6,2.100589690027487e-5,0.11111026703503941,-0.11110966588916264
14094,3.90625,-0.11111014115342548,3.939522743749093e-12,1.9848231013742995e-6,2.2026090638225653e-5,0.11111014115342548,-0.11110966638246034
14095,1.5625,-0.11111004686962773,1.2490969730065987e-11,3.5342566021818488e-6,2.153427613446798e-5,0.11111004686962773,-0.11110966682244003
14096,0.625,-0.11110996064923247,2.8922444734072973e-11,5.3779591606921836e-6,2.09847488722928e-5,0.11110996064923247,-0.11110966723911704
14097,0.25,-0.11110987687876608,5.299677390715611e-11,7.279888316942514e-6,2.0606305598028195e-5,0.11110987687876608,-0.1111096676474772
14098,0.1,-0.111109793884111,8.46379001444336e-11,9.199885876707036e-6,2.037164579721193e-5,0.111109793884111,-0.11110966805314174
14099,0.1,-0.111109713652072,1.2351764669047235e-10,1.1113849319226546e-5,2.0225715913881695e-5,0.111109713652072,-0.11110966844809421
14100,0.1,-0.11110963648075335,1.6934742589813438e-10,1.3013355674004087e-5,2.0065313197455738e-5,0.11110963648075335,-0.11110966883114234
14101,0.1,-0.11110956265549893,2.21816515156974e-10,1.4893505804778605e-5,1.9890309239296294e-5,0.11110956265549893,-0.11110966920113316
14102,0.1,-0.11110949244801084,2.8059322699912075e-10,1.6750917198742304e-5,1.9700659926377956e-5,0.11110949244801084,-0.11110966955696104
14103,0.25,-0.11110943601681429,3.4327113363407793e-10,1.85275776515463e-5,1.9497805050949457e-5,0.11110943601681429,-0.11110966983693059
14104,0.625,-0.11110941613145213,4.0354908706028065e-10,2.0088531232030894e-5,1.9020633201438674e-5,0.11110941613145213,-0.1111096699055356
14105,1.5625,-0.11110948881617246,4.4439762930463085e-10,2.1080740720018137e-5,1.7812686604834018e-5,0.11110948881617246,-0.11110966942391413
14106,3.90625,-0.11110977028762209,4.258630725555945e-10,2.063645009577942e-5,1.4796981696192126e-5,0.11110977028762209,-0.11110966776146512
14107,9.765625,-0.11111037443719356,2.8658258387667166e-10,1.6928750216028106e-5,8.570680258708009e-6,0.11111037443719356,-0.11110966483977401
14108,24.4140625,-0.11111076769794828,5.731467628248e-11,7.5706456978569535e-6,1.3053126247955942e-5,0.11111076769794828,-0.11110966456065406
14109,9.765625,-0.11111049180372463,1.2697725065619327e-11,3.563386740955762e-6,2.924157187217238e-5,0.11111049180372463,-0.11110966570586758
14110,3.90625,-0.11111037525674448,4.0593754208544396e-12,2.014789175287191e-6,3.1947941788874694e-5,0.11111037525674448,-0.11110966678758064
14111,1.5625,-0.11111028073005451,1.637405237148081e-11,4.0464864229947456e-6,3.16911883846275e-5,0.11111028073005451,-0.11110966776590309
14112,0.625,-0.11111019229983232,4.6827693169277886e-11,6.843076294275688e-6,3.1068915586347056e-5,0.11111019229983232,-0.1111096686918442
14113,0.25,-0.11111010584631702,9.479086122231398e-11,9.736059840731977e-6,3.059442477170644e-5,0.11111010584631702,-0.11110966959753173
14114,0.1,-0.11111002007062194,1.6008684967792145e-10,1.2652543209881619e-5,3.029262881881916e-5,0.11111002007062194,-0.11110967049653366
14115,0.1,-0.11110993567056267,2.421249758827069e-10,1.5560365544636376e-5,3.0105826748940257e-5,0.11110993567056267,-0.11110967137416437
14116,0.1,-0.11110985283688657,3.4034080118952267e-10,1.844832786974263e-5,2.98933936753314e-5,0.11110985283688657,-0.11110967222740105
14117,0.1,-0.11110977175473354,4.541143732086242e-10,2.1309959483974252e-5,2.965544858407186e-5,0.11110977175473354,-0.11110967305332789
14118,0.1,-0.11110969260312825,5.827726885933004e-10,2.4140685338102986e-5,2.939217223530395e-5,0.11110969260312825,-0.11110967384914741
14119,0.25,-0.11110962068403869,7.215571885157075e-10,2.6861816552789342e-5,2.910527098887868e-5,0.11110962068403869,-0.11110967448380017
14120,0.625,-0.11110956832466969,8.577392155346259e-10,2.9287185176022393e-5,2.8406395341213947e-5,0.11110956832466969,-0.11110967466350903
14121,1.5625,-0.11110956670474119,9.561995795650912e-10,3.092247693127268e-5,2.659950514071505e-5,0.11110956670474119,-0.11110967364211008
14122,3.90625,-0.11110968429654434,9.314138501586582e-10,3.0519073546860134e-5,2.1970013088480835e-5,0.11110968429654434,-0.11110966998313442
14123,9.765625,-0.11111001091192076,6.404471270868389e-10,2.5307056863389682e-5,1.1455790292167566e-5,0.11111001091192076,-0.11110966333849279
14124,24.4140625,-0.11111036809522962,1.301525620857704e-10,1.1408442579325647e-5,1.7088681395502617e-5,0.11111036809522962,-0.1111096624200098
14125,9.765625,-0.11111033486688869,2.8251114468704642e-11,5.315177745730112e-6,4.276263699202024e-5,0.11111033486688869,-0.11110966490176412
14126,3.90625,-0.1111103570489768,6.051422350304088e-12,2.459963892073233e-6,4.714231072198774e-5,0.1111103570489768,-0.11110966727989424
14127,1.5625,-0.1111103837558305,3.063554423122762e-11,5.534938502930961e-6,4.689851274342198e-5,0.1111103837558305,-0.11110966943346713
14128,0.625,-0.1111104113687846,9.56755682614202e-11,9.781388871802418e-6,4.6032627655994726e-5,0.1111104113687846,-0.1111096714706597
14129,0.25,-0.11111043925141356,1.9976399179713767e-10,1.4133789010634682e-5,4.5357835971016674e-5,0.11111043925141356,-0.11110967346273005
14130,0.1,-0.1111104672494742,3.4252718244519284e-10,1.85074899012587e-5,4.492926278449289e-5,0.1111104672494742,-0.11110967544038601
14131,0.1,-0.11111049558672781,5.227277775305399e-10,2.2863240748645846e-5,4.466744210435968e-5,0.11111049558672781,-0.11110967737245128
14132,0.1,-0.11111052428441683,7.39165177947107e-10,2.7187592352893386e-5,4.4365867200071105e-5,0.11111052428441683,-0.11110967925202475
14133,0.1,-0.11111055336085973,9.90512802762522e-10,3.1472413360950286e-5,4.402481706749974e-5,0.11111055336085973,-0.11110968107244475
14134,0.1,-0.1111105828313411,1.2753236501162055e-9,3.571167386326501e-5,4.36446396058822e-5,0.1111105828313411,-0.11110968282731837
14135,0.25,-0.11111061364427594,1.583317911380989e-9,3.9790927500888806e-5,4.322774786120612e-5,0.11111061364427594,-0.111109684228359
14136,0.625,-0.11111064778712414,1.886873940787895e-9,4.343816226301355e-5,4.219340888578001e-5,0.11111064778712414,-0.11110968462643543
14137,1.5625,-0.11111068964650221,2.109484407206417e-9,4.5929123736540166e-5,3.9494100040993086e-5,0.11111068964650221,-0.11110968236669491
14138,3.90625,-0.11111074528409283,2.063538887854101e-9,4.5426191650347503e-5,3.251427737524809e-5,0.11111074528409283,-0.11110967423430146
14139,9.765625,-0.11111079949236354,1.4299145517559685e-9,3.7814210976245006e-5,1.608078426494283e-5,0.11111079949236354,-0.11110965931769179
14140,24.4140625,-0.11111068761110965,2.9564997631445265e-10,1.7194475168333945e-5,2.3854141739024952e-5,0.11111068761110965,-0.11110965691988967
14141,9.765625,-0.11111052204479316,6.420680775607174e-11,8.012915059831331e-6,6.336040332690793e-5,0.11111052204479316,-0.1111096623965773
14142,3.90625,-0.11111040992144343,1.0926419112124446e-11,3.305513441528327e-6,7.017474210297622e-5,0.11111040992144343,-0.11110966769054467
14143,1.5625,-0.11111030914835779,6.237325463814877e-11,7.897674001764618e-6,6.991747177110119e-5,0.11111030914835779,-0.11110967249047694
14144,0.625,-0.11111021199753765,2.0431914775009374e-10,1.4294024896791447e-5,6.866882967030533e-5,0.11111021199753765,-0.1111096770303255
14145,0.25,-0.11111011615916361,4.335994338242335e-10,2.082305054078853e-5,6.768180860320934e-5,0.11111011615916361,-0.11110968146857961
14146,0.1,-0.111110020861238,7.493910703733017e-10,2.7375008134670968e-5,6.705344294632839e-5,0.111110020861238,-0.1111096858743659
14147,0.1,-0.11110992638774801,1.1490079535226795e-9,3.389701983246727e-5,6.667055487114237e-5,0.11110992638774801,-0.11110969017983767
14148,0.1,-0.1111098328467497,1.6298233367543381e-9,4.0371070542584554e-5,6.62276585363694e-5,0.1111098328467497,-0.1111096943694606
14149,0.1,-0.11110974034409284,2.188927274165322e-9,4.6785973049251864e-5,6.572518508182314e-5,0.11110974034409284,-0.11110969842823366
14150,0.1,-0.11110964898325378,2.823138906547109e-9,5.313321848473993e-5,6.51636604660592e-5,0.11110964898325378,-0.1111097023417496
14151,0.25,-0.11110956155685818,3.5098327210859465e-9,5.9243841208061e-5,6.45465519848952e-5,0.11110956155685818,-0.11110970547019766
14152,0.625,-0.11110948473026655,4.188081705968173e-9,6.47153900240752e-5,6.300637532618422e-5,0.11110948473026655,-0.11110970636957102
14153,1.5625,-0.11110943599458907,4.688858397227094e-9,6.847523930025432e-5,5.897398351281926e-5,0.11110943599458907,-0.11110970135190598
14154,3.90625,-0.11110945771002702,4.596640637856698e-9,6.779852976176326e-5,4.85105062572799e-5,0.11110945771002702,-0.1111096832199142
14155,9.765625,-0.11110963233556283,3.199825264094406e-9,5.656699801204237e-5,2.350047622480671e-5,0.11110963233556283,-0.11110964976130852
14156,24.4140625,-0.11111002397456682,6.711960211113091e-10,2.5907451073220403e-5,3.4417685138401145e-5,0.11111002397456682,-0.11110964387484877
14157,9.765625,-0.11111019088065077,1.4669668851079005e-10,1.2111840839062824e-5,9.440741227750554e-5,0.11111019088065077,-0.11110965605724975
14158,3.90625,-0.1111103379371405,2.1824245026669486e-11,4.6716426475779895e-6,0.00010485415856841205,0.1111103379371405,-0.1111096679079664
14159,1.5625,-0.1111104755140938,1.3187450949933106e-10,1.1483662721419985e-5,0.00010456934562430105,0.1111104755140938,-0.11110967866463739
14160,0.625,-0.11111060991295048,4.4478970690344873e-10,2.1090038096301504e-5,0.00010274122657117748,0.11111060991295048,-0.11110968883829135
14161,0.25,-0.11111074336915007,9.534120127503983e-10,3.0877370560823314e-5,0.0001012805614629994,0.11111074336915007,-0.11110969878230095
14162,0.1,-0.11111087668372825,1.6558797998835415e-9,4.069250299359259e-5,0.00010034695828941199,0.11111087668372825,-0.1111097086520626
14163,0.1,-0.11111100966903249,2.5462658411047806e-9,5.046053746349498e-5,9.977678529318206e-5,0.11111100966903249,-0.11110971829820485
14164,0.1,-0.11111114219464778,3.618743341143786e-9,6.01559917310303e-5,9.9116561862553e-5,0.11111114219464778,-0.11110972768584676
14165,0.1,-0.11111127412797717,4.866851561341003e-9,6.976282363365894e-5,9.836693905254662e-5,0.11111127412797717,-0.1111097367812981
14166,0.1,-0.11111140533452507,6.2835231157199095e-9,7.926867676276619e-5,9.752870414033342e-5,0.11111140533452507,-0.11110974555219083
14167,0.25,-0.11111153298148362,7.818622008137575e-9,8.842297217430307e-5,9.660702316602257e-5,0.11111153298148362,-0.11110975257230629
14168,0.625,-0.11111165002095648,9.336993626258381e-9,9.662812026660966e-5,9.430630020494734e-5,0.11111165002095648,-0.1111097546180538
14169,1.5625,-0.11111173728791864,1.0463320154332326e-8,0.00010229037175771885,8.827935717660917e-5,0.11111173728791864,-0.11110974344604065
14170,3.90625,-0.11111174539858831,1.0273300768735933e-8,0.00010135729262729906,7.261685415079092e-5,0.11111174539858831,-0.11110970291534106
14171,9.765625,-0.11111156299688593,7.175837661491863e-9,8.471031614562574e-5,3.4877365234096905e-5,0.11111156299688593,-0.11110962778191155
14172,24.4140625,-0.11111103670802554,1.0874399483534447e-10,1.0428038877725018e-5,4.943895314312238e-5,0.11111103670802554,-0.11110967091632748
14173,9.765625,-0.11111000740623926,1.1384510660674018e-10,1.0669822238760127e-5,2.8452149220428465e-5,0.11111000740623926,-0.11110967023723399
14174,3.90625,-0.11110962216927132,1.3036511344482374e-10,1.1417754308305278e-5,1.941684697945459e-5,0.11110962216927132,-0.11110966998031152
14175,1.5625,-0.11110931175069545,1.5125660827769638e-10,1.2298642538007858e-5,1.5577648771153597e-5,0.11110931175069545,-0.11110966994484049
14176,0.625,-0.11110902073872495,1.7595659733454836e-10,1.3264863261057324e-5,1.3896924272368136e-5,0.11110902073872495,-0.11110967001263977
14177,1.5625,-0.11110884595592574,1.917939794946274e-10,1.3848970340593102e-5,1.311931996301051e-5,0.11110884595592574,-0.11110966984165194
14178,3.90625,-0.111108981248702,1.7734048944490622e-10,1.331692492450514e-5,1.1274428417221657e-5,0.111108981248702,-0.11110966918515643
14179,9.765625,-0.11110973156762094,1.0711539623731493e-10,1.0349656817369111e-5,8.271365362449983e-6,0.11110973156762094,-0.11110966815395364
14180,24.4140625,-0.11111065994722058,1.8464026015375986e-11,4.296978707810406e-6,1.1614500846087464e-5,0.11111065994722058,-0.11110966830772837
14181,9.765625,-0.11111027226848215,4.009193334034437e-12,2.002297014439775e-6,1.9793637400759572e-5,0.11111027226848215,-0.11110966881541257
14182,3.90625,-0.11111014401738699,3.729108477577553e-12,1.9310899713834033e-6,2.0724089517771597e-5,0.11111014401738699,-0.11110966925065338
14183,1.5625,-0.11111004744924084,1.1314428862135402e-11,3.363692741933395e-6,2.0256019403854344e-5,0.11111004744924084,-0.11110966963942663
14184,0.625,-0.11110995898718687,2.5804842146848173e-11,5.079846665682752e-6,1.973994685641643e-5,0.11110995898718687,-0.11110967000799131
14185,0.25,-0.11110987299111436,4.699422217525103e-11,6.8552331962706446e-6,1.9385756124215027e-5,0.11110987299111436,-0.11110967036938901
14186,0.1,-0.11110978777613596,7.481667432187581e-11,8.649663249044775e-6,1.9166511888071077e-5,0.11110978777613596,-0.11110967072848627
14187,0.1,-0.11110970532189797,1.0898114442980861e-10,1.0439403451816997e-5,1.9030321715955633e-5,0.11110970532189797,-0.11110967107817611
14188,0.1,-0.11110962592772579,1.4923267998856992e-10,1.2216082841425476e-5,1.888067036438762e-5,0.11110962592772579,-0.11110967141741498
14189,0.1,-0.11110954988026644,1.9529684519937353e-10,1.3974864764976207e-5,1.871744493595229e-5,0.11110954988026644,-0.11110967174519339
14190,0.1,-0.11110947745260319,2.468807742724761e-10,1.571244011197739e-5,1.854061222567384e-5,0.11110947745260319,-0.11110967206054495
14191,0.25,-0.11110941881135003,3.0185278260617823e-10,1.7373910976121013e-5,1.835152509080365e-5,0.11110941881135003,-0.11110967230924067
14192,0.625,-0.11110939675935211,3.5463685602564417e-10,1.8831804375195815e-5,1.7906869646562985e-5,0.11110939675935211,-0.11110967237231562
14193,1.5625,-0.11110946744412117,3.901876955479625e-10,1.9753169253260664e-5,1.6782505605574192e-5,0.11110946744412117,-0.11110967195268491
14194,3.90625,-0.11110974756266616,3.733392519151128e-10,1.9321988818833136e-5,1.3985364008955666e-5,0.11110974756266616,-0.11110967049948896
14195,9.765625,-0.11111035292778028,2.506354832128278e-10,1.5831471290212664e-5,8.301419739838516e-6,0.11111035292778028,-0.11110966795138441
14196,24.4140625,-0.11111075614523053,5.0126344098157085e-11,7.079996052128637e-6,1.2461111679017875e-5,0.11111075614523053,-0.11110966771829899
14197,9.765625,-0.11111048523401948,1.124557516699718e-11,3.3534422862183242e-6,2.7424412422208296e-5,0.11111048523401948,-0.1111096687218607
14198,3.90625,-0.11111037252057676,3.8227413276443376e-12,1.9551831954178457e-6,2.9928948580675928e-5,0.11111037252057676,-0.11110966966940035
14199,1.5625,-0.11111028156921479,1.4692576381099192e-11,3.833089665152538e-6,2.968177734267749e-5,0.11111028156921479,-0.11110967052688635
14200,0.625,-0.1111101966242226,4.1400843561368284e-11,6.434348728610246e-6,2.9098468543082023e-5,0.1111101966242226,-0.11110967133885649
14201,0.25,-0.11111011362223568,8.339997277997771e-11,9.132358555158557e-6,2.865491232253128e-5,0.11111011362223568,-0.11110967213328102
14202,0.1,-0.11111003128413777,1.4053668763915573e-10,1.1854817064769735e-5,2.837316156380577e-5,0.11111003128413777,-0.11110967292194619
14203,0.1,-0.11110995030370141,2.1229294189090775e-10,1.4570275971679732e-5,2.8198936341779143e-5,0.11110995030370141,-0.11110967369193354
14204,0.1,-0.11110987086897174,2.9817453978536454e-10,1.7267731170752124e-5,2.8000810736210686e-5,0.11110987086897174,-0.11110967444060361
14205,0.1,-0.11110979316241427,3.9763869568365347e-10,1.9940880012769082e-5,2.7778900273354936e-5,0.11110979316241427,-0.11110967516541001
14206,0.1,-0.11110971736040466,5.10096199258313e-10,2.2585309368222366e-5,2.7533378683763958e-5,0.11110971736040466,-0.11110967586391025
14207,0.25,-0.11110964870189152,6.313741012009102e-10,2.5127158637635697e-5,2.7265839594907698e-5,0.11110964870189152,-0.11110967642145093
14208,0.625,-0.11110959935952455,7.503137089028961e-10,2.7391854791212956e-5,2.661402789500101e-5,0.11110959935952455,-0.11110967658117094
14209,1.5625,-0.11110960009652537,8.361405291271729e-10,2.8916094638231715e-5,2.4929376128137826e-5,0.11110960009652537,-0.11110967569099348
14210,3.90625,-0.11110971831701821,8.139810609430728e-10,2.853035332664271e-5,2.0618949653455362e-5,0.11110971831701821,-0.11110967249723971
14211,9.765625,-0.11111004138267311,5.590319440261966e-10,2.3643856369598353e-5,1.0903580253534971e-5,0.11111004138267311,-0.11110966670392566
14212,24.4140625,-0.11111038654559093,1.1334573477377779e-10,1.0646395388758478e-5,1.6175989625049097e-5,0.11111038654559093,-0.11110966592313398
14213,9.765625,-0.11111034557690175,2.4708765045019947e-11,4.970791189038215e-6,4.001153351342143e-5,0.11111034557690175,-0.11110966809203103
14214,3.90625,-0.11111036152808743,5.574511550316933e-12,2.361040353385967e-6,4.4073736922702754e-5,0.11111036152808743,-0.11110967016839896
14215,1.5625,-0.11111038247816497,2.7229056175146067e-11,5.218146814257535e-6,4.3836417855379995e-5,0.11111038247816497,-0.11110967204885709
14216,0.625,-0.11111040448942122,8.416184146829139e-11,9.173976317186097e-6,4.302452031942353e-5,0.11111040448942122,-0.11110967382802531
14217,0.25,-0.11111042681985674,1.7514904234190496e-10,1.3234388627432133e-5,4.239335101468366e-5,0.11111042681985674,-0.11110967556801171
14218,0.1,-0.11111044927832425,2.9986634914989076e-10,1.7316649478172467e-5,4.1992905894207874e-5,0.11111044927832425,-0.11110967729553202
14219,0.1,-0.11111047209693448,4.572310157545456e-10,2.1382960874363155e-5,4.174845101240576e-5,0.11111047209693448,-0.11110967898325842
14220,0.1,-0.11111049530249288,6.461939170652235e-10,2.542034455048207e-5,4.146690810050851e-5,0.11111049530249288,-0.11110968062517271
14221,0.1,-0.1111105189189097,8.655959430159414e-10,2.9421011930522398e-5,4.114853930298563e-5,0.1111105189189097,-0.11110968221546759
14222,0.1,-0.11111054296707577,1.1141728626992173e-9,3.337922801233152e-5,4.079367168040578e-5,0.11111054296707577,-0.11110968374856904
14223,0.25,-0.11111056851993358,1.3829331536590953e-9,3.718780920757628e-5,4.0404558157686345e-5,0.11111056851993358,-0.11110968497271827
14224,0.625,-0.11111059787178329,1.6477224767251093e-9,4.059214796885118e-5,3.9439024405605114e-5,0.11111059787178329,-0.11110968532125376
14225,1.5625,-0.1111106362350652,1.8416538993192262e-9,4.291449521221502e-5,3.6919654173212186e-5,0.1111106362350652,-0.11110968335005682
14226,3.90625,-0.11111069175960321,1.8007901850239471e-9,4.243571826921216e-5,3.040936634573749e-5,0.11111069175960321,-0.11110967625623268
14227,9.765625,-0.11111075374198442,1.2466905371231881e-9,3.530850516693093e-5,1.5141076006951732e-5,0.11111075374198442,-0.11110966325841024
14228,24.4140625,-0.11111066323287756,2.571009962208797e-10,1.6034369218054065e-5,2.2457463622256412e-5,0.11111066323287756,-0.11110966120692668
14229,9.765625,-0.11111050787429584,5.5887187388954074e-11,7.475773363937277e-6,5.920764746037314e-5,0.11111050787429584,-0.11110966598532004
14230,3.90625,-0.11111040437047397,9.886431061075096e-12,3.144269559225973e-6,6.553693469241021e-5,0.11111040437047397,-0.1111096705994339
14231,1.5625,-0.11111031161503697,5.5121090191739e-11,7.424357897605624e-6,6.528469506642822e-5,0.11111031161503697,-0.11110967478250837
14232,0.625,-0.11111022226339026,1.79209772685589e-10,1.3386925438112704e-5,6.411461089744286e-5,0.11111022226339026,-0.11110967873918877
14233,0.25,-0.11111013413625882,3.794026505631189e-10,1.947826097379124e-5,6.319171158522592e-5,0.11111013413625882,-0.11110968260761715
14234,0.1,-0.11111004650728783,6.549862366084206e-10,2.55926988926221e-5,6.260476237453779e-5,0.11111004650728783,-0.11110968644794869
14235,0.1,-0.11110995965361242,1.0036139975321702e-9,3.1679867385015524e-5,6.224740500504956e-5,0.11110995965361242,-0.11110969020082662
14236,0.1,-0.11110987367762777,1.4229938451210837e-9,3.7722590646999364e-5,6.183403099749178e-5,0.11110987367762777,-0.1111096938527132
14237,0.1,-0.11110978867963749,1.9105866035167963e-9,4.3710257417645075e-5,6.136504471797621e-5,0.11110978867963749,-0.11110969739053786
14238,0.1,-0.11110970475768261,2.463616743305122e-9,4.9634833970762124e-5,6.084093946616091e-5,0.11110970475768261,-0.11110970080174548
14239,0.25,-0.11110962457123343,3.0623198637026048e-9,5.5338231483329905e-5,6.026494844736482e-5,0.11110962457123343,-0.11110970352817488
14240,0.625,-0.11110955445790341,3.6534826331573033e-9,6.0444045473125834e-5,5.88269704687673e-5,0.11110955445790341,-0.11110970431047869
14241,1.5625,-0.11110951101659185,4.089505139003961e-9,6.394923876797878e-5,5.506214741971004e-5,0.11110951101659185,-0.11110969993320807
14242,3.90625,-0.1111095342520444,4.007683364083282e-9,6.330626638874924e-5,4.529613014822996e-5,0.1111095342520444,-0.11110968412599216
14243,9.765625,-0.111109700819044,2.7876081044005883e-9,5.2797803973277034e-5,2.20008828741269e-5,0.111109700819044,-0.11110965498711631
14244,24.4140625,-0.11111006327865432,5.832647820155099e-10,2.415087538818231e-5,3.2298956003663306e-5,0.11111006327865432,-0.11110964993423611
14245,9.765625,-0.11111021270628216,1.2740438975587502e-10,1.1287355303873226e-5,8.81539173171401e-5,0.11111021270628216,-0.11110966055256294
14246,3.90625,-0.11111034573052732,1.9487749805856715e-11,4.414493153903029e-6,9.786390999657074e-5,0.11111034573052732,-0.11110967087088411
14247,1.5625,-0.11111047032092505,1.1610753186194384e-10,1.0775320499267938e-5,9.758218326308947e-5,0.11111047032092505,-0.11110968023483679
14248,0.625,-0.11111059206192406,3.8937761543650877e-10,1.973265353257156e-5,9.586972361874431e-5,0.11111059206192406,-0.11110968909128408
14249,0.25,-0.11111071295106911,8.330786834786832e-10,2.8863102457613304e-5,9.45040864100415e-5,0.11111071295106911,-0.11110969774815595
14250,0.1,-0.11111083370579762,1.445595688405659e-9,3.802099010291104e-5,9.363191285860507e-5,0.11111083370579762,-0.11110970634067244
14251,0.1,-0.11111095416105743,2.221754846512829e-9,4.7135494550421647e-5,9.309955288092946e-5,0.11111095416105743,-0.1111097147383344
14252,0.1,-0.11111107420014255,3.1564750435756996e-9,5.618251546144672e-5,9.248314054017049e-5,0.11111107420014255,-0.11110972291076633
14253,0.1,-0.11111119370435867,4.244122594968603e-9,6.514693081771852e-5,9.178328526287755e-5,0.11111119370435867,-0.11110973082863197
14254,0.1,-0.11111131255327128,5.478535071616597e-9,7.401712688031465e-5,9.100072395672451e-5,0.11111131255327128,-0.11110973846374758
14255,0.25,-0.11111142821703335,6.815958894298897e-9,8.255882081461009e-5,9.014027652828519e-5,0.11111142821703335,-0.11110974457292935
14256,0.625,-0.11111153439494952,8.138464173028584e-9,9.021343676542084e-5,8.799214870096561e-5,0.11111153439494952,-0.1111097463470144
14257,1.5625,-0.1111116139301827,9.118619835093238e-9,9.549146472378167e-5,8.236510452699801e-5,0.1111116139301827,-0.11110973660412521
14258,3.90625,-0.11111162247536421,8.95032657135727e-9,9.460616560963281e-5,6.774477334384505e-5,0.11111162247536421,-0.11110970129109397
14259,9.765625,-0.1111114592155713,6.247359120122075e-9,7.9040237348594e-5,3.25560304906358e-5,0.1111114592155713,-0.11110963589245651
14260,24.4140625,-0.11111096241824052,9.51446711143231e-11,9.75421299307756e-6,4.631800538347006e-5,0.11111096241824052,-0.11110967354182807
14261,9.765625,-0.11111004428005045,9.974307631983019e-11,9.987145554152608e-6,2.6626903524226295e-5,0.11111004428005045,-0.1111096729431885
14262,3.90625,-0.11110970168381559,1.1403017376494627e-10,1.0678491174550188e-5,1.8219179196811804e-5,0.11110970168381559,-0.11110967272109921
14263,1.5625,-0.11110942567391904,1.32096026351773e-10,1.1493303543880366e-5,1.4674349803823601e-5,0.11110942567391904,-0.11110967269381379
14264,0.625,-0.11110916691865995,1.5344505216136475e-10,1.2387293980582069e-5,1.3131375824768823e-5,0.11110916691865995,-0.11110967275708183
14265,1.5625,-0.11110901189354871,1.6712195497149232e-10,1.2927565701689252e-5,1.241958318398174e-5,0.11110901189354871,-0.11110967261269111
14266,3.90625,-0.1111091334439262,1.5463814603581046e-10,1.2435358701533722e-5,1.0739303539621896e-5,0.1111091334439262,-0.11110967204547308
14267,9.765625,-0.11110980294975113,9.371558831261156e-11,9.680681190526395e-6,8.03346510246466e-6,0.11110980294975113,-0.1111096711485658
14268,24.4140625,-0.11111062824997069,1.6213594172247265e-11,4.026610754995727e-6,1.1077035518106872e-5,0.11111062824997069,-0.11110967128560381
14269,9.765625,-0.11111028372418322,3.692646650983863e-12,1.9216260434808493e-6,1.861079128198553e-5,0.11111028372418322,-0.11110967173039533
14270,3.90625,-0.11111017076236959,3.4608361977380244e-12,1.8603322815395169e-6,1.9471246154180152e-5,0.11111017076236959,-0.11110967211366192
14271,1.5625,-0.11111008593051175,1.0082492129882785e-11,3.175294022587953e-6,1.9036716301639997e-5,0.11111008593051175,-0.11110967245692731
14272,0.625,-0.1111100082832444,2.2721743885924613e-11,4.7667330411849805e-6,1.8558123310570635e-5,0.1111100082832444,-0.11110967278278656
14273,0.25,-0.11110993281926375,4.1198957553690245e-11,6.418641410274471e-6,1.8229857077875852e-5,0.11110993281926375,-0.11110967310248858
14274,0.1,-0.11110985804609197,6.545672035995862e-11,8.090532761194323e-6,1.8026781001928782e-5,0.11110985804609197,-0.11110967342022574
14275,0.1,-0.11110978572974477,9.524238103254529e-11,9.759220308638661e-6,1.7900714713649274e-5,0.11110978572974477,-0.11110967372976852
14276,0.1,-0.11110971613584515,1.3033435140676047e-10,1.1416407114620628e-5,1.7762182125797913e-5,0.11110971613584515,-0.11110967403020554
14277,0.1,-0.11110964951869161,1.7049407043510412e-10,1.3057337800451672e-5,1.7611082398317303e-5,0.11110964951869161,-0.1111096743206571
14278,0.1,-0.11110958612047057,2.1546690935145314e-10,1.46787911406714e-5,1.7447389046477692e-5,0.11110958612047057,-0.11110967460027948
14279,0.25,-0.11110953498314653,2.634006143839961e-10,1.6229621510805362e-5,1.7272357432075687e-5,0.11110953498314653,-0.11110967482175868
14280,0.625,-0.11110951637799514,3.0944756121506555e-10,1.759112165881032e-5,1.6860658129398348e-5,0.11110951637799514,-0.11110967488130312
14281,1.5625,-0.11110958019455475,3.4051571920623473e-10,1.8453068016084336e-5,1.582001782163236e-5,0.11110958019455475,-0.11110967451961898
14282,3.90625,-0.11110982999120227,3.259398812888392e-10,1.8053805174777954e-5,1.323605587614074e-5,0.11110982999120227,-0.11110967325542458
14283,9.765625,-0.11111036770500762,2.1887796140001594e-10,1.479452471017626e-5,8.038133936198424e-6,0.11111036770500762,-0.11110967103452579
14284,24.4140625,-0.11111072069390089,4.376883569286561e-11,6.615801968988009e-6,1.1852830943590329e-5,0.11111072069390089,-0.11110967083726248
14285,9.765625,-0.11111047759182678,9.976839056505288e-12,3.1586134705761777e-6,2.571089237142235e-5,0.11111047759182678,-0.11110967171547605
14286,3.90625,-0.11111037583424342,3.577056341401101e-12,1.8913107469163023e-6,2.8030354656024574e-5,0.11111037583424342,-0.11110967254512885
14287,1.5625,-0.11111029354214993,1.3121397862640124e-11,3.6223470102462745e-6,2.7795411218304272e-5,0.11111029354214993,-0.11110967329660756
14288,0.625,-0.11111021662667636,3.64738308475936e-11,6.039356823999854e-6,2.7250437462042463e-5,0.11111021662667636,-0.11110967400861271
14289,0.25,-0.11111014145087816,7.315825115639058e-11,8.553259680168174e-6,2.6836805405262308e-5,0.11111014145087816,-0.11110967470543309
14290,0.1,-0.11111006686928698,1.230415509111582e-10,1.10924096079778e-5,2.657430841142804e-5,0.11111006686928698,-0.11110967539729104
14291,0.1,-0.11110999350323573,1.8567115039466705e-10,1.3626120151923915e-5,2.6412110051211312e-5,0.11110999350323573,-0.11110967607285654
14292,0.1,-0.11110992152127785,2.6061573154504624e-10,1.6143597230637484e-5,2.622767064710946e-5,0.11110992152127785,-0.11110967672982845
14293,0.1,-0.11110985108699684,3.47401587580406e-10,1.8638712068713492e-5,2.6021100644331685e-5,0.11110985108699684,-0.11110967736598687
14294,0.1,-0.11110978235854845,4.455145113213984e-10,2.1107214674641426e-5,2.5792565320398898e-5,0.11110978235854845,-0.11110967797920232
14295,0.25,-0.11110972002980185,5.513094774221789e-10,2.3479980353956408e-5,2.5543550890571176e-5,0.11110972002980185,-0.11110967846937825
14296,0.625,-0.1111096750087017,6.550406259916861e-10,2.5593761466257477e-5,2.4936773617822407e-5,0.1111096750087017,-0.11110967861234211
14297,1.5625,-0.11110967486864344,7.298318812156029e-10,2.7015400815379416e-5,2.3368946698102114e-5,0.11110967486864344,-0.11110967783912384
14298,3.90625,-0.11110978006236441,7.103025375144614e-10,2.6651501599618388e-5,1.936243350026265e-5,0.11110978006236441,-0.11110967505642182
14299,9.765625,-0.11111006920448213,4.875359241955965e-10,2.208021567366579e-5,1.039782151834939e-5,0.11111006920448213,-0.11110967000959834
14300,24.4140625,-0.11111038033381679,9.873038889511603e-11,9.936316666406926e-6,1.5297142496103902e-5,0.11111038033381679,-0.11110966934165366
14301,9.765625,-0.1111103465065593,2.165349425014401e-11,4.653331521624481e-6,3.7426294445613254e-5,0.1111103465065593,-0.11110967123547612
14302,3.90625,-0.1111103630450107,5.122260643522551e-12,2.2632411810327573e-6,4.1197576329207616e-5,0.1111103630450107,-0.1111096730478377
14303,1.5625,-0.11111038386570567,2.4126900388180493e-11,4.911914126710736e-6,4.0969848602883425e-5,0.11111038386570567,-0.11110967468963784
14304,0.625,-0.11111040557165698,7.387134638221347e-11,8.594844174399759e-6,4.021030108909116e-5,0.11111040557165698,-0.11110967624338652
14305,0.25,-0.11111042754005182,1.53291780838885e-10,1.2381105800326762e-5,3.9620887678462105e-5,0.11111042754005182,-0.11110967776313706
14306,0.1,-0.11111044961411916,2.6210683709060077e-10,1.6189713928621493e-5,3.924725500596587e-5,0.11111044961411916,-0.11110967927211093
14307,0.1,-0.11111047199997748,3.993710777385193e-10,1.9984270758236822e-5,3.9019325407795125e-5,0.11111047199997748,-0.1111096807463937
14308,0.1,-0.11111049471970835,5.641692770837514e-10,2.3752247832231614e-5,3.875681391603295e-5,0.11111049471970835,-0.11110968218074131
14309,0.1,-0.11111051779281735,7.554902693431849e-10,2.7486183244371795e-5,3.845996757105288e-5,0.11111051779281735,-0.11110968357009277
14310,0.1,-0.11111054123611701,9.722311954898854e-10,3.118062211518374e-5,3.812909438237957e-5,0.11111054123611701,-0.11110968490959078
14311,0.25,-0.11111056596838462,1.2065408439533136e-9,3.47352968024359e-5,3.7766294987643406e-5,0.11111056596838462,-0.11110968597961678
14312,0.625,-0.11111059393996274,1.437330974986749e-9,3.791214811886487e-5,3.6865873669657514e-5,0.11111059393996274,-0.11110968628599058
14313,1.5625,-0.11111062953776957,1.6062135930424882e-9,4.0077594651407016e-5,3.451665647787476e-5,0.11111062953776957,-0.1111096845696018
14314,3.90625,-0.11111067934883533,1.5701254686350477e-9,3.962480875203119e-5,2.844996702739937e-5,0.11111067934883533,-0.1111096783881487
14315,9.765625,-0.11111073225096824,1.0863111225673788e-9,3.295923425335271e-5,1.4279289734585169e-5,0.11111073225096824,-0.11110966706883121
14316,24.4140625,-0.11111064396451671,2.236523153788152e-10,1.4955009708415946e-5,2.1127391266478546e-5,0.11111064396451671,-0.11110966530630992
14317,9.765625,-0.11111050148117564,4.870643810261213e-11,6.9789997924209835e-6,5.5313393545367264e-5,0.11111050148117564,-0.11110966947295918
14318,3.90625,-0.11111040592363232,8.917450780639289e-12,2.9862101032310653e-6,6.119689463123104e-5,0.11111040592363232,-0.11110967349370258
14319,1.5625,-0.11111032018147037,4.857509111870002e-11,6.969583281567128e-6,6.0953276846039444e-5,0.11111032018147037,-0.11110967713885739
14320,0.625,-0.11111023755208572,1.5690686875342193e-10,1.252624719353015e-5,5.985850320382438e-5,0.11111023755208572,-0.11110968058706165
14321,0.25,-0.11111015604043901,3.3152300141082946e-10,1.820777310411214e-5,5.8996407098622135e-5,0.11111015604043901,-0.11110968395861301
14322,0.1,-0.11111007498058462,5.718045873415058e-10,2.3912435830368805e-5,5.844855334645519e-5,0.11111007498058462,-0.11110968730583476
14323,0.1,-0.11110999462317102,8.757042657099205e-10,2.9592300784324297e-5,5.811521619395799e-5,0.11110999462317102,-0.11110969057686715
14324,0.1,-0.11110991506222585,1.241223828353109e-9,3.523100663269656e-5,5.772961391809573e-5,0.11110991506222585,-0.1111096937599186
14325,0.1,-0.11110983638992623,1.6661496627065526e-9,4.081849657577497e-5,5.7292125793100484e-5,0.11110983638992623,-0.11110969684360426
14326,0.1,-0.11110975869644264,2.1480621183201807e-9,4.6347191051024666e-5,5.680321441606922e-5,0.11110975869644264,-0.11110969981699004
14327,0.25,-0.11110968441314008,2.669716230985164e-9,5.1669296792052085e-5,5.6265894227984396e-5,0.11110968441314008,-0.11110970219352061
14328,0.625,-0.11110961933963225,3.184687552822042e-9,5.643303600571249e-5,5.4924130472419304e-5,0.11110961933963225,-0.11110970287566341
14329,1.5625,-0.11110957867753189,3.5642238730321865e-9,5.970112120414646e-5,5.1411245193568905e-5,0.11110957867753189,-0.11110969906169874
14330,3.90625,-0.1111095991148242,3.4920247112264576e-9,5.909335589748189e-5,4.2301685013885595e-5,0.1111095991148242,-0.11110968529108543
14331,9.765625,-0.11110975121610076,2.4275182361253987e-9,4.9269851188382926e-5,2.061765768685867e-5,0.11110975121610076,-0.11110965992403113
14332,24.4140625,-0.11111008491713742,5.07021555686916e-10,2.2517139154140252e-5,3.028877671562974e-5,0.11111008491713742,-0.1111096555728595
14333,9.765625,-0.11111022405036455,1.1076216413001127e-10,1.0524360509314153e-5,8.229829760746668e-5,0.11111022405036455,-0.11110966482365107
14334,3.90625,-0.11111034760575447,1.73583718124203e-11,4.166337937856254e-6,9.13299395269167e-5,0.11111034760575447,-0.11110967380643402
14335,1.5625,-0.11111046328360677,1.0198439061752942e-10,1.0098732129209558e-5,9.105603475260146e-5,0.11111046328360677,-0.11110968195753053
14336,0.625,-0.11111057629449836,3.403849466136313e-10,1.844952429233966e-5,8.945399047567904e-5,0.11111057629449836,-0.11110968966705134
14337,0.25,-0.11111068849788586,7.271554958800465e-10,2.6965820882740553e-5,8.817826388707927e-5,0.11111068849788586,-0.11110969720315048
14338,0.1,-0.11111080056095957,1.2608945445681528e-9,3.550907693207686e-5,8.73640401206871e-5,0.11111080056095957,-0.11110970468345568
14339,0.1,-0.111110912332664,1.937090514871121e-9,4.401239046985657e-5,8.686730352718011e-5,0.111110912332664,-0.1111097119940729
14340,0.1,-0.11111102370528493,2.7513159015046352e-9,5.245298753650392e-5,8.629213663882274e-5,0.11111102370528493,-0.11110971910855798
14341,0.1,-0.1111111345693651,3.698661798841338e-9,6.081662436243348e-5,8.563910975144018e-5,0.1111111345693651,-0.11110972600137281
14342,0.1,-0.11111124481392964,4.773758678004825e-9,6.909239233088419e-5,8.49089123907917e-5,0.11111124481392964,-0.11110973264798331
14343,0.25,-0.11111135210118381,5.938455691943012e-9,7.706137613579849e-5,8.410603914892023e-5,0.11111135210118381,-0.11110973796534494
14344,0.625,-0.11111145060993252,7.089935938071215e-9,8.420175733362823e-5,8.210131351757069e-5,0.11111145060993252,-0.11110973950663841
14345,1.5625,-0.11111152449104911,7.942764247286208e-9,8.912218717741508e-5,7.684991942828757e-5,0.11111152449104911,-0.11110973101748252
14346,3.90625,-0.1111115327750139,7.794406946458707e-9,8.828593855455527e-5,6.320807073467128e-5,0.1111115327750139,-0.11110970026565695
14347,9.765625,-0.11111138225869857,5.4376569806940755e-9,7.374047043987498e-5,3.0411000945494257e-5,0.11111138225869857,-0.11110964335365167
14348,24.4140625,-0.11111091864304089,8.330036868597154e-11,9.126903565063649e-6,4.3363660858660626e-5,0.11111091864304089,-0.11110967618859548
14349,9.765625,-0.11111007225293741,8.733908529589023e-11,9.345538256081895e-6,2.4959486498596887e-5,0.11111007225293741,-0.11110967566596615
14350,3.90625,-0.1111097565437472,9.976466549101645e-11,9.988226343601573e-6,1.714377764049521e-5,0.1111097565437472,-0.11110967547544233
14351,1.5625,-0.11110950222121001,1.1547905270698547e-10,1.074611802964147e-5,1.3867766043121971e-5,0.11110950222121001,-0.1111096754557835
14352,0.625,-0.11110926380220754,1.3404778857029785e-10,1.1577900870637036e-5,1.2448402001259207e-5,0.11110926380220754,-0.11110967551543542
14353,1.5625,-0.11110912101432803,1.4593278258874058e-10,1.20802641771089e-5,1.1795327635412595e-5,0.11110912101432803,-0.11110967539392798
14354,3.90625,-0.11110923318536947,1.3505002392328143e-10,1.1621102526149635e-5,1.0260343470631985e-5,0.11110923318536947,-0.11110967490341757
14355,9.765625,-0.11110985034231742,8.194842089805798e-11,9.052536710671654e-6,7.816763723976668e-6,0.11110985034231742,-0.11110967412416425
14356,24.4140625,-0.11111061012827832,1.4301227053023579e-11,3.781696319513715e-6,1.0583237158900272e-5,0.11111061012827832,-0.1111096742453343
14357,9.765625,-0.11111029189193747,3.4209688556157517e-12,1.8495861308994917e-6,1.751629869715362e-5,0.11111029189193747,-0.11110967463576243
14358,3.90625,-0.11111018761541386,3.2381475797316768e-12,1.7994853652452072e-6,1.8309201955077787e-5,0.11111018761541386,-0.11110967497366177
14359,1.5625,-0.11111010930062824,9.028111979215482e-12,3.004681676852888e-6,1.7904557952353333e-5,0.11111010930062824,-0.11110967527715575
14360,0.625,-0.11111003761465293,2.0063036094682907e-11,4.479178060167167e-6,1.7460328220438498e-5,0.11111003761465293,-0.11110967556568097
14361,0.25,-0.1111099679424631,3.618660726408093e-11,6.015530505623002e-6,1.7155964546733907e-5,0.1111099679424631,-0.11110967584892818
14362,0.1,-0.11110989890708423,5.7348899304322144e-11,7.572905605137445e-6,1.6967807073335143e-5,0.11110989890708423,-0.1111096761305026
14363,0.1,-0.11110983214063284,8.332961543021224e-11,9.128505651540795e-6,1.6851067967227903e-5,0.11110983214063284,-0.11110967640493165
14364,0.1,-0.11110976788831377,1.1393557478411298e-10,1.0674060838505323e-5,1.6722800469546882e-5,0.11110976788831377,-0.11110967667142227
14365,0.1,-0.1111097063848679,1.4895879456315884e-10,1.2204867658567988e-5,1.658291557284949e-5,0.1111097063848679,-0.11110967692920729
14366,0.1,-0.11110964785384858,1.8817727716977049e-10,1.3717772310756965e-5,1.6431393892198083e-5,0.11110964785384858,-0.11110967717755126
14367,0.25,-0.11110960064599006,2.2997558442477808e-10,1.5164945909062059e-5,1.6269402518579465e-5,0.11110960064599006,-0.1111096773751523
14368,0.625,-0.11110958348138475,2.7012561397982614e-10,1.643549859237091e-5,1.5888410056660337e-5,0.11110958348138475,-0.11110967743144208
14369,1.5625,-0.1111096424286345,2.972068197135395e-10,1.723968734384529e-5,1.4926110699378689e-5,0.1111096424286345,-0.11110967712017529
14370,3.90625,-0.11110987309914355,2.844604593238159e-10,1.6865955630316828e-5,1.2543145685952341e-5,0.11110987309914355,-0.11110967602145508
14371,9.765625,-0.11111036951989103,1.9099367749320411e-10,1.382004621892431e-5,7.809274067060527e-6,0.11111036951989103,-0.11110967408847294
14372,24.4140625,-0.11111069494708567,3.825957207002771e-11,6.185432246013832e-6,1.129578550873624e-5,0.11111069494708567,-0.11110967392064734
14373,9.765625,-0.11111047066405644,8.874460581819401e-12,2.9790032866412552e-6,2.4106058953307916e-5,0.11111047066405644,-0.11110967468896772
14374,3.90625,-0.11111037690988021,3.3476116071490072e-12,1.829647946231462e-6,2.625485001112353e-5,0.11111037690988021,-0.11110967541550497
14375,1.5625,-0.1111103011187487,1.1710434798095631e-11,3.422051255912984e-6,2.6032751587579287e-5,0.1111103011187487,-0.11110967607430731
14376,0.625,-0.11111023028688786,3.210383929181812e-11,5.666024999222834e-6,2.5524385195032455e-5,0.11111023028688786,-0.11110967669891962
14377,0.25,-0.11111016105874356,6.411387325699848e-11,8.00711391557523e-6,2.5139127129763857e-5,0.11111016105874356,-0.11110967731040389
14378,0.1,-0.11111009237764631,1.0762495663170484e-10,1.0374244870432973e-5,2.4894831058911415e-5,0.11111009237764631,-0.11110967791761524
14379,0.1,-0.11111002481833092,1.6224205928249162e-10,1.2737427498615709e-5,2.4743976702890152e-5,0.11111002481833092,-0.11110967851062592
14380,0.1,-0.11110995853641616,2.2758900337055377e-10,1.5086053273489186e-5,2.4572442896147347e-5,0.11110995853641616,-0.11110967908743137
14381,0.1,-0.11110989368293521,3.032526491748241e-10,1.74141508312873e-5,2.438033589514759e-5,0.11110989368293521,-0.11110967964609696
14382,0.1,-0.11110983040391507,3.8878454266829403e-10,1.971762010660247e-5,2.4167813589995617e-5,0.11110983040391507,-0.11110968018476794
14383,0.25,-0.11110977303471967,4.810032671408248e-10,2.193178668373429e-5,2.3936261497924025e-5,0.11110977303471967,-0.11110968061612582
14384,0.625,-0.1111097316492403,5.714034709479141e-10,2.3904047166702005e-5,2.3371971712594974e-5,0.1111097316492403,-0.11110968074468083
14385,1.5625,-0.1111097317098417,6.365326567110327e-10,2.522959882184084e-5,2.191441978293015e-5,0.1111097317098417,-0.11110968007436087
14386,3.90625,-0.11110982902415455,6.193519034829886e-10,2.4886781701999733e-5,1.8195005169198238e-5,0.11110982902415455,-0.11110967765240688
14387,9.765625,-0.11111009605192296,4.249149355578113e-10,2.0613464909078514e-5,9.93909649833662e-6,0.11111009605192296,-0.1111096732592686
14388,24.4140625,-0.11111038258861235,8.602643753390144e-11,9.275043802263224e-6,1.4471507167068415e-5,0.11111038258861235,-0.11110967268586441
14389,9.765625,-0.11111035092407452,1.900708599035748e-11,4.3597116866092735e-6,3.500370220881707e-5,0.11111035092407452,-0.11110967433867913
14390,3.90625,-0.11111036594771785,4.7073845468489054e-12,2.1696507891476237e-6,3.850604443105193e-5,0.11111036594771785,-0.1111096759203525
14391,1.5625,-0.11111038494680664,2.135034298201396e-11,4.620643135107272e-6,3.828906631679049e-5,0.11111038494680664,-0.11110967735373939
14392,0.625,-0.11111040476810342,6.476282497899489e-11,8.04753533567855e-6,3.757936007822546e-5,0.11111040476810342,-0.11110967871064634
14393,0.25,-0.11111042483185098,1.340200327293462e-10,1.157670215257118e-5,3.7029394990183425e-5,0.11111042483185098,-0.11110968003806465
14394,0.1,-0.11111044499173173,2.2887766972824062e-10,1.512870350453867e-5,3.6680990426391814e-5,0.11111044499173173,-0.11110968135616249
14395,0.1,-0.11111046543927251,3.4851094306805055e-10,1.8668447794823504e-5,3.646855021565996e-5,0.11111046543927251,-0.11110968264403524
14396,0.1,-0.11111048619519935,4.921219984335256e-10,2.2183822899435653e-5,3.6223888710278154e-5,0.11111048619519935,-0.11110968389711616
14397,0.1,-0.1111105072778596,6.588293686728344e-10,2.566767166442711e-5,3.594723868620757e-5,0.1111105072778596,-0.11110968511099768
14398,0.1,-0.1111105287031231,8.476716782957738e-10,2.9114801704558692e-5,3.5638890205234926e-5,0.1111105287031231,-0.1111096862814502
14399,0.25,-0.11111055132773448,1.0518003600530049e-9,3.243147175280525e-5,3.5300802596158246e-5,0.11111055132773448,-0.11110968721704295
14400,0.625,-0.11111057697240231,1.2528223939571596e-9,3.539523123186455e-5,3.446166239732189e-5,0.11111057697240231,-0.11110968748712928
14401,1.5625,-0.11111060973902734,1.3998183681879291e-9,3.7414146631828036e-5,3.2272715015878644e-5,0.11111060973902734,-0.11110968599467876
14402,3.90625,-0.11111065582732763,1.36805597674688e-9,3.698724072902546e-5,2.6623978694244247e-5,0.11111065582732763,-0.11110968061281017
14403,9.765625,-0.11111070515260144,9.460480312282693e-10,3.075789380351439e-5,1.348722936190674e-5,0.11111070515260144,-0.11110967076099648
14404,24.4140625,-0.1111106243749654,1.9456352027047582e-10,1.3948602807108525e-5,1.9873675033904754e-5,0.1111106243749654,-0.1111096692434662
14405,9.765625,-0.11111049286700739,4.248085866493716e-11,6.5177341664827935e-6,5.166521685873134e-5,0.11111049286700739,-0.11110967287486326
14406,3.90625,-0.11111040474397231,8.037062998929531e-12,2.834971428238657e-6,5.7135812007409453e-5,0.11111040474397231,-0.11110967637760517
14407,1.5625,-0.11111032568296722,4.2741971510442725e-11,6.537734432541806e-6,5.690234557151365e-5,0.11111032568296722,-0.11110967955340169
14408,0.625,-0.11111024949179381,1.372254454177833e-10,1.171432650295284e-5,5.58789791575057e-5,0.11111024949179381,-0.11110968255795897
14409,0.25,-0.11111017432775269,2.8941057018850075e-10,1.7012071308000702e-5,5.507415819845155e-5,0.11111017432775269,-0.11110968549595196
14410,0.1,-0.1111100995757087,4.987601600231933e-10,2.2332938902508853e-5,5.456300534322524e-5,0.1111100995757087,-0.11110968841286753
14411,0.1,-0.11111002546812372,7.634892737839326e-10,2.7631309664652753e-5,5.4252143408584814e-5,0.11111002546812372,-0.11110969126343895
14412,0.1,-0.1111099520921431,1.0818569627731043e-9,3.2891594105076516e-5,5.38925424890095e-5,0.1111099520921431,-0.11110969403740106
14413,0.1,-0.11110987953323681,1.4519346371065298e-9,3.810426009131433e-5,5.3484558126299034e-5,0.11110987953323681,-0.11110969672484379
14414,0.1,-0.11110980787505143,1.8716142316563352e-9,4.326215703887562e-5,5.302862393733487e-5,0.11110980787505143,-0.11110969931624913
14415,0.25,-0.11110973936882666,2.3258620782733554e-9,4.822719231173794e-5,5.252755111521709e-5,0.11110973936882666,-0.11110970138776513
14416,0.625,-0.11110967938498054,2.7742108182938366e-9,5.2670777650361656e-5,5.1276138167440334e-5,0.11110967938498054,-0.11110970198348658
14417,1.5625,-0.11110964199877445,3.104441695807885e-9,5.571751695658992e-5,4.799998568302536e-5,0.11110964199877445,-0.11110969866363427
14418,3.90625,-0.11110966116099985,3.040933319663738e-9,5.51446581244615e-5,3.950732150232276e-5,0.11110966116099985,-0.11110968667519994
14419,9.765625,-0.11110980202441724,2.112960468779825e-9,4.596694974413491e-5,1.9336954476840595e-5,0.11110980202441724,-0.11110966460215656
14420,24.4140625,-0.11111010983122566,4.407275689308598e-10,2.0993512543899362e-5,2.839405152420432e-5,0.11111010983122566,-0.11110966084958525
14421,9.765625,-0.11111023781346206,9.632935093495724e-11,9.814751700117392e-6,7.681598702892805e-5,0.11111023781346206,-0.1111096689052943
14422,3.90625,-0.11111035163268164,1.543865617256776e-11,3.929205539618379e-6,8.521867541595356e-5,0.11111035163268164,-0.1111096767232049
14423,1.5625,-0.11111045820395361,8.944515707420891e-11,9.457544981347374e-6,8.495468822667742e-5,0.11111045820395361,-0.1111096838168939
14424,0.625,-0.11111056231264238,2.972567966451463e-10,1.7241136756175513e-5,8.345706256096923e-5,0.11111056231264238,-0.11110969052653763
14425,0.25,-0.11111066566802595,6.341771708620695e-10,2.5182874555182725e-5,8.226589451797117e-5,0.11111066566802595,-0.11110969708550925
14426,0.1,-0.11111076888341291,1.0989895921682643e-9,3.315101193279421e-5,8.150602399809374e-5,0.11111076888341291,-0.11110970359609318
14427,0.1,-0.11111087182166328,1.6877625571499813e-9,4.1082387432450675e-5,8.104261875068375e-5,0.11111087182166328,-0.11110970995896736
14428,0.1,-0.11111097438424682,2.3966401300545688e-9,4.8955491316649746e-5,8.050605728210293e-5,0.11111097438424682,-0.11110971615112178
14429,0.1,-0.11111107647108504,3.2213472415310343e-9,5.675691360117316e-5,7.989687302140771e-5,0.11111107647108504,-0.11110972215033475
14430,0.1,-0.11111117798075414,4.157207793487042e-9,6.447641269089838e-5,7.921571089397477e-5,0.11111117798075414,-0.11110972793525876
14431,0.25,-0.11111127677338899,5.170980313974e-9,7.190952867300688e-5,7.846676283965023e-5,0.11111127677338899,-0.11110973256288692
14432,0.625,-0.11111136752016951,6.173087548307318e-9,7.856899864645927e-5,7.659651720897255e-5,0.11111136752016951,-0.11110973390312541
14433,1.5625,-0.11111143570821666,6.914874678605695e-9,8.315572547098423e-5,7.169753504366114e-5,0.11111143570821666,-0.11110972651199465
14434,3.90625,-0.11111144378610815,6.78445921204709e-9,8.236782874428032e-5,5.89735918448426e-5,0.11111144378610815,-0.11110969974654497
14435,9.765625,-0.11111130607749947,4.731054371388386e-9,6.878266039772223e-5,2.8418769529475157e-5,0.11111130607749947,-0.11110965023892871
14436,24.4140625,-0.11111087230151709,7.285719216466646e-11,8.53564245763999e-6,4.057985719272531e-5,0.11111087230151709,-0.11110967885849544
14437,9.765625,-0.11111009881589397,7.641497472650199e-11,8.741565919587977e-6,2.338385300917808e-5,0.11111009881589397,-0.11110967840223106
14438,3.90625,-0.11110981066274898,8.71903516252292e-11,9.33757739594319e-6,1.612833874281919e-5,0.11110981066274898,-0.11110967823929095
14439,1.5625,-0.11110957857225369,1.0081757984160912e-10,1.0040795777308148e-5,1.3108254959264296e-5,0.11110957857225369,-0.11110967822620205
14440,0.625,-0.11110936099893602,1.169160930356598e-10,1.081277452995575e-5,1.1806891657703976e-5,0.11110936099893602,-0.11110967828253653
14441,1.5625,-0.1111092308470705,1.272074141602187e-10,1.1278626430564083e-5,1.1209927708374165e-5,0.1111092308470705,-0.11110967818116754
14442,3.90625,-0.11110933371050874,1.1774871767967935e-10,1.0851208120743024e-5,9.813548490347663e-6,0.11110933371050874,-0.11110967775838607
14443,9.765625,-0.1111098978454397,7.158891778369739e-11,8.461023447769035e-6,7.617154477769445e-6,0.1111098978454397,-0.11110967708271267
14444,24.4140625,-0.11111059094103647,1.2625224649671703e-11,3.5531992133388332e-6,1.0125411841466423e-5,0.11111059094103647,-0.11110967718952242
14445,9.765625,-0.11111030007575905,3.182860363933456e-12,1.7840572759677465e-6,1.649384136584796e-5,0.11111030007575905,-0.11110967753214392
14446,3.90625,-0.11111020510275098,3.034135356062662e-12,1.7418769635260299e-6,1.7224854911953712e-5,0.11111020510275098,-0.1111096778302893
14447,1.5625,-0.11111013384092126,8.085053758728323e-12,2.8434228948097614e-6,1.684947070408321e-5,0.11111013384092126,-0.1111096780989583
14448,0.625,-0.11111006862865302,1.770248426121037e-11,4.20743202692692e-6,1.6438170615951933e-5,0.11111006862865302,-0.11110967835479381
14449,0.25,-0.11111000525319549,3.1750426660325805e-11,5.634751694646872e-6,1.6156591776326044e-5,0.11111000525319549,-0.11110967860611849
14450,0.1,-0.11110994245816712,5.018544569862078e-11,7.084168666725883e-6,1.5982614318591697e-5,0.11110994245816712,-0.11110967885602215
14451,0.1,-0.11110988173776594,7.281591944793742e-11,8.533224446124537e-6,1.5874720635896863e-5,0.11110988173776594,-0.11110967909970387
14452,0.1,-0.11110982331593365,9.947376537647773e-11,9.973653562084344e-6,1.575618787749332e-5,0.11110982331593365,-0.11110967933647305
14453,0.1,-0.11110976740703109,1.2997801470881252e-10,1.1400790091428423e-5,1.5626938037333104e-5,0.11110976740703109,-0.11110967956566127
14454,0.1,-0.11110971421517712,1.641354939553282e-10,1.2811537532838446e-5,1.5486958194308902e-5,0.11110971421517712,-0.11110967978662839
14455,0.25,-0.11110967137468203,2.0054060846512692e-10,1.4161236120661462e-5,1.5337331543881405e-5,0.11110967137468203,-0.11110967996336645
14456,0.625,-0.1111096559962399,2.3551383752665675e-10,1.5346460097581357e-5,1.4985474287211943e-5,0.1111096559962399,-0.11110968001693694
14457,1.5625,-0.11110971017906753,2.591130591202639e-10,1.609698913214095e-5,1.4097478350173815e-5,0.11110971017906753,-0.11110967975012896
14458,3.90625,-0.11110992124983486,2.4802551444626524e-10,1.574882581166816e-5,1.1904727676466878e-5,0.11110992124983486,-0.11110967879680006
14459,9.765625,-0.11111037479677363,1.665649266772523e-10,1.2906003512987755e-5,7.603219430630239e-6,0.11111037479677363,-0.11110967711585079
14460,24.4140625,-0.11111067035600565,3.3457571841746475e-11,5.784252055516467e-6,1.0775610369748104e-5,0.11111067035600565,-0.11110967697241121
14461,9.765625,-0.11111046475766928,7.916369115748347e-12,2.8136042926730735e-6,2.2605896673347444e-5,0.11111046475766928,-0.11110967764443777
14462,3.90625,-0.11111037868009425,3.138448200529593e-12,1.7715665950027374e-6,2.45962814519154e-5,0.11111037868009425,-0.11110967828082917
14463,1.5625,-0.11111030905190228,1.0452747595197722e-11,3.233070923316982e-6,2.438721606765204e-5,0.11111030905190228,-0.11110967885865336
14464,0.625,-0.11111024396511972,2.824205782814262e-11,5.314325717167007e-6,2.391368051166207e-5,0.11111024396511972,-0.11110967940690734
14465,0.25,-0.11111018034652607,5.6146542787254054e-11,7.493099678187529e-6,2.3555266739453334e-5,0.11111018034652607,-0.11110967994382479
14466,0.1,-0.1111101172282604,9.406582031460285e-11,9.69875354437893e-6,2.332814023258305e-5,0.1111101172282604,-0.11110968047706572
14467,0.1,-0.11111005513741734,1.416554672811009e-10,1.1901910236642726e-5,2.3187959573809528e-5,0.11111005513741734,-0.11110968099793839
14468,0.1,-0.1111099942166404,1.985876941685264e-10,1.4092114609544104e-5,2.3028571676498722e-5,0.1111099942166404,-0.11110968150469662
14469,0.1,-0.1111099346043829,2.6450251216943065e-10,1.6263533200674158e-5,2.2850078920832593e-5,0.1111099346043829,-0.11110968199565632
14470,0.1,-0.11110987643452025,3.390091687177453e-10,1.841220162603444e-5,2.2652632304156946e-5,0.11110987643452025,-0.11110968246920257
14471,0.25,-0.11110982368098,4.1933400088264904e-10,2.0477646370680616e-5,2.2437523150104595e-5,0.11110982368098,-0.1111096828492235
14472,0.625,-0.11110978557795109,4.980623552803492e-10,2.2317310664153717e-5,2.1913295851616946e-5,0.11110978557795109,-0.11110968296536908
14473,1.5625,-0.11110978546610144,5.547505691926559e-10,2.3553143509787732e-5,2.0559777499926858e-5,0.11110978546610144,-0.11110968238542585
14474,3.90625,-0.11110987450627387,5.396839293552517e-10,2.323109832434213e-5,1.711124007959443e-5,0.11110987450627387,-0.11110968027955649
14475,9.765625,-0.11111011914976082,3.7014792108916505e-10,1.9239228703073444e-5,9.5217476004797e-6,0.11111011914976082,-0.11110967645790833
14476,24.4140625,-0.11111038195322072,7.496781135937389e-11,8.658395426369362e-6,1.3699191880677963e-5,0.11111038195322072,-0.11110967596463715
14477,9.765625,-0.1111103535715608,1.67089628699546e-11,4.087659828062335e-6,3.273725141759913e-5,0.1111103535715608,-0.11110967740661634
14478,3.90625,-0.1111103678905988,4.3318152159042134e-12,2.0813013275122403e-6,3.598992333988155e-5,0.1111103678905988,-0.11110967878686973
14479,1.5625,-0.11111038580686185,1.8884575966919353e-11,4.345638729452709e-6,3.5784191842720266e-5,0.11111038580686185,-0.11110968003836677
14480,0.625,-0.11111040445982781,5.673746383143416e-11,7.532427485972511e-6,3.512174424155686e-5,0.11111040445982781,-0.11110968122349342
14481,0.25,-0.1111104233279599,1.170866976935985e-10,1.0820660686556921e-5,3.460900250753337e-5,0.1111104233279599,-0.11110968238306025
14482,0.1,-0.11111044228057944,1.9972016716716065e-10,1.4132238575935542e-5,3.428435708710284e-5,0.11111044228057944,-0.11110968353456996
14483,0.1,-0.1111104614935457,3.0391894491343206e-10,1.743327120518212e-5,3.408648598078456e-5,0.1111104614935457,-0.11110968465976227
14484,0.1,-0.11111048098548847,4.2898799175245365e-10,2.0712025293352015e-5,3.385861173356797e-5,0.11111048098548847,-0.11110968575466164
14485,0.1,-0.1111105007728669,5.741594466743976e-10,2.396162445817056e-5,3.3600953797769766e-5,0.1111105007728669,-0.11110968681543208
14486,0.1,-0.11111052086987742,7.385958554351509e-10,2.717712007250126e-5,3.331378545898616e-5,0.11111052086987742,-0.11110968783839228
14487,0.25,-0.11111054205454866,9.163281642637909e-10,3.0270912841600777e-5,3.2998933708278756e-5,0.11111054205454866,-0.11110968865678501
14488,0.625,-0.11111056597714795,1.0913269114425433e-9,3.3035237420707956e-5,3.221742791367851e-5,0.11111056597714795,-0.11110968889555137
14489,1.5625,-0.1111105963460507,1.219220241279096e-9,3.491733439538442e-5,3.0179222647099393e-5,0.1111105963460507,-0.11110968759941234
14490,3.90625,-0.1111106387065472,1.1913362486872486e-9,3.45157391444432e-5,2.492364140280866e-5,0.1111106387065472,-0.1111096829170208
14491,9.765625,-0.11111068347629487,8.235321984539277e-10,2.869725071246247e-5,1.2759555731129683e-5,0.11111068347629487,-0.11110967434671545
14492,24.4140625,-0.11111060778815127,1.6925780890591897e-10,1.3009911948430664e-5,1.86980646774551e-5,0.11111060778815127,-0.11110967303834063
14493,9.765625,-0.11111048630168648,3.707794362946467e-11,6.089166086539656e-6,4.825194519191255e-5,0.11111048630168648,-0.111109676202042
14494,3.90625,-0.11111040474989706,7.247912996020452e-12,2.692194828763411e-6,5.3339077122881756e-5,0.11111040474989706,-0.1111096792529174
14495,1.5625,-0.11111033155724387,3.7579067404040886e-11,6.1301767840773475e-6,5.311653667809772e-5,0.11111033155724387,-0.11110968201943949
14496,0.625,-0.11111026101081588,1.199234545026022e-10,1.0950956784802057e-5,5.216064550837014e-5,0.11111026101081588,-0.11110968463716275
14497,0.25,-0.11111019140892671,2.5247633122245345e-10,1.5889503806678593e-5,5.14097088091309e-5,0.11111019140892671,-0.11110968719710505
14498,0.1,-0.11111012218319023,4.347713941352008e-10,2.0851172488260722e-5,5.093301705101222e-5,0.11111012218319023,-0.1111096897387895
14499,0.1,-0.11111005354767552,6.652535364753686e-10,2.5792509309397733e-5,5.064322627972606e-5,0.11111005354767552,-0.11110969222273004
14500,0.1,-0.111109985583096,9.424067983253491e-10,3.069864489395825e-5,5.030800346264411e-5,0.111109985583096,-0.1111096946399951
14501,0.1,-0.11110991836865476,1.2645518553175594e-9,3.556053789409771e-5,4.9927681957583535e-5,0.11110991836865476,-0.11110969698196137
14502,0.1,-0.11110985198190725,1.6298531329827541e-9,4.037143957035412e-5,4.950266827203295e-5,0.11110985198190725,-0.1111096992403473
14503,0.25,-0.11110978850316622,2.025213543182719e-9,4.500237263948112e-5,4.9035583876338006e-5,0.11110978850316622,-0.11110970104611759
14504,0.625,-0.11110973289714146,2.415381601349109e-9,4.914653193613064e-5,4.7868942324222935e-5,0.11110973289714146,-0.11110970156713523
14505,1.5625,-0.11110969817864878,2.702611340301848e-9,5.198664578814301e-5,4.48149452382711e-5,0.11110969817864878,-0.1111096986798112
14506,3.90625,-0.11110971574561755,2.646872521151278e-9,5.144776497722013e-5,3.690122108656773e-5,0.11110971574561755,-0.11110968824863052
14507,9.765625,-0.11110984585074056,1.838457632939452e-9,4.2877239101176415e-5,1.8151706833296042e-5,0.11110984585074056,-0.11110966904957964
14508,24.4140625,-0.11111013032292713,3.830759716993316e-10,1.957232668078406e-5,2.6615172105219943e-5,0.11111013032292713,-0.11110966581007133
14509,9.765625,-0.11111024885190113,8.380570215512356e-11,9.15454543683757e-6,7.168801918730468e-5,0.11111024885190113,-0.11110967282249379
14510,3.90625,-0.1111103542787959,1.3728014610351566e-11,3.7051335482478317e-6,7.950642407848791e-5,0.1111103542787959,-0.11110967962498584
14511,1.5625,-0.11111045298719636,7.837421660192766e-11,8.852921359750558e-6,7.92535354408482e-5,0.11111045298719636,-0.11110968579725394
14512,0.625,-0.11111054940614096,2.5940762881900475e-10,1.610613637155121e-5,7.785437729420094e-5,0.11111054940614096,-0.11110969163565526
14513,0.25,-0.111110645117415,5.527477841840521e-10,2.3510588767277865e-5,7.674264274486717e-5,0.111110645117415,-0.11110969734318699
14514,0.1,-0.11111074068841621,9.573384030981411e-10,3.094088562239519e-5,7.603374979982921e-5,0.11111074068841621,-0.11110970300875576
14515,0.1,-0.11111083599429909,1.4697554580425219e-9,3.833738981780739e-5,7.560156944005113e-5,0.11111083599429909,-0.11110970854580056
14516,0.1,-0.11111093094445128,2.086642419747511e-9,4.567978130144135e-5,7.510117213192938e-5,0.11111093094445128,-0.11110971393430595
14517,0.1,-0.11111102544689094,2.8042780065123445e-9,5.295543415469601e-5,7.453305678621176e-5,0.11111102544689094,-0.11110971915494317
14518,0.1,-0.11111111940844981,3.6185919514406415e-9,6.015473340844128e-5,7.389782655961416e-5,0.11111111940844981,-0.11110972418914415
14519,0.25,-0.11111121086016906,4.50063685123094e-9,6.708678596587364e-5,7.319939069240067e-5,0.11111121086016906,-0.11110972821620038
14520,0.625,-0.11111129489856926,5.372413401489897e-9,7.329674891487273e-5,7.145515841307542e-5,0.11111129489856926,-0.11110972938253556
14521,1.5625,-0.11111135816656531,6.017424108163209e-9,7.757205752178556e-5,6.688642486816369e-5,0.11111135816656531,-0.11110972295147631
14522,3.90625,-0.11111136607820052,5.903009563968116e-9,7.683104557383112e-5,5.5022606902998746e-5,0.11111136607820052,-0.11110969966600245
14523,9.765625,-0.11111123953943437,4.11490783728395e-9,6.414754739882071e-5,2.656860236434741e-5,0.11111123953943437,-0.11110965661384038
14524,24.4140625,-0.11111085358789749,8.666029053896945e-10,2.9438119936397e-5,3.865603879963881e-5,0.11111085358789749,-0.11110964885360612
14525,9.765625,-0.11111063959771071,1.8966948509420014e-10,1.3772054497938939e-5,0.00010695457648303555,0.11111063959771071,-0.11110966449799434
14526,3.90625,-0.1111104645910271,2.694097530171988e-11,5.190469660995995e-6,0.00011888097076392081,0.1111104645910271,-0.11110967974398056
14527,1.5625,-0.11111030288452393,1.664800115866573e-10,1.290271334203226e-5,0.00011858940769889301,0.11111030288452393,-0.11110969358676756
14528,0.625,-0.11111014590619075,5.669649051486795e-10,2.381102486556762e-5,0.00011652807854707514,0.11111014590619075,-0.11110970667888424
14529,0.25,-0.11110999082076498,1.2191464027572407e-9,3.4916277046060344e-5,0.00011487544905766754,0.11110999082076498,-0.11110971947430226
14530,0.1,-0.11110983664760243,2.1206080647838785e-9,4.6050060421066535e-5,0.00011381730457855805,0.11110983664760243,-0.11110973217315712
14531,0.1,-0.11110968359194673,3.2637488335184425e-9,5.7129229239667174e-5,0.00011317003774264176,0.11110968359194673,-0.11110974458442625
14532,0.1,-0.11110953177837825,4.641086325516007e-9,6.812551890089357e-5,0.00011242076764125846,0.11110953177837825,-0.11110975666327333
14533,0.1,-0.1111093813288022,6.24432513811193e-9,7.902104237550862e-5,0.00011157022113509022,0.1111093813288022,-0.1111097683663903
14534,0.1,-0.11110923236238883,8.064391746286783e-9,8.980195847689951e-5,0.00011061927924813095,0.11110923236238883,-0.11110977965216359
14535,0.25,-0.1111090879186298,1.0037026104644284e-8,0.0001001849594731878,0.00010957378012261103,0.1111090879186298,-0.11110978868939633
14536,0.625,-0.11110895540928895,1.1988961482288182e-8,0.00010949411619940216,0.00010696591818411266,0.11110895540928895,-0.11110979133738388
14537,1.5625,-0.11110885482647799,1.3438931870076073e-8,0.00011592640713002398,0.00010013551464329847,0.11110885482647799,-0.11110977700346492
14538,3.90625,-0.11110883793257455,1.3201140508403429e-8,0.0001148962162492892,8.238076795742014e-5,0.11110883793257455,-0.11110972492534879
14539,9.765625,-0.11110902655715174,9.231308994396941e-9,9.607970126096844e-5,3.9526549729871285e-5,0.11110902655715174,-0.11110962823939464
14540,24.4140625,-0.11110973073767075,1.3860094240443156e-10,1.1772890146622092e-5,5.574736860225497e-5,0.11110973073767075,-0.11110968350204597
14541,9.765625,-0.11111080684069641,1.4485574045121384e-10,1.2035603036458699e-5,3.21091762615253e-5,0.11111080684069641,-0.11110968264353144
14542,3.90625,-0.11111120457823317,1.661504589399075e-10,1.2889936343516499e-5,2.1836246740596507e-5,0.11111120457823317,-0.11110968231156952
14543,1.5625,-0.11111152422729621,1.9323060777013034e-10,1.3900741266929988e-5,1.7426766965628674e-5,0.11111152422729621,-0.1111096822594143
14544,0.625,-0.1111118237573759,2.2533975363657362e-10,1.5011320849164927e-5,1.547758677895012e-5,0.1111118237573759,-0.11110968233820773
14545,1.5625,-0.11111200086631605,2.460919469776858e-10,1.5687318030105906e-5,1.4570060392627932e-5,0.11111200086631605,-0.11110968210947034
14546,3.90625,-0.11111185228431548,2.2763843043344118e-10,1.5087691355321436e-5,1.2396112749009193e-5,0.11111185228431548,-0.11110968125524526
14547,9.765625,-0.11111106214429133,1.3691684588423287e-10,1.1701147203767368e-5,8.760983074722112e-6,0.11111106214429133,-0.111109679923097
14548,24.4140625,-0.11111011348112773,2.313324613659512e-11,4.809703331453524e-6,1.2701319714132121e-5,0.11111011348112773,-0.1111096801218637
14549,9.765625,-0.11111053587266305,4.580221096317274e-12,2.14014511104207e-6,2.213338129413835e-5,0.11111053587266305,-0.11110968076565987
14550,3.90625,-0.11111067259619371,4.205308654607499e-12,2.0506849232896554e-6,2.3201048313093144e-5,0.11111067259619371,-0.1111096813134891
14551,1.5625,-0.11111077513219948,1.3903636384281394e-11,3.7287580216851555e-6,2.2668685901982293e-5,0.11111077513219948,-0.11110968180064058
14552,0.625,-0.11111086898646197,3.2443408606278304e-11,5.695911569387143e-6,2.208059024431482e-5,0.11111086898646197,-0.11110968226148696
14553,0.25,-0.11111096022290297,5.956117549336371e-11,7.71758870978259e-6,2.1677208458033837e-5,0.11111096022290297,-0.11110968271302915
14554,0.1,-0.11111105064673467,9.517338072063353e-11,9.755684533677455e-6,2.142802245573585e-5,0.11111105064673467,-0.1111096831616191
14555,0.1,-0.11111113806677385,1.3890800760149843e-10,1.1785924130143484e-5,2.1273764807681542e-5,0.11111113806677385,-0.11110968359824264
14556,0.1,-0.11111122215829942,1.9043932834511052e-10,1.379997566465646e-5,2.1103960869906585e-5,0.11111122215829942,-0.11110968402155705
14557,0.1,-0.11111130261043557,2.4941662355235226e-10,1.5792929543069338e-5,2.0918483346725984e-5,0.11111130261043557,-0.11110968443026446
14558,0.1,-0.11111137912713026,3.1546554020928593e-10,1.7761349616774226e-5,2.071729306202915e-5,0.11111137912713026,-0.11110968482312196
14559,0.25,-0.11111144059393466,3.8585614166806396e-10,1.9643221265058946e-5,2.0501924188897668e-5,0.11111144059393466,-0.11110968513078454
14560,0.625,-0.1111114621182172,4.534469962213952e-10,2.129429492191266e-5,1.999331863372074e-5,0.1111114621182172,-0.1111096852010595
14561,1.5625,-0.11111138250258235,4.989717114685184e-10,2.2337674710419577e-5,1.8703563755535276e-5,0.11111138250258235,-0.11110968465388188
14562,3.90625,-0.11111107508629105,4.774199226451917e-10,2.1849941021549502e-5,1.547943929816939e-5,0.11111107508629105,-0.11110968278465139
14563,9.765625,-0.11111041756008616,3.204476093739467e-10,1.7901050510345662e-5,8.786943560969175e-6,0.11111041756008616,-0.11110967951515198
14564,24.4140625,-0.11111000020186045,6.377348164290449e-11,7.98583005346999e-6,1.3665882984924763e-5,0.11111000020186045,-0.1111096792121099
14565,9.765625,-0.11111029992580128,1.3770726076086052e-11,3.7108928947203598e-6,3.086300983594591e-5,0.11111029992580128,-0.11110968049421857
14566,3.90625,-0.11111042379756252,4.1708500152756095e-12,2.0422659021967756e-6,3.3727889674350145e-5,0.11111042379756252,-0.1111096817013842
14567,1.5625,-0.11111052365932574,1.8044774883998446e-11,4.247914180394709e-6,3.345174016313283e-5,0.11111052365932574,-0.1111096827915833
14568,0.625,-0.11111061695572036,5.224020797553973e-11,7.227738787168483e-6,3.2790068487709274e-5,0.11111061695572036,-0.1111096838227589
14569,0.25,-0.11111070816848224,1.0605451805553881e-10,1.0298277431470702e-5,3.22863418851172e-5,0.11111070816848224,-0.1111096848311664
14570,0.1,-0.11111079870653533,1.7929198850386352e-10,1.338999583658873e-5,3.1966413453652444e-5,0.11111079870653533,-0.11110968583209524
14571,0.1,-0.11111088776712276,2.7129079304565663e-10,1.647090747486782e-5,3.1768774048198555e-5,0.11111088776712276,-0.11110968680911433
14572,0.1,-0.11111097513874113,3.8141884955506633e-10,1.9529947505179482e-5,3.1543920594542064e-5,0.11111097513874113,-0.11110968775883742
14573,0.1,-0.11111106061581189,5.089816697367425e-10,2.256062210438228e-5,3.129196935656686e-5,0.11111106061581189,-0.11110968867799666
14574,0.1,-0.11111114399927131,6.532251200286808e-10,2.555826911253344e-5,3.1013102917322406e-5,0.11111114399927131,-0.11110968956345676
14575,0.25,-0.11111121937426784,8.088036506643302e-10,2.8439473459688566e-5,3.070910668434804e-5,0.11111121937426784,-0.11110969026830658
14576,0.625,-0.11111127301005672,9.614179653765702e-10,3.100674064419816e-5,2.9967239270418226e-5,0.11111127301005672,-0.1111096904632615
14577,1.5625,-0.11111127023399835,1.071626644897517e-9,3.273570901779152e-5,2.804741289098515e-5,0.11111127023399835,-0.11110968931221994
14578,3.90625,-0.11111113526720408,1.0434640272017135e-9,3.230269380719994e-5,2.3123701605592128e-5,0.11111113526720408,-0.11110968520704638
14579,9.765625,-0.11111077126000947,7.169247171697484e-10,2.6775449896682378e-5,1.1887365170039838e-5,0.11111077126000947,-0.11110967776444616
14580,24.4140625,-0.11111039206619447,1.453015038904324e-10,1.2054107345234337e-5,1.796177538891731e-5,0.11111039206619447,-0.11110967674658581
14581,9.765625,-0.11111044354877381,3.1262612486412237e-11,5.591297925027089e-6,4.519803143368036e-5,0.11111044354877381,-0.11110967952417697
14582,3.90625,-0.11111042805663811,6.5009591867664816e-12,2.5496978618586323e-6,4.983079012686474e-5,0.11111042805663811,-0.11110968218238003
14583,1.5625,-0.1111104067234823,3.4121225836990494e-11,5.841337675309526e-6,4.956933471150768e-5,0.1111104067234823,-0.1111096845882009
14584,0.625,-0.11111038421564766,1.0704096118059323e-10,1.0346060176733617e-5,4.8650922426272325e-5,0.11111038421564766,-0.1111096868634621
14585,0.25,-0.11111036143523151,2.236864278850076e-10,1.4956150169245012e-5,4.793582581685991e-5,0.11111036143523151,-0.11110968908816352
14586,0.1,-0.1111103386213907,3.836406528931035e-10,1.9586746868561495e-5,4.748193792306651e-5,0.1111103386213907,-0.11110969129675045
14587,0.1,-0.1111103154801969,5.855168276140544e-10,2.4197454982168154e-5,4.72048562717899e-5,0.1111103154801969,-0.11110969345431093
14588,0.1,-0.11111029197161774,8.279700449019727e-10,2.877446862935913e-5,4.688562579098313e-5,0.11111029197161774,-0.11110969555311372
14589,0.1,-0.1111102680582247,1.1095142543678653e-9,3.33093718699087e-5,4.6524542020020376e-5,0.1111102680582247,-0.1111096975856985
14590,0.1,-0.11111024370539219,1.4285284971185709e-9,3.779587936691738e-5,4.612197292886792e-5,0.11111024370539219,-0.11110969954490352
14591,0.25,-0.1111102174914366,1.7734880797056742e-9,4.211280185057359e-5,4.568046574404084e-5,0.1111102174914366,-0.11110970110781856
14592,0.625,-0.11111018631597057,2.113428306251973e-9,4.597203830864989e-5,4.4584440307937075e-5,0.11111018631597057,-0.11110970154740264
14593,1.5625,-0.11111014297626295,2.362591482677975e-9,4.860649630119389e-5,4.172331249376151e-5,0.11111014297626295,-0.111109699010433
14594,3.90625,-0.11111007539037457,2.3107380179523538e-9,4.8070136446159105e-5,3.4322139384326266e-5,0.11111007539037457,-0.11110968989816285
14595,9.765625,-0.1111099925033357,1.6005130710068963e-9,4.000641287352437e-5,1.6857278517154643e-5,0.1111099925033357,-0.11110967319794043
14596,24.4140625,-0.111110086215942,3.303072676340693e-10,1.8174357420114453e-5,2.517042695568629e-5,0.111110086215942,-0.11110967053346849
14597,9.765625,-0.11111026753918753,7.14578688076504e-11,8.453275625912739e-6,6.700362725017034e-5,0.11111026753918753,-0.1111096766627132
14598,3.90625,-0.11111038658927601,1.203016072266741e-11,3.468452208502722e-6,7.420507351696443e-5,0.11111038658927601,-0.11110968258270318
14599,1.5625,-0.1111104931769289,6.982386970694477e-11,8.356067837622238e-6,7.392742524344384e-5,0.1111104931769289,-0.11110968794852313
14600,0.625,-0.11111059601556071,2.289232888766905e-10,1.5130211131266163e-5,7.260342526462867e-5,0.11111059601556071,-0.1111096930229767
14601,0.25,-0.11111069768735261,4.857929070431322e-10,2.2040710220932814e-5,7.155770404629733e-5,0.11111069768735261,-0.11110969798370937
14602,0.1,-0.11111079905739653,8.395163522745121e-10,2.8974408575060026e-5,7.089223508656691e-5,0.11111079905739653,-0.11110970290814741
14603,0.1,-0.11111089976133275,1.2870861652494398e-9,3.587598312589412e-5,7.048688073793128e-5,0.11111089976133275,-0.11110970772027605
14604,0.1,-0.11111099966334635,1.8255623697894793e-9,4.27266002601363e-5,7.00179559882093e-5,0.11111099966334635,-0.11110971240270033
14605,0.1,-0.11111109862835017,2.451687367278301e-9,4.9514516732755266e-5,6.948591304170469e-5,0.11111109862835017,-0.11110971693862311
14606,0.1,-0.11111119652231721,3.1618996955429365e-9,5.623077178505499e-5,6.889130482161596e-5,0.11111119652231721,-0.11110972131191069
14607,0.25,-0.11111128995027882,3.930841673958476e-9,6.269642473027051e-5,6.823778845599372e-5,0.11111128995027882,-0.11110972480602078
14608,0.625,-0.11111137078486323,4.690228325423895e-9,6.848524166142582e-5,6.660643543710713e-5,0.11111137078486323,-0.11110972580391232
14609,1.5625,-0.1111114177491928,5.2506298879134524e-9,7.246123024013223e-5,6.233491820712133e-5,0.1111114177491928,-0.11110972017624146
14610,3.90625,-0.1111113801101893,5.146458065454808e-9,7.17388184001856e-5,5.124927406804753e-5,0.1111113801101893,-0.11110969986768214
14611,9.765625,-0.11111116554133826,3.5808833257228404e-9,5.9840482331970225e-5,2.4725322625147133e-5,0.11111116554133826,-0.11110966242127912
14612,24.4140625,-0.11111074238075977,7.496604753886078e-10,2.7379928330596626e-5,3.639436397929572e-5,0.11111074238075977,-0.11110965588853873
14613,9.765625,-0.11111059151609438,1.6338888192656904e-10,1.27823660535352e-5,9.985423438426233e-5,0.11111059151609438,-0.11110966952316818
14614,3.90625,-0.11111045030631805,2.4242053704871485e-11,4.923622010763162e-6,0.00011088467600099036,0.11111045030631805,-0.11110968277555384
14615,1.5625,-0.11111031767225381,1.4791871452066588e-10,1.2162183789133672e-5,0.00011057284377962728,0.11111031767225381,-0.11110969480129594
14616,0.625,-0.11111018837390209,4.985626209067588e-10,2.2328515868878495e-5,0.00010863384225775515,0.11111018837390209,-0.111109706174231
14617,0.25,-0.11111006048132059,1.0681674504614932e-9,3.268283112677807e-5,0.00010708611867903548,0.11111006048132059,-0.11110971729018936
14618,0.1,-0.11110993330519192,1.854647822594571e-9,4.306562228268124e-5,0.00010609714281581124,0.11110993330519192,-0.11110972832309295
14619,0.1,-0.11110980692428922,2.8513579410372873e-9,5.339810802863045e-5,0.00010549318162341982,0.11110980692428922,-0.11110973910561779
14620,0.1,-0.11110968142324203,4.051769089854047e-9,6.365350807185765e-5,0.00010479397500791196,0.11110968142324203,-0.11110974959875426
14621,0.1,-0.11110955688530277,5.448644003112013e-9,7.381493076005702e-5,0.00010400020949315871,0.11110955688530277,-0.111109759764826
14622,0.1,-0.11110943339236697,7.034067409238816e-9,8.386934725654431e-5,0.00010311271563216376,0.11110943339236697,-0.11110976956763648
14623,0.25,-0.11110931289757879,8.751885923200432e-9,9.355151480975833e-5,0.00010213695027694407,0.11110931289757879,-0.11110977741082549
14624,0.625,-0.11110920026611978,1.0450746551737423e-8,0.00010222889293999726,9.970154134465952e-5,0.11110920026611978,-0.11110977968671025
14625,1.5625,-0.11110910896867027,1.1710397835037496e-8,0.00010821459159945805,9.332212855543882e-5,0.11110910896867027,-0.11110976717080524
14626,3.90625,-0.11110907590229092,1.1496071009719961e-8,0.00010721973237105175,7.674361320429723e-5,0.11110907590229092,-0.1111097218068151
14627,9.765625,-0.11110919954261127,8.027387597771189e-9,8.959568961602555e-5,3.678523796780149e-5,0.11110919954261127,-0.11110963775801383
14628,24.4140625,-0.11110997357246934,1.2052033857173617e-10,1.09781755575203e-5,5.2331519384255864e-5,0.11110997357246934,-0.11110968607380942
14629,9.765625,-0.11111070162322968,1.2704367041783056e-10,1.1271365064526593e-5,2.9644434899903097e-5,0.11111070162322968,-0.11110968526893532
14630,3.90625,-0.11111096493785076,1.4452189353324344e-10,1.202172589661083e-5,2.0089812877262518e-5,0.11111096493785076,-0.11110968497170011
14631,1.5625,-0.11111117685795688,1.6672085602539568e-10,1.291204306163032e-5,1.609056270861647e-5,0.11111117685795688,-0.11110968492536087
14632,3.90625,-0.11111121983399383,1.6643881527233633e-10,1.2901116822676103e-5,1.4337959591541986e-5,0.11111121983399383,-0.11110968436892343
14633,9.765625,-0.11111087177967956,1.122057473932921e-10,1.0592721434706574e-5,1.0576175024697838e-5,0.11111087177967956,-0.11110968323634363
14634,24.4140625,-0.11111027389578562,2.1528075140408645e-11,4.639835680324104e-6,9.95065376516705e-6,0.11111027389578562,-0.11110968309486526
14635,9.765625,-0.11111056189423883,5.539908508917569e-12,2.3537010236896208e-6,1.8433233112355466e-5,0.11111056189423883,-0.11110968353557173
14636,3.90625,-0.11111065198954553,3.0081980975890926e-12,1.7344157799066211e-6,1.975169493940944e-5,0.11111065198954553,-0.111109683941458
14637,1.5625,-0.11111072046733367,7.92309138970284e-12,2.8147986410581558e-6,1.9477876176327787e-5,0.11111072046733367,-0.11110968430912871
14638,0.625,-0.11111078361014295,1.9241906928711615e-11,4.386559805669087e-6,1.9042310942994302e-5,0.11111078361014295,-0.11110968465724429
14639,0.25,-0.11111084519236994,3.670887963737692e-11,6.058785326893248e-6,1.8714231738046335e-5,0.11111084519236994,-0.11110968499706232
14640,0.1,-0.11111090631075214,6.022933346544511e-11,7.760755985433706e-6,1.8496974380432253e-5,0.11111090631075214,-0.1111096853332917
14641,0.1,-0.11111096512756576,8.954190797152074e-11,9.462658610111681e-6,1.8352890940832323e-5,0.11111096512756576,-0.11110968566048898
14642,0.1,-0.11111102141902142,1.2440993806424912e-10,1.1153920300246417e-5,1.8198208389178703e-5,0.11111102141902142,-0.11110968597779675
14643,0.1,-0.11111107497197799,1.6458131211609007e-10,1.2828924823074226e-5,1.8032554201718113e-5,0.11111107497197799,-0.11110968628437831
14644,0.1,-0.1111111255846202,2.0978916880880254e-10,1.4484100552288449e-5,1.785566847581118e-5,0.1111111255846202,-0.11110968657942343
14645,0.25,-0.11111116491864922,2.5822700702651076e-10,1.6069443270583794e-5,1.7668950962106605e-5,0.11111116491864922,-0.11110968681637762
14646,0.625,-0.11111117453153717,3.051595368607616e-10,1.7468816126479825e-5,1.7250699074526917e-5,0.11111117453153717,-0.11110968689190699
14647,1.5625,-0.1111111094670286,3.3776220047161936e-10,1.8378307878355378e-5,1.6212340041798416e-5,0.1111111094670286,-0.11110968654600244
14648,3.90625,-0.1111108781310602,3.2579238523113856e-10,1.8049719810322224e-5,1.3638307011752322e-5,0.1111108781310602,-0.11110968528809952
14649,9.765625,-0.11111039911725476,2.2198070551398768e-10,1.4899016931126285e-5,8.324296823705302e-6,0.11111039911725476,-0.11110968302253113
14650,24.4140625,-0.111110127293422,4.6191892152095306e-11,6.796461737705532e-6,1.1337742981446852e-5,0.111110127293422,-0.11110968271227176
14651,9.765625,-0.11111033362937842,1.1008277999035624e-11,3.3178725109677775e-6,2.5540468529545645e-5,0.11111033362937842,-0.1111096835784865
14652,3.90625,-0.11111041898393957,3.5337852601561314e-12,1.8798364982508802e-6,2.801365326156139e-5,0.11111041898393957,-0.1111096844118744
14653,1.5625,-0.1111104876693388,1.2124606805744439e-11,3.4820406094335603e-6,2.783323505842296e-5,0.1111104876693388,-0.11110968516919872
14654,0.625,-0.11111055179478806,3.456158686542114e-11,5.878910346775254e-6,2.7302795789292306e-5,0.11111055179478806,-0.11110968588643336
14655,0.25,-0.11111061447040765,7.032863940265534e-11,8.386217228444262e-6,2.6887948359530177e-5,0.11111061447040765,-0.1111096865874734
14656,0.1,-0.11111067667495485,1.1926756001305046e-10,1.0920968822089479e-5,2.661825011665871e-5,0.11111067667495485,-0.1111096872826286
14657,0.1,-0.1111107378771362,1.8092219679773162e-10,1.3450732203033842e-5,2.6446821241657714e-5,0.1111107378771362,-0.1111096879610537
14658,0.1,-0.11111079793112084,2.548531367941183e-10,1.5964120295027796e-5,2.6253971312969665e-5,0.11111079793112084,-0.11110968862050406
14659,0.1,-0.11111085669499972,3.405804316759883e-10,1.8454821366677824e-5,2.6039738052919967e-5,0.11111085669499972,-0.11110968925881254
14660,0.1,-0.11111091403120343,4.375853588859349e-10,2.091854103148532e-5,2.5804224397930758e-5,0.11111091403120343,-0.11110968987389959
14661,0.25,-0.11111096590972697,5.423055495449173e-10,2.3287454767426115e-5,2.5549045872414393e-5,0.11111096590972697,-0.11110969036723933
14662,0.625,-0.11111100295215458,6.452195235828968e-10,2.5401171697047696e-5,2.4941058288059035e-5,0.11111100295215458,-0.1111096905175951
14663,1.5625,-0.11111100143207947,7.200444142419815e-10,2.6833643327770113e-5,2.3383647239001133e-5,0.11111100143207947,-0.11110968976220376
14664,3.90625,-0.11111090931510634,7.026391281768946e-10,2.6507341024269003e-5,1.9411877652779222e-5,0.11111090931510634,-0.11110968701335733
14665,9.765625,-0.11111065920637127,4.850911316640553e-10,2.202478448621133e-5,1.048136284208279e-5,0.11111065920637127,-0.11110968198489939
14666,24.4140625,-0.11111039341064925,9.977797254179682e-11,9.988892458215617e-6,1.4969348200710497e-5,0.11111039341064925,-0.1111096812372412
14667,9.765625,-0.11111042342351415,2.194040376114487e-11,4.684058471149231e-6,3.727889516376988e-5,0.11111042342351415,-0.11110968312003229
14668,3.90625,-0.11111040725912823,4.644912053138472e-12,2.155205802966035e-6,4.112682434599935e-5,0.11111040725912823,-0.11110968493161368
14669,1.5625,-0.11111038766221286,2.283693832202517e-11,4.778800929315341e-6,4.092827208395139e-5,0.11111038766221286,-0.11110968657385507
14670,0.625,-0.1111103674518646,7.166902959672274e-11,8.465756292069997e-6,4.0176914950996e-5,0.1111103674518646,-0.11110968812739672
14671,0.25,-0.1111103471208886,1.500432025794718e-10,1.2249212324858762e-5,3.958659834755566e-5,0.1111103471208886,-0.11110968964599957
14672,0.1,-0.11111032678979381,2.5765240443080383e-10,1.6051554579878046e-5,3.920819133518242e-5,0.11111032678979381,-0.111109691152944
14673,0.1,-0.1111103062636233,3.9355008109080095e-10,1.9838096710390363e-5,3.897395025632383e-5,0.1111103062636233,-0.11110969262485239
14674,0.1,-0.1111102855211135,5.56814494187861e-10,2.359691704837437e-5,3.8705636877689464e-5,0.1111102855211135,-0.1111096940565477
14675,0.1,-0.11111026454284001,7.464303899124695e-10,2.7320878278570574e-5,3.840348052202693e-5,0.11111026454284001,-0.11110969544303632
14676,0.1,-0.11111024331134783,9.61293169937092e-10,3.100472818679583e-5,3.806777373962603e-5,0.11111024331134783,-0.11110969677952642
14677,0.25,-0.11111022098645387,1.1936768111668152e-9,3.4549628234856814e-5,3.770077041234606e-5,0.11111022098645387,-0.11110969784869258
14678,0.625,-0.11111019578071407,1.4228389146414266e-9,3.772053704073454e-5,3.68007127346227e-5,0.11111019578071407,-0.11110969816097675
14679,1.5625,-0.11111016369490333,1.5913218325742625e-9,3.9891375415924965e-5,3.4463057917413614e-5,0.11111016369490333,-0.11110969646749952
14680,3.90625,-0.1111101189869443,1.5580669566853263e-9,3.9472356867627325e-5,2.843156094217313e-5,0.1111101189869443,-0.11110969033688733
14681,9.765625,-0.11111007413068519,1.0821466666475084e-9,3.289599772992922e-5,1.428912285061022e-5,0.11111007413068519,-0.11110967905152463
14682,24.4140625,-0.11111017132433235,2.2503560654155408e-10,1.5001186837765673e-5,2.0762569957898147e-5,0.11111017132433235,-0.11110967717796476
14683,9.765625,-0.11111030861429172,4.8844630649936455e-11,6.988893378063258e-6,5.5195340978993436e-5,0.11111030861429172,-0.11110968133592782
14684,3.90625,-0.11111040128114379,7.887455510270977e-12,2.808461413349127e-6,6.116162940602791e-5,0.11111040128114379,-0.1111096853614274
14685,1.5625,-0.1111104845378118,4.6369072126366416e-11,6.8094839838541665e-6,6.094850613608113e-5,0.1111104845378118,-0.11110968901216978
14686,0.625,-0.11111056493335693,1.5343738073052058e-10,1.2386984327531886e-5,5.98622873829542e-5,0.11111056493335693,-0.11110969246458224
14687,0.25,-0.11111064442759506,3.2665240634054923e-10,1.8073527777956058e-5,5.8999472303791816e-5,0.11111064442759506,-0.11110969583879916
14688,0.1,-0.1111107236789866,5.65358326668977e-10,2.3777264911443808e-5,5.8446991467808816e-5,0.1111107236789866,-0.11110969918734043
14689,0.1,-0.11111080240861337,8.675074145214313e-10,2.9453478818663024e-5,5.8107468824749596e-5,0.11111080240861337,-0.11110970245913745
14690,0.1,-0.1111108805130188,1.2310917773090996e-9,3.508691746661567e-5,5.7716112752042045e-5,0.1111108805130188,-0.11110970564247916
14691,0.1,-0.11111095788925877,1.653891212820715e-9,4.0668061335902345e-5,5.727329323840717e-5,0.11111095788925877,-0.11110970872606066
14692,0.1,-0.11111103443514121,2.133482501442974e-9,4.6189636299098244e-5,5.677946468090705e-5,0.11111103443514121,-0.11110971169902757
14693,0.25,-0.11111110755948371,2.652800588420915e-9,5.150534524125545e-5,5.623781449120254e-5,0.11111110755948371,-0.11110971407781194
14694,0.625,-0.11111117105339209,3.165914786283721e-9,5.626646235799547e-5,5.48960245194106e-5,0.11111117105339209,-0.11110971477072457
14695,1.5625,-0.11111120861772555,3.545390308042941e-9,5.954318019759224e-5,5.139359549347494e-5,0.11111120861772555,-0.1111097109884024
14696,3.90625,-0.11111118107723388,3.477701415169153e-9,5.8972039265817774e-5,4.231587176947439e-5,0.11111118107723388,-0.11110969727970087
14697,9.765625,-0.1111110151245208,2.4244117740448654e-9,4.9238316117073556e-5,2.0645621644283412e-5,0.1111110151245208,-0.11110967192934987
14698,24.4140625,-0.11111067372656516,5.099270685839465e-10,2.258156479484862e-5,2.9890067142645444e-5,0.11111067372656516,-0.11110966739290078
14699,9.765625,-0.11111054388987844,1.1103091685227332e-10,1.053712089957562e-5,8.222920737073933e-5,0.11111054388987844,-0.1111096766447927
14700,3.90625,-0.11111042523658374,1.5597490239820974e-11,3.949365802229641e-6,9.135740911458241e-5,0.11111042523658374,-0.11110968564894758
14701,1.5625,-0.11111031415763485,9.844122963345251e-11,9.921755370570901e-6,9.111523207354292e-5,0.11111031415763485,-0.11110969382098586
14702,0.625,-0.11111020593400682,3.351265706810856e-10,1.8306462538707077e-5,8.952004211540864e-5,0.11111020593400682,-0.11110970154823709
14703,0.25,-0.11111009886999733,7.201468422942957e-10,2.6835551835099192e-5,8.824135159240886e-5,0.11111009886999733,-0.11110970909905553
14704,0.1,-0.1111099923638388,1.252026472069543e-9,3.538398609639032e-5,8.74202527118971e-5,0.1111099923638388,-0.11110971659158084
14705,0.1,-0.11110988651440308,1.9262371815959064e-9,4.38889186651472e-5,8.691517791518843e-5,0.11110988651440308,-0.11110972391307013
14706,0.1,-0.11110978139936062,2.7383202908864505e-9,5.2328962256922795e-5,8.633212934919165e-5,0.11110978139936062,-0.11110973103718917
14707,0.1,-0.11110967709541315,3.6833413469028507e-9,6.069053754007169e-5,8.567167792011861e-5,0.11110967709541315,-0.11110973793851285
14708,0.1,-0.11110957367827824,4.755910853536692e-9,6.896311226689738e-5,8.493451334051533e-5,0.11110957367827824,-0.11110974459262363
14709,0.25,-0.1111094729667932,5.9181288590116375e-9,7.692937578722212e-5,8.412536188417959e-5,0.1111094729667932,-0.1111097499200596
14710,0.625,-0.11110937946321267,7.067889154095325e-9,8.407073898863579e-5,8.211860565764097e-5,0.11110937946321267,-0.11110975148068296
14711,1.5625,-0.11110930554009894,7.921660543809827e-9,8.900371084291838e-5,7.687535288602021e-5,0.11110930554009894,-0.11110974303286103
14712,3.90625,-0.11110928450806068,7.780810329211047e-9,8.820890164383097e-5,6.326127793850934e-5,0.11110928450806068,-0.11110971234372782
14713,9.765625,-0.11110940186554358,5.440234057948412e-9,7.375794233808595e-5,3.0458428200746124e-5,0.11110940186554358,-0.11110965537834641
14714,24.4140625,-0.11111000132430954,8.149308023899736e-11,9.027351784382691e-6,4.285913762102698e-5,0.11111000132430954,-0.11110968807532674
14715,9.765625,-0.11111068260002993,8.574098118539015e-11,9.259642605705155e-6,2.451517421400855e-5,0.11111068260002993,-0.11110968754774364
14716,3.90625,-0.11111092990774159,9.757332477239703e-11,9.877921075428626e-6,1.677509137338958e-5,0.11111092990774159,-0.11110968735611713
14717,1.5625,-0.11111112895638685,1.1253274875565206e-10,1.0608145396611608e-5,1.3562510166617452e-5,0.11111112895638685,-0.11110968733398341
14718,0.625,-0.11111131561146236,1.301736355684461e-10,1.1409366133508298e-5,1.217986337541156e-5,0.11111131561146236,-0.11110968738998242
14719,1.5625,-0.1111114249511089,1.4144541289868603e-10,1.1893082565032752e-5,1.1545901834627396e-5,0.1111114249511089,-0.11110968727131863
14720,3.90625,-0.11111132923542597,1.3118352679874745e-10,1.145353774162147e-5,1.0057867896417106e-5,0.11111132923542597,-0.1111096867953152
14721,9.765625,-0.11111083164897154,8.043531135220678e-11,8.968573540547393e-6,7.68420983647578e-6,0.11111083164897154,-0.11110968603072247
14722,24.4140625,-0.11111024031275765,1.418005849380496e-11,3.765641843538092e-6,1.0435122153614058e-5,0.11111024031275765,-0.11110968614279694
14723,9.765625,-0.11111049059355506,3.401134453087519e-12,1.8442164875869424e-6,1.7375146069846684e-5,0.11111049059355506,-0.11110968652649823
14724,3.90625,-0.11111056718881998,2.9999225155240167e-12,1.7320284395829118e-6,1.8209958920390065e-5,0.11111056718881998,-0.11110968686230763
14725,1.5625,-0.11111062332838409,8.49863758101285e-12,2.9152422851304914e-6,1.783209394846265e-5,0.11111062332838409,-0.11110968716449535
14726,0.625,-0.11111067432345009,1.9171213158100148e-11,4.378494393978386e-6,1.7400579109503308e-5,0.11111067432345009,-0.11110968745174742
14727,0.25,-0.11111072377613256,3.4857359411935444e-11,5.904012145307244e-6,1.7101465699803466e-5,0.11111072377613256,-0.11110968773359903
14728,0.1,-0.11111077275243075,5.550419485609856e-11,7.450113747863086e-6,1.6914970501822367e-5,0.11111077275243075,-0.11110968801364944
14729,0.1,-0.1111108199205288,8.08999334197432e-11,8.994439027518237e-6,1.679824347760943e-5,0.1111108199205288,-0.11110968828663198
14730,0.1,-0.1111108650874339,1.1085678413468418e-10,1.0528854834913633e-5,1.6670240216070872e-5,0.1111108650874339,-0.11110968855176812
14731,0.1,-0.1111109080686416,1.4517272782133785e-10,1.2048764576558787e-5,1.6530857952459662e-5,0.1111109080686416,-0.11110968880830555
14732,0.1,-0.11111094868872479,1.8363223260980635e-10,1.3551097099858976e-5,1.638006305707798e-5,0.11111094868872479,-0.11110968905552178
14733,0.25,-0.11111098027731767,2.2469026314075975e-10,1.4989671882358191e-5,1.62190263176846e-5,0.11111098027731767,-0.11110968925303508
14734,0.625,-0.1111109879251567,2.64294583968173e-10,1.6257139476801355e-5,1.5842540206524595e-5,0.1111109879251567,-0.11110968931204768
14735,1.5625,-0.11111093506381238,2.9145557198427447e-10,1.7072069938477713e-5,1.4892946747415235e-5,0.11111093506381238,-0.11110968900989486
14736,3.90625,-0.11111074648475128,2.8017091096471133e-10,1.6738306693471456e-5,1.253541733801474e-5,0.11111074648475128,-0.1111096879289876
14737,9.765625,-0.11111035275452533,1.896186953835227e-10,1.3770210433523617e-5,7.784907699183663e-6,0.11111035275452533,-0.11110968600510192
14738,24.4140625,-0.11111012389235564,3.8505791396568117e-11,6.205303489481245e-6,1.1073971824984808e-5,0.11111012389235564,-0.1111096858079299
14739,9.765625,-0.11111031934333616,8.964766085662859e-12,2.9941219223109233e-6,2.4009408827633768e-5,0.11111031934333616,-0.11110968657087145
14740,3.90625,-0.11111040476112412,3.1429612309499163e-12,1.7728398774141776e-6,2.6206063280598134e-5,0.11111040476112412,-0.11110968729660345
14741,1.5625,-0.11111047490587501,1.1169794773138555e-11,3.3421242904982684e-6,2.6007062279470186e-5,0.11111047490587501,-0.11110968795545623
14742,0.625,-0.11111054082718652,3.1181151914239305e-11,5.5840085883027885e-6,2.5508840470000905e-5,0.11111054082718652,-0.11110968858012735
14743,0.25,-0.11111060539981375,6.275776431158481e-11,7.921979822720127e-6,2.5127612383190474e-5,0.11111060539981375,-0.11110968919151806
14744,0.1,-0.11111066953302086,1.0578065755548482e-10,1.0284972413938932e-5,2.488455111028333e-5,0.11111066953302086,-0.11110968979848956
14745,0.1,-0.11111073272445893,1.5986079438391896e-10,1.264360685816824e-5,2.4733679018118956e-5,0.11111073272445893,-0.11110969039132124
14746,0.1,-0.11111079483781787,2.2462552687039056e-10,1.4987512364311516e-5,2.4562248159490007e-5,0.11111079483781787,-0.1111096909680182
14747,0.1,-0.11111085574042122,2.996657120287968e-10,1.731085532343208e-5,2.4370362958855688e-5,0.11111085574042122,-0.11110969152665617
14748,0.1,-0.11111091530359973,3.8453732464408556e-10,1.9609623266245724e-5,2.4158178798399444e-5,0.11111091530359973,-0.11110969206538926
14749,0.25,-0.11111096974890326,4.761139051836874e-10,2.1820034490891332e-5,2.392710037021852e-5,0.11111096974890326,-0.11110969249774129
14750,0.625,-0.11111101028350781,5.660305850265801e-10,2.3791397290335433e-5,2.3365659229917664e-5,0.11111101028350781,-0.11110969262983032
14751,1.5625,-0.11111101463646851,6.311959403020785e-10,2.5123613201569525e-5,2.191669864536985e-5,0.11111101463646851,-0.11110969196891968
14752,3.90625,-0.11111093373512139,6.153016024046566e-10,2.4805273681309315e-5,1.821673500329028e-5,0.11111093373512139,-0.11110968956465384
14753,9.765625,-0.11111070214660783,4.2389073401832235e-10,2.0588606898435902e-5,9.961006883690954e-6,0.11111070214660783,-0.11110968517767217
14754,24.4140625,-0.11111044004541856,8.679785794027419e-11,9.316536799705896e-6,1.426204400394039e-5,0.11111044004541856,-0.11110968455547275
14755,9.765625,-0.11111045209397402,1.9202778264431893e-11,4.382097473177872e-6,3.494494334223871e-5,0.11111045209397402,-0.11110968620474093
14756,3.90625,-0.11111042704957716,4.3728003276971285e-12,2.091124177971535e-6,3.8508246937797756e-5,0.11111042704957716,-0.11110968778986831
14757,1.5625,-0.1111103996060493,2.0513343964140596e-11,4.5291659236707806e-6,3.831660919683265e-5,0.1111103996060493,-0.11110968922758525
14758,0.625,-0.11111037183942919,6.342553022485683e-11,7.964014705213498e-6,3.7616838588718804e-5,0.11111037183942919,-0.11110969058856769
14759,0.25,-0.1111103440432557,1.3217154298679632e-10,1.1496588319444874e-5,3.707023969450045e-5,0.1111103440432557,-0.1111096919196966
14760,0.1,-0.11111031627373902,2.2649964176327624e-10,1.504990504166974e-5,3.67224045587486e-5,0.11111031627373902,-0.11110969324121275
14761,0.1,-0.11111028836949853,3.4559090090549996e-10,1.859007533350793e-5,3.6509356174602967e-5,0.11111028836949853,-0.1111096945324952
14762,0.1,-0.11111026031880246,4.886494921069872e-10,2.2105417709398462e-5,3.626419748156177e-5,0.11111026031880246,-0.11110969578898298
14763,0.1,-0.11111023211146616,6.547965825567557e-10,2.5588993386937982e-5,3.598716054822556e-5,0.11111023211146616,-0.11110969700627558
14764,0.1,-0.11111020373896152,8.430740056106023e-10,2.903573669825862e-5,3.567853413317333e-5,0.11111020373896152,-0.11110969818014918
14765,0.25,-0.11111017462221075,1.0466991780803444e-9,3.235273061242813e-5,3.5340311977123426e-5,0.11111017462221075,-0.11110969912002802
14766,0.625,-0.1111101435792569,1.2474480218037986e-9,3.53192301983466e-5,3.450308540409429e-5,0.1111101435792569,-0.11110969939674364
14767,1.5625,-0.11111010812972728,1.394834805690127e-9,3.734748727411427e-5,3.2320933100506105e-5,0.11111010812972728,-0.11110969791587816
14768,3.90625,-0.11111006579391564,1.3649937807240479e-9,3.694582223640513e-5,2.668801634528163e-5,0.11111006579391564,-0.11110969254929225
14769,9.765625,-0.11111003297950896,9.468733951970123e-10,3.0771307986450824e-5,1.354578221199159e-5,0.11111003297950896,-0.11110968268220005
14770,24.4140625,-0.11111014298660096,1.9654941180921274e-10,1.4019608118960128e-5,1.9647481775427268e-5,0.11111014298660096,-0.11110968107365679
14771,9.765625,-0.11111028055621068,4.299345257089986e-11,6.5569392685078195e-6,5.166745765424544e-5,0.11111028055621068,-0.1111096847085655
14772,3.90625,-0.11111037545443314,7.503089333721025e-12,2.739176762043849e-6,5.721906243833786e-5,0.11111037545443314,-0.11110968822721022
14773,1.5625,-0.11111046117007391,4.140266175079327e-11,6.434490014818056e-6,5.701580909668343e-5,0.11111046117007391,-0.1111096914196825
14774,0.625,-0.11111054405552105,1.352506726726797e-10,1.1629732270034411e-5,5.6003045843836715e-5,0.11111054405552105,-0.1111096944400303
14775,0.25,-0.11111062603611609,2.8694197517009176e-10,1.6939361710822866e-5,5.520121461829182e-5,0.11111062603611609,-0.11110969739299534
14776,0.1,-0.11111070776237258,4.959253078513971e-10,2.2269380499946492e-5,5.469007509794906e-5,0.11111070776237258,-0.1111097003243113
14777,0.1,-0.11111078898738207,7.60421617082822e-10,2.757574327344273e-5,5.4378072296400915e-5,0.11111078898738207,-0.11110970318908427
14778,0.1,-0.11111086961100486,1.0786890509712393e-9,3.284340193967792e-5,5.4017386439745385e-5,0.11111086961100486,-0.11110970597703217
14779,0.1,-0.11111094953360427,1.4487985264614333e-9,3.806308613947946e-5,5.3608372512405395e-5,0.11111094953360427,-0.11110970867822605
14780,0.1,-0.1111110286562725,1.868641866223417e-9,4.322779043883017e-5,5.31514632217431e-5,0.1111110286562725,-0.11110971128313128
14781,0.25,-0.11111110451344937,2.3232595433881385e-9,4.820020273181575e-5,5.264952126729555e-5,0.11111110451344937,-0.11110971336823576
14782,0.625,-0.1111111711752879,2.772368108616595e-9,5.265328203081547e-5,5.139867913354017e-5,0.1111111711752879,-0.1111097139776032
14783,1.5625,-0.11111121303192363,3.1041981376173547e-9,5.571533126184708e-5,4.812625652908426e-5,0.11111121303192363,-0.11110971066933772
14784,3.90625,-0.11111119234765658,3.0438887538492725e-9,5.517144871987025e-5,3.964151696691122e-5,0.11111119234765658,-0.11110969867517283
14785,9.765625,-0.11111103717980189,2.1202037464046422e-9,4.604567022429625e-5,1.944300923908877e-5,0.11111103717980189,-0.11110967651487123
14786,24.4140625,-0.1111107026772187,4.454474094568367e-10,2.1105625066717087e-5,2.8153703649028055e-5,0.1111107026772187,-0.11110967259057504
14787,9.765625,-0.11111056907503167,9.752295044367342e-11,9.875370901574959e-6,7.691895795666164e-5,0.11111056907503167,-0.11110968067343906
14788,3.90625,-0.1111104488921454,1.4554636318975948e-11,3.815053907741796e-6,8.542789561422881e-5,0.1111104488921454,-0.11110968853988
14789,1.5625,-0.11111033642093601,8.730286481901083e-11,9.343600206505565e-6,8.519860877955931e-5,0.11111033642093601,-0.1111096956815366
14790,0.625,-0.1111102268236106,2.944854374637607e-10,1.7160578004943792e-5,8.371088377900168e-5,0.1111102268236106,-0.11110970243647787
14791,0.25,-0.11111011837410248,6.313354124779917e-10,2.5126388767150596e-5,8.252098604859486e-5,0.11111011837410248,-0.11110970903877757
14792,0.1,-0.1111100104599486,1.0966000480141583e-9,3.3114952030980785e-5,8.175940424092371e-5,0.1111100104599486,-0.11110971559141372
14793,0.1,-0.11110990317082203,1.6863418617055416e-9,4.1065092983037815e-5,8.129330642557344e-5,0.11110990317082203,-0.11110972199550005
14794,0.1,-0.11110979658594601,2.3966879795439696e-9,4.8955980018216056e-5,8.075409554485835e-5,0.11110979658594601,-0.11110972822795417
14795,0.1,-0.1111096907836618,3.223347100306045e-9,5.677452862249096e-5,8.014230644823676e-5,0.1111096907836618,-0.11110973426648442
14796,0.1,-0.11110958584140203,4.161627594127336e-9,6.451067814034615e-5,7.945858484955893e-5,0.11110958584140203,-0.11110974008967688
14797,0.25,-0.11110948358098525,5.178344898548325e-9,7.196071774620043e-5,7.870720301762682e-5,0.11110948358098525,-0.11110974475296789
14798,0.625,-0.11110938852124837,6.184059912628782e-9,7.863879394185024e-5,7.683519890634408e-5,0.11110938852124837,-0.11110974612136167
14799,1.5625,-0.11110931306742827,6.930406384965053e-9,8.324906236688226e-5,7.193538405925351e-5,0.11110931306742827,-0.11110973873464554
14800,3.90625,-0.11110929046121786,6.805599720642982e-9,8.249605881884893e-5,5.920834263764191e-5,0.11110929046121786,-0.111109711897372
14801,9.765625,-0.11110940499783932,4.7556625185810305e-9,6.896131175217761e-5,2.859336549628549e-5,0.11110940499783932,-0.11110966211239089
14802,24.4140625,-0.11110998415057619,7.211232741372502e-11,8.491897751016849e-6,4.0300377824755664e-5,0.11110998415057619,-0.11110969072670615
14803,9.765625,-0.11111066006813033,7.56611963838953e-11,8.698344462246555e-6,2.3165443342899745e-5,0.11111066006813033,-0.11110969026922907
14804,3.90625,-0.11111090918819258,8.612194557445445e-11,9.28019103114017e-6,1.597766279590455e-5,0.11111090918819258,-0.11110969010728641
14805,1.5625,-0.11111110989023852,9.941043828462916e-11,9.970478337804519e-6,1.3001015909711042e-5,0.11111110989023852,-0.11110969009424544
14806,0.625,-0.11111129810965614,1.1512879133156343e-10,1.072980854123518e-5,1.1720780382974226e-5,0.11111129810965614,-0.11110969014991555
14807,1.5625,-0.11111141001577511,1.2523433864890037e-10,1.1190814923360156e-5,1.113344449607683e-5,0.11111141001577511,-0.11110969005059389
14808,3.90625,-0.11111131899625142,1.1618628224936761e-10,1.0778974081486958e-5,9.758153780478472e-6,0.11111131899625142,-0.11110968963405973
14809,9.765625,-0.11111082836992435,7.108993260281142e-11,8.431484602536579e-6,7.578437677049726e-6,0.11111082836992435,-0.11110968896249523
14810,24.4140625,-0.11111023632256568,1.2545249174456849e-11,3.5419273248412155e-6,1.0052001714703323e-5,0.11111023632256568,-0.11110968906547464
14811,9.765625,-0.11111048840895135,3.1473717269754373e-12,1.774083348373305e-6,1.6421973455819385e-5,0.11111048840895135,-0.1111096894050444
14812,3.90625,-0.11111056790515172,2.8812999653214313e-12,1.6974392375933317e-6,1.7177800882501053e-5,0.11111056790515172,-0.11110968970250937
14813,1.5625,-0.11111062689572998,7.786628963722378e-12,2.7904531824996414e-6,1.681741397230215e-5,0.11111062689572998,-0.11110968997079994
14814,0.625,-0.11111068070281598,1.7229682685455996e-11,4.150865293581086e-6,1.6412959689791267e-5,0.11111068070281598,-0.11110969022622692
14815,0.25,-0.11111073295086292,3.107202410038959e-11,5.57422856549582e-6,1.6134120593242472e-5,0.11111073295086292,-0.1111096904770622
14816,0.1,-0.11111078471560636,4.92686023830565e-11,7.019159663596241e-6,1.596098054862649e-5,0.11111078471560636,-0.11110969072640509
14817,0.1,-0.11111083467101089,7.163234797025451e-11,8.463589544056028e-6,1.5853071920891035e-5,0.11111083467101089,-0.11110969096955962
14818,0.1,-0.11111088262294,9.799796230142315e-11,9.899392016756541e-6,1.5734640884510394e-5,0.11111088262294,-0.11110969120584083
14819,0.1,-0.11111092838567103,1.281875319789145e-10,1.1321993286471888e-5,1.560560164373381e-5,0.11111092838567103,-0.11110969143458654
14820,0.1,-0.11111097178248207,1.620111711443202e-10,1.2728360897787279e-5,1.5465933118402606e-5,0.11111097178248207,-0.1111096916551618
14821,0.25,-0.1111110061331134,1.980998033957428e-10,1.4074793191935105e-5,1.5316720104381974e-5,0.1111110061331134,-0.11110969183197943
14822,0.625,-0.11111101649124124,2.328642092812697e-10,1.5259888901340983e-5,1.49669460133684e-5,0.11111101649124124,-0.11110969188688248
14823,1.5625,-0.11111096614954483,2.565798464145936e-10,1.6018109951382954e-5,1.408467709333179e-5,0.11111096614954483,-0.11110969162412931
14824,3.90625,-0.11111077932984904,2.462951580564209e-10,1.569379361583492e-5,1.1901665368617313e-5,0.11111077932984904,-0.1111096906778303
14825,9.765625,-0.11111038413190241,1.6624865665164389e-10,1.2893744865307514e-5,7.575464878595717e-6,0.11111038413190241,-0.1111096889969909
14826,24.4140625,-0.11111014166116222,3.366939892620613e-11,5.80253383671359e-6,1.0644340365727172e-5,0.11111014166116222,-0.11110968883690561
14827,9.765625,-0.11111032890429764,7.952087465553243e-12,2.8199445855465393e-6,2.257590276418125e-5,0.11111032890429764,-0.11110968950809907
14828,3.90625,-0.11111040877928448,2.9838369496440124e-12,1.7273786352864308e-6,2.4600089292107716e-5,0.11111040877928448,-0.11110969014599412
14829,1.5625,-0.11111047381217722,1.0122991476577872e-11,3.181664890678758e-6,2.4405134874726416e-5,0.11111047381217722,-0.11110969072553119
14830,0.625,-0.11111053475564049,2.77442078097765e-11,5.267277077368961e-6,2.3937046838597838e-5,0.11111053475564049,-0.11110969127536123
14831,0.25,-0.11111059439447182,5.5483351017352544e-11,7.448714722511028e-6,2.3580439330077097e-5,0.11111059439447182,-0.11110969181370767
14832,0.1,-0.1111106536075781,9.323770859708863e-11,9.655967512222099e-6,2.3353607594875788e-5,0.1111106536075781,-0.11110969234826973
14833,0.1,-0.11111071190805366,1.4066530397777755e-10,1.1860240468800688e-5,2.3213101719325653e-5,0.11111071190805366,-0.11110969287045626
14834,0.1,-0.11111076916435914,1.9743938263593698e-10,1.4051312488018227e-5,2.3053432670480194e-5,0.11111076916435914,-0.11110969337852178
14835,0.1,-0.11111082524852696,2.6320115874186064e-10,1.6223475544465206e-5,2.2874700499869057e-5,0.11111082524852696,-0.11110969387078329
14836,0.1,-0.11111088003652449,3.375612342679637e-10,1.837283958096744e-5,2.267705370035713e-5,0.11111088003652449,-0.11110969434562555
14837,0.25,-0.11111092987622832,4.177695394849198e-10,2.0439411427067066e-5,2.2461797158784916e-5,0.11111092987622832,-0.1111096947271927
14838,0.625,-0.11111096627394237,4.964706859835215e-10,2.228162215781251e-5,2.19383193393701e-5,0.11111096627394237,-0.11110969484553782
14839,1.5625,-0.11111096773766904,5.533690900647306e-10,2.3523798376638297e-5,2.058751940133981e-5,0.11111096773766904,-0.11110969426902458
14840,3.90625,-0.11111088704924207,5.390243576240478e-10,2.321689810513127e-5,1.714404288014172e-5,0.11111088704924207,-0.11110969216653309
14841,9.765625,-0.11111066223457193,3.7075402359908606e-10,1.925497399632329e-5,9.534477211754991e-6,0.11111066223457193,-0.11110968833563604
14842,24.4140625,-0.11111041590826692,7.569619097829541e-11,8.700355796074975e-6,1.3576608694113097e-5,0.11111041590826692,-0.11110968781044514
14843,9.765625,-0.11111043618181468,1.6872140961929805e-11,4.107571175515989e-6,3.2748858430864816e-5,0.11111043618181468,-0.1111096892549372
14844,3.90625,-0.11111041836876859,4.111349043561742e-12,2.0276461830313845e-6,3.6048748491310535e-5,0.11111041836876859,-0.1111096906418927
14845,1.5625,-0.11111039769842888,1.8388376336595572e-11,4.288167013607979e-6,3.586003906871996e-5,0.11111039769842888,-0.11110969190018434
14846,0.625,-0.11111037653827562,5.604529285186325e-11,7.48634041784524e-6,3.520327312132755e-5,0.11111037653827562,-0.11110969309170263
14847,0.25,-0.11111035528600488,1.1626750028071782e-10,1.0782740851968846e-5,3.469196245268289e-5,0.11111035528600488,-0.111109694257334
14848,0.1,-0.1111103340350127,1.98837574014715e-10,1.4100977768038463e-5,3.436715619562071e-5,0.1111103340350127,-0.11110969541469136
14849,0.1,-0.11111031262309368,3.030379796268674e-10,1.7407986087622755e-5,3.4168538068926724e-5,0.11111031262309368,-0.11110969654563868
14850,0.1,-0.11111029103384014,4.2817276703798623e-10,2.069233594928292e-5,3.393993769323954e-5,0.11111029103384014,-0.1111096976461907
14851,0.1,-0.11111026925242129,5.734732955735395e-10,2.3947302469663248e-5,3.3681573659901786e-5,0.11111026925242129,-0.11110969871250316
14852,0.1,-0.11111024726568684,7.381014506463945e-10,2.7168022575196644e-5,3.339371816596339e-5,0.11111024726568684,-0.11110969974088512
14853,0.25,-0.11111022439793242,9.161100516145315e-10,3.026730995008528e-5,3.307822143064427e-5,0.11111022439793242,-0.11110970056457103
14854,0.625,-0.1111101992227686,1.0915230473340396e-9,3.303820587341328e-5,3.2296620414183e-5,0.1111101992227686,-0.11110970080819271
14855,1.5625,-0.11111016858314873,1.2200952627964958e-9,3.4929862049491344e-5,3.025935330172013e-5,0.11111016858314873,-0.1111096995149498
14856,3.90625,-0.11111012817189943,1.1933444063308943e-9,3.454481735848222e-5,2.500485399871995e-5,0.11111012817189943,-0.11110969482652523
14857,9.765625,-0.11111008972808961,8.268085065397621e-10,2.875427805631298e-5,1.281215256683034e-5,0.11111008972808961,-0.11110968621761805
14858,24.4140625,-0.11111017677339104,1.7113612036942716e-10,1.3081900487674838e-5,1.856970283474338e-5,0.11111017677339104,-0.1111096848450798
14859,9.765625,-0.1111103010685518,3.75416640413729e-11,6.127125267315244e-6,4.833042859968425e-5,0.1111103010685518,-0.11110968802117127
14860,3.90625,-0.11111038548104944,6.90858716992356e-12,2.6284191389357138e-6,5.348379605302099e-5,0.11111038548104944,-0.1111096910924513
14861,1.5625,-0.11111046147988529,3.679327680461047e-11,6.065746186959233e-6,5.328272481923993e-5,0.11111046147988529,-0.11110969387899901
14862,0.625,-0.1111105348995424,1.1897514481073986e-10,1.0907572819410368e-5,5.233302771940367e-5,0.1111105348995424,-0.11110969651568217
14863,0.25,-0.11111060749481402,2.516256340011479e-10,1.5862712063236474e-5,5.158313432470892e-5,0.11111060749481402,-0.11110969909385648
14864,0.1,-0.11111067985662713,4.342683515135608e-10,2.0839106303139795e-5,5.110579036682954e-5,0.11111067985662713,-0.11110970165334037
14865,0.1,-0.1111107517511355,6.653477023382161e-10,2.5794334694622695e-5,5.0814822153333143e-5,0.1111107517511355,-0.11110970415477107
14866,0.1,-0.11111082308703883,9.433428956240513e-10,3.071388766704813e-5,5.047837995947788e-5,0.11111082308703883,-0.11110970658917466
14867,0.1,-0.11111089377356453,1.2665694348718629e-9,3.558889482509766e-5,5.00967959071191e-5,0.11111089377356453,-0.1111097089478868
14868,0.1,-0.11111096372066774,1.6331862329541845e-9,4.041269890707851e-5,4.9670475318069535e-5,0.11111096372066774,-0.11110971122258498
14869,0.25,-0.11111103066108813,2.030102634101e-9,4.5056660263505996e-5,4.920207318633908e-5,0.11111103066108813,-0.1111097130432498
14870,0.625,-0.1111110891528869,2.4220728532355875e-9,4.9214559362404005e-5,4.803392088459372e-5,0.1111110891528869,-0.11110971357497951
14871,1.5625,-0.11111112489759968,2.7113256933569686e-9,5.2070391715032916e-5,4.497736486919823e-5,0.11111112489759968,-0.11110971068576452
14872,3.90625,-0.11111110347191556,2.657544383233744e-9,5.15513761526668e-5,3.7055492159061765e-5,0.11111110347191556,-0.11110970021626772
14873,9.765625,-0.111110960094659,1.849350923015442e-9,4.300408030658768e-5,1.8251388051967064e-5,0.111110960094659,-0.11110968089543362
14874,24.4140625,-0.11111065933356468,3.8756361442794415e-10,1.9686635426805267e-5,2.6484870009387608e-5,0.11111065933356468,-0.11110967752814414
14875,9.765625,-0.11111054244913335,8.490650668282305e-11,9.214472675244257e-6,7.187765169386116e-5,0.11111054244913335,-0.11110968458127894
14876,3.90625,-0.11111043634245825,1.3154721257111594e-11,3.6269437901781156e-6,7.978738687984568e-5,0.11111043634245825,-0.1111096914389105
14877,1.5625,-0.11111033697220962,7.711855622507258e-11,8.781717156972922e-6,7.956031263565879e-5,0.11111033697220962,-0.11110969766403914
14878,0.625,-0.11111024012385128,2.5827490604298377e-10,1.6070933577206515e-5,7.816667600961014e-5,0.11111024012385128,-0.1111097035524406
14879,0.25,-0.11111014428328343,5.524833745566588e-10,2.350496489162787e-5,7.70544392737285e-5,0.11111014428328343,-0.1111097093082266
14880,0.1,-0.11111004891222444,9.586610009672661e-10,3.096225122576306e-5,7.634343086985856e-5,0.11111004891222444,-0.11110971502106672
14881,0.1,-0.11110995409190365,1.473370227147587e-9,3.8384505039762944e-5,7.59088248248197e-5,0.11110995409190365,-0.11110972060443157
14882,0.1,-0.11110985989252149,2.09323374371654e-9,4.575187147774985e-5,7.540591777915496e-5,0.11110985989252149,-0.11110972603819001
14883,0.1,-0.1111097663835761,2.8145087213015804e-9,5.3051943614740264e-5,7.483520913989988e-5,0.1111097663835761,-0.11110973130289999
14884,0.1,-0.11110967363383834,3.633102614296053e-9,6.027522388424661e-5,7.419730238854219e-5,0.11110967363383834,-0.11110973637988554
14885,0.25,-0.11110958325785436,4.5200165935397645e-9,6.723106866278242e-5,7.349615971015717e-5,0.11110958325785436,-0.11110974044474715
14886,0.625,-0.11110949926206524,5.3970997379786295e-9,7.346495584956565e-5,7.174800354291621e-5,0.11110949926206524,-0.11110974163458506
14887,1.5625,-0.1111094326533801,6.047366183613479e-9,7.776481327447189e-5,6.717139017817174e-5,0.1111094326533801,-0.11110973518629473
14888,3.90625,-0.11110941296639296,5.9365352878852645e-9,7.704891490400928e-5,5.528600688117173e-5,0.11110941296639296,-0.11110971177663075
14889,9.765625,-0.11110951528390671,4.1452619595541206e-9,6.438370880552099e-5,2.6740319618946494e-5,0.11110951528390671,-0.11110966839283427
14890,24.4140625,-0.11110989864976266,8.776978564835933e-10,2.96259659164658e-5,3.853104786794247e-5,0.11110989864976266,-0.11110966035446941
14891,9.765625,-0.11111013890179035,1.9245407083718663e-10,1.3872781654635332e-5,0.0001073279358812067,0.11111013890179035,-0.1111096761129764
14892,3.90625,-0.11111032972957352,2.5949722364858627e-11,5.094087000126581e-6,0.00011939254389756885,0.11111032972957352,-0.11110969150357147
14893,1.5625,-0.11111050582841635,1.6438897069424499e-10,1.2821426234793264e-5,0.00011913765518067445,0.11111050582841635,-0.11110970548418629
14894,0.625,-0.11111067723808828,5.660065455171602e-10,2.3790892070646703e-5,0.00011708337950750056,0.11111067723808828,-0.11110971870721362
14895,0.25,-0.11111084725658292,1.2214326870036848e-9,3.494900123041694e-5,0.00011542993325667795,0.11111084725658292,-0.11110973162976673
14896,0.1,-0.11111101703576885,2.128211800060623e-9,4.613254599586525e-5,0.00011436934230928473,0.11111101703576885,-0.11110974445392917
14897,0.1,-0.11111118623755399,3.2787158539707026e-9,5.726007207444558e-5,0.0001137195828791582,0.11111118623755399,-0.11110975698826568
14898,0.1,-0.11111135467662275,4.665418664462303e-9,6.830387005479487e-5,0.00011296747258933715,0.11111135467662275,-0.11110976918756002
14899,0.1,-0.11111152216588327,6.279974950986829e-9,7.924629297946264e-5,0.0001121137368710801,0.11111152216588327,-0.1111097810081333
14900,0.1,-0.11111168851689225,8.11325539097783e-9,9.0073610957804e-5,0.0001111592562144394,0.11111168851689225,-0.11110979240801225
14901,0.25,-0.11111184952033144,1.0100735360514372e-8,0.00010050241469991839,0.00011010992576850705,0.11111184952033144,-0.11110980154399548
14902,0.625,-0.11111199484729277,1.2068375594984217e-8,0.00010985615865751094,0.00010749434142916288,0.11111199484729277,-0.11110980424614307
14903,1.5625,-0.11111209681186303,1.3532594621322439e-8,0.00011632968074108361,0.00010064491677374952,0.11111209681186303,-0.11110978984191604
14904,3.90625,-0.11111208615240159,1.3301048982869885e-8,0.00011533017377455861,8.283763949703625e-5,0.11111208615240159,-0.11110973738525402
14905,9.765625,-0.11111181818521618,9.313875257657246e-9,9.650842065673464e-5,3.980604404386288e-5,0.11111181818521618,-0.11110963980639524
14906,24.4140625,-0.11111135851498734,1.401957029343122e-10,1.184042663649888e-5,5.562833073964601e-5,0.11111135851498734,-0.11110969530877564
14907,9.765625,-0.11110986037086533,1.4509423015891774e-10,1.2045506637701785e-5,3.265849147569488e-5,0.11110986037086533,-0.1111096945179702
14908,3.90625,-0.11110929434293641,1.680471449551061e-10,1.2963299925370317e-5,2.2321366184139362e-5,0.11110929434293641,-0.11110969419475819
14909,1.5625,-0.11110883866070499,1.971006780670573e-10,1.403925489714669e-5,1.7772711197754048e-5,0.11110883866070499,-0.11110969414538098
14910,0.625,-0.11110841166593652,2.315678628910158e-10,1.5217354004261575e-5,1.5736081025633888e-5,0.11110841166593652,-0.11110969422676387
14911,1.5625,-0.11110815444109726,2.5372789229993844e-10,1.592883838514091e-5,1.4785194500862095e-5,0.11110815444109726,-0.11110969398801852
14912,3.90625,-0.1111083509322564,2.331748564433013e-10,1.5270064061532332e-5,1.2489096981159401e-5,0.1111083509322564,-0.11110969310597434
14913,9.765625,-0.11110945038573544,1.372417259910052e-10,1.1715021382439095e-5,8.67235650418602e-6,0.11110945038573544,-0.11110969176722557
14914,24.4140625,-0.11111082147599642,2.4101208080670216e-11,4.909298125055171e-6,1.2705606966952833e-5,0.11111082147599642,-0.11110969195029417
14915,9.765625,-0.11111023548092892,4.615644445057477e-12,2.1484050933326046e-6,2.229606453987192e-5,0.11111023548092892,-0.1111096926105572
14916,3.90625,-0.11111003449619539,4.37574780536044e-12,2.0918288183693332e-6,2.3350232658590325e-5,0.11111003449619539,-0.1111096931646898
14917,1.5625,-0.11110988148883681,1.4378385953640874e-11,3.7918842220775774e-6,2.279437521231021e-5,0.11110988148883681,-0.11110969365644238
14918,0.625,-0.11110974084317947,3.337215317119276e-11,5.776863610229409e-6,2.2192526129245494e-5,0.11110974084317947,-0.11110969412143737
14919,0.25,-0.11110960397332091,6.10957865768577e-11,7.816379377746304e-6,2.178184606888991e-5,0.11110960397332091,-0.11110969457703683
14920,0.1,-0.1111094683028928,9.746781154423776e-11,9.87257876870262e-6,2.1528789183820667e-5,0.1111094683028928,-0.11110969502968662
14921,0.1,-0.11110933677288859,1.4209424936477793e-10,1.192032924733113e-5,2.1372393435784438e-5,0.11110933677288859,-0.11110969547014223
14922,0.1,-0.11110920983795602,1.9463491021715728e-10,1.3951161608165725e-5,2.120022936627654e-5,0.11110920983795602,-0.11110969589703858
14923,0.1,-0.11110908793401397,2.5472375256417913e-10,1.596006743607868e-5,2.1012186845989166e-5,0.11110908793401397,-0.1111096963090602
14924,0.1,-0.11110897147692182,3.2197044590916506e-10,1.7943534933484123e-5,2.080824627326791e-5,0.11110897147692182,-0.11110969670494786
14925,0.25,-0.1111088757643692,3.9349526343661074e-10,1.9836715036432083e-5,2.05899810135836e-5,0.1111088757643692,-0.1111096970140186
14926,0.625,-0.11110883517114933,4.617981353982507e-10,2.1489488951537465e-5,2.00747070913235e-5,0.11110883517114933,-0.11110969708155244
14927,1.5625,-0.11110893450085867,5.068041396670267e-10,2.2512310846890566e-5,1.8770471851876065e-5,0.11110893450085867,-0.11110969652304659
14928,3.90625,-0.11110935086011989,4.824788483481342e-10,2.1965401165199195e-5,1.552712676161729e-5,0.11110935086011989,-0.1111096946343281
14929,9.765625,-0.11111026537109704,3.221800270289072e-10,1.7949374001031544e-5,8.907282399282562e-6,0.11111026537109704,-0.11110969135637151
14930,24.4140625,-0.11111090787313511,6.497048312663335e-11,8.06042698165757e-6,1.3759455178404762e-5,0.11111090787313511,-0.11110969103062841
14931,9.765625,-0.11111051705744363,1.3943419051990541e-11,3.7340887846957443e-6,3.0929592440672714e-5,0.11111051705744363,-0.1111096923209746
14932,3.90625,-0.11111035980032674,4.010265397526568e-12,2.002564704953767e-6,3.384238623721414e-5,0.11111035980032674,-0.11110969353814312
14933,1.5625,-0.11111023436594888,1.776053131678626e-11,4.2143245386166284e-6,3.357871956784539e-5,0.11111023436594888,-0.11110969463769434
14934,0.625,-0.11111011766139071,5.199456824250611e-11,7.210725916473744e-6,3.291953582432746e-5,0.11111011766139071,-0.11110969567761506
14935,0.25,-0.11111000377024653,1.0599813035187995e-10,1.0295539342447289e-5,3.241556899803609e-5,0.11111000377024653,-0.1111096966944242
14936,0.1,-0.11110989083628692,1.7957142031604498e-10,1.340042612442026e-5,3.2094758295384636e-5,0.11110989083628692,-0.1111096977035732
14937,0.1,-0.11110977987922903,2.7204847386096106e-10,1.6493892016772787e-5,3.189615663118692e-5,0.11110977987922903,-0.11110969868863572
14938,0.1,-0.11110967117162028,3.827919352620721e-10,1.9565069262899943e-5,3.1670253253113006e-5,0.11110967117162028,-0.11110969964620135
14939,0.1,-0.11110956497766626,5.111016046751615e-10,2.2607556362313054e-5,3.1417168028534995e-5,0.11110956497766626,-0.11110970057297787
14940,0.1,-0.11110946155248654,6.56217248397575e-10,2.561673766109914e-5,3.1137087169730896e-5,0.11110946155248654,-0.11110970146580786
14941,0.25,-0.11110936852337919,8.127631789989719e-10,2.8509001718737397e-5,3.083181596771242e-5,0.11110936852337919,-0.11110970217702693
14942,0.625,-0.11110930358831386,9.663602543158153e-10,3.108633549191373e-5,3.0087743569730438e-5,0.11110930358831386,-0.1111097023755164
14943,1.5625,-0.11110931139864551,1.0773619400446732e-9,3.282319210626342e-5,2.8163148105897868e-5,0.11110931139864551,-0.11110970122035148
14944,3.90625,-0.11110948935112597,1.0493944048818843e-9,3.2394357608723844e-5,2.3227992603456582e-5,0.11110948935112597,-0.11110969709298418
14945,9.765625,-0.11110996072916542,7.219945947722812e-10,2.6869957104027563e-5,1.1955083566603056e-5,0.11110996072916542,-0.11110968959594368
14946,24.4140625,-0.11111044111522039,1.4736943483511612e-10,1.2139581328658585e-5,1.790542047078932e-5,0.11111044111522039,-0.11110968852419185
14947,9.765625,-0.11111035536222456,3.174165708541849e-11,5.633973472196908e-6,4.5340157279722994e-5,0.11111035536222456,-0.11110969132123166
14948,3.90625,-0.11111035915028152,6.258370392339091e-12,2.5016735183350947e-6,5.003791300224564e-5,0.11111035915028152,-0.11110969400460453
14949,1.5625,-0.1111103719955886,3.362442128286567e-11,5.79865685162225e-6,4.979453792592294e-5,0.1111103719955886,-0.11110969643443465
14950,0.625,-0.11111038695693272,1.0667441471986634e-10,1.0328330684087645e-5,4.8880094201493976e-5,0.11111038695693272,-0.11110969873244023
14951,0.25,-0.11111040257457226,2.238112016246387e-10,1.4960320906472518e-5,4.816496332249157e-5,0.11111040257457226,-0.11110970097916856
14952,0.1,-0.11111041844030312,3.846093047386349e-10,1.9611458506154887e-5,4.7710062184990524e-5,0.11111041844030312,-0.1111097032094176
14953,0.1,-0.11111043492778726,5.876767795185611e-10,2.4242045695826933e-5,4.743182568686014e-5,0.11111043492778726,-0.11110970538824626
14954,0.1,-0.11111045209518748,8.316604812590038e-10,2.8838524255915105e-5,4.711131220452878e-5,0.11111045209518748,-0.11110970750786052
14955,0.1,-0.11111046999638617,1.1150652830741853e-9,3.3392593236737174e-5,4.674881770941049e-5,0.11111046999638617,-0.11110970956073844
14956,0.1,-0.11111048868076574,1.4362603439914515e-9,3.789802559489678e-5,4.634471072624458e-5,0.11111048868076574,-0.11110971153965934
14957,0.25,-0.111110510159909,1.7836814765116674e-9,4.2233653364487276e-5,4.590156592334147e-5,0.111110510159909,-0.11110971311977985
14958,0.625,-0.11111053886852801,2.1262490948098845e-9,4.6111268631538264e-5,4.480251780959003e-5,0.11111053886852801,-0.11110971356927991
14959,1.5625,-0.11111058530687024,2.377860061330701e-9,4.876330650530889e-5,4.1934226943335654e-5,0.11111058530687024,-0.11110971102173371
14960,3.90625,-0.11111066852769215,2.327281784307716e-9,4.8241909003559504e-5,3.4512956902535106e-5,0.11111066852769215,-0.11110970184717403
14961,9.765625,-0.11111078746603734,1.614658069638468e-9,4.0182808135301695e-5,1.6971167283670718e-5,0.11111078746603734,-0.11110968499312346
14962,24.4140625,-0.1111107239439969,3.350439804704643e-10,1.8304206633188566e-5,2.5105871550424666e-5,0.1111107239439969,-0.11110968221738508
14963,9.765625,-0.11111052653467185,7.261576346957183e-11,8.521488336527359e-6,6.727664088540017e-5,0.11111052653467185,-0.11110968839906422
14964,3.90625,-0.11111040092612327,1.1648974625709398e-11,3.4130594231143116e-6,7.456868641622132e-5,0.11111040092612327,-0.111109694382616
14965,1.5625,-0.11111028928726764,6.908794959184984e-11,8.311916120356956e-6,7.431320916224046e-5,0.11111028928726764,-0.1111096998084929
14966,0.625,-0.11111018200269428,2.2881733048696902e-10,1.5126709175725203e-5,7.299220724414996e-5,0.11111018200269428,-0.1111097049398417
14967,0.25,-0.1111100762760777,4.872440796951473e-10,2.2073605951342597e-5,7.194474226407732e-5,0.1111100762760777,-0.11110970995576556
14968,0.1,-0.11110997118318466,8.434294335834402e-10,2.9041856579486102e-5,7.127675353265454e-5,0.11110997118318466,-0.11110971493454848
14969,0.1,-0.11110986710205221,1.2943463741665389e-9,3.5977025643687374e-5,7.086902726061396e-5,0.11110986710205221,-0.11110971979993778
14970,0.1,-0.11110976416311519,1.837029909408059e-9,4.286058689994876e-5,7.039753254380522e-5,0.11110976416311519,-0.11110972453438278
14971,0.1,-0.11110966249382187,2.46819558104069e-9,4.96809378035549e-5,6.986272311207735e-5,0.11110966249382187,-0.11110972912093527
14972,0.1,-0.11110956221840491,3.184253300775284e-9,5.642918837601055e-5,6.926515337792034e-5,0.11110956221840491,-0.11110973354331553
14973,0.25,-0.11110946678305832,3.95971687721745e-9,6.292628129182154e-5,6.860852205691639e-5,0.11110946678305832,-0.11110973707958521
14974,0.625,-0.11110938436206277,4.725942456154824e-9,6.874549044231791e-5,6.697129409220418e-5,0.11110938436206277,-0.11110973809972265
14975,1.5625,-0.11110933625736215,5.2924497536722474e-9,7.27492251070226e-5,6.268589532172184e-5,0.11110933625736215,-0.11110973243916354
14976,3.90625,-0.11110937323116517,5.19074230856909e-9,7.204680637314253e-5,5.156279406250068e-5,0.11110937323116517,-0.11110971196234842
14977,9.765625,-0.1111095891408143,3.617230164823061e-9,6.0143413312041584e-5,2.4914891040494348e-5,0.1111095891408143,-0.11110967412457892
14978,24.4140625,-0.11111002850921196,7.610827429554903e-10,2.7587728122400554e-5,3.6352815939343766e-5,0.11111002850921196,-0.11110966734766349
14979,9.765625,-0.11111019336758507,1.6623243394702443e-10,1.2893115757916099e-5,0.00010033926753710005,0.11111019336758507,-0.11110968111783859
14980,3.90625,-0.11111034451436197,2.3601022526718687e-11,4.858088361353536e-6,0.00011150669670878905,0.11111034451436197,-0.11110969452948938
14981,1.5625,-0.1111104866188171,1.468023512768963e-10,1.2116202015355154e-5,0.00011122641548017881,0.1111104866188171,-0.11110970670532862
14982,0.625,-0.11111062563983187,4.995121827080106e-10,2.2349769186906845e-5,0.0001092908409117416,0.11111062563983187,-0.1111097182208468
14983,0.25,-0.11111076376604419,1.0736052671195425e-9,3.276591624111162e-5,0.00010774038096076472,0.11111076376604419,-0.11110972947564493
14984,0.1,-0.11111090179042721,1.8669615389498088e-9,4.3208350338213664e-5,0.00010674815438497818,0.11111090179042721,-0.11110974064576042
14985,0.1,-0.11111103953859891,2.8728942039430406e-9,5.35993862272978e-5,0.00010614151183785121,0.11111103953859891,-0.11110975156296785
14986,0.1,-0.11111117687928222,4.0848206809681166e-9,6.391260189483852e-5,0.00010543914856222924,0.11111117687928222,-0.11110976218781592
14987,0.1,-0.11111131367849846,5.495442382008441e-9,7.413125104845083e-5,0.00010464175090582709,0.11111131367849846,-0.11110977248219905
14988,0.1,-0.11111144979984316,7.096775479880063e-9,8.424236155213161e-5,0.00010375015021793777,0.11111144979984316,-0.11110978240950337
14989,0.25,-0.11111158244123388,8.83226659513569e-9,9.398013936537703e-5,0.00010276984960376266,0.11111158244123388,-0.11110979035838878
14990,0.625,-0.11111170459356041,1.0549432406799972e-8,0.00010271042988324006,0.00010032407634595355,0.11111170459356041,-0.11110979268561251
14991,1.5625,-0.11111179709110888,1.1824741914776498e-8,0.00010874162917106079,9.391788819532961e-5,0.11111179709110888,-0.11110978007165942
14992,3.90625,-0.11111181001459146,1.1614673819455755e-8,0.00010777139610980158,7.726651281947702e-5,0.11111181001459146,-0.11110973425239526
14993,9.765625,-0.11111162792964135,8.120366214367998e-9,9.011307460279e-5,3.708898388567007e-5,0.11111162792964135,-0.11110964920740517
14994,24.4140625,-0.11111103395644024,1.214965206121902e-10,1.102254601315822e-5,5.232642432171515e-5,0.11111103395644024,-0.11110969789260648
14995,9.765625,-0.11110999945423304,1.274796668788062e-10,1.1290689388996855e-5,2.9944205558336896e-5,0.11110999945423304,-0.11110969711651288
14996,3.90625,-0.1111096138231311,1.4582581474115903e-10,1.20758359851879e-5,2.0322287713361056e-5,0.1111096138231311,-0.1111096968204907
14997,1.5625,-0.11110930296384912,1.689879956668527e-10,1.299953828667975e-5,1.623398347354698e-5,0.11110930296384912,-0.11110969677352653
14998,3.90625,-0.1111092300504509,1.6872576390275727e-10,1.2989448175452153e-5,1.4430557177630193e-5,0.1111092300504509,-0.1111096962061508
14999,9.765625,-0.11110971487509458,1.127803370493817e-10,1.0619808710583335e-5,1.054708268778713e-5,0.11110971487509458,-0.11110969506177462
15000,24.4140625,-0.11111058934022042,2.200979013996619e-11,4.691459276170496e-6,9.890253925587942e-6,0.11111058934022042,-0.1111096949088198
15001,9.765625,-0.11111018494970781,5.6323782607808255e-12,2.3732632093345285e-6,1.860554802178355e-5,0.11111018494970781,-0.11110969536090291
15002,3.90625,-0.11111004909953302,3.216820305090711e-12,1.7935496383124473e-6,1.9886321281217392e-5,0.11111004909953302,-0.11110969577106741
15003,1.5625,-0.1111099440183207,8.354199769200696e-12,2.8903632590386795e-6,1.9587824675949915e-5,0.1111099440183207,-0.11110969614204537
15004,0.625,-0.11110984667117099,1.9998934164524434e-11,4.472016789383112e-6,1.9139940692401935e-5,0.11110984667117099,-0.11110969649324363
15005,0.25,-0.11110975162395086,3.789808560347288e-11,6.156142103905081e-6,1.8805767351908066e-5,0.11110975162395086,-0.11110969683611964
15006,0.1,-0.11110965728130512,6.195853014315069e-11,7.871374094981809e-6,1.8585431525210763e-5,0.11110965728130512,-0.11110969717542686
15007,0.1,-0.11110956616510338,9.190280014521315e-11,9.586594814907592e-6,1.8439730742972576e-5,0.11110956616510338,-0.11110969750554235
15008,0.1,-0.11110947859412403,1.2748468276443396e-10,1.1290911511673182e-5,1.828323991284683e-5,0.11110947859412403,-0.11110969782559355
15009,0.1,-0.11110939487256039,1.6844202053313832e-10,1.2978521507981497e-5,1.8115601148297033e-5,0.11110939487256039,-0.11110969813473025
15010,0.1,-0.11110931528908673,2.144975395571231e-10,1.4645734517501097e-5,1.7936570705355626e-5,0.11110931528908673,-0.11110969843213164
15011,0.25,-0.11110925151772427,2.637424142320506e-10,1.6240148220753732e-5,1.7747575424735596e-5,0.11110925151772427,-0.11110969867027802
15012,0.625,-0.11110922946414024,3.1119931593668353e-10,1.7640842268346587e-5,1.7323921882478765e-5,0.11110922946414024,-0.11110969874400761
15013,1.5625,-0.11110931252316669,3.4350061755535106e-10,1.853376965313185e-5,1.627360272356963e-5,0.11110931252316669,-0.1111096983899707
15014,3.90625,-0.11110963123280646,3.297079330670868e-10,1.815786146733934e-5,1.3682313975408647e-5,0.11110963123280646,-0.11110969711693776
15015,9.765625,-0.11111031052291813,2.235694578078731e-10,1.4952239223871222e-5,8.407770741892617e-6,0.11111031052291813,-0.1111096948410068
15016,24.4140625,-0.1111107500392609,4.6970813993971345e-11,6.853525661582609e-6,1.1415090581868065e-5,0.1111107500392609,-0.11110969451757156
15017,9.765625,-0.11111047810476785,1.1118993008076386e-11,3.3345154082829467e-6,2.5613771208028845e-5,0.11111047810476785,-0.11110969539050974
15018,3.90625,-0.1111103689323951,3.4384450189170956e-12,1.8543044569102172e-6,2.812205084789576e-5,0.1111103689323951,-0.11110969623140664
15019,1.5625,-0.11111028216724533,1.1981436203861769e-11,3.4614211248939027e-6,2.794971480224115e-5,0.11111028216724533,-0.11110969699566482
15020,0.625,-0.1111102015478311,3.449745195546461e-11,5.8734531542751416e-6,2.7420298949534078e-5,0.1111102015478311,-0.11110969771939004
15021,0.25,-0.11111012291129144,7.046307545169918e-11,8.394228699034783e-6,2.7004855486444682e-5,0.11111012291129144,-0.11110969842669167
15022,0.1,-0.11111004495030974,1.1971781335618586e-10,1.0941563569992447e-5,2.6734353817921825e-5,0.11111004495030974,-0.11110969912799903
15023,0.1,-0.11110996833849844,1.818021868959603e-10,1.348340412863014e-5,2.6562209784844726e-5,0.11110996833849844,-0.11110969981244306
15024,0.1,-0.11110989326571263,2.562729503589668e-10,1.6008527426311477e-5,2.6368534299808128e-5,0.11110989326571263,-0.11110970047775828
15025,0.1,-0.11110981991618685,3.4264592927050297e-10,1.8510697698101574e-5,2.61533685973414e-5,0.11110981991618685,-0.11110970112175758
15026,0.1,-0.11110974846801008,4.4039781606032636e-10,2.0985657389282004e-5,2.5916819035599657e-5,0.11110974846801008,-0.11110970174234189
15027,0.25,-0.11110968415570478,5.459393640464577e-10,2.336534536544362e-5,2.5660511610413917e-5,0.11110968415570478,-0.1111097022403045
15028,0.625,-0.11110963915975923,6.496774737702283e-10,2.5488771523363545e-5,2.5050152512099628e-5,0.11110963915975923,-0.11110970239279666
15029,1.5625,-0.11110964426893137,7.251407268347521e-10,2.692843714059084e-5,2.3486976572176345e-5,0.11110964426893137,-0.11110970163287409
15030,3.90625,-0.11110976685132304,7.077845960556479e-10,2.6604221395403548e-5,1.9500488673912736e-5,0.11110976685132304,-0.11110969886420369
15031,9.765625,-0.11111009310532483,4.891652485598941e-10,2.2117080470982015e-5,1.0525946466289934e-5,0.11111009310532483,-0.11110969379221894
15032,24.4140625,-0.1111104302217628,1.0118032495608731e-10,1.0058843122153129e-5,1.4944027018269459e-5,0.1111104302217628,-0.1111096930126915
15033,9.765625,-0.11111037403021784,2.2263786084100465e-11,4.718451661731893e-6,3.741773700008266e-5,0.11111037403021784,-0.11110969491067192
15034,3.90625,-0.1111103811188944,4.5156712545986684e-12,2.1250108834071105e-6,4.131489455330286e-5,0.1111103811188944,-0.11110969674056907
15035,1.5625,-0.11111039398862045,2.2602353892850478e-11,4.754193295697018e-6,4.11287326092467e-5,0.11111039398862045,-0.11110969840010468
15036,0.625,-0.1111104081557598,7.161952318280351e-11,8.462831865445722e-6,4.037943294510821e-5,0.1111104081557598,-0.11110969997003453
15037,0.25,-0.11111042271776521,1.5045422199692124e-10,1.2265978232367821e-5,3.978861278369194e-5,0.11111042271776521,-0.11110970150455332
15038,0.1,-0.11111043742963449,2.5879458536726555e-10,1.6087093751428987e-5,3.940927995071218e-5,0.11111043742963449,-0.11110970302719476
15039,0.1,-0.11111045254993528,3.9568938883519944e-10,1.989194281198293e-5,3.917418313863565e-5,0.11111045254993528,-0.11110970451451009
15040,0.1,-0.1111104681138838,5.60210608097921e-10,2.366876862234115e-5,3.890486743477047e-5,0.1111104681138838,-0.11110970596127369
15041,0.1,-0.11111048415364994,7.513359425998451e-10,2.741050788657235e-5,3.8601562898967176e-5,0.11111048415364994,-0.11110970736244283
15042,0.1,-0.11111050069821399,9.679530153110923e-10,3.1111943290496855e-5,3.826456291401367e-5,0.11111050069821399,-0.1111097087131791
15043,0.25,-0.11111051904125713,1.202294537547127e-9,3.467411913152412e-5,3.789613630047813e-5,0.11111051904125713,-0.11110970979454093
15044,0.625,-0.11111054199603738,1.433501521063022e-9,3.786161012243169e-5,3.699296305717477e-5,0.11111054199603738,-0.1111097101130833
15045,1.5625,-0.11111057609774863,1.6037775353122782e-9,4.004719135360529e-5,3.464734742056908e-5,0.11111057609774863,-0.11110970840944145
15046,3.90625,-0.11111063245001415,1.5711530453171974e-9,3.9637772961118756e-5,2.859374964146051e-5,0.11111063245001415,-0.11110970222876727
15047,9.765625,-0.1111107046528712,1.0927112032722374e-9,3.305618252721021e-5,1.4376832725672564e-5,0.1111107046528712,-0.1111096908294814
15048,24.4140625,-0.11111063078250655,2.2827622639999577e-10,1.510881287196303e-5,2.0740006102550205e-5,0.11111063078250655,-0.11110968888775578
15049,9.765625,-0.11111048277648714,4.9645771183819927e-11,7.045975531026199e-6,5.5443302845040824e-5,0.11111048277648714,-0.11110969308419483
15050,3.90625,-0.11111038601329293,7.700805532724163e-12,2.775032528228122e-6,6.147971555579163e-5,0.11111038601329293,-0.11110969715468297
15051,1.5625,-0.11111029970922069,4.6044001180135916e-11,6.785573017817723e-6,6.128240939068951e-5,0.11111029970922069,-0.11110970084774138
15052,0.625,-0.11111021668065481,1.5368741526179964e-10,1.2397072850548216e-5,6.019756149078728e-5,0.11111021668065481,-0.11110970434028544
15053,0.25,-0.1111101348192032,3.2815409277164914e-10,1.8115023951727173e-5,5.933295721814311e-5,0.1111101348192032,-0.11110970775352089
15054,0.1,-0.11111005342561552,5.687751018872516e-10,2.38490063081725e-5,5.877843073641336e-5,0.11111005342561552,-0.11110971114056785
15055,0.1,-0.11110997278882494,8.73488046058482e-10,2.955483117966472e-5,5.843716645626731e-5,0.11110997278882494,-0.11110971445011325
15056,0.1,-0.11110989300870021,1.2402673951700226e-9,3.521743027493662e-5,5.804385751940687e-5,0.11110989300870021,-0.11110971767032836
15057,0.1,-0.1111098141830534,1.666873696462736e-9,4.08273645544595e-5,5.759887564725902e-5,0.1111098141830534,-0.11110972078979427
15058,0.1,-0.11110973640747422,2.150862931653613e-9,4.637739677530006e-5,5.710267695199155e-5,0.11110973640747422,-0.11110972379754654
15059,0.25,-0.11110966231112859,2.675059792234981e-9,5.172098019406613e-5,5.655847268042044e-5,0.11110966231112859,-0.11110972620587682
15060,0.625,-0.11110959814163268,3.1932279063314483e-9,5.650865337566848e-5,5.521127732998853e-5,0.11110959814163268,-0.11110972691327263
15061,1.5625,-0.11110956023076748,3.577051880380794e-9,5.980845993988471e-5,5.1695359671509934e-5,0.11110956023076748,-0.1111097231040738
15062,3.90625,-0.11110958779616041,3.510656545437085e-9,5.925079362706533e-5,4.258120688125841e-5,0.11110958779616041,-0.11110970926913784
15063,9.765625,-0.11110975511990927,2.4505763828215466e-9,4.9503296686398034e-5,2.0798626870516592e-5,0.11110975511990927,-0.11110968363852128
15064,24.4140625,-0.11111010709835377,5.177274780960513e-10,2.275362560331982e-5,2.9890759185438805e-5,0.11111010709835377,-0.11110967894767078
15065,9.765625,-0.11111024515923752,1.1300014573337453e-10,1.063015266745377e-5,8.265316280634102e-5,0.11111024515923752,-0.11110968829587589
15066,3.90625,-0.11111036978725956,1.5295871915393434e-11,3.910993724795967e-6,9.188903436376457e-5,0.11111036978725956,-0.11110969741085172
15067,1.5625,-0.11111048658577115,9.797794482005154e-11,9.89838091912266e-6,9.16701672011013e-5,0.11111048658577115,-0.11110970568707858
15068,0.625,-0.11111060071919236,3.362928598577785e-10,1.8338289447431527e-5,9.007662817391513e-5,0.11111060071919236,-0.11110971351338278
15069,0.25,-0.11111071404576685,7.246562355805868e-10,2.6919439733779508e-5,8.879531365738981e-5,0.11111071404576685,-0.11110972116079022
15070,0.1,-0.11111082723318227,1.2615718806783854e-9,3.551861315815111e-5,8.797156939721978e-5,0.11111082723318227,-0.11110972874889595
15071,0.1,-0.11111094011884808,1.9424810798290424e-9,4.4073587099634204e-5,8.746450731642878e-5,0.11111094011884808,-0.11110973616421584
15072,0.1,-0.11111105259394476,2.7628873127586043e-9,5.2563174492781584e-5,8.68790350770596e-5,0.11111105259394476,-0.11110974338009844
15073,0.1,-0.11111116454783992,3.717812751548663e-9,6.097386941591179e-5,8.621572405162196e-5,0.11111116454783992,-0.11110975037081086
15074,0.1,-0.11111127586831039,4.801819158459413e-9,6.929515970440802e-5,8.547526517365298e-5,0.11111127586831039,-0.11110975711163684
15075,0.25,-0.11111138417460631,5.976699270715238e-9,7.730911505582792e-5,8.46624092771057e-5,0.11111138417460631,-0.1111097625122289
15076,0.625,-0.11111148354352528,7.139483952309619e-9,8.449546705184616e-5,8.264657437207629e-5,0.11111148354352528,-0.11110976410680384
15077,1.5625,-0.11111155782671209,8.00415990155037e-9,8.946597063437231e-5,7.737926502554221e-5,0.11111155782671209,-0.1111097555856998
15078,3.90625,-0.11111156509200856,7.865590125209683e-9,8.868816226086593e-5,6.369986655167037e-5,0.11111156509200856,-0.11110972456992746
15079,9.765625,-0.11111140876212587,5.505515699107369e-9,7.419916238817907e-5,3.070891608497381e-5,0.11111140876212587,-0.11110966690759908
15080,24.4140625,-0.11111093317369806,8.221173917217142e-11,9.067068940521596e-6,4.290001155281176e-5,0.11111093317369806,-0.11110969987980863
15081,9.765625,-0.11111004711797282,8.614398818628438e-11,9.281378571434546e-6,2.4750912474032834e-5,0.11111004711797282,-0.111109699368149
15082,3.90625,-0.11110971838896594,9.851114148693694e-11,9.925277904771077e-6,1.6954332973724033e-5,0.11110971838896594,-0.11110969917693515
15083,1.5625,-0.11110945350100869,1.1407390740306152e-10,1.0680538722511216e-5,1.367388914308596e-5,0.11110945350100869,-0.11110969915435945
15084,0.625,-0.11110920514672493,1.3241296339908491e-10,1.150708318380835e-5,1.2252374279207923e-5,0.11110920514672493,-0.111109699210254
15085,1.5625,-0.11110905702795769,1.4406973146528933e-10,1.2002905126063829e-5,1.1599995618740721e-5,0.11110905702795769,-0.11110969908745444
15086,3.90625,-0.1111091759205998,1.3313153249450883e-10,1.1538263842299188e-5,1.0063506888860211e-5,0.1111091759205998,-0.1111096986015532
15087,9.765625,-0.11110982316436267,8.07952806921094e-11,8.988619509808466e-6,7.627399555886506e-6,0.11110982316436267,-0.1111096978323942
15088,24.4140625,-0.11111061920208397,1.451965766217071e-11,3.810466856196326e-6,1.0430309167890963e-5,0.11111061920208397,-0.1111096979393251
15089,9.765625,-0.11111029134652495,3.387882694579173e-12,1.8406201929184556e-6,1.7468986849396352e-5,0.11111029134652495,-0.11110969832999133
15090,3.90625,-0.11111018446359094,3.0071089785197083e-12,1.7341017785930871e-6,1.83061834126767e-5,0.11111018446359094,-0.11110969866944233
15091,1.5625,-0.11111010456903128,8.610512554049682e-12,2.9343674879008735e-6,1.7920094763795113e-5,0.11111010456903128,-0.1111096989745013
15092,0.625,-0.11111003156312454,1.9462256751045865e-11,4.411604781827795e-6,1.7482751208932397e-5,0.11111003156312454,-0.11110969926435894
15093,0.25,-0.11110996064998699,3.5401710296599496e-11,5.949933637999629e-6,1.7180238311920536e-5,0.11110996064998699,-0.11110969954873483
15094,0.1,-0.11110989039874154,5.637630488618307e-11,7.508415604252542e-6,1.6991834919191395e-5,0.11110989039874154,-0.11110969983129014
15095,0.1,-0.1111098224959267,8.216698980445247e-11,9.064600918101827e-6,1.6874013641267506e-5,0.1111098224959267,-0.11110970010667476
15096,0.1,-0.11110975719588072,1.1258092163492977e-10,1.061041571451985e-5,1.6744778950802177e-5,0.11110975719588072,-0.11110970037409947
15097,0.1,-0.11110969474211325,1.4741069665546805e-10,1.2141280684321076e-5,1.660403460465225e-5,0.11110969474211325,-0.11110970063280122
15098,0.1,-0.11110963536655276,1.864351300759267e-10,1.3654125020517671e-5,1.6451754393670778e-5,0.11110963536655276,-0.11110970088204762
15099,0.25,-0.11110958771720396,2.280587033800523e-10,1.5101612608594232e-5,1.6289126118707904e-5,0.11110958771720396,-0.11110970108085745
15100,0.625,-0.11110957118473488,2.6810642558637496e-10,1.6373955709796425e-5,1.590887862354595e-5,0.11110957118473488,-0.11110970113921309
15101,1.5625,-0.11110963349074394,2.9530255911067887e-10,1.7184369616330967e-5,1.4950471094981719e-5,0.11110963349074394,-0.11110970083189796
15102,3.90625,-0.11110987366200134,2.832204334246407e-10,1.6829154269440895e-5,1.2576075173135657e-5,0.11110987366200134,-0.11110969973884281
15103,9.765625,-0.11111038881566727,1.912931662043801e-10,1.383087727529892e-5,7.818106539998148e-6,0.11111038881566727,-0.11110969779976354
15104,24.4140625,-0.11111072358416779,3.9115075465613547e-11,6.254204622940758e-6,1.1102538404413255e-5,0.11111072358416779,-0.11110969759209813
15105,9.765625,-0.11111048495460626,9.047423400213171e-12,3.0078935154378672e-6,2.409777550247788e-5,0.11111048495460626,-0.11110969836210371
15106,3.90625,-0.11111038350653499,3.0533191265656866e-12,1.747374924441142e-6,2.6326593003420042e-5,0.11111038350653499,-0.11110969909545192
15107,1.5625,-0.1111103010218427,1.1061711840224777e-11,3.3259151883691766e-6,2.613432159032374e-5,0.1111103010218427,-0.11110969976127526
15108,0.625,-0.11111022378974314,3.118162615068179e-11,5.584051051940857e-6,2.5636439785541544e-5,0.11111022378974314,-0.11110970039247195
15109,0.25,-0.11111014825808792,6.298724238705356e-11,7.936450238428612e-6,2.5254277413612172e-5,0.11111014825808792,-0.11110970101017167
15110,0.1,-0.11111007330628092,1.0635749407421777e-10,1.0312976974386094e-5,2.5010255271513294e-5,0.11111007330628092,-0.11110970162335443
15111,0.1,-0.11110999953645447,1.609002867208743e-10,1.2684647678231914e-5,2.4858603603913994e-5,0.11110999953645447,-0.11110970222226135
15112,0.1,-0.11110992711333473,2.2623944089767648e-10,1.5041257955958222e-5,2.4686280415932425e-5,0.11110992711333473,-0.1111097028048771
15113,0.1,-0.11110985619683796,3.0196192374543e-10,1.7377051641329433e-5,2.4493391894821225e-5,0.11110985619683796,-0.11110970336925677
15114,0.1,-0.11110978694163036,3.8761948493225554e-10,1.968805437142674e-5,2.428009516573807e-5,0.11110978694163036,-0.11110970391353513
15115,0.25,-0.11110972392395203,4.80060813775827e-10,2.191029013445114e-5,2.4047805283032547e-5,0.11110972392395203,-0.11110970435050102
15116,0.625,-0.11110967778511828,5.708537485926979e-10,2.389254587926322e-5,2.3483706483076798e-5,0.11110967778511828,-0.11110970448454403
15117,1.5625,-0.11110967544771728,6.367225958156083e-10,2.5233362752824053e-5,2.2028060030859346e-5,0.11110967544771728,-0.11110970381839899
15118,3.90625,-0.11110977608367703,6.209216979206926e-10,2.491830046212407e-5,1.831021640664038e-5,0.11110977608367703,-0.11110970139219893
15119,9.765625,-0.11111005765517724,4.2825238623690583e-10,2.069425974121582e-5,9.998355341660408e-6,0.11111005765517724,-0.11110969695845224
15120,24.4140625,-0.11111036825061012,8.81081181362833e-11,9.386592466719928e-6,1.4248930340181627e-5,0.11111036825061012,-0.11110969630974052
15121,9.765625,-0.11111034142689225,1.9487394800874395e-11,4.414452944689115e-6,3.5107633983145924e-5,0.11111034142689225,-0.11110969797557464
15122,3.90625,-0.11111036183087354,4.260720404912198e-12,2.064151255337699e-6,3.871772237788062e-5,0.11111036183087354,-0.11110969957945979
15123,1.5625,-0.11111038606245603,2.0364262894972047e-11,4.512678018092145e-6,3.853631918542386e-5,0.11111038606245603,-0.11110970103467176
15124,0.625,-0.11111041104352272,6.35430720268569e-11,7.971390846449376e-6,3.78373119030066e-5,0.11111041104352272,-0.11110970241220626
15125,0.25,-0.11111043623880175,1.3284505332378022e-10,1.1525842846567891e-5,3.728953364768699e-5,0.11111043623880175,-0.1111097037594286
15126,0.1,-0.11111046151975203,2.2801408387488994e-10,1.5100135227039853e-5,3.6940451905759865e-5,0.11111046151975203,-0.11110970509684168
15127,0.1,-0.1111104870809565,3.4822550214491124e-10,1.866080121926471e-5,3.672641267311653e-5,0.1111104870809565,-0.11110970640371247
15128,0.1,-0.11111051294089345,4.92676480083098e-10,2.2196316813451235e-5,3.64800916752414e-5,0.11111051294089345,-0.11110970767542917
15129,0.1,-0.11111053911562126,6.604803511794578e-10,2.56998122790704e-5,3.6201721640734604e-5,0.11111053911562126,-0.11110970890753982
15130,0.1,-0.11111056561867588,8.506703121846941e-10,2.916625296785129e-5,3.589159213355454e-5,0.11111056561867588,-0.11110971009577177
15131,0.25,-0.1111105932685627,1.0564131016611898e-9,3.2502509159466286e-5,3.555171125355875e-5,0.1111105932685627,-0.11110971104774209
15132,0.625,-0.11111062378175918,1.2593434846078928e-9,3.5487229880731646e-5,3.471065536845545e-5,0.11111062378175918,-0.11110971133001232
15133,1.5625,-0.11111066094547283,1.408570818720489e-9,3.7530931492843195e-5,3.251855628250017e-5,0.11111066094547283,-0.11110970983680596
15134,3.90625,-0.1111107099555506,1.37916648073582e-9,3.713713075529422e-5,2.6858316221142183e-5,0.1111107099555506,-0.11110970441538376
15135,9.765625,-0.11111075727994704,9.578969208938548e-10,3.094990986891326e-5,1.3629555197105373e-5,0.11111075727994704,-0.1111096944300766
15136,24.4140625,-0.11111065834572596,1.9964499891860371e-10,1.412957886557854e-5,1.9649937199674866e-5,0.11111065834572596,-0.11110969276333914
15137,9.765625,-0.1111105133434145,4.372485218183038e-11,6.61247700803794e-6,5.194884245236132e-5,0.1111105133434145,-0.111109696439135
15138,3.90625,-0.11111041511212043,7.355143140245993e-12,2.7120367143986074e-6,5.756794057402844e-5,0.11111041511212043,-0.11110970000332146
15139,1.5625,-0.11111032676561243,4.124619230142521e-11,6.422319853559554e-6,5.737780225376945e-5,0.11111032676561243,-0.11110970323823649
15140,0.625,-0.11111024155740389,1.358224519114921e-10,1.1654288992104672e-5,5.6364772877807555e-5,0.11111024155740389,-0.11110970629879706
15141,0.25,-0.11111015746915753,2.889438878248244e-10,1.6998349561790533e-5,5.556032765002709e-5,0.11111015746915753,-0.11110970929090724
15142,0.1,-0.1111100738255777,5.000476698337062e-10,2.236174567947919e-5,5.5046792210827925e-5,0.1111100738255777,-0.11110971226091101
15143,0.1,-0.11110999087446838,7.673383901485222e-10,2.7700873454613703e-5,5.473294690797799e-5,0.11110999087446838,-0.1111097151635936
15144,0.1,-0.11110990871126931,1.0890555751581373e-9,3.300084203710774e-5,5.4370167028239583e-5,0.11110990871126931,-0.11110971798854938
15145,0.1,-0.11110982742963581,1.463249690866317e-9,3.825244686116585e-5,5.3958809059925244e-5,0.11110982742963581,-0.11110972072573068
15146,0.1,-0.11110974712129233,1.887790350980952e-9,4.34487094282552e-5,5.349930733386967e-5,0.11110974712129233,-0.1111097233654868
15147,0.25,-0.11110967023609138,2.3475877784506843e-9,4.8451912020586806e-5,5.299454700732115e-5,0.11110967023609138,-0.11110972547980406
15148,0.625,-0.11110960262675368,2.802000007196902e-9,5.2933921139444245e-5,5.173735095289447e-5,0.11110960262675368,-0.11110972610220313
15149,1.5625,-0.11110955965813443,3.1382360106190383e-9,5.601996082307661e-5,4.844868912049701e-5,0.11110955965813443,-0.11110972276289885
15150,3.90625,-0.11110957854132247,3.0787747857453566e-9,5.5486708189848104e-5,3.992031502665511e-5,0.11110957854132247,-0.11110971063391656
15151,9.765625,-0.11110973159838579,2.1470239986443448e-9,4.633599031686217e-5,1.9593934574362886e-5,0.11110973159838579,-0.11110968818766451
15152,24.4140625,-0.11111007390587722,4.5287154067224394e-10,2.1280778666962445e-5,2.8191394371753636e-5,0.11111007390587722,-0.11110968413072438
15153,9.765625,-0.11111021736589374,9.933785047475546e-11,9.9668375362878e-6,7.738710774694159e-5,0.11111021736589374,-0.11110969231318686
15154,3.90625,-0.11111034422807164,1.4341811412352233e-11,3.7870584115315984e-6,8.599937264978504e-5,0.11111034422807164,-0.11110970028986522
15155,1.5625,-0.11111046297260106,8.718075994080326e-11,9.337063775127771e-6,8.578942431885578e-5,0.11111046297260106,-0.11110970753437062
15156,0.625,-0.11111057895588373,2.9626005058993434e-10,1.721220644164874e-5,8.430095250833905e-5,0.11111057895588373,-0.11110971438698204
15157,0.25,-0.11111069408210156,6.367379590985775e-10,2.5233667174998117e-5,8.310715943023215e-5,0.11111069408210156,-0.11110972108457717
15158,0.1,-0.11111080903310076,1.1073422145854389e-9,3.327675186350734e-5,8.234230329299626e-5,0.11111080903310076,-0.11110972773158713
15159,0.1,-0.11111092365926922,1.7041001368169434e-9,4.1280747774440124e-5,8.187392426988753e-5,0.11111092365926922,-0.11110973422825075
15160,0.1,-0.11111103785258232,2.423098000817651e-9,4.922497334501717e-5,8.133195479482194e-5,0.11111103785258232,-0.11110974055116732
15161,0.1,-0.11111115150350474,3.2599980553595142e-9,5.709639266503195e-5,8.071693067719131e-5,0.11111115150350474,-0.11110974667773628
15162,0.1,-0.11111126450120341,4.210056805218508e-9,6.488495052952192e-5,8.002949941539039e-5,0.11111126450120341,-0.111109752586244
15163,0.25,-0.11111137449116265,5.239750195355148e-9,7.238611880295247e-5,7.927395908930691e-5,0.11111137449116265,-0.11110975732076575
15164,0.625,-0.11111147561429713,6.258696219273695e-9,7.911192210579701e-5,7.739160006780907e-5,0.11111147561429713,-0.11110975871980175
15165,1.5625,-0.1111115519122618,7.015841774742402e-9,8.376062186219967e-5,7.2464294712018e-5,0.1111115519122618,-0.11110975125342379
15166,3.90625,-0.11111156202700062,6.892473867380359e-9,8.30209242744283e-5,5.966321402929319e-5,0.11111156202700062,-0.1111097240794517
15167,9.765625,-0.11111141104598649,4.821130589178381e-9,6.943436173234677e-5,2.8842112862123855e-5,0.11111141104598649,-0.11110967359817585
15168,24.4140625,-0.1111109428738027,7.297569578629824e-11,8.54258133038827e-6,4.039156460098817e-5,0.1111109428738027,-0.11110970251137219
15169,9.765625,-0.11111007548664835,7.622213263548988e-11,8.73052877181502e-6,2.3434237537084084e-5,0.11111007548664835,-0.11110970206825282
15170,3.90625,-0.11110974995098437,8.720531922607706e-11,9.338378832863714e-6,1.6181542982134552e-5,0.11110974995098437,-0.11110970190659507
15171,1.5625,-0.11110948745980458,1.0110186983876769e-10,1.005494255770602e-5,1.3134208465130825e-5,0.11110948745980458,-0.11110970189331658
15172,0.625,-0.1111092413374647,1.1753396728352595e-10,1.0841308375077518e-5,1.1813790137254826e-5,0.1111092413374647,-0.11110970194919334
15173,1.5625,-0.11110909296327752,1.2805015481482544e-10,1.1315924832501559e-5,1.120723795095363e-5,0.11110909296327752,-0.11110970184580649
15174,3.90625,-0.11110920548506546,1.1835810517989772e-10,1.0879251131392166e-5,9.781375854329132e-6,0.11110920548506546,-0.11110970141872653
15175,9.765625,-0.11110983603975304,7.161914149455365e-11,8.462809314557055e-6,7.533205686720519e-6,0.11110983603975304,-0.11110970074082913
15176,24.4140625,-0.11111061969655146,1.2862566480487656e-11,3.5864420364042766e-6,1.0056324389107837e-5,0.11111061969655146,-0.11110970084010888
15177,9.765625,-0.11111029424852556,3.1307086359560816e-12,1.7693808623233387e-6,1.652672496831771e-5,0.11111029424852556,-0.11110970118672556
15178,3.90625,-0.11111018609686779,2.890326136209409e-12,1.700095919708476e-6,1.7283806633609737e-5,0.11111018609686779,-0.11110970148794978
15179,1.5625,-0.11111010460730583,7.908623688642568e-12,2.8122275314495034e-6,1.6914107354017434e-5,0.11111010460730583,-0.11110970175920244
15180,0.625,-0.11111002994404715,1.7541710294240755e-11,4.188282499335587e-6,1.650310047926329e-5,0.11111002994404715,-0.11110970201731804
15181,0.25,-0.11110995735748025,3.165063437225314e-11,5.625889651624278e-6,1.6220446514361978e-5,0.11110995735748025,-0.11110970227075909
15182,0.1,-0.1111098854280022,5.0190585589755755e-11,7.084531430500944e-6,1.6045172118030233e-5,0.1111098854280022,-0.11110970252268924
15183,0.1,-0.11110981581763409,7.296733307605468e-11,8.542091844276476e-6,1.5936046655287826e-5,0.11110981581763409,-0.11110970276832405
15184,0.1,-0.11110974877845188,9.981054644854531e-11,9.990522831591214e-6,1.5816252050170603e-5,0.11110974877845188,-0.11110970300696725
15185,0.1,-0.1111096845519149,1.30536947154668e-10,1.1425276677379327e-5,1.568570834807701e-5,0.1111096845519149,-0.11110970323794604
15186,0.1,-0.11110962336812201,1.6495101066304718e-10,1.284332552974685e-5,1.554440132540595e-5,0.11110962336812201,-0.11110970346061481
15187,0.25,-0.11110957377685107,2.016336836382435e-10,1.4199777591154148e-5,1.53934334089621e-5,0.11110957377685107,-0.11110970363875788
15188,0.625,-0.11110955496027046,2.3687362216646034e-10,1.5390699209797466e-5,1.5039477369843544e-5,0.11110955496027046,-0.11110970369293173
15189,1.5625,-0.1111096141668855,2.6065843244788235e-10,1.6144919710171444e-5,1.4147276172619233e-5,0.1111096141668855,-0.11110970342465461
15190,3.90625,-0.11110984968277494,2.495899193717033e-10,1.57984150904989e-5,1.1944460732149168e-5,0.11110984968277494,-0.11110970246512321
15191,9.765625,-0.11111035955546916,1.6806761264836085e-10,1.2964089348980932e-5,7.60429833439522e-6,0.11111035955546916,-0.11110970076748755
15192,24.4140625,-0.11111070204561097,3.4251482975409e-11,5.852476653128059e-6,1.0682697665947981e-5,0.11111070204561097,-0.1111097005990108
15193,9.765625,-0.1111104743234488,8.024539888211389e-12,2.83276188342956e-6,2.2680226191794224e-5,0.1111104743234488,-0.11110970127786876
15194,3.90625,-0.11111037957310153,2.9055485946129264e-12,1.7045669815565849e-6,2.473507966349422e-5,0.11111037957310153,-0.11110970192360449
15195,1.5625,-0.11111030314240711,1.0054223478615724e-11,3.1708395542215193e-6,2.4545353621314356e-5,0.11111030314240711,-0.11110970251023997
15196,0.625,-0.11111023176773052,2.7818424052650113e-11,5.27431740158384e-6,2.4076662355018988e-5,0.11111023176773052,-0.11110970306670738
15197,0.25,-0.1111101620263752,5.5827686287693415e-11,7.4717927090955494e-6,2.371860421137806e-5,0.1111101620263752,-0.11110970361147736
15198,0.1,-0.11111009284058453,9.397735513444601e-11,9.694191824718862e-6,2.349054667489647e-5,0.11111009284058453,-0.11110970415237233
15199,0.1,-0.11111002479257766,1.4192187025020396e-10,1.1913096585279746e-5,2.3349130188680575e-5,0.11111002479257766,-0.11110970468074523
15200,0.1,-0.1111099580407942,1.993305905337764e-10,1.4118448588062939e-5,2.3188419821769605e-5,0.1111099580407942,-0.11110970519482936
15201,0.1,-0.11110989273900884,2.6584045088698693e-10,1.6304614404731775e-5,2.3008517095922624e-5,0.11110989273900884,-0.1111097056929193
15202,0.1,-0.11110982903589732,3.4105740534823195e-10,1.84677395841568e-5,2.2809572055561847e-5,0.11110982903589732,-0.1111097061733799
15203,0.25,-0.11110977133952345,4.222021678254764e-10,2.054755868285759e-5,2.2592900099414616e-5,0.11110977133952345,-0.11110970655953613
15204,0.625,-0.11110972989462177,5.018407303716565e-10,2.2401801944746687e-5,2.2066209509447634e-5,0.11110972989462177,-0.11110970667954174
15205,1.5625,-0.11110973059792902,5.594629204966284e-10,2.3652968534554566e-5,2.0707241022435483e-5,0.11110973059792902,-0.11110970609684544
15206,3.90625,-0.11110983021790194,5.451221439733127e-10,2.3347850949783638e-5,1.7242108429862733e-5,0.11110983021790194,-0.11110970397033311
15207,9.765625,-0.11111010247637287,3.753106286330519e-10,1.9372935467632465e-5,9.568978213836553e-6,0.11111010247637287,-0.11110970009087719
15208,24.4140625,-0.11111039404445434,7.694423266268787e-11,8.771786172877669e-6,1.3580236546510692e-5,0.11111039404445434,-0.11110969954352368
15209,9.765625,-0.11111035906529888,1.712980172291772e-11,4.138816464029025e-6,3.2932575004789784e-5,0.11111035906529888,-0.11110970100548623
15210,3.90625,-0.11111037199693431,4.018778836184521e-12,2.0046892118691418e-6,3.627717726194736e-5,0.11111037199693431,-0.11110970241132671
15211,1.5625,-0.11111038917490905,1.8312166993644306e-11,4.279271783100988e-6,3.609674237457095e-5,0.11111038917490905,-0.11110970368706763
15212,0.625,-0.11111040725486239,5.629657247983037e-11,7.503104189589157e-6,3.5439535994442255e-5,0.11111040725486239,-0.11110970489507087
15213,0.25,-0.11111042560129672,1.1714367208780928e-10,1.0823293033444548e-5,3.492639604369988e-5,0.11111042560129672,-0.1111097060767411
15214,0.1,-0.11111044404916393,2.0063194389174108e-10,1.4164460593038517e-5,3.460001293958125e-5,0.11111044404916393,-0.11110970724995539
15215,0.1,-0.11111046279333157,3.060371025476116e-10,1.7493916158127992e-5,3.440024162285632e-5,0.11111046279333157,-0.11110970839643593
15216,0.1,-0.11111048185728689,4.3265552989119915e-10,2.0800373311342255e-5,3.4170293922323945e-5,0.11111048185728689,-0.11110970951214501
15217,0.1,-0.11111050126214522,5.797100355523558e-10,2.4077168345807523e-5,3.3910389196518836e-5,0.11111050126214522,-0.11110971059318553
15218,0.1,-0.11111052102654134,7.463531083003544e-10,2.7319463909461224e-5,3.3620800606868514e-5,0.11111052102654134,-0.11110971163581718
15219,0.25,-0.11111054206696727,9.265790800552165e-10,3.043976149800153e-5,3.3303393179250764e-5,0.11111054206696727,-0.11110971247133765
15220,0.625,-0.111110566350746,1.1042508866704454e-9,3.323027063793561e-5,3.2517280243826714e-5,0.111110566350746,-0.11110971271985921
15221,1.5625,-0.11111059836418823,1.2346666787562789e-9,3.513782404697648e-5,3.0468249598789093e-5,0.11111059836418823,-0.11110971141269287
15222,3.90625,-0.11111064520084607,1.208170604228027e-9,3.475874859985651e-5,2.5181809231254497e-5,0.11111064520084607,-0.11110970666645983
15223,9.765625,-0.1111106981835905,8.380152414604283e-10,2.894849290482025e-5,1.2892948777492003e-5,0.1111106981835905,-0.11110969793795174
15224,24.4140625,-0.11111062289740714,1.740772023182789e-10,1.3193831980068523e-5,1.8595089995380628e-5,0.11111062289740714,-0.11110969651582238
15225,9.765625,-0.1111104917962591,3.821283854717734e-11,6.181653382969425e-6,4.863937600961404e-5,0.1111104917962591,-0.1111096997338838
15226,3.90625,-0.11111040454251851,6.796783026252169e-12,2.6070640625523894e-6,5.3857629139501695e-5,0.11111040454251851,-0.11110970285031738
15227,1.5625,-0.11111032635783286,3.6770667614170473e-11,6.0638822229798026e-6,5.3667234540174574e-5,0.11111032635783286,-0.11110970567865167
15228,0.625,-0.11111025103107602,1.197831968277258e-10,1.0944551010787323e-5,5.271579594705228e-5,0.11111025103107602,-0.11110970835488845
15229,0.25,-0.11111017671932027,2.539728506382848e-10,1.5936525676516976e-5,5.196251544244335e-5,0.11111017671932027,-0.11110971097159233
15230,0.1,-0.1111101028080738,4.3885277198008926e-10,2.094881314013014e-5,5.148240655484023e-5,0.1111101028080738,-0.11110971356918853
15231,0.1,-0.11111002953464673,6.728497156135906e-10,2.5939346861738645e-5,5.1189437545869146e-5,0.11111002953464673,-0.11110971610794079
15232,0.1,-0.1111099569866007,9.544235744809396e-10,3.0893746527103824e-5,5.08507089705906e-5,0.1111099569866007,-0.11110971857875035
15233,0.1,-0.11110988524983785,1.2818685809974906e-9,3.580319232970002e-5,5.046655462748514e-5,0.11110988524983785,-0.11110972097283202
15234,0.1,-0.11110981440845864,1.6533204997079072e-9,4.066104400661532e-5,5.0037381719072904e-5,0.11110981440845864,-0.11110972328174656
15235,0.25,-0.11110974672885783,2.055545241770011e-9,4.5338121286286345e-5,4.9565867572589206e-5,0.11110974672885783,-0.11110972513078352
15236,0.625,-0.11110968761417912,2.452904580482585e-9,4.952680668569886e-5,4.839049940666174e-5,0.11110968761417912,-0.11110972567415371
15237,1.5625,-0.11110965121824559,2.7465174629103605e-9,5.240722720112523e-5,4.5315352036334486e-5,0.11110965121824559,-0.11110972275129435
15238,3.90625,-0.11110967164314964,2.6932232567007814e-9,5.189627401558595e-5,3.7343844778934494e-5,0.11110967164314964,-0.1111097121430465
15239,9.765625,-0.11110981408111872,1.87615271329868e-9,4.331457853077506e-5,1.8399423836833226e-5,0.11110981408111872,-0.11110969253748437
15240,24.4140625,-0.11111012187884065,3.9456968604004795e-10,1.986377824181613e-5,2.655429865656144e-5,0.11111012187884065,-0.11110968905635864
15241,9.765625,-0.11111024666194397,8.657317382450499e-11,9.30447063644703e-6,7.238116983568452e-5,0.11111024666194397,-0.11110969620967925
15242,3.90625,-0.11111035814850949,1.3012545308082813e-11,3.6072905771621464e-6,8.039005341533709e-5,0.11111035814850949,-0.11110970317504498
15243,1.5625,-0.11111046259149514,7.725341355254856e-11,8.789392103697989e-6,8.017884226154238e-5,0.11111046259149514,-0.1111097095000848
15244,0.625,-0.11111056462539946,2.6047016778978443e-10,1.613908819573722e-5,7.878239499031314e-5,0.11111056462539946,-0.11110971548327217
15245,0.25,-0.11111066591029273,5.584511541336691e-10,2.3631571131299526e-5,7.766515986888332e-5,0.11111066591029273,-0.11110972133156928
15246,0.1,-0.11111076704183359,9.700949880836405e-10,3.114634790924356e-5,7.695031230142178e-5,0.11111076704183359,-0.11110972713606873
15247,0.1,-0.11111086788661867,1.4919258994497803e-9,3.862545662448252e-5,7.65131384172004e-5,0.11111086788661867,-0.11110973280928406
15248,0.1,-0.11111096834970995,2.120524130633419e-9,4.6049149076105836e-5,7.600715222844465e-5,0.11111096834970995,-0.11110973833077054
15249,0.1,-0.11111106833477635,2.8520988463250584e-9,5.340504513924746e-5,7.543285466332318e-5,0.11111106833477635,-0.11110974368078269
15250,0.1,-0.11111116774427894,3.682504130788871e-9,6.0683639729245565e-5,7.479085157385402e-5,0.11111116774427894,-0.11110974884034987
15251,0.25,-0.11111126450692478,4.582383590473201e-9,6.769330535934259e-5,7.408513224992528e-5,0.11111126450692478,-0.1111097529735707
15252,0.625,-0.11111135346666882,5.472600440050383e-9,7.397702643422742e-5,7.232552650011514e-5,0.11111135346666882,-0.11110975419090138
15253,1.5625,-0.11111142056839045,6.133377240818026e-9,7.831588115330138e-5,6.771855590852935e-5,0.11111142056839045,-0.11110974765959183
15254,3.90625,-0.11111142931831886,6.023314314579061e-9,7.761001426735509e-5,5.5751957688748754e-5,0.11111142931831886,-0.11110972391206408
15255,9.765625,-0.11111129558179722,4.209593048649341e-9,6.488137674748696e-5,2.698572675148795e-5,0.11111129558179722,-0.11110967984603858
15256,24.4140625,-0.11111088338076085,8.938572921795454e-10,2.989744624845984e-5,3.867385087256095e-5,0.11111088338076085,-0.1111096715612311
15257,9.765625,-0.11111065471964947,1.962895471729309e-10,1.4010337154149107e-5,0.0001081335848847939,0.11111065471964947,-0.11110968755870353
15258,3.90625,-0.11111046821267913,2.578218940760795e-11,5.077616508521292e-6,0.00012034154838060334,0.11111046821267913,-0.11110970320189979
15259,1.5625,-0.11111029592788872,1.6510064461363056e-10,1.284914956771967e-5,0.00012010550108721304,0.11111029592788872,-0.11110971741588277
15260,0.625,-0.11111012867751906,5.717577462890232e-10,2.3911456381597155e-5,0.00011804369315416573,0.11111012867751906,-0.11110973086002499
15261,0.25,-0.11110996342890594,1.2362023750642124e-9,3.515966972348023e-5,0.00011638053820836039,0.11110996342890594,-0.11110974399820985
15262,0.1,-0.11110979913386305,2.1559202538164288e-9,4.643188832921216e-5,0.00011531259200897022,0.11110979913386305,-0.11110975703583639
15263,0.1,-0.11110963602071311,3.3231755770078063e-9,5.764699104903747e-5,0.0001146577198084129,0.11110963602071311,-0.11110976977914072
15264,0.1,-0.11110947422360044,4.7303286004325085e-9,6.87773843674831e-5,0.00011389980287143806,0.11110947422360044,-0.1111097821822115
15265,0.1,-0.11110931387387019,6.3689099129396914e-9,7.980545039619595e-5,0.00011303957196661823,0.11110931387387019,-0.11110979420069733
15266,0.1,-0.11110915510000252,8.229655936114683e-9,9.071745111120948e-5,0.00011207791334187471,0.11110915510000252,-0.11110980579197761
15267,0.25,-0.11110900118291359,1.0247194614754904e-8,0.00010122842789826829,0.00011102077345903943,0.11110900118291359,-0.11110981508593384
15268,0.625,-0.1111088601169422,1.2245183792684643e-8,0.00011065795856008119,0.00010838686864100795,0.1111088601169422,-0.11110981785056831
15269,1.5625,-0.11110875345587667,1.3733564867544423e-8,0.00011719029340156301,0.00010149021313582342,0.11110875345587667,-0.11110980325140835
15270,3.90625,-0.11110873696226099,1.3503546975567397e-8,0.00011620476313631639,8.355838362361085e-5,0.11110873696226099,-0.11110975000712416
15271,9.765625,-0.11110894160943181,9.46420724476791e-9,9.728415721363839e-5,4.0197914978783835e-5,0.11110894160943181,-0.11110965083805172
15272,24.4140625,-0.11110966610668352,1.4043484454723543e-10,1.1850520855525104e-5,5.5868696264712275e-5,0.11110966610668352,-0.1111097071244979
15273,9.765625,-0.11111084592701945,1.4627604395890862e-10,1.2094463359691021e-5,3.2393870942822094e-5,0.11111084592701945,-0.11110970627961118
15274,3.90625,-0.11111128354333456,1.6819671430034693e-10,1.29690675956426e-5,2.2071509041462288e-5,0.11111128354333456,-0.11110970594740624
15275,1.5625,-0.1111116355110294,1.961143030008778e-10,1.4004081655034642e-5,1.7605684829957508e-5,0.1111116355110294,-0.1111097058956041
15276,0.625,-0.11111196536766554,2.2926222501925214e-10,1.5141407630047219e-5,1.5621238506210853e-5,0.11111196536766554,-0.11110970597575494
15277,1.5625,-0.11111216117104394,2.507503055108557e-10,1.583509726875259e-5,1.4695488764273286e-5,0.11111216117104394,-0.11110970574150217
15278,3.90625,-0.11111200007172284,2.317533096205157e-10,1.5223446049450029e-5,1.2468199414914538e-5,0.11111200007172284,-0.11110970486891984
15279,9.765625,-0.11111113453425664,1.388253716759222e-10,1.1782417904484725e-5,8.723291610717796e-6,0.11111113453425664,-0.11110970351453238
15280,24.4140625,-0.11111008656633488,2.3762242090689645e-11,4.874653022594495e-6,1.2698174170781062e-5,0.11111008656633488,-0.11110970370495621
15281,9.765625,-0.11111054694120244,4.581986367877585e-12,2.1405574899725503e-6,2.2297043199979364e-5,0.11111054694120244,-0.11110970436178647
15282,3.90625,-0.11111069790818501,4.0861199468654976e-12,2.021415332598795e-6,2.339589761727223e-5,0.11111069790818501,-0.11110970492008443
15283,1.5625,-0.11111081137118191,1.386399017905681e-11,3.7234379515518732e-6,2.286550124306377e-5,0.11111081137118191,-0.11110970541634535
15284,0.625,-0.11111091528186728,3.265477825257911e-11,5.714435952268527e-6,2.2274128519625857e-5,0.11111091528186728,-0.11110970588560651
15285,0.25,-0.11111101630586413,6.018847138599792e-11,7.75812292929146e-6,2.1867380083561117e-5,0.11111101630586413,-0.11110970634525354
15286,0.1,-0.11111111643110848,9.637910387801644e-11,9.817285973119885e-6,2.1615580247430096e-5,0.11111111643110848,-0.11110970680180678
15287,0.1,-0.11111121328165487,1.408464008493957e-10,1.186787263368611e-5,2.1459350529444405e-5,0.11111121328165487,-0.1111097072461583
15288,0.1,-0.11111130650153678,1.9325762195955118e-10,1.3901712914585425e-5,2.1287431959777322e-5,0.11111130650153678,-0.11110970767694019
15289,0.1,-0.11111139574979921,2.532546017532951e-10,1.5913975045641336e-5,2.109969636794603e-5,0.11111139574979921,-0.11110970809283212
15290,0.1,-0.1111114807015643,3.2045515941148146e-10,1.790126139163052e-5,2.0896104730151974e-5,0.1111114807015643,-0.11110970849256867
15291,0.25,-0.1111115492284584,3.9207469054158015e-10,1.98008760043989e-5,2.0678216014593492e-5,0.1111115492284584,-0.11110970880567193
15292,0.625,-0.11111157414335465,4.608339710933553e-10,2.1467043836852696e-5,2.016451333082957e-5,0.11111157414335465,-0.11110970887741346
15293,1.5625,-0.11111148854876596,5.071206172499893e-10,2.251933873918125e-5,1.8862794894735697e-5,0.11111148854876596,-0.1111097083214435
15294,3.90625,-0.11111115368331576,4.852505675080821e-10,2.202840365319471e-5,1.5609535642983008e-5,0.11111115368331576,-0.111109706421394
15295,9.765625,-0.11111043373259269,3.2626398256979303e-10,1.8062778927113986e-5,8.839212024407315e-6,0.11111043373259269,-0.11110970309098497
15296,24.4140625,-0.11110996641402358,6.5686183405239e-11,8.104701314992366e-6,1.3648049539455334e-5,0.11110996641402358,-0.11110970274823502
15297,9.765625,-0.11111029299335622,1.4133812557141402e-11,3.759496316947445e-6,3.111446241644713e-5,0.11111029299335622,-0.11110970405401728
15298,3.90625,-0.1111104279021734,3.934431338262051e-12,1.9835401025091605e-6,3.4062289802641405e-5,0.1111104279021734,-0.11110970528797776
15299,1.5625,-0.11111053660403446,1.7722527245210496e-11,4.2098132078763895e-6,3.380530968517154e-5,0.11111053660403446,-0.1111097064030735
15300,0.625,-0.11111063813309693,5.226197906835778e-11,7.229244709397917e-6,3.314566460602978e-5,0.11111063813309693,-0.11110970745771122
15301,0.25,-0.11111073738351489,1.0682823106443538e-10,1.0335774333083873e-5,3.264011025079854e-5,0.11111073738351489,-0.11110970848886043
15302,0.1,-0.11111083589429248,1.8121828444904416e-10,1.3461734080312393e-5,3.231796889922424e-5,0.11111083589429248,-0.11110970951219934
15303,0.1,-0.11111093279627156,2.747619718075384e-10,1.6575945578082065e-5,3.211842677787291e-5,0.11111093279627156,-0.11110971051116904
15304,0.1,-0.11111102785910344,3.868168022243055e-10,1.966765878858756e-5,3.189140875563762e-5,0.11111102785910344,-0.11110971148231202
15305,0.1,-0.11111112085891643,5.166767661051403e-10,2.2730524985251446e-5,3.163703212789676e-5,0.11111112085891643,-0.11110971242229122
15306,0.1,-0.11111121157896225,6.635751406378646e-10,2.5759952263889475e-5,3.135548066015535e-5,0.11111121157896225,-0.11110971332790459
15307,0.25,-0.11111129358566517,8.22097455792192e-10,2.8672241903837797e-5,3.104856516400911e-5,0.11111129358566517,-0.11110971404976255
15308,0.625,-0.11111135194066753,9.77752836088172e-10,3.1269039577322676e-5,3.030042291378322e-5,0.11111135194066753,-0.11110971425268804
15309,1.5625,-0.1111113489141,1.0905528343833803e-9,3.302351941243362e-5,2.8364774895706193e-5,0.1111113489141,-0.1111097130848507
15310,3.90625,-0.11111120199891446,1.0631087078673186e-9,3.2605347841532356e-5,2.3397633041609163e-5,0.11111120199891446,-0.1111097089036685
15311,9.765625,-0.11111080545321705,7.324981840461549e-10,2.7064703657091e-5,1.2015822695842987e-5,0.11111080545321705,-0.11110970129348906
15312,24.4140625,-0.11111039083217882,1.4991835333620612e-10,1.224411504912487e-5,1.7934427862904816e-5,0.11111039083217882,-0.11110970018256536
15313,9.765625,-0.11111044822800875,3.2322533579783654e-11,5.685290984618435e-6,4.565286477673777e-5,0.11111044822800875,-0.11110970301902125
15314,3.90625,-0.11111043290369897,6.1834455454852e-12,2.486653483194874e-6,5.0409424048286514e-5,0.11111043290369897,-0.11110970574397482
15315,1.5625,-0.11111041107093547,3.369750441736543e-11,5.804955160667947e-6,5.017469341178809e-5,0.11111041107093547,-0.11110970821214754
15316,0.625,-0.11111038790297949,1.0758409124352882e-10,1.0372275123786913e-5,4.9257892039907035e-5,0.11111038790297949,-0.111109710546457
15317,0.25,-0.11111036441467904,2.2621792932989502e-10,1.5040542853563997e-5,4.8539297721900326e-5,0.11111036441467904,-0.11110971282859135
15318,0.1,-0.11111034087805406,3.8916538239343026e-10,1.972727508789367e-5,4.808176787310818e-5,0.11111034087805406,-0.11110971509390413
15319,0.1,-0.11111031697594548,5.950183111085159e-10,2.4392997173543803e-5,4.780174739642271e-5,0.11111031697594548,-0.11110971730707161
15320,0.1,-0.11111029266347487,8.424061562361649e-10,2.9024233947447517e-5,4.7479144595809776e-5,0.11111029266347487,-0.11110971946018171
15321,0.1,-0.1111102678985939,1.129814423319769e-9,3.3612712227961744e-5,4.711425717042087e-5,0.1111102678985939,-0.11110972154559719
15322,0.1,-0.11111024264230608,1.4555910177871865e-9,3.8152208557135805e-5,4.670745552186198e-5,0.11111024264230608,-0.11110972355598654
15323,0.25,-0.11111021532604097,1.8080324796861113e-9,4.2520965178204876e-5,4.6261327933804836e-5,0.11111021532604097,-0.11110972516202476
15324,0.625,-0.11111018251765117,2.1556773311532098e-9,4.642927235218327e-5,4.515498754121132e-5,0.11111018251765117,-0.111109725621541
15325,1.5625,-0.1111101362128473,2.41134208597152e-9,4.91054180918106e-5,4.226750855674341e-5,0.1111101362128473,-0.11110972304107654
15326,3.90625,-0.11111006280798442,2.3610335702290555e-9,4.8590467894732766e-5,3.479479438889598e-5,0.11111006280798442,-0.11110971373469583
15327,9.765625,-0.11110997090579194,1.639650039842846e-9,4.049259240704213e-5,1.7109653576453898e-5,0.11110997090579194,-0.11110969661565856
15328,24.4140625,-0.1111100673690472,3.413270829022477e-10,1.847503945604035e-5,2.5194749160378203e-5,0.1111100673690472,-0.11110969374552569
15329,9.765625,-0.11111026183763029,7.409987806850558e-11,8.608128604319615e-6,6.778016314628738e-5,0.11111026183763029,-0.11110970002064798
15330,3.90625,-0.1111103891225112,1.1575544170149966e-11,3.402285139454065e-6,7.516427045702859e-5,0.1111103891225112,-0.11110970610307434
15331,1.5625,-0.11111050301651197,6.937878202951209e-11,8.329392656701452e-6,7.492205659471295e-5,0.11111050301651197,-0.11110971162037804
15332,0.625,-0.11111061288160011,2.311208015931141e-10,1.5202657714791651e-5,7.359734491941022e-5,0.11111061288160011,-0.11110971683845892
15333,0.25,-0.11111072148788458,4.931455940697934e-10,2.220688168270803e-5,7.254463771680631e-5,0.11111072148788458,-0.11110972193908596
15334,0.1,-0.11111082976258067,8.544990032392331e-10,2.9231814915246593e-5,7.187282166410196e-5,0.11111082976258067,-0.11110972700184608
15335,0.1,-0.11111093731482008,1.3121175485425763e-9,3.622316314932444e-5,7.146263804019346e-5,0.11111093731482008,-0.11110973194954223
15336,0.1,-0.11111104399962456,1.862996677072477e-9,4.3162445216559235e-5,7.098816668810769e-5,0.11111104399962456,-0.11110973676433265
15337,0.1,-0.111111149672895,2.5038071119492e-9,5.0038056636416244e-5,7.04498632276853e-5,0.111111149672895,-0.11110974142898654
15338,0.1,-0.11111125419175501,3.230908871924211e-9,5.6841084366188955e-5,6.984828475077758e-5,0.11111125419175501,-0.11110974592695137
15339,0.25,-0.11111135392338273,4.018471683357456e-9,6.339141648013126e-5,6.918715117556878e-5,0.11111135392338273,-0.11110974952546906
15340,0.625,-0.11111144017516973,4.796905378359473e-9,6.925969519395443e-5,6.75384024557742e-5,0.11111144017516973,-0.1111097505695625
15341,1.5625,-0.11111149019423902,5.373058759225787e-9,7.330115114529776e-5,6.322224207747018e-5,0.11111149019423902,-0.1111097448296857
15342,3.90625,-0.11111144971744472,5.271672260603324e-9,7.260628251469237e-5,5.2016978996000184e-5,0.11111144971744472,-0.11110972403697027
15343,9.765625,-0.11111121985046021,3.676603170888804e-9,6.063499955379569e-5,2.5149687397386085e-5,0.11111121985046021,-0.11110968557081269
15344,24.4140625,-0.11111076609945011,7.756514075129727e-10,2.7850518981034674e-5,3.651768316641757e-5,0.11111076609945011,-0.11110967858400385
15345,9.765625,-0.11111060601805495,1.6967189521476298e-10,1.3025816489370751e-5,0.00010113751243128845,0.11111060601805495,-0.11110969257501503
15346,3.90625,-0.11111045611098656,2.3540149977626864e-11,4.851819244121412e-6,0.00011243992874589434,0.11111045611098656,-0.11110970621765895
15347,1.5625,-0.11111031526625553,1.4772321890604064e-10,1.2154144104215674e-5,0.00011217574117365983,0.11111031526625553,-0.11110971860649534
15348,0.625,-0.11111017793947134,5.05244001049868e-10,2.247763335073041e-5,0.00011023183897594179,0.11111017793947134,-0.11110973032383442
15349,0.25,-0.11111004208706492,1.0878168077731437e-9,3.298206797296288e-5,0.00010867156650085437,0.11111004208706492,-0.11110974177555018
15350,0.1,-0.11110990697894708,1.893271969932633e-9,4.3511745195207154e-5,0.00010767212615162808,0.11110990697894708,-0.11110975314070826
15351,0.1,-0.11110977270186773,2.9148230290419562e-9,5.398910102087232e-5,0.00010706059425229904,0.11110977270186773,-0.11110976424884084
15352,0.1,-0.11110963934600337,4.145783452377208e-9,6.438775855997169e-5,0.00010635263072753109,0.11110963934600337,-0.11110977505985041
15353,0.1,-0.11110950700013732,5.578740475271902e-9,7.469096649041236e-5,0.0001055489274395133,0.11110950700013732,-0.11110978553500586
15354,0.1,-0.11110937575166911,7.205586291227437e-9,8.48857248966364e-5,0.00010465032171525659,0.11110937575166911,-0.11110979563709196
15355,0.25,-0.1111092476828695,8.968962537571133e-9,9.470460673890755e-5,0.00010366236018711701,0.1111092476828695,-0.11110980372966724
15356,0.625,-0.11110912797918243,1.0714198844831372e-8,0.00010350941428117238,0.00010119827514651358,0.11110912797918243,-0.11110980611178158
15357,1.5625,-0.11110903099958425,1.2011625548135486e-8,0.00010959756178006646,9.47445733768521e-5,0.11110903099958425,-0.11110979331380927
15358,3.90625,-0.11110899609153983,1.1802226845492341e-8,0.00010863805431566023,7.796805078131443e-5,0.11110899609153983,-0.11110974676346397
15359,9.765625,-0.11110912835546076,8.25838367669922e-9,9.087564952559745e-5,3.74646609900377e-5,0.11110912835546076,-0.11110966026063002
15360,24.4140625,-0.11110993795215256,1.224574909933751e-10,1.1066051282791667e-5,5.2592919130386344e-5,0.11110993795215256,-0.11110970966776498
15361,9.765625,-0.1111107264426679,1.2884594554536486e-10,1.1351032796418344e-5,2.990865902086759e-5,0.1111107264426679,-0.11110970886206203
15362,3.90625,-0.11111101240378192,1.4676726294529671e-10,1.2114753936638446e-5,2.0291725409291893e-5,0.11111101240378192,-0.11110970856193034
15363,1.5625,-0.11111124274559334,1.695687668416883e-10,1.3021857273126913e-5,1.6245626014797652e-5,0.11111124274559334,-0.11110970851511773
15364,3.90625,-0.11111129051406594,1.6944694037937632e-10,1.3017178664341069e-5,1.4465842909061768e-5,0.11111129051406594,-0.11110970794763374
15365,9.765625,-0.11111091521342273,1.1422884539816793e-10,1.0687789546869265e-5,1.0627393731140375e-5,0.11111091521342273,-0.11110970679156214
15366,24.4140625,-0.11111026637890489,2.2019665352174433e-11,4.692511625150697e-6,9.935610611208178e-6,0.11111026637890489,-0.11110970663981352
15367,9.765625,-0.1111105755244325,5.578099057842622e-12,2.3617999614367473e-6,1.859070209516891e-5,0.1111105755244325,-0.11110970709016849
15368,3.90625,-0.11111067344352625,2.9269565081433503e-12,1.7108350324164368e-6,1.9936879371698377e-5,0.11111067344352625,-0.11110970750451406
15369,1.5625,-0.11111074805300021,7.889298401243466e-12,2.80878949037543e-6,1.9664791793094635e-5,0.11111074805300021,-0.11110970787964966
15370,0.625,-0.11111081689299664,1.939941467443113e-11,4.404476662945455e-6,1.922611995682492e-5,0.11111081689299664,-0.11110970823467979
15371,0.25,-0.1111108840416133,3.719577862880072e-11,6.0988342024358e-6,1.8894918850619702e-5,0.1111108840416133,-0.11110970858115822
15372,0.1,-0.11111095068596744,6.118159778227768e-11,7.821866643089595e-6,1.8675314232962255e-5,0.11111095068596744,-0.11110970892393074
15373,0.1,-0.11111101485748888,9.10895543837012e-11,9.544084785022668e-6,1.8529527207146068e-5,0.11111101485748888,-0.11110970925748011
15374,0.1,-0.1111110763147826,1.266778689713836e-10,1.1255126341866785e-5,1.8372972969732814e-5,0.1111110763147826,-0.11110970958092864
15375,0.1,-0.11111113482783652,1.6768896643343856e-10,1.2949477457930052e-5,1.820527803219246e-5,0.11111113482783652,-0.11110970989341969
15376,0.1,-0.11111119017874477,2.138502027600767e-10,1.4623617977780899e-5,1.8026182229834355e-5,0.11111119017874477,-0.11110971019412366
15377,0.25,-0.11111123340299818,2.6331565650254226e-10,1.6227003928715316e-5,1.7837103247139295e-5,0.11111123340299818,-0.11110971043555556
15378,0.625,-0.11111124466042947,3.1124901450488364e-10,1.7642250834428232e-5,1.7413744493929732e-5,0.11111124466042947,-0.11110971051226913
15379,1.5625,-0.11111117555264836,3.445628811536416e-10,1.8562405047666685e-5,1.6362792500136326e-5,0.11111117555264836,-0.11110971015890975
15380,3.90625,-0.11111092728324043,3.3244800178750236e-10,1.8233156659983546e-5,1.3756216192848248e-5,0.11111092728324043,-0.11110970887449834
15381,9.765625,-0.11111041086575177,2.2688009520228997e-10,1.5062539467244226e-5,8.351511281993732e-6,0.11111041086575177,-0.11110970655693578
15382,24.4140625,-0.1111101109826715,4.757271891473226e-11,6.897297943015965e-6,1.1328555468888216e-5,0.1111101109826715,-0.1111097062212813
15383,9.765625,-0.11111033186463352,1.1259609641838255e-11,3.355534181294873e-6,2.578830407101197e-5,0.11111033186463352,-0.11110970710658614
15384,3.90625,-0.11111042310895711,3.374547702147111e-12,1.8369942030793433e-6,2.832951085763918e-5,0.11111042310895711,-0.11110970796068584
15385,1.5625,-0.11111049644621987,1.1959576356776292e-11,3.45826204281519e-6,2.816243351288643e-5,0.11111049644621987,-0.111109708737075
15386,0.625,-0.11111056488230413,3.473296152642449e-11,5.893467699616627e-6,2.7631878022028466e-5,0.11111056488230413,-0.11110970947225203
15387,0.25,-0.11111063175904319,7.116281413665099e-11,8.43580548238584e-6,2.7214555764863777e-5,0.11111063175904319,-0.11110971019069958
15388,0.1,-0.11111069812822438,1.210860005413681e-10,1.1003908421164187e-5,2.6942608058162246e-5,0.11111069812822438,-0.11110971090303133
15389,0.1,-0.11111076342394725,1.840390097792042e-10,1.3566097809584163e-5,2.6769484960367167e-5,0.11111076342394725,-0.1111097115982666
15390,0.1,-0.11111082748994622,2.595739288032962e-10,1.611129817250293e-5,2.657465023260596e-5,0.11111082748994622,-0.11110971227410314
15391,0.1,-0.11111089017417682,3.4720135538728766e-10,1.8633339888149082e-5,2.6358143423797457e-5,0.11111089017417682,-0.11110971292831766
15392,0.1,-0.11111095132926517,4.4639219704817664e-10,2.112799557573261e-5,2.612006934726825e-5,0.11111095132926517,-0.11110971355877675
15393,0.25,-0.11111100664255098,5.535217673424701e-10,2.3527043319177828e-5,2.5862061129822593e-5,0.11111100664255098,-0.11110971406487437
15394,0.625,-0.11111104607554177,6.588968840213653e-10,2.566898681329992e-5,2.5247466708428357e-5,0.11111104607554177,-0.11110971422049509
15395,1.5625,-0.11111104422692172,7.357479681985599e-10,2.7124674527053038e-5,2.3672850561920453e-5,0.11111104422692172,-0.1111097134500024
15396,3.90625,-0.11111094536092342,7.186857592030543e-10,2.6808315113096056e-5,1.9653840190479252e-5,0.11111094536092342,-0.11110971063834257
15397,9.765625,-0.11111067712727238,4.973624289822922e-10,2.230162390908546e-5,1.0574523373629263e-5,0.11111067712727238,-0.11110970547831903
15398,24.4140625,-0.11111039147266866,1.0312071813505176e-10,1.0154837179150229e-5,1.4977550710003827e-5,0.11111039147266866,-0.11110970467070276
15399,9.765625,-0.111110425220644,2.2687922834409538e-11,4.763184106709454e-6,3.771249103440125e-5,0.111110425220644,-0.11110970659957017
15400,3.90625,-0.11111040935259181,4.453968299735087e-12,2.1104426786186557e-6,4.1662630038563654e-5,0.11111040935259181,-0.11110970846157336
15401,1.5625,-0.1111103896812848,2.267987372777467e-11,4.762339102560282e-6,4.148330329959865e-5,0.1111103896812848,-0.11110971015059548
15402,0.625,-0.11111036930706045,7.237206582772587e-11,8.507177312582938e-6,4.073116427693845e-5,0.11111036930706045,-0.11110971174841162
15403,0.25,-0.1111103487855814,1.5239602794662107e-10,1.2344878612065048e-5,4.0136811918895265e-5,0.1111103487855814,-0.11110971331011993
15404,0.1,-0.11111032825577954,2.6243367928703343e-10,1.619980491509183e-5,3.975489961116318e-5,0.11111032825577954,-0.11110971485968921
15405,0.1,-0.11111030751013695,4.015206855102519e-10,2.0037981073707298e-5,3.951809550249343e-5,0.11111030751013695,-0.11110971637336195
15406,0.1,-0.11111028652469623,5.687151216814111e-10,2.3847748775962295e-5,3.924677378364666e-5,0.11111028652469623,-0.11110971784582041
15407,0.1,-0.11111026527747174,7.629792409464548e-10,2.7622078867211546e-5,3.894116640582202e-5,0.11111026527747174,-0.11110971927193285
15408,0.1,-0.11111024374858831,9.831837313913174e-10,3.135576073692548e-5,3.8601568801151374e-5,0.11111024374858831,-0.11110972064677455
15409,0.25,-0.11111022101694631,1.2214493867821393e-9,3.494924014599086e-5,3.8230262780499026e-5,0.11111022101694631,-0.1111097217478831
15410,0.625,-0.1111101951126004,1.456611436260468e-9,3.816557920771632e-5,3.7319983264859344e-5,0.1111101951126004,-0.1111097220737056
15411,1.5625,-0.11111016159826033,1.6300115769621505e-9,4.037340185025471e-5,3.4955624291749806e-5,0.11111016159826033,-0.11110972034377148
15412,3.90625,-0.11111011392072959,1.5974927803733755e-9,3.9968647467400936e-5,2.8851818488530562e-5,0.11111011392072959,-0.11110971405989808
15413,9.765625,-0.11111006452162406,1.1120476498405193e-9,3.3347378455292696e-5,1.4495658638454583e-5,0.11111006452162406,-0.11110970245576884
15414,24.4140625,-0.1111101643259374,2.3301584933091083e-10,1.5264856675740876e-5,2.0830550459443014e-5,0.1111101643259374,-0.11110970044616708
15415,9.765625,-0.11111030902114816,5.074062436550937e-11,7.123245353454377e-6,5.5916194556973564e-5,0.11111030902114816,-0.11110970471518995
15416,3.90625,-0.11111040638870796,7.65054502875331e-12,2.765961863213828e-6,6.203462050287905e-5,0.11111040638870796,-0.11110970886149185
15417,1.5625,-0.1111104938026895,4.63280839391337e-11,6.806473678721876e-6,6.18477242701475e-5,0.1111104938026895,-0.11110971262442533
15418,0.625,-0.11111057819239933,1.5557561919396367e-10,1.2472995598249993e-5,6.075847290701308e-5,0.11111057819239933,-0.11110971618319741
15419,0.25,-0.11111066162766726,3.3286791938349577e-10,1.8244668245366804e-5,5.988852564835755e-5,0.11111066162766726,-0.11110971966109973
15420,0.1,-0.11111074480321827,5.775239828877313e-10,2.4031728670400122e-5,5.933020458465831e-5,0.11111074480321827,-0.11110972311225645
15421,0.1,-0.11111082742276568,8.874518978038207e-10,2.9790130879266386e-5,5.8986529329392364e-5,0.11111082742276568,-0.11110972648460307
15422,0.1,-0.11111090937736372,1.260594654823892e-9,3.5504853961450006e-5,5.859032084457444e-5,0.11111090937736372,-0.11110972976608817
15423,0.1,-0.11111099055866154,1.6946773041175576e-9,4.1166458484032334e-5,5.814195290228696e-5,0.11111099055866154,-0.11110973294507621
15424,0.1,-0.11111107085915352,2.187216458409179e-9,4.676768604933516e-5,5.764188435908159e-5,0.11111107085915352,-0.11110973601039414
15425,0.25,-0.11111114754242432,2.720765231421089e-9,5.216095504705688e-5,5.709334635201588e-5,0.11111114754242432,-0.11110973846592853
15426,0.625,-0.11111121405518906,3.248343037505196e-9,5.699423687975124e-5,5.5735093362952e-5,0.11111121405518906,-0.11110973919083393
15427,1.5625,-0.11111125319774134,3.6395396377828632e-9,6.03285971806312e-5,5.218971566997314e-5,0.11111125319774134,-0.11110973531923758
15428,3.90625,-0.11111122362833258,3.573198051524677e-9,5.977623316607259e-5,4.2997078155386414e-5,0.11111122362833258,-0.11110972123963775
15429,9.765625,-0.11111104792974302,2.4961556584271672e-9,4.996154179393553e-5,2.1006187682717703e-5,0.11111104792974302,-0.11110969512713025
15430,24.4140625,-0.11111068696065783,5.287145922620727e-10,2.2993794646862287e-5,3.0056979064691118e-5,0.11111068696065783,-0.11110969028437682
15431,9.765625,-0.11111055121631158,1.1556532273747014e-10,1.0750131289313175e-5,8.339821459707136e-5,0.11111055121631158,-0.11110969980253171
15432,3.90625,-0.1111104270602375,1.5276272893827092e-11,3.908487289710316e-6,9.27548239772974e-5,0.1111104270602375,-0.11110970909377155
15433,1.5625,-0.11111031081754927,9.880527566551234e-11,9.940084288652302e-6,9.254885606528573e-5,0.11111031081754927,-0.11110971753221785
15434,0.625,-0.11111019755389175,3.409034164658311e-10,1.8463569981610574e-5,9.094673864253768e-5,0.11111019755389175,-0.1111097255121823
15435,0.25,-0.11111008549616168,7.358662065679053e-10,2.712685397475913e-5,8.965601494096433e-5,0.11111008549616168,-0.11110973330954003
15436,0.1,-0.1111099740152426,1.2821612950313614e-9,3.5807279916678416e-5,8.882552204877848e-5,0.1111099740152426,-0.11110974104620147
15437,0.1,-0.11110986321846757,1.975152968349426e-9,4.4442693081646456e-5,8.831397814567537e-5,0.11110986321846757,-0.11110974860691447
15438,0.1,-0.11110975318737977,2.810264882562596e-9,5.301193151133616e-5,8.772334268287347e-5,0.11110975318737977,-0.11110975596453
15439,0.1,-0.11110964400251795,3.782431290593241e-9,6.150147388960073e-5,8.705419203176493e-5,0.11110964400251795,-0.11110976309283309
15440,0.1,-0.11110953574341549,4.886118275974706e-9,6.990077450196604e-5,8.630722267593368e-5,0.11110953574341549,-0.11110976996664347
15441,0.25,-0.11110943032499199,6.082488472216718e-9,7.799031011745445e-5,8.548722409249605e-5,0.11110943032499199,-0.11110977547620214
15442,0.625,-0.11110933248437069,7.266861841484381e-9,8.52458904668394e-5,8.345409357714625e-5,0.11110933248437069,-0.11110977711118235
15443,1.5625,-0.11110925523898957,8.148428697475971e-9,9.026864736704529e-5,7.814170691150342e-5,0.11110925523898957,-0.11110976844629793
15444,3.90625,-0.1111092336489297,8.009982532866347e-9,8.949850575772954e-5,6.434357652900083e-5,0.1111092336489297,-0.11110973686657326
15445,9.765625,-0.11110935779224972,5.611072319403304e-9,7.490709124911542e-5,3.104507629681736e-5,0.11110935779224972,-0.11110967809008736
15446,24.4140625,-0.11110997743647735,8.307050033548461e-11,9.114301966441787e-6,4.3166337974674234e-5,0.11110997743647735,-0.11110971162334599
15447,9.765625,-0.11111070381278604,8.726453893872156e-11,9.341549065263297e-6,2.4773801872843152e-5,0.11111070381278604,-0.11110971109295378
15448,3.90625,-0.11111096760634005,9.944282060070547e-11,9.972102115437119e-6,1.6954517384520068e-5,0.11111096760634005,-0.11110971089809685
15449,1.5625,-0.1111111800432331,1.1486297187781838e-10,1.0717414421296695e-5,1.3691194579919488e-5,0.1111111800432331,-0.11110971087500492
15450,0.625,-0.11111137927603783,1.3306792480123977e-10,1.1535507132382163e-5,1.2280701895634305e-5,0.11111137927603783,-0.11110971093131615
15451,1.5625,-0.111111496146351,1.4473860273214432e-10,1.2030735751904134e-5,1.1632706297581844e-5,0.111111496146351,-0.11110971080850744
15452,3.90625,-0.11111139453981128,1.3422134619464024e-10,1.1585393657301431e-5,1.0106660938821185e-5,0.11111139453981128,-0.11110971031942364
15453,9.765625,-0.1111108644695304,8.216289142446434e-11,9.064374850173857e-6,7.656107163842522e-6,0.1111108644695304,-0.1111097095357553
15454,24.4140625,-0.11111023219591647,1.4500720835801053e-11,3.8079812021333632e-6,1.0447047564810814e-5,0.11111023219591647,-0.11110970964683844
15455,9.765625,-0.11111049730352897,3.35677240024718e-12,1.8321496664429954e-6,1.7533879475983962e-5,0.11111049730352897,-0.11110971004000385
15456,3.90625,-0.11111057921984357,2.887625968721556e-12,1.6993016120517146e-6,1.8394347600518878e-5,0.11111057921984357,-0.11110971038359722
15457,1.5625,-0.11111063934882098,8.47018395623388e-12,2.910358046054451e-6,1.8016671328867095e-5,0.11111063934882098,-0.11110971069246618
15458,0.625,-0.11111069398750703,1.9358204544800573e-11,4.3997959662694105e-6,1.758120381380999e-5,0.11111069398750703,-0.11110971098586488
15459,0.25,-0.11111074697756335,3.538675481852663e-11,5.948676728359563e-6,1.7278623357956243e-5,0.11111074697756335,-0.11110971127364166
15460,0.1,-0.1111107994573262,5.650142081006263e-11,7.516742699471802e-6,1.708970614108381e-5,0.1111107994573262,-0.1111097115595283
15461,0.1,-0.11111085002088994,8.248555867282165e-11,9.082156058603135e-6,1.6971328915352054e-5,0.11111085002088994,-0.11110971183817668
15462,0.1,-0.11111089846288369,1.131469575398782e-10,1.0637055868043478e-5,1.6841489864029915e-5,0.11111089846288369,-0.11110971210878808
15463,0.1,-0.11111094458690202,1.482788264729775e-10,1.2176979365712068e-5,1.6700085161682732e-5,0.11111094458690202,-0.1111097123705906
15464,0.1,-0.11111098820612443,1.8766053343461645e-10,1.3698924535693174e-5,1.6547080619532967e-5,0.11111098820612443,-0.11110971262284283
15465,0.25,-0.11111102224654504,2.2971178293460913e-10,1.5156245674130818e-5,1.6383662554903237e-5,0.11111102224654504,-0.11110971282424721
15466,0.625,-0.1111110308867698,2.702882818757436e-10,1.6440446523003673e-5,1.6001754106996823e-5,0.1111110308867698,-0.11110971288393888
15467,1.5625,-0.11111097529730446,2.981545666430842e-10,1.7267152823875864e-5,1.50383759436296e-5,0.11111097529730446,-0.11110971257399709
15468,3.90625,-0.11111077550072031,2.8674643491958544e-10,1.6933588955669894e-5,1.264421355859632e-5,0.11111077550072031,-0.11110971146651816
15469,9.765625,-0.11111035696185476,1.9438639627585817e-10,1.3942252195246584e-5,7.790759361655328e-6,0.11111035696185476,-0.1111097094918722
15470,24.4140625,-0.11111010984395746,3.971874495656503e-11,6.3022809328500285e-6,1.1078687168872416e-5,0.11111010984395746,-0.11110970927561573
15471,9.765625,-0.11111031732500798,9.161260720881142e-12,3.026757459870404e-6,2.427508216743513e-5,0.11111031732500798,-0.11110971005776152
15472,3.90625,-0.11111040795175248,3.000522174503373e-12,1.7322015398051617e-6,2.6533975084518186e-5,0.11111040795175248,-0.11110971080335984
15473,1.5625,-0.1111104823611013,1.1077869484601203e-11,3.328343354373344e-6,2.634511287640068e-5,0.1111104823611013,-0.11110971148032059
15474,0.625,-0.11111055228326357,3.147152138480392e-11,5.609948429781144e-6,2.584514679866415e-5,0.11111055228326357,-0.11110971212200942
15475,0.25,-0.11111062077177859,6.374807367682878e-11,7.98423907938814e-6,2.5460656133056622e-5,0.11111062077177859,-0.1111097127499269
15476,0.1,-0.1111106887925914,1.0778432852541283e-10,1.0381923161216944e-5,2.5214982381361852e-5,0.1111106887925914,-0.11110971337322521
15477,0.1,-0.11111075581383424,1.6318349980547282e-10,1.2774329720399141e-5,2.5062262192437766e-5,0.11111075581383424,-0.11110971398202595
15478,0.1,-0.11111082169090596,2.2956443674657792e-10,1.5151383987826918e-5,2.488867965548834e-5,0.11111082169090596,-0.11110971457427796
15479,0.1,-0.1111108862830754,3.065085458201791e-10,1.750738546500245e-5,2.4694340025067125e-5,0.1111108862830754,-0.11110971514800229
15480,0.1,-0.11111094945387567,3.93561440572532e-10,1.9838383013051544e-5,2.4479399715688795e-5,0.11111094945387567,-0.11110971570130006
15481,0.25,-0.11111100719624026,4.875307518760212e-10,2.2080098547697226e-5,2.4245280450929795e-5,0.11111100719624026,-0.11110971614558836
15482,0.625,-0.11111105018477374,5.79871199863054e-10,2.408051494181663e-5,2.3676592838063347e-5,0.11111105018477374,-0.11110971628209196
15483,1.5625,-0.11111105479717757,6.469829003265319e-10,2.5435858552966754e-5,2.220865938614832e-5,0.11111105479717757,-0.11110971560526968
15484,3.90625,-0.11111096896396633,6.312674202775431e-10,2.5125035726890878e-5,1.8456905059140938e-5,0.11111096896396633,-0.11110971313810343
15485,9.765625,-0.11111072312021222,4.358284861573994e-10,2.087650560216914e-5,1.004386596326214e-5,0.11111072312021222,-0.11110970862359157
15486,24.4140625,-0.11111044409071194,8.986027536744411e-11,9.479465985351924e-6,1.4295806457755757e-5,0.11111044409071194,-0.11110970795174904
15487,9.765625,-0.11111045716847062,1.986001654857859e-11,4.456457847728237e-6,3.5399210999435695e-5,0.11111045716847062,-0.11110970964630078
15488,3.90625,-0.11111043110357925,4.214464439044285e-12,2.0529160818319596e-6,3.9058575748451815e-5,0.11111043110357925,-0.11110971127954539
15489,1.5625,-0.11111040244927294,2.047422609490142e-11,4.524845422210732e-6,3.888256509219814e-5,0.11111040244927294,-0.11110971276163187
15490,0.625,-0.11111037343430587,6.430313854215018e-11,8.01892377705077e-6,3.818017508029257e-5,0.11111037343430587,-0.11110971416457167
15491,0.25,-0.11111034438015813,1.3472994917407054e-10,1.160732308390141e-5,3.762867393511574e-5,0.11111034438015813,-0.1111097155365752
15492,0.1,-0.11111031535018408,2.3149324607390933e-10,1.5214902105301543e-5,3.7276961817875636e-5,0.11111031535018408,-0.1111097168985429
15493,0.1,-0.1111102861755569,3.5375590930368293e-10,1.8808399966602234e-5,3.706122080087739e-5,0.1111102861755569,-0.11110971822944396
15494,0.1,-0.11111025684347343,5.007021604013652e-10,2.237637505051623e-5,3.6812900056538515e-5,0.11111025684347343,-0.11110971952458065
15495,0.1,-0.11111022734276359,6.714309233812217e-10,2.5911984165270356e-5,3.653223395557353e-5,0.11111022734276359,-0.11110972077941864
15496,0.1,-0.1111101976640033,8.649595814480388e-10,2.9410195195680675e-5,3.62195139185136e-5,0.1111101976640033,-0.11110972198960598
15497,0.25,-0.11111016719053467,1.0743475230851854e-9,3.277724093155471e-5,3.587676031122798e-5,0.11111016719053467,-0.11110972295946743
15498,0.625,-0.11111013465919271,1.280936981506976e-9,3.579017995913091e-5,3.5028548192281524e-5,0.11111013465919271,-0.11110972324801063
15499,1.5625,-0.11111009740786916,1.433016032650799e-9,3.785519822495715e-5,3.28175347203487e-5,0.11111009740786916,-0.11110972172987509
15500,3.90625,-0.11111005270754137,1.4035896271541282e-9,3.746451156967255e-5,2.7106780211659776e-5,0.11111005270754137,-0.11110971621252409
15501,9.765625,-0.11111001766994365,9.756448149725992e-10,3.123531358851067e-5,1.3739994778718477e-5,0.11111001766994365,-0.11110970603953359
15502,24.4140625,-0.11111013299413734,2.038970276864068e-10,1.4279251650083304e-5,1.974873444907839e-5,0.11111013299413734,-0.11110970431526125
15503,9.765625,-0.11111027793595618,4.4695870618899066e-11,6.685497036039958e-6,5.2412405333306564e-5,0.11111027793595618,-0.11110970805771282
15504,3.90625,-0.11111037780205592,7.325875599952711e-12,2.7066354760020257e-6,5.810832066942877e-5,0.11111037780205592,-0.11110971169082336
15505,1.5625,-0.11111046798400201,4.156548647952416e-11,6.447130096370334e-6,5.7926895034914755e-5,0.11111046798400201,-0.11110971498912832
15506,0.625,-0.11111055518085709,1.3764941389356452e-10,1.1732408699562273e-5,5.690892557820191e-5,0.11111055518085709,-0.11110971810975337
15507,0.25,-0.11111064142166853,2.933942985525123e-10,1.712875648004e-5,5.6098978471347075e-5,0.11111064142166853,-0.11110972116052444
15508,0.1,-0.11111072739165596,5.082265983802715e-10,2.2543881617420534e-5,5.558160848769462e-5,0.11111072739165596,-0.11110972418869906
15509,0.1,-0.1111108128298232,7.803231924924166e-10,2.7934265562072983e-5,5.526534781652265e-5,0.1111108128298232,-0.11110972714835397
15510,0.1,-0.11111089763087555,1.1078944522529107e-9,3.328504847905304e-5,5.4899674011209554e-5,0.11111089763087555,-0.11110973002888058
15511,0.1,-0.11111098169009474,1.4889580073831891e-9,3.8587018638179204e-5,5.448494580255604e-5,0.11111098169009474,-0.11110973282003342
15512,0.1,-0.1111110649035571,1.921347091109336e-9,4.383317340906697e-5,5.402160042727491e-5,0.1111110649035571,-0.11110973551197098
15513,0.25,-0.11111114467403989,2.38971869306686e-9,4.888474908462618e-5,5.351254243858222e-5,0.11111114467403989,-0.11110973766894022
15514,0.625,-0.11111121475711132,2.8527384493621876e-9,5.341103303028493e-5,5.224438850046665e-5,0.11111121475711132,-0.11110973830669878
15515,1.5625,-0.11111125871538612,3.195670421670377e-9,5.6530261114471925e-5,4.892656715382568e-5,0.11111125871538612,-0.11110973490942909
15516,3.90625,-0.11111123679857852,3.136108570295865e-9,5.6000969369251684e-5,4.032066856409706e-5,0.11111123679857852,-0.11110972255582009
15517,9.765625,-0.11111107309862674,2.18857961741878e-9,4.678225750665288e-5,1.9789810187900685e-5,0.11111107309862674,-0.11110969967068111
15518,24.4140625,-0.11111071975916557,4.6275032230004353e-10,2.1511632255597054e-5,2.8363589985375536e-5,0.11111071975916557,-0.11110969548204856
15519,9.765625,-0.11111057943916082,1.0162934307896012e-10,1.0081137985314957e-5,7.811418192236722e-5,0.11111057943916082,-0.11110970381972558
15520,3.90625,-0.11111045329197523,1.4352675616526779e-11,3.788492525599962e-6,8.684068275851885e-5,0.11111045329197523,-0.11110971195635394
15521,1.5625,-0.11111033524080076,8.803264777256342e-11,9.382571490405144e-6,8.664189296042942e-5,0.11111033524080076,-0.11110971934787685
15522,0.625,-0.11111022020115523,3.0062782822849633e-10,1.7338622443218962e-5,8.514451099769699e-5,0.11111022020115523,-0.1111097263397439
15523,0.25,-0.11111010636033582,6.471896958487212e-10,2.5439923267351282e-5,8.394136823365852e-5,0.11111010636033582,-0.11110973317327216
15524,0.1,-0.1111099930753608,1.1264148664380641e-9,3.356210461872235e-5,8.316991485555083e-5,0.1111099930753608,-0.11110973995499565
15525,0.1,-0.11110988044365007,1.7342604717173448e-9,4.164445307261635e-5,8.269721567391275e-5,0.11110988044365007,-0.11110974658350473
15526,0.1,-0.11110976854865447,2.466740424325602e-9,4.966629062377824e-5,8.215025211251665e-5,0.11110976854865447,-0.11110975303494205
15527,0.1,-0.11110965747290696,3.3194370546522864e-9,5.76145559268861e-5,8.152956462683018e-5,0.11110965747290696,-0.1111097592862663
15528,0.1,-0.11110954729799821,4.287519700731981e-9,6.547915470385961e-5,8.083580596094099e-5,0.11110954729799821,-0.11110976531533902
15529,0.25,-0.1111094399474353,5.336880701810563e-9,7.305395746850791e-5,8.007330979161854e-5,0.1111094399474353,-0.11110977014842019
15530,0.625,-0.11110934018937475,6.375553150682276e-9,7.98470610021576e-5,7.817395492827542e-5,0.11110934018937475,-0.11110977158319314
15531,1.5625,-0.1111092611107343,7.148044369921487e-9,8.454610795253373e-5,7.32022167831453e-5,0.1111092611107343,-0.11110976398395139
15532,3.90625,-0.11110923777689566,7.024500007414253e-9,8.381229031242527e-5,6.028413452682968e-5,0.11110923777689566,-0.11110973629365117
15533,9.765625,-0.11110935910288247,4.9171495297647195e-9,7.012238964670785e-5,2.916150994178781e-5,0.11110935910288247,-0.11110968479963271
15534,24.4140625,-0.1111099582634482,7.375948007491632e-11,8.588333952223581e-6,4.066444220349912e-5,0.1111099582634482,-0.11110971423098881
15535,9.765625,-0.11111067935302259,7.725661028753533e-11,8.789573953698515e-6,2.3453532421329014e-5,0.11111067935302259,-0.11110971376984309
15536,3.90625,-0.11111094536775086,8.807383152488368e-11,9.384765928081726e-6,1.618095298261528e-5,0.11111094536775086,-0.11110971360478201
15537,1.5625,-0.11111115977936399,1.0184063921114971e-10,1.0091612319701432e-5,1.31503206297308e-5,0.11111115977936399,-0.11110971359100162
15538,0.625,-0.11111136087299457,1.1814752057827906e-10,1.0869568555295977e-5,1.1840413908515938e-5,0.11111136087299457,-0.11110971364724859
15539,1.5625,-0.11111148061404279,1.2867735059828347e-10,1.1343603951050278e-5,1.1237991513932374e-5,0.11111148061404279,-0.11110971354383481
15540,3.90625,-0.1111113839771308,1.1938059488925258e-10,1.0926142726930332e-5,9.822116714433527e-6,0.1111113839771308,-0.11110971311376183
15541,9.765625,-0.11111086091677112,7.290186022478328e-11,8.538258617820339e-6,7.560469986692814e-6,0.11111086091677112,-0.11110971242229185
15542,24.4140625,-0.1111102274238955,1.2842939331719313e-11,3.583704693710032e-6,1.0072680864358731e-5,0.1111102274238955,-0.11110971252547079
15543,9.765625,-0.11111049522879721,3.0950539963941894e-12,1.759276554835592e-6,1.659171280991693e-5,0.11111049522879721,-0.11110971287456553
15544,3.90625,-0.11111058046571208,2.7783062514992935e-12,1.6668252012431579e-6,1.7371410230686213e-5,0.11111058046571208,-0.11110971317966226
15545,1.5625,-0.11111064382304547,7.784641736497576e-12,2.7900970837047186e-6,1.700933783066957e-5,0.11111064382304547,-0.11110971345444037
15546,0.625,-0.11111070163907875,1.746057263585341e-11,4.178585004023899e-6,1.6599787353366453e-5,0.11111070163907875,-0.11110971371582334
15547,0.25,-0.11111075778605878,3.1663279340766595e-11,5.627013358858018e-6,1.6316871442445468e-5,0.11111075778605878,-0.11110971397240176
15548,0.1,-0.11111081341464407,5.0346321310357754e-11,7.095514168145798e-6,1.614100368775587e-5,0.11111081341464407,-0.11110971422740656
15549,0.1,-0.11111086712115263,7.331749645449575e-11,8.562563661339736e-6,1.6031298063704977e-5,0.11111086712115263,-0.111109714476051
15550,0.1,-0.11111091869857452,1.0040691360919775e-10,1.0020325025127566e-5,1.5910867737887002e-5,0.11111091869857452,-0.11110971471762983
15551,0.1,-0.1111109679488013,1.3143169972731542e-10,1.1464366520977747e-5,1.5779625401629704e-5,0.1111109679488013,-0.11110971495146131
15552,0.1,-0.11111101468325651,1.6619666657635542e-10,1.2891728610871212e-5,1.5637549136467035e-5,0.11111101468325651,-0.11110971517689155
15553,0.25,-0.11111105180057342,2.0329505331116903e-10,1.4258157430438514e-5,1.548574004702092e-5,0.11111105180057342,-0.11110971535738866
15554,0.625,-0.11111106340307032,2.390393785918217e-10,1.5460898375961914e-5,1.5129951422660413e-5,0.11111106340307032,-0.11110971541268033
15555,1.5625,-0.11111101042455117,2.634432327235772e-10,1.6230934437781986e-5,1.4232326988492413e-5,0.11111101042455117,-0.11110971514168909
15556,3.90625,-0.11111081210438785,2.529607056650261e-10,1.590473846578516e-5,1.200886592494407e-5,0.11111081210438785,-0.11110971416830574
15557,9.765625,-0.11111039114207517,1.7095886330199161e-10,1.3075123835053786e-5,7.5754442546898695e-6,0.11111039114207517,-0.1111097124375351
15558,24.4140625,-0.11111012907869881,3.479020874109085e-11,5.898322536203903e-6,1.0664050175383162e-5,0.11111012907869881,-0.11110971226221719
15559,9.765625,-0.11111032789293558,8.120109637607271e-12,2.8495806073187807e-6,2.285578922661415e-5,0.11111032789293558,-0.11110971295242292
15560,3.90625,-0.11111041256369347,2.858025994960635e-12,1.690569724962752e-6,2.493878793816936e-5,0.11111041256369347,-0.11110971360942788
15561,1.5625,-0.11111048145864587,1.0081457996030771e-11,3.1751311777674273e-6,2.4751618595515988e-5,0.11111048145864587,-0.11110971420626456
15562,0.625,-0.1111105460055833,2.8110175683715975e-11,5.301903024737059e-6,2.4280483907801062e-5,0.1111105460055833,-0.11110971477233247
15563,0.25,-0.11111060916490952,5.656688079776935e-11,7.5210957178970506e-6,2.391994712834944e-5,0.11111060916490952,-0.11110971532645195
15564,0.1,-0.11111067187095824,9.53450193169119e-11,9.764477421598757e-6,2.3690175423941173e-5,0.11111067187095824,-0.11110971587660518
15565,0.1,-0.11111073360736771,1.440944846858901e-10,1.2003936216337126e-5,2.354766492119363e-5,0.11111073360736771,-0.11110971641402867
15566,0.1,-0.11111079423447541,2.0247991124365746e-10,1.4229543606302258e-5,2.338566875323034e-5,0.11111079423447541,-0.11110971693692258
15567,0.1,-0.11111085361642976,2.7013295741786497e-10,1.6435721992594817e-5,2.3204287624823298e-5,0.11111085361642976,-0.1111097174435502
15568,0.1,-0.11111091162157129,3.46653762771631e-10,1.8618640196631734e-5,2.300367098058555e-5,0.11111091162157129,-0.11110971793224554
15569,0.25,-0.11111096437268508,4.2922359245335334e-10,2.0717712046781453e-5,2.2785140930687272e-5,0.11111096437268508,-0.11110971832504522
15570,0.625,-0.11111100285247327,5.103001692232131e-10,2.2589824461983168e-5,2.2253785110794074e-5,0.11111100285247327,-0.11110971844714382
15571,1.5625,-0.11111100424297357,5.690642648087945e-10,2.385506790618703e-5,2.0882339321095803e-5,0.11111100424297357,-0.11110971785427584
15572,3.90625,-0.11111091840236433,5.547623063498247e-10,2.3553392671753782e-5,1.7382888290794217e-5,0.11111091840236433,-0.11110971568948064
15573,9.765625,-0.11111067944509571,3.823070042481414e-10,1.9552672560244583e-5,9.609025847882471e-6,0.11111067944509571,-0.11110971173553415
15574,24.4140625,-0.11111041731378929,7.852274943319314e-11,8.8613063051219e-6,1.3630912273070987e-5,0.11111041731378929,-0.11110971116866257
15575,9.765625,-0.11111043956110642,1.7459081755661513e-11,4.178406604874819e-6,3.321985201277033e-5,0.11111043956110642,-0.1111097126571828
15576,3.90625,-0.1111104214226006,3.980722516877235e-12,1.9951748086013003e-6,3.661103682712894e-5,0.1111104214226006,-0.11110971408989596
15577,1.5625,-0.11111040018531174,1.843502262038842e-11,4.2936025224033515e-6,3.6435058565948335e-5,0.11111040018531174,-0.11110971539017483
15578,0.625,-0.11111037840370926,5.703472905513777e-11,7.5521340729053385e-6,3.577415654980849e-5,0.11111037840370926,-0.11110971662136467
15579,0.25,-0.1111103565144938,1.18934307812346e-10,1.0905700702492527e-5,3.525720168262532e-5,0.1111103565144938,-0.11110971782565497
15580,0.1,-0.11111033462203529,2.0390759753453073e-10,1.4279621757404177e-5,3.492817465481597e-5,0.11111033462203529,-0.11110971902128843
15581,0.1,-0.11111031255602327,3.1121863208490034e-10,1.7641389743580304e-5,3.4726715464922366e-5,0.11111031255602327,-0.11110972018970361
15582,0.1,-0.1111102902984682,4.4015178212970914e-10,2.0979794616003968e-5,3.449478202704804e-5,0.1111102902984682,-0.11110972132678416
15583,0.1,-0.11111026783305032,5.899164806746295e-10,2.4288196324030104e-5,3.4232595350885236e-5,0.11111026783305032,-0.11110972242855718
15584,0.1,-0.11111024514522881,7.596505263524887e-10,2.756175840458095e-5,3.39404304707868e-5,0.11111024514522881,-0.11110972349120907
15585,0.25,-0.11111022151008422,9.432472239468684e-10,3.071233016146558e-5,3.3620164003833693e-5,0.11111022151008422,-0.11110972434297954
15586,0.625,-0.11111019539156065,1.1242946031530002e-9,3.3530502578294295e-5,3.282689367055578e-5,0.11111019539156065,-0.11110972459698391
15587,1.5625,-0.1111101633747773,1.2573203965692304e-9,3.5458713972297847e-5,3.0758924054157417e-5,0.1111101633747773,-0.11110972326643007
15588,3.90625,-0.11111012071176024,1.2307378233733596e-9,3.508187314516372e-5,2.5421955327484532e-5,0.11111012071176024,-0.11110971843138188
15589,9.765625,-0.11111007942879636,8.54306851635552e-10,2.9228528044284952e-5,1.299588321934127e-5,0.11111007942879636,-0.11110970953075189
15590,24.4140625,-0.11111016985349216,1.7791173706207285e-10,1.333835586052767e-5,1.869776547565658e-5,0.11111016985349216,-0.11110970805899274
15591,9.765625,-0.11111030052658435,3.9079704255656466e-11,6.251376188940837e-6,4.909404048957084e-5,0.11111030052658435,-0.11110971133828623
15592,3.90625,-0.11111038907261964,6.779371209739514e-12,2.603722567736339e-6,5.4385223806132517e-5,0.11111038907261964,-0.11110971451755226
15593,1.5625,-0.11111046875574108,3.7101235545694994e-11,6.091078356555183e-6,5.4202355329555764e-5,0.11111046875574108,-0.11110971740357324
15594,0.625,-0.11111054572311495,1.2152159052350292e-10,1.102368316505436e-5,5.3245637571971146e-5,0.11111054572311495,-0.11110972013445274
15595,0.25,-0.11111062182141061,2.5813973276577545e-10,1.6066727506426922e-5,5.248677211642145e-5,0.11111062182141061,-0.11110972280452558
15596,0.1,-0.11111069767205549,4.46459148940237e-10,2.112957995181724e-5,5.200281731635972e-5,0.11111069767205549,-0.11110972545505077
15597,0.1,-0.11111077302721578,6.848806831866345e-10,2.6170225126785488e-5,5.1707438744927e-5,0.11111077302721578,-0.11110972804563017
15598,0.1,-0.11111084779097996,9.718372365025556e-10,3.117430410614735e-5,5.136583094009504e-5,0.11111084779097996,-0.1111097305669793
15599,0.1,-0.11111092186801647,1.3055926788515118e-9,3.613298602179886e-5,5.0978330038151484e-5,0.11111092186801647,-0.1111097330101319
15600,0.1,-0.11111099516380547,1.6842491694307331e-9,4.103960488882335e-5,5.054534621242645e-5,0.11111099516380547,-0.1111097353664757
15601,0.25,-0.11111106529038801,2.0943375200214543e-9,4.576393252356548e-5,5.0069575743401994e-5,0.11111106529038801,-0.11110973725417816
15602,0.625,-0.1111111265189235,2.499577764156686e-9,4.9995777463268696e-5,4.888336272114516e-5,0.1111111265189235,-0.1111097378111368
15603,1.5625,-0.1111111637996923,2.799288850206814e-9,5.290830606064433e-5,4.5779380120878963e-5,0.1111111637996923,-0.11110973483457248
15604,3.90625,-0.11111114089867094,2.7458007463449234e-9,5.2400388799558764e-5,3.773130282993851e-5,0.11111114089867094,-0.11110972402007466
15605,9.765625,-0.11111098957950337,1.9141026668383386e-9,4.375045904717274e-5,1.858559116026116e-5,0.11111098957950337,-0.11110970401399793
15606,24.4140625,-0.11111067243516295,4.03492089390443e-10,2.0087112519982632e-5,2.6729316570539183e-5,0.11111067243516295,-0.1111097004173991
15607,9.765625,-0.11111055023063642,8.86302053757094e-11,9.414361655242983e-6,7.309201322531875e-5,0.11111055023063642,-0.11110970771265764
15608,3.90625,-0.11111043929408353,1.3039012390881429e-11,3.610957267938992e-6,8.121012486445542e-5,0.11111043929408353,-0.11110971482355768
15609,1.5625,-0.11111033539949075,7.809472607022969e-11,8.83712204681081e-6,8.10088314475861e-5,0.11111033539949075,-0.11110972128221858
15610,0.625,-0.11111023413762385,2.6456682611143737e-10,1.6265510324346953e-5,7.960328282437501e-5,0.11111023413762385,-0.11110972739195481
15611,0.25,-0.11111013392509349,5.681476924840338e-10,2.3835848893715404e-5,7.847676698078742e-5,0.11111013392509349,-0.11110973336379722
15612,0.1,-0.11111003419916711,9.877084901314423e-10,3.142782986671912e-5,7.775543473781898e-5,0.11111003419916711,-0.11110973929075307
15613,0.1,-0.11110993504824788,1.5197090825318114e-9,3.89834462628923e-5,7.731404576507599e-5,0.11110993504824788,-0.11110974508380607
15614,0.1,-0.1111098365459769,2.1606636370207857e-9,4.648293920376363e-5,7.68031782461867e-5,0.1111098365459769,-0.11110975072209413
15615,0.1,-0.11110973876526697,2.9067082344078382e-9,5.3913896486971135e-5,7.622333770976596e-5,0.11110973876526697,-0.11110975618546899
15616,0.1,-0.11110964177827744,3.753617151000384e-9,6.126677036534882e-5,7.557513522655785e-5,0.11110964177827744,-0.11110976145457055
15617,0.25,-0.11110954728421842,4.671494943011785e-9,6.834833533460625e-5,7.486259405067699e-5,0.11110954728421842,-0.11110976567715926
15618,0.625,-0.11110945949651328,5.579741433585765e-9,7.469766685503481e-5,7.308626014122385e-5,0.11110945949651328,-0.11110976692630395
15619,1.5625,-0.11110938998835161,6.254483241678418e-9,7.908529093123713e-5,6.843551559778822e-5,0.11110938998835161,-0.11110976027248311
15620,3.90625,-0.1111093698152447,6.144063057984368e-9,7.838407400731585e-5,5.635372159484357e-5,0.1111093698152447,-0.11110973605223763
15621,9.765625,-0.11110947795234379,4.2970816386284924e-9,6.555212916929924e-5,2.729157554827084e-5,0.11110947795234379,-0.1111096910639361
15622,24.4140625,-0.11110988145112229,9.148427318692639e-10,3.0246367250783422e-5,3.895647122667269e-5,0.11110988145112229,-0.11110968250046144
15623,9.765625,-0.11111013249817947,2.012345883569605e-10,1.4185717759668014e-5,0.00010923811369073852,0.11111013249817947,-0.11110969882571098
15624,3.90625,-0.11111033188438393,2.5906365730605544e-11,5.089829636697632e-6,0.00012161811042426797,0.11111033188438393,-0.11110971480785851
15625,1.5625,-0.11111051585957538,1.6703987906172573e-10,1.2924390858439934e-5,0.0001213995767963287,0.11111051585957538,-0.11110972933393577
15626,0.625,-0.11111069492624405,5.812220117043801e-10,2.410854644528326e-5,0.00011932523780688455,0.11111069492624405,-0.11110974307410082
15627,0.25,-0.11111087253219613,1.2586945204489335e-9,3.547808507302689e-5,0.00011764899580346618,0.11111087253219613,-0.11110975650159557
15628,0.1,-0.11111104988102022,2.1968954121299224e-9,4.687105089636803e-5,0.00011657215983617542,0.11111104988102022,-0.11110976982625478
15629,0.1,-0.11111122661614907,3.387954149088671e-9,5.820613497809892e-5,0.00011591182755974214,0.11111122661614907,-0.11110978285073231
15630,0.1,-0.11111140254421281,4.824089241091363e-9,6.945566385177931e-5,0.000115147306085811,0.11111140254421281,-0.11110979552810508
15631,0.1,-0.11111157747005818,6.496670653988539e-9,8.060192711088575e-5,0.00011427933142757937,0.11111157747005818,-0.11110980781303954
15632,0.1,-0.11111175119719478,8.396256002703908e-9,9.163108644288743e-5,0.00011330879705311639,0.11111175119719478,-0.11110981966196791
15633,0.25,-0.11111191932177121,1.045620766364839e-8,0.00010225559966891002,0.00011224169371157015,0.11111191932177121,-0.11110982916638634
15634,0.625,-0.11111207104246136,1.2496720300755763e-8,0.00011178873065186743,0.00010958205305416849,0.11111207104246136,-0.111109832006326
15635,1.5625,-0.11111217740732604,1.4018011689559865e-8,0.00011839768447718843,0.00010261672904260265,0.11111217740732604,-0.11110981711966103
15636,3.90625,-0.111112165949276,1.3786923242677614e-8,0.00011741772967775187,8.450324579799628e-5,0.111112165949276,-0.11110976276552105
15637,9.765625,-0.11111188497873489,9.668571660453537e-9,9.832889534848613e-5,4.0679578988864856e-5,0.11111188497873489,-0.11110966144110883
15638,24.4140625,-0.11111141461842734,1.4453490334141485e-10,1.2022266980125456e-5,5.630992834468481e-5,0.11111141461842734,-0.11110971879392967
15639,9.765625,-0.11110983471158184,1.4919245363126916e-10,1.2214436279717094e-5,3.3229419624360985e-5,0.11110983471158184,-0.11110971799897111
15640,3.90625,-0.11110923738383481,1.7314749643687696e-10,1.315855221659575e-5,2.27428873686396e-5,0.11110923738383481,-0.11110971766928804
15641,1.5625,-0.11110875636847646,2.0352110082752663e-10,1.4266082182138397e-5,1.809894688517669e-5,0.11110875636847646,-0.11110971761922468
15642,0.625,-0.11110830560817876,2.3960454851759653e-10,1.547916498127714e-5,1.6010136620647617e-5,0.11110830560817876,-0.11110971770329624
15643,1.5625,-0.1111080338104179,2.628761458610822e-10,1.6213455703861597e-5,1.5032701234575523e-5,0.1111080338104179,-0.11110971745473508
15644,3.90625,-0.11110824037226773,2.4145799250363697e-10,1.5538918640099668e-5,1.2664889716661649e-5,0.11110824037226773,-0.11110971653853283
15645,9.765625,-0.11110939940958812,1.4162799578138078e-10,1.190075610124755e-5,8.702789815551628e-6,0.11110939940958812,-0.11110971515310783
15646,24.4140625,-0.11111084811746566,2.496113617610301e-11,4.996112106038355e-6,1.2808604685857875e-5,0.11111084811746566,-0.11110971533629284
15647,9.765625,-0.11111023204115268,4.635650278200375e-12,2.1530560322946484e-6,2.2626633045209257e-5,0.11111023204115268,-0.11110971601970394
15648,3.90625,-0.1111100200028533,4.340613555371594e-12,2.0834139183973005e-6,2.3709021303586986e-5,0.1111100200028533,-0.11110971659191397
15649,1.5625,-0.11110985850428529,1.4646187941945966e-11,3.8270338307814794e-6,2.3145673151617184e-5,0.11110985850428529,-0.11110971709925489
15650,0.625,-0.11110971003756272,3.4255722834708485e-11,5.852838869703188e-6,2.2533775599320435e-5,0.11110971003756272,-0.11110971757874988
15651,0.25,-0.11110956555305104,6.289909942280933e-11,7.93089524724727e-6,2.2115900200673346e-5,0.11110956555305104,-0.11110971804844569
15652,0.1,-0.11110942233384645,1.0049233920730326e-10,1.0024586734988294e-5,2.1858294718749483e-5,0.11110942233384645,-0.11110971851505337
15653,0.1,-0.1111092834666995,1.4662684854104052e-10,1.2108957368041251e-5,2.1699033527812362e-5,0.1111092834666995,-0.1111097189690541
15654,0.1,-0.1111091494304463,2.0095019175954296e-10,1.4175690168719934e-5,2.1523676572402182e-5,0.1111091494304463,-0.11110971940903408
15655,0.1,-0.11110902068426994,2.6308312817534924e-10,1.6219837489178157e-5,2.1332113656852923e-5,0.11110902068426994,-0.11110971983363131
15656,0.1,-0.11110889766630559,3.326212538167731e-10,1.823790705691783e-5,2.112432653735909e-5,0.11110889766630559,-0.11110972024154227
15657,0.25,-0.11110879646494105,4.065781287119966e-10,2.0163782599304046e-5,2.090191580549953e-5,0.11110879646494105,-0.11110972055972368
15658,0.625,-0.11110875324138862,4.771793580185525e-10,2.1844435401688742e-5,2.0376884731240766e-5,0.11110875324138862,-0.11110972062827235
15659,1.5625,-0.1111088572291822,5.236363402882928e-10,2.2883101631734557e-5,1.904796232693291e-5,0.1111088572291822,-0.11110972004992671
15660,3.90625,-0.11110929489829158,4.983919337152231e-10,2.232469336217685e-5,1.574249711665564e-5,0.11110929489829158,-0.11110971809756966
15661,9.765625,-0.11111025759483642,3.329881129452533e-10,1.8247961884694226e-5,8.976349737171771e-6,0.11111025759483642,-0.1111097147079787
15662,24.4140625,-0.11111093756401139,6.755429290866467e-11,8.219141859626507e-6,1.387480321903269e-5,0.11111093756401139,-0.1111097143521823
15663,9.765625,-0.11111052650724834,1.4422435821864378e-11,3.7976882207290765e-6,3.1411622421974585e-5,0.11111052650724834,-0.11110971568555873
15664,3.90625,-0.11111036104809185,3.89833996979039e-12,1.974421426593216e-6,3.44084046687964e-5,0.11111036104809185,-0.11110971694569054
15665,1.5625,-0.11111022907504337,1.7905591322214598e-11,4.231499890371569e-6,3.4153507706455493e-5,0.11111022907504337,-0.11110971808429115
15666,0.625,-0.1111101062908034,5.312252075362111e-11,7.288519791673828e-6,3.34882049559326e-5,0.1111101062908034,-0.11110971916101312
15667,0.25,-0.1111099864676645,1.0880645289883175e-10,1.043103316545546e-5,3.2977601311607806e-5,0.1111099864676645,-0.11110972021366448
15668,0.1,-0.11110986765138764,1.8474958018330638e-10,1.35922617758527e-5,3.26520507799994e-5,0.11110986765138764,-0.11110972125829513
15669,0.1,-0.11110975091258805,2.802664005510986e-10,1.674115887718346e-5,3.24503127126902e-5,0.11110975091258805,-0.11110972227803663
15670,0.1,-0.11110963653803417,3.946994755603393e-10,1.9867044962961636e-5,3.222077083537831e-5,0.11110963653803417,-0.11110972326935538
15671,0.1,-0.11110952480572599,5.273263405576289e-10,2.296358727545914e-5,3.19635468297814e-5,0.11110952480572599,-0.11110972422884002
15672,0.1,-0.11110941598411328,6.77362407212387e-10,2.6026186951076545e-5,3.1678829429525324e-5,0.11110941598411328,-0.1111097251532187
15673,0.25,-0.11110931809376892,8.392672649093647e-10,2.897010985324986e-5,3.1368450189054447e-5,0.11110931809376892,-0.11110972588996784
15674,0.625,-0.1111092497474476,9.982158026347121e-10,3.159455336976157e-5,3.061196989749686e-5,0.1111092497474476,-0.1111097260968559
15675,1.5625,-0.11110925791089679,1.113320614137324e-9,3.3366459418663586e-5,2.865494875504715e-5,0.11110925791089679,-0.1111097249042766
15676,3.90625,-0.11110944506705335,1.0851427213093652e-9,3.294150453924904e-5,2.363361014720613e-5,0.11110944506705335,-0.11110972063601778
15677,9.765625,-0.11110994117702003,7.478216701740952e-10,2.734632827591476e-5,1.2123499435571739e-5,0.11110994117702003,-0.11110971286609533
15678,24.4140625,-0.1111104481659374,1.5353869943737136e-10,1.2391073377128044e-5,1.8060142656604008e-5,0.1111104481659374,-0.11110971171158805
15679,9.765625,-0.11111035780410365,3.309425385266449e-11,5.752760541919374e-6,4.6111087915344126e-5,0.11111035780410365,-0.1111097146066993
15680,3.90625,-0.11111036138303516,6.155271961548627e-12,2.4809820558699387e-6,5.0940020932472176e-5,0.11111036138303516,-0.1111097173908208
15681,1.5625,-0.11111037451223513,3.4036329290442785e-11,5.834066274087293e-6,5.071172914800092e-5,0.11111037451223513,-0.11110971991306808
15682,0.625,-0.11111038987683197,1.092908777091397e-10,1.045422774331704e-5,4.978887206484194e-5,0.11111038987683197,-0.1111097222985122
15683,0.25,-0.11111040593443552,2.302555814708016e-10,1.5174174820094884e-5,4.906417037436295e-5,0.11111040593443552,-0.11110972463055074
15684,0.1,-0.11111042225283067,3.964866085744742e-10,1.991197148889266e-5,4.86024167375769e-5,0.11111042225283067,-0.11110972694533126
15685,0.1,-0.11111043922191371,6.065492601991289e-10,2.462822080864001e-5,4.8319686239769114e-5,0.11111043922191371,-0.11110972920689183
15686,0.1,-0.11111045690322373,8.590457570404141e-10,2.9309482374146666e-5,4.799390845249866e-5,0.11111045690322373,-0.1111097314071473
15687,0.1,-0.11111047535383346,1.1524313002976904e-9,3.3947478555817524e-5,4.762538395732221e-5,0.11111047535383346,-0.11110973353829326
15688,0.1,-0.1111104946261181,1.485020540774629e-9,3.853596425126312e-5,4.721448673507118e-5,0.1111104946261181,-0.11110973559283768
15689,0.25,-0.11111051683522874,1.844881611507515e-9,4.295208506589075e-5,4.676383265035502e-5,0.11111051683522874,-0.11110973723470118
15690,0.625,-0.11111054664884866,2.199934025937797e-9,4.690345430709552e-5,4.564629710879522e-5,0.11111054664884866,-0.11110973770629116
15691,1.5625,-0.1111105951266626,2.4612681817935173e-9,4.961116992969947e-5,4.272944239748235e-5,0.1111105951266626,-0.11110973507436608
15692,3.90625,-0.1111106823650447,2.4106050165997247e-9,4.909791254829196e-5,3.517925933923634e-5,0.1111106823650447,-0.11110972557320531
15693,9.765625,-0.11111080740986969,1.6752377302936685e-9,4.092966809410588e-5,1.7291596149394116e-5,0.11111080740986969,-0.11110970807906971
15694,24.4140625,-0.11111074115059447,3.495898070273124e-10,1.8697320851590272e-5,2.5374231126345267e-5,0.11111074115059447,-0.11110970510538724
15695,9.765625,-0.11111053415004722,7.596111503736139e-11,8.71556739618032e-6,6.849397028553147e-5,0.11111053415004722,-0.11110971151455272
15696,3.90625,-0.11111040257799908,1.1588749288623219e-11,3.4042252112078628e-6,7.598582312616086e-5,0.11111040257799908,-0.11110971773326117
15697,1.5625,-0.11111028566929991,7.021510507084528e-11,8.379445391602315e-6,7.57524400375686e-5,0.11111028566929991,-0.11110972337538993
15698,0.625,-0.11111017332665403,2.3507120815526663e-10,1.5332032094776826e-5,7.441796813718305e-5,0.11111017332665403,-0.11110972871159631
15699,0.25,-0.1111100626148885,5.024109140934168e-10,2.2414524623409188e-5,7.33555776864617e-5,0.1111100626148885,-0.11110973392751536
15700,0.1,-0.11110995256414374,8.71253914241544e-10,2.9517010591208993e-5,7.267700865877396e-5,0.11110995256414374,-0.1111097391045364
15701,0.1,-0.11110984357372865,1.3384748100802253e-9,3.6585171997412084e-5,7.226240972465968e-5,0.11110984357372865,-0.11110974416400383
15702,0.1,-0.11110973578069942,1.9010057830464347e-9,4.3600525031774956e-5,7.178285583617841e-5,0.11110973578069942,-0.11110974908768613
15703,0.1,-0.11110962931897694,2.5554477102283637e-9,5.055143628254655e-5,7.123880726620733e-5,0.11110962931897694,-0.11110975385797553
15704,0.1,-0.11110952431911277,3.2980844590617123e-9,5.7428951401376924e-5,7.06308264546668e-5,0.11110952431911277,-0.1111097584579564
15705,0.25,-0.11110942440565065,4.102572898518031e-9,6.40513301853914e-5,6.99626728487388e-5,0.11110942440565065,-0.11110976213946362
15706,0.625,-0.11110933817426634,4.897933227298747e-9,6.998523578083271e-5,6.829689410288015e-5,0.11110933817426634,-0.11110976321231808
15707,1.5625,-0.11110928802483375,5.4871302230330476e-9,7.407516603446155e-5,6.393638701002185e-5,0.11110928802483375,-0.11110975735599737
15708,3.90625,-0.11110932734498498,5.3851985299452165e-9,7.338391192860473e-5,5.261466888690007e-5,0.11110932734498498,-0.11110973611818073
15709,9.765625,-0.11110955490899524,3.758511835811632e-9,6.13067030251312e-5,2.5448199997369497e-5,0.11110955490899524,-0.11110969678900309
15710,24.4140625,-0.1111100175640028,7.949844060233588e-10,2.8195467827708742e-5,3.6806683585269126e-5,0.1111100175640028,-0.11110968955386119
15711,9.765625,-0.11111018949552359,1.7415185894407913e-10,1.3196660901306782e-5,0.0001022441053006581,0.11111018949552359,-0.1111097038529702
15712,3.90625,-0.11111034722941707,2.3657632352762735e-11,4.8639112196629094e-6,0.00011371438425739686,0.11111034722941707,-0.11110971781155612
15713,1.5625,-0.11111049552737275,1.4967353912304856e-10,1.223411374489581e-5,0.00011346550839602783,0.11111049552737275,-0.11110973049064861
15714,0.625,-0.11111064060512871,5.143572101491947e-10,2.267944466139316e-5,0.0001115079122494966,0.11111064060512871,-0.11110974248310333
15715,0.25,-0.1111107847452645,1.1092279428436683e-9,3.330507383032904e-5,0.00010993387581313404,0.1111107847452645,-0.11110975420363162
15716,0.1,-0.11111092877445987,1.932069027215909e-9,4.3955307156427756e-5,0.00010892509010292926,0.11111092877445987,-0.1111097658354473
15717,0.1,-0.11111107250773126,2.97596343461987e-9,5.4552391648944865e-5,0.00010830774742039161,0.11111107250773126,-0.1111097772046834
15718,0.1,-0.1111112158083496,4.23408853008685e-9,6.506987421293244e-5,0.00010759284681455313,0.1111112158083496,-0.11110978827030504
15719,0.1,-0.11111135853681385,5.698878153018318e-9,7.549091437397164e-5,0.00010678108559496439,0.11111135853681385,-0.11110979899267207
15720,0.1,-0.11111150055114183,7.362054465111972e-9,8.580241526386056e-5,0.00010587330847429948,0.11111150055114183,-0.11110980933369223
15721,0.25,-0.11111163892324336,9.165065090852195e-9,9.573434645336121e-5,0.00010487511482110339,0.11111163892324336,-0.11110981762094464
15722,0.625,-0.11111176633301305,1.0949980987335136e-8,0.00010464215683621557,0.00010238499120405976,0.11111176633301305,-0.11110982007115419
15723,1.5625,-0.11111186276366626,1.2277995414923423e-8,0.00011080611632452165,9.586222729727207e-5,0.11111186276366626,-0.11110980700190011
15724,3.90625,-0.11111187604099089,1.2067222704378197e-8,0.00010985091125875196,7.890341838839183e-5,0.11111187604099089,-0.1111097594125134
15725,9.765625,-0.11111168522577872,8.448896548238295e-9,9.191787937196058e-5,3.7935334758897484e-5,0.11111168522577872,-0.11110967090146742
15726,24.4140625,-0.11111107073201658,1.253880681376441e-10,1.1197681373286352e-5,5.304301846470434e-5,0.11111107073201658,-0.11110972133786828
15727,9.765625,-0.11110998167473406,1.313578794392519e-10,1.1461146515041674e-5,3.0451788472722883e-5,0.11110998167473406,-0.11110972054757935
15728,3.90625,-0.11110957550424871,1.5045492232217735e-10,1.226600677980317e-5,2.068056986093793e-5,0.11110957550424871,-0.11110972024350702
15729,1.5625,-0.11110924798197486,1.7460435885398234e-10,1.3213794264100767e-5,1.650828332252448e-5,0.11110924798197486,-0.1111097201949419
15730,3.90625,-0.11110917084627248,1.744745641367583e-10,1.3208882016914161e-5,1.4661004099340834e-5,0.11110917084627248,-0.11110971960689404
15731,9.765625,-0.11110968075266639,1.1655534771840095e-10,1.079608020155468e-5,1.066494906161551e-5,0.11110968075266639,-0.11110971842085401
15732,24.4140625,-0.11111060215194718,2.2749386399494237e-11,4.769631683840403e-6,9.939404015810045e-6,0.11111060215194718,-0.11110971825788123
15733,9.765625,-0.1111101782675778,5.712309480907575e-12,2.3900438240558637e-6,1.8887771152648554e-5,0.1111101782675778,-0.11110971872620443
15734,3.90625,-0.1111100354546883,3.181822127152614e-12,1.7837662759320835e-6,2.0198004259507523e-5,0.1111100354546883,-0.11110971915003443
15735,1.5625,-0.11110992493523283,8.479980625845993e-12,2.9120406291544066e-6,1.9895391495136312e-5,0.11110992493523283,-0.11110971953298551
15736,0.625,-0.1111098225388241,2.0524445790482746e-11,4.530391350698386e-6,1.9439554362216273e-5,0.1111098225388241,-0.11110971989531773
15737,0.25,-0.11110972255898457,3.9053779481476664e-11,6.249302319577495e-6,1.9099243059546476e-5,0.11110972255898457,-0.11110972024897518
15738,0.1,-0.11110962331962708,6.397198258828676e-11,7.998248720081588e-6,1.8874840349870994e-5,0.11110962331962708,-0.11110972059891809
15739,0.1,-0.11110952746303797,9.499104575892693e-11,9.746334991109577e-6,1.8726471775545018e-5,0.11110952746303797,-0.11110972093934919
15740,0.1,-0.11110943532386325,1.318558499343204e-10,1.1482850253065238e-5,1.856703489658573e-5,0.11110943532386325,-0.11110972126936187
15741,0.1,-0.11110934722148173,1.7429469501802802e-10,1.3202071618425193e-5,1.8396168094003026e-5,0.11110934722148173,-0.11110972158807292
15742,0.1,-0.11110926345902448,2.2202017447544337e-10,1.490034142143875e-5,1.821362549042269e-5,0.11110926345902448,-0.11110972189462932
15743,0.25,-0.11110919628030785,2.7305028119473915e-10,1.6524233149975197e-5,1.802085769388975e-5,0.11110919628030785,-0.11110972213982447
15744,0.625,-0.1111091728601482,3.222190878638575e-10,1.7950462051542226e-5,1.7588492329351486e-5,0.1111091728601482,-0.11110972221474152
15745,1.5625,-0.11110925971157022,3.5566418603180154e-10,1.885906111214982e-5,1.6516156813803966e-5,0.11110925971157022,-0.11110972184667064
15746,3.90625,-0.1111095938570643,3.413639657692437e-10,1.8476037610084142e-5,1.386859095221161e-5,0.1111095938570643,-0.11110972052700563
15747,9.765625,-0.11111030681503398,2.3163491402152077e-10,1.5219556958779082e-5,8.455699498010809e-6,0.11111030681503398,-0.11110971816683547
15748,24.4140625,-0.11111077030019513,4.8869511131334474e-11,6.990673152947038e-6,1.1491068943555447e-5,0.11111077030019513,-0.11110971781971751
15749,9.765625,-0.11111048524246075,1.146851273680218e-11,3.386519265677102e-6,2.6033699009130627e-5,0.11111048524246075,-0.11110971872392979
15750,3.90625,-0.11111037069963896,3.339857163314362e-12,1.8275276094533735e-6,2.861686609325279e-5,0.11111037069963896,-0.11110971959620632
15751,1.5625,-0.11111027966747455,1.2059003216882628e-11,3.4726075529611214e-6,2.8451998576224936e-5,0.11111027966747455,-0.1111097203889572
15752,0.625,-0.11111019508593631,3.528496519642669e-11,5.9401149144125734e-6,2.7916850295028542e-5,0.11111019508593631,-0.11110972113949685
15753,0.25,-0.11111011258565724,7.247281984919671e-11,8.513096959931603e-6,2.749531538274086e-5,0.11111011258565724,-0.11110972187288554
15754,0.1,-0.11111003079419679,1.234557505132353e-10,1.1111064328552656e-5,2.7220486254388226e-5,0.11111003079419679,-0.11110972259999721
15755,0.1,-0.11110995041583498,1.8775980666466742e-10,1.3702547451648084e-5,2.7045486662904965e-5,0.11110995041583498,-0.11110972330964684
15756,0.1,-0.11110987164971181,2.649268300637118e-10,1.6276573044216396e-5,2.684849922694436e-5,0.11110987164971181,-0.11110972399947978
15757,0.1,-0.11110979468907577,3.5445616356403965e-10,1.8827006229457716e-5,2.6629566252081014e-5,0.11110979468907577,-0.11110972466722184
15758,0.1,-0.11110971972073964,4.5580651131944827e-10,2.134962555454892e-5,2.638879581096519e-5,0.11110971972073964,-0.1111097253106914
15759,0.25,-0.11110965223064279,5.652689387322184e-10,2.377538514371993e-5,2.612783711866312e-5,0.11110965223064279,-0.11110972582713603
15760,0.625,-0.11110960498656991,6.72926277933564e-10,2.594082261482014e-5,2.5506170068823444e-5,0.11110960498656991,-0.11110972598558895
15761,1.5625,-0.11110961026815042,7.514038367578588e-10,2.7411746328132012e-5,2.3913392129435374e-5,0.11110961026815042,-0.11110972519813422
15762,3.90625,-0.11110973874240966,7.339155035797137e-10,2.709087491351495e-5,1.9847829128403733e-5,0.11110973874240966,-0.1111097223262111
15763,9.765625,-0.11111008105735222,5.080323848644955e-10,2.2539573750727754e-5,1.0653631605743273e-5,0.11111008105735222,-0.11110971705451154
15764,24.4140625,-0.11111043608767922,1.0562354268977336e-10,1.0277331496540011e-5,1.5072681269039726e-5,0.11111043608767922,-0.11110971621621768
15765,9.765625,-0.11111037706983601,2.3213509065256252e-11,4.81803996094431e-6,3.809669295539002e-5,0.11111037706983601,-0.11110971818588461
15766,3.90625,-0.11111038426136076,4.420561337787678e-12,2.1025131005032234e-6,4.2107835467276946e-5,0.11111038426136076,-0.11110972008900423
15767,1.5625,-0.11111039752377282,2.289979477940443e-11,4.78537300316333e-6,4.19337609620387e-5,0.11111039752377282,-0.1111097218155645
15768,0.625,-0.11111041215159893,7.354199806135897e-11,8.575663126625192e-6,4.117637571361323e-5,0.11111041215159893,-0.11110972344885149
15769,0.25,-0.11111042719504972,1.5518589344905137e-10,1.2457363021484578e-5,4.057678575328604e-5,0.11111042719504972,-0.11110972504516103
15770,0.1,-0.11111044239570272,2.6750606890725285e-10,1.6355612764652165e-5,4.0191261802865365e-5,0.11111044239570272,-0.11110972662901777
15771,0.1,-0.11111045802225746,4.0951960684166645e-10,2.023659079098222e-5,3.99521449792673e-5,0.11111045802225746,-0.11110972817622396
15772,0.1,-0.11111047411180817,5.802655317645754e-10,2.40887013299716e-5,3.967811499488064e-5,0.11111047411180817,-0.1111097296813423
15773,0.1,-0.11111049069827789,7.786849237142875e-10,2.7904926513328924e-5,3.936940587557072e-5,0.11111049069827789,-0.11110973113912423
15774,0.1,-0.11111050781226928,1.0036252656228845e-9,3.168004522760163e-5,3.9026315713477526e-5,0.11111050781226928,-0.11110973254453463
15775,0.25,-0.11111052680778345,1.2470489987022831e-9,3.531358093853246e-5,3.8651148835404335e-5,0.11111052680778345,-0.11110973367041857
15776,0.625,-0.11111055063194833,1.4873622210646097e-9,3.8566335333612e-5,3.773130856357872e-5,0.11111055063194833,-0.11110973400450591
15777,1.5625,-0.11111058613452628,1.6647092341756743e-9,4.0800848449213334e-5,3.5341830989674695e-5,0.11111058613452628,-0.11110973223867011
15778,3.90625,-0.11111064496245326,1.6319549207516343e-9,4.039746181075779e-5,2.917159522577175e-5,0.11111064496245326,-0.11110972581922943
15779,9.765625,-0.11111072044145469,1.1367893664102564e-9,3.3716307128899163e-5,1.4639713511628094e-5,0.11111072044145469,-0.11110971395412703
15780,24.4140625,-0.11111064298323887,2.387386470528136e-10,1.5451169763251377e-5,2.0978107143163172e-5,0.11111064298323887,-0.11110971187301619
15781,9.765625,-0.11111048824376903,5.2016136533862197e-11,7.212221331452758e-6,5.651682306279388e-5,0.11111048824376903,-0.11110971623531639
15782,3.90625,-0.11111038713365405,7.644023811362504e-12,2.764782778332233e-6,6.272568107960169e-5,0.11111038713365405,-0.11110972047630878
15783,1.5625,-0.11111029697374823,4.689732829247305e-11,6.848162402606487e-6,6.254595423377206e-5,0.11111029697374823,-0.11110972432591168
15784,0.625,-0.11111021024056168,1.5831405897161446e-10,1.2582291483335397e-5,6.144833947769831e-5,0.11111021024056168,-0.111109727966674
15785,0.25,-0.11111012472684388,3.393062792846328e-10,1.8420268165383284e-5,6.0570179844262344e-5,0.11111012472684388,-0.11110973152458695
15786,0.1,-0.11111003970076959,5.891747557774775e-10,2.427292227519129e-5,6.000616312301533e-5,0.11111003970076959,-0.11110973505503247
15787,0.1,-0.11110995546662354,9.057844276535517e-10,3.0096252717797804e-5,5.965878548792303e-5,0.11110995546662354,-0.11110973850493222
15788,0.1,-0.11110987212901867,1.2870341848181458e-9,3.587525867249107e-5,5.925830457947658e-5,0.11110987212901867,-0.11110974186196369
15789,0.1,-0.11110978979041487,1.7306003864596547e-9,4.160048541134652e-5,5.880509803798803e-5,0.11110978979041487,-0.11110974511422954
15790,0.1,-0.11110970855094304,2.233946556780779e-9,4.726464383427404e-5,5.829962918953643e-5,0.11110970855094304,-0.11110974825030384
15791,0.25,-0.11110963116783894,2.7792687929768463e-9,5.2718770784008673e-5,5.774516210293682e-5,0.11110963116783894,-0.11110975076335618
15792,0.625,-0.11110956419173741,3.3186193342986438e-9,5.760745901616078e-5,5.637246186272848e-5,0.11110956419173741,-0.11110975150805531
15793,1.5625,-0.11110952474689056,3.7188848201935762e-9,6.0982659996047865e-5,5.278939051701196e-5,0.11110952474689056,-0.11110974755525488
15794,3.90625,-0.11110955396567193,3.6521529979294186e-9,6.0433045578800834e-5,4.349761831903429e-5,0.11110955396567193,-0.11110973316590278
15795,9.765625,-0.11110972983804053,2.553090558206428e-9,5.052811651156639e-5,2.1250529324943382e-5,0.11110972983804053,-0.11110970645336131
15796,24.4140625,-0.11111009967581811,5.42094667490976e-10,2.328292652333413e-5,3.0299460434739373e-5,0.11111009967581811,-0.11110970143973906
15797,9.765625,-0.1111102435708239,1.1864281959653388e-10,1.0892328474505986e-5,8.433042853795627e-5,0.1111102435708239,-0.11110971117230187
15798,3.90625,-0.11111037348276588,1.5344753249898365e-11,3.917237961867821e-6,9.382710432332713e-5,0.11111037348276588,-0.11110972068287937
15799,1.5625,-0.11111049522322446,1.0016883714663952e-10,1.0008438297089088e-5,9.363328059214596e-5,0.11111049522322446,-0.11110972932266908
15800,0.625,-0.11111061418236,3.4726402114809745e-10,1.863502136162171e-5,9.201924231209579e-5,0.11111061418236,-0.11110973749340744
15801,0.25,-0.11111073229822653,7.507893863167239e-10,2.7400536241408193e-5,9.071672335571763e-5,0.11111073229822653,-0.11110974547713347
15802,0.1,-0.11111085026681078,1.3091788737421578e-9,3.61825769361741e-5,8.987824560938238e-5,0.11111085026681078,-0.1111097533986442
15803,0.1,-0.11111096791540588,2.017704705077117e-9,4.4918868029783624e-5,8.936173648060513e-5,0.11111096791540588,-0.11110976114032066
15804,0.1,-0.1111110851305888,2.8716948669638915e-9,5.358819708633508e-5,8.876518866421699e-5,0.1111110851305888,-0.11110976867436492
15805,0.1,-0.11111120179708948,3.86597605290855e-9,6.217697365511248e-5,8.808918320116876e-5,0.11111120179708948,-0.11110977597393387
15806,0.1,-0.1111113177980072,4.994895353421039e-9,7.067457359914554e-5,8.733442281804681e-5,0.1111113177980072,-0.11110978301324068
15807,0.25,-0.11111143064362518,6.218783736357938e-9,7.885926538053685e-5,8.650574096354304e-5,0.11111143064362518,-0.11110978865752646
15808,0.625,-0.11111153414359681,7.4306937057244625e-9,8.620147159836927e-5,8.445055289070428e-5,0.11111153414359681,-0.11110979033928872
15809,1.5625,-0.11111161142282726,8.333461435299803e-9,9.128779455819822e-5,7.907971066261614e-5,0.11111161142282726,-0.11110978148550416
15810,3.90625,-0.11111161864470509,8.193986991105725e-9,9.052064400514241e-5,6.512736336290739e-5,0.11111161864470509,-0.11110974918402078
15811,9.765625,-0.1111114546946749,5.743267398000703e-9,7.578434797503178e-5,3.143572743593591e-5,0.1111114546946749,-0.11110968901423024
15812,24.4140625,-0.11111096478547589,8.502845278185224e-11,9.221087396931679e-6,4.354806620134485e-5,0.11111096478547589,-0.1111097232648119
15813,9.765625,-0.11111003184278365,8.897231716138285e-11,9.43251383043687e-6,2.5188969024783067e-5,0.11111003184278365,-0.1111097227418548
15814,3.90625,-0.1111096855461797,1.0188199473742489e-10,1.00936611166328e-5,1.7246509358978177e-5,0.1111096855461797,-0.11110972254399391
15815,1.5625,-0.11110940641271484,1.1814724057575432e-10,1.0869555675176163e-5,1.3886159886454097e-5,0.11110940641271484,-0.11110972251958999
15816,0.625,-0.11110914468292814,1.3733306709534133e-10,1.1718919194846483e-5,1.2423684432950429e-5,0.11110914468292814,-0.11110972257611745
15817,1.5625,-0.1111089884526975,1.4956065407926378e-10,1.2229499338863541e-5,1.1751007492621627e-5,0.1111089884526975,-0.11110972244675958
15818,3.90625,-0.1111091132880181,1.381753119256139e-10,1.1754799527240519e-5,1.0161659743324833e-5,0.1111091132880181,-0.11110972193993136
15819,9.765625,-0.11110979451944673,8.368993960484056e-11,9.148220570408246e-6,7.623318631170647e-6,0.11110979451944673,-0.11110972114020394
15820,24.4140625,-0.11111063417418464,1.5001411790770122e-11,3.873165603323736e-6,1.0499838475178971e-5,0.11111063417418464,-0.111109721248999
15821,9.765625,-0.11111029024148872,3.3637980476510053e-12,1.8340659878125993e-6,1.7737190229134392e-5,0.11111029024148872,-0.11110972165446018
15822,3.90625,-0.11111017767389626,2.932965107032497e-12,1.7125901748616032e-6,1.8601434860716352e-5,0.11111017767389626,-0.11110972200583702
15823,1.5625,-0.1111100934817774,8.722065140329506e-12,2.953314263726349e-6,1.821017824855485e-5,0.1111100934817774,-0.11110972232114344
15824,0.625,-0.11111001653824258,1.9965573817909534e-11,4.46828533309026e-6,1.7764539410504966e-5,0.11111001653824258,-0.11110972262049225
15825,0.25,-0.11110994179793947,3.6496500047157385e-11,6.041233321694949e-6,1.7455891616516866e-5,0.11110994179793947,-0.1111097229140704
15826,0.1,-0.11110986775472835,5.826033046238764e-11,7.632845502326615e-6,1.7263559125023526e-5,0.11110986775472835,-0.11110972320572408
15827,0.1,-0.11110979617462137,8.502965604755459e-11,9.221152642026625e-6,1.714324693736365e-5,0.11110979617462137,-0.11110972348993732
15828,0.1,-0.11110972732494,1.1660429312184552e-10,1.0798346777254633e-5,1.7011232591210987e-5,0.11110972732494,-0.11110972376588824
15829,0.1,-0.11110966146167132,1.527689078996803e-10,1.2359972002382541e-5,1.6867417757248197e-5,0.11110966146167132,-0.11110972403278295
15830,0.1,-0.1111095988286741,1.932938331880867e-10,1.3903015255263396e-5,1.6711775205844696e-5,0.1111095988286741,-0.11110972428985999
15831,0.25,-0.11110954850118065,2.365218022707283e-10,1.5379265335858157e-5,1.6545514441726717e-5,0.11110954850118065,-0.1111097244946057
15832,0.625,-0.11110953083363709,2.781168458136382e-10,1.6676835605522954e-5,1.6156664745289683e-5,0.11110953083363709,-0.11110972455360142
15833,1.5625,-0.11110959593297719,3.0637352927772363e-10,1.7503529052100426e-5,1.5176176430082786e-5,0.11110959593297719,-0.11110972423310278
15834,3.90625,-0.11110984784041864,2.938863770328592e-10,1.7143114566287516e-5,1.2744192096467656e-5,0.11110984784041864,-0.11110972309699618
15835,9.765625,-0.11111038896301136,1.986612829870815e-10,1.409472536047019e-5,7.840693033765486e-6,0.11111038896301136,-0.11110972108065813
15836,24.4140625,-0.11111074264052535,4.075320621484794e-11,6.383823792590765e-6,1.1180266859694825e-5,0.11111074264052535,-0.11110972085547127
15837,9.765625,-0.111110492118092,9.320793549173762e-12,3.052997469565568e-6,2.451593212996001e-5,0.111110492118092,-0.11110972165489681
15838,3.90625,-0.11111038561360458,2.9560025418033225e-12,1.7193029232230493e-6,2.681401433706264e-5,0.11111038561360458,-0.11110972241706206
15839,1.5625,-0.11111029902390114,1.1166174763955987e-11,3.341582673518042e-6,2.6627016055523065e-5,0.11111029902390114,-0.11110972310890657
15840,0.625,-0.11111021795170262,3.19796188753201e-11,5.655052508626255e-6,2.6122543319976742e-5,0.11111021795170262,-0.11110972376457179
15841,0.25,-0.11111013866557376,6.495173307584388e-11,8.059263804830059e-6,2.5733967492571483e-5,0.11111013866557376,-0.11110972440608942
15842,0.1,-0.11111005998821533,1.0995615229500851e-10,1.0485997916031097e-5,2.5485514866480522e-5,0.11111005998821533,-0.11110972504285066
15843,0.1,-0.11110998255120502,1.6658722500343516e-10,1.2906867358249063e-5,2.5330995291638175e-5,0.11110998255120502,-0.11110972566478737
15844,0.1,-0.11110990652753124,2.3445500892189326e-10,1.5311923749871967e-5,2.515534834574747e-5,0.11110990652753124,-0.11110972626980145
15845,0.1,-0.11110983208513116,3.131312341227133e-10,1.7695514519863878e-5,2.4958681234759068e-5,0.11110983208513116,-0.11110972685586705
15846,0.1,-0.11110975938643124,4.021509998712942e-10,2.005370289675436e-5,2.474115270899981e-5,0.11110975938643124,-0.11110972742104128
15847,0.25,-0.11110969323576114,4.982495601922483e-10,2.2321504433891733e-5,2.450420104311108e-5,0.11110969323576114,-0.11110972787478199
15848,0.625,-0.11110964480561163,5.926879788363622e-10,2.4345183894075685e-5,2.392868454848833e-5,0.11110964480561163,-0.11110972801387817
15849,1.5625,-0.1111096423656003,6.613362771090721e-10,2.5716459264624126e-5,2.244307474003183e-5,0.1111096423656003,-0.11110972732147899
15850,3.90625,-0.11110974806937136,6.453323323326628e-10,2.540339214224476e-5,1.8645175073935013e-5,0.11110974806937136,-0.11110972479854121
15851,9.765625,-0.11111004394747387,4.457405413223058e-10,2.111256832605417e-5,1.0112408359811294e-5,0.11111004394747387,-0.1111097201798583
15852,24.4140625,-0.11111037113966368,9.211794941562512e-11,9.597809615512547e-6,1.4385494011702148e-5,0.11111037113966368,-0.11110971948154051
15853,9.765625,-0.11111034287819396,2.032237421325227e-11,4.5080344068398894e-6,3.5780533680786175e-5,0.11111034287819396,-0.1111097212141648
15854,3.90625,-0.11111036402136529,4.179076771008175e-12,2.0442790345273746e-6,3.9498661445986416e-5,0.11111036402136529,-0.11110972288547091
15855,1.5625,-0.1111103891965333,2.069337409576403e-11,4.548997042839666e-6,3.9327051183576174e-5,0.1111103891965333,-0.1111097244022281
15856,0.625,-0.11111041516469804,6.542303263827016e-11,8.088450570923343e-6,3.861908277589109e-5,0.11111041516469804,-0.1111097258379147
15857,0.25,-0.11111044135977774,1.3737236178734744e-10,1.1720595624256791e-5,3.8062211621715834e-5,0.11111044135977774,-0.11110972724186623
15858,0.1,-0.1111104676450914,2.362733174056891e-10,1.53711846454881e-5,3.770683316147661e-5,0.1111104676450914,-0.1111097286354996
15859,0.1,-0.1111104942223516,3.6127142696961265e-10,1.900714147286784e-5,3.74887555123336e-5,0.1111104942223516,-0.11110972999736743
15860,0.1,-0.11111052111112957,5.115331914202163e-10,2.261709953597535e-5,3.723770570298789e-5,0.11111052111112957,-0.11110973132266015
15861,0.1,-0.11111054832847807,6.861378380049416e-10,2.6194232914993743e-5,3.695392019274978e-5,0.11111054832847807,-0.11110973260673644
15862,0.1,-0.1111105758888223,8.840811606139783e-10,2.973350232673538e-5,3.66376930438884e-5,0.1111105758888223,-0.1111097338451402
15863,0.25,-0.11111060464884144,1.0982743875290637e-9,3.31402231062053e-5,3.629106759735071e-5,0.11111060464884144,-0.11110973483781347
15864,0.625,-0.11111063640767511,1.3096583029150274e-9,3.618920146832515e-5,3.5433272167698986e-5,0.11111063640767511,-0.11110973513376586
15865,1.5625,-0.11111067513871463,1.465400565671735e-9,3.828055074932615e-5,3.31970828632766e-5,0.11111067513871463,-0.11110973358185694
15866,3.90625,-0.11111072630521322,1.4357178474570071e-9,3.789086759968696e-5,2.741968899526476e-5,0.11111072630521322,-0.11110972793793729
15867,9.765625,-0.11111077576754265,9.986336193759482e-10,3.1601164842074226e-5,1.3876026039959213e-5,0.11111077576754265,-0.11110971752251962
15868,24.4140625,-0.11111067205475988,2.0913041648335626e-10,1.446134213976546e-5,1.9897999236895964e-5,0.11111067205475988,-0.11110971573523747
15869,9.765625,-0.1111105202961178,4.584372289130332e-11,6.770799280092662e-6,5.300910031702316e-5,0.1111105202961178,-0.11110971956470347
15870,3.90625,-0.11111041758510729,7.323663111386652e-12,2.7062267294863992e-6,5.879240752165613e-5,0.11111041758510729,-0.11110972328549511
15871,1.5625,-0.11111032523009078,4.2137437914767585e-11,6.491335603307503e-6,5.861697947188087e-5,0.11111032523009078,-0.1111097266639134
15872,0.625,-0.11111023616048503,1.4027603007533405e-10,1.1843818221981205e-5,5.759022017639306e-5,0.11111023616048503,-0.11110972986030727
15873,0.25,-0.11111014826199467,2.9949889485983124e-10,1.730603637057981e-5,5.6771926714427475e-5,0.11111014826199467,-0.1111097329850318
15874,0.1,-0.11111006082744852,5.192162484584446e-10,2.2786317132403046e-5,5.624884202018533e-5,0.11111006082744852,-0.11110973608651266
15875,0.1,-0.11110997411861462,7.975646920788022e-10,2.824118786593089e-5,5.5928905443814425e-5,0.11110997411861462,-0.11110973911786604
15876,0.1,-0.11110988823554759,1.1327136231261107e-9,3.365581113457393e-5,5.5558985987285205e-5,0.11110988823554759,-0.1111097420682301
15877,0.1,-0.11110980327643406,1.5226353729453673e-9,3.902096068711491e-5,5.51394459235635e-5,0.11110980327643406,-0.11110974492711553
15878,0.1,-0.11110971933743129,1.965113731339437e-9,4.432960332937164e-5,5.467072668472801e-5,0.11110971933743129,-0.11110974768444605
15879,0.25,-0.1111096389908355,2.4444693212189716e-9,4.9441574825433824e-5,5.4155765808017293e-5,0.1111096389908355,-0.11110974989444325
15880,0.625,-0.11110956838010125,2.9184566321147844e-9,5.4022741804862e-5,5.2873147631098684e-5,0.11110956838010125,-0.11110975054999364
15881,1.5625,-0.11110952363233133,3.2697947001924374e-9,5.7182118710244e-5,4.951751425810967e-5,0.11110952363233133,-0.11110974707626092
15882,3.90625,-0.11110954380895377,3.2097288455013264e-9,5.6654468892588924e-5,4.081215226470498e-5,0.11110954380895377,-0.11110973443344717
15883,9.765625,-0.11110970486755861,2.241418506403894e-9,4.734362160211124e-5,2.0024571473292455e-5,0.11110970486755861,-0.11110971099175342
15884,24.4140625,-0.11111006463500228,4.749714552826783e-10,2.17938398471375e-5,2.861151720261612e-5,0.11111006463500228,-0.11110970665285212
15885,9.765625,-0.11111021428008275,1.0440754137400679e-10,1.021800085016667e-5,7.903819694534809e-5,0.11111021428008275,-0.11110971518985396
15886,3.90625,-0.1111103466059224,1.4435618897003146e-11,3.7994234953480964e-6,8.789927490724427e-5,0.1111103466059224,-0.1111097235289274
15887,1.5625,-0.11111047045557727,8.939995545260265e-11,9.455154967138436e-6,8.771060321266902e-5,0.11111047045557727,-0.11110973110596985
15888,0.625,-0.11111059142223909,3.0670394060684044e-10,1.7512964929070133e-5,8.620054813009865e-5,0.11111059142223909,-0.11110973827355962
15889,0.25,-0.11111071149312308,6.612734386542021e-10,2.5715237480027326e-5,8.498531424578343e-5,0.11111071149312308,-0.11110974527876205
15890,0.1,-0.11111083137948398,1.15177376086283e-9,3.3937792516055464e-5,8.420574157623835e-5,0.11111083137948398,-0.11110975223077971
15891,0.1,-0.11111095092205847,1.774074938044732e-9,4.211976896950803e-5,8.37280008721354e-5,0.11111095092205847,-0.1111097590259727
15892,0.1,-0.11111107000813858,2.5241010813377287e-9,5.0240432734379675e-5,8.317506383857642e-5,0.11111107000813858,-0.11110976563988549
15893,0.1,-0.11111118852347339,3.397333784720134e-9,5.828665185718025e-5,8.254747584140303e-5,0.11111118852347339,-0.11110977204889642
15894,0.1,-0.11111130635248279,4.388831143218388e-9,6.624825388807156e-5,8.184589606593296e-5,0.11111130635248279,-0.11110977823030828
15895,0.25,-0.11111142103069964,5.463706864216914e-9,7.391689160277855e-5,8.10747043370313e-5,0.11111142103069964,-0.11110978318713392
15896,0.625,-0.1111115264292619,6.527874692307715e-9,8.079526404627759e-5,7.915334042059813e-5,0.1111115264292619,-0.11110978466397134
15897,1.5625,-0.11111160585707465,7.31991011557841e-9,8.555647325350905e-5,7.4123382899401e-5,0.11111160585707465,-0.11110977688811861
15898,3.90625,-0.1111116160449599,7.1951493820955025e-9,8.482422638666092e-5,6.105190597318361e-5,0.1111116160449599,-0.1111097485278196
15899,9.765625,-0.11111145757857563,5.039342466648109e-9,7.098832627022635e-5,2.95390772786584e-5,0.11111145757857563,-0.11110969574673296
15900,24.4140625,-0.1111109747617244,7.564926331356299e-11,8.697658496030009e-6,4.105259510818889e-5,0.1111109747617244,-0.11110972584779662
15901,9.765625,-0.11111006151081286,7.889958376187864e-11,8.882543766392522e-6,2.387681295894868e-5,0.11111006151081286,-0.1111097253939838
15902,3.90625,-0.11110971856119646,9.040069956313854e-11,9.507928247685642e-6,1.6478845624310975e-5,0.11110971856119646,-0.1111097252262743
15903,1.5625,-0.11110944195541053,1.0497269472697601e-10,1.0245618318431349e-5,1.3351608355965121e-5,0.11110944195541053,-0.11110972521145368
15904,0.625,-0.1111091825836716,1.2222259702750136e-10,1.1055432919044888e-5,1.1990108529506424e-5,0.1111091825836716,-0.11110972526809923
15905,1.5625,-0.111109026103931,1.332985474866404e-10,1.1545499014189053e-5,1.1363115603766434e-5,0.111109026103931,-0.11110972515857732
15906,3.90625,-0.11110914428496035,1.2319290890306597e-10,1.1099230104068749e-5,9.884063915202433e-6,0.11110914428496035,-0.11110972471150612
15907,9.765625,-0.11110980807424314,7.438390025422686e-11,8.624610150854755e-6,7.533153607269668e-6,0.11110980807424314,-0.1111097240043432
15908,24.4140625,-0.11111063479733888,1.3297384353765988e-11,3.6465578774737675e-6,1.0125650955628736e-5,0.11111063479733888,-0.11110972410606305
15909,9.765625,-0.11111029315266308,3.0973563184438496e-12,1.759930770923632e-6,1.6791852103779022e-5,0.11111029315266308,-0.11110972446660809
15910,3.90625,-0.11111017922195289,2.8189845555283017e-12,1.6789831909606187e-6,1.7574552195498838e-5,0.11111017922195289,-0.11110972477891208
15911,1.5625,-0.11111009333411255,8.020590596233863e-12,2.832064723171747e-6,1.7198742972299644e-5,0.11111009333411255,-0.11110972505963033
15912,0.625,-0.11111001463150473,1.8030523571728094e-11,4.2462364008293384e-6,1.6778938706901755e-5,0.11111001463150473,-0.11110972532649568
15913,0.25,-0.11110993811580343,3.2703972471551116e-11,5.718738713348523e-6,1.6489898636755233e-5,0.11110993811580343,-0.11110972558841732
15914,0.1,-0.11110986229231125,5.1994357652222175e-11,7.210711313887291e-6,1.6310572298131958e-5,0.11110986229231125,-0.11110972584873319
15915,0.1,-0.11110978890268637,7.569943190576972e-11,8.700542046664088e-6,1.6198896526666022e-5,0.11110978890268637,-0.11110972610249886
15916,0.1,-0.11110971821198289,1.0364186110128072e-10,1.0180464680027171e-5,1.607626077057397e-5,0.11110971821198289,-0.11110972634898779
15917,0.1,-0.11110965047413385,1.3563080269869823e-10,1.1646063828551612e-5,1.5942582559664704e-5,0.11110965047413385,-0.11110972658749832
15918,0.1,-0.11110958593116288,1.7146264365164966e-10,1.3094374504024606e-5,1.5797846322277434e-5,0.11110958593116288,-0.11110972681735763
15919,0.25,-0.11110953356030583,2.0965901721127594e-10,1.4479606942568432e-5,1.5643176634329815e-5,0.11110953356030583,-0.11110972700089818
15920,0.625,-0.11110951350797661,2.463540577925096e-10,1.5695670033245143e-5,1.528043287424822e-5,0.11110951350797661,-0.11110972705546245
15921,1.5625,-0.11110957540968004,2.711233646083829e-10,1.646582413996891e-5,1.4365667864830551e-5,0.11110957540968004,-0.11110972677453201
15922,3.90625,-0.11110982257426028,2.5963327497983465e-10,1.6113139823753615e-5,1.2104155416611722e-5,0.11110982257426028,-0.1111097257743258
15923,9.765625,-0.11111035838981646,1.7493958704507531e-10,1.3226472963155192e-5,7.619260208821943e-6,0.11111035838981646,-0.1111097240047002
15924,24.4140625,-0.11111072012020362,3.573477667266512e-11,5.977857197413227e-6,1.0763337457886557e-5,0.11111072012020362,-0.11110972382184582
15925,9.765625,-0.11111048095451195,8.259090753174405e-12,2.873863384570395e-6,2.309415085548273e-5,0.11111048095451195,-0.11110972452821462
15926,3.90625,-0.111110381430698,2.814978885465162e-12,1.6777898812023995e-6,2.5215024674349947e-5,0.111110381430698,-0.111109725200568
15927,1.5625,-0.11111030115564792,1.0169739180440193e-11,3.1890028504910735e-6,2.5029175508295756e-5,0.11111030115564792,-0.11110972581115475
15928,0.625,-0.11111022619437788,2.8596858459841638e-11,5.34760305743065e-6,2.4553300738986808e-5,0.11111022619437788,-0.11110972639012265
15929,0.25,-0.11111015294961422,5.770871003784923e-11,7.5966249109620534e-6,2.41885767404727e-5,0.11111015294961422,-0.11110972695679387
15930,0.1,-0.11111008028849174,9.739583121681854e-11,9.868932628041319e-6,2.395598087738981e-5,0.11111008028849174,-0.11110972751937197
15931,0.1,-0.11111000882194633,1.472997356324656e-10,1.2136710247528595e-5,2.381165078759583e-5,0.11111000882194633,-0.11110972806891481
15932,0.1,-0.11110993871645092,2.070767973320485e-10,1.439016321422549e-5,2.3647570418588577e-5,0.11110993871645092,-0.11110972860357862
15933,0.1,-0.11110987013357432,2.763495874641301e-10,1.662376574257861e-5,2.3463842171387788e-5,0.11110987013357432,-0.1111097291215835
15934,0.1,-0.11110980322952828,3.5470837511241044e-10,1.883370317044448e-5,2.3260617607297346e-5,0.11110980322952828,-0.1111097296212216
15935,0.25,-0.1111097426342616,4.39266136737531e-10,2.095867688422938e-5,2.3039235558412014e-5,0.1111097426342616,-0.11110973002269657
15936,0.625,-0.11110969910902357,5.222980338744356e-10,2.285384068104168e-5,2.2500998875036586e-5,0.11110969910902357,-0.1111097301470547
15937,1.5625,-0.11110969985942791,5.824855124826775e-10,2.413473663586735e-5,2.111173927484749e-5,0.11110969985942791,-0.11110972953947629
15938,3.90625,-0.11110980454430709,5.67886680201579e-10,2.3830373060478492e-5,1.756578177947887e-5,0.11110980454430709,-0.11110972732253903
15939,9.765625,-0.11111009077771584,3.915087451013621e-10,1.9786579924316434e-5,9.67177673349735e-6,0.11111009077771584,-0.11110972327193123
15940,24.4140625,-0.11111039811883097,8.0581034607545e-11,8.976693968691648e-6,1.3721485237087127e-5,0.11111039811883097,-0.11110972268207259
15941,9.765625,-0.1111103612819475,1.7870716543706138e-11,4.227377028809489e-6,3.359730304899426e-5,0.1111103612819475,-0.1111097242060517
15942,3.90625,-0.11111037461475809,3.948126987161712e-12,1.9869894280447775e-6,3.704510583662336e-5,0.11111037461475809,-0.11110972567391558
15943,1.5625,-0.11111039241915445,1.8654802129103395e-11,4.31912052727212e-6,3.68726883783854e-5,0.11111039241915445,-0.11110972700614043
15944,0.625,-0.11111041117633234,5.810557494361715e-11,7.62270128915053e-6,3.620587458420247e-5,0.11111041117633234,-0.11110972826748478
15945,0.25,-0.11111043021524157,1.2143240909480963e-10,1.1019637430279166e-5,3.568341003612187e-5,0.11111043021524157,-0.11110972950119181
15946,0.1,-0.11111044936101104,2.0840300596974715e-10,1.4436170058909224e-5,3.5350651660602506e-5,0.11111044936101104,-0.11110973072598303
15947,0.1,-0.11111046881591265,3.1826497639385923e-10,1.7839982522240857e-5,3.514682048490027e-5,0.11111046881591265,-0.11110973192290381
15948,0.1,-0.1111104886047554,4.5028603924661066e-10,2.1219944374258164e-5,3.491212639726302e-5,0.1111104886047554,-0.11110973308773467
15949,0.1,-0.11111050874987766,6.036571480060843e-10,2.456943523986834e-5,3.464679240687766e-5,0.11111050874987766,-0.11110973421640351
15950,0.1,-0.11111052927103031,7.774958723391286e-10,2.788361297140542e-5,3.4351096105201966e-5,0.11111052927103031,-0.1111097353050008
15951,0.25,-0.11111055112803055,9.655563442961254e-10,3.10734025220304e-5,3.4026937621304886e-5,0.11111055112803055,-0.11110973617768298
15952,0.625,-0.1111105763835824,1.15105006253807e-9,3.392712871048875e-5,3.322405702791626e-5,0.1111105763835824,-0.11110973643826488
15953,1.5625,-0.11111060974467833,1.287455190566056e-9,3.5881125826345746e-5,3.113087288467455e-5,0.11111060974467833,-0.11110973507601059
15954,3.90625,-0.1111106586621237,1.2605786466762508e-9,3.550462852469028e-5,2.5727212266196488e-5,0.1111106586621237,-0.111109730123233
15955,9.765625,-0.1111107140649348,8.755686470553506e-10,2.9590009243921346e-5,1.3124378601874591e-5,0.1111107140649348,-0.11110972099851572
15956,24.4140625,-0.11111063503388119,1.8268163234966185e-10,1.3515976929162829e-5,1.884903713460978e-5,0.11111063503388119,-0.11110971947153804
15957,9.765625,-0.11111049776251052,4.0110334225114124e-11,6.333271999931325e-6,4.9684021102856e-5,0.11111049776251052,-0.11110972283154963
15958,3.90625,-0.11111040649439735,6.781976762589177e-12,2.604222871143938e-6,5.505939072006161e-5,0.11111040649439735,-0.11110972609158973
15959,1.5625,-0.11111032473345635,3.766792626078329e-11,6.137420163292007e-6,5.488141941296222e-5,0.11111032473345635,-0.11110972905128423
15960,0.625,-0.11111024596626771,1.2402046342473728e-10,1.1136447522649999e-5,5.391555197647068e-5,0.11111024596626771,-0.11110973185181527
15961,0.25,-0.11111016826118002,2.638866675113005e-10,1.6244588868644858e-5,5.3148236070023325e-5,0.11111016826118002,-0.11110973458987418
15962,0.1,-0.11111009097434099,4.5675533796096847e-10,2.1371835156601982e-5,5.2658549212918724e-5,0.11111009097434099,-0.11110973730779872
15963,0.1,-0.11111001435661055,7.009896496533451e-10,2.6476209125427023e-5,5.235950593743904e-5,0.11111001435661055,-0.11110973996428669
15964,0.1,-0.1111099384998356,9.94984376924388e-10,3.154337294780614e-5,5.2013666260547836e-5,0.1111099384998356,-0.11110974254982009
15965,0.1,-0.11110986349412366,1.336961229712244e-9,3.6564480438155335e-5,5.162136976274423e-5,0.11110986349412366,-0.11110974505520696
15966,0.1,-0.11110978942768757,1.7249763416915693e-9,4.153283450104952e-5,5.118303074275889e-5,0.11110978942768757,-0.11110974747161743
15967,0.25,-0.11110971868180247,2.1452455244934355e-9,4.631679527442972e-5,5.0701378508978204e-5,0.11110971868180247,-0.11110974940790352
15968,0.625,-0.11110965693176472,2.5606362265932127e-9,5.060272943817569e-5,4.950073111565984e-5,0.11110965693176472,-0.11110974998073829
15969,1.5625,-0.11110961904336376,2.8680882109285444e-9,5.3554534924024356e-5,4.635900819166429e-5,0.11110961904336376,-0.11110974693265294
15970,3.90625,-0.11110964083847356,2.8140087805871413e-9,5.3047231601537335e-5,3.8211715571893654e-5,0.11110964083847356,-0.11110973584986794
15971,9.765625,-0.11110979083672524,1.962848018736785e-9,4.430404065925348e-5,1.8810409807335142e-5,0.11110979083672524,-0.1111097153306517
15972,24.4140625,-0.11111011459818056,4.1460586818160517e-10,2.0361872904563695e-5,2.698091426832518e-5,0.11111011459818056,-0.11110971160235356
15973,9.765625,-0.11111024479835345,9.112772617065874e-11,9.546084337080767e-6,7.400365477183525e-5,0.11111024479835345,-0.11110971908186794
15974,3.90625,-0.11111036111799961,1.313070932728327e-11,3.6236320629008775e-6,8.225086804255282e-5,0.11111036111799961,-0.11110972637866764
15975,1.5625,-0.11111047007958172,7.944130907456296e-11,8.912985418733892e-6,8.205791522531229e-5,0.11111047007958172,-0.11110973300740677
15976,0.625,-0.1111105765250404,2.703196882359588e-10,1.644140165058803e-5,8.06391341574938e-5,0.1111105765250404,-0.11110973927818095
15977,0.25,-0.1111106821876435,5.813431585526057e-10,2.4111058843456163e-5,7.950035289043157e-5,0.1111106821876435,-0.11110974540735041
15978,0.1,-0.11111078768901035,1.0113540077889664e-9,3.180179252477706e-5,7.877084195554808e-5,0.11111078768901035,-0.11110975149037677
15979,0.1,-0.1111108928866804,1.5567303276929142e-9,3.945542203161581e-5,7.832438414178539e-5,0.1111108928866804,-0.11110975743615803
15980,0.1,-0.11111099768152083,2.2139025525054606e-9,4.7052125908458806e-5,7.780753231742898e-5,0.11111099768152083,-0.11110976322328268
15981,0.1,-0.11111110197296949,2.9789130055314094e-9,5.457941924875538e-5,7.722079698216688e-5,0.11111110197296949,-0.11110976883106903
15982,0.1,-0.11111120565922701,3.847432579453026e-9,6.202767591529628e-5,7.656479566346263e-5,0.11111120565922701,-0.11110977423964526
15983,0.25,-0.11111130656983338,4.7888411387621266e-9,6.920145329949456e-5,7.584359846890474e-5,0.11111130656983338,-0.11110977857527667
15984,0.625,-0.11111139930565035,5.720568758499702e-9,7.56344416155742e-5,7.404540662891214e-5,0.11111139930565035,-0.11110977986201417
15985,1.5625,-0.11111146915126652,6.413234851816108e-9,8.008267510402052e-5,6.933691681513417e-5,0.11111146915126652,-0.11110977304399162
15986,3.90625,-0.11111147789005543,6.301456738301953e-9,7.938171539027078e-5,5.710314285164e-5,0.11111147789005543,-0.11110974820517815
15987,9.765625,-0.11111133732511393,4.409408480636413e-9,6.640337702735014e-5,2.7655266987585223e-5,0.11111133732511393,-0.11110970203441523
15988,24.4140625,-0.11111090471293436,9.402220874254968e-10,3.066304106616786e-5,3.93590485117589e-5,0.11111090471293436,-0.11110969317426575
15989,9.765625,-0.1111106659259286,2.0696140138390812e-10,1.4386153112764654e-5,0.00011063851020063423,0.1111106659259286,-0.11110970992234011
15990,3.90625,-0.11111047132110229,2.6203314853466145e-11,5.118917351693241e-6,0.0001232087980761961,0.11111047132110229,-0.1111097263296613
15991,1.5625,-0.11111029158800839,1.7025940701124362e-10,1.3048348823174663e-5,0.0001229995676286455,0.11111029158800839,-0.11110974124437634
15992,0.625,-0.11111011711314468,5.945371559293635e-10,2.4383132611076935e-5,0.00012090314197284741,0.11111011711314468,-0.11110975535231914
15993,0.25,-0.1111099447262677,1.2890005191209492e-9,3.590265337159566e-5,0.00011920691441217545,0.1111099447262677,-0.11110976913891753
15994,0.1,-0.11110977333219733,2.2510070234284304e-9,4.744477867403778e-5,0.00011811658772562975,0.11110977333219733,-0.11110978281960408
15995,0.1,-0.11110960317526593,3.472486148079141e-9,5.892780454148229e-5,0.0001174476398118112,0.11110960317526593,-0.11110979619227582
15996,0.1,-0.11110943439593374,4.945454837694314e-9,7.032392791713439e-5,0.0001166732208173147,0.11110943439593374,-0.11110980920879239
15997,0.1,-0.11110926713172393,6.661061065163695e-9,8.161532371536423e-5,0.00011579407563270673,0.11110926713172393,-0.11110982182264417
15998,0.1,-0.11110910151715526,8.609620881320486e-9,9.278804277125628e-5,0.00011481110796460207,0.11110910151715526,-0.11110983398913181
15999,0.25,-0.11110894099786782,1.0722852296442429e-8,0.00010355120615638637,0.00011373038268542146,0.11110894099786782,-0.11110984375096924
16000,0.625,-0.11110879396423397,1.281650309478296e-8,0.00011320999556038751,0.00011103737781110957,0.11110879396423397,-0.11110984667705699
16001,1.5625,-0.11110868303182456,1.43783832235218e-8,0.0001199098962701653,0.0001039849794392103,0.11110868303182456,-0.11110983141878272
16002,3.90625,-0.11110866669840914,1.4144428654136046e-8,0.00011893035211474002,8.564370096990585e-5,0.11110866669840914,-0.1111097756614003
16003,9.765625,-0.11110888232361175,9.924630446418219e-9,9.962243947233083e-5,4.124965836048497e-5,0.11110888232361175,-0.11110967164370454
16004,24.4140625,-0.1111096267587248,1.4637499705689712e-10,1.20985535109325e-5,5.692342294773476e-5,0.1111096267587248,-0.11110973046094196
16005,9.765625,-0.11111087360679335,1.5220461297220443e-10,1.2337123366984884e-5,3.311327790648942e-5,0.11111087360679335,-0.11110972959336204
16006,3.90625,-0.11111133639691356,1.7525967496870295e-10,1.3238567708355121e-5,2.2578063620750557e-5,0.11111133639691356,-0.11110972924902722
16007,1.5625,-0.11111170872612278,2.0466934873682435e-10,1.4306269560469786e-5,1.7997143136505413e-5,0.11111170872612278,-0.11110972919503968
16008,0.625,-0.1111120576863019,2.396309071266073e-10,1.548001638004971e-5,1.5953459680258692e-5,0.1111120576863019,-0.11110972927809705
16009,1.5625,-0.11111226502226935,2.623706852516868e-10,1.6197860514638557e-5,1.4998045967772966e-5,0.11111226502226935,-0.11110972903144611
16010,3.90625,-0.11111209523906697,2.424722676567165e-10,1.5571521045059038e-5,1.2692508819941674e-5,0.11111209523906697,-0.11110972811567224
16011,9.765625,-0.11111118071305988,1.449508691024881e-10,1.2039554356473834e-5,8.786949985261622e-6,0.11111118071305988,-0.11110972669746677
16012,24.4140625,-0.11111007056848307,2.4809607417310485e-11,4.980924353702883e-6,1.2861502635478153e-5,0.11111007056848307,-0.11110972689219266
16013,9.765625,-0.11111055562209325,4.632161080485461e-12,2.152245590188411e-6,2.2741319904635274e-5,0.11111055562209325,-0.11110972757875145
16014,3.90625,-0.11111071546674499,4.06954143675938e-12,2.017310446302051e-6,2.387573278844878e-5,0.11111071546674499,-0.11110972816117483
16015,1.5625,-0.11111083568850226,1.4255071977923817e-11,3.7755889577553086e-6,2.3335455452535162e-5,0.11111083568850226,-0.1111097286783631
16016,0.625,-0.11111094580778504,3.386841735696672e-11,5.819657838478713e-6,2.273085781493929e-5,0.11111094580778504,-0.1111097291671416
16017,0.25,-0.1111110528716958,6.262721519791114e-11,7.913735855960264e-6,2.2314663945979088e-5,0.1111110528716958,-0.11110972964578456
16018,0.1,-0.11111115898331553,1.0044182247958427e-10,1.0022066776847193e-5,2.2056927519293456e-5,0.11111115898331553,-0.11110973012115753
16019,0.1,-0.1111112616447192,1.4691435562032417e-10,1.212082322370573e-5,2.1896991469378218e-5,0.1111112616447192,-0.1111097305837816
16020,0.1,-0.11111136048003768,2.0169680273858982e-10,1.4201999955590404e-5,2.172094607971346e-5,0.11111136048003768,-0.11110973103222484
16021,0.1,-0.11111145512918873,2.644145138474834e-10,1.626082758802526e-5,2.1528660373753915e-5,0.11111145512918873,-0.11110973146510503
16022,0.1,-0.11111154524900092,3.3466768978831413e-10,1.8293924942130766e-5,2.1320094359414904e-5,0.11111154524900092,-0.11110973188109734
16023,0.25,-0.11111161805597365,4.095414893705857e-10,2.0237131451136688e-5,2.1096840211278695e-5,0.11111161805597365,-0.11110973220657244
16024,0.625,-0.11111164488492442,4.814178711905834e-10,2.1941236774406846e-5,2.0570371875948978e-5,0.11111164488492442,-0.11110973227984963
16025,1.5625,-0.11111155517883274,5.297831042025667e-10,2.3017017708699074e-5,1.9235987332533454e-5,0.11111155517883274,-0.11110973169725977
16026,3.90625,-0.11111120247356748,5.069190161080495e-10,2.251486211612342e-5,1.5898824845354812e-5,0.11111120247356748,-0.1111097297104161
16027,9.765625,-0.11111044276052058,3.4100928361198164e-10,1.8466436678795983e-5,8.923070460803244e-6,0.11111044276052058,-0.11110972622697939
16028,24.4140625,-0.11110994603978105,6.891802709003513e-11,8.301688207228402e-6,1.3830185675965583e-5,0.11110994603978105,-0.11110972585423394
16029,9.765625,-0.11111029043268439,1.4734533347417276e-11,3.838558759146104e-6,3.177292150855893e-5,0.11111029043268439,-0.11110972721853789
16030,3.90625,-0.11111043263685853,3.873671287308034e-12,1.9681644462056605e-6,3.481521994018235e-5,0.11111043263685853,-0.11110972850936329
16031,1.5625,-0.11111054718886779,1.8127751578598105e-11,4.257669735735512e-6,3.4562593191222026e-5,0.11111054718886779,-0.11110972967586459
16032,0.625,-0.1111106541702524,5.4103355701717687e-11,7.355498331297322e-6,3.3891767300167087e-5,0.1111106541702524,-0.11110973077894182
16033,0.25,-0.11111075874604198,1.1103994473814937e-10,1.0537549275716312e-5,3.337615296123232e-5,0.11111075874604198,-0.11110973185731426
16034,0.1,-0.11111086254051929,1.8872454663721897e-10,1.3737705290084621e-5,3.30472404891306e-5,0.11111086254051929,-0.11110973292744271
16035,0.1,-0.11111096463739319,2.8645902875528083e-10,1.6925100553771633e-5,3.284338569692156e-5,0.11111096463739319,-0.11110973397210919
16036,0.1,-0.11111106479368549,4.0357301938392637e-10,2.008912689451501e-5,3.2611384115222096e-5,0.11111106479368549,-0.11110973498769242
16037,0.1,-0.11111116277326062,5.393296780043807e-10,2.322347256558288e-5,3.2351355074210224e-5,0.11111116277326062,-0.1111097359706963
16038,0.1,-0.11111125834750714,6.929286257236129e-10,2.6323537484988847e-5,3.206348550541733e-5,0.11111125834750714,-0.11110973691776675
16039,0.25,-0.11111134473049322,8.587224671911112e-10,2.9303966748396218e-5,3.174962131704738e-5,0.11111134473049322,-0.11110973767282141
16040,0.625,-0.11111140616534863,1.021592407256097e-9,3.1962359225440426e-5,3.098442239742177e-5,0.11111140616534863,-0.1111097378854928
16041,1.5625,-0.11111140285225204,1.1398076942759256e-9,3.37610381101637e-5,2.9004152809809266e-5,0.11111140285225204,-0.11110973666497867
16042,3.90625,-0.11111124773684007,1.1116953630455928e-9,3.334209596059601e-5,2.391925961919576e-5,0.11111124773684007,-0.11110973229161389
16043,9.765625,-0.11111082910648894,7.669273733349106e-10,2.7693453618769013e-5,1.2226004487207004e-5,0.11111082910648894,-0.111109724319139
16044,24.4140625,-0.11111039061753923,1.5763381510143198e-10,1.2555230587346136e-5,1.820168576204468e-5,0.11111039061753923,-0.11110972312137916
16045,9.765625,-0.11111045163501256,3.397300246614399e-11,5.828636415675967e-6,4.667999481952706e-5,0.11111045163501256,-0.11110972608925088
16046,3.90625,-0.11111043613716397,6.1757413744803485e-12,2.4851038961138724e-6,5.1585321720837865e-5,0.11111043613716397,-0.11110972894547334
16047,1.5625,-0.11111041372697819,3.461892393342971e-11,5.883784830653625e-6,5.136033930162244e-5,0.11111041372697819,-0.11110973153334115
16048,0.625,-0.11111038988920795,1.1166081324651857e-10,1.0566968025243503e-5,5.04282984770206e-5,0.11111038988920795,-0.11110973398082048
16049,0.25,-0.11111036570539326,2.3559324881878336e-10,1.5349047163221023e-5,4.9695449852829146e-5,0.11111036570539326,-0.11110973637343861
16050,0.1,-0.11111034146663294,4.0596037559615137e-10,2.0148458392545853e-5,4.9228300434262616e-5,0.11111034146663294,-0.11110973874830496
16051,0.1,-0.1111103168418523,6.212938613575534e-10,2.4925767016434087e-5,4.894221150691557e-5,0.1111103168418523,-0.11110974106861797
16052,0.1,-0.11111029178335691,8.801621477459728e-10,2.9667526822200277e-5,4.861251650540646e-5,0.11111029178335691,-0.11110974332608192
16053,0.1,-0.1111102662464246,1.1809829482446507e-9,3.436543246119057e-5,4.8239519147923045e-5,0.1111102662464246,-0.1111097455126885
16054,0.1,-0.11111024018954026,1.522029861013317e-9,3.9013201112102e-5,4.782359715887596e-5,0.11111024018954026,-0.11110974762074888
16055,0.25,-0.11111021195814604,1.8910845120006526e-9,4.348660152277541e-5,4.736739103415037e-5,0.11111021195814604,-0.11110974930573628
16056,0.625,-0.11111017792724909,2.2552901233357693e-9,4.748989496025201e-5,4.623594540221994e-5,0.11111017792724909,-0.11110974979084688
16057,1.5625,-0.11111012963348094,2.523569186769358e-9,5.023513896436794e-5,4.328242024122837e-5,0.11111012963348094,-0.11110974709341177
16058,3.90625,-0.11111005264857128,2.4722437652520968e-9,4.972166293731634e-5,3.563555376888795e-5,0.11111005264857128,-0.11110973734930606
16059,9.765625,-0.1111099557580576,1.7190324087457555e-9,4.1461215717170616e-5,1.7498862050357798e-5,0.1111099557580576,-0.11110971939447417
16060,24.4140625,-0.11111005623313297,3.593759535592303e-10,1.895721376044566e-5,2.56273952581824e-5,0.11111005623313297,-0.11110971631175143
16061,9.765625,-0.1111102601020937,7.814312058700232e-11,8.839859760595884e-6,6.93699921272927e-5,0.1111102601020937,-0.11110972288666382
16062,3.90625,-0.11111039330608505,1.1706412974273455e-11,3.4214635719635325e-6,7.698152389440187e-5,0.11111039330608505,-0.1111097292713335
16063,1.5625,-0.11111051244952923,7.154112983336467e-11,8.458198971020052e-6,7.675459612351451e-5,0.11111051244952923,-0.11110973506506588
16064,0.625,-0.11111062736437581,2.4042736002594663e-10,1.550572023564035e-5,7.540689802461992e-5,0.11111062736437581,-0.11110974054480598
16065,0.25,-0.11111074095749499,5.145182521190359e-10,2.2682994778446602e-5,7.433261106691799e-5,0.11111074095749499,-0.11110974590099054
16066,0.1,-0.11111085420139359,8.928089664733662e-10,2.9879909077394566e-5,7.364622847326734e-5,0.11111085420139359,-0.11110975121719938
16067,0.1,-0.11111096668293026,1.3721000997194485e-9,3.7041869549463195e-5,7.322686424334615e-5,0.11111096668293026,-0.11110975641286495
16068,0.1,-0.11111107825003198,1.9492486951671415e-9,4.415029666001285e-5,7.274165946419611e-5,0.11111107825003198,-0.11110976146926206
16069,0.1,-0.11111118875158525,2.6207714228805344e-9,5.119347051021775e-5,7.219107922415239e-5,0.11111118875158525,-0.1111097663683047
16070,0.1,-0.11111129803778907,3.3828592325022033e-9,5.816235236389776e-5,7.157569217988976e-5,0.11111129803778907,-0.1111097710926168
16071,0.25,-0.1111114022902786,4.208509886677488e-9,6.487302896179188e-5,7.089929780122124e-5,0.1111114022902786,-0.11110977487464153
16072,0.625,-0.11111149237601041,5.024953305494422e-9,7.088690503537604e-5,6.921249209277457e-5,0.11111149237601041,-0.11110977598004712
16073,1.5625,-0.11111154439282457,5.630154213236135e-9,7.503435355379651e-5,6.47962374566213e-5,0.11111154439282457,-0.11110976997468831
16074,3.90625,-0.11111150133838583,5.5267181213344355e-9,7.434190017301437e-5,5.332779242939768e-5,0.11111150133838583,-0.11110974818007881
16075,9.765625,-0.11111125930141424,3.859069929713435e-9,6.212141281163393e-5,2.5790814073287732e-5,0.11111125930141424,-0.1111097077932622
16076,24.4140625,-0.11111078213731877,8.174634941596353e-10,2.859131851033868e-5,3.7206543979836744e-5,0.11111078213731877,-0.11110970030516157
16077,9.765625,-0.11111061517337807,1.7920896606594804e-10,1.3386895310935543e-5,0.00010358583219702511,0.11111061517337807,-0.11110971498304892
16078,3.90625,-0.11111045883018719,2.398956116444501e-11,4.897913960498388e-6,0.00011523456447014761,0.11111045883018719,-0.11110972932083933
16079,1.5625,-0.11111031194284945,1.5274197270422074e-10,1.235888234041496e-5,0.00011499326423264949,0.11111031194284945,-0.11110974234626678
16080,0.625,-0.11111016872371811,5.265778369295638e-10,2.2947283868239477e-5,0.00011301410769375265,0.11111016872371811,-0.11110975466648444
16081,0.25,-0.11111002704054843,1.1367729679180044e-9,3.3716063944624444e-5,0.00011142088707046442,0.11111002704054843,-0.1111097667071304
16082,0.1,-0.1111098861318995,1.981042112778172e-9,4.4508899253724214e-5,0.00011039928228418515,0.1111098861318995,-0.11110977865640778
16083,0.1,-0.11110974609334927,3.0522892756621827e-9,5.524752732622685e-5,0.00010977384385680197,0.11110974609334927,-0.11110979033612324
16084,0.1,-0.11110960701919598,4.343512155859825e-9,6.590532721912414e-5,0.00010904960066115721,0.11110960701919598,-0.11110980170414832
16085,0.1,-0.11110946900226336,5.8469462595579665e-9,7.646532717224171e-5,0.00010822725875592492,0.11110946900226336,-0.111109812719785
16086,0.1,-0.11110933213392553,7.554097524307447e-9,8.691431138947974e-5,0.00010730767293345375,0.11110933213392553,-0.11110982334392369
16087,0.25,-0.11110919860140563,9.404924835796687e-9,9.697899172396405e-5,0.00010629650786498589,0.11110919860140563,-0.1111098318602745
16088,0.625,-0.1111090738461624,1.1237472946445259e-8,0.00010600694763290403,0.00010377434372468551,0.1111090738461624,-0.1111098343857336
16089,1.5625,-0.11110897293054563,1.2601709181092728e-8,0.00011225733464274274,9.716771715452052e-5,0.11110897293054563,-0.11110982098085218
16090,3.90625,-0.11110893712186456,1.2387850068392266e-8,0.00011130071908299724,7.998955083273242e-5,0.11110893712186456,-0.1111097721319204
16091,9.765625,-0.11110907664549458,8.677714159483299e-9,9.315424928302143e-5,3.8474834152133554e-5,0.11110907664549458,-0.11110968121566749
16092,24.4140625,-0.11110991461548066,1.277833356484125e-10,1.1304129141531094e-5,5.364702136287589e-5,0.11110991461548066,-0.11110973295647998
16093,9.765625,-0.11111074738951,1.3431228692669774e-10,1.1589317793843507e-5,3.056771239859944e-5,0.11111074738951,-0.11110973212245154
16094,3.90625,-0.11111104962595025,1.531357088419208e-10,1.237480136575617e-5,2.074213178832809e-5,0.11111104962595025,-0.11110973180975879
16095,1.5625,-0.11111129316625958,1.7712351640264623e-10,1.330877591676433e-5,1.6591087715891836e-5,0.11111129316625958,-0.11110973176025346
16096,3.90625,-0.11111134393875718,1.771333012003042e-10,1.3309143518660553e-5,1.4758951057232147e-5,0.11111134393875718,-0.11110973116538038
16097,9.765625,-0.1111109478663644,1.1939752970557895e-10,1.0926917667191373e-5,1.0788880412545907e-5,0.1111109478663644,-0.11110972995359278
16098,24.4140625,-0.11111026150365914,2.2968427392430253e-11,4.792538721015226e-6,1.0026971264714613e-5,0.11111026150365914,-0.11110972979121932
16099,9.765625,-0.11111058651582287,5.696180368001342e-12,2.3866672093112066e-6,1.895830105514492e-5,0.11111058651582287,-0.11110973026210827
16100,3.90625,-0.11111068993816028,2.888299193760939e-12,1.6994996892500272e-6,2.0345547579976146e-5,0.11111068993816028,-0.11110973069447848
16101,1.5625,-0.11111076879923826,8.05643965581652e-12,2.8383868051793996e-6,2.0069102046059788e-5,0.11111076879923826,-0.11110973108547853
16102,0.625,-0.11111084157414579,2.008466977955499e-11,4.4815923263450676e-6,1.9620320619715156e-5,0.11111084157414579,-0.11110973145527943
16103,0.25,-0.11111091256331201,3.869938685875359e-11,6.220883125308946e-6,1.9281158122655263e-5,0.11111091256331201,-0.11110973181606369
16104,0.1,-0.11111098301945847,6.379957597764081e-11,7.987463676139054e-6,1.9056228986643e-5,0.11111098301945847,-0.11110973217294547
16105,0.1,-0.11111105087468631,9.510545495830649e-11,9.75220256958942e-6,1.890692559576426e-5,0.11111105087468631,-0.11110973252018332
16106,0.1,-0.11111111587466564,1.3236412473426003e-10,1.1504960874955639e-5,1.8746519384424612e-5,0.11111111587466564,-0.1111097328568551
16107,0.1,-0.11111117777701368,1.7530609716375173e-10,1.3240320885981266e-5,1.8574628290500754e-5,0.11111117777701368,-0.11110973318206133
16108,0.1,-0.11111123635206188,2.2364606469330562e-10,1.4954800723958365e-5,1.8390985895476648e-5,0.11111123635206188,-0.11110973349493151
16109,0.25,-0.11111128216817116,2.7545050788982494e-10,1.659670171720348e-5,1.8197039956785858e-5,0.11111128216817116,-0.11110973374578027
16110,0.625,-0.11111129434596476,3.256542170821335e-10,1.8045891972472115e-5,1.7762477134380393e-5,0.11111129434596476,-0.11110973382423975
16111,1.5625,-0.11111122193803506,3.6055540256479883e-10,1.8988296462947875e-5,1.668308431819782e-5,0.11111122193803506,-0.11110973345255201
16112,3.90625,-0.11111096087258876,3.4792610884424655e-10,1.865277751017919e-5,1.4002790681203668e-5,0.11111096087258876,-0.11110973210618312
16113,9.765625,-0.11111041697823151,2.376021311502466e-10,1.541434822333551e-5,8.412542993573585e-6,0.11111041697823151,-0.11110972967625796
16114,24.4140625,-0.11111009873849749,4.99392284937333e-11,7.066769310918059e-6,1.1451385876147588e-5,0.11111009873849749,-0.11110972931539582
16115,9.765625,-0.1111103312018253,1.170533101843603e-11,3.4213054552956875e-6,2.634720640463747e-5,0.1111103312018253,-0.11110973024213433
16116,3.90625,-0.11111042727700861,3.3099646733777413e-12,1.8193308312062822e-6,2.897317889594745e-5,0.11111042727700861,-0.11110973113693652
16117,1.5625,-0.11111050448257861,1.2197018807975745e-11,3.492423056844022e-6,2.881051331927108e-5,0.11111050448257861,-0.11110973195014089
16118,0.625,-0.11111057652160748,3.5969452624552776e-11,5.997453845137349e-6,2.8270278906840933e-5,0.11111057652160748,-0.11110973271996695
16119,0.25,-0.1111106469164666,7.406821185831098e-11,8.606289087540051e-6,2.784409114745228e-5,0.1111106469164666,-0.11110973347215014
16120,0.1,-0.11111071677589456,1.2632213183868143e-10,1.1239311893469343e-5,2.7566105876366705e-5,0.11111071677589456,-0.11110973421787167
16121,0.1,-0.11111078550502208,1.9224753481351628e-10,1.3865335726678827e-5,2.738908610673572e-5,0.11111078550502208,-0.11110973494569817
16122,0.1,-0.111110852939266,2.713762497525104e-10,1.6473501441785545e-5,2.7189770980109595e-5,0.111110852939266,-0.1111097356532112
16123,0.1,-0.11111091891849591,3.631965646201209e-10,1.905771666858653e-5,2.6968200614859645e-5,0.11111091891849591,-0.11110973633807593
16124,0.1,-0.11111098328749747,4.671551098700296e-10,2.1613771301418677e-5,2.67244814748556e-5,0.11111098328749747,-0.11110973699805014
16125,0.25,-0.1111110415060011,5.79463261018831e-10,2.4072043141761586e-5,2.6460278768109475e-5,0.1111110415060011,-0.11110973752778536
16126,0.625,-0.11111108300462506,6.899858247143139e-10,2.6267581249789898e-5,2.5830626212200673e-5,0.11111108300462506,-0.11110973769037502
16127,1.5625,-0.11111108103474197,7.70724656918607e-10,2.776192819165497e-5,2.421671136512051e-5,0.11111108103474197,-0.11110973688244866
16128,3.90625,-0.11111097687858616,7.532555346819762e-10,2.744550117381674e-5,2.0093623040539606e-5,0.11111097687858616,-0.11110973393387914
16129,9.765625,-0.11111069415065271,5.219248565238346e-10,2.2845674788104522e-5,1.0735617654069412e-5,0.11111069415065271,-0.11110972851485557
16130,24.4140625,-0.11111039216632546,1.0861239344603164e-10,1.0421726989613173e-5,1.5191190066792641e-5,0.11111039216632546,-0.11110972764448646
16131,9.765625,-0.11111042806235724,2.3840178612521387e-11,4.8826405368940875e-6,3.859501745444644e-5,0.11111042806235724,-0.11110972966714092
16132,3.90625,-0.11111041179344225,4.414457441288312e-12,2.101061027502131e-6,4.267418389692978e-5,0.11111041179344225,-0.1111097316227334
16133,1.5625,-0.11111039148868172,2.3296866590647076e-11,4.826682772945315e-6,4.25029581608762e-5,0.11111039148868172,-0.11110973339699623
16134,0.625,-0.11111037043100813,7.523457369554444e-11,8.673786583467709e-6,4.173730972915051e-5,0.11111037043100813,-0.1111097350753393
16135,0.25,-0.11111034921301606,1.5903294981729656e-10,1.2610826690478962e-5,4.11303881023555e-5,0.11111034921301606,-0.11110973671561973
16136,0.1,-0.11111032798383715,2.743572882462334e-10,1.6563734127491704e-5,4.073998576415534e-5,0.11111032798383715,-0.11110973834306816
16137,0.1,-0.11111030652712643,4.2019983914410295e-10,2.0498776527980954e-5,4.049780659138335e-5,0.11111030652712643,-0.11110973993288259
16138,0.1,-0.11111028481738135,5.955746288184249e-10,2.4404397735212087e-5,4.022021841215636e-5,0.11111028481738135,-0.11110974147947249
16139,0.1,-0.11111026283116894,7.99395067625948e-10,2.8273575430531385e-5,3.990745806714149e-5,0.11111026283116894,-0.11110974297744304
16140,0.1,-0.11111024054726874,1.0304784047114953e-9,3.210106547626566e-5,3.9559827018157914e-5,0.11111024054726874,-0.1111097444216167
16141,0.25,-0.11111021699492601,1.280578975678294e-9,3.578517815630228e-5,3.9179653907843474e-5,0.11111021699492601,-0.11110974557870741
16142,0.625,-0.11111019009470369,1.5275397404282336e-9,3.908375289590591e-5,3.8247378722234754e-5,0.11111019009470369,-0.11110974592250196
16143,1.5625,-0.11111015515597156,1.7099332211596185e-9,4.135133880734236e-5,3.582522306768593e-5,0.11111015515597156,-0.11110974410899116
16144,3.90625,-0.11111010521825962,1.6767104321299265e-9,4.094765478180559e-5,2.9568786056371502e-5,0.11111010521825962,-0.1111097375130133
16145,9.765625,-0.11111005319997766,1.1686121705314372e-9,3.418496995071719e-5,1.481278819926753e-5,0.11111005319997766,-0.11110972531295024
16146,24.4140625,-0.11111015751734335,2.4583925800713554e-10,1.5679262036433205e-5,2.1194902395993773e-5,0.11111015751734335,-0.11110972315234903
16147,9.765625,-0.11111030903505617,5.35761195849153e-11,7.319570997327323e-6,5.728766345322538e-5,0.11111030903505617,-0.11110972763547458
16148,3.90625,-0.11111041086871357,7.702010382385351e-12,2.775249607221907e-6,6.360176299513351e-5,0.11111041086871357,-0.11110973199721942
16149,1.5625,-0.11111050226054107,4.7836079437062957e-11,6.916363165498393e-6,6.342729331862641e-5,0.11111050226054107,-0.11110973595701658
16150,0.625,-0.11111059048136632,1.6218649572788692e-10,1.2735246198165425e-5,6.231768934897125e-5,0.11111059048136632,-0.1111097397020416
16151,0.25,-0.11111067770143787,3.480909102195545e-10,1.865719459671133e-5,6.142880533639387e-5,0.11111067770143787,-0.11110974336180077
16152,0.1,-0.11111076464885199,6.048312444888479e-10,2.4593317069660366e-5,6.0857720985145796e-5,0.11111076464885199,-0.11110974699327725
16153,0.1,-0.11111085101097921,9.302177858717758e-10,3.049947189496526e-5,6.0505996150649196e-5,0.11111085101097921,-0.11110975054200714
16154,0.1,-0.11111093667362447,1.3220939577041387e-9,3.636060997431339e-5,6.0100390599787964e-5,0.11111093667362447,-0.11110975399531114
16155,0.1,-0.1111110215232367,1.7780741455573963e-9,4.216721647865076e-5,5.9641286152036725e-5,0.1111110215232367,-0.11110975734094637
16156,0.1,-0.11111110544716947,2.2955536536817705e-9,4.791193644262117e-5,5.9129151522041946e-5,0.11111110544716947,-0.11110976056715474
16157,0.25,-0.11111118557215315,2.8562493500687752e-9,5.344388973557946e-5,5.8567288208046374e-5,0.11111118557215315,-0.11110976315301656
16158,0.625,-0.11111125501939696,3.41091312997441e-9,5.8403023294812486e-5,5.7175871096974244e-5,0.11111125501939696,-0.11110976392112795
16159,1.5625,-0.11111129573664946,3.822801161271799e-9,6.182880527126332e-5,5.354332843665573e-5,0.11111129573664946,-0.11110975985980782
16160,3.90625,-0.11111126433040983,3.754976162205406e-9,6.12778602939545e-5,4.412140250090194e-5,0.11111126433040983,-0.11110974506570856
16161,9.765625,-0.11111107950467587,2.6261579721254028e-9,5.124605323461898e-5,2.1544160761433844e-5,0.11111107950467587,-0.11110971758452215
16162,24.4140625,-0.11111070016184152,5.584100109143914e-10,2.3630700601429307e-5,3.064927827363397e-5,0.11111070016184152,-0.11110971238742036
16163,9.765625,-0.11111055857984846,1.222854612180728e-10,1.1058275689187389e-5,8.551206307540925e-5,0.11111055857984846,-0.11110972239571384
16164,3.90625,-0.11111042909721022,1.555367092183314e-11,3.943814260564656e-6,9.516548333305617e-5,0.11111042909721022,-0.11110973218205457
16165,1.5625,-0.11111030787551571,1.0237316425871861e-10,1.0117962455885998e-5,9.497795927485714e-5,0.11111030787551571,-0.11110974107356981
16166,0.625,-0.11111018976177574,3.5613103314213254e-10,1.8871434315974304e-5,9.334469103608822e-5,0.11111018976177574,-0.11110974948246051
16167,0.25,-0.1111100729055391,7.708086369603383e-10,2.7763440654218963e-5,9.202512772459671e-5,0.1111100729055391,-0.11110975769873786
16168,0.1,-0.11110995665056528,1.3447894920366914e-9,3.667137155925166e-5,9.117526447946938e-5,0.11110995665056528,-0.11110976585083558
16169,0.1,-0.11110984111262956,2.073215164705e-9,4.553257256849211e-5,9.065155694774115e-5,0.11110984111262956,-0.11110977381799185
16170,0.1,-0.1111097263769147,2.9512823154577583e-9,5.4325705844082306e-5,9.004670462932587e-5,0.1111097263769147,-0.1111097815716138
16171,0.1,-0.11110961252755162,3.973672687679064e-9,6.3037073914317e-5,8.9361296260712e-5,0.11110961252755162,-0.11110978908408933
16172,0.1,-0.11110949964759913,5.134575372559529e-9,7.16559514106088e-5,8.859604351963819e-5,0.11110949964759913,-0.11110979632889328
16173,0.25,-0.11110938974556667,6.393238147414968e-9,7.995772725268626e-5,8.775584047049481e-5,0.11110938974556667,-0.11110980213936131
16174,0.625,-0.11110928778605667,7.639785256530286e-9,8.740586511516425e-5,8.567225595799543e-5,0.11110928778605667,-0.11110980387539596
16175,1.5625,-0.11110920740791796,8.568888799808994e-9,9.256829262662779e-5,8.022715706334093e-5,0.11110920740791796,-0.11110979477706784
16176,3.90625,-0.11110918534418399,8.427155010080385e-9,9.179953709077396e-5,6.608055907778554e-5,0.11110918534418399,-0.111109761559201
16177,9.765625,-0.11110931600202183,5.909604776164724e-9,7.687395382159502e-5,3.1903257737394425e-5,0.11110931600202183,-0.1111096996406422
16178,24.4140625,-0.1111099568962552,8.683129940170504e-11,9.318331363592145e-6,4.4079029227665416e-5,0.1111099568962552,-0.11110973483966387
16179,9.765625,-0.11111072287335572,9.113549365470553e-11,9.546491169780944e-6,2.5331419332269658e-5,0.11111072287335572,-0.11110973428890791
16180,3.90625,-0.1111110012182536,1.0395934600039802e-10,1.019604560603757e-5,1.7318041082679575e-5,0.1111110012182536,-0.11110973408438637
16181,1.5625,-0.11111122545142231,1.2021523046980796e-10,1.0964270630999946e-5,1.3957399251299663e-5,0.11111122545142231,-0.11110973405869143
16182,0.625,-0.11111143576292679,1.3942286541024468e-10,1.1807745991942944e-5,1.2498969104455167e-5,0.11111143576292679,-0.11110973411582488
16183,1.5625,-0.11111155925047418,1.5176998120642136e-10,1.2319495980210448e-5,1.1827462459672069e-5,0.11111155925047418,-0.11110973398482732
16184,3.90625,-0.11111145239682728,1.4074426048949483e-10,1.1863568623710778e-5,1.0241015557685083e-5,0.11111145239682728,-0.1111097334692054
16185,9.765625,-0.11111089358936785,8.604374899847909e-11,9.27597698350309e-6,7.672327019496235e-6,0.11111089358936785,-0.11110973264518989
16186,24.4140625,-0.11111022537381463,1.5108142416908784e-11,3.886919399332688e-6,1.0558329911520445e-5,0.11111022537381463,-0.11110973276018042
16187,9.765625,-0.11111050395553367,3.3535059896571473e-12,1.8312580347010487e-6,1.7886294201588216e-5,0.11111050395553367,-0.11110973317211247
16188,3.90625,-0.11111059048773948,2.8289126903668944e-12,1.6819371838350248e-6,1.877884022649865e-5,0.11111059048773948,-0.11110973353115461
16189,1.5625,-0.11111065405932917,8.6601264903251e-12,2.9428092854150607e-6,1.839377253606595e-5,0.11111065405932917,-0.111109733853372
16190,0.625,-0.11111071183894707,2.006274251106698e-11,4.47914528800607e-6,1.7947389425242476e-5,0.11111071183894707,-0.1111097341591735
16191,0.25,-0.11111076787795876,3.686346409861085e-11,6.071528975357925e-6,1.7636846356953134e-5,0.11111076787795876,-0.11110973445899502
16192,0.1,-0.11111082337764862,5.900525099447357e-11,7.681487550889709e-6,1.744286501784133e-5,0.11111082337764862,-0.11110973475679967
16193,0.1,-0.11111087686372378,8.626102864041907e-11,9.287681553564328e-6,1.732129519394098e-5,0.11111087686372378,-0.11110973504701457
16194,0.1,-0.11111092811987959,1.1842927966292757e-10,1.0882521751089109e-5,1.718790620417925e-5,0.11111092811987959,-0.1111097353288004
16195,0.1,-0.11111097693921128,1.5529316094956752e-10,1.2461667663261107e-5,1.7042590147524108e-5,0.11111097693921128,-0.11110973560134571
16196,0.1,-0.11111102312487166,1.9662128322786736e-10,1.4022171131029151e-5,1.6885310227622256e-5,0.11111102312487166,-0.11110973586387039
16197,0.25,-0.11111105923993732,2.407560239274306e-10,1.5516314766317115e-5,1.671728016518338e-5,0.11111105923993732,-0.11110973607308106
16198,0.625,-0.11111106864573948,2.833502981978084e-10,1.6833012154626646e-5,1.632442359899334e-5,0.11111106864573948,-0.11110973613367903
16199,1.5625,-0.11111101049394435,3.1262113026257315e-10,1.768109527892922e-5,1.5332872356243562e-5,0.11111101049394435,-0.11110973580658591
16200,3.90625,-0.11111080058508283,3.0072351035765066e-10,1.7341381443173744e-5,1.2864987883442185e-5,0.11111080058508283,-0.11110973464276457
16201,9.765625,-0.11111036007763209,2.039982399668312e-10,1.4282795243467968e-5,7.82574305533725e-6,0.11111036007763209,-0.11110973256743731
16202,24.4140625,-0.11111009798204446,4.174867078232845e-11,6.461321132889809e-6,1.1203965452661977e-5,0.11111009798204446,-0.11110973233304511
16203,9.765625,-0.1111103162733196,9.510399695376557e-12,3.083893593394e-6,2.4820687733270953e-5,0.1111103162733196,-0.11110973315343399
16204,3.90625,-0.11111041157175097,2.9313580077750573e-12,1.712120909216127e-6,2.7157723854578702e-5,0.11111041157175097,-0.11110973393585649
16205,1.5625,-0.11111048979975671,1.1323950607832221e-11,3.36510781518694e-6,2.697129022900195e-5,0.11111048979975671,-0.1111097346459745
16206,0.625,-0.11111056330340965,3.266482867960164e-11,5.715315273858621e-6,2.6461137525970548e-5,0.11111056330340965,-0.11110973531885399
16207,0.25,-0.11111063529744637,6.6497250592245e-11,8.15458463640209e-6,2.6067737405191416e-5,0.11111063529744637,-0.11110973597715944
16208,0.1,-0.11111070679884362,1.1269147162540526e-10,1.0615623939524481e-5,2.5816119949236383e-5,0.11111070679884362,-0.1111097366305604
16209,0.1,-0.11111077724784839,1.7083232741479085e-10,1.3070284136727512e-5,2.5659631975591904e-5,0.11111077724784839,-0.11110973726874725
16210,0.1,-0.11111084649228165,2.405204019256421e-10,1.5508720189804255e-5,2.548170308360712e-5,0.11111084649228165,-0.11110973788956292
16211,0.1,-0.11111091438403609,3.213169275937636e-10,1.7925315271809407e-5,2.528243975111156e-5,0.11111091438403609,-0.1111097384909253
16212,0.1,-0.11111098077950222,4.12745515151283e-10,2.031613927770931e-5,2.5062000529751588e-5,0.11111098077950222,-0.11110973907083606
16213,0.25,-0.11111104146113483,5.11461760928292e-10,2.2615520355019293e-5,2.4821837971646528e-5,0.11111104146113483,-0.11110973953634067
16214,0.625,-0.1111110866137084,6.085106628404431e-10,2.4668008894931976e-5,2.4238309193873274e-5,0.1111110866137084,-0.11110973967874438
16215,1.5625,-0.11111109137267557,6.79154452790724e-10,2.606059195012124e-5,2.2731494591303537e-5,0.11111109137267557,-0.1111097389670612
16216,3.90625,-0.11111100091728023,6.629891410171297e-10,2.574857551432952e-5,1.8876637378802708e-5,0.11111100091728023,-0.11110973637399413
16217,9.765625,-0.11111074191486041,4.582443399584054e-10,2.140664242608834e-5,1.0188259603258586e-5,0.11111074191486041,-0.1111097316232848
16218,24.4140625,-0.11111044745749726,9.478003040730258e-11,9.73550360316828e-6,1.4509687008326658e-5,0.11111044745749726,-0.11110973089838344
16219,9.765625,-0.11111046149122646,2.0872063293746124e-11,4.568595330486836e-6,3.6259179949276034e-5,0.11111046149122646,-0.11110973267884416
16220,3.90625,-0.11111043446879505,4.181842680102034e-12,2.044955422521976e-6,4.004077294165743e-5,0.11111043446879505,-0.11110973439715437
16221,1.5625,-0.11111040469500373,2.1079941456203984e-11,4.591289737775648e-6,3.9871061572218534e-5,0.11111040469500373,-0.11110973595658172
16222,0.625,-0.11111037453073964,6.699612432213816e-11,8.185116023743229e-6,3.9154816686998314e-5,0.11111037453073964,-0.11110973743257174
16223,0.25,-0.11111034432071673,1.4090553011734071e-10,1.1870363520859027e-5,3.859078857152815e-5,0.11111034432071673,-0.11110973887587103
16224,0.1,-0.11111031413406969,2.425323353506968e-10,1.557344969333053e-5,3.823071036009747e-5,0.11111031413406969,-0.11110974030852971
16225,0.1,-0.1111102837956467,3.709996089859759e-10,1.9261350134037226e-5,3.800972208246857e-5,0.1111102837956467,-0.11110974170854505
16226,0.1,-0.11111025329177145,5.254514365224348e-10,2.292272751053929e-5,3.7755280092279895e-5,0.11111025329177145,-0.11110974307097017
16227,0.1,-0.1111102226104741,7.049421806404998e-10,2.655074727084908e-5,3.7467623501166637e-5,0.1111102226104741,-0.11110974439102952
16228,0.1,-0.11111019174161135,9.084404204485962e-10,3.0140345393651284e-5,3.7147049576238665e-5,0.11111019174161135,-0.1111097456641389
16229,0.25,-0.11111016003750633,1.1286667409795174e-9,3.35956357430473e-5,3.679562372400065e-5,0.11111016003750633,-0.11110974668468586
16230,0.625,-0.11111012616864274,1.3460462965960217e-9,3.6688503602573134e-5,3.592579863450822e-5,0.11111012616864274,-0.11110974698906452
16231,1.5625,-0.11111008732774667,1.5063098356994605e-9,3.8811207604240566e-5,3.3657903428616496e-5,0.11111008732774667,-0.11110974539373301
16232,3.90625,-0.11111004061059525,1.476110568998758e-9,3.8420184395689176e-5,2.7796900929103804e-5,0.11111004061059525,-0.11110973959032047
16233,9.765625,-0.11111000388297561,1.0272148009549598e-9,3.2050191901998964e-5,1.4037073349926367e-5,0.11111000388297561,-0.11110972887432938
16234,24.4140625,-0.11111012468170371,2.1544205093855882e-10,1.4677944370331931e-5,2.011183133797053e-5,0.11111012468170371,-0.11110972701904935
16235,9.765625,-0.11111027648116084,4.722671260363095e-11,6.872169424834559e-6,5.374690120721628e-5,0.11111027648116084,-0.11110973095689539
16236,3.90625,-0.11111038094201764,7.392192820635629e-12,2.7188587349539932e-6,5.9628938022575723e-5,0.11111038094201764,-0.11110973478558762
16237,1.5625,-0.11111047524754306,4.302350058629239e-11,6.559230182444613e-6,5.9457725543297246e-5,0.11111047524754306,-0.11110973826240263
16238,0.625,-0.1111105664242191,1.4381791613043034e-10,1.1992410772252189e-5,5.841916379603168e-5,0.1111105664242191,-0.11110974155190106
16239,0.25,-0.11111065659892969,3.074690974103718e-10,1.75347967598821e-5,5.7590481328592295e-5,0.11111065659892969,-0.11110974476759242
16240,0.1,-0.11111074648964149,5.333708704423945e-10,2.3094823455536407e-5,5.706059253743796e-5,0.11111074648964149,-0.11110974795933228
16241,0.1,-0.1111108358204967,8.196105609027223e-10,2.862884141740148e-5,5.673649110996248e-5,0.1111108358204967,-0.11110975107898007
16242,0.1,-0.11111092448111304,1.1643078257700227e-9,3.412195518680052e-5,5.636166056120471e-5,0.11111092448111304,-0.11110975411535347
16243,0.1,-0.11111101236172612,1.5653793998013694e-9,3.956487583452486e-5,5.593646748642929e-5,0.11111101236172612,-0.11110975705765318
16244,0.1,-0.11111109935342832,2.020547856800702e-9,4.495050452220422e-5,5.546135875554024e-5,0.11111109935342832,-0.11110975989550434
16245,0.25,-0.11111118272827267,2.5137009023309594e-9,5.013682182120202e-5,5.493930688613911e-5,0.11111118272827267,-0.11110976217046173
16246,0.625,-0.11111125592993261,3.0014190331126027e-9,5.4785208159799874e-5,5.3638710047066415e-5,0.11111125592993261,-0.11110976284660304
16247,1.5625,-0.11111130170223305,3.3631460959104198e-9,5.79926382906522e-5,5.0235534865063626e-5,0.11111130170223305,-0.1111097592750197
16248,3.90625,-0.11111127831511738,3.3019988407559738e-9,5.746302150736571e-5,4.1405134421787626e-5,0.11111127831511738,-0.11110974626880758
16249,9.765625,-0.11111110605932782,2.306836922461697e-9,4.8029542184594025e-5,2.030089336875766e-5,0.11111110605932782,-0.11110972213926976
16250,24.4140625,-0.1111107347407032,4.895026510977076e-10,2.212470680252526e-5,2.8951318179219884e-5,0.1111107347407032,-0.11110971764023828
16251,9.765625,-0.11111058823472224,1.0765139101033998e-10,1.0375518830899011e-5,8.0167690618855e-5,0.11111058823472224,-0.11110972642406154
16252,3.90625,-0.11111045657770431,1.464988678777985e-11,3.8275170525785834e-6,8.917694582956833e-5,0.11111045657770431,-0.11110973500949299
16253,1.5625,-0.11111033338029196,9.143998342479175e-11,9.562425603621277e-6,8.899369398719047e-5,0.11111033338029196,-0.1111097428113595
16254,0.625,-0.11111021332777749,3.147472628048316e-10,1.7741117856686248e-5,8.746507372690786e-5,0.11111021332777749,-0.11110975019168125
16255,0.25,-0.11111009452666912,6.793410392865432e-10,2.6064171563403722e-5,8.623353764812547e-5,0.11111009452666912,-0.11110975740466283
16256,0.1,-0.11110997630564645,1.1838434351239683e-9,3.440702595581269e-5,8.544314570002877e-5,0.11110997630564645,-0.111109764562754
16257,0.1,-0.11110985877021366,1.8240081803898752e-9,4.2708408778481495e-5,8.495861822272418e-5,0.11110985877021366,-0.11110977155947657
16258,0.1,-0.11110974200763118,2.5956427256897243e-9,5.094745062993559e-5,8.439782772628355e-5,0.11110974200763118,-0.1111097783696604
16259,0.1,-0.11110962610418677,3.4940996253808394e-9,5.9110909529297887e-5,8.376132674151373e-5,0.11110962610418677,-0.11110978496899268
16260,0.1,-0.11110951114516743,4.5142960700629845e-9,6.718851144401834e-5,8.304978285693189e-5,0.11110951114516743,-0.11110979133411142
16261,0.25,-0.11110939914988029,5.620369972350495e-9,7.49691267946379e-5,8.226763101198532e-5,0.11110939914988029,-0.1111097964393812
16262,0.625,-0.11110929511981463,6.715595689558892e-9,8.194873818161505e-5,8.031908050818097e-5,0.11110929511981463,-0.11110979796424081
16263,1.5625,-0.11110921277803587,7.53119094602723e-9,8.678243454770805e-5,7.521785878203792e-5,0.11110921277803587,-0.1111097899683406
16264,3.90625,-0.11110918888964673,7.404221473818172e-9,8.604778599021692e-5,6.195987893262837e-5,0.11110918888964673,-0.11110976078599638
16265,9.765625,-0.1111093166876948,5.188169440664742e-9,7.202894862945551e-5,2.9981452749629762e-5,0.1111093166876948,-0.1111097064407297
16266,24.4140625,-0.11110993692957193,7.72492046208401e-11,8.789152667967493e-6,4.1567526839136204e-5,0.11110993692957193,-0.11110973739518284
16267,9.765625,-0.11111069734393052,8.083598092164604e-11,8.990883211434015e-6,2.4004315408856255e-5,0.11111069734393052,-0.11110973691542464
16268,3.90625,-0.11111097804579854,9.225833416346676e-11,9.60512020557092e-6,1.6542122839332895e-5,0.11111097804579854,-0.11110973674169196
16269,1.5625,-0.11111120435688518,1.0681342475852307e-10,1.033505804330692e-5,1.3415707267719546e-5,0.11111120435688518,-0.11110973672569617
16270,0.625,-0.111111416622515,1.24070046924687e-10,1.1138673481375014e-5,1.2058407496276514e-5,0.111111416622515,-0.11110973678287385
16271,1.5625,-0.11111154311137449,1.352489156206522e-10,1.162965672841001e-5,1.1432653532211451e-5,0.11111154311137449,-0.11110973667192721
16272,3.90625,-0.11111144142362994,1.2548699599274461e-10,1.1202097838920378e-5,9.956866713876944e-6,0.11111144142362994,-0.11110973621704964
16273,9.765625,-0.11111088983688235,7.651776448576674e-11,8.747443311377715e-6,7.578546140705758e-6,0.11111088983688235,-0.11110973548788759
16274,24.4140625,-0.11111022021342393,1.3386146969559675e-11,3.6587083744895104e-6,1.0179710999522521e-5,0.11111022021342393,-0.11110973559526915
16275,9.765625,-0.111110501869548,3.080217465255675e-12,1.7550548325495916e-6,1.6933537186146506e-5,0.111110501869548,-0.11110973596171148
16276,3.90625,-0.11111059191641487,2.720928589832415e-12,1.6495237463681493e-6,1.7743529672668443e-5,0.11111059191641487,-0.11110973628092614
16277,1.5625,-0.11111065889493246,7.964951724253787e-12,2.8222246055645158e-6,1.73733521468263e-5,0.11111065889493246,-0.11110973656784603
16278,0.625,-0.1111107200255996,1.812375537540195e-11,4.257200415226179e-6,1.695262356363434e-5,0.1111107200255996,-0.11110973684049294
16279,0.25,-0.11111077939363792,3.304693963484985e-11,5.748646765530985e-6,1.666165636439066e-5,0.11111077939363792,-0.11110973710800683
16280,0.1,-0.11111083821372286,5.268571211645087e-11,7.258492413473398e-6,1.648070138921042e-5,0.11111083821372286,-0.1111097373738326
16281,0.1,-0.11111089501246285,7.683807747444358e-11,8.765733139586419e-6,1.636780500840445e-5,0.11111089501246285,-0.11110973763297326
16282,0.1,-0.1111109495717054,1.0532545303270639e-10,1.0262818961314011e-5,1.624382976829807e-5,0.1111109495717054,-0.11110973788468598
16283,0.1,-0.11111100168264888,1.3795557906659367e-10,1.1745449291814838e-5,1.610868408595646e-5,0.11111100168264888,-0.11110973812825234
16284,0.1,-0.11111105114650054,1.745232239187243e-10,1.321072382266484e-5,1.5962343290262798e-5,0.11111105114650054,-0.11110973836298368
16285,0.25,-0.1111110904921327,2.135489200915718e-10,1.4613313111391673e-5,1.5805935896062087e-5,0.1111110904921327,-0.11110973855049533
16286,0.625,-0.11111110298907832,2.511546959110251e-10,1.5847860925406468e-5,1.543921187619448e-5,0.11111110298907832,-0.1111097386064088
16287,1.5625,-0.11111104751310667,2.7684069236067604e-10,1.66385303545919e-5,1.451344295288802e-5,0.11111104751310667,-0.11110973831933935
16288,3.90625,-0.11111083899266457,2.6586499880404717e-10,1.6305367177835866e-5,1.2216483829010244e-5,0.11111083899266457,-0.11110973729379821
16289,9.765625,-0.1111103956742887,1.7977079524535543e-10,1.3407863187150869e-5,7.601414379875737e-6,0.1111103956742887,-0.11110973547078279
16290,24.4140625,-0.11111011792650463,3.661230242767153e-11,6.050810063757706e-6,1.0787318847119221e-5,0.11111011792650463,-0.11110973528055038
16291,9.765625,-0.11111032723960453,8.420518231584393e-12,2.901812921534466e-6,2.3386305724503577e-5,0.11111032723960453,-0.11110973600589102
16292,3.90625,-0.11111041635774303,2.7920895923078607e-12,1.6709546948699299e-6,2.5543650468960676e-5,0.11111041635774303,-0.11110973669643621
16293,1.5625,-0.11111048885813599,1.0319585740133569e-11,3.2124112034628396e-6,2.5357814109170768e-5,0.11111048885813599,-0.11110973732339495
16294,0.625,-0.11111055677731065,2.923040235547898e-11,5.406514806738162e-6,2.4876220636900267e-5,0.11111055677731065,-0.11110973791777753
16295,0.25,-0.11111062323426416,5.912614607907242e-11,7.689352773743211e-6,2.4506735766844615e-5,0.11111062323426416,-0.11110973849948035
16296,0.1,-0.11111068921343727,9.989437881653406e-11,9.994717545610484e-6,2.4271039258258294e-5,0.11111068921343727,-0.1111097390769589
16297,0.1,-0.11111075417114365,1.5116790522890446e-10,1.229503579616198e-5,2.412478922814285e-5,0.11111075417114365,-0.11110973964105014
16298,0.1,-0.1111108179602905,2.125944873993197e-10,1.4580620267989963e-5,2.3958484458229575e-5,0.1111108179602905,-0.11110974018985639
16299,0.1,-0.11111088043780064,2.8378715688304074e-10,1.684598340504468e-5,2.3772226716478004e-5,0.11111088043780064,-0.1111097407215472
16300,0.1,-0.11111094146501717,3.643257459661936e-10,1.9087318983193882e-5,2.3566167427726974e-5,0.11111094146501717,-0.1111097412343654
16301,0.25,-0.11111099695839781,4.5125044243456037e-10,2.1242656200074426e-5,2.3341659158780007e-5,0.11111099695839781,-0.11110974164632655
16302,0.625,-0.11111103742061225,5.366392138864339e-10,2.3165474609565718e-5,2.2795616474812992e-5,0.11111103742061225,-0.11110974177351389
16303,1.5625,-0.1111110388171935,5.986194651585066e-10,2.4466701149899766e-5,2.138569758901886e-5,0.1111110388171935,-0.11110974114832826
16304,3.90625,-0.1111109483186759,5.838469614359086e-10,2.4162925349301328e-5,1.7784259926971685e-5,0.1111109483186759,-0.11110973886790085
16305,9.765625,-0.1111106964088956,4.027664561917642e-10,2.0069042234042066e-5,9.739415850820553e-6,0.1111106964088956,-0.11110973469847221
16306,24.4140625,-0.11111041952051005,8.294834461634602e-11,9.107598180439561e-6,1.3842029586730192e-5,0.11111041952051005,-0.11110973408604054
16307,9.765625,-0.1111104431670814,1.8354432034432995e-11,4.284207281917274e-6,3.4056111339691936e-5,0.1111104431670814,-0.11110973565309419
16308,3.90625,-0.11111042440601633,3.952967704514148e-12,1.9882071583499917e-6,3.7563782701120834e-5,0.11111042440601633,-0.11110973716308979
16309,1.5625,-0.11111040236023398,1.9016491417441446e-11,4.360790228552784e-6,3.7392711946005476e-5,0.11111040236023398,-0.11110973853351776
16310,0.625,-0.11111037973216402,5.954551539686566e-11,7.716574071235607e-6,3.671774613671191e-5,0.11111037973216402,-0.1111097398309389
16311,0.25,-0.11111035698698675,1.2464613027322048e-10,1.1164503135976114e-5,3.6188326902390086e-5,0.11111035698698675,-0.1111097410998699
16312,0.1,-0.11111033423667266,2.1407924389144325e-10,1.4631447088085418e-5,3.5851028678719995e-5,0.11111033423667266,-0.11110974235960074
16313,0.1,-0.11111031130414957,3.270721532717167e-10,1.8085136252506274e-5,3.5644400262922293e-5,0.11111031130414957,-0.11110974359067168
16314,0.1,-0.11111028817030959,4.628723927337213e-10,2.1514469380714954e-5,3.5406442533154394e-5,0.11111028817030959,-0.1111097447887395
16315,0.1,-0.11111026481778803,6.206485097216965e-10,2.49128181810428e-5,3.51373810684674e-5,0.11111026481778803,-0.11110974594961144
16316,0.1,-0.11111024123108654,7.994935362964098e-10,2.8275316732026358e-5,3.483749656222871e-5,0.11111024123108654,-0.1111097470692632
16317,0.25,-0.11111021664835144,9.929886475130789e-10,3.151172238252106e-5,3.45087097929273e-5,0.11111021664835144,-0.11110974796683873
16318,0.625,-0.11111018945280231,1.183877760041601e-9,3.440752475900586e-5,3.369420116810089e-5,0.11111018945280231,-0.11110974823478029
16319,1.5625,-0.11111015604591383,1.3243369076168578e-9,3.639144003219518e-5,3.157034381470543e-5,0.11111015604591383,-0.11110974683317092
16320,3.90625,-0.11111011140673697,1.29694896366921e-9,3.601317763915328e-5,2.6085781905413495e-5,0.11111011140673697,-0.11110974173664757
16321,9.765625,-0.11111006809585616,9.012284573663123e-10,3.002046730759387e-5,1.3273871013861888e-5,0.11111006809585616,-0.1111097323421819
16322,24.4140625,-0.11111016293470172,1.8830237651488737e-10,1.3722331307576253e-5,1.905618727559803e-5,0.11111016293470172,-0.11110973075632759
16323,9.765625,-0.11111029992087468,4.1336289392348986e-11,6.42933039999882e-6,5.0390519286399556e-5,0.11111029992087468,-0.11110973421362084
16324,3.90625,-0.11111039262617486,6.849556521212286e-12,2.6171657420217553e-6,5.5859302946573895e-5,0.11111039262617486,-0.11110973757021084
16325,1.5625,-0.11111047602772293,3.8486660269093704e-11,6.203761783715886e-6,5.5684865076982024e-5,0.11111047602772293,-0.11110974061788635
16326,0.625,-0.11111055657987157,1.272375305825916e-10,1.1279961461928476e-5,5.470746856554709e-5,0.11111055657987157,-0.11110974350165571
16327,0.25,-0.1111106362203437,2.710906158164055e-10,1.6464829662538436e-5,5.393009924772138e-5,0.1111106362203437,-0.11110974632104459
16328,0.1,-0.1111107156009375,4.69520152078139e-10,2.166841369547247e-5,5.343384666085003e-5,0.1111107156009375,-0.1111097491196704
16329,0.1,-0.11111079445948595,7.208448065257544e-10,2.684855315516563e-5,5.313078981402133e-5,0.11111079445948595,-0.1111097518550962
16330,0.1,-0.11111087269532888,1.0234145982234757e-9,3.199085178958941e-5,5.278022112856092e-5,0.11111087269532888,-0.11110975451751634
16331,0.1,-0.11111095020844115,1.375401230812943e-9,3.7086402236034476e-5,5.2382484398182225e-5,0.11111095020844115,-0.11110975709746156
16332,0.1,-0.11111102689965473,1.7748057942568373e-9,4.2128444004696366e-5,5.1937999184862366e-5,0.11111102689965473,-0.11110975958583483
16333,0.25,-0.11111110025812113,2.207453878738391e-9,4.698354902238007e-5,5.1449528062247556e-5,0.11111110025812113,-0.11110976158010932
16334,0.625,-0.11111116426234491,2.6351553549060715e-9,5.133376427757925e-5,5.023159430244415e-5,0.11111116426234491,-0.11110976217109535
16335,1.5625,-0.1111112030957309,2.9519011910164526e-9,5.433140151897844e-5,4.704416662193425e-5,0.1111112030957309,-0.111109759034871
16336,3.90625,-0.11111117867759056,2.896787636196025e-9,5.3821813757955286e-5,3.877667985080963e-5,0.11111117867759056,-0.1111097476258957
16337,9.765625,-0.11111101927205488,2.0214394870051314e-9,4.496042133927496e-5,1.907090020360136e-5,0.11111101927205488,-0.11110972649079616
16338,24.4140625,-0.11111068559849295,4.2756440716357216e-10,2.0677630598392364e-5,2.7308617286110377e-5,0.11111068559849295,-0.1111097226219363
16339,9.765625,-0.11111055792654773,9.401403705541274e-11,9.696083593668773e-6,7.508447129592271e-5,0.11111055792654773,-0.11110973032257722
16340,3.90625,-0.11111044206630251,1.3332666848150812e-11,3.651392453318434e-6,8.347259450777942e-5,0.11111044206630251,-0.11110973783970014
16341,1.5625,-0.11111033356961032,8.130431247483422e-11,9.016890399402346e-6,8.328447079971377e-5,0.11111033356961032,-0.11110974466942719
16342,0.625,-0.11111022782431763,2.775842094781907e-10,1.6660858605671878e-5,8.184778432479152e-5,0.11111022782431763,-0.11110975113037369
16343,0.25,-0.11111012317532169,5.976105804012052e-10,2.444607494877665e-5,8.069335730720091e-5,0.11111012317532169,-0.11110975744529986
16344,0.1,-0.11111001903469996,1.0401877799586936e-9,3.225194226645418e-5,7.995348884640898e-5,0.11111001903469996,-0.111109763712572
16345,0.1,-0.11110991549835574,1.6015897234453829e-9,4.00198666095401e-5,7.950054977282845e-5,0.11110991549835574,-0.11110976983853273
16346,0.1,-0.11110981264334692,2.2781425001528627e-9,4.772989105532154e-5,7.897618966274761e-5,0.11110981264334692,-0.11110977580112898
16347,0.1,-0.11110971054595405,3.065772909739507e-9,5.536942215464694e-5,7.838092590721127e-5,0.11110971054595405,-0.1111097815790592
16348,0.1,-0.11110960928165343,3.960025605914702e-9,6.292873434222797e-5,7.77153841339851e-5,0.11110960928165343,-0.11110978715185572
16349,0.25,-0.11110951063599324,4.929402775228605e-9,7.020970570532685e-5,7.698368644958074e-5,0.11110951063599324,-0.11110979162008233
16350,0.625,-0.11110941903259404,5.888960531402409e-9,7.6739563012845e-5,7.515940907806289e-5,0.11110941903259404,-0.11110979294935745
16351,1.5625,-0.11110934661807062,6.602702158477274e-9,8.125701298027927e-5,7.038250955144518e-5,0.11110934661807062,-0.11110978593354495
16352,3.90625,-0.11110932598284556,6.488829042448188e-9,8.055326835360678e-5,5.796970869041646e-5,0.11110932598284556,-0.11110976035771152
16353,9.765625,-0.11110944001738897,4.5425957012248955e-9,6.739878115533616e-5,2.807503024207967e-5,0.11110944001738897,-0.1111097127874266
16354,24.4140625,-0.11111000282704618,6.812714682153432e-11,8.25391705928369e-6,3.912038172525036e-5,0.11111000282704618,-0.11110973997499657
16355,9.765625,-0.11111067167136755,7.139730688425705e-11,8.449692709457371e-6,2.259926620324477e-5,0.11111067167136755,-0.11110973955083087
16356,3.90625,-0.1111109165785405,8.138208571373213e-11,9.02120201047134e-6,1.563771852241716e-5,0.1111109165785405,-0.1111097394010327
16357,1.5625,-0.11111111386800265,9.411353708463804e-11,9.701213175919702e-6,1.2743567223465138e-5,0.11111111386800265,-0.11110973939092365
16358,0.625,-0.11111129889090508,1.0920947869856863e-10,1.0450333903687892e-5,1.1493646574963492e-5,0.11111129889090508,-0.11110973944544564
16359,1.5625,-0.1111114082529284,1.1899928699455179e-10,1.0908679434035624e-5,1.091873719590655e-5,0.1111114082529284,-0.11110973935222215
16360,3.90625,-0.11111131662814826,1.1051239086421134e-10,1.0512487377600572e-5,9.569699073641627e-6,0.11111131662814826,-0.11110973895624811
16361,9.765625,-0.11111082981862092,6.758623404695113e-11,8.22108472447226e-6,7.414378763685719e-6,0.11111082981862092,-0.11110973831649504
16362,24.4140625,-0.11111024454729487,1.1819733987859809e-11,3.4379840005241164e-6,9.7775475560352e-6,0.11111024454729487,-0.11110973841472825
16363,9.765625,-0.11111049122846137,2.84583458681028e-12,1.6869601615954895e-6,1.6003717457050085e-5,0.11111049122846137,-0.11110973873889116
16364,3.90625,-0.11111056872070371,2.559897116500107e-12,1.5999678485832478e-6,1.674999079346213e-5,0.11111056872070371,-0.11110973902250881
16365,1.5625,-0.11111062603256792,7.190671430652492e-12,2.6815427333258167e-6,1.640345533380704e-5,0.11111062603256792,-0.11110973927812477
16366,0.625,-0.11111067824457259,1.6135489674713534e-11,4.0169005059515145e-6,1.601165640543838e-5,0.11111067824457259,-0.11110973952138399
16367,0.25,-0.1111107289222716,2.926300082378806e-11,5.409528706254183e-6,1.574124746214248e-5,0.1111107289222716,-0.11110973976022517
16368,0.1,-0.11111077912384275,4.6530843570426e-11,6.8213520339025166e-6,1.5573386136400627e-5,0.11111077912384275,-0.11110973999763285
16369,0.1,-0.11111082755134298,6.776228725761106e-11,8.231785180482486e-6,1.5468872986751564e-5,0.11111082755134298,-0.1111097402291807
16370,0.1,-0.11111087401421353,9.28010032247848e-11,9.633327733695392e-6,1.5354052582185238e-5,0.11111087401421353,-0.11110974045421511
16371,0.1,-0.111110918330164,1.214786176717092e-10,1.1021733877739437e-5,1.5228845215811402e-5,0.111110918330164,-0.11110974067210498
16372,0.1,-0.1111109603257409,1.5361532481678491e-10,1.2394164950362123e-5,1.509323366741524e-5,0.1111109603257409,-0.11110974088224317
16373,0.25,-0.11111099345100611,1.8791335477096132e-10,1.370814921026764e-5,1.4948262806645246e-5,0.11111099345100611,-0.11110974105086026
16374,0.625,-0.1111110030496838,2.2096918089402462e-10,1.4865032152471943e-5,1.4607892284658884e-5,0.1111110030496838,-0.1111097411037416
16375,1.5625,-0.11111095312893897,2.435600933320407e-10,1.5606411930102343e-5,1.37486898093283e-5,0.11111095312893897,-0.11110974085494399
16376,3.90625,-0.11111076941559615,2.339165110105238e-10,1.529432937433099e-5,1.1621568155795498e-5,0.11111076941559615,-0.11110973995650832
16377,9.765625,-0.11111038171637998,1.5808895946299483e-10,1.2573343209464808e-5,7.397266581884453e-6,0.11111038171637998,-0.11110973835756811
16378,24.4140625,-0.11111014616604611,3.213170465155655e-11,5.668483452525601e-6,1.034484232957381e-5,0.11111014616604611,-0.11110973819892359
16379,9.765625,-0.11111033286931937,7.512487503035782e-12,2.7408917350081125e-6,2.2018966207555094e-5,0.11111033286931937,-0.1111097388386204
16380,3.90625,-0.11111041322779529,2.6602556178377465e-12,1.6310290058235464e-6,2.401590089637336e-5,0.11111041322779529,-0.11110973944763304
16381,1.5625,-0.11111047886276149,9.346046802507657e-12,3.057130485031291e-6,2.3836087568993733e-5,0.11111047886276149,-0.11110974000109235
16382,0.625,-0.11111054043273552,2.6019648730565686e-11,5.10094586626497e-6,2.338430192046114e-5,0.11111054043273552,-0.111109740526164
16383,0.25,-0.11111060070411577,5.2333767732116634e-11,7.234208162066988e-6,2.303885742170455e-5,0.11111060070411577,-0.11110974104023466
16384,0.1,-0.1111106605508036,8.819102330564687e-11,9.391007576700535e-6,2.2818968710811752e-5,0.1111106605508036,-0.11110974155067552
16385,0.1,-0.11111071949016978,1.332685136073331e-10,1.1544198266113291e-5,2.2682827731382656e-5,0.11111071949016978,-0.11110974204937747
16386,0.1,-0.11111077739149718,1.8725705086005202e-10,1.3684189813797966e-5,2.2527952148098334e-5,0.11111077739149718,-0.11110974253467348
16387,0.1,-0.11111083412760829,2.49816884770642e-10,1.580559662811379e-5,2.23544410602832e-5,0.11111083412760829,-0.11110974300495616
16388,0.1,-0.11111088957522768,3.2057904942536823e-10,1.7904721428309578e-5,2.2162440408051467e-5,0.11111088957522768,-0.11110974345868185
16389,0.25,-0.11111094010717623,3.9693726932891164e-10,1.9923284601915208e-5,2.195320657197911e-5,0.11111094010717623,-0.11110974382374979
16390,0.625,-0.11111097728559599,4.719165653306963e-10,2.172364070156511e-5,2.1443652201716083e-5,0.11111097728559599,-0.11110974393849762
16391,1.5625,-0.11111097974946926,5.26262202994662e-10,2.2940405467093688e-5,2.0127818108608848e-5,0.11111097974946926,-0.11110974339206228
16392,3.90625,-0.11111090049696948,5.130327195353081e-10,2.2650225595682443e-5,1.6771388014234586e-5,0.11111090049696948,-0.11110974139193018
16393,9.765625,-0.111110677326979,3.5353536812590523e-10,1.8802536215253122e-5,9.338111312842105e-6,0.111110677326979,-0.11110973773737627
16394,24.4140625,-0.111110428943361,7.264723203966681e-11,8.523334561054541e-6,1.3180368853072335e-5,0.111110428943361,-0.11110973721439572
16395,9.765625,-0.11111044594748727,1.6188794330348148e-11,4.0235300831916425e-6,3.197087146407599e-5,0.11111044594748727,-0.11110973859185236
16396,3.90625,-0.11111042612497246,3.710791418669865e-12,1.9263414595210958e-6,3.523067349320591e-5,0.11111042612497246,-0.11110973991828534
16397,1.5625,-0.11111040364806092,1.7056433319087803e-11,4.129943500713757e-6,3.5063294732794946e-5,0.11111040364806092,-0.11110974112249297
16398,0.625,-0.11111038074115474,5.272722936853633e-11,7.261351759041586e-6,3.442959313953638e-5,0.11111038074115474,-0.1111097422629232
16399,0.25,-0.11111035776047183,1.099434586301098e-10,1.0485392631185052e-5,3.393393492702542e-5,0.11111035776047183,-0.11110974337854697
16400,0.1,-0.11111033478565896,1.8849787963867834e-10,1.3729452998523953e-5,3.3618688131983445e-5,0.11111033478565896,-0.11110974448622003
16401,0.1,-0.11111031166073221,2.8771178540810793e-10,1.6962069019082192e-5,3.342591619518295e-5,0.11111031166073221,-0.1111097455687797
16402,0.1,-0.11111028837135724,4.069252354021184e-10,2.017238794496374e-5,3.3203826414503006e-5,0.11111028837135724,-0.11110974662241539
16403,0.1,-0.11111026490474989,5.454088508976057e-10,2.335399004233764e-5,3.295263283642764e-5,0.11111026490474989,-0.11110974764344848
16404,0.1,-0.11111024124976866,7.02366867246484e-10,2.6502204950654275e-5,3.267260143205033e-5,0.11111024124976866,-0.11110974862834772
16405,0.25,-0.11111021678462357,8.721541319442295e-10,2.9532255788277154e-5,3.2365517010712196e-5,0.11111021678462357,-0.11110974941828933
16406,0.625,-0.11111019021065523,1.0395961553172285e-9,3.224276903923155e-5,3.1603947564071135e-5,0.11111019021065523,-0.11110974965550205
16407,1.5625,-0.11111015870320307,1.162646163749305e-9,3.409759762430933e-5,2.9617749291834553e-5,0.11111015870320307,-0.11110974842741071
16408,3.90625,-0.1111101187450072,1.1381210377996273e-9,3.37360495286515e-5,2.449227143260246e-5,0.1111101187450072,-0.11110974395831066
16409,9.765625,-0.11111008352287444,7.901103298284877e-10,2.8108901256158834e-5,1.257826756933867e-5,0.11111008352287444,-0.11110973572819435
16410,24.4140625,-0.11111017706851244,1.6470788424988629e-10,1.2833856951434604e-5,1.8027821853394535e-5,0.11111017706851244,-0.11110973436314214
16411,9.765625,-0.11111030296295042,3.625475943405081e-11,6.021192525908037e-6,4.722835321334401e-5,0.11111030296295042,-0.1111097373962289
16412,3.90625,-0.11111038896475754,6.304584290865965e-12,2.5108931261337997e-6,5.2320903342024346e-5,0.11111038896475754,-0.11110974033854848
16413,1.5625,-0.11111046647039967,3.426666661868392e-11,5.853773707505605e-6,5.214893580256014e-5,0.11111046647039967,-0.1111097430101841
16414,0.625,-0.1111105413622979,1.1226156244785853e-10,1.0595355701809096e-5,5.123153787280137e-5,0.1111105413622979,-0.11110974553851867
16415,0.25,-0.11111061541404037,2.38534176303145e-10,1.544455167051297e-5,5.0503576975717814e-5,0.11111061541404037,-0.11110974801071165
16416,0.1,-0.11111068922330729,4.1262821577060204e-10,2.031325222042502e-5,5.0039522674436955e-5,0.11111068922330729,-0.11110975046490494
16417,0.1,-0.11111076255645003,6.330685788090078e-10,2.5160854095380144e-5,4.9756560092045845e-5,0.11111076255645003,-0.11110975286376021
16418,0.1,-0.11111083532157283,8.984094332800275e-10,2.9973478831794408e-5,4.942911635602906e-5,0.11111083532157283,-0.11110975519868259
16419,0.1,-0.11111090742734192,1.2070483978826333e-9,3.474260205975703e-5,4.905751547034613e-5,0.11111090742734192,-0.1111097574613709
16420,0.1,-0.11111097878318854,1.5572333041961795e-9,3.9461795501423645e-5,4.86421526213453e-5,0.11111097878318854,-0.11110975964385106
16421,0.25,-0.11111104710777066,1.9365151285088418e-9,4.400585334371828e-5,4.818559620758228e-5,0.11111104710777066,-0.11110976139304042
16422,0.625,-0.11111110692351647,2.311355471216821e-9,4.8076558437733676e-5,4.7046147686044725e-5,0.11111110692351647,-0.11110976191165943
16423,1.5625,-0.11111114382766935,2.5886727485635198e-9,5.087900105705221e-5,4.4063392525588254e-5,0.11111114382766935,-0.11110975916238709
16424,3.90625,-0.11111112306718202,2.5394713277473246e-9,5.039316747087173e-5,3.63292949021145e-5,0.11111112306718202,-0.11110974916326896
16425,9.765625,-0.11111097871782996,1.7707058173218824e-9,4.2079755433247026e-5,1.7943636544821296e-5,0.11111097871782996,-0.11110973065708556
16426,24.4140625,-0.1111106718265982,3.737466011583693e-10,1.9332527024638276e-5,2.5726280763675564e-5,0.1111106718265982,-0.11110972731304708
16427,9.765625,-0.11111055175627531,8.225303555418448e-11,9.069345927584e-6,7.030863420787428e-5,0.11111055175627531,-0.11110973406071033
16428,3.90625,-0.11111044333959812,1.2091327565455743e-11,3.477258627921677e-6,7.812798808338016e-5,0.11111044333959812,-0.11110974064228771
16429,1.5625,-0.11111034186509251,7.205058210898987e-11,8.488261430292417e-6,7.794129312961856e-5,0.11111034186509251,-0.11110974662160936
16430,0.625,-0.11111024297029116,2.443435953368483e-10,1.5631493701398095e-5,7.659343362044724e-5,0.11111024297029116,-0.11110975227845353
16431,0.25,-0.11111014509558279,5.249895298207938e-10,2.2912649995598368e-5,7.55124519569082e-5,0.11111014509558279,-0.11110975780787319
16432,0.1,-0.11111004768721577,9.129495686421486e-10,3.0215055330780855e-5,7.482044584938797e-5,0.11111004768721577,-0.11110976329589413
16433,0.1,-0.11110995083406093,1.4049576445584055e-9,3.7482764633340556e-5,7.439732406884424e-5,0.11110995083406093,-0.11110976866024344
16434,0.1,-0.11110985460902945,1.997796581684256e-9,4.4696717795429405e-5,7.390733531013745e-5,0.11110985460902945,-0.11110977388160362
16435,0.1,-0.11110975908435666,2.6878989682215914e-9,5.184495123174089e-5,7.335096556682572e-5,0.11110975908435666,-0.11110977894131523
16436,0.1,-0.1111096643315702,3.4713621935866774e-9,5.8918267061978984e-5,7.272880234885935e-5,0.1111096643315702,-0.1111097838214494
16437,0.25,-0.11110957203133486,4.320551372053788e-9,6.57309011961177e-5,7.204468139810754e-5,0.11110957203133486,-0.11110978773372865
16438,0.625,-0.11110948634922838,5.160945491049494e-9,7.183972084473529e-5,7.033769888854311e-5,0.11110948634922838,-0.11110978889560444
16439,1.5625,-0.11110941871502793,5.785532839710521e-9,7.606269019506555e-5,6.586692909786705e-5,0.11110941871502793,-0.11110978274641972
16440,3.90625,-0.11110939971410773,5.6841405265082285e-9,7.539323926260383e-5,5.425140456248918e-5,0.11110939971410773,-0.11110976034333865
16441,9.765625,-0.11110950659490505,3.976633464297916e-9,6.306055394854945e-5,2.631727293804588e-5,0.11110950659490505,-0.11110971870963858
16442,24.4140625,-0.11110990016239373,8.477930124506772e-10,2.9116885349409837e-5,3.7463185253837854e-5,0.11110990016239373,-0.11110971073892972
16443,9.765625,-0.11111014250986853,1.8681365676792552e-10,1.3667979249615706e-5,0.00010508715851594857,0.11111014250986853,-0.11110972584284944
16444,3.90625,-0.11111033531202229,2.3980142625253872e-11,4.896952381354537e-6,0.0001170166784900155,0.11111033531202229,-0.11110974063961099
16445,1.5625,-0.11111051323525921,1.540475507216226e-10,1.2411589371294177e-5,0.00011681726201427786,0.11111051323525921,-0.11110975409126779
16446,0.625,-0.11111068640460066,5.368377401806792e-10,2.3169759173989686e-5,0.0001148275633396658,0.11111068640460066,-0.11110976681615711
16447,0.25,-0.111110858146096,1.1633244267568243e-9,3.4107542080261725e-5,0.00011321843259642784,0.111110858146096,-0.11110977925188265
16448,0.1,-0.11111102962075638,2.0311450411748957e-9,4.5068226514639954e-5,0.00011218480767505285,0.11111102962075638,-0.1111097915926218
16449,0.1,-0.111111200487636,3.13303378186553e-9,5.597350964398722e-5,0.00011155131802667063,0.111111200487636,-0.11110980365594278
16450,0.1,-0.11111137056114874,4.461803866789823e-9,6.679673545009384e-5,0.00011081754283588325,0.11111137056114874,-0.11110981539838477
16451,0.1,-0.11111153965409987,6.009482492410759e-9,7.752085198455161e-5,0.00010998418994824161,0.11111153965409987,-0.11110982677795697
16452,0.1,-0.1111117075780988,7.76734428021683e-9,8.813253814691161e-5,0.00010905211860716711,0.1111117075780988,-0.11110983775429954
16453,0.25,-0.11111187010225458,9.673775245212977e-9,9.835535188902014e-5,0.00010802704989599367,0.11111187010225458,-0.11110984656158604
16454,0.625,-0.11111201684959836,1.1562494487516271e-8,0.0001075290402055011,0.00010547040272297643,0.11111201684959836,-0.11110984920223699
16455,1.5625,-0.11111211999802839,1.2971259041166976e-8,0.00011389143532841693,9.877283782370612e-5,0.11111211999802839,-0.11110983543840768
16456,3.90625,-0.11111210983528981,1.2759356660298191e-8,0.00011295732229606982,8.135349495890854e-5,0.11111210983528981,-0.11110978514274028
16457,9.765625,-0.11111183992034988,8.951115452516437e-9,9.461033480818276e-5,3.920853157685236e-5,0.11111183992034988,-0.11110969133340938
16458,24.4140625,-0.11111138056368652,1.337014341758604e-10,1.1562933631905894e-5,5.414229505429163e-5,0.11111138056368652,-0.11110974437823459
16459,9.765625,-0.1111098594561798,1.379490081058371e-10,1.1745169564797143e-5,3.2002270490485556e-5,0.1111098594561798,-0.11110974364788806
16460,3.90625,-0.11110928451605608,1.6011112289158613e-10,1.265350239623742e-5,2.1946329776472107e-5,0.11110928451605608,-0.11110974334652252
16461,1.5625,-0.11110882147562641,1.8825175115498062e-10,1.3720486549498915e-5,1.7495672106165835e-5,0.11110882147562641,-0.11110974330331759
16462,0.625,-0.11110838754395438,2.2171006708834007e-10,1.4889931735516455e-5,1.5494112800403357e-5,0.11110838754395438,-0.11110974338398817
16463,1.5625,-0.11110812586799526,2.4334031847304076e-10,1.5599369169073496e-5,1.4557421033223126e-5,0.11110812586799526,-0.11110974315653602
16464,3.90625,-0.111108324599896,2.2360527933537238e-10,1.4953437040873659e-5,1.2290539184306552e-5,0.111108324599896,-0.11110974231026732
16465,9.765625,-0.11110943998118132,1.3119928614406168e-10,1.1454225689415313e-5,8.50366514287612e-6,0.11110943998118132,-0.11110974102808578
16466,24.4140625,-0.11111083399424553,2.3074897019849724e-11,4.803633730817716e-6,1.2392162274965427e-5,0.11111083399424553,-0.11110974119916793
16467,9.765625,-0.1111102416247186,4.279297772381309e-12,2.0686463623300403e-6,2.1803445658343075e-5,0.1111102416247186,-0.1111097418331597
16468,3.90625,-0.11111003758995702,4.007613983695889e-12,2.001902590960881e-6,2.2843049492335094e-5,0.11111003758995702,-0.11110974236430024
16469,1.5625,-0.11110988216151738,1.3542362695746671e-11,3.679994931483829e-6,2.2302736177765806e-5,0.11110988216151738,-0.11110974283544572
16470,0.625,-0.11110973926675144,3.168478953189451e-11,5.628924367221016e-6,2.171582465801416e-5,0.11110973926675144,-0.11110974328084897
16471,0.25,-0.11110960020179675,5.8185654082026474e-11,7.627952155200403e-6,2.1315179854494306e-5,0.11110960020179675,-0.11110974371720676
16472,0.1,-0.11110946235342739,9.296788563208292e-11,9.64198556481407e-6,2.1068371696575956e-5,0.11110946235342739,-0.11110974415072769
16473,0.1,-0.1111093286884945,1.3565417940735921e-10,1.1647067416622917e-5,2.091593980520577e-5,0.1111093286884945,-0.11110974457260314
16474,0.1,-0.1111091996674692,1.8591906204877437e-10,1.3635214044846321e-5,2.0748029029781127e-5,0.1111091996674692,-0.11110974498152412
16475,0.1,-0.1111090757319332,2.434122004059115e-10,1.5601673000223775e-5,2.056453671735853e-5,0.1111090757319332,-0.1111097453762278
16476,0.1,-0.11110895730323467,3.0775992039346235e-10,1.754308753878468e-5,2.0365448542095155e-5,0.11110895730323467,-0.11110974575550656
16477,0.25,-0.11110885984942208,3.762000699925336e-10,1.93958776546083e-5,2.0152292842657617e-5,0.11110885984942208,-0.11110974605177033
16478,0.625,-0.11110881813868517,4.4154091889977247e-10,2.1012875074576835e-5,1.9648638899389335e-5,0.11110881813868517,-0.11110974611704877
16479,1.5625,-0.11110891796989897,4.845498661477299e-10,2.201249341050963e-5,1.837353173641329e-5,0.11110891796989897,-0.1111097455836984
16480,3.90625,-0.11110933864893671,4.612232597038128e-10,2.1476109044792373e-5,1.5203476933025033e-5,0.11110933864893671,-0.11110974377870197
16481,9.765625,-0.11111026424537382,3.0819839231982306e-10,1.7555580090666986e-5,8.734937254585357e-6,0.11111026424537382,-0.11110974064303979
16482,24.4140625,-0.1111109184175147,6.257602308689052e-11,7.910500811382963e-6,1.3409518757893524e-5,0.1111109184175147,-0.11110974031368476
16483,9.765625,-0.1111105233362004,1.3379948308255788e-11,3.657861165798367e-6,3.0247954878221124e-5,0.1111105233362004,-0.11110974154920124
16484,3.90625,-0.11111036444151295,3.6105061617663893e-12,1.9001331957961236e-6,3.31320752028888e-5,0.11111036444151295,-0.11110974271750107
16485,1.5625,-0.11111023774111974,1.6546248432319694e-11,4.067708007259087e-6,3.288924534374361e-5,0.11111023774111974,-0.11110974377347209
16486,0.625,-0.11111011987379851,4.911397792398486e-11,7.008136551465365e-6,3.22510147750849e-5,0.11111011987379851,-0.11110974477221876
16487,0.25,-0.11111000485184758,1.006271614254051e-10,1.0031309058413318e-5,3.176104302994651e-5,0.11111000485184758,-0.11110974574871138
16488,0.1,-0.11110989079639362,1.7089437587921042e-10,1.3072657567580144e-5,3.1448732095744224e-5,0.11110989079639362,-0.1111097467178022
16489,0.1,-0.11110977873832821,2.5928248986809166e-10,1.610225108076792e-5,3.1255318959922335e-5,0.11110977873832821,-0.11110974766388809
16490,0.1,-0.11110966895351287,3.6518416769213217e-10,1.910979245549601e-5,3.103515851417712e-5,0.11110966895351287,-0.11110974858369478
16491,0.1,-0.11110956170938656,4.879318098643515e-10,2.2089178569253122e-5,3.0788369232147695e-5,0.11110956170938656,-0.11110974947406191
16492,0.1,-0.11110945726421168,6.268002376892919e-10,2.5035978864212438e-5,3.0515134124728883e-5,0.11110945726421168,-0.1111097503319578
16493,0.25,-0.1111093633348637,7.766646375584235e-10,2.7868703550011498e-5,3.0217203536842026e-5,0.1111093633348637,-0.11110975101622682
16494,0.625,-0.11110929782888299,9.238098527435365e-10,3.039424045347303e-5,2.9490565374824598e-5,0.11110929782888299,-0.11110975121011274
16495,1.5625,-0.11110930593263604,1.0304063751116196e-9,3.209994353751451e-5,2.7610333537011407e-5,0.11110930593263604,-0.1111097501086653
16496,3.90625,-0.11110948624837676,1.0044422253758603e-9,3.169293652181603e-5,2.2786815224771032e-5,0.11110948624837676,-0.11110974615990728
16497,9.765625,-0.11110996382737234,6.924009871444347e-10,2.631351339415614e-5,1.1748362726793177e-5,0.11110996382737234,-0.11110973896718843
16498,24.4140625,-0.11111045186359497,1.4235835694971371e-10,1.1931402136786512e-5,1.741379089935159e-5,0.11111045186359497,-0.11110973789202791
16499,9.765625,-0.1111103646882216,3.074209157402515e-11,5.544555128594643e-6,4.4385398316288206e-5,0.1111103646882216,-0.11110974057325916
16500,3.90625,-0.11111036782544066,5.698320823671529e-12,2.3871155865754657e-6,4.9038615235380206e-5,0.11111036782544066,-0.11110974315352792
16501,1.5625,-0.1111103801528642,3.141684296984992e-11,5.605072967397473e-6,4.8823479692579823e-5,0.1111103801528642,-0.11110974549174417
16502,0.625,-0.11111039463140161,1.0100271118453262e-10,1.0050010506687673e-5,4.7938119880613046e-5,0.11111039463140161,-0.11110974770338373
16503,0.25,-0.11111040977525585,2.1291648858987652e-10,1.45916581850685e-5,4.724236100281305e-5,0.11111040977525585,-0.11110974986560068
16504,0.1,-0.11111042516763359,3.6674852684258405e-10,1.9150679539968917e-5,4.679906349874322e-5,0.11111042516763359,-0.11110975201186178
16505,0.1,-0.11111044118109725,5.611734192038902e-10,2.368909916404358e-5,4.6527742459092786e-5,0.11111044118109725,-0.1111097541089062
16506,0.1,-0.11111045787496411,7.948993645264845e-10,2.8193959717047274e-5,4.621499226422668e-5,0.11111045787496411,-0.11110975614924204
16507,0.1,-0.11111047530428071,1.0664983139901293e-9,3.265728577193961e-5,4.5861102896291355e-5,0.11111047530428071,-0.11110975812563738
16508,0.1,-0.11111049351959858,1.3744119536491666e-9,3.7073062372147874e-5,4.546643496117203e-5,0.11111049351959858,-0.11110976003114854
16509,0.25,-0.11111051455156991,1.707602461485202e-9,4.13231468003733e-5,4.503349023375682e-5,0.11111051455156991,-0.11110976155468197
16510,0.625,-0.11111054288364912,2.0363882538486978e-9,4.512635874795016e-5,4.39592904524967e-5,0.11111054288364912,-0.11110976199486959
16511,1.5625,-0.11111058914094415,2.2784996844303493e-9,4.773363263392332e-5,4.115497470191791e-5,0.11111058914094415,-0.11110975956173055
16512,3.90625,-0.1111106726293124,2.2319304442790145e-9,4.72433111062192e-5,3.389617732406281e-5,0.1111106726293124,-0.11110975076747634
16513,9.765625,-0.11111079239485659,1.551621642580154e-9,3.9390628867538455e-5,1.671074002273916e-5,0.11111079239485659,-0.11110973456497061
16514,24.4140625,-0.11111072812294304,3.2429351676449383e-10,1.800815139775579e-5,2.442714380240496e-5,0.11111072812294304,-0.11110973179155162
16515,9.765625,-0.11111052909731016,7.058244712067133e-11,8.401336031886317e-6,6.592649255866576e-5,0.11111052909731016,-0.11110973772754239
16516,3.90625,-0.1111104027019615,1.070465671617494e-11,3.271797169167878e-6,7.31500516033355e-5,0.1111104027019615,-0.11110974349137334
16517,1.5625,-0.11111029042162095,6.477213984910705e-11,8.048114055423609e-6,7.293265217407303e-5,0.11111029042162095,-0.11110974872203949
16518,0.625,-0.11111018253075237,2.1724921125432166e-10,1.4739376216594842e-5,7.165209600044984e-5,0.11111018253075237,-0.11110975366949057
16519,0.25,-0.11111007620285836,4.6466624797603116e-10,2.1556118573992657e-5,7.063170988995763e-5,0.11111007620285836,-0.11110975850554272
16520,0.1,-0.11110997050409295,8.061174815586609e-10,2.8392208113471218e-5,6.997992337306543e-5,0.11110997050409295,-0.11110976330558786
16521,0.1,-0.11110986582315274,1.2387147138495503e-9,3.519537915479176e-5,6.958180440165532e-5,0.11110986582315274,-0.11110976799686603
16522,0.1,-0.11110976229254003,1.7596215385540366e-9,4.194784307391784e-5,6.912115366348697e-5,0.11110976229254003,-0.11110977256247803
16523,0.1,-0.11110966004177668,2.365694441291737e-9,4.863840500357446e-5,6.859841385287526e-5,0.11110966004177668,-0.1111097769861022
16524,0.1,-0.11110955919717418,3.053496018643976e-9,5.525844748673252e-5,6.801412601665122e-5,0.11110955919717418,-0.11110978125205669
16525,0.25,-0.11110946326501002,3.798650034733027e-9,6.163318939283466e-5,6.737188750591554e-5,0.11110946326501002,-0.11110978466754842
16526,0.625,-0.11110938055930297,4.5354647799729216e-9,6.734585941223798e-5,6.576996394471665e-5,0.11110938055930297,-0.11110978566724941
16527,1.5625,-0.11110933274462777,5.081563099777382e-9,7.128508329080763e-5,6.157577716029795e-5,0.11110933274462777,-0.11110978024925751
16528,3.90625,-0.11110937144659172,4.987981706571755e-9,7.062564482234307e-5,5.0685188114640245e-5,0.11110937144659172,-0.11110976058182141
16529,9.765625,-0.11110959209622558,3.4826178110846965e-9,5.901370867082238e-5,2.455775459513297e-5,0.11110959209622558,-0.11110972413878462
16530,24.4140625,-0.1111100392126974,7.377560105200912e-10,2.71616643547499e-5,3.540602677553959e-5,0.1111100392126974,-0.11110971738817539
16531,9.765625,-0.11111020420778606,1.6184756415241444e-10,1.2721932406376574e-5,9.842193497844072e-5,0.11111020420778606,-0.11110973063574266
16532,3.90625,-0.1111103556548838,2.1813944890086078e-11,4.67054010689193e-6,0.00010948505299123618,0.1111103556548838,-0.11110974357713888
16533,1.5625,-0.11111049802079419,1.3805240223227416e-10,1.1749570299899233e-5,0.00010925624177262239,0.11111049802079419,-0.1111097553347532
16534,0.625,-0.11111063727967133,4.754848936713335e-10,2.1805616103915375e-5,0.00010737713326271927,0.11111063727967133,-0.11110976645633498
16535,0.25,-0.11111077562436543,1.0262508833159206e-9,3.2035150745952804e-5,0.00010586472864988571,0.11111077562436543,-0.1111097773259161
16536,0.1,-0.11111091384852073,1.7882991924572348e-9,4.2288286705153175e-5,0.00010489530090170262,0.11111091384852073,-0.11110978811329573
16537,0.1,-0.11111105177123082,2.7552338579784372e-9,5.249032156482219e-5,0.00010430215222148993,0.11111105177123082,-0.11110979865758516
16538,0.1,-0.11111118926160775,3.920742811197093e-9,6.26158351473259e-5,0.00010361506515798627,0.11111118926160775,-0.11110980892073545
16539,0.1,-0.11111132618619303,5.277824656118122e-9,7.264863836382704e-5,0.00010283471040901682,0.11111132618619303,-0.11110981886598935
16540,0.1,-0.11111146240923671,6.8188181383923685e-9,8.257613540480306e-5,0.0001019619005579833,0.11111146240923671,-0.11110982845802306
16541,0.25,-0.11111159511465706,8.489523167674886e-9,9.213860845310659e-5,0.00010100199936981291,0.11111159511465706,-0.11110983614756913
16542,0.625,-0.11111171726796222,1.0143726492934437e-8,0.00010071606869280809,9.860650193843371e-5,0.11111171726796222,-0.1111098384294102
16543,1.5625,-0.11111180963563425,1.1375126889021277e-8,0.0001066542399017558,9.233053924179792e-5,0.11111180963563425,-0.11110982633149744
16544,3.90625,-0.11111182205833905,1.1181796142428638e-8,0.00010574401232423818,7.601191193093677e-5,0.11111182205833905,-0.11110978224057877
16545,9.765625,-0.11111163801822412,7.832163981905367e-9,8.849951402072989e-5,3.658754303619758e-5,0.11111163801822412,-0.11110970018622619
16546,24.4140625,-0.11111104602822035,1.1605314530305878e-10,1.077279654050232e-5,5.10170392085179e-5,0.11111104602822035,-0.11110974689177802
16547,9.765625,-0.11110999785139553,1.2153396056193854e-10,1.1024244217266711e-5,2.9336775743550958e-5,0.11110999785139553,-0.11110974616452733
16548,3.90625,-0.11110960724734913,1.3921812496456682e-10,1.1799073055311033e-5,1.996464645769241e-5,0.11110960724734913,-0.11110974588612439
16549,1.5625,-0.11110929227050916,1.6160839915906157e-10,1.2712529219595192e-5,1.596546002034797e-5,0.11110929227050916,-0.11110974584382605
16550,0.625,-0.11110899690314999,1.8809426911901022e-10,1.3714746411035467e-5,1.420696955584319e-5,0.11110899690314999,-0.11110974591167724
16551,1.5625,-0.11110881976982573,2.0516139205817863e-10,1.4323456009573201e-5,1.3391126326203058e-5,0.11110881976982573,-0.11110974572388872
16552,3.90625,-0.11110895783196444,1.8993765182282627e-10,1.3781786960435366e-5,1.144775279306797e-5,0.11110895783196444,-0.11110974501534811
16553,9.765625,-0.11110972052025526,1.150278918105006e-10,1.072510567829057e-5,8.231046450681417e-6,0.11110972052025526,-0.11110974390078322
16554,24.4140625,-0.11111066402845418,1.958165377656791e-11,4.425116244413011e-6,1.175211127512728e-5,0.11111066402845418,-0.11110974406206693
16555,9.765625,-0.11111027842754552,3.869559425281957e-12,1.9671195757457034e-6,2.0404951843967116e-5,0.11111027842754552,-0.11110974460823321
16556,3.90625,-0.1111101524085119,3.40248893360691e-12,1.8445836748727096e-6,2.141207930981443e-5,0.1111101524085119,-0.11110974507588484
16557,1.5625,-0.11111005802370809,1.143610346076316e-11,3.3817308380122684e-6,2.0939722186477897e-5,0.11111005802370809,-0.11110974549255204
16558,0.625,-0.11110997171744383,2.6930334289784866e-11,5.189444506860524e-6,2.0407898025699247e-5,0.11110997171744383,-0.11110974588691014
16559,0.25,-0.11110988786661762,4.966087871505344e-11,7.047047517581632e-6,2.0041171124490473e-5,0.11110988786661762,-0.11110974627328754
16560,0.1,-0.11110980479328188,7.95563457840119e-11,8.919436405065731e-6,1.9813779246343774e-5,0.11110980479328188,-0.11110974665707554
16561,0.1,-0.11110972447605616,1.1630746879990243e-10,1.0784594048915445e-5,1.9672471304329277e-5,0.11110972447605616,-0.11110974703075875
16562,0.1,-0.11110964721317179,1.5964213384310036e-10,1.2634956819993504e-5,1.9517019223721007e-5,0.11110964721317179,-0.11110974739320476
16563,0.1,-0.11110957329015614,2.0926720470980982e-10,1.4466070811032615e-5,1.9347299548792454e-5,0.11110957329015614,-0.11110974774331933
16564,0.1,-0.11110950297894244,2.648696356261725e-10,1.6274815993619483e-5,1.9163270660024462e-5,0.11110950297894244,-0.11110974808005201
16565,0.25,-0.11110944642292196,3.2417599526787485e-10,1.8004888093733735e-5,1.896631780003806e-5,0.11110944642292196,-0.11110974834511737
16566,0.625,-0.11110942636518537,3.8123239673053164e-10,1.952517341102331e-5,1.850240431980553e-5,0.11110942636518537,-0.11110974841041812
16567,1.5625,-0.11110949877982601,4.199505077844618e-10,2.049269400992612e-5,1.732720034034598e-5,0.11110949877982601,-0.11110974795552339
16568,3.90625,-0.11110977984322266,4.0260499443676513e-10,2.006501917359575e-5,1.4391150576525849e-5,0.11110977984322266,-0.11110974638359064
16569,9.765625,-0.1111103837344276,2.7128327830209387e-10,1.6470679351565735e-5,8.307903381350134e-6,0.1111103837344276,-0.1111097436160989
16570,24.4140625,-0.1111107783377773,5.448578040728933e-11,7.381448394948605e-6,1.2609689847237132e-5,0.1111107783377773,-0.11110974333812143
16571,9.765625,-0.11111050174394191,1.1908071089738439e-11,3.450807309853513e-6,2.8442511886705617e-5,0.11111050174394191,-0.1111097444245822
16572,3.90625,-0.11111038464056498,3.4873222459202344e-12,1.8674373472543152e-6,3.111162104138157e-5,0.11111038464056498,-0.11110974545256551
16573,1.5625,-0.11111028960245922,1.495703327393962e-11,3.867432387765766e-6,3.087630032273721e-5,0.11111028960245922,-0.1111097463824359
16574,0.625,-0.11111020067669627,4.364154372861854e-11,6.6061746668263736e-6,3.0276852734446663e-5,0.11111020067669627,-0.11110974726239484
16575,0.25,-0.11111011373194377,8.894192164737313e-11,9.43090248318649e-6,2.9817867702445156e-5,0.11111011373194377,-0.11110974812299237
16576,0.1,-0.11111002746516564,1.5069068839533335e-10,1.227561356492348e-5,2.9525603562254994e-5,0.11111002746516564,-0.11110974897717925
16577,0.1,-0.11110994257486695,2.2833232917069846e-10,1.5110669381953218e-5,2.934469403152588e-5,0.11110994257486695,-0.11110974981116532
16578,0.1,-0.11110985925238716,3.213346625518435e-10,1.7925809955252887e-5,2.9138776295148807e-5,0.11110985925238716,-0.1111097506220771
16579,0.1,-0.11110977768346382,4.2911279385041925e-10,2.0715037867462835e-5,2.89079662484082e-5,0.11110977768346382,-0.11110975140714176
16580,0.1,-0.11110969804771975,5.51031440042013e-10,2.3474058874468495e-5,2.865243961033143e-5,0.11110969804771975,-0.11110975216369848
16581,0.25,-0.11110962565996792,6.826010139382132e-10,2.6126634186940596e-5,2.837384031409625e-5,0.11110962565996792,-0.11110975276771204
16582,0.625,-0.1111095728795542,8.118050846630954e-10,2.849219339859772e-5,2.7694508685362465e-5,0.1111095728795542,-0.11110975294091856
16583,1.5625,-0.11110957097660495,9.054737527609671e-10,3.009109092008741e-5,2.593708559611728e-5,0.11110957097660495,-0.11110975197606136
16584,3.90625,-0.11110968868047645,8.827619273659554e-10,2.9711309755141313e-5,2.1431017235926816e-5,0.11110968868047645,-0.11110974850901272
16585,9.765625,-0.1111100165284237,6.081981888833847e-10,2.4661674494717196e-5,1.116446435054819e-5,0.1111100165284237,-0.11110974219512583
16586,24.4140625,-0.11111037757028018,1.2438102542603511e-10,1.1152624149770094e-5,1.6512092092395437e-5,0.11111037757028018,-0.11110974128325962
16587,9.765625,-0.11111034514198023,2.6940064928406414e-11,5.190381963632967e-6,4.16541689546841e-5,0.11111034514198023,-0.11110974364057553
16588,3.90625,-0.11111036773004405,5.318720373816007e-12,2.306235108096312e-6,4.5973975220740766e-5,0.11111036773004405,-0.11110974590562876
16589,1.5625,-0.1111103948026187,2.8211759193082072e-11,5.311474295624716e-6,4.5758367965621993e-5,0.1111103948026187,-0.1111097479579561
16590,0.625,-0.11111042276791953,8.958754535739612e-11,9.465069749209253e-6,4.492396414428934e-5,0.11111042276791953,-0.11110974989944929
16591,0.25,-0.11111045099616254,1.881024673523276e-10,1.3715045291661548e-5,4.4270579892236024e-5,0.11111045099616254,-0.11110975179781372
16592,0.1,-0.11111047933492772,3.2340051640220665e-10,1.7983339967931614e-5,4.385498180782007e-5,0.11111047933492772,-0.11110975368234133
16593,0.1,-0.11111050800337363,4.943150856937178e-10,2.2233197828781126e-5,4.360097088711103e-5,0.11111050800337363,-0.11110975552365568
16594,0.1,-0.11111053702251676,6.997111691718584e-10,2.6452054157888352e-5,4.3308164962566725e-5,0.11111053702251676,-0.11110975731518359
16595,0.1,-0.11111056641050383,9.383339706694386e-10,3.06322374414511e-5,4.2976835485742334e-5,0.11111056641050383,-0.11110975905057943
16596,0.1,-0.11111059618250296,1.2088141590881004e-9,3.476800481891505e-5,4.2607320719385674e-5,0.11111059618250296,-0.11110976072375088
16597,0.25,-0.1111106272705599,1.5014329740402159e-9,3.8748328661249585e-5,4.220195175696749e-5,0.1111106272705599,-0.11110976206122093
16598,0.625,-0.11111066162751464,1.7900606515760158e-9,4.230910837604612e-5,4.1195587037581544e-5,0.11111066162751464,-0.11110976244671869
16599,1.5625,-0.11111070355298183,2.002285168199012e-9,4.474690121336909e-5,3.856820122177224e-5,0.11111070355298183,-0.11110976030806649
16600,3.90625,-0.11111075889340698,1.960372905726862e-9,4.427609858294723e-5,3.177064263222263e-5,0.11111075889340698,-0.11110975258524927
16601,9.765625,-0.11111081192497778,1.361154358477671e-9,3.689382547903743e-5,1.5730353084111255e-5,0.11111081192497778,-0.11110973837910532
16602,24.4140625,-0.11111069704581411,2.833242444516532e-10,1.6832238248422375e-5,2.3082947349935918e-5,0.11111069704581411,-0.1111097360066064
16603,9.765625,-0.11111053047302465,6.163749569679796e-11,7.850955081822719e-6,6.179547253375148e-5,0.11111053047302465,-0.1111097412182549
16604,3.90625,-0.11111041762693796,9.792250507899681e-12,3.129257181488872e-6,6.851569545020618e-5,0.11111041762693796,-0.11110974627066153
16605,1.5625,-0.11111031620595044,5.7803216535953065e-11,7.602842661528191e-6,6.829546547112494e-5,0.11111031620595044,-0.1111097508546336
16606,0.625,-0.11111021842434052,1.9208061270468286e-10,1.3859315015709934e-5,6.709047234846982e-5,0.11111021842434052,-0.11110975519066096
16607,0.25,-0.11111012195461009,4.095971902310596e-10,2.023850760879022e-5,6.613339412182777e-5,0.11111012195461009,-0.11110975942949806
16608,0.1,-0.11111002601885245,7.095667465743602e-10,2.6637694092664257e-5,6.55231686564356e-5,0.11111002601885245,-0.11110976363714575
16609,0.1,-0.11110993090698558,1.0894505175198568e-9,3.300682531719548e-5,6.515113410748316e-5,0.11110993090698558,-0.11110976774947415
16610,0.1,-0.11110983672841164,1.5467592059214786e-9,3.932885970787201e-5,6.472050277456778e-5,0.11110983672841164,-0.11110977175166045
16611,0.1,-0.11110974359035652,2.0787337079755512e-9,4.559313224571823e-5,6.423169293113438e-5,0.11110974359035652,-0.11110977562938856
16612,0.1,-0.1111096515976977,2.6823567417715324e-9,5.1791473639698e-5,6.368521514307059e-5,0.1111096515976977,-0.11110977936890438
16613,0.25,-0.11110956357908185,3.336186688355016e-9,5.7759732412425664e-5,6.308442358383489e-5,0.11110956357908185,-0.11110978236185116
16614,0.625,-0.11110948628516101,3.982450646208091e-9,6.310666087037161e-5,6.158422966893175e-5,0.11110948628516101,-0.11110978323421994
16615,1.5625,-0.11110943743386115,4.460791450295277e-9,6.678915668201895e-5,5.765516090598074e-5,0.11110943743386115,-0.11110977847450618
16616,3.90625,-0.11110945995757567,4.376644592672695e-9,6.615621356057718e-5,4.745515149696821e-5,0.11110945995757567,-0.11110976121753584
16617,9.765625,-0.11110963754919358,3.0524908383470273e-9,5.524935147444744e-5,2.3032577070726808e-5,0.11110963754919358,-0.11110972928650525
16618,24.4140625,-0.11111003537784184,6.444320616454847e-10,2.5385666460534077e-5,3.335704571359143e-5,0.11111003537784184,-0.11110972347902885
16619,9.765625,-0.1111102027913239,1.4126251683232753e-10,1.1885390899433115e-5,9.218068193049574e-5,0.1111102027913239,-0.11110973509513233
16620,3.90625,-0.11111035029984123,1.9805024750058248e-11,4.450283670740355e-6,0.00010248298613044561,0.11111035029984123,-0.11110974642686713
16621,1.5625,-0.11111048826824571,1.227808350591669e-10,1.1080651382439883e-5,0.00010224750253924012,0.11111048826824571,-0.11110975671941464
16622,0.625,-0.11111062302905846,4.1951353857215886e-10,2.0482029649723653e-5,0.0001004804761471994,0.11111062302905846,-0.11110976645529273
16623,0.25,-0.11111075682555785,9.031431403400086e-10,3.0052340014381718e-5,9.906214367166606e-5,0.11111075682555785,-0.1111097759712016
16624,0.1,-0.11111089046058194,1.5718866754771525e-9,3.964702606094374e-5,9.815428910940563e-5,0.11111089046058194,-0.11110978541572844
16625,0.1,-0.11111102374185676,2.4201271346459094e-9,4.919478767761793e-5,9.759954493558488e-5,0.11111102374185676,-0.1111097946472989
16626,0.1,-0.11111115653942479,3.442328623609423e-9,5.867136118763074e-5,9.69567936565e-5,0.11111115653942479,-0.11110980363256778
16627,0.1,-0.11111128872130056,4.6323502337279525e-9,6.80613710832213e-5,9.622666798730846e-5,0.11111128872130056,-0.11110981233932327
16628,0.1,-0.11111142015374063,5.983471946017951e-9,7.735290522028214e-5,9.540993351805464e-5,0.11111142015374063,-0.11110982073661069
16629,0.25,-0.11111154799451854,7.4480732863321185e-9,8.63022206338407e-5,9.451159744902309e-5,0.11111154799451854,-0.11110982746539746
16630,0.625,-0.11111166518054115,8.897712383868738e-9,9.432768620012227e-5,9.226820470237832e-5,0.11111166518054115,-0.11110982945191254
16631,1.5625,-0.11111175250619078,9.975545929857455e-9,9.987765480755671e-5,8.638968207114823e-5,0.11111175250619078,-0.11110981883099416
16632,3.90625,-0.11111176041899606,9.802008739386369e-9,9.900509451228441e-5,7.110679628539001e-5,0.11111176041899606,-0.11110978017614127
16633,9.765625,-0.11111157665245867,6.859117167626776e-9,8.28197872952278e-5,3.422876854059771e-5,0.11111157665245867,-0.11110970833314127
16634,24.4140625,-0.11111105414574345,1.0282392173374526e-10,1.0140213101002625e-5,4.798315970090056e-5,0.11111105414574345,-0.11110974935283123
16635,9.765625,-0.11111001147478819,1.0744298150938607e-10,1.0365470636174031e-5,2.7737812901567666e-5,0.11111001147478819,-0.11110974872301217
16636,3.90625,-0.11110962110252953,1.2323498587182753e-10,1.1101125432667966e-5,1.8965098349867945e-5,0.11110962110252953,-0.11110974848315948
16637,1.5625,-0.11110930641317868,1.4325563033368955e-10,1.1968944411838896e-5,1.521844164489816e-5,0.11110930641317868,-0.11110974845107084
16638,0.625,-0.11110901136755057,1.6696757992434928e-10,1.2921593552048806e-5,1.3571142602188114e-5,0.11110901136755057,-0.11110974851619092
16639,1.5625,-0.11110883402356399,1.8225266911967243e-10,1.350009885592222e-5,1.2807199689919871e-5,0.11110883402356399,-0.1111097483537407
16640,3.90625,-0.1111089707132949,1.685472310098291e-10,1.2982574128801618e-5,1.0990131411119697e-5,0.1111089707132949,-0.11110974772864109
16641,9.765625,-0.11110973058721735,1.0160792760788218e-10,1.00800757739157e-5,8.011765122910446e-6,0.11110973058721735,-0.11110974674792967
16642,24.4140625,-0.11111067332751742,1.7400700305693613e-11,4.171414664798216e-6,1.1246121281998637e-5,0.11111067332751742,-0.1111097468936408
16643,9.765625,-0.11111028263453995,3.5437285107899493e-12,1.8824793520222073e-6,1.927263677811321e-5,0.11111028263453995,-0.1111097473786705
16644,3.90625,-0.1111101527460675,3.22499755480619e-12,1.7958278188084152e-6,2.0193562599568293e-5,0.1111101527460675,-0.11110974779334591
16645,1.5625,-0.11111005488835717,1.0395325374750886e-11,3.2241782479805435e-6,1.97419001533407e-5,0.11111005488835717,-0.11110974816322908
16646,0.625,-0.11110996523388607,2.4139608935422647e-11,4.913207601498501e-6,1.9240566719305905e-5,0.11110996523388607,-0.11110974851361789
16647,0.25,-0.11110987807628073,4.426190030551486e-11,6.6529617694313306e-6,1.8896103730512352e-5,0.11110987807628073,-0.11110974885707575
16648,0.1,-0.11110979170963749,7.070004394492286e-11,8.408331817008821e-6,1.868289677416982e-5,0.11110979170963749,-0.11110974919830544
16649,0.1,-0.11110970812411365,1.0317789855708112e-10,1.0157652216781254e-5,1.8550555969302064e-5,0.11110970812411365,-0.11110974953061067
16650,0.1,-0.11110962762217376,1.4145352504772054e-10,1.1893423604989462e-5,1.840501579440645e-5,0.11110962762217376,-0.1111097498529944
16651,0.1,-0.11110955049353621,1.8526637198296548e-10,1.361125901535069e-5,1.824616730333597e-5,0.11110955049353621,-0.11110975016449372
16652,0.1,-0.11110947701428057,2.3433828550732445e-10,1.5308111755122656e-5,1.807397919368856e-5,0.11110947701428057,-0.11110975046418503
16653,0.25,-0.1111094174354091,2.866421435845767e-10,1.693050925355102e-5,1.788975800954057e-5,0.1111094174354091,-0.11110975070055268
16654,0.625,-0.11110939475789783,3.3687517864064603e-10,1.835415970946766e-5,1.7455968892758648e-5,0.11110939475789783,-0.11110975076051831
16655,1.5625,-0.11110946563660248,3.7073448661393514e-10,1.9254466666566883e-5,1.6358329106763073e-5,0.11110946563660248,-0.11110975036164764
16656,3.90625,-0.11110974791372828,3.548225806588716e-10,1.883673487255346e-5,1.362569458252751e-5,0.11110974791372828,-0.11110974897996555
16657,9.765625,-0.11111035904611259,2.3845716690960787e-10,1.5442058376706385e-5,8.052138899100289e-6,0.11111035904611259,-0.11110974655397439
16658,24.4140625,-0.11111076879363575,4.7865959103377994e-11,6.918522898955961e-6,1.2062674042410117e-5,0.11111076879363575,-0.11110974632085499
16659,9.765625,-0.11111049523189512,1.0559125394065735e-11,3.2494807883823123e-6,2.67389925709204e-5,0.11111049523189512,-0.11110974727806726
16660,3.90625,-0.11111038134720445,3.2823481310241356e-12,1.8117251808770931e-6,2.921629888524766e-5,0.11111038134720445,-0.11110974818311267
16661,1.5625,-0.1111102894466916,1.3462674302023042e-11,3.669151714228105e-6,2.8988584426947996e-5,0.1111102894466916,-0.1111097490021392
16662,0.625,-0.1111102036158592,3.875384813056151e-11,6.225258880605811e-6,2.8424968525371354e-5,0.1111102036158592,-0.1111097497775214
16663,0.25,-0.11111011974757584,7.863196398754477e-11,8.867466604817001e-6,2.7994620018636225e-5,0.11111011974757584,-0.11110975053602266
16664,0.1,-0.11111003654863494,1.329509043753618e-10,1.1530433832920676e-5,2.772094025886278e-5,0.11111003654863494,-0.1111097512889626
16665,0.1,-0.11110995471915024,2.0122076858914138e-10,1.4185230649839338e-5,2.7551687660327116e-5,0.11110995471915024,-0.1111097520241526
16666,0.1,-0.11110987444920672,2.829730326682061e-10,1.6821802301424366e-5,2.7359050115215705e-5,0.11110987444920672,-0.11110975273906998
16667,0.1,-0.11110979592325498,3.7769279445729415e-10,1.9434320015305248e-5,2.714314016724604e-5,0.11110979592325498,-0.11110975343128081
16668,0.1,-0.11110971931961415,4.848208290821429e-10,2.2018647303641133e-5,2.6904126881444216e-5,0.11110971931961415,-0.11110975409844963
16669,0.25,-0.1111096499311543,6.003988366973723e-10,2.450303729535121e-5,2.6643550684470445e-5,0.1111096499311543,-0.11110975463150273
16670,0.625,-0.11110960005748086,7.138359633271851e-10,2.6717708796361734e-5,2.600810943197987e-5,0.11110960005748086,-0.11110975478587082
16671,1.5625,-0.11110960078947082,7.959106132806351e-10,2.821188780072392e-5,2.436479341706785e-5,0.11110960078947082,-0.11110975394025738
16672,3.90625,-0.1111097202932075,7.754715400608919e-10,2.7847289635813606e-5,2.0156790403016487e-5,0.1111097202932075,-0.11110975089796268
16673,9.765625,-0.11111004720550864,5.336194996662716e-10,2.310020561956693e-5,1.0638045159739735e-5,0.11111004720550864,-0.1111097453643082
16674,24.4140625,-0.11111039819516717,1.0884548768753025e-10,1.0432904086951544e-5,1.566380846566785e-5,0.11111039819516717,-0.11110974458489911
16675,9.765625,-0.11111035686988359,2.3640588020706572e-11,4.862158781930777e-6,3.907217880861818e-5,0.11111035686988359,-0.11110974665596794
16676,3.90625,-0.1111103727192897,4.902467434669431e-12,2.2141516286536094e-6,4.308997588999368e-5,0.1111103727192897,-0.11110974864380531
16677,1.5625,-0.11111039362005742,2.517843068558935e-11,5.017811344160853e-6,4.287856098141792e-5,0.11111039362005742,-0.1111097504449679
16678,0.625,-0.11111041559466309,7.918807209967582e-11,8.898768010217809e-6,4.209394813933486e-5,0.11111041559466309,-0.1111097521491151
16679,0.25,-0.11111043789060772,1.6575683163291527e-10,1.2874658505487253e-5,4.1481075910796696e-5,0.11111043789060772,-0.11110975381559408
16680,0.1,-0.11111046031318354,2.8457394848776815e-10,1.6869319739923368e-5,4.1091646162777734e-5,0.11111046031318354,-0.11110975547003286
16681,0.1,-0.1111104830922714,4.3461309028861926e-10,2.0847376100809888e-5,4.0853791845429873e-5,0.1111104830922714,-0.11110975708655055
16682,0.1,-0.11111050625515839,6.148771161215168e-10,2.4796715833382388e-5,4.0579647068803784e-5,0.11111050625515839,-0.11110975865938626
16683,0.1,-0.11111052982626439,8.242637657600477e-10,2.8709994179031938e-5,4.026946743150074e-5,0.11111052982626439,-0.11110976018297883
16684,0.1,-0.11111055382700886,1.0615702808184579e-9,3.258174766366068e-5,3.9923571629231075e-5,0.11111055382700886,-0.11110976165198913
16685,0.25,-0.11111057933370132,1.3182510267645479e-9,3.6307726819019503e-5,3.954414297520945e-5,0.11111057933370132,-0.11110976282634545
16686,0.625,-0.11111060865181997,1.5713359833513702e-9,3.964008051645922e-5,3.860212052207642e-5,0.11111060865181997,-0.11110976316526253
16687,1.5625,-0.11111064702234114,1.7571857254954594e-9,4.191879918956958e-5,3.614312285570679e-5,0.11111064702234114,-0.1111097612896084
16688,3.90625,-0.11111070263290097,1.719678249826488e-9,4.1469003482438397e-5,2.9785189814888112e-5,0.11111070263290097,-0.11110975451757628
16689,9.765625,-0.11111076459408173,1.1929070131443543e-9,3.453848597064374e-5,1.4837028538019594e-5,0.11111076459408173,-0.11110974207413499
16690,24.4140625,-0.11111067231757742,2.476221843104991e-10,1.57360155157047e-5,2.1782965954087075e-5,0.11111067231757742,-0.1111097400332198
16691,9.765625,-0.11111051557598536,5.388079677989631e-11,7.3403539955438326e-6,5.789330656554869e-5,0.11111051557598536,-0.1111097446043487
16692,3.90625,-0.11111041126122519,8.879921133190996e-12,2.979919652136781e-6,6.4151819651898e-5,0.11111041126122519,-0.11110974903078104
16693,1.5625,-0.11111031780719459,5.132665294024492e-11,7.164262204878107e-6,6.393366231889007e-5,0.11111031780719459,-0.11110975304622647
16694,0.625,-0.11111022778499054,1.6933269652059897e-10,1.3012789728593902e-5,6.280128373321726e-5,0.11111022778499054,-0.11110975684465679
16695,0.25,-0.11111013899131643,3.6025348552672616e-10,1.898034471569803e-5,6.190387909750443e-5,0.11111013899131643,-0.11110976055818964
16696,0.1,-0.11111005069203617,6.234035653356037e-10,2.496805089180178e-5,6.133226002076297e-5,0.11111005069203617,-0.11110976424457276
16697,0.1,-0.11110996317192247,9.565531308565543e-10,3.092819313921449e-5,6.098402222047896e-5,0.11110996317192247,-0.11110976784741176
16698,0.1,-0.11110987653496217,1.3575183270756894e-9,3.684451556304804e-5,6.058094273295716e-5,0.11110987653496217,-0.11110977135372266
16699,0.1,-0.11110979088306215,1.8238786889441727e-9,4.2706892756839294e-5,6.0123414767401624e-5,0.11110979088306215,-0.11110977475096565
16700,0.1,-0.11110970631587248,2.3529873550345014e-9,4.850760100267278e-5,5.96119183216522e-5,0.11110970631587248,-0.11110977802709436
16701,0.25,-0.11110962553809213,2.926015547556329e-9,5.409265705764812e-5,5.90495911679586e-5,0.11110962553809213,-0.11110978064861618
16702,0.625,-0.1111095549931569,3.492239891439116e-9,5.909517654969072e-5,5.7645139874169404e-5,0.1111095549931569,-0.11110978141097586
16703,1.5625,-0.11110951155719229,3.910897655520332e-9,6.253717019117776e-5,5.3966923607526544e-5,0.11110951155719229,-0.11110977723660648
16704,3.90625,-0.11110953591217516,3.8357750600217355e-9,6.193363431950151e-5,4.4421164906097967e-5,0.11110953591217516,-0.11110976211333397
16705,9.765625,-0.11110970605675949,2.6730898777714148e-9,5.1701933017745236e-5,2.160897388998251e-5,0.11110970605675949,-0.11110973415973713
16706,24.4140625,-0.11111007520434102,5.628677113573654e-10,2.3724833220854585e-5,3.1382135158459984e-5,0.11111007520434102,-0.1111097291478023
16707,9.765625,-0.11111022511155885,1.232646482283556e-10,1.1102461359012046e-5,8.629737799792414e-5,0.11111022511155885,-0.11110973932575231
16708,3.90625,-0.11111035862923124,1.7746928504666802e-11,4.212710351385056e-6,9.589819169507034e-5,0.11111035862923124,-0.11110974924353148
16709,1.5625,-0.11111048366014281,1.0865437548564141e-10,1.0423740954457829e-5,9.566195109349518e-5,0.11111048366014281,-0.1111097582498644
16710,0.625,-0.11111060581600112,3.6916244568932127e-10,1.9213600539443963e-5,9.400211238207654e-5,0.11111060581600112,-0.11110976676902275
16711,0.25,-0.11111072710199413,7.932790071468199e-10,2.8165209162135117e-5,9.267242007164083e-5,0.11111072710199413,-0.11110977509598055
16712,0.1,-0.11111084823747681,1.379448741657635e-9,3.71409308130213e-5,9.18219623737627e-5,0.11111084823747681,-0.11110978336072123
16713,0.1,-0.11111096905214814,2.1227424328248105e-9,4.6073229025376664e-5,9.130255522265919e-5,0.11111096905214814,-0.11110979143891198
16714,0.1,-0.11111108942951435,3.018306900518875e-9,5.493911994670897e-5,9.070078944462185e-5,0.11111108942951435,-0.11110979930136496
16715,0.1,-0.11111120925121543,4.060758883017043e-9,6.372408401081214e-5,9.001725875211747e-5,0.11111120925121543,-0.11110980691988538
16716,0.1,-0.11111132839726474,5.244207767120025e-9,7.241690249603352e-5,8.92526815320608e-5,0.11111132839726474,-0.11110981426738047
16717,0.25,-0.11111144432400609,6.526876673383096e-9,8.078908758850477e-5,8.841174366491733e-5,0.11111144432400609,-0.11110982015303904
16718,0.625,-0.11111155070425754,7.796104488029356e-9,8.829555191531087e-5,8.63115451259319e-5,0.11111155070425754,-0.11110982188426803
16719,1.5625,-0.11111163030994718,8.738944407852733e-9,9.348232136534017e-5,8.080850868419208e-5,0.11111163030994718,-0.1111098125729521
16720,3.90625,-0.11111163855209305,8.584292148812262e-9,9.265145518993353e-5,6.650468106995873e-5,0.11111163855209305,-0.1111097787179787
16721,9.765625,-0.11111147359222105,6.002707178792429e-9,7.747713971741878e-5,3.202595110086119e-5,0.11111147359222105,-0.11110971585750609
16722,24.4140625,-0.11111097940709405,9.037424848035836e-11,9.506537144531565e-6,4.5069921054406584e-5,0.11111097940709405,-0.11110975184957296
16723,9.765625,-0.11111004762639427,9.458194056582308e-11,9.725324702333752e-6,2.6013417292522978e-5,0.11111004762639427,-0.11110975129079212
16724,3.90625,-0.11110969982589092,1.0830191152492675e-10,1.0406820433010591e-5,1.7826242365634095e-5,0.11110969982589092,-0.11110975108212258
16725,1.5625,-0.11110941950498307,1.2569204302393272e-10,1.1211246274341347e-5,1.4356559242486863e-5,0.11110941950498307,-0.11110975105714287
16726,0.625,-0.11110915668156342,1.4627719889278295e-10,1.2094511105984522e-5,1.2839604680397124e-5,0.11110915668156342,-0.11110975111781927
16727,1.5625,-0.11110899910920881,1.5953600415740595e-10,1.263075627812547e-5,1.2138101574872223e-5,0.11110899910920881,-0.11110975097969915
16728,3.90625,-0.11110912219390362,1.476520582511204e-10,1.2151216328052117e-5,1.0477610132359915e-5,0.11110912219390362,-0.11110975043680395
16729,9.765625,-0.11110980161262603,8.931871539233674e-11,9.450857918323433e-6,7.783365015986332e-6,0.11110980161262603,-0.11110974957946854
16730,24.4140625,-0.11111064153720912,1.5315710738251223e-11,3.913529192206342e-6,1.0740189640521858e-5,0.11111064153720912,-0.11110974971067804
16731,9.765625,-0.11111029380904128,3.2520435704234003e-12,1.8033423331201983e-6,1.8158451392443282e-5,0.11111029380904128,-0.11110975013784062
16732,3.90625,-0.11111017926322965,2.982553812567065e-12,1.7270071837045337e-6,1.9013260431775902e-5,0.11111017926322965,-0.11110975050472882
16733,1.5625,-0.11111009320412162,9.272482530989463e-12,3.045075127314507e-6,1.8592919786875923e-5,0.11111009320412162,-0.11110975083275622
16734,0.625,-0.11111001442793723,2.132110189023429e-11,4.6174778711147375e-6,1.812664900545879e-5,0.11111001442793723,-0.11110975114386062
16735,0.25,-0.11110993786613862,3.895667937319559e-11,6.241528608698e-6,1.78064305562701e-5,0.11110993786613862,-0.11110975144896078
16736,0.1,-0.11110986200510158,6.21247286879891e-11,7.881924174209563e-6,1.7608329220840034e-5,0.11110986200510158,-0.11110975175213976
16737,0.1,-0.11110978862299066,9.05844048892707e-11,9.517583983830701e-6,1.7485432828390038e-5,0.11110978862299066,-0.1111097520475036
16738,0.1,-0.11110971798864246,1.241243905397353e-10,1.1141112625754004e-5,1.735027597150104e-5,0.11110971798864246,-0.11110975233417861
16739,0.1,-0.11110965035949509,1.625170760057586e-10,1.2748218542437943e-5,1.7202760319714556e-5,0.11110965035949509,-0.11110975261132039
16740,0.1,-0.11110958598078187,2.0551943053636053e-10,1.4335948888593336e-5,1.7042860194701087e-5,0.11110958598078187,-0.11110975287811936
16741,0.25,-0.11110953398395673,2.5136171262467135e-10,1.585439095722921e-5,1.6871791400161758e-5,0.11110953398395673,-0.11110975308940499
16742,0.625,-0.11110951484879891,2.954118047602017e-10,1.7187547956593508e-5,1.646888728890697e-5,0.11110951484879891,-0.11110975314602381
16743,1.5625,-0.1111095789949483,3.2516315006122616e-10,1.803228077812749e-5,1.5449722172562006e-5,0.1111095789949483,-0.11110975280021147
16744,3.90625,-0.11110983115896436,3.11345371244147e-10,1.7644981474746496e-5,1.291667518374497e-5,0.11110983115896436,-0.11110975159179243
16745,9.765625,-0.111110374866995,2.0929938191078336e-10,1.4467182929332972e-5,7.797502386412744e-6,0.111110374866995,-0.11110974946616192
16746,24.4140625,-0.1111107340148365,4.196815539172886e-11,6.478283367662213e-6,1.1491102006855484e-5,0.1111107340148365,-0.11110974926828313
16747,9.765625,-0.11111048794916645,9.375744417911623e-12,3.0619837390018292e-6,2.5127695588134365e-5,0.11111048794916645,-0.1111097501104256
16748,3.90625,-0.11111038482212791,3.0680512274789734e-12,1.7515853469011932e-6,2.7428537394227888e-5,0.11111038482212791,-0.11110975090685285
16749,1.5625,-0.11111030140232865,1.2056280302028258e-11,3.4722154745966237e-6,2.7211127384987884e-5,0.11111030140232865,-0.11110975162811032
16750,0.625,-0.11111022342842962,3.428767227439547e-11,5.855567630417693e-6,2.6682983726244963e-5,0.11111022342842962,-0.1111097523112756
16751,0.25,-0.11111014721594896,6.930428853669844e-11,8.324919731546872e-6,2.6280488681012098e-5,0.11111014721594896,-0.11110975297973771
16752,0.1,-0.11111007160409418,1.1697855237838923e-10,1.081566236429324e-5,2.6024762971507598e-5,0.11111007160409418,-0.11110975364337565
16753,0.1,-0.11110999722101489,1.7688019612056343e-10,1.329963142799692e-5,2.5866731270246233e-5,0.11110999722101489,-0.11110975429144841
16754,0.1,-0.11110992423747124,2.485981357399221e-10,1.5766995139845834e-5,2.568687465970832e-5,0.11110992423747124,-0.11110975492174541
16755,0.1,-0.11110985281920271,3.3168061770072163e-10,1.8212100859064052e-5,2.548530079377075e-5,0.11110985281920271,-0.11110975553213329
16756,0.1,-0.11110978312646459,4.256370208087033e-10,2.0630972367019044e-5,2.5262170686634358e-5,0.11110978312646459,-0.11110975612056552
16757,0.25,-0.11110971991154006,5.269915942636362e-10,2.2956297485954397e-5,2.501892510101087e-5,0.11110971991154006,-0.11110975659131982
16758,0.625,-0.11110967421993931,6.264457042812564e-10,2.502889738444857e-5,2.4425649528098642e-5,0.11110967421993931,-0.11110975672983385
16759,1.5625,-0.1111096739799762,6.983449394492387e-10,2.6426216896280078e-5,2.289176042542558e-5,0.1111096739799762,-0.11110975599115602
16760,3.90625,-0.11110978046859193,6.80230522770511e-10,2.6081229318621292e-5,1.8968480403547663e-5,0.11110978046859193,-0.1111097533262224
16761,9.765625,-0.11111007367432663,4.67786449183023e-10,2.1628371394606275e-5,1.0153850348064611e-5,0.11111007367432663,-0.1111097484802143
16762,24.4140625,-0.11111039103369419,9.526112191180712e-11,9.760180424142123e-6,1.4843298552867861e-5,0.11111039103369419,-0.111109747810311
16763,9.765625,-0.11111035707579496,2.0780090169213506e-11,4.558518418215891e-6,3.663927907897848e-5,0.11111035707579496,-0.1111097496283516
16764,3.90625,-0.11111037374591161,4.5053345352733796e-12,2.1225773331667753e-6,4.0379493457680656e-5,0.11111037374591161,-0.11110975137237722
16765,1.5625,-0.11111039473879669,2.2399580038338482e-11,4.7328194597236094e-6,4.017535167310607e-5,0.11111039473879669,-0.11110975295290969
16766,0.625,-0.11111041662531841,6.984282469533095e-11,8.35720196568989e-6,3.94392042861427e-5,0.11111041662531841,-0.11110975444861819
16767,0.25,-0.111110438775257,1.4580866995275657e-10,1.2075126084342e-5,3.886525236499054e-5,0.111110438775257,-0.11110975591145195
16768,0.1,-0.11111046102945481,2.5002605380477666e-10,1.5812212173025528e-5,3.850086810365182e-5,0.11111046102945481,-0.11110975736381401
16769,0.1,-0.11111048359212954,3.8159398667386174e-10,1.9534430799843176e-5,3.827846258379909e-5,0.11111048359212954,-0.11110975878294246
16770,0.1,-0.1111105064856792,5.396379408514281e-10,2.3230108498485928e-5,3.802212544334192e-5,0.1111105064856792,-0.11110976016378998
16771,0.1,-0.11111052972993814,7.231912116521881e-10,2.6892214703370716e-5,3.773209801194528e-5,0.11111052972993814,-0.11110976150148477
16772,0.1,-0.11111055334206647,9.311989734561477e-10,3.0515552976411025e-5,3.740868102012226e-5,0.11111055334206647,-0.11110976279135049
16773,0.25,-0.11111057824183271,1.1561596283096174e-9,3.400234739410821e-5,3.705391599534807e-5,0.11111057824183271,-0.1111097638228602
16774,0.625,-0.1111106063841244,1.3779122856081928e-9,3.712024091527684e-5,3.617295926546184e-5,0.1111106063841244,-0.11110976412191632
16775,1.5625,-0.11111064216524165,1.5406086505477552e-9,3.925058790066405e-5,3.3873600361822484e-5,0.11111064216524165,-0.11110976247974141
16776,3.90625,-0.11111069215724025,1.5072825125384866e-9,3.8823736457719865e-5,2.7931998583466178e-5,0.11111069215724025,-0.11110975654728934
16777,9.765625,-0.11111074492007719,1.0448793648349065e-9,3.232459380773263e-5,1.4014894625441151e-5,0.11111074492007719,-0.11110974565373764
16778,24.4140625,-0.11111065427913823,2.164843963882409e-10,1.4713408727696002e-5,2.0541208900217246e-5,0.11111065427913823,-0.1111097438914206
16779,9.765625,-0.11111051003622122,4.715379897958811e-11,6.866862382455914e-6,5.4224630661717945e-5,0.11111051003622122,-0.11110974789847261
16780,3.90625,-0.11111041335679077,8.026194489256844e-12,2.833053915698895e-6,6.0057688697591914e-5,0.11111041335679077,-0.11110975177573156
16781,1.5625,-0.11111032662618447,4.5447620617673914e-11,6.741485045423887e-6,5.984523196728492e-5,0.11111032662618447,-0.11110975529285706
16782,0.625,-0.11111024304463475,1.4902015329075274e-10,1.2207381098775967e-5,5.878273787348924e-5,0.11111024304463475,-0.11110975862015053
16783,0.25,-0.11111016058872283,3.16433344411254e-10,1.7788573422600645e-5,5.7942133779722253e-5,0.11111016058872283,-0.11110976187329802
16784,0.1,-0.11111007858319437,5.470894002735497e-10,2.3389942288803316e-5,5.74071146322035e-5,0.11111007858319437,-0.11110976510280413
16785,0.1,-0.11110999728609468,8.390323466506886e-10,2.8966055075738024e-5,5.708138322892071e-5,0.11110999728609468,-0.11110976825913982
16786,0.1,-0.1111099167931789,1.1903481458391903e-9,3.450142237414554e-5,5.6704345706860306e-5,0.1111099167931789,-0.11110977133093664
16787,0.1,-0.11110983719835092,1.5989154106112246e-9,3.9986440334333645e-5,5.627637177753674e-5,0.11110983719835092,-0.1111097743072157
16788,0.1,-0.1111097585935042,2.0624143642069323e-9,4.5413812482623966e-5,5.579791266645872e-5,0.1111097585935042,-0.11110977717742973
16789,0.25,-0.11110968345792514,2.5643290615319554e-9,5.0639204787713196e-5,5.5271902214871355e-5,0.11110968345792514,-0.11110977947407734
16790,0.625,-0.11110961770393572,3.0601724820524118e-9,5.5318825747230136e-5,5.39578557164829e-5,0.11110961770393572,-0.11110978014184983
16791,1.5625,-0.1111095768293589,3.4265055367264327e-9,5.8536360808701055e-5,5.0516451975385485e-5,0.1111095768293589,-0.11110977648505851
16792,3.90625,-0.1111095982504777,3.3598098920923123e-9,5.7963867125066047e-5,4.158799013927312e-5,0.1111095982504777,-0.11110976324054984
16793,9.765625,-0.11110975400897953,2.3399848480588163e-9,4.8373389875620834e-5,2.0292550150649088e-5,0.11110975400897953,-0.11110973877752606
16794,24.4140625,-0.11111009503711615,4.91792272822523e-10,2.217638998625617e-5,2.9503295631408966e-5,0.11111009503711615,-0.11110973443928895
16795,9.765625,-0.11111023524486964,1.0766865043116798e-10,1.0376350535287827e-5,8.077456732378837e-5,0.11111023524486964,-0.11110974335323776
16796,3.90625,-0.11111035977030616,1.5866548326490333e-11,3.983283611104077e-6,8.972789520161153e-5,0.11111035977030616,-0.11110975203238907
16797,1.5625,-0.11111047633350861,9.59322525071246e-11,9.794501136205182e-6,8.949571487732087e-5,0.11111047633350861,-0.11110975991292149
16798,0.625,-0.1111105901950242,3.244114489512295e-10,1.801142551135888e-5,8.793858671744005e-5,0.1111105901950242,-0.11110976736729133
16799,0.25,-0.11111070322977896,6.96069726518176e-10,2.63831333718756e-5,8.669306268773524e-5,0.11111070322977896,-0.11110977465375338
16800,0.1,-0.11111081610972734,1.2095503196110396e-9,3.477858996007514e-5,8.58969657250845e-5,0.11111081610972734,-0.11110978188598593
16801,0.1,-0.11111092867823168,1.860531996075178e-9,4.313388454655085e-5,8.541100645669329e-5,0.11111092867823168,-0.11110978895490374
16802,0.1,-0.11111104082725971,2.6447634150049514e-9,5.142726334353162e-5,8.484799323334236e-5,0.11111104082725971,-0.11110979583496311
16803,0.1,-0.11111115244713865,3.5575289996982436e-9,5.9645024936688926e-5,8.420848307804744e-5,0.11111115244713865,-0.11110980250149134
16804,0.1,-0.11111126342677193,4.593668864161093e-9,6.777661000788615e-5,8.349314991261908e-5,0.11111126342677193,-0.11110980893078033
16805,0.25,-0.11111137140473065,5.716562376951919e-9,7.560795181032164e-5,8.270637541602371e-5,0.11111137140473065,-0.1111098140799458
16806,0.625,-0.11111147050831394,6.827465345551953e-9,8.262847781214388e-5,8.074113301579683e-5,0.11111147050831394,-0.11110981559135409
16807,1.5625,-0.11111154474974036,7.652123704175382e-9,8.747641798893792e-5,7.559172779608245e-5,0.11111154474974036,-0.11110980743490205
16808,3.90625,-0.11111155275374708,7.51494747996601e-9,8.668879673848294e-5,6.220940587424003e-5,0.11111155275374708,-0.11110977779726987
16809,9.765625,-0.1111113999938094,5.252082031436898e-9,7.24712496886655e-5,2.998592349014359e-5,0.1111113999938094,-0.1111097228071953
16810,24.4140625,-0.1111109377204483,7.95026185715345e-11,8.916424091054355e-6,4.230510485809748e-5,0.1111109377204483,-0.11110975436281273
16811,9.765625,-0.11111007493074464,8.322036144914923e-11,9.122519468280088e-6,2.4442957643855712e-5,0.11111007493074464,-0.11110975387245889
16812,3.90625,-0.11110975291303773,9.521976058783849e-11,9.75806131297803e-6,1.680852205379973e-5,0.11110975291303773,-0.11110975369235657
16813,1.5625,-0.11110949339593867,1.1043046969310556e-10,1.0508590280960885e-5,1.3590594060709054e-5,0.11110949339593867,-0.11110975367413628
16814,0.625,-0.111109250082627,1.2843405093070877e-10,1.1332874786686244e-5,1.2189774805401104e-5,0.111109250082627,-0.11110975373130197
16815,1.5625,-0.11110910423040177,1.400202011100081e-10,1.1833013188110968e-5,1.1543549675398049e-5,0.11110910423040177,-0.11110975361413832
16816,3.90625,-0.11110921825285693,1.2960388712628858e-10,1.1384370299945824e-5,1.0020062648354597e-5,0.11110921825285693,-0.11110975314191077
16817,9.765625,-0.11110984731888066,7.84812724407544e-11,8.858965652984235e-6,7.574946948312043e-6,0.11110984731888066,-0.1111097523930785
16818,24.4140625,-0.11111062424201418,1.3541755209714972e-11,3.679912391581486e-6,1.0274789217313867e-5,0.11111062424201418,-0.1111097525103746
16819,9.765625,-0.11111030152443083,3.001355242479851e-12,1.7324419882004279e-6,1.71261907748913e-5,0.11111030152443083,-0.11110975288738938
16820,3.90625,-0.11111019522786175,2.7842445641017703e-12,1.6686055747544926e-6,1.7916449940935034e-5,0.11111019522786175,-0.11110975321237444
16821,1.5625,-0.11111011534718443,8.314502974655861e-12,2.883487987603878e-6,1.7523642207620014e-5,0.11111011534718443,-0.11110975350364462
16822,0.625,-0.11111004221870256,1.8891112793378973e-11,4.346390777803921e-6,1.7089380263282314e-5,0.11111004221870256,-0.11110975378023986
16823,0.25,-0.11110997114277112,3.436383165503098e-11,5.862067182746286e-6,1.6791472413426214e-5,0.11110997114277112,-0.11110975405164275
16824,0.1,-0.11110990071607652,5.468502269331351e-11,7.3949322304747e-6,1.660730265771667e-5,0.11110990071607652,-0.1111097543213937
16825,0.1,-0.11110983258937583,7.964351730977825e-11,8.924321672249284e-6,1.649311445745632e-5,0.11110983258937583,-0.11110975458429392
16826,0.1,-0.1111097670120312,1.0905407187624968e-10,1.0442895761054483e-5,1.636754931985172e-5,0.1111097670120312,-0.11110975483957802
16827,0.1,-0.11110970422281528,1.4271715800142813e-10,1.1946428671424282e-5,1.6230519739604286e-5,0.11110970422281528,-0.11110975508650558
16828,0.1,-0.11110964444918779,1.8041972426819409e-10,1.3432040956913216e-5,1.6082006444059326e-5,0.11110964444918779,-0.11110975532436776
16829,0.25,-0.11110959616391379,2.2060976509703192e-10,1.4852937928135023e-5,1.592314329786927e-5,0.11110959616391379,-0.11110975551352709
16830,0.625,-0.11110957836839508,2.592248644382418e-10,1.6100461621898975e-5,1.5549007652414418e-5,0.11110957836839508,-0.11110975556700434
16831,1.5625,-0.11110963784056198,2.8529526955235814e-10,1.689068588164371e-5,1.4603266870940727e-5,0.11110963784056198,-0.11110975526747642
16832,3.90625,-0.11110987174350051,2.731403548819824e-10,1.6526958428034555e-5,1.2258644976131578e-5,0.11110987174350051,-0.11110975421138371
16833,9.765625,-0.11111037607626735,1.8356630751278827e-10,1.3548664418044616e-5,7.576086252766807e-6,0.11111037607626735,-0.11110975235152454
16834,24.4140625,-0.11111070905407565,3.6834952444026584e-11,6.06918054139326e-6,1.0967977345591947e-5,0.11111070905407565,-0.11110975218290994
16835,9.765625,-0.1111104811164521,8.342699854893573e-12,2.8883732194599737e-6,2.361435399197158e-5,0.1111104811164521,-0.11110975292365738
16836,3.90625,-0.11111038575116904,2.8667481148289817e-12,1.6931473990261397e-6,2.57520528630264e-5,0.11111038575116904,-0.11110975362458456
16837,1.5625,-0.11111030865020997,1.0786730884956256e-11,3.2843158929914547e-6,2.5545595462321717e-5,0.11111030865020997,-0.11110975425992359
16838,0.625,-0.11111023659383333,3.0306507036370094e-11,5.505134606562322e-6,2.5051390386996277e-5,0.11111023659383333,-0.11110975486205081
16839,0.25,-0.11111016616816831,6.102579624880502e-11,7.811900936955422e-6,2.4675355609917466e-5,0.11111016616816831,-0.11110975545138112
16840,0.1,-0.11111009629788902,1.0283322314932704e-10,1.0140671730675786e-5,2.4436633682734576e-5,0.11111009629788902,-0.1111097560365283
16841,0.1,-0.11111002756647353,1.5535118297012382e-10,1.2463995465745477e-5,2.4289204890004794e-5,0.11111002756647353,-0.11110975660803639
16842,0.1,-0.11110996013223035,2.1821919993582474e-10,1.4772244241679216e-5,2.4121422584911998e-5,0.11110996013223035,-0.1111097571639684
16843,0.1,-0.11110989414881635,2.9104114749676423e-10,1.70599281210902e-5,2.3933390340254568e-5,0.11110989414881635,-0.11110975770245618
16844,0.1,-0.11110982976480759,3.733868289429664e-10,1.932321994241556e-5,2.3725262095130085e-5,0.11110982976480759,-0.11110975822170731
16845,0.25,-0.1111097713878503,4.6220617183385456e-10,2.1498980716160815e-5,2.3498384915014776e-5,0.1111097713878503,-0.11110975863777883
16846,0.625,-0.11110972926138821,5.493403333052365e-10,2.3438010438286704e-5,2.2944969880886116e-5,0.11110972926138821,-0.11110975876257191
16847,1.5625,-0.1111097292826251,6.122822541901417e-10,2.4744337820805423e-5,2.1514585414192346e-5,0.1111097292826251,-0.11110975811844713
16848,3.90625,-0.11110982825279443,5.962494783378282e-10,2.441822021232973e-5,1.78608638394486e-5,0.11110982825279443,-0.11110975578640594
16849,9.765625,-0.1111101001865105,4.098218612712335e-10,2.0244057431039695e-5,9.71282629715789e-6,0.1111101001865105,-0.11110975154574884
16850,24.4140625,-0.1111103935796273,8.339228859086467e-11,9.13193783327858e-6,1.4070188278067249e-5,0.1111103935796273,-0.11110975096826431
16851,9.765625,-0.11111036148892867,1.828989909220928e-11,4.276669158610387e-6,3.435311862811286e-5,0.11111036148892867,-0.11110975256343596
16852,3.90625,-0.11111037656258163,4.139039956025268e-12,2.034463063322917e-6,3.7836017418785735e-5,0.11111037656258163,-0.11110975409329149
16853,1.5625,-0.11111039567739463,1.9898251778793845e-11,4.460745652779796e-6,3.764036291357205e-5,0.11111039567739463,-0.11110975548013631
16854,0.625,-0.11111041562954857,6.152634441668615e-11,7.843873049500874e-6,3.695048400406718e-5,0.11111041562954857,-0.11110975679287068
16855,0.25,-0.11111043582756532,1.281263401777979e-10,1.131929062166874e-5,3.641339664030384e-5,0.11111043582756532,-0.11110975807692257
16856,0.1,-0.11111045612146488,2.194616392376852e-10,1.4814237720439254e-5,3.6072638722287195e-5,0.11111045612146488,-0.11110975935186301
16857,0.1,-0.1111104767018775,3.3474196916707365e-10,1.8295954994672284e-5,3.5864751303936294e-5,0.1111104767018775,-0.11110976059769348
16858,0.1,-0.11111049759000548,4.732008530098762e-10,2.175318029645036e-5,3.5625159565769335e-5,0.11111049759000548,-0.11110976180999511
16859,0.1,-0.11111051880468152,6.339910551398304e-10,2.5179179000512116e-5,3.5354091308007996e-5,0.11111051880468152,-0.11110976298450309
16860,0.1,-0.11111054036225802,8.161881382680282e-10,2.8569006602750963e-5,3.5051830276047344e-5,0.11111054036225802,-0.11110976411712327
16861,0.25,-0.1111105631262201,1.013213321112112e-9,3.183101193980663e-5,3.4720285999291754e-5,0.1111105631262201,-0.11110976502337888
16862,0.625,-0.11111058893463792,1.207388014273954e-9,3.474748932331592e-5,3.3896945603238095e-5,0.11111058893463792,-0.1111097652879352
16863,1.5625,-0.11111062193023123,1.3497465117274695e-9,3.673889644133952e-5,3.1748325859849346e-5,0.11111062193023123,-0.1111097638520455
16864,3.90625,-0.1111106683631144,1.320233473291417e-9,3.6335017177530235e-5,2.6199951199246194e-5,0.1111106683631144,-0.11110975865927954
16865,9.765625,-0.1111107178980332,9.147337508026502e-10,3.0244565640832903e-5,1.3256494329833267e-5,0.1111107178980332,-0.1111097491279635
16866,24.4140625,-0.1111106350078253,1.89262735650545e-10,1.3757279369502714e-5,1.9367158628034688e-5,0.1111106350078253,-0.11110974760337351
16867,9.765625,-0.11111050151476057,4.1291792080557124e-11,6.425868974742414e-6,5.0778406391558806e-5,0.11111050151476057,-0.1111097511142425
16868,3.90625,-0.1111104121500509,7.2463091204649e-12,2.6918969371922284e-6,5.621629116695887e-5,0.1111104121500509,-0.11110975450953711
16869,1.5625,-0.11111033199806326,4.0179028092338345e-11,6.338692932485241e-6,5.6011148204422214e-5,0.11111033199806326,-0.11110975758955198
16870,0.625,-0.11111025475801461,1.3099801361183448e-10,1.1445436366160728e-5,5.5015105965671995e-5,0.11111025475801461,-0.11110976050359986
16871,0.25,-0.11111017855574007,2.776847401170101e-10,1.666387530309232e-5,5.4228154382402813e-5,0.11111017855574007,-0.11110976335290516
16872,0.1,-0.11111010276581085,4.797175873469864e-10,2.1902456194385742e-5,5.3727589659089896e-5,0.11111010276581085,-0.11110976618161482
16873,0.1,-0.11111002762838623,7.353820835114961e-10,2.7117929189219005e-5,5.342297802708034e-5,0.11111002762838623,-0.11110976894626977
16874,0.1,-0.11110995323243401,1.0430016714025027e-9,3.229553640060036e-5,5.307039178316063e-5,0.11110995323243401,-0.1111097716369219
16875,0.1,-0.11110987966523488,1.4007182171958708e-9,3.7426170218122384e-5,5.267017834009526e-5,0.11110987966523488,-0.11110977424396339
16876,0.1,-0.11110980701223432,1.8064998639304785e-9,4.250293947399966e-5,5.222276167806843e-5,0.11110980701223432,-0.11110977675816541
16877,0.25,-0.11110973757556365,2.2458714339696337e-9,4.7390626013692136e-5,5.173088547233333e-5,0.11110973757556365,-0.11110977877011931
16878,0.625,-0.11110967684518551,2.679847220758143e-9,5.176724080688619e-5,5.050195849912199e-5,0.11110967684518551,-0.11110977935583435
16879,1.5625,-0.11110963920970109,3.000265276849753e-9,5.477467733222856e-5,4.728365210921856e-5,0.11110963920970109,-0.11110977615547032
16880,3.90625,-0.11110965938555913,2.9412342422090996e-9,5.423314708007548e-5,3.893677395880819e-5,0.11110965938555913,-0.11110976456374687
16881,9.765625,-0.1111098040541553,2.0474570901855717e-9,4.524883523567841e-5,1.9069839574965123e-5,0.1111098040541553,-0.11110974316528426
16882,24.4140625,-0.11111011941601466,4.296642757655625e-10,2.0728344742539442e-5,2.7727276164717092e-5,0.11111011941601466,-0.1111097394052531
16883,9.765625,-0.11111024865845573,9.407259473631538e-11,9.699102779964515e-6,7.558985729015713e-5,0.11111024865845573,-0.11110974720870107
16884,3.90625,-0.11111036361780567,1.416144096384748e-11,3.7631690054856e-6,8.394114952110154e-5,0.11111036361780567,-0.11110975480175991
16885,1.5625,-0.11111047123721064,8.457262361428886e-11,9.196337510894697e-6,8.371522155028255e-5,0.11111047123721064,-0.11110976169556748
16886,0.625,-0.11111057635793116,2.848036784097013e-10,1.6876127470770697e-5,8.225549273166866e-5,0.11111057635793116,-0.11110976821673639
16887,0.25,-0.11111068070718606,6.10282295322331e-10,2.470389231117904e-5,8.108933833711453e-5,0.11111068070718606,-0.11110977459124283
16888,0.1,-0.11111078490402815,1.0598244830143258e-9,3.255494559992884e-5,8.034436435061516e-5,0.11111078490402815,-0.11110978091846627
16889,0.1,-0.11111088880557946,1.6296444578762597e-9,4.036885504787397e-5,7.988978473953806e-5,0.11111088880557946,-0.11110978710277498
16890,0.1,-0.11111099231272836,2.3160200089979785e-9,4.812504554800939e-5,7.936314066929592e-5,0.11111099231272836,-0.11110979312182591
16891,0.1,-0.11111109532489694,3.114822602157622e-9,5.58105957875171e-5,7.876495445193432e-5,0.11111109532489694,-0.11110979895403682
16892,0.1,-0.11111119774024002,4.021534835797814e-9,6.341557250232638e-5,7.809585799617896e-5,0.11111119774024002,-0.1111098045786711
16893,0.25,-0.11111129739090067,5.004078352444271e-9,7.073951054710706e-5,7.73599490112525e-5,0.11111129739090067,-0.1111098090828907
16894,0.625,-0.11111138888518163,5.975965830194636e-9,7.730437135243153e-5,7.552160012393699e-5,0.11111138888518163,-0.11110981040340906
16895,1.5625,-0.11111145754073368,6.697011250487198e-9,8.183526898890966e-5,7.070482204545585e-5,0.11111145754073368,-0.11110980326379641
16896,3.90625,-0.11111146532705236,6.575673871181994e-9,8.109052886238932e-5,5.8189218738907766e-5,0.11111146532705236,-0.11110977733162132
16897,9.765625,-0.11111132512780642,4.5935531299733174e-9,6.777575621100304e-5,2.8085540635180585e-5,0.11111132512780642,-0.11110972924478628
16898,24.4140625,-0.1111108917653906,6.985797628312448e-11,8.358108415372732e-6,3.969271341232828e-5,0.1111108917653906,-0.1111097568954006
16899,9.765625,-0.11111010114563867,7.315869519164968e-11,8.55328563720689e-6,2.295115669699294e-5,0.11111010114563867,-0.11110975646484296
16900,3.90625,-0.11110980641066932,8.361895076116161e-11,9.144339820958188e-6,1.5841064507356728e-5,0.11110980641066932,-0.11110975630977665
16901,1.5625,-0.1111095689156639,9.687719828534388e-11,9.842621514888393e-6,1.2863971476045782e-5,0.1111095689156639,-0.11110975629737078
16902,0.625,-0.11110934625365161,1.1256519168918816e-10,1.0609674438416484e-5,1.1574701117129351e-5,0.11110934625365161,-0.1111097563512732
16903,1.5625,-0.11110921293130195,1.2264907558237654e-10,1.1074704311284186e-5,1.0981652279010185e-5,0.11110921293130195,-0.11110975625267239
16904,3.90625,-0.11110931777456806,1.1355132638435502e-10,1.065604647063605e-5,9.589875436746314e-6,0.11110931777456806,-0.1111097558432855
16905,9.765625,-0.11110989439836269,6.888436992403044e-11,8.299660831867193e-6,7.381551898145997e-6,0.11110989439836269,-0.11110975519055347
16906,24.4140625,-0.11111060521026722,1.197640420092456e-11,3.460694179052024e-6,9.841101776290345e-6,0.11111060521026722,-0.11110975529518213
16907,9.765625,-0.11111030943899161,2.7806234525277944e-12,1.6675201505612442e-6,1.6157957509439248e-5,0.11111030943899161,-0.11110975562780948
16908,3.90625,-0.11111021235204437,2.6005191078851365e-12,1.6126125101477838e-6,1.6889099230765505e-5,0.11111021235204437,-0.11110975591586635
16909,1.5625,-0.11111013945848863,7.450568937196315e-12,2.729573032031991e-6,1.6523495968738478e-5,0.11111013945848863,-0.11110975617477176
16910,0.625,-0.11111007274454522,1.6717679235680358e-11,4.088725869470874e-6,1.6120071584377675e-5,0.11111007274454522,-0.11110975642098357
16911,0.25,-0.11111000790813724,3.0270414700270436e-11,5.501855568830432e-6,1.5843525642656562e-5,0.11111000790813724,-0.11110975666271507
16912,0.1,-0.11110994366522181,4.806709965406352e-11,6.933044039530076e-6,1.5672650136928114e-5,0.11110994366522181,-0.11110975690302839
16913,0.1,-0.11110988153112177,6.992308806582629e-11,8.362002634885156e-6,1.5566749735120994e-5,0.11110988153112177,-0.11110975713734424
16914,0.1,-0.11110982173420499,9.567634885938889e-11,9.781428773926071e-6,1.545031319336007e-5,0.11110982173420499,-0.11110975736499272
16915,0.1,-0.11110976449312386,1.251523499014741e-10,1.1187151107474776e-5,1.5323263032808586e-5,0.11110976449312386,-0.11110975758532592
16916,0.1,-0.11110971001613884,1.581647207062862e-10,1.2576355621017012e-5,1.5185585746428094e-5,0.11110971001613884,-0.11110975779772268
16917,0.25,-0.1111096660703361,1.9335597385462162e-10,1.3905249866673437e-5,1.5038336947950023e-5,0.1111096660703361,-0.11110975796744851
16918,0.625,-0.11110965007120306,2.2717217986273175e-10,1.5072232079646722e-5,1.4691597215023195e-5,0.11110965007120306,-0.11110975801829866
16919,1.5625,-0.11110970488376237,2.5001318403102964e-10,1.5811805211013373e-5,1.3815744436185208e-5,0.11110970488376237,-0.11110975775985046
16920,3.90625,-0.11110991949737468,2.3938599886144793e-10,1.5472103892536657e-5,1.1650008928736494e-5,0.11110991949737468,-0.11110975683837886
16921,9.765625,-0.11111038154658119,1.608998251771442e-10,1.2684629485213362e-5,7.375341938887088e-6,0.11111038154658119,-0.11110975521239111
16922,24.4140625,-0.11111068485611977,3.2335591119534626e-11,5.686439230268325e-6,1.04766902687775e-5,0.11111068485611977,-0.11110975506821454
16923,9.765625,-0.11111047532776422,7.440432747479287e-12,2.727715664705412e-6,2.2195302936434835e-5,0.11111047532776422,-0.11110975571962073
16924,3.90625,-0.11111038752162804,2.6821818476348984e-12,1.6377368065824553e-6,2.4181171543314107e-5,0.11111038752162804,-0.11110975633660569
16925,1.5625,-0.11111031648746676,9.648400081382432e-12,3.1061873867142065e-6,2.3985958476945325e-5,0.11111031648746676,-0.11110975689646549
16926,0.625,-0.1111102500858789,2.6768354703182234e-11,5.1738143282478e-6,2.3524146350803452e-5,0.1111102500858789,-0.1111097574274044
16927,0.25,-0.11111018518148756,5.369225171432895e-11,7.327499690503504e-6,2.3173219249911527e-5,0.11111018518148756,-0.11110975794721678
16928,0.1,-0.11111012078658146,9.03228450628638e-11,9.50383317734817e-6,2.2950584968657293e-5,0.11111012078658146,-0.1111097584634039
16929,0.1,-0.1111100574376841,1.3632911308703435e-10,1.1676005870460769e-5,2.2813162797427902e-5,0.1111100574376841,-0.11110975896764773
16930,0.1,-0.11110999528029823,1.913952500626167e-10,1.3834567216310625e-5,2.265677775324625e-5,0.11110999528029823,-0.11110975945825251
16931,0.1,-0.11110993445566843,2.5517422826466894e-10,1.5974173789735386e-5,2.248152960459842e-5,0.11110993445566843,-0.11110975993358364
16932,0.1,-0.1111098751003773,3.2728918248704753e-10,1.8091135467047045e-5,2.228756565226198e-5,0.1111098751003773,-0.11110976039207125
16933,0.25,-0.11110982126559378,4.050665922316566e-10,2.0126266226790715e-5,2.2076144985435997e-5,0.11110982126559378,-0.11110976076016084
16934,0.625,-0.11110978236649291,4.813554985535961e-10,2.193981537191223e-5,2.1560417128413845e-5,0.11110978236649291,-0.1111097608730749
16935,1.5625,-0.11110978220711376,5.364306065213161e-10,2.3160971622997945e-5,2.0227935591826866e-5,0.11110978220711376,-0.1111097603124594
16936,3.90625,-0.11110987300206078,5.222868309569026e-10,2.2853595580496796e-5,1.682918863674357e-5,0.11110987300206078,-0.1111097582736838
16937,9.765625,-0.1111101228203582,3.5885467122393937e-10,1.8943459853573194e-5,9.309675739209944e-6,0.1111101228203582,-0.11110975456509765
16938,24.4140625,-0.11111039268297689,7.300537088349325e-11,8.544318046719308e-6,1.334422038457087e-5,0.11111039268297689,-0.11110975406646356
16939,9.765625,-0.1111103638536062,1.6116412352049712e-11,4.014525171430578e-6,3.22080962193514e-5,0.1111103638536062,-0.11110975546560592
16940,3.90625,-0.11111037827111028,3.8056442729350385e-12,1.9508060572325066e-6,3.545146896722637e-5,0.11111037827111028,-0.1111097568074563
16941,1.5625,-0.11111039635513699,1.7664167775566922e-11,4.202876131361347e-6,3.526490723248324e-5,0.11111039635513699,-0.11110975802435483
16942,0.625,-0.11111041519163041,5.415841348669296e-11,7.359240007411972e-6,3.46190306994561e-5,0.11111041519163041,-0.11110975917655415
16943,0.25,-0.11111043424708819,1.1250468736836868e-10,1.060682268016057e-5,3.4116829771554435e-5,0.11111043424708819,-0.11110976030374431
16944,0.1,-0.11111045338719183,1.9249648689218435e-10,1.3874310321316312e-5,3.3798389144720886e-5,0.11111045338719183,-0.11110976142301035
16945,0.1,-0.11111047278740238,2.9344124074066095e-10,1.713012669949236e-5,3.3604200761420745e-5,0.11111047278740238,-0.11110976251679422
16946,0.1,-0.1111104924668213,4.1466765107498154e-10,2.0363389970115033e-5,3.3380406092811825e-5,0.1111104924668213,-0.11110976358122898
16947,0.1,-0.11111051244237546,5.554337096631434e-10,2.356764115610944e-5,3.3127220266352795e-5,0.11111051244237546,-0.11110976461258346
16948,0.1,-0.11111053272871989,7.149298145454322e-10,2.673817148844386e-5,3.2844911103628726e-5,0.11111053272871989,-0.11110976560727533
16949,0.25,-0.11111055411176235,8.873911022094577e-10,2.978911046354788e-5,3.2535264045686147e-5,0.11111055411176235,-0.11110976640375204
16950,0.625,-0.11111057826115643,1.057327689912815e-9,3.2516575617872416e-5,3.1766257696834426e-5,0.11111057826115643,-0.1111097666383703
16951,1.5625,-0.11111060893011131,1.1818405007611425e-9,3.43779071608663e-5,2.9759785674896243e-5,0.11111060893011131,-0.11110976538430149
16952,3.90625,-0.11111065171897376,1.1557706537542643e-9,3.3996627093790704e-5,2.4582246706185736e-5,0.11111065171897376,-0.11110976084209731
16953,9.765625,-0.11111069677970678,8.004465957881771e-10,2.8292164918722233e-5,1.2557038678469068e-5,0.11111069677970678,-0.11110975250673019
16954,24.4140625,-0.11111061891145727,1.6545562152444865e-10,1.2862955396192924e-5,1.8262630898980772e-5,0.11111061891145727,-0.111109751186317
16955,9.765625,-0.111110495271168,3.6177991867725e-11,6.014814366854974e-6,4.7545083248171214e-5,0.111110495271168,-0.11110975426129131
16956,3.90625,-0.11111041235394949,6.543181479681948e-12,2.5579643233794227e-6,5.261497399733112e-5,0.11111041235394949,-0.1111097572339061
16957,1.5625,-0.1111103379568525,3.548888689578427e-11,5.957254979920221e-6,5.2418052134880524e-5,0.1111103379568525,-0.11110975993073054
16958,0.625,-0.11111026625211248,1.1506750186012684e-10,1.0726952123512384e-5,5.1484985067447436e-5,0.11111026625211248,-0.11110976248253096
16959,0.25,-0.1111101955046232,2.43515836506057e-10,1.5604993960462048e-5,5.07486518709249e-5,0.1111101955046232,-0.11110976497781934
16960,0.1,-0.11111012513503765,4.2037872405821724e-10,2.0503139370794348e-5,5.0280531290257224e-5,0.11111012513503765,-0.11110976745516761
16961,0.1,-0.1111100553649949,6.441543785807584e-10,2.5380196582783957e-5,4.99957785554084e-5,0.1111100553649949,-0.11110976987646846
16962,0.1,-0.11110998627707246,9.133750772703491e-10,3.022209584509898e-5,4.9666183598375884e-5,0.11110998627707246,-0.1111097722330194
16963,0.1,-0.11110991795232222,1.2264141761024204e-9,3.502019668851705e-5,4.929207291629356e-5,0.11110991795232222,-0.11110977451641671
16964,0.1,-0.1111098504701305,1.581492988766112e-9,3.976798949866729e-5,4.887384491742837e-5,0.1111098504701305,-0.11110977671858852
16965,0.25,-0.11110978596266605,1.965933246274666e-9,4.433884579321688e-5,4.841406513034705e-5,0.11110978596266605,-0.11110977848118393
16966,0.625,-0.11110972951659963,2.3455920445836377e-9,4.843131264568035e-5,4.7265215822934755e-5,0.11110972951659963,-0.11110977899558688
16967,1.5625,-0.11110969446645584,2.6257525374592967e-9,5.124209731714049e-5,4.425682071770479e-5,0.11110969446645584,-0.11110977619692243
16968,3.90625,-0.11110971299129414,2.573621131855112e-9,5.073086961461544e-5,3.6457159577970826e-5,0.11110971299129414,-0.11110976605712812
16969,9.765625,-0.11110984690511694,1.7908161584978843e-9,4.231803585349732e-5,1.7934501160497272e-5,0.11110984690511694,-0.11110974734673737
16970,24.4140625,-0.11111013907646056,3.7534925130834653e-10,1.9373932262407302e-5,2.6054816145941802e-5,0.11111013907646056,-0.11110974408514121
16971,9.765625,-0.11111025911247499,8.221356930475139e-11,9.067169861911234e-6,7.072695961846496e-5,0.11111025911247499,-0.11110975091393474
16972,3.90625,-0.11111036588353038,1.2633332947134805e-11,3.554340015689946e-6,7.85174450414013e-5,0.11111036588353038,-0.11110975755519491
16973,1.5625,-0.11111046583220366,7.4485845906367e-11,8.630518287239012e-6,7.829912256811746e-5,0.11111046583220366,-0.11110976358459426
16974,0.625,-0.11111056345231948,2.498536902256084e-10,1.580676090239896e-5,7.693151135556232e-5,0.11111056345231948,-0.11110976928829225
16975,0.25,-0.11111066034685232,5.347435663153121e-10,2.3124523050547706e-5,7.584013027234436e-5,0.11111066034685232,-0.11110977486392098
16976,0.1,-0.11111075709016943,9.281222905104299e-10,3.0465099548670933e-5,7.514324493606024e-5,0.11111075709016943,-0.11110978039832735
16977,0.1,-0.11111085355164758,1.4266750848564488e-9,3.777135270090878e-5,7.47181519976796e-5,0.11111085355164758,-0.11110978580772392
16978,0.1,-0.11111094963983,2.0271445889906983e-9,4.502382246090061e-5,7.422567949378158e-5,0.11111094963983,-0.11110979107257307
16979,0.1,-0.11111104526195731,2.7259179655766028e-9,5.2210324319779925e-5,7.36663171440518e-5,0.11111104526195731,-0.11110979617400389
16980,0.1,-0.1111111403241473,3.5190421833694016e-9,5.932151534957112e-5,7.304065739916938e-5,0.1111111403241473,-0.11110980109388496
16981,0.25,-0.11111123282511731,4.378433290356775e-9,6.616973092250546e-5,7.235253177367478e-5,0.11111123282511731,-0.11110980503355872
16982,0.625,-0.11111131778719999,5.228380175075426e-9,7.230753885367297e-5,7.063341401273887e-5,0.11111131778719999,-0.11110980618809137
16983,1.5625,-0.11111138165326537,5.858642868759729e-9,7.654177205134284e-5,6.612918259282452e-5,0.11111138165326537,-0.11110979994236109
16984,3.90625,-0.11111138928559096,5.7515282405719726e-9,7.583883069095918e-5,5.4427899639204725e-5,0.11111138928559096,-0.11110977726222919
16985,9.765625,-0.11111126003367731,4.016267912400993e-9,6.337403184586722e-5,2.6315488394957395e-5,0.11111126003367731,-0.11110973522597592
16986,24.4140625,-0.11111086533404287,8.507276908614992e-10,2.916723659967634e-5,3.791088153426872e-5,0.11111086533404287,-0.11110972742367436
16987,9.765625,-0.11111064780274814,1.8666560466181853e-10,1.3662562155826355e-5,0.00010563710381571657,0.11111064780274814,-0.11110974268731617
16988,3.90625,-0.11111047025022408,2.5092106063544023e-11,5.0092021384192535e-6,0.00011752238610784905,0.11111047025022408,-0.11110975759968467
16989,1.5625,-0.11111030624359385,1.589516770165629e-10,1.2607603936377558e-5,0.00011727836174095689,0.11111030624359385,-0.11110977114767868
16990,0.625,-0.11111014703142516,5.478017959326756e-10,2.3405166009509003e-5,0.00011526101048449406,0.11111014703142516,-0.11110978396241852
16991,0.25,-0.11110998972397904,1.182580317670061e-9,3.438866554069903e-5,0.000113637026903263,0.11110998972397904,-0.11110979648656957
16992,0.1,-0.11110983332239506,2.0609237459480524e-9,4.53973980085649e-5,0.00011259600007022374,0.11110983332239506,-0.11110980891589588
16993,0.1,-0.11110967804660449,3.1754597808049336e-9,5.6351218095130236e-5,0.00011195902688810935,0.11110967804660449,-0.11110982106500565
16994,0.1,-0.11110952402478265,4.518914235561027e-9,6.72228698848913e-5,0.00011122119924135095,0.11110952402478265,-0.11110983289004421
16995,0.1,-0.11110937138246808,6.083218714610172e-9,7.799499159952626e-5,0.00011038323080332859,0.11110937138246808,-0.11110984434864435
16996,0.1,-0.11110922024248947,7.859544493839863e-9,8.865407206575376e-5,0.00010944598745855842,0.11110922024248947,-0.11110985540008814
16997,0.25,-0.11110907374107686,9.78540764482551e-9,9.892121938606251e-5,0.00010841518958181529,0.11110907374107686,-0.11110986425859487
16998,0.625,-0.11110893951904506,1.1692241991625811e-8,0.00010813067091082812,0.00010584253848437963,0.11110893951904506,-0.11110986688374015
16999,1.5625,-0.11110883817400433,1.3111632411687555e-8,0.0001145060365731325,9.910200650029163e-5,0.11110883817400433,-0.11110985293365204
17000,3.90625,-0.11110882297126795,1.2888540878677267e-8,0.00011352770973941677,8.157393014852647e-5,0.11110882297126795,-0.11110980210713069
17001,9.765625,-0.11110901885912991,9.027165322305503e-9,9.50113957496968e-5,3.9208969614412945e-5,0.11110901885912991,-0.11110970752817956
17002,24.4140625,-0.11110971073813833,1.3428866999474663e-10,1.1588298839551327e-5,5.4759246513600096e-5,0.11110971073813833,-0.11110976132084317
17003,9.765625,-0.11111083205817435,1.4005638389836997e-10,1.183454198092896e-5,3.167904429857049e-5,0.11111083205817435,-0.1111097605052034
17004,3.90625,-0.11111124721617868,1.6094594331239354e-10,1.2686447229716976e-5,2.157767656171766e-5,0.11111124721617868,-0.11110976018693594
17005,1.5625,-0.11111158105282055,1.8756220312426663e-10,1.3695335086235262e-5,1.721593416876093e-5,0.11111158105282055,-0.11110976013751632
17006,0.625,-0.1111118939085461,2.1916886226685263e-10,1.480435281485998e-5,1.5278784024100676e-5,0.1111118939085461,-0.11110976021440042
17007,1.5625,-0.11111207926899165,2.3969188655566767e-10,1.5481985872479915e-5,1.4374650039902871e-5,0.11111207926899165,-0.11110975999086449
17008,3.90625,-0.11111192530706805,2.2171063149654937e-10,1.4889950688183939e-5,1.2202080136645991e-5,0.11111192530706805,-0.1111097591565821
17009,9.765625,-0.11111110212495058,1.3301973754611384e-10,1.1533418294075431e-5,8.541079000232429e-6,0.11111110212495058,-0.11110975785850881
17010,24.4140625,-0.11111010832873125,2.2403748326620026e-11,4.733259799189141e-6,1.241943374163178e-5,0.11111010832873125,-0.11110975804936443
17011,9.765625,-0.11111054616050928,4.1679647119942835e-12,2.041559382431548e-6,2.1798424368644487e-5,0.11111054616050928,-0.11110975867850215
17012,3.90625,-0.11111068930448337,3.743915768105107e-12,1.934920093467714e-6,2.286704409536417e-5,0.11111068930448337,-0.11110975921227909
17013,1.5625,-0.11111079683267362,1.3144885409670444e-11,3.625587595089994e-6,2.2345649864194386e-5,0.11111079683267362,-0.11110975968625642
17014,0.625,-0.11111089529658917,3.116825124416294e-11,5.582853324614837e-6,2.1766468588008434e-5,0.11111089529658917,-0.11110976013429738
17015,0.25,-0.11111099102257685,5.755761445960154e-11,7.586673477855861e-6,2.1368839344955223e-5,0.11111099102257685,-0.11110976057314569
17016,0.1,-0.11111108589651948,9.223228091161033e-11,9.603763892954174e-6,2.1123230579290783e-5,0.11111108589651948,-0.11110976100907335
17017,0.1,-0.11111117765756402,1.348299388747927e-10,1.1611629466823022e-5,2.0971292553964598e-5,0.11111117765756402,-0.11110976143336625
17018,0.1,-0.1111112659677747,1.8503346667647294e-10,1.3602700712596485e-5,2.0803924696938897e-5,0.1111112659677747,-0.11110976184471126
17019,0.1,-0.11111135050351499,2.4250128035900585e-10,1.55724526121933e-5,2.0621001280185198e-5,0.11111135050351499,-0.11110976224184126
17020,0.1,-0.11111143095645863,3.068686725235737e-10,1.7517667439575788e-5,2.042248373879683e-5,0.11111143095645863,-0.11110976262354057
17021,0.25,-0.1111114958010479,3.754717558681942e-10,1.9377093586711972e-5,2.020987350810306e-5,0.1111114958010479,-0.1111097629223104
17022,0.625,-0.11111151920694894,4.4134281210317537e-10,2.100816060732532e-5,1.970718577718692e-5,0.11111151920694894,-0.11110976298994761
17023,1.5625,-0.11111143763105791,4.856965967736808e-10,2.203852528581894e-5,1.843166834441164e-5,0.11111143763105791,-0.111109762456379
17024,3.90625,-0.11111111935579933,4.647227133673776e-10,2.155742826422896e-5,1.5241001801795031e-5,0.11111111935579933,-0.11110976063558538
17025,9.765625,-0.11111043599318943,3.1214543940766833e-10,1.7667638195516354e-5,8.59151888190597e-6,0.11111043599318943,-0.11110975744860675
17026,24.4140625,-0.11110999556166899,6.238255955246755e-11,7.898263071870142e-6,1.3370534094232991e-5,0.11110999556166899,-0.11110975713809555
17027,9.765625,-0.11111030622591216,1.3275034072071595e-11,3.6434920161942985e-6,3.043745191129075e-5,0.11111030622591216,-0.11110975838896131
17028,3.90625,-0.11111043446433717,3.664253446584514e-12,1.9142239802553186e-6,3.330266297483599e-5,0.11111043446433717,-0.11110975956833398
17029,1.5625,-0.11111053778234185,1.6983861276366027e-11,4.121148053196588e-6,3.3044233707784344e-5,0.11111053778234185,-0.11110976063342495
17030,0.625,-0.11111063428170434,5.014885692446918e-11,7.0815857634056214e-6,3.239666413762258e-5,0.11111063428170434,-0.11110976164063904
17031,0.25,-0.11111072861526529,1.0247116090741004e-10,1.0122804004198148e-5,3.190179647280111e-5,0.11111072861526529,-0.11110976262546102
17032,0.1,-0.1111108222458465,1.7375974747365992e-10,1.318179606402936e-5,3.1587159288765176e-5,0.1111108222458465,-0.11110976360290464
17033,0.1,-0.11111091434252335,2.6337339006699646e-10,1.6228782766030126e-5,3.13927721029547e-5,0.11111091434252335,-0.11110976455708342
17034,0.1,-0.11111100468605083,3.706982576336214e-10,1.925352584940279e-5,3.117143908135565e-5,0.11111100468605083,-0.11110976548468493
17035,0.1,-0.1111110930633515,4.950595464545864e-10,2.224993362809396e-5,3.092327461418598e-5,0.1111110930633515,-0.11110976638251288
17036,0.1,-0.11111117926812951,6.357241662663368e-10,2.5213571073260065e-5,3.064845829123989e-5,0.11111117926812951,-0.11110976724749964
17037,0.25,-0.11111125716964625,7.8749851701617e-10,2.8062403977852113e-5,3.0348737558164257e-5,0.11111125716964625,-0.11110976793654964
17038,0.625,-0.11111131253542081,9.364826702279856e-10,3.060200434984587e-5,2.96166652802577e-5,0.11111131253542081,-0.11110976812868846
17039,1.5625,-0.111111309421926,1.0443225866797962e-9,3.231598036080286e-5,2.7721115675873158e-5,0.111111309421926,-0.1111097670084234
17040,3.90625,-0.11111116924029368,1.0176400681315658e-9,3.190047128384729e-5,2.2855760771227327e-5,0.11111116924029368,-0.11110976300469524
17041,9.765625,-0.11111079132530445,7.00415744303548e-10,2.6465368773239266e-5,1.1709640994002267e-5,0.11111079132530445,-0.11110975572857555
17042,24.4140625,-0.11111039647074936,1.4275772245305419e-10,1.1948126315579952e-5,1.7587798956271262e-5,0.11111039647074936,-0.11110975469210657
17043,9.765625,-0.11111045084531988,3.0626562706098995e-11,5.534127095224593e-6,4.464783087479434e-5,0.11111045084531988,-0.11110975740592852
17044,3.90625,-0.11111043604451128,5.872618511061234e-12,2.4233486152556e-6,4.92788175979653e-5,0.11111043604451128,-0.1111097600092488
17045,1.5625,-0.1111104150925405,3.2391162798393e-11,5.691323466329515e-6,4.9041644111026824e-5,0.1111104150925405,-0.1111097623664248
17046,0.625,-0.11111039288343752,1.032383281797689e-10,1.0160626367491765e-5,4.814272468674179e-5,0.11111039288343752,-0.1111097645956733
17047,0.25,-0.11111037037381696,2.1686920849788283e-10,1.4726479840677569e-5,4.743978213206771e-5,0.11111037037381696,-0.11110976677521975
17048,0.1,-0.11111034781950178,3.728752603964559e-10,1.930997825986492e-5,4.699301386768256e-5,0.11111034781950178,-0.11110976893886347
17049,0.1,-0.11111032492134516,5.699103640098464e-10,2.3872795479579815e-5,4.672017303807706e-5,0.11111032492134516,-0.11110977105273556
17050,0.1,-0.11111030163723219,8.066658351488764e-10,2.8401863233754163e-5,4.6405603836673826e-5,0.11111030163723219,-0.1111097731092616
17051,0.1,-0.11111027792774547,1.0816949094568087e-9,3.288913056705526e-5,4.6049597279359915e-5,0.11111027792774547,-0.11110977510113104
17052,0.1,-0.11111025375636957,1.3934188056670462e-9,3.732852536153881e-5,4.565251564856206e-5,0.11111025375636957,-0.11110977702132468
17053,0.25,-0.11111022764725635,1.7306216167396545e-9,4.160074057922112e-5,4.521685665257433e-5,0.11111022764725635,-0.11110977855463224
17054,0.625,-0.11111019637409023,2.0631516262383357e-9,4.5421928913668294e-5,4.413471558009338e-5,0.11111019637409023,-0.11110977899084051
17055,1.5625,-0.11111015242472337,2.3074640439156038e-9,4.8036070238057604e-5,4.13086866706921e-5,0.11111015242472337,-0.11110977651848758
17056,3.90625,-0.11111008311063343,2.258573384080608e-9,4.752445038167836e-5,3.399407754103071e-5,0.11111008311063343,-0.11110976761395842
17057,9.765625,-0.11110999712100149,1.5671825966790416e-9,3.958765712541021e-5,1.668929731330742e-5,0.11110999712100149,-0.11110975125335733
17058,24.4140625,-0.11111009151510493,3.2532912207836714e-10,1.8036882271566977e-5,2.4701638927326542e-5,0.11111009151510493,-0.11110974855178292
17059,9.765625,-0.11111027700629714,7.045063665382372e-11,8.393487752646317e-6,6.627408019873274e-5,0.11111027700629714,-0.11110975455145973
17060,3.90625,-0.11111039840218032,1.110754943188428e-11,3.3327990386286837e-6,7.346964362822496e-5,0.11111039840218032,-0.11110976036090565
17061,1.5625,-0.11111050700874917,6.67194412779962e-11,8.168196941675452e-6,7.322415798302384e-5,0.11111050700874917,-0.11110976562944096
17062,0.625,-0.11111061176702317,2.2165319821000338e-10,1.4888021971034411e-5,7.192642595757167e-5,0.11111061176702317,-0.11110977061223141
17063,0.25,-0.11111071532240115,4.724308341428689e-10,2.173547409519445e-5,7.089709893307545e-5,0.11111071532240115,-0.11110977548314471
17064,0.1,-0.11111081856019141,8.181514437043087e-10,2.8603346722093704e-5,7.024116149928695e-5,0.11111081856019141,-0.11110978031821334
17065,0.1,-0.11111092110319953,1.255888121210741e-9,3.543851183685259e-5,6.984139672133467e-5,0.11111092110319953,-0.11110978504347327
17066,0.1,-0.11111102281275244,1.78277278106823e-9,4.222289403946904e-5,6.937867240033117e-5,0.11111102281275244,-0.1111097896418558
17067,0.1,-0.11111112355102087,2.3956261539393256e-9,4.894513411912696e-5,6.885343377575068e-5,0.11111112355102087,-0.11110979409687592
17068,0.1,-0.1111112231813474,3.0909711956122487e-9,5.559650344771916e-5,6.826622554507666e-5,0.1111112231813474,-0.11110979839269587
17069,0.25,-0.11111131822191453,3.844076563871822e-9,6.200061744750468e-5,6.762064188390124e-5,0.11111131822191453,-0.11110980182838538
17070,0.625,-0.1111114003441299,4.588310569081662e-9,6.77370693865749e-5,6.600849511466932e-5,0.1111114003441299,-0.11110980282112033
17071,1.5625,-0.11111144775069884,5.138748749410088e-9,7.16850664323476e-5,6.178605410526586e-5,0.11111144775069884,-0.11110979732654827
17072,3.90625,-0.11111140846390949,5.0405052719390026e-9,7.099651591408555e-5,5.082299362604618e-5,0.11111140846390949,-0.11110977744243757
17073,9.765625,-0.1111111877788708,3.5131711993401846e-9,5.9272010252227694e-5,2.454456334101644e-5,0.1111111877788708,-0.11110974068960362
17074,24.4140625,-0.11111075284781285,7.396846640097837e-10,2.719714440910633e-5,3.578473755068274e-5,0.11111075284781285,-0.111109734083186
17075,9.765625,-0.11111059955773131,1.6158113036342593e-10,1.2711456657811721e-5,9.887739644095586e-5,0.11111059955773131,-0.11110974745516608
17076,3.90625,-0.11111045619812705,2.2682997594120725e-11,4.762667067318555e-6,0.00010989849691448521,0.11111045619812705,-0.11110976048433652
17077,1.5625,-0.11111032155305253,1.419970679709744e-10,1.1916252261972906e-5,0.00010963035913865079,0.11111032155305253,-0.11110977231438146
17078,0.625,-0.11111019028375954,4.842471950433002e-10,2.200561735201492e-5,0.00010772735935623685,0.11111019028375954,-0.11110978350337718
17079,0.25,-0.11111006042615999,1.0415475997284863e-9,3.227301658860675e-5,0.00010620227215548096,0.11111006042615999,-0.11110979443933644
17080,0.1,-0.11110993127908723,1.8118472928679144e-9,4.256579956805598e-5,0.0001052265926997869,0.11110993127908723,-0.11110980529327753
17081,0.1,-0.11110980293220023,2.788665870916178e-9,5.2807820168192684e-5,0.00010463054752755675,0.11110980293220023,-0.1111098159019619
17082,0.1,-0.11110967547265159,3.965622454075451e-9,6.29731883747e-5,0.00010394008852352499,0.11110967547265159,-0.11110982622703883
17083,0.1,-0.11110954898625942,5.335640471938313e-9,7.304546852432608e-5,0.0001031558914014917,0.11110954898625942,-0.11110983623146123
17084,0.1,-0.11110942355752555,6.890977475050557e-9,8.301191164556178e-5,0.00010227877445589572,0.11110942355752555,-0.11110984587963073
17085,0.25,-0.1111093012081161,8.576746126792342e-9,9.261072360581329e-5,0.00010131410084424955,0.1111093012081161,-0.111109853606709
17086,0.625,-0.11110918696618773,1.0244930482165966e-8,0.00010121724399609963,9.890517740624084e-5,0.11110918696618773,-0.11110985587415897
17087,1.5625,-0.11110909474000659,1.1484368413153916e-8,0.00010716514551454645,9.259311457710743e-5,0.11110909474000659,-0.11110984362931924
17088,3.90625,-0.11110906256016834,1.1281889854462519e-8,0.00010621624101079138,7.61832216997368e-5,0.11110906256016834,-0.11110979912584196
17089,9.765625,-0.11110919155501509,7.890338384762025e-9,8.882757671332718e-5,3.657538624444091e-5,0.11110919155501509,-0.11110971648437953
17090,24.4140625,-0.11110996306287046,1.1720190112291e-10,1.0825982686246546e-5,5.153863891084245e-5,0.11110996306287046,-0.11110976376288569
17091,9.765625,-0.11111072319911199,1.233969106407709e-10,1.1108416207577518e-5,2.9276119627129057e-5,0.11111072319911199,-0.11110976298890973
17092,3.90625,-0.1111109986813579,1.4055235895588048e-10,1.1855478014651307e-5,1.9855999479623013e-5,0.1111109986813579,-0.11110976270135924
17093,1.5625,-0.1111112205374534,1.6238136945655176e-10,1.27428948617083e-5,1.5894377414248502e-5,0.1111112205374534,-0.1111097626564589
17094,3.90625,-0.11111126612727391,1.6227238501925296e-10,1.27386178614186e-5,1.4151660592015978e-5,0.11111126612727391,-0.11110976211292437
17095,9.765625,-0.11111090334749875,1.0937772015427122e-10,1.045838037911565e-5,1.0392783816217607e-5,0.11111090334749875,-0.11110976100575802
17096,24.4140625,-0.11111027676505586,2.086906630392522e-11,4.568267319665654e-6,9.712510899290384e-6,0.11111027676505586,-0.11110976086589709
17097,9.765625,-0.11111057503449917,5.147240731391044e-12,2.268753122618467e-6,1.8177055622938322e-5,0.11111057503449917,-0.11110976129822472
17098,3.90625,-0.11111066927782719,2.6253874880246096e-12,1.620304751589839e-6,1.949366775137109e-5,0.11111066927782719,-0.11110976169499154
17099,1.5625,-0.11111074103613655,7.396311017879795e-12,2.719615968823502e-6,1.922664658190744e-5,0.11111074103613655,-0.11110976205377193
17100,0.625,-0.11111080723151029,1.8439811521155804e-11,4.294160164823362e-6,1.8797146668459434e-5,0.11111080723151029,-0.11110976239315785
17101,0.25,-0.11111087179640654,3.550623296278201e-11,5.95871067956668e-6,1.8473271389323294e-5,0.11111087179640654,-0.11110976272432421
17102,0.1,-0.11111093587524927,5.850372953131941e-11,7.648773073592877e-6,1.8258874676645973e-5,0.11111093587524927,-0.11110976305195147
17103,0.1,-0.1111109975687359,8.717714162131656e-11,9.336870012017761e-6,1.8116847534286185e-5,0.1111109975687359,-0.1111097633707718
17104,0.1,-0.11111105664413402,1.2129558436430176e-10,1.101342745762198e-5,1.7964229145981676e-5,0.11111105664413402,-0.11110976367994164
17105,0.1,-0.11111111287970206,1.6061296095467696e-10,1.2673316888434415e-5,1.7800650303442723e-5,0.11111111287970206,-0.1111097639786383
17106,0.1,-0.11111116606539401,2.0486865285787502e-10,1.4313233487157087e-5,1.7625853389976217e-5,0.11111116606539401,-0.11110976426606418
17107,0.25,-0.11111120755515998,2.522943260680309e-10,1.5883775560868104e-5,1.7441207143130883e-5,0.11111120755515998,-0.11110976449671477
17108,0.625,-0.11111121821550554,2.982546723016704e-10,1.7270051311495006e-5,1.702672006074368e-5,0.11111121821550554,-0.11110976456952189
17109,1.5625,-0.11111115137894799,3.3020119218691844e-10,1.817143891349605e-5,1.5996468489617957e-5,0.11111115137894799,-0.1111097642301424
17110,3.90625,-0.11111091182501091,3.185752871842386e-10,1.7848677463169045e-5,1.3439070184629524e-5,0.11111091182501091,-0.1111097629985013
17111,9.765625,-0.11111041407182376,2.1725973474181118e-10,1.4739733197782489e-5,8.128365466040122e-6,0.11111041407182376,-0.11110976077847927
17112,24.4140625,-0.11111012680979174,4.529427225847872e-11,6.730101950080602e-6,1.1079145047180172e-5,0.11111012680979174,-0.11110976046564622
17113,9.765625,-0.11111034055216869,1.0570338645594055e-11,3.2512057218198383e-6,2.5239399452009176e-5,0.11111034055216869,-0.11110976131555077
17114,3.90625,-0.11111042900409132,3.069731389652938e-12,1.752064893105543e-6,2.7720348191027814e-5,0.11111042900409132,-0.11110976213376288
17115,1.5625,-0.11111050014297583,1.1347364958691659e-11,3.368585008381362e-6,2.7553894978391736e-5,0.11111050014297583,-0.11110976287700206
17116,0.625,-0.1111105665422515,3.32207527919414e-11,5.763744684833064e-6,2.7033589114776655e-5,0.1111105665422515,-0.11110976358062692
17117,0.25,-0.11111063143333529,6.818238085780688e-11,8.257262310100538e-6,2.6625050160785373e-5,0.11111063143333529,-0.11110976426821711
17118,0.1,-0.11111069583332644,1.1607745055195461e-10,1.0773924565911653e-5,2.6359238959544548e-5,0.11111069583332644,-0.11110976494997828
17119,0.1,-0.11111075919371342,1.7646211803090393e-10,1.3283904472364438e-5,2.6190345859123257e-5,0.11111075919371342,-0.11110976561538695
17120,0.1,-0.1111108213632972,2.489077537545106e-10,1.577681063315747e-5,2.6000147602367976e-5,0.1111108213632972,-0.11110976626223443
17121,0.1,-0.11111088219496758,3.329458659366477e-10,1.8246804266409166e-5,2.5788681500728525e-5,0.11111088219496758,-0.11110976688838702
17122,0.1,-0.11111094154611763,4.2806982311351835e-10,2.0689848310548785e-5,2.555604903154035e-5,0.11111094154611763,-0.11110976749179681
17123,0.25,-0.11111099524198052,5.308009732050828e-10,2.303911832525461e-5,2.530383318948065e-5,0.11111099524198052,-0.11110976797598494
17124,0.625,-0.11111103356540655,6.318358181099572e-10,2.513634456538892e-5,2.4702017182307956e-5,0.11111103356540655,-0.11110976812412333
17125,1.5625,-0.11111103192674426,7.054813229852011e-10,2.6560898384377005e-5,2.3159022970186577e-5,0.11111103192674426,-0.11110976738429522
17126,3.90625,-0.11111093635720055,6.889868537333627e-10,2.6248559079183045e-5,1.9219386745472043e-5,0.11111093635720055,-0.1111097646879107
17127,9.765625,-0.11111067669317354,4.765192023410212e-10,2.1829319786494062e-5,1.031466613566633e-5,0.11111067669317354,-0.11110975974382971
17128,24.4140625,-0.11111039935446344,9.848816060657716e-11,9.9241201426916e-6,1.4667700657154722e-5,0.11111039935446344,-0.11110975898149403
17129,9.765625,-0.11111043127181071,2.1513307437435197e-11,4.638244003654314e-6,3.6917527316609966e-5,0.11111043127181071,-0.1111097608316337
17130,3.90625,-0.11111041540419284,4.1280244645164056e-12,2.0317540364218316e-6,4.077677627195417e-5,0.11111041540419284,-0.11110976261551567
17131,1.5625,-0.11111039590939356,2.1677692112335498e-11,4.655930853474469e-6,4.059803782104094e-5,0.11111039590939356,-0.11110976423309421
17132,0.625,-0.11111037575056616,6.938315805757783e-11,8.329655338462561e-6,3.986074236791038e-5,0.11111037575056616,-0.11110976576318332
17133,0.25,-0.11111035545425475,1.4616096609044164e-10,1.2089704962919551e-5,3.9278908376792784e-5,0.11111035545425475,-0.11110976725870825
17134,0.1,-0.1111103351511704,2.517090607365047e-10,1.586534149448113e-5,3.890548202007554e-5,0.1111103351511704,-0.11110976874266716
17135,0.1,-0.1111103146425218,3.8510387912589535e-10,1.9624063777054317e-5,3.8674288243202143e-5,0.1111103146425218,-0.11110977019227128
17136,0.1,-0.11111029390573411,5.454437771555554e-10,2.3354737788199536e-5,3.8409241069803033e-5,0.11111029390573411,-0.11110977160241838
17137,0.1,-0.11111027292013313,7.317350554158696e-10,2.7050601757001074e-5,3.811056693385253e-5,0.11111027292013313,-0.11110977296818444
17138,0.1,-0.11111025166708466,9.428960387578653e-10,3.070661229699338e-5,3.777855456997159e-5,0.11111025166708466,-0.11110977428484486
17139,0.25,-0.11111022927126839,1.171365639330889e-9,3.422521934671696e-5,3.741541792700642e-5,0.11111022927126839,-0.11110977533905712
17140,0.625,-0.11111020386443587,1.3968320811815576e-9,3.737421679689834e-5,3.652407355212428e-5,0.11111020386443587,-0.11110977564986839
17141,1.5625,-0.11111017125244795,1.563002803680344e-9,3.953483025991567e-5,3.4207766793330315e-5,0.11111017125244795,-0.11110977398955652
17142,3.90625,-0.11111012533509855,1.5315585656857542e-9,3.913513211534815e-5,2.822691292264853e-5,0.11111012533509855,-0.1111097679638297
17143,9.765625,-0.11111007861362984,1.0656394844817115e-9,3.264413399803572e-5,1.415724330854994e-5,0.11111007861362984,-0.11110975684400003
17144,24.4140625,-0.1111101773653354,2.2282760489299067e-10,1.4927411191931127e-5,2.0412019506841008e-5,0.1111101773653354,-0.11110975493673084
17145,9.765625,-0.11111031789416474,4.833855857627898e-11,6.952593658216981e-6,5.474304830858226e-5,0.11111031789416474,-0.11110975903022811
17146,3.90625,-0.1111104125335582,7.211977972915357e-12,2.685512608965997e-6,6.072251397997974e-5,0.1111104125335582,-0.11110976300280852
17147,1.5625,-0.11111049750736193,4.443841963523751e-11,6.666214790661752e-6,6.053543389309659e-5,0.11111049750736193,-0.11110976660730308
17148,0.625,-0.1111105795424326,1.4929791002162347e-10,1.2218752392188961e-5,5.946782416606081e-5,0.1111105795424326,-0.11110977001610484
17149,0.25,-0.11111066064878189,3.193772263605544e-10,1.7871128290081587e-5,5.861616509652083e-5,0.11111066064878189,-0.11110977334752312
17150,0.1,-0.11111074150106774,5.540287227520024e-10,2.353781474037049e-5,5.807012132221359e-5,0.11111074150106774,-0.1111097766534519
17151,0.1,-0.1111108218108338,8.512485485619017e-10,2.9176164048104433e-5,5.7734425151662587e-5,0.1111108218108338,-0.11110977988392973
17152,0.1,-0.11111090147230444,1.2090671078813605e-9,3.477164229485516e-5,5.734722735000543e-5,0.11111090147230444,-0.11110978302739735
17153,0.1,-0.11111098038029087,1.62530553059368e-9,4.031507820398814e-5,5.690889297419775e-5,0.11111098038029087,-0.11110978607269317
17154,0.1,-0.11111105843043305,2.0975847799733204e-9,4.579939715731333e-5,5.641987062856008e-5,0.11111105843043305,-0.11110978900909872
17155,0.25,-0.11111113296357604,2.6091653703221147e-9,5.107998992092808e-5,5.5883298871236096e-5,0.11111113296357604,-0.1111097913608537
17156,0.625,-0.11111119761215818,3.114969125824431e-9,5.581190845889819e-5,5.455337368347277e-5,0.11111119761215818,-0.11110979205318561
17157,1.5625,-0.11111123566360911,3.48987007941093e-9,5.90751223393649e-5,5.108062868677162e-5,0.11111123566360911,-0.11110978833832247
17158,3.90625,-0.11111120693894284,3.425768831712502e-9,5.853006775762781e-5,4.2075212589578285e-5,0.11111120693894284,-0.1111097748377894
17159,9.765625,-0.11111103613400841,2.392258013892683e-9,4.891071471459687e-5,2.053121067447792e-5,0.11111103613400841,-0.11110974981275995
17160,24.4140625,-0.11111068481275943,5.059411637082391e-10,2.2493135924282304e-5,2.9459381847988166e-5,0.11111068481275943,-0.1111097452038271
17161,9.765625,-0.11111055263551461,1.1034789070725255e-10,1.050466042798398e-5,8.165422405170758e-5,0.11111055263551461,-0.1111097543297657
17162,3.90625,-0.11111043191862736,1.4558112016621117e-11,3.81550940460394e-6,9.08009296812269e-5,0.11111043191862736,-0.11110976323269815
17163,1.5625,-0.11111031891877197,9.492760060214308e-11,9.74307962618304e-6,9.059405196293055e-5,0.11111031891877197,-0.11110977131732558
17164,0.625,-0.11111020881838447,3.2727961761382867e-10,1.8090871112631052e-5,8.902405245851822e-5,0.11111020881838447,-0.11110977896261826
17165,0.25,-0.11111009988850687,7.061607170117739e-10,2.6573684671339312e-5,8.776052751733851e-5,0.11111009988850687,-0.11110978643319532
17166,0.1,-0.11110999151593202,1.2301125491698217e-9,3.507296037077312e-5,8.694825766669794e-5,0.11110999151593202,-0.11110979384591077
17167,0.1,-0.11110988380811533,1.8946945487108105e-9,4.3528089192047134e-5,8.644850621582957e-5,0.11110988380811533,-0.11110980109015159
17168,0.1,-0.11110977684484973,2.6955244579757913e-9,5.191844044244579e-5,8.587122351794088e-5,0.11110977684484973,-0.11110980813987582
17169,0.1,-0.11110967070497234,3.627750085245201e-9,6.0230806778966534e-5,8.52169728433308e-5,0.11110967070497234,-0.11110981496993526
17170,0.1,-0.1111095654663488,4.686069655671734e-9,6.845487313312131e-5,8.448643541501888e-5,0.1111095654663488,-0.11110982155617405
17171,0.25,-0.11110946300580464,5.8332228389597626e-9,7.637553822369936e-5,8.36842663389681e-5,0.11110946300580464,-0.11110982683432216
17172,0.625,-0.11110936796364972,6.968774352533017e-9,8.347918514535835e-5,8.169358247433982e-5,0.11110936796364972,-0.11110982839714137
17173,1.5625,-0.11110929308397106,7.813712221676034e-9,8.839520474367393e-5,7.649035212394012e-5,0.11110929308397106,-0.1111098200837806
17174,3.90625,-0.11110927264778053,7.680009758159404e-9,8.763566487543417e-5,6.297439482148288e-5,0.11110927264778053,-0.1111097898018581
17175,9.765625,-0.11110939448152768,5.378195841214071e-9,7.333618371045817e-5,3.0357632786290727e-5,0.11110939448152768,-0.11110973346648007
17176,24.4140625,-0.11110999312423381,7.959516687099172e-11,8.921612347047573e-6,4.2323615308260575e-5,0.11110999312423381,-0.111109765645943
17177,9.765625,-0.11111070248964781,8.365719611689349e-11,9.14643078566134e-6,2.4257743316606422e-5,0.11111070248964781,-0.11110976513579171
17178,3.90625,-0.11111096040766473,9.533656152006332e-11,9.764044321901828e-6,1.6587031241076135e-5,0.11111096040766473,-0.11110976494840902
17179,1.5625,-0.1111111681249439,1.1011921608008755e-10,1.0493770346261992e-5,1.338580482438794e-5,0.1111111681249439,-0.11110976492574226
17180,0.625,-0.11111136293211593,1.2756708644321094e-10,1.1294560037611511e-5,1.200187767530773e-5,0.11111136293211593,-0.11110976497920122
17181,1.5625,-0.11111147728922893,1.387514655863457e-10,1.1779281199901194e-5,1.1365843636108616e-5,0.11111147728922893,-0.11110976486095224
17182,3.90625,-0.11111137820364789,1.2867966890529485e-10,1.1343706136236731e-5,9.868306008382732e-6,0.11111137820364789,-0.11110976439155391
17183,9.765625,-0.11111086034248173,7.875198952891698e-11,8.874231771196704e-6,7.459971838160938e-6,0.11111086034248173,-0.11110976363988127
17184,24.4140625,-0.11111024167449701,1.3723357093926328e-11,3.7045049728575515e-6,1.0206666357379691e-5,0.11111024167449701,-0.11110976375088191
17185,9.765625,-0.11111050078218895,3.037298352147421e-12,1.7427846545535742e-6,1.716335272059115e-5,0.11111050078218895,-0.11110976412948975
17186,3.90625,-0.11111058095852071,2.597720233976002e-12,1.611744469193551e-6,1.800620718706525e-5,0.11111058095852071,-0.11110976445938206
17187,1.5625,-0.11111063984681961,7.970175286183029e-12,2.823149887303724e-6,1.763516478934838e-5,0.11111063984681961,-0.11110976475549789
17188,0.625,-0.11111069336919335,1.8438781088022516e-11,4.294040182394957e-6,1.7207943238365242e-5,0.11111069336919335,-0.11110976503660626
17189,0.25,-0.11111074527992608,3.38457489484798e-11,5.817709940215291e-6,1.6911356918002424e-5,0.11111074527992608,-0.11110976531227051
17190,0.1,-0.1111107966916413,5.413935287352894e-11,7.35794488111517e-6,1.6726408482768114e-5,0.1111107966916413,-0.11110976558611386
17191,0.1,-0.11111084623180655,7.911186414986046e-11,8.894485041297245e-6,1.661071591470633e-5,0.11111084623180655,-0.11110976585301953
17192,0.1,-0.11111089369977283,1.085789954224635e-10,1.0420124539681063e-5,1.6483746856659753e-5,0.11111089369977283,-0.11110976611221958
17193,0.1,-0.11111093890364228,1.423424074179841e-10,1.1930733733429144e-5,1.6345397465156376e-5,0.11111093890364228,-0.11110976636297068
17194,0.1,-0.11111098166088096,1.801904165912443e-10,1.342350239658951e-5,1.6195632482701995e-5,0.11111098166088096,-0.11110976660455939
17195,0.25,-0.1111110150622336,2.2060418965581963e-10,1.485275023878809e-5,1.6035603487372506e-5,0.1111110150622336,-0.11110976679731942
17196,0.625,-0.11111102365399496,2.595996654015337e-10,1.6112096865446587e-5,1.56609479948132e-5,0.11111102365399496,-0.11110976685395901
17197,1.5625,-0.11111096950754006,2.8637421235338597e-10,1.692259472874612e-5,1.471504051706151e-5,0.11111096950754006,-0.11110976655553108
17198,3.90625,-0.11111077449376223,2.753833873507778e-10,1.6594679489245273e-5,1.2362721398280262e-5,0.11111077449376223,-0.11110976549114851
17199,9.765625,-0.11111036575313647,1.8655078174332184e-10,1.3658359408923233e-5,7.586599823254966e-6,0.11111036575313647,-0.11110976359541079
17200,24.4140625,-0.1111101241185824,3.790618474176127e-11,6.156799878326506e-6,1.0838263573061792e-5,0.1111101241185824,-0.11110976339438473
17201,9.765625,-0.11111032647193027,8.597323762189165e-12,2.9321193294593527e-6,2.378023381873966e-5,0.11111032647193027,-0.11110976414689666
17202,3.90625,-0.1111104147668941,2.7130732350910587e-12,1.6471409275138114e-6,2.599043677041504e-5,0.1111104147668941,-0.1111097648628229
17203,1.5625,-0.11111048722951834,1.0501744558274772e-11,3.2406395292094387e-6,2.580346159133504e-5,0.11111048722951834,-0.11110976551235657
17204,0.625,-0.11111055531204644,3.0119821139861186e-11,5.488152798516199e-6,2.531276765167443e-5,0.11111055531204644,-0.1111097661278743
17205,0.25,-0.11111062199508837,6.115235722484643e-11,7.819997265015279e-6,2.493586167316585e-5,0.11111062199508837,-0.11110976673013703
17206,0.1,-0.11111068822139043,1.0348197723432084e-10,1.0172609165515052e-5,2.469530397080549e-5,0.11111068822139043,-0.1111097673279728
17207,0.1,-0.11111075347099447,1.5672777419502536e-10,1.251909638093043e-5,2.4545980187155193e-5,0.11111075347099447,-0.111109767911903
17208,0.1,-0.11111081760274832,2.2052401886279318e-10,1.4850051140073328e-5,2.4376167740457305e-5,0.11111081760274832,-0.11110976847995559
17209,0.1,-0.11111088047928235,2.9446894875799244e-10,1.7160097574256168e-5,2.4185968880225442e-5,0.11111088047928235,-0.11110976903022815
17210,0.1,-0.11111094196739311,3.7812635258521713e-10,1.9445471261587287e-5,2.3975536138795652e-5,0.11111094196739311,-0.11110976956089438
17211,0.25,-0.11111099815381319,4.684266345812472e-10,2.164316600179482e-5,2.374625258666034e-5,0.11111099815381319,-0.1111097699868385
17212,0.625,-0.11111103993208339,5.571526482401316e-10,2.3604081177629678e-5,2.3188627595053284e-5,0.11111103993208339,-0.11110977011706487
17213,1.5625,-0.11111104423503503,6.216111148943603e-10,2.4932130171615106e-5,2.174848951024271e-5,0.11111104423503503,-0.1111097694658682
17214,3.90625,-0.1111109602171046,6.064228809876045e-10,2.4625654935201306e-5,1.8066613802159086e-5,0.1111109602171046,-0.11110976709492316
17215,9.765625,-0.11111071994924127,4.18467824073768e-10,2.045648611256997e-5,9.803574732341189e-6,0.11111071994924127,-0.11110976275971615
17216,24.4140625,-0.11111044737799955,8.602815074590067e-11,9.275136157809257e-6,1.4003582674747752e-5,0.11111044737799955,-0.11110976212318556
17217,9.765625,-0.11111046054713002,1.8861674450018817e-11,4.3430029300034805e-6,3.4688025761087596e-5,0.11111046054713002,-0.11110976375220229
17218,3.90625,-0.11111043546474846,3.892234629889759e-12,1.972874712162371e-6,3.8269480485436346e-5,0.11111043546474846,-0.11110976532053556
17219,1.5625,-0.1111104078350387,1.95641878926325e-11,4.423142309787523e-6,3.809474994672389e-5,0.1111104078350387,-0.11110976674318444
17220,0.625,-0.11111037984540881,6.17167393789847e-11,7.856000215057577e-6,3.740560532907883e-5,0.11111037984540881,-0.11110976808969801
17221,0.25,-0.11111035181411326,1.294194680507797e-10,1.137626775576154e-5,3.6865045197713336e-5,0.11111035181411326,-0.11110976940649825
17222,0.1,-0.11111032380465526,2.2242309786939029e-10,1.4913855902126394e-5,3.652061397785058e-5,0.11111032380465526,-0.11110977071369317
17223,0.1,-0.11111029565372989,3.399239706421619e-10,1.843702716389391e-5,3.630957906665652e-5,0.11111029565372989,-0.11110977199107791
17224,0.1,-0.11111026734873858,4.811391998177311e-10,2.1934885452578297e-5,3.606656471283621e-5,0.11111026734873858,-0.11110977323413603
17225,0.1,-0.1111102388786794,6.452038184175534e-10,2.540086255262906e-5,3.579180003886087e-5,0.1111102388786794,-0.11110977443850913
17226,0.1,-0.11111021023425503,8.311743876426461e-10,2.8830095172278675e-5,3.548557019862381e-5,0.11111021023425503,-0.11110977560001266
17227,0.25,-0.11111018081428865,1.0323778061396193e-9,3.213063656605047e-5,3.514984161645185e-5,0.11111018081428865,-0.11110977653061249
17228,0.625,-0.1111101493859936,1.2308744517839168e-9,3.508382037042028e-5,3.4318267170081806e-5,0.1111101493859936,-0.11110977680655498
17229,1.5625,-0.11111011334890657,1.3769438864174983e-9,3.7107194537144656e-5,3.214984007764109e-5,0.11111011334890657,-0.1111097753465695
17230,3.90625,-0.1111100700244556,1.3484970245067807e-9,3.672188754008678e-5,2.6548121724334473e-5,0.1111100700244556,-0.1111097700446787
17231,9.765625,-0.11111003603226524,9.369966959282055e-10,3.061040176032006e-5,1.3431543210426534e-5,0.11111003603226524,-0.11110976027434018
17232,24.4140625,-0.11111014828916725,1.9545771495594273e-10,1.3980619262248104e-5,1.9360900911439452e-5,0.11111014828916725,-0.11110975863183496
17233,9.765625,-0.1111102891998334,4.266978628449993e-11,6.532211439053388e-6,5.1367662701830035e-5,0.1111102891998334,-0.11110976222851658
17234,3.90625,-0.11111038617671835,6.889027081776155e-12,2.624695616976596e-6,5.694308855085232e-5,0.11111038617671835,-0.11110976571754386
17235,1.5625,-0.11111047372462723,3.9886395625611894e-11,6.315567719976716e-6,5.676229967615286e-5,0.11111047372462723,-0.11110976888435457
17236,0.625,-0.1111105583666982,1.3228944662524023e-10,1.1501714942791803e-5,5.5763629119365545e-5,0.1111105583666982,-0.11110977188040895
17237,0.25,-0.11111064207748278,2.820055662557795e-10,1.6793021355782868e-5,5.4969751935985585e-5,0.11111064207748278,-0.11110977480941915
17238,0.1,-0.11111072552353235,4.884872048742531e-10,2.210174664758994e-5,5.446302843647837e-5,0.11111072552353235,-0.11110977771680881
17239,0.1,-0.1111108084486116,7.49983855567611e-10,2.738583311801215e-5,5.415357232467624e-5,0.1111108084486116,-0.11110978055843299
17240,0.1,-0.11111089075023244,1.0647776757804803e-9,3.2630931273570484e-5,5.379562859642844e-5,0.11111089075023244,-0.11110978332409344
17241,0.1,-0.11111097232647778,1.430965400743297e-9,3.7828103319401263e-5,5.3389548146891836e-5,0.11111097232647778,-0.11110978600394189
17242,0.1,-0.11111105307622693,1.8464663599157976e-9,4.297052896946694e-5,5.293575901096576e-5,0.11111105307622693,-0.11110978858851808
17243,0.25,-0.11111113046627903,2.2965301675087238e-9,4.7922126074588174e-5,5.243709042638775e-5,0.11111113046627903,-0.11110979065906089
17244,0.625,-0.1111111984084651,2.7414173102539408e-9,5.2358545723252675e-5,5.119391465838764e-5,0.1111111984084651,-0.11110979126976328
17245,1.5625,-0.11111124087991842,3.0708209329637114e-9,5.541498834217789e-5,4.7940528981276254e-5,0.11111124087991842,-0.11110978800324518
17246,3.90625,-0.11111121914207252,3.0132643684664566e-9,5.489320876453167e-5,3.9500838181577454e-5,0.11111121914207252,-0.1111097761319442
17247,9.765625,-0.11111105925725769,2.1022304414370617e-9,4.5850086602285296e-5,1.9363095490224737e-5,0.11111105925725769,-0.11110975414971681
17248,24.4140625,-0.11111071488524618,4.439104292499199e-10,2.1069181978660678e-5,2.7817538025456725e-5,0.11111071488524618,-0.11110975014956215
17249,9.765625,-0.11111057860253207,9.726385608537772e-11,9.862243968051983e-6,7.65656057319177e-5,0.11111057860253207,-0.11110975816202409
17250,3.90625,-0.11111045613096308,1.3651651634107942e-11,3.6948141542042333e-6,8.510919935365831e-5,0.11111045613096308,-0.11110976597706598
17251,1.5625,-0.11111034153136616,8.465110270548526e-11,9.200603388120001e-6,8.491052000193258e-5,0.11111034153136616,-0.11110977307547026
17252,0.625,-0.11111022985692864,2.891036159376936e-10,1.700304725446864e-5,8.344173712467112e-5,0.11111022985692864,-0.11110977978993386
17253,0.25,-0.11111011934483353,6.222650509609042e-10,2.4945241048362395e-5,8.226254659726507e-5,0.11111011934483353,-0.11110978635247022
17254,0.1,-0.11111000936995648,1.0828905002274063e-9,3.290730162482798e-5,8.15069849783996e-5,0.11111000936995648,-0.11110979286544623
17255,0.1,-0.11110990003034726,1.6670980790941738e-9,4.083011240609281e-5,8.104444276502537e-5,0.11110990003034726,-0.11110979923134702
17256,0.1,-0.11110979140744305,2.371061290013811e-9,4.869354464417035e-5,8.050902990484776e-5,0.11110979140744305,-0.1111098054272386
17257,0.1,-0.1111096835818028,3.1905384072870082e-9,5.6484851130962615e-5,7.990127538090773e-5,0.1111096835818028,-0.11110981143096922
17258,0.1,-0.11110957663307845,4.1208903359696535e-9,6.419416122958267e-5,7.922181852460316e-5,0.11110957663307845,-0.11110981722125492
17259,0.25,-0.11110947244307345,5.129326293474392e-9,7.16193150866049e-5,7.847488200840442e-5,0.11110947244307345,-0.11110982186222876
17260,0.625,-0.11110937567365418,6.127425810836388e-9,7.827787561524896e-5,7.661299783089311e-5,0.11110937567365418,-0.1111098232373528
17261,1.5625,-0.11110929911447469,6.869551353105838e-9,8.288275666932078e-5,7.17380587281485e-5,0.11110929911447469,-0.11110981593080958
17262,3.90625,-0.1111092770073525,6.750196273191111e-9,8.21595780976942e-5,5.907036153419851e-5,0.1111092770073525,-0.1111097893192456
17263,9.765625,-0.11110939602840061,4.723962879629625e-9,6.873109106968713e-5,2.8549064865040348e-5,0.11110939602840061,-0.11110973984897353
17264,24.4140625,-0.11110997605757254,7.076647656656587e-11,8.4122812938326e-6,3.989859276349205e-5,0.11110997605757254,-0.11110976815232523
17265,9.765625,-0.11111067959162324,7.416770136804515e-11,8.612067194817115e-6,2.297805198123176e-5,0.11111067959162324,-0.11110976770796427
17266,3.90625,-0.1111109392602999,8.455585418520711e-11,9.195425720716095e-6,1.583423031220591e-5,0.1111109392602999,-0.11110976754872119
17267,1.5625,-0.11111114856030138,9.776899339562072e-11,9.887820457290915e-6,1.2857500178243483e-5,0.11111114856030138,-0.1111097675347854
17268,0.625,-0.1111113448598113,1.1341391827107785e-10,1.064959709430727e-5,1.1570796305280517e-5,0.1111113448598113,-0.11110976758809386
17269,1.5625,-0.11111146175169202,1.23510889379928e-10,1.1113545311012503e-5,1.097891683438485e-5,0.11111146175169202,-0.11110976748816993
17270,3.90625,-0.11111136742255781,1.1458953794385525e-10,1.0704650295262113e-5,9.58807593274551e-6,0.11111136742255781,-0.11110976707474049
17271,9.765625,-0.11111085672067827,6.995875159308955e-11,8.364134838289585e-6,7.363487835684629e-6,0.11111085672067827,-0.11110976641061023
17272,24.4140625,-0.11111023753879576,1.2161708260623147e-11,3.4873640848960906e-6,9.841734130816997e-6,0.11111023753879576,-0.11110976651380657
17273,9.765625,-0.11111049875096526,2.793697491106276e-12,1.671435757397297e-6,1.6251433587099348e-5,0.11111049875096526,-0.1111097668506378
17274,3.90625,-0.11111058187334263,2.49313459611174e-12,1.578966306199008e-6,1.701713094985191e-5,0.11111058187334263,-0.11110976714410394
17275,1.5625,-0.1111106436513349,7.314426870497988e-12,2.7045197116120242e-6,1.6661582367840795e-5,0.1111106436513349,-0.11110976740797976
17276,0.625,-0.11111070002325295,1.6629306910307674e-11,4.0779047206019505e-6,1.6259536879615778e-5,0.11111070002325295,-0.11110976765881116
17277,0.25,-0.11111075476670774,3.0300741689850274e-11,5.504610948091634e-6,1.5981956492926226e-5,0.11111075476670774,-0.1111097679049667
17278,0.1,-0.11111080900427851,4.828441221990921e-11,6.948698599011847e-6,1.5809567914396266e-5,0.11111080900427851,-0.11110976814959611
17279,0.1,-0.11111086136748168,7.039574645382065e-11,8.390217306710276e-6,1.570218399258773e-5,0.11111086136748168,-0.11110976838811687
17280,0.1,-0.11111091165441472,9.647157985386726e-11,9.82199469832209e-6,1.558424116971982e-5,0.11111091165441472,-0.11110976861985007
17281,0.1,-0.11111095967186173,1.263362245284692e-10,1.1239938813377465e-5,1.545565148987082e-5,0.11111095967186173,-0.11110976884413826
17282,0.1,-0.11111100523590373,1.5980210805096188e-10,1.264128585433309e-5,1.5316391452804603e-5,0.11111100523590373,-0.11110976906035078
17283,0.25,-0.11111104142153663,1.9551562028447774e-10,1.3982690023185015e-5,1.5167532051376805e-5,0.11111104142153663,-0.11110976923334775
17284,0.625,-0.11111105272570031,2.2992772521616093e-10,1.5163367871820592e-5,1.4818115921064946e-5,0.11111105272570031,-0.11110976928589227
17285,1.5625,-0.11111100105239811,2.534250632576879e-10,1.5919329862079242e-5,1.3935853108946541e-5,0.11111100105239811,-0.11110976902450656
17286,3.90625,-0.11111080765167065,2.43334643402088e-10,1.559918726735749e-5,1.1748754674073897e-5,0.11111080765167065,-0.1111097680873661
17287,9.765625,-0.11111039718679308,1.6436491196628477e-10,1.2820487976917445e-5,7.3785218978635085e-6,0.11111039718679308,-0.11110976642250775
17288,24.4140625,-0.11111014194097604,3.3261994013513486e-11,5.76732121643259e-6,1.043183842079244e-5,0.11111014194097604,-0.11110976625914591
17289,9.765625,-0.11111033603829452,7.619401815818174e-12,2.7603263966093166e-6,2.2408149715252768e-5,0.11111033603829452,-0.11110976692456698
17290,3.90625,-0.11111041876565945,2.574321214852544e-12,1.6044691380180997e-6,2.4450248611055345e-5,0.11111041876565945,-0.11110976755672791
17291,1.5625,-0.1111104860894463,9.544354729543584e-12,3.0893939097408064e-6,2.426556018224946e-5,0.1111104860894463,-0.11110976813053326
17292,0.625,-0.11111054916699867,2.6913929134974454e-11,5.187863638818435e-6,2.3802920048715907e-5,0.11111054916699867,-0.11110976867457814
17293,0.25,-0.11111061088918633,5.43208410001805e-11,7.370267362869579e-6,2.3449185106959358e-5,0.11111061088918633,-0.11110976920708451
17294,0.1,-0.11111067216844296,9.166323587537242e-11,9.574091908654963e-6,2.3223955702514317e-5,0.11111067216844296,-0.11110976973577306
17295,0.1,-0.11111073250040578,1.3860442987507272e-10,1.1773038260154968e-5,2.308443791936566e-5,0.11111073250040578,-0.1111097702522265
17296,0.1,-0.11111079174868636,1.948219984797881e-10,1.3957865111820938e-5,2.2925763968655795e-5,0.11111079174868636,-0.11110977075471117
17297,0.1,-0.11111084978061407,2.599617286293849e-10,1.612332870809824e-5,2.2748031754310708e-5,0.11111084978061407,-0.11110977124155387
17298,0.1,-0.11111090646761203,3.3363902036219807e-10,1.82657882491339e-5,2.2551387095758596e-5,0.11111090646761203,-0.1111097717111492
17299,0.25,-0.11111095802301423,4.1313920157349226e-10,2.032582597518468e-5,2.2337118721612585e-5,0.11111095802301423,-0.11110977208844973
17300,0.625,-0.11111099563996424,4.911978632791464e-10,2.2162984078845212e-5,2.1815544855084173e-5,0.11111099563996424,-0.11110977220517713
17301,1.5625,-0.11111099703145631,5.477624739285071e-10,2.340432596612231e-5,2.0468668214971827e-5,0.11111099703145631,-0.11110977163367766
17302,3.90625,-0.11111091321080063,5.339504277697433e-10,2.3107367391586243e-5,1.7030618684432493e-5,0.11111091321080063,-0.11110976954923678
17303,9.765625,-0.11111067973078463,3.678283101607605e-10,1.917885059540223e-5,9.384137055518114e-6,0.11111067973078463,-0.11110976574429099
17304,24.4140625,-0.11111042309731008,7.534031338900359e-11,8.679879802681808e-6,1.3354703880511402e-5,0.11111042309731008,-0.1111097652051963
17305,9.765625,-0.1111104446145522,1.660262988989768e-11,4.074632485255287e-6,3.258374420571959e-5,0.1111104446145522,-0.1111097666392279
17306,3.90625,-0.11111042680276363,3.662807146752965e-12,1.9138461659059655e-6,3.590854075308914e-5,0.11111042680276363,-0.1111097680180485
17307,1.5625,-0.11111040598084922,1.7608486979288028e-11,4.196246772925542e-6,3.5734618795034e-5,0.11111040598084922,-0.11110976926892721
17308,0.625,-0.11111038463133321,5.4796795472892874e-11,7.402485763099641e-6,3.508575880189485e-5,0.11111038463133321,-0.11110977045317069
17309,0.25,-0.11111036317753081,1.1441553778547818e-10,1.0696519891323448e-5,3.457857793971537e-5,0.11111036317753081,-0.11110977161150119
17310,0.1,-0.11111034172039887,1.962483254011107e-10,1.4008865956997043e-5,3.425599943511306e-5,0.11111034172039887,-0.1111097727615154
17311,0.1,-0.11111032009516353,2.995872111079501e-10,1.7308587784910416e-5,3.405867805398667e-5,0.11111032009516353,-0.11110977388535426
17312,0.1,-0.1111102982844777,4.23743948028036e-10,2.0585041851500716e-5,3.383141423694656e-5,0.1111102982844777,-0.11110977497905203
17313,0.1,-0.11111027627262023,5.679580441848184e-10,2.3831870345921624e-5,3.357442415412534e-5,0.11111027627262023,-0.1111097760387816
17314,0.1,-0.11111025404560297,7.313999415897995e-10,2.7044406844850555e-5,3.328797707725593e-5,0.11111025404560297,-0.11110977706086866
17315,0.25,-0.11111023090289823,9.081876031897578e-10,3.0136151101123676e-5,3.297390318363647e-5,0.11111023090289823,-0.11110977787993229
17316,0.625,-0.11111020536125786,1.082511797958828e-9,3.290154704506808e-5,3.2195357903083105e-5,0.11111020536125786,-0.11110977812345398
17317,1.5625,-0.11111017412869961,1.2105702120387444e-9,3.47932495182434e-5,3.0165104353870997e-5,0.11111017412869961,-0.11110977684133842
17318,3.90625,-0.11111013266763967,1.184881292740105e-9,3.442210471107345e-5,2.492442247869952e-5,0.11111013266763967,-0.11110977218543329
17319,9.765625,-0.11111009289011728,8.222519526727053e-10,2.867493596632267e-5,1.2715060794207306e-5,0.11111009289011728,-0.11110976361811759
17320,24.4140625,-0.1111101820139035,1.709574291662561e-10,1.3075068992791438e-5,1.8338688982792557e-5,0.1111101820139035,-0.11110976221094225
17321,9.765625,-0.11111030964730802,3.738343922131674e-11,6.114199802207705e-6,4.8166061639404836e-5,0.11111030964730802,-0.1111097653695063
17322,3.90625,-0.11111039613741429,6.358158617722488e-12,2.5215389383712655e-6,5.335372154862062e-5,0.11111039613741429,-0.11110976842973377
17323,1.5625,-0.11111047396672775,3.561668656112274e-11,5.967971729249624e-6,5.3172502151230745e-5,0.11111047396672775,-0.11110977120710373
17324,0.625,-0.11111054914146372,1.1695814771434537e-10,1.0814719030762905e-5,5.223322579738945e-5,0.11111054914146372,-0.11110977383500471
17325,0.25,-0.11111062346588033,2.4855592171383876e-10,1.5765656399713865e-5,5.1488679031834015e-5,0.11111062346588033,-0.11110977640438376
17326,0.1,-0.11111069754704765,4.2993446173699165e-10,2.0734861025263507e-5,5.1014146095425366e-5,0.11111069754704765,-0.1111097789549975
17327,0.1,-0.11111077114188678,6.595550764740956e-10,2.5681804385091318e-5,5.072475436254871e-5,0.11111077114188678,-0.11110978144794278
17328,0.1,-0.11111084415670709,9.359101670056042e-10,3.059264890468957e-5,5.038995277646147e-5,0.11111084415670709,-0.11110978387427582
17329,0.1,-0.11111091649840454,1.257329196274143e-9,3.545883805589437e-5,5.0010070371097076e-5,0.11111091649840454,-0.11110978622535835
17330,0.1,-0.11111098807467085,1.6219857353675428e-9,4.0273884036277686e-5,4.958550899858052e-5,0.11111098807467085,-0.11110978849289334
17331,0.25,-0.11111105655026927,2.0169052343527438e-9,4.490996809565493e-5,4.911890000969705e-5,0.11111105655026927,-0.11110979030916149
17332,0.625,-0.11111111632385919,2.407138250993724e-9,4.9062595232964635e-5,4.795478404620156e-5,0.11111111632385919,-0.1111097908439428
17333,1.5625,-0.1111111526811105,2.6956961971292384e-9,5.1920094348231285e-5,4.4907845621455944e-5,0.1111111526811105,-0.11110978797603256
17334,3.90625,-0.11111113019133524,2.6440059770675994e-9,5.141989864894328e-5,3.700668225326634e-5,0.11111113019133524,-0.11110977756111647
17335,9.765625,-0.11111098209125778,1.8427567969486405e-9,4.2927343231891725e-5,1.8204648690775894e-5,0.11111098209125778,-0.11110975830022768
17336,24.4140625,-0.11111067158990502,3.880290075289855e-10,1.9698451906913535e-5,2.623171133569031e-5,0.11111067158990502,-0.11110975485327304
17337,9.765625,-0.11111055208251958,8.502349934749751e-11,9.2208188002746e-6,7.172254048232272e-5,0.11111055208251958,-0.11110976187997922
17338,3.90625,-0.11111044369694743,1.2384685353068514e-11,3.5191881667606968e-6,7.968277668170396e-5,0.11111044369694743,-0.11110976872602471
17339,1.5625,-0.11111034220463863,7.516549520686288e-11,8.669803642924266e-6,7.948288449035912e-5,0.11111034220463863,-0.11110977494333817
17340,0.625,-0.11111024328570378,2.548598486650122e-10,1.596433051101775e-5,7.810304023660843e-5,0.11111024328570378,-0.11110978082462264
17341,0.25,-0.11111014539017187,5.473269380673254e-10,2.339501951414714e-5,7.699780648318654e-5,0.11111014539017187,-0.11110978657324297
17342,0.1,-0.11111004796736546,9.514851792671689e-10,3.0846153394988635e-5,7.629051858564123e-5,0.11111004796736546,-0.11110979227878774
17343,0.1,-0.1111099511062194,1.463927911666898e-9,3.8261310898437574e-5,7.585806512245538e-5,0.1111099511062194,-0.11110979785549382
17344,0.1,-0.11110985487903326,2.081301138756857e-9,4.562127945111642e-5,7.535736507549523e-5,0.11110985487903326,-0.11110980328326044
17345,0.1,-0.11110975935740496,2.799886341486559e-9,5.2913952238389445e-5,7.478891366080248e-5,0.11110975935740496,-0.11110980854267322
17346,0.1,-0.11110966461220106,3.615616153628909e-9,6.01299937936876e-5,7.415330992551413e-5,0.11110966461220106,-0.11110981361507774
17347,0.25,-0.11110957231478141,4.4996893776087875e-9,6.707972404243168e-5,7.345448117273995e-5,0.11110957231478141,-0.1111098176795732
17348,0.625,-0.1111094866072854,5.374451660687122e-9,7.331065175461969e-5,7.171125244139634e-5,0.1111094866072854,-0.11110981888014478
17349,1.5625,-0.11110941886223583,6.024211237174469e-9,7.761579244699154e-5,6.714608332470083e-5,0.11110941886223583,-0.11110981246890544
17350,3.90625,-0.11110939957135622,5.917497556681915e-9,7.69252725486359e-5,5.5285440364562764e-5,0.11110939957135622,-0.11110978913979895
17351,9.765625,-0.11110950613268702,4.137901891813215e-9,6.432652556926432e-5,2.6750908685753687e-5,0.11110950613268702,-0.11110974581780202
17352,24.4140625,-0.1111099015226625,8.802204237515599e-10,2.9668508957336563e-5,3.824444837074303e-5,0.1111099015226625,-0.1111097376003315
17353,9.765625,-0.11111014658466246,1.933213770840229e-10,1.3904005792721137e-5,0.00010720568286358751,0.11111014658466246,-0.11110975332641526
17354,3.90625,-0.11111034119320311,2.477777147467935e-11,4.977727541225951e-6,0.00011934654568896104,0.11111034119320311,-0.1111097687165404
17355,1.5625,-0.11111052074655475,1.6099552394715444e-10,1.2688401158032261e-5,0.00011912880467727371,0.11111052074655475,-0.11110978270332668
17356,0.625,-0.11111069550166346,5.601869626136803e-10,2.3668269108950074e-5,0.00011709233265787696,0.11111069550166346,-0.11110979593328721
17357,0.25,-0.11111086882496614,1.2129687449523675e-9,3.482770082782336e-5,0.0001154476554126442,0.11111086882496614,-0.1111098088624351
17358,0.1,-0.11111104189132946,2.1168847392463754e-9,4.600961572591511e-5,0.00011439168906538946,0.11111104189132946,-0.11110982169288416
17359,0.1,-0.1111112143505799,3.2643595486048577e-9,5.713457402138269e-5,0.00011374463930268258,0.1111112143505799,-0.11110983423443899
17360,0.1,-0.1111113860141167,4.647904246217778e-9,6.817553994078652e-5,0.00011299524515348479,0.1111113860141167,-0.11110984644188084
17361,0.1,-0.11111155669163837,6.259211716417464e-9,7.911518006310461e-5,0.00011214422797772177,0.11111155669163837,-0.11110985827152126
17362,0.1,-0.1111117261915785,8.089191507142023e-9,8.993993277261232e-5,0.00011119246403758753,0.1111117261915785,-0.11110986968137214
17363,0.25,-0.11111189021122143,1.0073635280554532e-8,0.00010036750111741614,0.00011014580343128232,0.11111189021122143,-0.11110987883275508
17364,0.625,-0.11111203820047821,1.2039283341676743e-8,0.0001097236681016304,0.00010753558607641299,0.11111203820047821,-0.11110988156389794
17365,1.5625,-0.11111214188298957,1.350454549139075e-8,0.00011620905942047182,0.00010069815770554864,0.11111214188298957,-0.11110986721820386
17366,3.90625,-0.11111213047447374,1.3281199045508876e-8,0.0001152440846443273,8.291579544544772e-5,0.11111213047447374,-0.11110981485445971
17367,9.765625,-0.11111185570933249,9.31249409130624e-9,9.650126471350642e-5,3.988970456813521e-5,0.11111185570933249,-0.11110971726199906
17368,24.4140625,-0.11111139607929699,1.390779421953351e-10,1.1793131144667861e-5,5.530196568845067e-5,0.11111139607929699,-0.11110977254324972
17369,9.765625,-0.11110985393462133,1.4365741040600686e-10,1.1985716933333895e-5,3.257946523057301e-5,0.11110985393462133,-0.11110977177298641
17370,3.90625,-0.11110927066196051,1.6666845402559582e-10,1.2910013711286128e-5,2.227497022359462e-5,0.11110927066196051,-0.11110977145391693
17371,1.5625,-0.11110880094501303,1.9583233294399758e-10,1.3994010609685758e-5,1.7715213636006864e-5,0.11110880094501303,-0.11110977140446256
17372,0.625,-0.11110836076799963,2.3046514559941546e-10,1.5181078538740765e-5,1.5664897919724984e-5,0.11110836076799963,-0.11110977148422227
17373,1.5625,-0.11110809529834258,2.5278989416985447e-10,1.58993677286191e-5,1.4705449836661434e-5,0.11110809529834258,-0.11110977124427532
17374,3.90625,-0.11110829684120516,2.322337005671152e-10,1.5239215877699063e-5,1.2381822156488748e-5,0.11110829684120516,-0.11110977036243606
17375,9.765625,-0.11110942842731257,1.3631132041692054e-10,1.167524391252365e-5,8.488641747648304e-6,0.11110942842731257,-0.11110976902848445
17376,24.4140625,-0.11111084377818638,2.3848973346610877e-11,4.883541066338122e-6,1.2539194683095811e-5,0.11111084377818638,-0.11110976920897093
17377,9.765625,-0.11111024260231993,4.28173975952933e-12,2.0692365160921863e-6,2.2194609871985356e-5,0.11111024260231993,-0.11110976986838081
17378,3.90625,-0.11111003570248736,3.990659037932869e-12,1.997663394551962e-6,2.326037303904715e-5,0.11111003570248736,-0.11110977041991588
17379,1.5625,-0.11110987812691564,1.3918511828809453e-11,3.7307521800314547e-6,2.2708253425987193e-5,0.11110987812691564,-0.11110977090852987
17380,0.625,-0.11110973326999102,3.281587115192509e-11,5.728513869401477e-6,2.210785481191502e-5,0.11110973326999102,-0.11110977137014671
17381,0.25,-0.1111095922995618,6.04226442960064e-11,7.773200389543961e-6,2.169786419912908e-5,0.1111095922995618,-0.11110977182226434
17382,0.1,-0.11110945256397613,9.665830852355789e-11,9.831495741928483e-6,2.1445264680957384e-5,0.11110945256397613,-0.11110977227139535
17383,0.1,-0.11110931707495714,1.411301859366272e-10,1.1879822639106496e-5,2.1289257437109704e-5,0.11110931707495714,-0.11110977270839392
17384,0.1,-0.11110918629979283,1.934993815054546e-10,1.3910405511898444e-5,2.1117412892723204e-5,0.11110918629979283,-0.11110977313189628
17385,0.1,-0.11110906068659737,2.5340112882660257e-10,1.5918578103166204e-5,2.0929619066285873e-5,0.11110906068659737,-0.11110977354058733
17386,0.1,-0.11110894066293814,3.204463616471501e-10,1.7901015659653228e-5,2.0725854679206655e-5,0.11110894066293814,-0.11110977393320845
17387,0.25,-0.11110884192801786,3.917602995972137e-10,1.9792935598268733e-5,2.0507678219326158e-5,0.11110884192801786,-0.11110977423936831
17388,0.625,-0.11110879976861292,4.5985675972330255e-10,2.1444271023359656e-5,1.999201412176686e-5,0.11110879976861292,-0.11110977430492759
17389,1.5625,-0.11110890126047718,5.047100587186599e-10,2.2465753019176988e-5,1.868590799618208e-5,0.11110890126047718,-0.11110977374686262
17390,3.90625,-0.11110932836202586,4.804717253133809e-10,2.191966526462895e-5,1.5434736905068743e-5,0.11110932836202586,-0.11110977186383149
17391,9.765625,-0.11111026776432632,3.210099175699275e-10,1.7916749637418264e-5,8.763211564764973e-6,0.11111026776432632,-0.1111097685948122
17392,24.4140625,-0.11111093105840801,6.492258330529607e-11,8.057455138273875e-6,1.3594852748580171e-5,0.11111093105840801,-0.11110976825681855
17393,9.765625,-0.11111052964004664,1.3708663507325084e-11,3.7025212365798907e-6,3.083922265786041e-5,0.11111052964004664,-0.11110976954409285
17394,3.90625,-0.1111103679515274,3.576443250247263e-12,1.8911486589497038e-6,3.37819911515604e-5,0.1111103679515274,-0.11110977075942924
17395,1.5625,-0.1111102389678829,1.7105796802163623e-11,4.135915473285645e-6,3.353119531083946e-5,0.1111102389678829,-0.1111097718570937
17396,0.625,-0.11111011895957906,5.109490548046593e-11,7.148070052851044e-6,3.28777115107944e-5,0.11111011895957906,-0.1111097728949328
17397,0.25,-0.11111000184342816,1.0482872008772075e-10,1.0238589750923744e-5,3.2376437263607534e-5,0.11111000184342816,-0.11110977390952737
17398,0.1,-0.11110988571041781,1.7810787281152625e-10,1.3345706156345802e-5,3.2057063481672e-5,0.11110988571041781,-0.11110977491639915
17399,0.1,-0.11110977160625474,2.7027188511437763e-10,1.6439947844028508e-5,3.1859360077973644e-5,0.11110977160625474,-0.11110977589929348
17400,0.1,-0.11110965981109548,3.80687345990943e-10,1.9511210777164575e-5,3.1634306438759664e-5,0.11110965981109548,-0.11110977685479817
17401,0.1,-0.1111095505965334,5.086580416368332e-10,2.255344855308902e-5,3.138202100993388e-5,0.1111095505965334,-0.11110977777962028
17402,0.1,-0.11110944422484549,6.534277520819215e-10,2.556223292441256e-5,3.1102688235386915e-5,0.11110944422484549,-0.11110977867060029
17403,0.25,-0.11110934853093261,8.096511854578467e-10,2.8454370234778466e-5,3.079809656371768e-5,0.11110934853093261,-0.11110977938058819
17404,0.625,-0.11110928169731994,9.630238258264432e-10,3.1032625184254765e-5,3.0055008824370467e-5,0.11110928169731994,-0.11110977957939387
17405,1.5625,-0.11110928960712955,1.0740915699569516e-9,3.277333626527747e-5,2.813180567242775e-5,0.11110928960712955,-0.11110977842800301
17406,3.90625,-0.11110947240006898,1.0468939777692387e-9,3.2355741032608707e-5,2.3195729770128364e-5,0.11110947240006898,-0.11110977430926267
17407,9.765625,-0.1111099571911481,7.21354624655573e-10,2.6858045808576116e-5,1.1869968166268592e-5,0.1111099571911481,-0.11110976681334958
17408,24.4140625,-0.11111045341689713,1.4788521776652213e-10,1.216080662483053e-5,1.7721428809024498e-5,0.11111045341689713,-0.11110976570597984
17409,9.765625,-0.11111036549566292,3.1717024435722986e-11,5.63178696647192e-6,4.52873505504778e-5,0.11111036549566292,-0.1111097685006576
17410,3.90625,-0.11111036918075315,5.761419712348312e-12,2.4002957551827466e-6,5.002941830102122e-5,0.11111036918075315,-0.11110977118670294
17411,1.5625,-0.11111038216871938,3.2699887441137844e-11,5.718381540360685e-6,4.980445913280987e-5,0.11111038216871938,-0.11110977361960256
17412,0.625,-0.11111039733234951,1.0535089522367797e-10,1.0264058418758048e-5,4.889782990718684e-5,0.11111039733234951,-0.1111097759203863
17413,0.25,-0.11111041316982705,2.2211199886208412e-10,1.4903422387561996e-5,4.8186183975379184e-5,0.11111041316982705,-0.11110977816964103
17414,0.1,-0.11111042926042748,3.8255701210914966e-10,1.9559064704355105e-5,4.773299663556978e-5,0.11111042926042748,-0.11110978040228364
17415,0.1,-0.1111104459830871,5.853027834778726e-10,2.419303171324075e-5,4.745573034093485e-5,0.1111104459830871,-0.11110978258361895
17416,0.1,-0.1111104633976796,8.290018154462257e-10,2.87923916242855e-5,4.713613000536248e-5,0.1111104633976796,-0.11110978470583997
17417,0.1,-0.11111048155973575,1.112164572402402e-9,3.3349131508967394e-5,4.677449009623512e-5,0.11111048155973575,-0.11110978676141094
17418,0.1,-0.11111050052020377,1.4331657198409467e-9,3.785717527551345e-5,4.637117732503157e-5,0.11111050052020377,-0.1111097887430963
17419,0.25,-0.11111052233601723,1.780488295125144e-9,4.219583267486428e-5,4.592874782927275e-5,0.11111052233601723,-0.1111097903265394
17420,0.625,-0.11111055154604431,2.123164960433291e-9,4.6077814188970495e-5,4.483087278097335e-5,0.11111055154604431,-0.1111097907805633
17421,1.5625,-0.11111059890092724,2.375369200301035e-9,4.873775949201025e-5,4.1964535090205116e-5,0.11111059890092724,-0.11110978823937614
17422,3.90625,-0.11111068390553655,2.3263937712121256e-9,4.8232704373818036e-5,3.4543931720774966e-5,0.11111068390553655,-0.1111097790689876
17423,9.765625,-0.11111080538073821,1.6164939067236397e-9,4.0205645209642386e-5,1.6955199474346305e-5,0.11111080538073821,-0.11110976218742169
17424,24.4140625,-0.11111073934709098,3.370178219769579e-10,1.835804515674144e-5,2.4919753019931735e-5,0.11111073934709098,-0.11110975932826331
17425,9.765625,-0.11111053680206433,7.303502139541097e-11,8.546052971718054e-6,6.728553795975975e-5,0.11111053680206433,-0.11110976551560589
17426,3.90625,-0.11111040801540867,1.0996152386528266e-11,3.316044690068013e-6,7.464258636585653e-5,0.11111040801540867,-0.11110977151680158
17427,1.5625,-0.11111029357703733,6.766284174161761e-11,8.225742625539508e-6,7.441203018821162e-5,0.11111029357703733,-0.11110977696093714
17428,0.625,-0.11111018360536858,2.2685811344457452e-10,1.5061809766577672e-5,7.31007914985658e-5,0.11111018360536858,-0.11110978210973488
17429,0.25,-0.11111007522743595,4.849714422282419e-10,2.2022067165192323e-5,7.205735942407322e-5,0.11111007522743595,-0.11110978714250375
17430,0.1,-0.11110996749390138,8.410607395439292e-10,2.9001047214608117e-5,7.139122885017441e-5,0.11110996749390138,-0.11110979213783305
17431,0.1,-0.11110986079693926,1.2921117255516682e-9,3.5945955621622696e-5,7.098451282419115e-5,0.11110986079693926,-0.11110979701978925
17432,0.1,-0.1111097552708716,1.835165777233213e-9,4.2838834919185335e-5,7.051392458547221e-5,0.1111097552708716,-0.11110980177076604
17433,0.1,-0.11110965104696986,2.4669441689487952e-9,4.9668341717323274e-5,6.997991526064318e-5,0.11110965104696986,-0.11110980637375856
17434,0.1,-0.11110954825321162,3.1838618639054094e-9,5.642571987937247e-5,6.938303660646974e-5,0.11110954825321162,-0.11110981081243021
17435,0.25,-0.1111094504425317,3.960485678430742e-9,6.293238974034548e-5,6.872696454081037e-5,0.1111094504425317,-0.11110981436451851
17436,0.625,-0.1111093660405838,4.728283366193925e-9,6.876251425154497e-5,6.709038331536341e-5,0.1111093660405838,-0.1111098153983763
17437,1.5625,-0.1111093170053062,5.2970110631943294e-9,7.278056789551954e-5,6.280534138174723e-5,0.1111093170053062,-0.1111098097432077
17438,3.90625,-0.11110935567930633,5.198427498554166e-9,7.21001213490946e-5,5.167835944098118e-5,0.11110935567930633,-0.1111097892403275
17439,9.765625,-0.11110957895071326,3.627731381496897e-9,6.0230651511476256e-5,2.497267742235271e-5,0.11110957895071326,-0.11110975127881922
17440,24.4140625,-0.11111003293977047,7.667930204001352e-10,2.7691027796023302e-5,3.616454509072327e-5,0.11111003293977047,-0.11110974431451073
17441,9.765625,-0.11111020137274036,1.6770416391969317e-10,1.2950064243844243e-5,0.00010045727880497754,0.11111020137274036,-0.11110975812103896
17442,3.90625,-0.11111035580783048,2.2624978219354275e-11,4.756572108078913e-6,0.00011172205918572136,0.11111035580783048,-0.11110977159480548
17443,1.5625,-0.11111050098680486,1.4446718040357154e-10,1.201945008740298e-5,0.00011147558543684763,0.11111050098680486,-0.11110978383256644
17444,0.625,-0.11111064300525032,4.967153790590721e-10,2.2287112398403524e-5,0.00010955187918917128,0.11111064300525032,-0.11110979540748009
17445,0.25,-0.11111078409988791,1.0711935552735303e-9,3.272909340744913e-5,0.00010800578436881624,0.11111078409988791,-0.11110980672010301
17446,0.1,-0.11111092508040125,1.8657705311221275e-9,4.319456599066748e-5,0.00010701538740708622,0.11111092508040125,-0.11110981794733976
17447,0.1,-0.11111106576366421,2.8737734910086265e-9,5.3607587998422634e-5,0.00010640970838916675,0.11111106576366421,-0.11110982892126917
17448,0.1,-0.11111120601591999,4.0886208999521585e-9,6.394232479314589e-5,0.0001057080927804055,0.11111120601591999,-0.111109839602254
17449,0.1,-0.11111134570074188,5.503012697858905e-9,7.418229369505168e-5,0.00010491122450240743,0.11111134570074188,-0.11110984995200457
17450,0.1,-0.11111148467931853,7.1089610352004e-9,8.431465492546596e-5,0.00010401993267678142,0.11111148467931853,-0.11110985993372374
17451,0.25,-0.11111162008042355,8.849923185162747e-9,9.407403034399422e-5,0.00010303969358649633,0.11111162008042355,-0.11110986793248433
17452,0.625,-0.11111174472945277,1.0573381595436492e-8,0.00010282694975266208,0.0001005930327205166,0.11111174472945277,-0.11110987029513536
17453,1.5625,-0.11111183901055262,1.1855559381078252e-8,0.00010888323737416266,9.418275720975428e-5,0.11111183901055262,-0.11110985767250706
17454,3.90625,-0.11111185179226633,1.1651645437759199e-8,0.00010794278779871863,7.751493102322738e-5,0.11111185179226633,-0.11110981171939087
17455,9.765625,-0.11111166449146416,8.157076558829488e-9,9.031653535665265e-5,3.724419941491772e-5,0.11111166449146416,-0.11110972626478825
17456,24.4140625,-0.11111106318492354,1.20915484698932e-10,1.0996157724356814e-5,5.2141093559452694e-5,0.11111106318492354,-0.11110977498714664
17457,9.765625,-0.11110999600393572,1.2672899107916328e-10,1.1257397171600693e-5,2.9896720245885353e-5,0.11110999600393572,-0.11110977422203633
17458,3.90625,-0.11110959778040816,1.4514044662438492e-10,1.2047424895984408e-5,2.028170613633047e-5,0.11110959778040816,-0.11110977392736479
17459,1.5625,-0.11110927664768043,1.684113716825687e-10,1.297734070149076e-5,1.617661295015276e-5,0.11110927664768043,-0.11110977387936892
17460,3.90625,-0.11110920089557157,1.68263665873767e-10,1.2971648541097888e-5,1.4358983107575544e-5,0.11110920089557157,-0.1111097733112459
17461,9.765625,-0.11110970057415602,1.1239052246482018e-10,1.0601439641144035e-5,1.0425081459813578e-5,0.11110970057415602,-0.11110977216683349
17462,24.4140625,-0.11111060435119077,2.179216988244724e-11,4.6682084232012646e-6,9.718904058838903e-6,0.11111060435119077,-0.1111097720131674
17463,9.765625,-0.11111018924385357,5.3335163357852356e-12,2.3094406976117043e-6,1.853609110343674e-5,0.11111018924385357,-0.11110977246623972
17464,3.90625,-0.11111004934053073,2.8807108962900363e-12,1.6972657117522985e-6,1.9828625988971576e-5,0.11111004934053073,-0.1111097728755204
17465,1.5625,-0.11110994107290684,7.992171385831935e-12,2.827042869471904e-6,1.9532349050220773e-5,0.11110994107290684,-0.111109773244907
17466,0.625,-0.11110984076366999,1.9622048897773808e-11,4.42967819347792e-6,1.9084617918456842e-5,0.11110984076366999,-0.11110977359421331
17467,0.25,-0.11110974282211922,3.75179613295903e-11,6.125190717813634e-6,1.8750330109065566e-5,0.11110974282211922,-0.11110977393508224
17468,0.1,-0.11110964560606278,6.158753213037132e-11,7.847772431102428e-6,1.853002414217084e-5,0.11110964560606278,-0.11110977427234985
17469,0.1,-0.11110955170309439,9.155336331810191e-11,9.568352173603453e-6,1.838451110416451e-5,0.11110955170309439,-0.11110977460044638
17470,0.1,-0.11110946144104582,1.2716957771677391e-10,1.127694895425061e-5,1.8228089738223267e-5,0.11110946144104582,-0.1111097749184956
17471,0.1,-0.11110937513279717,1.6817424691669586e-10,1.2968201375545332e-5,1.8060398804152343e-5,0.11110937513279717,-0.1111097752256421
17472,0.1,-0.11110929307532437,2.1429022855182759e-10,1.463865528495796e-5,1.7881191713562147e-5,0.11110929307532437,-0.11110977552106051
17473,0.25,-0.11110922726115223,2.6360491904913076e-10,1.6235914481455326e-5,1.7691880859540217e-5,0.11110922726115223,-0.11110977575723761
17474,0.625,-0.11110920430811949,3.1113150090818967e-10,1.763892006071204e-5,1.7266642300862735e-5,0.11110920430811949,-0.11110977582896715
17475,1.5625,-0.11110928936758795,3.434836102449789e-10,1.8533310827938404e-5,1.621107617602018e-5,0.11110928936758795,-0.11110977547278678
17476,3.90625,-0.11110961666369457,3.297200972870317e-10,1.8158196421644735e-5,1.3602641433360643e-5,0.11110961666369457,-0.11110977419722365
17477,9.765625,-0.11111031506216991,2.237010793295947e-10,1.4956639974593048e-5,8.255860920190897e-6,0.11111031506216991,-0.11110977191665919
17478,24.4140625,-0.11111076921352758,4.701841849847014e-11,6.856997775883418e-6,1.125611174988021e-5,0.11111076921352758,-0.11110977158561365
17479,9.765625,-0.11111048978516912,1.0881129290643894e-11,3.298655679309966e-6,2.5579725981521566e-5,0.11111048978516912,-0.11110977246076052
17480,3.90625,-0.11111037741850169,3.033582668398117e-12,1.7417183091413251e-6,2.812045365232487e-5,0.11111037741850169,-0.1111097733037958
17481,1.5625,-0.11111028810213247,1.147227554042025e-11,3.3870747763254725e-6,2.795827862148756e-5,0.11111028810213247,-0.11110977406950234
17482,0.625,-0.1111102051108961,3.393550199237311e-11,5.825418610913134e-6,2.7432135186952074e-5,0.1111102051108961,-0.11110977479425038
17483,0.25,-0.1111101241603447,6.989740646770093e-11,8.3604668809643e-6,2.701788757374056e-5,0.1111101241603447,-0.11110977550237958
17484,0.1,-0.11111004390460676,1.1919752803555215e-10,1.0917762043365488e-5,2.674801453269532e-5,0.11111004390460676,-0.11110977620444425
17485,0.1,-0.11110996503396277,1.8137834835265742e-10,1.3467677912418956e-5,2.6576361837885027e-5,0.11110996503396277,-0.11110977688965452
17486,0.1,-0.11110988774368653,2.559975701002632e-10,1.5999924065453036e-5,2.638304691423767e-5,0.11110988774368653,-0.11110977755573154
17487,0.1,-0.11110981222328255,3.4257175271381506e-10,1.850869397644834e-5,2.616811004619323e-5,0.11110981222328255,-0.11110977820047464
17488,0.1,-0.11110973865594904,4.405781083819201e-10,2.098995255787683e-5,2.5931656357853603e-5,0.11110973865594904,-0.11110977882177198
17489,0.25,-0.11110967242040143,5.464308258836324e-10,2.3375859896132857e-5,2.5675298189840113e-5,0.11110967242040143,-0.11110977932028729
17490,0.625,-0.11110962603545266,6.505407226873065e-10,2.5505699807833278e-5,2.506390455494237e-5,0.11110962603545266,-0.1111097794727086
17491,1.5625,-0.11110963115371147,7.264366192033115e-10,2.695248818204567e-5,2.3496613137449453e-5,0.11110963115371147,-0.11110977871059655
17492,3.90625,-0.11110975708509788,7.095318732030579e-10,2.6637039497719297e-5,1.94944389550619e-5,0.11110975708509788,-0.11110977593314919
17493,9.765625,-0.11111009283873395,4.910861622471593e-10,2.2160463944763417e-5,1.0430949505262657e-5,0.11111009283873395,-0.1111097708361968
17494,24.4140625,-0.11111044170839271,1.0192247760185736e-10,1.0095666278253128e-5,1.4792241681409804e-5,0.11111044170839271,-0.11110977003025353
17495,9.765625,-0.11111038405583536,2.2245731093747495e-11,4.716538041164037e-6,3.74531715675597e-5,0.11111038405583536,-0.11110977193611002
17496,3.90625,-0.11111039121347051,4.087794221187669e-12,2.0218294243549994e-6,4.139816486581885e-5,0.11111039121347051,-0.11110977377632679
17497,1.5625,-0.11111040431021404,2.197514478298808e-11,4.687765436003393e-6,4.122683579304378e-5,0.11111040431021404,-0.11110977544535351
17498,0.625,-0.11111041874181493,7.096872550109306e-11,8.424293768684296e-6,4.048205122989781e-5,0.11111041874181493,-0.11110977702404037
17499,0.25,-0.11111043357932239,1.4994702163742384e-10,1.2245285690314613e-5,3.98926286388093e-5,0.11111043357932239,-0.11110977856694275
17500,0.1,-0.1111104485700171,2.5859668220343e-10,1.6080941583235418e-5,3.9513833285525324e-5,0.1111104485700171,-0.11110978009781872
17501,0.1,-0.11111046397616137,3.9596809994260467e-10,1.9898947206890236e-5,3.9279066941453196e-5,0.11111046397616137,-0.11110978159328393
17502,0.1,-0.11111047983402234,5.611328333171441e-10,2.3688242512207277e-5,3.900992179733536e-5,0.11111047983402234,-0.111109783048075
17503,0.1,-0.11111049617677482,7.530675997490327e-10,2.7442077176282278e-5,3.870662711687292e-5,0.11111049617677482,-0.11110978445711328
17504,0.1,-0.1111105130343446,9.70658477475439e-10,3.11553924301306e-5,3.8369475291970066e-5,0.1111105130343446,-0.11110978581552462
17505,0.25,-0.1111105317294176,1.2061307430586548e-9,3.472939307069237e-5,3.800072164272948e-5,0.1111105317294176,-0.11110978690359756
17506,0.625,-0.11111055514094528,1.4385947649777504e-9,3.792881180550942e-5,3.709598552770107e-5,0.11111055514094528,-0.11110978722583044
17507,1.5625,-0.11111058995812592,1.6101450272543399e-9,4.012661245675169e-5,3.474503559730831e-5,0.11111058995812592,-0.11110978551692116
17508,3.90625,-0.1111106475365444,1.5784389736099644e-9,3.972957303583773e-5,2.867301967534238e-5,0.1111106475365444,-0.11110977930693841
17509,9.765625,-0.11111072120062289,1.0993911768334254e-9,3.3157068278625376e-5,1.4362177690974142e-5,0.11111072120062289,-0.11110976783108782
17510,24.4140625,-0.11111064453259618,2.306515900976029e-10,1.518721798413399e-5,2.0614101584637477e-5,0.11111064453259618,-0.11110976582499298
17511,9.765625,-0.11111049259498247,5.0074256943104614e-11,7.0763166225872495e-6,5.5580232779670254e-5,0.11111049259498247,-0.1111097700462923
17512,3.90625,-0.11111039328543766,7.1960653339438235e-12,2.68254829107396e-6,6.168585395976015e-5,0.11111039328543766,-0.11110977414847442
17513,1.5625,-0.11111030472732458,4.5213706154569604e-11,6.72411378209572e-6,6.150843793710625e-5,0.11111030472732458,-0.11110977787151106
17514,0.625,-0.11111021953278086,1.5304314738762173e-10,1.2371060883676134e-5,6.042878430799329e-5,0.11111021953278086,-0.11110978139239792
17515,0.25,-0.11111013553406021,3.281838460269392e-10,1.8115845164577312e-5,5.956530074650106e-5,0.11111013553406021,-0.11110978483314882
17516,0.1,-0.11111005201241787,5.699618757765822e-10,2.3873874335276675e-5,5.9010954782601186e-5,0.11111005201241787,-0.11110978824738095
17517,0.1,-0.11110996926731055,8.763134002317308e-10,2.960259110672123e-5,5.866974938865922e-5,0.11110996926731055,-0.1111097915837501
17518,0.1,-0.111109887401573,1.245207370540954e-9,3.528749595169589e-5,5.827626375551489e-5,0.111109887401573,-0.1111097948303284
17519,0.1,-0.1111098065159218,1.6743972454793745e-9,4.091939937828236e-5,5.78308681719412e-5,0.1111098065159218,-0.11110979797559957
17520,0.1,-0.11110972670880592,2.1614303666780437e-9,4.6491185903115485e-5,5.733401743731761e-5,0.11110972670880592,-0.11110980100850301
17521,0.25,-0.11110965069058582,2.6890794950698946e-9,5.185633514885037e-5,5.678890854192462e-5,0.11110965069058582,-0.11110980343864495
17522,0.625,-0.11110958490050722,3.21094682212362e-9,5.6665217039411576e-5,5.543865556733857e-5,0.11110958490050722,-0.11110980415783106
17523,1.5625,-0.11110954617255929,3.5982191162309733e-9,5.998515746608467e-5,5.1913394726948036e-5,0.11110954617255929,-0.11110980033192709
17524,3.90625,-0.11110957494850512,3.533577164833427e-9,5.944389930710659e-5,4.277036028120113e-5,0.11110957494850512,-0.11110978640837156
17525,9.765625,-0.11110974794711952,2.4699722652940213e-9,4.969881553210319e-5,2.0870973123133962e-5,0.11110974794711952,-0.11110976056435003
17526,24.4140625,-0.11111011184677928,5.240812831929024e-10,2.2892821652057275e-5,2.979569923527203e-5,0.11111011184677928,-0.1111097557256891
17527,9.765625,-0.11111025320038272,1.1446385631084057e-10,1.0698778262532622e-5,8.295171263741166e-5,0.11111025320038272,-0.11110976514543616
17528,3.90625,-0.11111038077410719,1.4622872174471333e-11,3.8239864244622174e-6,9.229068230495711e-5,0.11111038077410719,-0.11110977434753204
17529,1.5625,-0.11111050031565123,9.681300237560513e-11,9.839359855986828e-6,9.209886068353017e-5,0.11111050031565123,-0.11110978270631923
17530,0.625,-0.11111061712190169,3.360290536491248e-10,1.833109526594428e-5,9.051102506764971e-5,0.11111061712190169,-0.1111097906111589
17531,0.25,-0.11111073309647165,7.266258070556312e-10,2.6955997608243537e-5,8.923014247183961e-5,0.11111073309647165,-0.11110979833514395
17532,0.1,-0.11111084892275203,1.2670934118937038e-9,3.5596255588105106e-5,8.840596264361598e-5,0.11111084892275203,-0.11110980599907781
17533,0.1,-0.1111109644302301,1.952860382027509e-9,4.4191179912144337e-5,8.789858227288963e-5,0.1111109644302301,-0.11110981348911547
17534,0.1,-0.11111107950768669,2.779409103935686e-9,5.2720101516742986e-5,8.731239976631705e-5,0.11111107950768669,-0.11110982077834276
17535,0.1,-0.11111119404211188,3.741736402485188e-9,6.11697343666391e-5,8.664798545107969e-5,0.11111119404211188,-0.1111098278407687
17536,0.1,-0.1111113079189281,4.834374521603183e-9,6.952966648563176e-5,8.590602968822187e-5,0.1111113079189281,-0.11110983465142517
17537,0.25,-0.11111141869262935,6.018927999100616e-9,7.758175042560341e-5,8.509126743895229e-5,0.11111141869262935,-0.111109840112007
17538,0.625,-0.11111152028463088,7.191876440362163e-9,8.480493169835209e-5,8.306954681182561e-5,0.11111152028463088,-0.1111098417375122
17539,1.5625,-0.11111159612546576,8.065572893444687e-9,8.98085346358835e-5,7.778506095579862e-5,0.11111159612546576,-0.1111098331662243
17540,3.90625,-0.1111116031646944,7.930398150190833e-9,8.905278294467182e-5,6.405568503095191e-5,0.1111116031646944,-0.11110980190182404
17541,9.765625,-0.1111114420236848,5.558053499169241e-9,7.455235408200898e-5,3.089539573128039e-5,0.1111114420236848,-0.11110974367128888
17542,24.4140625,-0.11111096106503172,8.211503319245845e-11,9.061734557603112e-6,4.284911501868706e-5,0.11111096106503172,-0.11110977683486943
17543,9.765625,-0.11111004461932496,8.596459271458416e-11,9.271709266073013e-6,2.475005129736257e-5,0.11111004461932496,-0.11110977632774488
17544,3.90625,-0.11110970426531655,9.843968216413787e-11,9.921677386618548e-6,1.6922062180678112e-5,0.11110970426531655,-0.11110977613539245
17545,1.5625,-0.11110942990004843,1.1414803142006156e-10,1.0684008209471834e-5,1.3609488356772445e-5,0.11110942990004843,-0.11110977611073038
17546,0.625,-0.11110917263695076,1.3266871586643952e-10,1.1518190650724597e-5,1.2167438020894909e-5,0.11110917263695076,-0.11110977616428903
17547,1.5625,-0.11110901900709311,1.4446216930469492e-10,1.2019241627685789e-5,1.15039869251999e-5,0.11110901900709311,-0.11110977603833305
17548,3.90625,-0.11110914149589364,1.3345806571382454e-10,1.155240519172629e-5,9.936302339874608e-6,0.11110914149589364,-0.11110977554788325
17549,9.765625,-0.11110981072373587,8.081636801811166e-11,8.989792434651184e-6,7.428596763997744e-6,0.11110981072373587,-0.11110977477481801
17550,24.4140625,-0.11111063639184943,1.4340963047499456e-11,3.786946401455856e-6,1.0281234087550801e-5,0.11111063639184943,-0.11110977488343873
17551,9.765625,-0.11111029869468533,3.0728023002627325e-12,1.7529410430082161e-6,1.7426152839717098e-5,0.11111029869468533,-0.11110977527685434
17552,3.90625,-0.11111018808699041,2.6510602920547872e-12,1.6282076931567384e-6,1.827962741444636e-5,0.11111018808699041,-0.1111097756169411
17553,1.5625,-0.1111101053532995,8.253957048956077e-12,2.872970074497136e-6,1.789492855011858e-5,0.1111101053532995,-0.11110977592167895
17554,0.625,-0.11111002974131905,1.9140204701685225e-11,4.374951965643192e-6,1.7456244174897326e-5,0.11111002974131905,-0.11110977621079672
17555,0.25,-0.11110995629420582,3.514824845849473e-11,5.928595825192904e-6,1.715242521291762e-5,0.11110995629420582,-0.11110977649426472
17556,0.1,-0.11110988353207109,5.622553582323136e-11,7.498368877511386e-6,1.6963195885366094e-5,0.11110988353207109,-0.11110977677585053
17557,0.1,-0.11110981318833651,8.215228232676977e-11,9.063789622821669e-6,1.6844930675063427e-5,0.11110981318833651,-0.11110977705024114
17558,0.1,-0.1111097455255926,1.12734956808408e-10,1.061767191094206e-5,1.671511377150247e-5,0.1111097455255926,-0.11110977731663992
17559,0.1,-0.11110968079530481,1.4776533424514754e-10,1.2155876531338558e-5,1.6573645202721157e-5,0.11110968079530481,-0.1111097775742768
17560,0.1,-0.11110961923703473,1.8702128282916336e-10,1.3675572486340868e-5,1.6420495348078906e-5,0.11110961923703473,-0.1111097778224134
17561,0.25,-0.11110956976248777,2.288988313429292e-10,1.5129402874632203e-5,1.6256846633722762e-5,0.11110956976248777,-0.11110977801989844
17562,0.625,-0.11110955236051791,2.692005028517826e-10,1.640733076559934e-5,1.5873670918796948e-5,0.11110955236051791,-0.111109778076278
17563,1.5625,-0.11110961624064312,2.96592382680211e-10,1.7221857701195044e-5,1.4906836100115404e-5,0.11110961624064312,-0.11110977776520123
17564,3.90625,-0.11110986359253959,2.845290257533585e-10,1.6867988195198576e-5,1.2506683150039024e-5,0.11110986359253959,-0.1111097766643053
17565,9.765625,-0.11111039506635877,1.9229926273096663e-10,1.3867200969588876e-5,7.653137479364855e-6,0.11111039506635877,-0.1111097747113382
17566,24.4140625,-0.1111107427787263,3.9289584485367676e-11,6.268140432805225e-6,1.0958493703711896e-5,0.1111107427787263,-0.11110977449684832
17567,9.765625,-0.11111049667624213,8.836120833101133e-12,2.9725613253726377e-6,2.41132900846652e-5,0.11111049667624213,-0.11110977527242934
17568,3.90625,-0.11111039201269206,2.671316665731773e-12,1.6344163073500499e-6,2.637751216775907e-5,0.11111039201269206,-0.11110977601076891
17569,1.5625,-0.11111030691756074,1.0630628225388547e-11,3.2604644186662345e-6,2.6193581793256148e-5,0.11111030691756074,-0.11110977668052575
17570,0.625,-0.11111022724446452,3.080402431031609e-11,5.5501373235548045e-6,2.56969480808048e-5,0.11111022724446452,-0.11110977731506141
17571,0.25,-0.11111014932642745,6.276119600984653e-11,7.922196413233298e-6,2.531450332340859e-5,0.11111014932642745,-0.11110977793583598
17572,0.1,-0.11111007200642375,1.0638019077187932e-10,1.0314077310737947e-5,2.5070102179099165e-5,0.11111007200642375,-0.11110977855199247
17573,0.1,-0.11110999590480743,1.612683910253826e-10,1.2699149224471008e-5,2.491823208102697e-5,0.11110999590480743,-0.1111097791538004
17574,0.1,-0.11110992119157292,2.2704834180422128e-10,1.5068123367036164e-5,2.474552499601997e-5,0.11110992119157292,-0.11110977973922463
17575,0.1,-0.11110984803175446,3.033054066180491e-10,1.741566555196927e-5,2.4552085393775403e-5,0.11110984803175446,-0.11110978030630027
17576,0.1,-0.11110977658497447,3.8958941024809303e-10,1.9738019410470064e-5,2.433806855917924e-5,0.11110977658497447,-0.11110978085314309
17577,0.25,-0.1111097115717715,4.827367159335789e-10,2.1971270239418994e-5,2.410488399722497e-5,0.1111097115717715,-0.11110978129202148
17578,0.625,-0.11110966397020325,5.74278135374584e-10,2.3964100971548755e-5,2.3538038163609775e-5,0.11110966397020325,-0.11110978142600754
17579,1.5625,-0.1111096615595935,6.408270741682211e-10,2.5314562492135256e-5,2.2074194330763357e-5,0.1111096615595935,-0.11110978075421844
17580,3.90625,-0.11110976542621293,6.253304375548845e-10,2.5006607877816704e-5,1.833036019569524e-5,0.11110976542621293,-0.11110977830848313
17581,9.765625,-0.11111005625963191,4.3187751181244416e-10,2.078166287409273e-5,9.905037209055967e-6,0.11111005625963191,-0.11110977383224732
17582,24.4140625,-0.11111037827663929,8.909106193966473e-11,9.438806171315561e-6,1.4126866248086993e-5,0.11111037827663929,-0.11110977315921865
17583,9.765625,-0.11111035056208717,1.9500451172419155e-11,4.415931518085301e-6,3.521527645947813e-5,0.11111035056208717,-0.1111097748397756
17584,3.90625,-0.11111037132767632,3.858515837418156e-12,1.96431052469261e-6,3.887743528976977e-5,0.11111037132767632,-0.1111097764596967
17585,1.5625,-0.11111039605240886,1.9876008812031268e-11,4.458251766335238e-6,3.870854451167554e-5,0.11111039605240886,-0.11110977792935273
17586,0.625,-0.1111104215558111,6.324769075736619e-11,7.952841678127774e-6,3.801150324715896e-5,0.1111104215558111,-0.1111097793202643
17587,0.25,-0.11111044728178174,1.3300931753021688e-10,1.1532966553763037e-5,3.7463337535665756e-5,0.11111044728178174,-0.11110978068036989
17588,0.1,-0.11111047309595164,2.2890196154279147e-10,1.5129506321846443e-5,3.711364893658822e-5,0.11111047309595164,-0.11110978203047468
17589,0.1,-0.11111049919561337,3.5009804093687936e-10,1.871090700465585e-5,3.6899192232658055e-5,0.11111049919561337,-0.11110978334980831
17590,0.1,-0.11111052559999778,4.957902179482764e-10,2.226634720712574e-5,3.6652231916409336e-5,0.11111052559999778,-0.11110978463370592
17591,0.1,-0.11111055232587168,6.650864649396136e-10,2.5789270345234927e-5,3.6372999951818366e-5,0.11111055232587168,-0.11110978587766503
17592,0.1,-0.11111057938742804,8.570137852160473e-10,2.9274797782667044e-5,3.606178510506156e-5,0.11111057938742804,-0.11110978707736253
17593,0.25,-0.11111060762421753,1.0646994975676883e-9,3.2629733335834795e-5,3.572059119685328e-5,0.11111060762421753,-0.11110978803884734
17594,0.625,-0.1111106387997804,1.2696639114542271e-9,3.5632343614393754e-5,3.487577624629764e-5,0.1111106387997804,-0.1111097883248701
17595,1.5625,-0.11111067680832101,1.4206793005623785e-9,3.769189966773204e-5,3.267287394689701e-5,0.11111067680832101,-0.1111097868193614
17596,3.90625,-0.11111072699576159,1.3919008272876172e-9,3.730818713483164e-5,2.698023849055146e-5,0.11111072699576159,-0.11110978134659967
17597,9.765625,-0.11111077542469419,9.68080462341856e-10,3.1113991424146405e-5,1.3623404286239353e-5,0.11111077542469419,-0.11110977124860204
17598,24.4140625,-0.111110673215919,2.0253047715934873e-10,1.4231320288692429e-5,1.9568716890851667e-5,0.111110673215919,-0.11110976952101136
17599,9.765625,-0.11111052403418852,4.422038136892445e-11,6.649840702522463e-6,5.219130710938463e-5,0.11111052403418852,-0.11110977323569324
17600,3.90625,-0.11111042307058887,6.895415943096408e-12,2.6259124020226586e-6,5.788637771988297e-5,0.11111042307058887,-0.11110977684343537
17601,1.5625,-0.11111033228857038,4.0683646674013924e-11,6.3783733564298295e-6,5.771331843118856e-5,0.11111033228857038,-0.11110978011865996
17602,0.625,-0.11111024473555399,1.358817452289316e-10,1.165683255558437e-5,5.6702183208050226e-5,0.11111024473555399,-0.11110978321722655
17603,0.25,-0.11111015833255163,2.903190846208041e-10,1.7038752437335432e-5,5.5896549751160496e-5,0.11111015833255163,-0.11110978624627826
17604,0.1,-0.11111007238422804,5.034255483769654e-10,2.2437146618430903e-5,5.538174311775492e-5,0.11111007238422804,-0.11110978925281886
17605,0.1,-0.11110998714868218,7.733954732869824e-10,2.7809988732234006e-5,5.506703751363829e-5,0.11110998714868218,-0.11110979219139672
17606,0.1,-0.11110990272436817,1.098454872303914e-9,3.31429460414115e-5,5.470306721672846e-5,0.11110990272436817,-0.11110979505147336
17607,0.1,-0.11110981920790806,1.4766384937612577e-9,3.842705419052126e-5,5.4290187975606947e-5,0.11110981920790806,-0.11110979782287107
17608,0.1,-0.11110973669393388,1.9057980842195764e-9,4.365544736020439e-5,5.38288336723448e-5,0.11110973669393388,-0.11110980049581316
17609,0.25,-0.11110965771421275,2.370726802389312e-9,4.869010990323715e-5,5.332188653654789e-5,0.11110965771421275,-0.1111098026379582
17610,0.625,-0.11110958831511435,2.8304497808957495e-9,5.320197158842658e-5,5.2058662844943425e-5,0.11110958831511435,-0.11110980327253357
17611,1.5625,-0.11110954436912478,3.1712106748962877e-9,5.6313503486253524e-5,4.87531399001626e-5,0.11110954436912478,-0.11110979990228059
17612,3.90625,-0.11110956432413935,3.1129286117849405e-9,5.579362518948684e-5,4.0176639214217476e-5,0.11110956432413935,-0.11110978763940614
17613,9.765625,-0.11110972296381952,2.17368239494946e-9,4.662276691649113e-5,1.968698110206425e-5,0.11110972296381952,-0.11110976490478623
17614,24.4140625,-0.11111007725539512,4.603177336283367e-10,2.1455016514287205e-5,2.8162823948649522e-5,0.11111007725539512,-0.1111097607056793
17615,9.765625,-0.11111022435464762,1.0095998244332229e-10,1.0047884476013958e-5,7.783866373922069e-5,0.11111022435464762,-0.11110976898841998
17616,3.90625,-0.11111035440690553,1.3766159028137399e-11,3.7102774866763534e-6,8.656436992636224e-5,0.11111035440690553,-0.1111097770767736
17617,1.5625,-0.11111047612349616,8.655942438074467e-11,9.303731744883054e-6,8.637782879224671e-5,0.11111047612349616,-0.11110978442529901
17618,0.625,-0.11111059500370941,2.9742760998967397e-10,1.724608970142722e-5,8.48905536887561e-5,0.11111059500370941,-0.11110979137654108
17619,0.25,-0.11111071300080975,6.414537383965673e-10,2.5326937011738455e-5,8.369401896452804e-5,0.11111071300080975,-0.11110979817032395
17620,0.1,-0.11111083081371853,1.1173473471890941e-9,3.342674598564889e-5,8.292673809576917e-5,0.11111083081371853,-0.11110980491262284
17621,0.1,-0.11111094828505885,1.721105169336173e-9,4.148620456653239e-5,8.245679214835163e-5,0.11111094828505885,-0.1111098115028941
17622,0.1,-0.11111106530418446,2.4487761778487078e-9,4.9485110668247554e-5,8.191272604500596e-5,0.11111106530418446,-0.11110981791740383
17623,0.1,-0.1111111817589563,3.295979725671865e-9,5.7410623804935835e-5,8.129507579576074e-5,0.1111111817589563,-0.11110982413322547
17624,0.1,-0.11111129753595549,4.257923986460962e-9,6.525276995240097e-5,8.060448979330366e-5,0.11111129753595549,-0.11110983012832992
17625,0.25,-0.1111114102123251,5.300762985781476e-9,7.280633891208565e-5,7.984526567533773e-5,0.1111114102123251,-0.11110983493544907
17626,0.625,-0.11111151376424831,6.333210728544409e-9,7.958147226926887e-5,7.795285321482007e-5,0.11111151376424831,-0.11110983636640827
17627,1.5625,-0.11111159178732107,7.101617653814983e-9,8.427109619445437e-5,7.299777045020576e-5,0.11111159178732107,-0.11110982882061977
17628,3.90625,-0.11111160174753519,6.9804874812141064e-9,8.354931167408926e-5,6.011958942455408e-5,0.11111160174753519,-0.11110980130458326
17629,9.765625,-0.11111144584531334,4.88870714869329e-9,6.991929024735083e-5,2.9064489266571696e-5,0.11111144584531334,-0.11110975009974879
17630,24.4140625,-0.11111097129578529,7.319644603291429e-11,8.555492156089811e-6,4.04350032050959e-5,0.11111097129578529,-0.11110977931458572
17631,9.765625,-0.11111007320203867,7.637919454630032e-11,8.739519125575521e-6,2.3483233605150522e-5,0.11111007320203867,-0.111109778873588
17632,3.90625,-0.11110973581755126,8.751934470474809e-11,9.355177427753473e-6,1.6181950877384586e-5,0.11110973581755126,-0.11110977871003162
17633,1.5625,-0.11110946368390046,1.0162500664884038e-10,1.0080922906601378e-5,1.309449328293725e-5,0.11110946368390046,-0.11110977869455695
17634,0.625,-0.11110920850253243,1.1831517488679984e-10,1.0877277917144521e-5,1.1749845575216641e-5,0.11110920850253243,-0.11110977874828948
17635,1.5625,-0.11110905450799585,1.2902233977804238e-10,1.1358800102917666e-5,1.1130444719090851e-5,0.11110905450799585,-0.11110977864120856
17636,3.90625,-0.1111091706409896,1.192320514822793e-10,1.091934299682354e-5,9.668987646782184e-6,0.1111091706409896,-0.11110977820750487
17637,9.765625,-0.11110982348356832,7.196883686941101e-11,8.483444870417383e-6,7.341967220080553e-6,0.11110982348356832,-0.1111097775224156
17638,24.4140625,-0.11111063722008523,1.2721681767024218e-11,3.566746664262016e-6,9.918284821827741e-6,0.11111063722008523,-0.11110977762429321
17639,9.765625,-0.11111030140287803,2.820580369274585e-12,1.679458355921511e-6,1.651098039721374e-5,0.11111030140287803,-0.11110977797496821
17640,3.90625,-0.11111018935385696,2.54462258279553e-12,1.5951873190304422e-6,1.728551038159766e-5,0.11111018935385696,-0.11110977827785849
17641,1.5625,-0.11111010488245865,7.589019409034143e-12,2.7548174910571013e-6,1.691560905431106e-5,0.11111010488245865,-0.11110977854966793
17642,0.625,-0.11111002747812813,1.730179478770901e-11,4.159542617609418e-6,1.6501803300791818e-5,0.11111002747812813,-0.11110977880786102
17643,0.25,-0.11110995222491521,3.1542481760144674e-11,5.616269381016608e-6,1.621687331209765e-5,0.11110995222491521,-0.11110977906119016
17644,0.1,-0.11110987765261132,5.026604717770833e-11,7.089855229672065e-6,1.6040168730356732e-5,0.11110987765261132,-0.11110977931293978
17645,0.1,-0.1111098054727217,7.327657670734473e-11,8.560173871326722e-6,1.593021374565657e-5,0.1111098054727217,-0.11110977955834003
17646,0.1,-0.11110973594589886,1.0040222981886483e-10,1.0020091307910564e-5,1.5809424006363213e-5,0.11110973594589886,-0.11110977979668511
17647,0.1,-0.11110966932185405,1.314580370629359e-10,1.1465515124185913e-5,1.567771509534558e-5,0.11110966932185405,-0.11110978002729281
17648,0.1,-0.11110960583860786,1.662466128523381e-10,1.2893665609606064e-5,1.5535068850215235e-5,0.11110960583860786,-0.11110978024950921
17649,0.25,-0.1111095543215197,2.0333400910478935e-10,1.4259523452934512e-5,1.538258652566523e-5,0.1111095543215197,-0.11110978042679544
17650,0.625,-0.111109534577219,2.3896968682786535e-10,1.545864440459982e-5,1.5024589701176447e-5,0.111109534577219,-0.11110978047894117
17651,1.5625,-0.11110959540624404,2.6303810635960595e-10,1.6218449567070396e-5,1.4121183410385616e-5,0.11110959540624404,-0.11110978020551783
17652,3.90625,-0.11110983838932519,2.5191750112824915e-10,1.5871909183467788e-5,1.188563069582557e-5,0.11110983838932519,-0.11110977923400918
17653,9.765625,-0.11111036523714488,1.69710604223716e-10,1.3027302261931133e-5,7.437341859630749e-6,0.11111036523714488,-0.11110977751599821
17654,24.4140625,-0.11111072117148278,3.45144604562893e-11,5.874900889060964e-6,1.0553733124751242e-5,0.11111072117148278,-0.11110977734173418
17655,9.765625,-0.1111104859183686,7.827689512884076e-12,2.79780083509961e-6,2.27371116847767e-5,0.1111104859183686,-0.1111097780286646
17656,3.90625,-0.11111038796741189,2.5388684003064833e-12,1.5933826911029514e-6,2.4830141531381847e-5,0.11111038796741189,-0.1111097786814623
17657,1.5625,-0.11111030895287649,9.682640275279985e-12,3.1116941165995067e-6,2.464732072854623e-5,0.11111030895287649,-0.1111097792738274
17658,0.625,-0.11111023516653484,2.7582355869890965e-11,5.251890694777545e-6,2.417830065235317e-5,0.11111023516653484,-0.11110977983531412
17659,0.25,-0.11111016306900406,5.586188288419911e-11,7.474080738405166e-6,2.3818875328969716e-5,0.11111016306900406,-0.11110978038479978
17660,0.1,-0.11111009154557057,9.441529140125013e-11,9.716753130611589e-6,2.3589765662975652e-5,0.11111009154557057,-0.11110978093029643
17661,0.1,-0.1111100211969153,1.428948221026624e-10,1.1953862225350534e-5,2.344771094173634e-5,0.1111100211969153,-0.11110978146314632
17662,0.1,-0.11110995218682114,2.0096707470474145e-10,1.4176285645568145e-5,2.3286151745377403e-5,0.11110995218682114,-0.11110978198155676
17663,0.1,-0.11110988467424898,2.6826578263172885e-10,1.6378821161235287e-5,2.3105187855963115e-5,0.11110988467424898,-0.11110978248379734
17664,0.1,-0.11110981881289511,3.4439326930692405e-10,1.8557835792648993e-5,2.2904967559785055e-5,0.11110981881289511,-0.11110978296820802
17665,0.25,-0.11110975915708723,4.265456721809899e-10,2.0652982161929783e-5,2.2686804792319168e-5,0.11110975915708723,-0.11110978335729428
17666,0.625,-0.11110971629280864,5.072198311215692e-10,2.25215414907943e-5,2.2155964368028762e-5,0.11110971629280864,-0.11110978347723875
17667,1.5625,-0.111109716984356,5.657075006103411e-10,2.3784606379133986e-5,2.0785213124275557e-5,0.111109716984356,-0.11110978288625575
17668,3.90625,-0.11110981993386804,5.515488151847208e-10,2.348507643557331e-5,1.7284808271420042e-5,0.11110981993386804,-0.11110978073204629
17669,9.765625,-0.11111010158240693,3.802132679350543e-10,1.949905812943421e-5,9.476721744574747e-6,0.11111010158240693,-0.11110977679699835
17670,24.4140625,-0.11111040444915761,7.810560500278463e-11,8.83773755000592e-6,1.3482701057172188e-5,0.11111040444915761,-0.11110977622711986
17671,9.765625,-0.11111036833955183,1.716841571805284e-11,4.143478697670936e-6,3.3102770724577376e-5,0.11111036833955183,-0.11110977770885497
17672,3.90625,-0.11111038151107562,3.640072721569405e-12,1.907897460968331e-6,3.6503725375809175e-5,0.11111038151107562,-0.11110977913494852
17673,1.5625,-0.11111039907483314,1.7933135564248553e-11,4.234753306185445e-6,3.633410283397271e-5,0.11111039907483314,-0.11110978042879968
17674,0.625,-0.11111041757399512,5.627290490770916e-11,7.501526838431571e-6,3.56768538327964e-5,0.11111041757399512,-0.11110978165361343
17675,0.25,-0.11111043634948228,1.1781660030185538e-10,1.0854335553218142e-5,3.516193696134812e-5,0.11111043634948228,-0.11110978285152148
17676,0.1,-0.11111045522954144,2.0233921404277394e-10,1.4224598906217847e-5,3.4834094470028465e-5,0.11111045522954144,-0.1111097840407603
17677,0.1,-0.11111047441241377,3.091103372117328e-10,1.758153398346495e-5,3.463338615536317e-5,0.11111047441241377,-0.11110978520293631
17678,0.1,-0.11111049392246876,4.3741898472380145e-10,2.091456393817001e-5,3.4402215707896444e-5,0.11111049392246876,-0.11110978633394729
17679,0.1,-0.11111051378165203,5.864795062169309e-10,2.4217338958211964e-5,3.4140802055457154e-5,0.11111051378165203,-0.11110978742983271
17680,0.1,-0.11111053400937276,7.55434869963337e-10,2.7485175458114453e-5,3.3849417998403184e-5,0.11111053400937276,-0.11110978848679133
17681,0.25,-0.11111055554725105,9.38215709599025e-10,3.063030704382548e-5,3.3529929540295786e-5,0.11111055554725105,-0.11110978933394933
17682,0.625,-0.11111058041899907,1.1185065743751153e-9,3.3444081305593e-5,3.273820174327802e-5,0.11111058041899907,-0.11110978958628885
17683,1.5625,-0.11111061324153915,1.2510945113123087e-9,3.5370814399901915e-5,3.0673575194871465e-5,0.11111061324153915,-0.1111097882615465
17684,3.90625,-0.11111066131217132,1.2249943402170135e-9,3.499991914586395e-5,2.534230284699166e-5,0.11111066131217132,-0.11110978344745961
17685,9.765625,-0.11111071563616749,8.508104264908658e-10,2.916865486255521e-5,1.2894794297022375e-5,0.11111071563616749,-0.11110977457938853
17686,24.4140625,-0.11111063747783409,1.7734042476981984e-10,1.3316922496200833e-5,1.8552044243023783e-5,0.11111063747783409,-0.11110977309934514
17687,9.765625,-0.11111050229275357,3.876568283975646e-11,6.22620934756907e-6,4.897430971139997e-5,0.11111050229275357,-0.11110977636654047
17688,3.90625,-0.11111041239277226,6.382200505887237e-12,2.526301744821318e-6,5.4275160110636525e-5,0.11111041239277226,-0.11110977953519652
17689,1.5625,-0.11111033185501042,3.6420852482500063e-11,6.0349691368307814e-6,5.409975402429469e-5,0.11111033185501042,-0.11110978241140765
17690,0.625,-0.11111025426469424,1.2037991098440388e-10,1.097177793178498e-5,5.314753575810697e-5,0.11111025426469424,-0.11110978513274547
17691,0.25,-0.11111017771925619,2.5636253575697123e-10,1.6011325234251263e-5,5.239119433567115e-5,0.11111017771925619,-0.11110978779332557
17692,0.1,-0.111110101584534,4.438732359525055e-10,2.106829931324561e-5,5.190866346867595e-5,0.111110101584534,-0.11110979043434986
17693,0.1,-0.11111002610794807,6.81322139954368e-10,2.610214818658357e-5,5.1614135437750625e-5,0.11111002610794807,-0.11110979301568874
17694,0.1,-0.11110995138000761,9.671499127337839e-10,3.109903395177709e-5,5.12734274225065e-5,0.11110995138000761,-0.11110979552808568
17695,0.1,-0.11110987748951197,1.299628853738887e-9,3.605036551463642e-5,5.088687320913243e-5,0.11110987748951197,-0.11110979796259993
17696,0.1,-0.1111098045234001,1.6768701722728183e-9,4.094960527615398e-5,5.0454880409108696e-5,0.1111098045234001,-0.11110980031064378
17697,0.25,-0.11110973482836203,2.0854738088192597e-9,4.566698817328837e-5,4.998013067788566e-5,0.11110973482836203,-0.11110980219195578
17698,0.625,-0.11110967399724558,2.4893396267173513e-9,4.989328238067076e-5,4.879618417202087e-5,0.11110967399724558,-0.11110980274776754
17699,1.5625,-0.11110963668065443,2.7882696325177766e-9,5.280406833301556e-5,4.5697579948179656e-5,0.11110963668065443,-0.11110979978335787
17700,3.90625,-0.1111096581878806,2.735706755481668e-9,5.230398412627539e-5,3.7660910045807926e-5,0.1111096581878806,-0.1111097890076526
17701,9.765625,-0.1111098060943477,1.908160569466132e-9,4.368249728971699e-5,1.851182230703261e-5,0.1111098060943477,-0.11110976905861654
17702,24.4140625,-0.1111101254759413,4.028116209844651e-10,2.0070167437878167e-5,2.6583314400486056e-5,0.1111101254759413,-0.11110976544026746
17703,9.765625,-0.11111025375061499,8.832204708354241e-11,9.397981011022655e-6,7.29677548772628e-5,0.11111025375061499,-0.11110977271473493
17704,3.90625,-0.11111036832318161,1.2527733715772798e-11,3.5394538725307323e-6,8.110016031335212e-5,0.11111036832318161,-0.11110977980957741
17705,1.5625,-0.11111047564363895,7.705606899125775e-11,8.778158633293075e-6,8.090966760004151e-5,0.11111047564363895,-0.11110978625421705
17706,0.625,-0.11111058048330875,2.627171072634984e-10,1.6208550436837292e-5,7.95107342513563e-5,0.11111058048330875,-0.11110979235064843
17707,0.25,-0.11111068454956403,5.652141324033947e-10,2.3774232530270978e-5,7.838814535774855e-5,0.11111068454956403,-0.11110979830941366
17708,0.1,-0.11111078845457499,9.834247941716324e-10,3.1359604496415966e-5,7.7669258335739e-5,0.11111078845457499,-0.11110980422338892
17709,0.1,-0.11111089205748921,1.5138298656361104e-9,3.8907966608859305e-5,7.722953305824285e-5,0.11111089205748921,-0.11110981000399062
17710,0.1,-0.11111099526079893,2.152960696779224e-9,4.6400007508396204e-5,7.672033740073197e-5,0.11111099526079893,-0.11110981563038766
17711,0.1,-0.11111109796560303,2.8969709367553115e-9,5.3823516577378254e-5,7.614217363351438e-5,0.11111109796560303,-0.11110982108245895
17712,0.1,-0.1111112000718048,3.74165274634006e-9,6.116905055941329e-5,7.5495649823311e-5,0.1111112000718048,-0.11110982634087002
17713,0.25,-0.11111129944173906,4.657228487525901e-9,6.82438897449867e-5,7.478476518065496e-5,0.11111129944173906,-0.11110983055588287
17714,0.625,-0.1111113907590359,5.563395058791028e-9,7.45881696972853e-5,7.30115059095409e-5,0.1111113907590359,-0.11110983180579558
17715,1.5625,-0.11111145953412974,6.237062900889376e-9,7.89750777200591e-5,6.836745718428486e-5,0.11111145953412974,-0.11110982517353923
17716,3.90625,-0.11111146812866404,6.128344023475063e-9,7.82837404795853e-5,5.62998143121337e-5,0.11111146812866404,-0.11110980101542452
17717,9.765625,-0.11111132960887349,4.2881249757492004e-9,6.548377643164146e-5,2.724239120541543e-5,0.11111132960887349,-0.11110975611288852
17718,24.4140625,-0.1111109029593295,9.139637111556525e-10,3.023183274556229e-5,3.8803579124754636e-5,0.1111109029593295,-0.11110974750807631
17719,9.765625,-0.11111066759104123,2.008828839452768e-10,1.4173315912138444e-5,0.00010911346107599128,0.11111066759104123,-0.11110976380123923
17720,3.90625,-0.11111047583491397,2.5194342417703925e-11,5.019396618887964e-6,0.0001215092947924592,0.11111047583491397,-0.11110977975964995
17721,1.5625,-0.11111029873762897,1.654464152593591e-10,1.2862597531578102e-5,0.00012130232621544809,0.11111029873762897,-0.11110979426541685
17722,0.625,-0.11111012681858204,5.782766134023854e-10,2.4047382672598394e-5,0.00011923491123205072,0.11111012681858204,-0.11110980798639594
17723,0.25,-0.11110995695200644,1.253932319736265e-9,3.54109067906523e-5,0.00011756261209917207,0.11110995695200644,-0.11110982139498106
17724,0.1,-0.11110978805815362,2.1898512678890966e-9,4.679584669486275e-5,0.00011648806986276384,0.11110978805815362,-0.11110983470077747
17725,0.1,-0.11110962037958966,3.3781892331785163e-9,5.8122192260603146e-5,0.00011582917054693574,0.11110962037958966,-0.1111098477071611
17726,0.1,-0.11110945405505862,4.8111864666639115e-9,6.936271669033668e-5,0.00011506617031615853,0.11110945405505862,-0.11110986036728211
17727,0.1,-0.11110928922043267,6.4802372486413545e-9,8.049992079897566e-5,0.00011419980251196662,0.11110928922043267,-0.11110987263587589
17728,0.1,-0.11110912600864337,8.375925913665604e-9,9.152008475556393e-5,0.00011323095751517282,0.11110912600864337,-0.11110988446943725
17729,0.25,-0.11110896782352446,1.0431826116724907e-8,0.00010213631145055565,0.00011216559524965628,0.11110896782352446,-0.1111098939637776
17730,0.625,-0.11110882295292664,1.2468681873557807e-8,0.00011166325211795422,0.00010950965763886807,0.11110882295292664,-0.11110989680799786
17731,1.5625,-0.11110871373465231,1.3988179065177359e-8,0.00011827163254634375,0.0001025530569265498,0.11110871373465231,-0.11110988196137629
17732,3.90625,-0.11110869793848853,1.3760480113864918e-8,0.000117305072839434,8.445929496612077e-5,0.11110869793848853,-0.11110982771501662
17733,9.765625,-0.11110891114573625,9.654842821826538e-9,9.825905974426244e-5,4.06557201706187e-5,0.11110891114573625,-0.11110972652280482
17734,24.4140625,-0.11110964132816765,1.4219970475964333e-10,1.1924751769309218e-5,5.6148741735071094e-5,0.11110964132816765,-0.11110978376356219
17735,9.765625,-0.11111087409687015,1.4792036092823744e-10,1.216225147446958e-5,3.262543190908221e-5,0.11111087409687015,-0.11110978291758548
17736,3.90625,-0.11111133194933791,1.703194658093898e-10,1.3050650014822626e-5,2.221767930042623e-5,0.11111133194933791,-0.11110978258102776
17737,1.5625,-0.11111170034406914,1.9887074426703915e-10,1.4102153887510914e-5,1.7691709392917707e-5,0.11111170034406914,-0.11110978252685967
17738,0.625,-0.11111204562251631,2.3279494829773748e-10,1.525761935223636e-5,1.5672325711763277e-5,0.11111204562251631,-0.11110978260594023
17739,1.5625,-0.1111122508913786,2.5483387963708164e-10,1.5963517144949032e-5,1.4728184001846864e-5,0.1111122508913786,-0.11110978236488542
17740,3.90625,-0.11111208329448949,2.3547834153504233e-10,1.5345303566076572e-5,1.2449708824820158e-5,0.11111208329448949,-0.11110978147427125
17741,9.765625,-0.111111179116901,1.4076863492221342e-10,1.1864595860045694e-5,8.584967605382142e-6,0.111111179116901,-0.11110978009611563
17742,24.4140625,-0.11111008009645174,2.3966557788653372e-11,4.895565114330864e-6,1.2635740088851777e-5,0.11111008009645174,-0.11110978028823984
17743,9.765625,-0.11111055930533742,4.3210411591881795e-12,2.078711417967434e-6,2.2409874633793442e-5,0.11111055930533742,-0.11110978095716305
17744,3.90625,-0.1111107174613454,3.763410402245732e-12,1.9399511339839805e-6,2.353284700405895e-5,0.1111107174613454,-0.1111097815237988
17745,1.5625,-0.11111083644403129,1.3669894532309607e-11,3.697282046626901e-6,2.3000512410507024e-5,0.11111083644403129,-0.1111097820265183
17746,0.625,-0.11111094543524104,3.2755330954495293e-11,5.72322731983409e-6,2.240407817997155e-5,0.11111094543524104,-0.11110978250141454
17747,0.25,-0.11111105140381912,6.074510923758386e-11,7.793914885189847e-6,2.1993496847225594e-5,0.11111105140381912,-0.11110978296638349
17748,0.1,-0.11111115642995029,9.755233400925802e-11,9.876858509124144e-6,2.173933845563515e-5,0.11111115642995029,-0.11110978342815352
17749,0.1,-0.11111125804757473,1.427903462905858e-10,1.1949491465773169e-5,2.1581742939940558e-5,0.11111125804757473,-0.11110978387752908
17750,0.1,-0.11111135588512,1.9612088195894912e-10,1.4004316547370283e-5,2.14082171382783e-5,0.11111135588512,-0.11110978431311545
17751,0.1,-0.11111144958660152,2.571797139618868e-10,1.603682368681176e-5,2.121862809529666e-5,0.11111144958660152,-0.11110978473356509
17752,0.1,-0.11111153881272433,3.2557809622862803e-10,1.804378275829733e-5,2.1012933106975704e-5,0.11111153881272433,-0.11110978513758742
17753,0.25,-0.11111161093317033,3.9848002523428046e-10,1.9961964463305722e-5,2.0792693105485593e-5,0.11111161093317033,-0.11110978545353181
17754,0.625,-0.11111163762329451,4.684722192898987e-10,2.1644219073228276e-5,2.0272833306294263e-5,0.11111163762329451,-0.11110978552402881
17755,1.5625,-0.11111154915722853,5.155895794540904e-10,2.2706597707584692e-5,1.8954471281730877e-5,0.11111154915722853,-0.11110978495613544
17756,3.90625,-0.11111120076100908,4.933796865695399e-10,2.2212151777113803e-5,1.5655166834892647e-5,0.11111120076100908,-0.1111097830212542
17757,9.765625,-0.1111104498790227,3.318910312568247e-10,1.8217876694522464e-5,8.740213589237198e-6,0.1111104498790227,-0.11110977962949682
17758,24.4140625,-0.11110995774314222,6.692863051970103e-11,8.180992025402606e-6,1.3600908847187254e-5,0.11110995774314222,-0.1111097792692843
17759,9.765625,-0.11111029793409054,1.4150721869949242e-11,3.7617445248114924e-6,3.133772681712854e-5,0.11111029793409054,-0.11110978059884545
17760,3.90625,-0.11111043842066291,3.5674344126614957e-12,1.8887653143420162e-6,3.434334780547584e-5,0.11111043842066291,-0.11110978185578665
17761,1.5625,-0.11111055158359005,1.7447232159141582e-11,4.176988407829448e-6,3.4094765855431294e-5,0.11111055158359005,-0.11110978299120651
17762,0.625,-0.1111106572646338,5.2485431693660695e-11,7.244682994697607e-6,3.343300054542897e-5,0.1111106572646338,-0.11110978406469157
17763,0.25,-0.11111076056787303,1.0794191135265446e-10,1.0389509678163569e-5,3.2924386273170254e-5,0.11111076056787303,-0.11110978511406669
17764,0.1,-0.11111086309849448,1.8360993723577856e-10,1.3550274433965482e-5,3.260007570615672e-5,0.11111086309849448,-0.11110978615541045
17765,0.1,-0.111110963952109,2.788104033051301e-10,1.6697616695358957e-5,3.239921941087959e-5,0.111110963952109,-0.1111097871719818
17766,0.1,-0.11111106288869681,3.9289108195528894e-10,1.9821480316951328e-5,3.217054351006649e-5,0.11111106288869681,-0.11110978816025048
17767,0.1,-0.11111115967500344,5.251349474295562e-10,2.291582307990608e-5,3.191416459206675e-5,0.11111115967500344,-0.1111097891168095
17768,0.1,-0.1111112540852055,6.747630272384257e-10,2.5976201170271715e-5,3.163026607853204e-5,0.1111112540852055,-0.111109790038388
17769,0.25,-0.11111133941717942,8.362758606119909e-10,2.891843461551802e-5,3.132066210506644e-5,0.11111133941717942,-0.11110979077297352
17770,0.625,-0.1111114001080444,9.949491104876204e-10,3.154281392786034e-5,3.056529146091472e-5,0.1111114001080444,-0.11110979097929607
17771,1.5625,-0.11111139684609075,1.110138049480885e-9,3.331873421186473e-5,2.8609752316036667e-5,0.11111139684609075,-0.11110978978964565
17772,3.90625,-0.11111124363256596,1.0828062970265349e-9,3.290602219999456e-5,2.3586645811649107e-5,0.11111124363256596,-0.11110978552881627
17773,9.765625,-0.11111083003136199,7.470032323913048e-10,2.733135987087552e-5,1.2019242445343644e-5,0.11111083003136199,-0.11110977776191931
17774,24.4140625,-0.11111039635567363,1.533948706080201e-10,1.2385268289706932e-5,1.7928050512956e-5,0.11111039635567363,-0.11110977659746606
17775,9.765625,-0.11111045667537488,3.289615417597716e-11,5.73551690573545e-6,4.606525437681102e-5,0.11111045667537488,-0.11110977949013916
17776,3.90625,-0.11111044148636225,5.807163641751529e-12,2.4098057269729296e-6,5.090999253170093e-5,0.11111044148636225,-0.1111097822729477
17777,1.5625,-0.11111041946007384,3.352126554982181e-11,5.789755223653398e-6,5.0688606437360974e-5,0.11111041946007384,-0.11110978479384097
17778,0.625,-0.11111039601900892,1.0859343059655158e-10,1.0420817175085242e-5,4.9768914792923624e-5,0.11111039601900892,-0.11110978717778962
17779,0.25,-0.11111037223368429,2.293605147900501e-10,1.5144653009892637e-5,4.90458219324444e-5,0.11111037223368429,-0.111109789508248
17780,0.1,-0.11111034839249943,3.953796708449824e-10,1.9884156276920134e-5,4.858503288299301e-5,0.11111034839249943,-0.11110979182142179
17781,0.1,-0.1111103241694777,6.05221606910998e-10,2.4601252141120744e-5,4.8302988212818365e-5,0.1111103241694777,-0.11110979408147777
17782,0.1,-0.11111029951746232,8.574926008881561e-10,2.9282974590846405e-5,4.797785586550381e-5,0.11111029951746232,-0.11110979628032817
17783,0.1,-0.11111027439223535,1.150651932425427e-9,3.392126077293453e-5,4.760993466093646e-5,0.11111027439223535,-0.11110979841016452
17784,0.1,-0.11111024875273817,1.483018322238673e-9,3.850997691817892e-5,4.719959660189048e-5,0.11111024875273817,-0.11110980046348956
17785,0.25,-0.11111022096574362,1.8426868448762849e-9,4.2926528451253604e-5,4.6749438550327545e-5,0.11111022096574362,-0.11110980210457946
17786,0.625,-0.11111018745200583,2.197640894530834e-9,4.687900270409807e-5,4.5632440892182415e-5,0.11111018745200583,-0.11110980257644028
17787,1.5625,-0.11111013985340693,2.4591277807018727e-9,4.958959347183512e-5,4.2715978805719426e-5,0.11111013985340693,-0.1111097999469162
17788,3.90625,-0.11111006391516896,2.409167822617751e-9,4.908327436732141e-5,3.516369196722875e-5,0.11111006391516896,-0.1111097904502062
17789,9.765625,-0.11110996827740367,1.675174270005327e-9,4.092889285095954e-5,1.7238381379788973e-5,0.11110996827740367,-0.11110977295177697
17790,24.4140625,-0.11111006735992758,3.5002229273233407e-10,1.870888272271581e-5,2.5272799402393038e-5,0.11111006735992758,-0.11110976995109068
17791,9.765625,-0.1111102685208216,7.591156699211959e-11,8.712724429942656e-6,6.847937840936347e-5,0.1111102685208216,-0.11110977636109223
17792,3.90625,-0.11111039993886168,1.1171207046908256e-11,3.342335567669449e-6,7.59955398650129e-5,0.11111039993886168,-0.11110978258416002
17793,1.5625,-0.11111051747939435,6.951569584459831e-11,8.337607321324165e-6,7.577183246696467e-5,0.11111051747939435,-0.111109788230696
17794,0.625,-0.11111063084536445,2.341628867457044e-10,1.5302381734413255e-5,7.444156168764419e-5,0.11111063084536445,-0.11110979357102982
17795,0.25,-0.11111074290517484,5.013658539058585e-10,2.239120036768593e-5,7.338131331546652e-5,0.11111074290517484,-0.11110979879093066
17796,0.1,-0.11111085461833575,8.701477901462569e-10,2.9498267578728365e-5,7.270410241081495e-5,0.11111085461833575,-0.11110980397191983
17797,0.1,-0.11111096557701454,1.337392617007081e-9,3.657037895629578e-5,7.229053921255612e-5,0.11111096557701454,-0.11110980903548029
17798,0.1,-0.11111107563129069,1.9000388639900247e-9,4.3589435233666706e-5,7.181192205519951e-5,0.11111107563129069,-0.11110981396335098
17799,0.1,-0.11111118463220598,2.554693038128544e-9,5.054397133317231e-5,7.126870887620398e-5,0.11111118463220598,-0.11110981873789341
17800,0.1,-0.11111129243211705,3.297643898939224e-9,5.742511557619387e-5,7.066146010970903e-5,0.11111129243211705,-0.11110982334216087
17801,0.25,-0.11111139526444136,4.102570822874131e-9,6.405131398241671e-5,6.999391430311979e-5,0.11111139526444136,-0.11110982702789918
17802,0.625,-0.11111148412082168,4.898535897173473e-9,6.998954134135667e-5,6.832848447588525e-5,0.11111148412082168,-0.11110982810435378
17803,1.5625,-0.11111153542535836,5.488583759015211e-9,7.408497660804929e-5,6.396742618024202e-5,0.11111153542535836,-0.11110982224874169
17804,3.90625,-0.11111149294547813,5.387808412765065e-9,7.34016921655425e-5,5.2640983189158754e-5,0.11111149294547813,-0.1111098010004014
17805,9.765625,-0.11111125410245576,3.762049395189679e-9,6.133554756574429e-5,2.543411935435931e-5,0.11111125410245576,-0.11110976162696513
17806,24.4140625,-0.11111078282791784,7.966143540468564e-10,2.8224357460301135e-5,3.6718801985046044e-5,0.11111078282791784,-0.11110975433420335
17807,9.765625,-0.1111106179769684,1.7436231717550401e-10,1.320463241349429e-5,0.0001022807174490941,0.1111106179769684,-0.11110976864814577
17808,3.90625,-0.11111046368846789,2.3090140589822963e-11,4.805220139579763e-6,0.00011378336054012208,0.11111046368846789,-0.11110978262794621
17809,1.5625,-0.11111031873472937,1.4871069388530745e-10,1.219469941758744e-5,0.00011354509092508315,0.11111031873472937,-0.1111097953274042
17810,0.625,-0.11111017739806513,5.133137314430571e-10,2.26564280380438e-5,0.00011159113240083493,0.11111017739806513,-0.11110980733914635
17811,0.25,-0.11111003757290511,1.1083997026168294e-9,3.329263736348968e-5,0.00011001851043831369,0.11111003757290511,-0.11110981907840012
17812,0.1,-0.11110989850742654,1.9317467579091477e-9,4.395164112873543e-5,0.00010901044945256347,0.11110989850742654,-0.11110983072873644
17813,0.1,-0.11110976029751739,2.9764412629824216e-9,5.455677100949452e-5,0.000108393617242396,0.11110976029751739,-0.11110984211639358
17814,0.1,-0.11110962303649459,4.235660179557661e-9,6.508194972154462e-5,0.0001076791484020222,0.11110962303649459,-0.11110985320027167
17815,0.1,-0.11110948681623822,5.701836688740654e-9,7.55105071413287e-5,0.0001068677386792445,0.11110948681623822,-0.11110986394066666
17816,0.1,-0.11110935172721254,7.366691987776502e-9,8.582943543899436e-5,0.00010596023107463722,0.11110935172721254,-0.11110987429942204
17817,0.25,-0.11110921993482187,9.171678142050067e-9,9.576887877619779e-5,0.0001049621998334785,0.11110921993482187,-0.11110988260278472
17818,0.625,-0.11110909682511538,1.0958857440611266e-8,0.00010468456161541332,0.00010247172409954179,0.11110909682511538,-0.1111098850638515
17819,1.5625,-0.11110899730456064,1.228934757115689e-8,0.00011085732980347709,9.594696188547186e-5,0.11110899730456064,-0.1111098719893696
17820,3.90625,-0.11110896219941677,1.2080832708744908e-8,0.00010991284141875738,7.898005932296849e-5,0.11110896219941677,-0.11110982434893826
17821,9.765625,-0.11110910047278737,8.462511679796308e-9,9.199191094762794e-5,3.7966125449500094e-5,0.11110910047278737,-0.11110973568486657
17822,24.4140625,-0.11110992471424795,1.2439875461805782e-10,1.115341896541405e-5,5.2973793244580565e-5,0.11110992471424795,-0.11110978615840028
17823,9.765625,-0.11111075010251918,1.3080482203784068e-10,1.1436993575142056e-5,3.0150001075262723e-5,0.11111075010251918,-0.11110978534382379
17824,3.90625,-0.11111104988750323,1.4913969091987197e-10,1.2212276238272371e-5,2.0429794346187853e-5,0.11111104988750323,-0.11110978503748502
17825,1.5625,-0.1111112914806165,1.7248577078677622e-10,1.31333838285027e-5,1.632178690479333e-5,0.1111112914806165,-0.11110978498761742
17826,3.90625,-0.1111113420583346,1.7246128128624241e-10,1.313245145760084e-5,1.4508167474198779e-5,0.1111113420583346,-0.11110978440689753
17827,9.765625,-0.11111094970758556,1.1620873808677873e-10,1.0780015681193545e-5,1.0575210974492089e-5,0.11111094970758556,-0.11110978322625012
17828,24.4140625,-0.11111026877024446,2.2227519291846354e-11,4.71460701351092e-6,9.831102364546303e-6,0.11111026877024446,-0.11110978307101231
17829,9.765625,-0.11111059048018089,5.369118126590136e-12,2.317135759205778e-6,1.86892037636092e-5,0.11111059048018089,-0.11110978353089493
17830,3.90625,-0.11111069304606937,2.620926980992166e-12,1.6189277256851727e-6,2.006450556213253e-5,0.11111069304606937,-0.11110978395224917
17831,1.5625,-0.11111077128144897,7.655411366638163e-12,2.7668414061232645e-6,1.9792339569502392e-5,0.11111077128144897,-0.1111097843328245
17832,0.625,-0.11111084348489582,1.938382579557331e-11,4.402706644278416e-6,1.9349109510738677e-5,0.11111084348489582,-0.11110978469254988
17833,0.25,-0.11111091391785617,3.7539486776856606e-11,6.1269475905100254e-6,1.9014106167638647e-5,0.11111091391785617,-0.11110978504341804
17834,0.1,-0.11111098382206659,6.2024202902122e-11,7.875544609874418e-6,1.8792040093770788e-5,0.11111098382206659,-0.11110978539046361
17835,0.1,-0.11111105115133456,9.256557178727913e-11,9.621100341815333e-6,1.864476454159228e-5,0.11111105115133456,-0.11110978572811654
17836,0.1,-0.11111111565370109,1.2891729633184707e-10,1.1354175281888467e-5,1.8486488115102417e-5,0.11111111565370109,-0.11110978605547672
17837,0.1,-0.1111111770890237,1.708168628031037e-10,1.3069692529019331e-5,1.83168276179376e-5,0.1111111770890237,-0.11110978637166508
17838,0.1,-0.11111123522973647,2.1798628697234567e-10,1.4764358671217172e-5,1.8135514973237032e-5,0.11111123522973647,-0.11110978667583143
17839,0.25,-0.11111128073742348,2.68540042141595e-10,1.638719140492339e-5,1.794396868516807e-5,0.11111128073742348,-0.11110978691952757
17840,0.625,-0.1111112929368881,3.175375185315708e-10,1.781958244548875e-5,1.751421968821872e-5,0.1111112929368881,-0.11110978699510143
17841,1.5625,-0.11111122137320276,3.516119606864763e-10,1.8751318905252405e-5,1.6445947715595673e-5,0.11111122137320276,-0.11110978663160852
17842,3.90625,-0.11111096295073844,3.393171348607813e-10,1.842056282692745e-5,1.3790955901471908e-5,0.11111096295073844,-0.11110978531736086
17843,9.765625,-0.11111042419963475,2.3168461156418278e-10,1.5221189558118734e-5,8.236673901349763e-6,0.11111042419963475,-0.11110978294649566
17844,24.4140625,-0.11111010792880933,4.85370960108763e-11,6.966856967878435e-6,1.1255580361462826e-5,0.11111010792880933,-0.11110978259770457
17845,9.765625,-0.11111033800058805,1.1217826108213404e-11,3.3493023315630083e-6,2.6006361608325658e-5,0.11111033800058805,-0.1111097835030434
17846,3.90625,-0.11111043310938022,3.02340814183352e-12,1.7387950258249303e-6,2.8603835039172876e-5,0.11111043310938022,-0.11110978437604528
17847,1.5625,-0.11111050953246672,1.1699219422642404e-11,3.4204121714557157e-6,2.844361993262102e-5,0.11111050953246672,-0.11110978516894403
17848,0.625,-0.11111058083851523,3.4906105396076766e-11,5.908138911372748e-6,2.7910004846631538e-5,0.11111058083851523,-0.11110978591933535
17849,0.25,-0.11111065051586984,7.209902298944972e-11,8.491114354986024e-6,2.7489117324408944e-5,0.11111065051586984,-0.11110978665245613
17850,0.1,-0.11111071966261198,1.2311155705067752e-10,1.1095564746811112e-5,2.72147471501524e-5,0.11111071966261198,-0.11110978737926674
17851,0.1,-0.11111078769071324,1.8747228121742235e-10,1.3692051753386792e-5,2.7040190281607194e-5,0.11111078769071324,-0.11110978808863442
17852,0.1,-0.11111085443727138,2.6472479953771535e-10,1.627036568543299e-5,2.6843559437058016e-5,0.11111085443727138,-0.11110978877819667
17853,0.1,-0.11111091974379385,3.543701609944576e-10,1.882472206951427e-5,2.662489285055129e-5,0.11111091974379385,-0.1111097894456718
17854,0.1,-0.11111098345665697,4.5586869612600636e-10,2.1351081849077493e-5,2.6384294445054605e-5,0.11111098345665697,-0.11110979008886893
17855,0.25,-0.11111104108321965,5.655226664067941e-10,2.378072047703337e-5,2.6123401635128794e-5,0.11111104108321965,-0.11110979060496406
17856,0.625,-0.11111108216435749,6.734387536798555e-10,2.595069852007563e-5,2.5501023690537747e-5,0.11111108216435749,-0.11110979076269659
17857,1.5625,-0.11111108022871263,7.522850775237084e-10,2.7427815762902236e-5,2.3904962696037156e-5,0.11111108022871263,-0.11110978997305421
17858,3.90625,-0.11111097715633186,7.352602463657997e-10,2.711568266457254e-5,1.9825551142959874e-5,0.11111097715633186,-0.11110978709371291
17859,9.765625,-0.11111069727108812,5.094320597051181e-10,2.2570601669098637e-5,1.0549359445082136e-5,0.11111069727108812,-0.11110978180287859
17860,24.4140625,-0.11111039794460718,1.058625759462333e-10,1.0288954074454472e-5,1.4965787826679792e-5,0.11111039794460718,-0.11110978095597646
17861,9.765625,-0.11111043358303625,2.307783828798935e-11,4.803939871396118e-6,3.812307271182051e-5,0.11111043358303625,-0.11110978293188507
17862,3.90625,-0.11111041761034389,4.106969149747163e-12,2.0265658513226663e-6,4.215673031512157e-5,0.11111041761034389,-0.11110978484119789
17863,1.5625,-0.11111039763125173,2.2547412640527018e-11,4.748411591314196e-6,4.1988083911137545e-5,0.11111039763125173,-0.11110978657299997
17864,0.625,-0.11111037690197309,7.327053061900286e-11,8.559820711849218e-6,4.123169600789865e-5,0.11111037690197309,-0.11110978821097833
17865,0.25,-0.11111035601173065,1.5511078564393883e-10,1.245434806177902e-5,4.0632171613001824e-5,0.11111035601173065,-0.11110978981174767
17866,0.1,-0.11111033510912884,2.6774239957583206e-10,1.6362835927058368e-5,4.0246666451019304e-5,0.11111033510912884,-0.11110979139999143
17867,0.1,-0.1111103139805456,4.1018233594803954e-10,2.0252958696152014e-5,4.0007668907508104e-5,0.1111103139805456,-0.11110979295151514
17868,0.1,-0.11111029260063615,5.81468654303341e-10,2.4113661155107514e-5,3.973363519057129e-5,0.11111029260063615,-0.11110979446085603
17869,0.1,-0.11111027094610303,7.805410548465244e-10,2.7938164843928535e-5,3.9424798346585204e-5,0.11111027094610303,-0.11110979592274135
17870,0.1,-0.11111024899584047,1.006245225935097e-9,3.1721368601229946e-5,3.908145538539338e-5,0.11111024899584047,-0.11110979733211142
17871,0.25,-0.11111022578796842,1.2505290036433852e-9,3.536281950924424e-5,3.870589855854315e-5,0.11111022578796842,-0.11110979846114255
17872,0.625,-0.11111019926096982,1.4917532857149694e-9,3.8623222104259625e-5,3.778440596744849e-5,0.11111019926096982,-0.11110979879590833
17873,1.5625,-0.11111016476214432,1.66992368125363e-9,4.086469969611462e-5,3.53896097091064e-5,0.11111016476214432,-0.1111097970237562
17874,3.90625,-0.11111011537400182,1.6375083132076035e-9,4.046613785880243e-5,2.9202352914705163e-5,0.11111011537400182,-0.11110979058072555
17875,9.765625,-0.11111006381351828,1.1412600276509483e-9,3.37825402782406e-5,1.4595067628128503e-5,0.11111006381351828,-0.11110977866460468
17876,24.4140625,-0.11111016674941258,2.399054903018518e-10,1.5488882797085523e-5,2.0915146483362877e-5,0.11111016674941258,-0.11110977655810061
17877,9.765625,-0.11111031648860673,5.2100900051706655e-11,7.21809532021479e-6,5.661076840035574e-5,0.11111031648860673,-0.11110978093857433
17878,3.90625,-0.1111104171165172,7.302023428718582e-12,2.7022256435609854e-6,6.285282963436387e-5,0.1111104171165172,-0.11110978519906586
17879,1.5625,-0.11111050742152055,4.6525845083874575e-11,6.8209856387383326e-6,6.268060422389886e-5,0.11111050742152055,-0.11110978906640137
17880,0.625,-0.11111059459112892,1.5825521999791513e-10,1.2579953099988693e-5,6.158407755463036e-5,0.11111059459112892,-0.11110979272378015
17881,0.25,-0.1111106807703847,3.3989140100010513e-10,1.84361438755534e-5,6.070580853622586e-5,0.1111106807703847,-0.1111097962978475
17882,0.1,-0.11111076667882924,5.907348741652329e-10,2.430503804081024e-5,6.014172442019694e-5,0.11111076667882924,-0.11110979984431922
17883,0.1,-0.11111085200751264,9.086482971531415e-10,3.0143793675533636e-5,5.9794485277549146e-5,0.11111085200751264,-0.11110980331000771
17884,0.1,-0.1111109366436792,1.2915264366708117e-9,3.5937813465357234e-5,5.9393943931353246e-5,0.1111109366436792,-0.11110980668251982
17885,0.1,-0.11111102047522388,1.7370401289891501e-9,4.167781339020979e-5,5.89404765303139e-5,0.11111102047522388,-0.11110980994988925
17886,0.1,-0.11111110339094649,2.2426460010921872e-9,4.735658350316445e-5,5.843454532043059e-5,0.11111110339094649,-0.11110981310062167
17887,0.25,-0.11111118255245149,2.7904826169963895e-9,5.282501885467141e-5,5.787940224816586e-5,0.11111118255245149,-0.11110981562577804
17888,0.625,-0.1111112511649232,3.3324344140774063e-9,5.7727241524928304e-5,5.650401305763206e-5,0.1111112511649232,-0.11110981637499978
17889,1.5625,-0.11111129139621297,3.734897639434376e-9,6.111380890956132e-5,5.291261340220832e-5,0.11111129139621297,-0.11110981240575661
17890,3.90625,-0.11111126037473741,3.668661366178557e-9,6.056947553164512e-5,4.359606994844217e-5,0.11111126037473741,-0.11110979795021553
17891,9.765625,-0.11111107772575378,2.565736890049029e-9,5.065310345920602e-5,2.125950737772983e-5,0.11111107772575378,-0.11110977109948894
17892,24.4140625,-0.11111070253019197,5.453018766388085e-10,2.335169965203408e-5,3.02744916339277e-5,0.11111070253019197,-0.11110976602822398
17893,9.765625,-0.11111056259018352,1.1917813069662477e-10,1.0916873668620736e-5,8.452550061497841e-5,0.11111056259018352,-0.11110977581009822
17894,3.90625,-0.11111043463993178,1.4934901826079427e-11,3.864570070018064e-6,9.4068451198376e-5,0.11111043463993178,-0.1111097853729401
17895,1.5625,-0.11111031485307969,9.983482194140379e-11,9.99173768377672e-6,9.38830244950401e-5,0.11111031485307969,-0.11110979406071785
17896,0.625,-0.11111019813495344,3.47877528877407e-10,1.8651475246677056e-5,9.226873578877364e-5,0.11111019813495344,-0.11110980227675632
17897,0.25,-0.11111008265651376,7.531866800989702e-10,2.7444246757726292e-5,9.096478775359347e-5,0.11111008265651376,-0.11110981030463304
17898,0.1,-0.11110996776917204,1.3141872749761982e-9,3.62517209933018e-5,9.012527563118707e-5,0.11110996776917204,-0.11110981826991194
17899,0.1,-0.11110985358815383,2.026135373630318e-9,4.501261349477853e-5,8.96082208184835e-5,0.11110985358815383,-0.11110982605457842
17900,0.1,-0.11110974019776144,2.884340382432581e-9,5.370605536094213e-5,8.901088635768521e-5,0.11110974019776144,-0.11110983363067661
17901,0.1,-0.11110962768126272,3.883608089006106e-9,6.231860146863138e-5,8.833385288341657e-5,0.11110962768126272,-0.11110984097120756
17902,0.1,-0.11110951612087817,5.018262410283597e-9,7.083969515944854e-5,8.757782289382595e-5,0.11110951612087817,-0.11110984805023467
17903,0.25,-0.1111094075046885,6.248476081869902e-9,7.904730281211309e-5,8.674761745431283e-5,0.1111094075046885,-0.11110985372748919
17904,0.625,-0.1111093067462817,7.466860065680257e-9,8.641099505086292e-5,8.468788777862393e-5,0.1111093067462817,-0.11110985542257282
17905,1.5625,-0.11110922734372139,8.37498762314111e-9,9.151495846658682e-5,7.93041168902959e-5,0.11110922734372139,-0.11110984652839641
17906,3.90625,-0.11110920564842014,8.23647547203815e-9,9.075503000957109e-5,6.531536085271385e-5,0.11110920564842014,-0.1111098140602013
17907,9.765625,-0.1111093350701929,5.775754633699801e-9,7.599838573088116e-5,3.150933071016737e-5,0.1111093350701929,-0.11110975354193536
17908,24.4140625,-0.11110996656662399,8.465662746084167e-11,9.200903621973315e-6,4.357015356410733e-5,0.11110996656662399,-0.11110978795488843
17909,9.765625,-0.1111107258980804,8.889309005755855e-11,9.428313213802273e-6,2.5005137881759814e-5,0.1111107258980804,-0.11110978741591551
17910,3.90625,-0.11111100197800813,1.0141184321807676e-10,1.007034474176911e-5,1.706434130310216e-5,0.11111100197800813,-0.11110978721485118
17911,1.5625,-0.11111122441378367,1.1726795546783677e-10,1.0829032988583827e-5,1.3731842943692942e-5,0.11111122441378367,-0.11110978718829873
17912,0.625,-0.1111114330438616,1.359929850837138e-10,1.166160302375766e-5,1.2284872465183801e-5,0.1111114330438616,-0.11110978724256962
17913,1.5625,-0.11111155561946556,1.480140515853271e-10,1.2166102563488732e-5,1.1618422515317648e-5,0.11111155561946556,-0.11110978711339577
17914,3.90625,-0.11111144986978445,1.3723743682509808e-10,1.171483831835071e-5,1.0043459656817837e-5,0.11111144986978445,-0.11110978660929996
17915,9.765625,-0.11111089598788543,8.386810063448131e-11,9.157952862647925e-6,7.488510792667397e-6,0.11111089598788543,-0.11110978580501736
17916,24.4140625,-0.11111023282414764,1.4587963298316935e-11,3.8194192357368854e-6,1.0371962290993584e-5,0.11111023282414764,-0.11110978592023452
17917,9.765625,-0.11111050872349976,3.088788239820246e-12,1.7574948761860577e-6,1.764943391947452e-5,0.11111050872349976,-0.11110978632358899
17918,3.90625,-0.1111105946068932,2.569258064981376e-12,1.6028905343102429e-6,1.85357916453884e-5,0.1111105946068932,-0.11110978667420601
17919,1.5625,-0.11111065772835338,8.266184427015701e-12,2.8750972900087574e-6,1.815527498368957e-5,0.11111065772835338,-0.11110978698838035
17920,0.625,-0.1111107151053005,1.9412497351053585e-11,4.40596156940271e-6,1.7713539348797694e-5,0.1111107151053005,-0.1111097872863271
17921,0.25,-0.1111107707553017,3.5838868172558123e-11,5.986557288839565e-6,1.7406207253013832e-5,0.1111107707553017,-0.11110978757836053
17922,0.1,-0.11111082586996539,5.748973099645666e-11,7.582198295775221e-6,1.7214303412338363e-5,0.11111082586996539,-0.11110978786840013
17923,0.1,-0.11111087899039017,8.414339818952586e-11,9.172971066646066e-6,1.7094124406474854e-5,0.11111087899039017,-0.1111097881510276
17924,0.1,-0.11111092990216033,1.1560309227830098e-10,1.0751887847178326e-5,1.696221596316013e-5,0.11111092990216033,-0.11110978842542135
17925,0.1,-0.11111097840016093,1.5165702855693847e-10,1.231491082212691e-5,1.6818467983157628e-5,0.11111097840016093,-0.11110978869078683
17926,0.1,-0.11111102428923005,1.9207917464202388e-10,1.3859263134886497e-5,1.6662841047903482e-5,0.11111102428923005,-0.11110978894636031
17927,0.25,-0.11111106020280291,2.3524927813557314e-10,1.533783811805214e-5,1.6496528805650052e-5,0.11111106020280291,-0.1111097891498302
17928,0.625,-0.11111106965736994,2.769175392382413e-10,1.6640839499203196e-5,1.6107295328974875e-5,0.11111106965736994,-0.11110978920803061
17929,1.5625,-0.11111101218008423,3.055632250830752e-10,1.7480366846352946e-5,1.5124247807364785e-5,0.11111101218008423,-0.11110978888721255
17930,3.90625,-0.11111080431833512,2.939556885558893e-10,1.714513600284026e-5,1.2675190587478304e-5,0.11111080431833512,-0.11110978774831902
17931,9.765625,-0.11111036776817804,1.993777828887179e-10,1.4120119790168846e-5,7.655910968380308e-6,0.11111036776817804,-0.11110978571847831
17932,24.4140625,-0.11111010710987854,4.0654706402426346e-11,6.376104328069479e-6,1.1018495235769979e-5,0.11111010710987854,-0.11110978549204113
17933,9.765625,-0.11111032326682352,9.105260868430092e-12,3.017492480260737e-6,2.452475989002614e-5,0.11111032326682352,-0.11110978629539986
17934,3.90625,-0.11111041762559304,2.663473318109089e-12,1.6320151096448492e-6,2.684025208623009e-5,0.11111041762559304,-0.11110978706051668
17935,1.5625,-0.111110495075735,1.0872402757389068e-11,3.297332673144927e-6,2.6656410900205503e-5,0.111110495075735,-0.1111097877544372
17936,0.625,-0.1111105678457061,3.1752387467767e-11,5.634925684316254e-6,2.6151798465167703e-5,0.1111105678457061,-0.1111097884117476
17937,0.25,-0.11111063911998766,6.485684693176249e-11,8.05337487838251e-6,2.5762676204850176e-5,0.11111063911998766,-0.11110978905473713
17938,0.1,-0.11111070990601281,1.1005922181041808e-10,1.0490911390838171e-5,2.551389026882115e-5,0.11111070990601281,-0.11110978969291323
17939,0.1,-0.11111077964992777,1.6695380275924358e-10,1.292106043478025e-5,2.5359269792702395e-5,0.11111077964992777,-0.11110979031621915
17940,0.1,-0.11111084820104539,2.3515018159905405e-10,1.5334607318058523e-5,2.518339755534586e-5,0.11111084820104539,-0.11110979092254197
17941,0.1,-0.11111091541271878,3.1421941030421003e-10,1.7726235085437912e-5,2.498637765175177e-5,0.11111091541271878,-0.11110979150984251
17942,0.1,-0.11111098114275424,4.036956920941358e-10,2.009217987412356e-5,2.476836572993377e-5,0.11111098114275424,-0.11110979207616399
17943,0.25,-0.11111104121559078,5.003072889506741e-10,2.2367549909426248e-5,2.453079337624204e-5,0.11111104121559078,-0.1111097925305695
17944,0.625,-0.1111110859134366,5.952928186712477e-10,2.4398623294588728e-5,2.3953132956895167e-5,0.1111110859134366,-0.11110979266886378
17945,1.5625,-0.1111110906176387,6.644477121095173e-10,2.5776883289286882e-5,2.2460874448593334e-5,0.1111110906176387,-0.11110979197148117
17946,3.90625,-0.11111100104325987,6.486641405902105e-10,2.5468885735151637e-5,1.8641362868285038e-5,0.11111100104325987,-0.1111097894331586
17947,9.765625,-0.11111074453273354,4.483303260037951e-10,2.11738122690222e-5,1.0013795935287003e-5,0.11111074453273354,-0.1111097847836191
17948,24.4140625,-0.11111045267881457,9.258620782558581e-11,9.622172718548851e-6,1.4303660052647738e-5,0.11111045267881457,-0.1111097840766233
17949,9.765625,-0.11111046666119012,2.0229583446086202e-11,4.4977309219301014e-6,3.585583383960528e-5,0.11111046666119012,-0.11110978582017465
17950,3.90625,-0.11111044002420722,3.886114669977542e-12,1.971323076001887e-6,3.960052103523235e-5,0.11111044002420722,-0.11110978750180892
17951,1.5625,-0.11111041065195879,2.042495915015612e-11,4.519398096003064e-6,3.943322916677667e-5,0.11111041065195879,-0.11110978902746609
17952,0.625,-0.11111038088863107,6.537260967590872e-11,8.085332997218402e-6,3.872472500662082e-5,0.11111038088863107,-0.11110979047127645
17953,0.25,-0.11111035107801345,1.3772645354050823e-10,1.1735691438535193e-5,3.8166797736847094e-5,0.11111035107801345,-0.11110979188303201
17954,0.1,-0.11111032128947347,2.372171984484206e-10,1.5401856980520907e-5,3.781070824105082e-5,0.11111032128947347,-0.11110979328436428
17955,0.1,-0.11111029135011156,3.6298725099712565e-10,1.9052224305763504e-5,3.759227156341733e-5,0.11111029135011156,-0.11110979465376321
17956,0.1,-0.11111026124629332,5.14199414372288e-10,2.2675965566482237e-5,3.734069512774974e-5,0.11111026124629332,-0.11110979598638357
17957,0.1,-0.11111023096607214,6.899285876524881e-10,2.626649172715093e-5,3.7056214524599344e-5,0.11111023096607214,-0.11110979727754734
17958,0.1,-0.1111102004993086,8.891656195937889e-10,2.981888025385576e-5,3.673912294896892e-5,0.1111102004993086,-0.11110979852276417
17959,0.25,-0.111110169203919,1.1047852029313316e-9,3.323830926703902e-5,3.639145730825295e-5,0.111110169203919,-0.11110979952076089
17960,0.625,-0.11111013576076562,1.3176252962665373e-9,3.629910875306083e-5,3.5530540061974715e-5,0.11111013576076562,-0.11110979981768103
17961,1.5625,-0.11111009738178855,1.47455856630237e-9,3.8399981332057576e-5,3.328535060671275e-5,0.11111009738178855,-0.11110979825483831
17962,3.90625,-0.1111100511667332,1.4450363975911697e-9,3.8013634364411535e-5,2.7481546751811526e-5,0.1111100511667332,-0.11110979257225592
17963,9.765625,-0.11111001474181355,1.005582516560361e-9,3.1710921092903637e-5,1.3839985657341854e-5,0.11111001474181355,-0.11110978208021448
17964,24.4140625,-0.11111013407451072,2.107404645513706e-10,1.4516902718946994e-5,1.9863257567914665e-5,0.11111013407451072,-0.11110978026674785
17965,9.765625,-0.11111028421549925,4.601532771071032e-11,6.783459862836245e-6,5.31741086028891e-5,0.11111028421549925,-0.1111097841238415
17966,3.90625,-0.11111038752188977,7.012297786450926e-12,2.6480743544037667e-6,5.8996872937960444e-5,0.11111038752188977,-0.1111097878727298
17967,1.5625,-0.11111048078206782,4.1913846581871126e-11,6.474090405753624e-6,5.882779890183395e-5,0.11111048078206782,-0.11110979127653367
17968,0.625,-0.11111057094663002,1.4063199512367535e-10,1.185883616227475e-5,5.780020932082119e-5,0.11111057094663002,-0.11110979449673543
17969,0.25,-0.11111066011925293,3.0090961184522407e-10,1.7346746433992286e-5,5.698036144426024e-5,0.11111066011925293,-0.11110979764462342
17970,0.1,-0.11111074900998896,5.221545072123768e-10,2.285070036590513e-5,5.645625773742504e-5,0.11111074900998896,-0.1111098007690706
17971,0.1,-0.1111108373459611,8.024951032537782e-10,2.832834452017587e-5,5.613583059824557e-5,0.1111108373459611,-0.11110980382295796
17972,0.1,-0.11111092501807916,1.140091201608089e-9,3.3765236584512316e-5,5.5765159881057936e-5,0.11111092501807916,-0.11110980679532997
17973,0.1,-0.11111101191787447,1.5329037477529299e-9,3.915231471768853e-5,5.5344607233049065e-5,0.11111101191787447,-0.1111098096756053
17974,0.1,-0.11111109793773567,1.9787034062004127e-9,4.448261914726259e-5,5.487461390580412e-5,0.11111109793773567,-0.11110981245361824
17975,0.25,-0.11111118038048375,2.461711991588437e-9,4.961564260985075e-5,5.435811266674967e-5,0.11111118038048375,-0.11110981468039219
17976,0.625,-0.11111125276417766,2.9394075907149902e-9,5.421630373526943e-5,5.307085904344171e-5,0.11111125276417766,-0.11110981534136236
17977,1.5625,-0.11111129802822246,3.2937220337825206e-9,5.73909577702143e-5,4.970202345662119e-5,0.11111129802822246,-0.11110981184219429
17978,3.90625,-0.11111127490950438,3.233886743464277e-9,5.686727304403014e-5,4.095942265941647e-5,0.11111127490950438,-0.11110979910273608
17979,9.765625,-0.11111110454245984,2.2592393065250827e-9,4.753145596891686e-5,2.005191570638616e-5,0.11111110454245984,-0.11110977546913739
17980,24.4140625,-0.11111073701680857,4.791753750625503e-10,2.189007480714834e-5,2.862600088479588e-5,0.11111073701680857,-0.11110977106761881
17981,9.765625,-0.11111059206361167,1.0515052622464371e-10,1.0254293063134275e-5,7.933783561538953e-5,0.11111059206361167,-0.11110977967376756
17982,3.90625,-0.11111046183577829,1.4083147918783946e-11,3.7527520460035654e-6,8.825561741988337e-5,0.11111046183577829,-0.11110978808365916
17983,1.5625,-0.11111033997622236,8.934822276691965e-11,9.452418884440091e-6,8.807436092725661e-5,0.11111033997622236,-0.11110979572534557
17984,0.625,-0.11111022122553962,3.0815011967363654e-10,1.7554205184901894e-5,8.656164724078006e-5,0.11111022122553962,-0.11110980295393774
17985,0.25,-0.11111010371037502,6.653686183977177e-10,2.5794740130455232e-5,8.534313402816206e-5,0.11111010371037502,-0.1111098100186261
17986,0.1,-0.11110998676660937,1.1596574709864644e-9,3.405374386152666e-5,8.45613385658358e-5,0.11110998676660937,-0.11110981702962508
17987,0.1,-0.11110987049931144,1.7868601374365383e-9,4.227126846259216e-5,8.408230685818774e-5,0.11110987049931144,-0.11110982388263621
17988,0.1,-0.11110975499488634,2.5428721886647555e-9,5.0426899455199064e-5,8.352773651115677e-5,0.11110975499488634,-0.11110983055299013
17989,0.1,-0.11110964033878108,3.4231432387125395e-9,5.850763402080569e-5,8.289817315201572e-5,0.11110964033878108,-0.11110983701685738
17990,0.1,-0.11110952661546074,4.422696070523085e-9,6.65033538291347e-5,8.219427656946543e-5,0.11110952661546074,-0.11110984325133944
17991,0.25,-0.11110941582501459,5.5063982691053536e-9,7.420510945417002e-5,8.142042243637553e-5,0.11110941582501459,-0.1111098482515794
17992,0.625,-0.1111093129207866,6.5794863036734e-9,8.111403271736278e-5,7.949176815889946e-5,0.1111093129207866,-0.11110984974399006
17993,1.5625,-0.1111092314932194,7.3786220077674374e-9,8.58989057425497e-5,7.44417834541673e-5,0.1111092314932194,-0.11110984190842563
17994,3.90625,-0.11110920795100733,7.254278109114094e-9,8.517205004644478e-5,6.131555807596e-5,0.11110920795100733,-0.11110981331515621
17995,9.765625,-0.1111093346173167,5.083047987046053e-9,7.129549766321892e-5,2.9643895479090284e-5,0.1111093346173167,-0.11110976006873684
17996,24.4140625,-0.11110994667982166,7.546500078148415e-11,8.687059386321942e-6,4.1131750955254194e-5,0.11110994667982166,-0.11110979040469644
17997,9.765625,-0.1111107009259891,7.900510203515564e-11,8.888481424582921e-6,2.371837411583932e-5,0.1111107009259891,-0.11110978993413989
17998,3.90625,-0.11111097946003068,9.0183179167438e-11,9.496482462861605e-6,1.6313664280312344e-5,0.11111097946003068,-0.11110978976278009
17999,1.5625,-0.11111120404406859,1.0441533257043407e-10,1.0218382091624587e-5,1.3208601027848155e-5,0.11111120404406859,-0.11110978974564514
18000,0.625,-0.11111141469304817,1.21280040885262e-10,1.1012721774623292e-5,1.1859691486750171e-5,0.11111141469304817,-0.1111097898000554
18001,1.5625,-0.11111154027178602,1.3219202495204845e-10,1.1497479069432936e-5,1.1237568439418932e-5,0.11111154027178602,-0.11110978969015813
18002,3.90625,-0.11111143953365987,1.2262950415823277e-10,1.1073820666700033e-5,9.769670555876222e-6,0.11111143953365987,-0.11110978924424876
18003,9.765625,-0.11111089245683774,7.473808880541862e-11,8.64511936328346e-6,7.398888365743007e-6,0.11111089245683774,-0.11110978853083814
18004,24.4140625,-0.11111022763643383,1.2934655666324167e-11,3.596478231037158e-6,1.0003094016426457e-5,0.11111022763643383,-0.11110978863882255
18005,9.765625,-0.11111050678550753,2.827044052974622e-12,1.681381590530425e-6,1.672274410908865e-5,0.11111050678550753,-0.11110978899849168
18006,3.90625,-0.11111059617991677,2.46781324713852e-12,1.5709275117390109e-6,1.752874807470997e-5,0.11111059617991677,-0.11110978931084141
18007,1.5625,-0.11111066269147707,7.602269843059895e-12,2.7572213989920894e-6,1.7162477474771702e-5,0.11111066269147707,-0.11110978959109735
18008,0.625,-0.11111072340001461,1.7555419798554816e-11,4.189918829590236e-6,1.6745513862327055e-5,0.11111072340001461,-0.11110978985718475
18009,0.25,-0.11111078235893843,3.217992247097063e-11,5.6727350079984015e-6,1.6457105579776128e-5,0.11111078235893843,-0.11110979011817188
18010,0.1,-0.1111108407737539,5.142811690626087e-11,7.171339965882309e-6,1.62777970671409e-5,0.1111108407737539,-0.1111097903774809
18011,0.1,-0.11111089718513845,7.510233323824048e-11,8.666160236127675e-6,1.6166003202745903e-5,0.11111089718513845,-0.11110979063024526
18012,0.1,-0.11111095137670889,1.0302777015042199e-10,1.0150259610001214e-5,1.6043197025099163e-5,0.11111095137670889,-0.11110979087573603
18013,0.1,-0.11111100314134292,1.3501620347976168e-10,1.1619647304447829e-5,1.5909284484972817e-5,0.11111100314134292,-0.11110979111324852
18014,0.1,-0.11111105228183055,1.7086667486154279e-10,1.307159802248917e-5,1.576423810991554e-5,0.11111105228183055,-0.11110979134210608
18015,0.25,-0.11111109139220679,2.0912974374917747e-10,1.4461318880004598e-5,1.5609169549861824e-5,0.11111109139220679,-0.11110979152471112
18016,0.625,-0.111111103886022,2.460055077978237e-10,1.5684562722556968e-5,1.5245231135495858e-5,0.111111103886022,-0.11110979157838438
18017,1.5625,-0.1111110489885294,2.712041502824456e-10,1.6468277089071752e-5,1.4325879786476726e-5,0.1111110489885294,-0.11110979129597691
18018,3.90625,-0.11111084232886118,2.604735925184687e-10,1.6139194295827432e-5,1.204239458259003e-5,0.11111084232886118,-0.1111097902898946
18019,9.765625,-0.111110402695809,1.7609746667437007e-10,1.3270172066494469e-5,7.435404103103512e-6,0.111110402695809,-0.11110978850253522
18020,24.4140625,-0.11111012651919003,3.571785192986543e-11,5.976441410226108e-6,1.0612575575183182e-5,0.11111012651919003,-0.11110978831867133
18021,9.765625,-0.11111033397861797,8.059252631598336e-12,2.838882285618468e-6,2.3130213591030832e-5,0.11111033397861797,-0.11110978903065613
18022,3.90625,-0.11111042231444881,2.532699238546378e-12,1.5914456442324312e-6,2.5271048084510317e-5,0.11111042231444881,-0.11110978970743467
18023,1.5625,-0.11111049417613782,9.911381508464874e-12,3.148234665406134e-6,2.508764370488075e-5,0.11111049417613782,-0.11110979032139696
18024,0.625,-0.11111056149559505,2.845666455177525e-11,5.334478845377049e-6,2.461066741204949e-5,0.11111056149559505,-0.11110979090323037
18025,0.25,-0.11111062736510587,5.777802730460321e-11,7.601185914355944e-6,2.424470380062676e-5,0.11111062736510587,-0.11110979147256314
18026,0.1,-0.1111106927607175,9.776550456733284e-11,9.887644035225622e-6,2.4011332681777628e-5,0.1111106927607175,-0.11110979203773542
18027,0.1,-0.11111075714403547,1.4805941419135302e-10,1.2167966723793792e-5,2.386661939710198e-5,0.11111075714403547,-0.11110979258979051
18028,0.1,-0.11111082036928217,2.0831463537729897e-10,1.4433108999009844e-5,2.3702000590769134e-5,0.11111082036928217,-0.11110979312686625
18029,0.1,-0.11111088229466452,2.7815195289761303e-10,1.667788814261605e-5,2.351757572497393e-5,0.11111088229466452,-0.11110979364716496
18030,0.1,-0.11111094278277074,3.571595575612154e-10,1.8898665496833775e-5,2.331349346459397e-5,0.11111094278277074,-0.1111097941489623
18031,0.25,-0.11111099778726054,4.424351662822143e-10,2.1034142870157896e-5,2.3091088635870043e-5,0.11111099778726054,-0.11110979455186569
18032,0.625,-0.11111103789700649,5.262098542749993e-10,2.2939264466739105e-5,2.2549772649165426e-5,0.11111103789700649,-0.11110979467549854
18033,1.5625,-0.11111103929470105,5.870321616696565e-10,2.4228746597165454e-5,2.1151481911622883e-5,0.11111103929470105,-0.11110979406123468
18034,3.90625,-0.11111094962164704,5.725791681314174e-10,2.392862654084888e-5,1.7577732250308153e-5,0.11111094962164704,-0.11110979182346228
18035,9.765625,-0.11111069993784477,3.9498450542371564e-10,1.9874217102158154e-5,9.574500335782718e-6,0.11111069993784477,-0.11110978773289841
18036,24.4140625,-0.11111042524233301,8.120624934481023e-11,9.011451012173913e-6,1.3653815953048329e-5,0.11111042524233301,-0.11110978713427451
18037,9.765625,-0.11111044870949799,1.7809914380899123e-11,4.2201794252021e-6,3.371451886808149e-5,0.11111044870949799,-0.11110978867256686
18038,3.90625,-0.11111043018273933,3.6697358970278695e-12,1.9156554745120193e-6,3.7192933910294495e-5,0.11111043018273933,-0.11110979015382064
18039,1.5625,-0.1111104083936493,1.8445842815928212e-11,4.294862374503776e-6,3.7024198140829194e-5,0.1111104083936493,-0.11110979149767294
18040,0.625,-0.11111038602450757,5.821366791883904e-11,7.629788196197784e-6,3.635571556638156e-5,0.11111038602450757,-0.11110979276970998
18041,0.25,-0.11111036353792955,1.2209649143924267e-10,1.104972811607791e-5,3.583135728632924e-5,0.11111036353792955,-0.11110979401373079
18042,0.1,-0.1111103410454863,2.0986027253561934e-10,1.4486554888434287e-5,3.5497361163368664e-5,0.1111103410454863,-0.11110979524871163
18043,0.1,-0.11111031837207312,3.207475343571902e-10,1.790942585224859e-5,3.5292846981461455e-5,0.11111031837207312,-0.11110979645558801
18044,0.1,-0.11111029549868874,4.5402048031916983e-10,2.1307756341744895e-5,3.505725742692715e-5,0.11111029549868874,-0.1111097976300944
18045,0.1,-0.1111102724080576,6.088637434155704e-10,2.4675164506352747e-5,3.479081491674347e-5,0.1111102724080576,-0.11110979876811514
18046,0.1,-0.11111024908474963,7.84387790497001e-10,2.8006923974206824e-5,3.449379650918523e-5,0.11111024908474963,-0.11110979986569725
18047,0.25,-0.11111022477324556,9.742947492795183e-10,3.1213694899507146e-5,3.416809899815279e-5,0.11111022477324556,-0.111109800745379
18048,0.625,-0.11111019786945164,1.161652239443912e-9,3.408301981110113e-5,3.3360878575037035e-5,0.11111019786945164,-0.11110980100721446
18049,1.5625,-0.11111016480147291,1.2995309709280215e-9,3.604900790490664e-5,3.125552717214231e-5,0.11111016480147291,-0.11110979963066996
18050,3.90625,-0.1111101205774647,1.2727024710045703e-9,3.567495579541158e-5,2.5817175567994466e-5,0.1111101205774647,-0.11110979462802874
18051,9.765625,-0.11111007760909487,8.843838917629663e-10,2.973859263251989e-5,1.309561375986173e-5,0.11111007760909487,-0.11110978540734251
18052,24.4140625,-0.1111101714493973,1.8463043772611333e-10,1.3587878337919917e-5,1.8836569689686207e-5,0.1111101714493973,-0.11110978385328703
18053,9.765625,-0.11111030712525559,4.0352963323115055e-11,6.352398233983372e-6,4.991189035936638e-5,0.11111030712525559,-0.11110978724796007
18054,3.90625,-0.11111039894363522,6.4969034935073894e-12,2.5489024095691443e-6,5.533294443713636e-5,0.11111039894363522,-0.11110979054256048
18055,1.5625,-0.111110481546425,3.7556211172380046e-11,6.128312261331014e-6,5.516063908040592e-5,0.111110481546425,-0.1111097935334193
18056,0.625,-0.11111056132643139,1.2468662855539166e-10,1.1166316696001044e-5,5.419242051846278e-5,0.11111056132643139,-0.1111097963632017
18057,0.25,-0.11111064020277882,2.659145395142394e-10,1.6306886260541568e-5,5.342238909070032e-5,0.11111064020277882,-0.11110979912973715
18058,0.1,-0.11111071882095587,4.607249728352495e-10,2.146450495201903e-5,5.293093573865867e-5,0.11111071882095587,-0.11110980187589577
18059,0.1,-0.11111079692143518,7.074687354044408e-10,2.6598284444761485e-5,5.263093005278032e-5,0.11111079692143518,-0.11110980456004534
18060,0.1,-0.11111087440460705,1.0045271234629677e-9,3.16942758785079e-5,5.2283808510418453e-5,0.11111087440460705,-0.111109807172556
18061,0.1,-0.11111095117149582,1.3501062690244246e-9,3.674379225154128e-5,5.188991060146953e-5,0.11111095117149582,-0.11110980970412654
18062,0.1,-0.11111102712398384,1.7422446962553408e-9,4.1740204794123144e-5,5.144965102816676e-5,0.11111102712398384,-0.11110981214582177
18063,0.25,-0.1111110997766345,2.167028538239586e-9,4.6551353774509994e-5,5.096575903156641e-5,0.1111110997766345,-0.11110981410247332
18064,0.625,-0.11111116316913472,2.5869671223058964e-9,5.086223670176034e-5,4.975880124228178e-5,0.11111116316913472,-0.11110981468147042
18065,1.5625,-0.11111120164511809,2.8979889102716467e-9,5.383297233361396e-5,4.6599557654544326e-5,0.11111120164511809,-0.11110981160122017
18066,3.90625,-0.1111111775029291,2.8439456960802307e-9,5.332865736243723e-5,3.8403814206328896e-5,0.1111111775029291,-0.11110980039881638
18067,9.765625,-0.11111101967009192,1.984579927925647e-9,4.4548624310136073e-5,1.885462623254177e-5,0.11111101967009192,-0.11110977964707451
18068,24.4140625,-0.11111068896272593,4.1957116291573285e-10,2.048343630633622e-5,2.7028963075478524e-5,0.11111068896272593,-0.11110977585212324
18069,9.765625,-0.1111105624468547,9.203753398118382e-11,9.593619441127725e-6,7.439676732815738e-5,0.1111105624468547,-0.11110978341554267
18070,3.90625,-0.1111104476646893,1.2827637568707128e-11,3.5815691489495392e-6,8.271073411839929e-5,0.1111104476646893,-0.11110979079708036
18071,1.5625,-0.11111034017777477,7.960249178283696e-11,8.922022852629159e-6,8.25246644330617e-5,0.11111034017777477,-0.1111097975029986
18072,0.625,-0.11111023541500176,2.723860726422498e-10,1.65041228983018e-5,8.11012442547493e-5,0.11111023541500176,-0.11110980384660904
18073,0.25,-0.11111013173640721,5.867016292059693e-10,2.422192455619432e-5,7.995762578373598e-5,0.11111013173640721,-0.11110981004682761
18074,0.1,-0.11111002855950279,1.0213779287634931e-9,3.1959003876270815e-5,7.922489206618191e-5,0.11111002855950279,-0.11110981620031028
18075,0.1,-0.11110992597974084,1.5727587121572212e-9,3.965802204040465e-5,7.877652330062364e-5,0.11110992597974084,-0.11110982221510005
18076,0.1,-0.11110982407351383,2.23723843316195e-9,4.7299454892862665e-5,7.825732488934436e-5,0.11110982407351383,-0.11110982806952957
18077,0.1,-0.11110972291644866,3.0108191525955876e-9,5.487093176350833e-5,7.766780832247689e-5,0.11110972291644866,-0.11110983374266979
18078,0.1,-0.11110962258337853,3.8891273658335804e-9,6.236286848625214e-5,7.700859260302539e-5,0.11110962258337853,-0.11110983921440952
18079,0.25,-0.11110952484477528,4.841231320733304e-9,6.957895745649904e-5,7.628375011961803e-5,0.11110952484477528,-0.11110984360138026
18080,0.625,-0.11110943408656226,5.783708345128425e-9,7.605069588852179e-5,7.447585702162564e-5,0.11110943408656226,-0.11110984490550005
18081,1.5625,-0.1111093623517234,6.484780170312805e-9,8.052813278794439e-5,6.974107035508838e-5,0.1111093623517234,-0.11110983801345782
18082,3.90625,-0.11110934195392339,6.373025842498618e-9,7.983123350229919e-5,5.7436280429852696e-5,0.11110934195392339,-0.11110981289223733
18083,9.765625,-0.11110945508785885,4.4615339646898244e-9,6.679471509550606e-5,2.7789738056492496e-5,0.11110945508785885,-0.11110976616844466
18084,24.4140625,-0.11110987539468102,9.526520954864574e-10,3.086506270018672e-5,3.9487904799285486e-5,0.11110987539468102,-0.1111097571388911
18085,9.765625,-0.11111013512256222,2.0960525646927565e-10,1.4477750393941583e-5,0.00011128573543881597,0.11111013512256222,-0.11110977408727578
18086,3.90625,-0.11111034132389207,2.588412320603427e-11,5.087644170540455e-6,0.00012396292323417255,0.11111034132389207,-0.11110979070068022
18087,1.5625,-0.11111053156086458,1.710331006359554e-10,1.3077962403828641e-5,0.00012376611604094224,0.11111053156086458,-0.11110980580468721
18088,0.625,-0.11111071671446358,5.999063838696653e-10,2.4492986422028354e-5,0.00012166359316282196,0.11111071671446358,-0.11110982009210306
18089,0.25,-0.11111090035436248,1.3023524979016117e-9,3.608812128528737e-5,0.00011996078098170002,0.11111090035436248,-0.11110983405425023
18090,0.1,-0.11111108372610291,2.2757105630603245e-9,4.770440821412969e-5,0.00011886632092109751,0.11111108372610291,-0.11110984790934146
18091,0.1,-0.11111126645590175,3.511839084060144e-9,5.926077188208186e-5,0.00011819523578719721,0.11111126645590175,-0.1111098614531136
18092,0.1,-0.11111144834363307,5.002677545371794e-9,7.072960868951414e-5,0.0001174178836702339,0.11111144834363307,-0.11110987463677234
18093,0.1,-0.11111162918736855,6.739283643135662e-9,8.209314004918841e-5,0.00011653501112788236,0.11111162918736855,-0.11110988741317139
18094,0.1,-0.11111180878383692,8.711870758279355e-9,9.33374027830181e-5,0.00011554752532965349,0.11111180878383692,-0.1111098997369944
18095,0.25,-0.11111198256342147,1.0851389267651397e-8,0.00010417000176467022,0.00011446149486205606,0.11111198256342147,-0.11110990962728515
18096,0.625,-0.11111213932367889,1.2971467011213387e-8,0.0001138923483435713,0.00011175328513895457,0.11111213932367889,-0.11110991259854475
18097,1.5625,-0.11111224904014684,1.455393437571591e-8,0.00012063968822786267,0.00010465875758924347,0.11111224904014684,-0.1111098971611287
18098,3.90625,-0.11111223654146576,1.4319671322354362e-8,0.00011966482909507857,8.620375448690159e-5,0.11111223654146576,-0.11110984071462922
18099,9.765625,-0.1111119442947432,1.0051241986735928e-8,0.00010025588255427174,4.150475681019863e-5,0.1111119442947432,-0.11110973535656707
18100,24.4140625,-0.11111146783315529,1.4933630302507662e-10,1.2220323360086533e-5,5.7169618467170795e-5,0.11111146783315529,-0.11110979482599231
18101,9.765625,-0.11110981995721372,1.5394262770538906e-10,1.2407361835031211e-5,3.379722725328583e-5,0.11110981995721372,-0.11110979401391828
18102,3.90625,-0.11110919627815659,1.789076959972479e-10,1.3375638152897524e-5,2.3106989524429977e-5,0.11110919627815659,-0.11110979367216317
18103,1.5625,-0.11110869391044768,2.105784462428805e-10,1.4511321312784736e-5,1.8348397562262744e-5,0.11110869391044768,-0.1111097936177565
18104,0.625,-0.11110822311525193,2.4822126404899246e-10,1.5755039322356275e-5,1.619943281512834e-5,0.11110822311525193,-0.11110979370158446
18105,1.5625,-0.11110793893041829,2.7252732907918594e-10,1.6508401772406253e-5,1.5191597840651481e-5,0.11110793893041829,-0.11110979343997374
18106,3.90625,-0.1111081536535687,2.5022049649548255e-10,1.58183594754792e-5,1.2742511762971562e-5,0.1111081536535687,-0.11110979248565576
18107,9.765625,-0.11110936236882127,1.4641367873827085e-10,1.210015201302326e-5,8.605640912270629e-6,0.11110936236882127,-0.1111097910480712
18108,24.4140625,-0.11111087710441814,2.566133042571286e-11,5.065701375497065e-6,1.2853194140108908e-5,0.11111087710441814,-0.11110979123698383
18109,9.765625,-0.11111023616070435,4.44823095719825e-12,2.1090829659352546e-6,2.295468188643298e-5,0.11111023616070435,-0.11110979194626219
18110,3.90625,-0.11111001489043021,4.0995853029112335e-12,2.0247432683950906e-6,2.4069902589840856e-5,0.11111001489043021,-0.11110979253781443
18111,1.5625,-0.11110984629005316,1.4760253458214623e-11,3.84190752858715e-6,2.349726714722903e-5,0.11110984629005316,-0.11110979306120124
18112,0.625,-0.11110969128037562,3.508292213676029e-11,5.92308383671549e-6,2.2873185047947088e-5,0.11110969128037562,-0.11110979355533075
18113,0.25,-0.11110954042543772,6.478763224005582e-11,8.049076483675367e-6,2.2446749750985073e-5,0.11110954042543772,-0.11110979403914667
18114,0.1,-0.11110939089105466,1.0378790402919873e-10,1.0187634859436156e-5,2.218391642387171e-5,0.11110939089105466,-0.1111097945197087
18115,0.1,-0.1111092458835007,1.5165975117009386e-10,1.2315021362957268e-5,2.2021538100125742e-5,0.1111092458835007,-0.11110979498720916
18116,0.1,-0.11110910590170049,2.0803762705241465e-10,1.4423509526201127e-5,2.184264645509628e-5,0.11110910590170049,-0.11110979544017818
18117,0.1,-0.11110897142416769,2.725280720626975e-10,1.6508424275584194e-5,2.1647124620279748e-5,0.11110897142416769,-0.11110979587719903
18118,0.1,-0.11110884290754693,3.447114278139088e-10,1.856640589381555e-5,2.1434949804718374e-5,0.11110884290754693,-0.11110979629691604
18119,0.25,-0.11110873709368287,4.2148430457622733e-10,2.0530082916935025e-5,2.1207741367680833e-5,0.11110873709368287,-0.1111097966235873
18120,0.625,-0.11110869162145377,4.947685428346915e-10,2.2243393240121693e-5,2.0670737965435542e-5,0.11110869162145377,-0.11110979669134755
18121,1.5625,-0.11110879939155469,5.429732234521363e-10,2.330178584255156e-5,1.9310375584592547e-5,0.11110879939155469,-0.11110979608815721
18122,3.90625,-0.11110925463851912,5.167671816504628e-10,2.273251375564222e-5,1.5921605382079436e-5,0.11110925463851912,-0.11110979406004373
18123,9.765625,-0.11111025726251952,3.453458583437549e-10,1.858348348248398e-5,8.93089559010627e-6,0.11111025726251952,-0.11110979054024732
18124,24.4140625,-0.11111096869441056,7.011215865414427e-11,8.373300344197876e-6,1.3952684450327847e-5,0.11111096869441056,-0.11110979016150893
18125,9.765625,-0.11111054084267753,1.4695761742904257e-11,3.833505151020963e-6,3.193673332220823e-5,0.11111054084267753,-0.1111097915452672
18126,3.90625,-0.11111036851031858,3.5958391462098957e-12,1.8962697978425684e-6,3.501868824344833e-5,0.11111036851031858,-0.11110979285304969
18127,1.5625,-0.11111023105295485,1.7998273119562916e-11,4.242437167426634e-6,3.4768187823613924e-5,0.11111023105295485,-0.11110979403408044
18128,0.625,-0.1111101031688438,5.444603861341901e-11,7.378755898755495e-6,3.409338562326227e-5,0.1111101031688438,-0.11110979515048387
18129,0.25,-0.11110997836986224,1.1216614318008045e-10,1.0590851862814457e-5,3.3574261927614005e-5,0.11110997836986224,-0.1111097962417091
18130,0.1,-0.11110985461969686,1.909429624672167e-10,1.3818211261491723e-5,3.3243115926344994e-5,0.11110985461969686,-0.11110979732453415
18131,0.1,-0.11110973303086286,2.900678371848865e-10,1.7031378017790766e-5,3.303796440074451e-5,0.11110973303086286,-0.11110979838156074
18132,0.1,-0.11110961390198125,4.0886007586051154e-10,2.0220288718525053e-5,3.2804380666465587e-5,0.11110961390198125,-0.1111097994091115
18133,0.1,-0.11110949752254944,5.465713556465296e-10,2.337886557655289e-5,3.254248645412302e-5,0.11110949752254944,-0.11110980040363606
18134,0.1,-0.11110938417212825,7.023887308965522e-10,2.65026174348224e-5,3.2252471579756394e-5,0.11110938417212825,-0.11110980136172835
18135,0.25,-0.11110928219818277,8.705721246442196e-10,2.9505459234592834e-5,3.193618977867756e-5,0.11110928219818277,-0.11110980212513129
18136,0.625,-0.11110921097446559,1.0357566030610262e-9,3.218317266928521e-5,3.116461855928896e-5,0.11110921097446559,-0.11110980233855931
18137,1.5625,-0.11110921939445732,1.155555135444859e-9,3.399345724466488e-5,2.916730828224955e-5,0.11110921939445732,-0.11110980109888846
18138,3.90625,-0.11110941419307013,1.126838468189962e-9,3.356841474049619e-5,2.4037280946046707e-5,0.11110941419307013,-0.11110979666355972
18139,9.765625,-0.11110993101458426,7.773531447403918e-10,2.788105350843816e-5,1.2215004039939374e-5,0.11110993101458426,-0.11110978858031265
18140,24.4140625,-0.11111046090153928,1.5998882305021863e-10,1.2648668825224994e-5,1.8224590051963754e-5,0.11111046090153928,-0.11110978735308062
18141,9.765625,-0.11111036685539444,3.427506235150575e-11,5.854490784987688e-6,4.6970770147206946e-5,0.11111036685539444,-0.11110979036240573
18142,3.90625,-0.11111037030620341,5.893870760099194e-12,2.427729548384497e-6,5.193097924211583e-5,0.11111037030620341,-0.1111097932592772
18143,1.5625,-0.11111038370865599,3.4580227997978656e-11,5.880495557177019e-6,5.1711580163547236e-5,0.11111038370865599,-0.11110979588369835
18144,0.625,-0.11111039944434249,1.1257513221653936e-10,1.0610142893313896e-5,5.07757123033514e-5,0.11111039944434249,-0.11110979836546311
18145,0.25,-0.11111041590371616,2.381445436032789e-10,1.5431932594567633e-5,5.003888930574515e-5,0.11111041590371616,-0.11110980079144235
18146,0.1,-0.11111043263501726,4.1082662595660576e-10,2.0268858526236888e-5,4.956909310217325e-5,0.11111043263501726,-0.11110980319936302
18147,0.1,-0.11111045004015668,6.291358604882794e-10,2.5082580817935768e-5,4.928143198474744e-5,0.11111045004015668,-0.11110980555201352
18148,0.1,-0.11111046818333574,8.916226694002807e-10,2.9860051396477547e-5,4.894978950186383e-5,0.11111046818333574,-0.11110980784097159
18149,0.1,-0.11111048712414094,1.1966844335782077e-9,3.459312697022644e-5,4.8574470170526094e-5,0.11111048712414094,-0.11110981005810544
18150,0.1,-0.11111050691729611,1.5425721998364344e-9,3.927559292787869e-5,4.815585313680604e-5,0.11111050691729611,-0.11110981219560744
18151,0.25,-0.11111052975829093,1.91690810276708e-9,4.378250909629415e-5,4.769659029007569e-5,0.11111052975829093,-0.11110981390419944
18152,0.625,-0.11111056049574541,2.2864005425251394e-9,4.781632088027204e-5,4.655706685455531e-5,0.11111056049574541,-0.11110981439617475
18153,1.5625,-0.11111061062244595,2.5587560544309865e-9,5.058414825250087e-5,4.3581684394384916e-5,0.11111061062244595,-0.11110981166067306
18154,3.90625,-0.11111070102994935,2.5072682625176858e-9,5.007262987419061e-5,3.587535123412947e-5,0.11111070102994935,-0.11110980177681186
18155,9.765625,-0.11111083073877014,1.7442336734621418e-9,4.176402367423596e-5,1.756282042043156e-5,0.11111083073877014,-0.11110978355349173
18156,24.4140625,-0.11111076160392754,3.6505642402470296e-10,1.9106449801695317e-5,2.570310643503258e-5,0.11111076160392754,-0.11110978039834218
18157,9.765625,-0.11111054657237769,7.918969559801327e-11,8.898859230149294e-6,6.985810258591857e-5,0.11111054657237769,-0.11110978707070195
18158,3.90625,-0.1111104099829985,1.1418219928813681e-11,3.3790856646160484e-6,7.75486027900071e-5,0.1111104099829985,-0.11110979355286216
18159,1.5625,-0.11111028864024314,7.185360191921201e-11,8.47665039500934e-6,7.732845164634472e-5,0.11111028864024314,-0.1111097994351879
18160,0.625,-0.11111017204262938,2.4300233493809096e-10,1.5588532161114173e-5,7.597408454633833e-5,0.11111017204262938,-0.11110980499847806
18161,0.25,-0.1111100571384402,5.209543589424048e-10,2.282442461361085e-5,7.489322780039942e-5,0.1111100571384402,-0.11110981043613194
18162,0.1,-0.11110994291959443,9.046880494060331e-10,3.0078032671802742e-5,7.420242030737605e-5,0.11110994291959443,-0.11110981583309887
18163,0.1,-0.11110982980373411,1.3909617553462716e-9,3.729559967806218e-5,7.378032356708349e-5,0.11110982980373411,-0.11110982110778955
18164,0.1,-0.11110971793339909,1.9765888112674905e-9,4.44588440163202e-5,7.32918652480505e-5,0.11110971793339909,-0.11110982624118927
18165,0.1,-0.11110960744785821,2.65803726651469e-9,5.1556156436595325e-5,7.273751203808262e-5,0.11110960744785821,-0.11110983121493091
18166,0.1,-0.11110949848286915,3.4314447229002328e-9,5.857853465989255e-5,7.211783486572118e-5,0.11110949848286915,-0.11110983601136797
18167,0.25,-0.11110939481303582,4.269440252956833e-9,6.534095387241322e-5,7.14366482149564e-5,0.11110939481303582,-0.11110983985175958
18168,0.625,-0.11110930538784682,5.0982497823827435e-9,7.140202925955777e-5,6.973758919923797e-5,0.11110930538784682,-0.11110984097616433
18169,1.5625,-0.11110925352948012,5.713024066512078e-9,7.5584549125546e-5,6.528866232511042e-5,0.11110925352948012,-0.11110983488416327
18170,3.90625,-0.11110929484114812,5.609313558061663e-9,7.489535071058592e-5,5.373276405237606e-5,0.11110929484114812,-0.11110981276329857
18171,9.765625,-0.11110953232581053,3.918737136959692e-9,6.259981738759061e-5,2.5954963484182918e-5,0.11110953232581053,-0.11110977174461657
18172,24.4140625,-0.11111001526366325,8.313033078712234e-10,2.88323309475877e-5,3.737981995924021e-5,0.11111001526366325,-0.11110976407899055
18173,9.765625,-0.11111019343415794,1.8210987715245074e-10,1.3494809266990427e-5,0.00010437592038572177,0.11111019343415794,-0.11110977898628148
18174,3.90625,-0.11111035684819398,2.370864609125942e-11,4.869152502362133e-6,0.00011614749669873044,0.11111035684819398,-0.11110979355693631
18175,1.5625,-0.11111051047399792,1.538715986847438e-10,1.2404499130748641e-5,0.00011591768021482743,0.11111051047399792,-0.11110980679547809
18176,0.625,-0.11111066076099524,5.330784079548635e-10,2.308849081154642e-5,0.0001139291181264279,0.11111066076099524,-0.11110981931748051
18177,0.25,-0.11111081007562541,1.1524683522175938e-9,3.394802427561277e-5,0.00011232661111692534,0.11111081007562541,-0.11110983155534787
18178,0.1,-0.11111095927446968,2.0097286705218173e-9,4.4829997440573394e-5,0.00011129901540162901,0.11111095927446968,-0.11110984370042855
18179,0.1,-0.1111111081612307,3.0976735110684996e-9,5.565674721961839e-5,0.00011067016933337592,0.1111111081612307,-0.1111098555720161
18180,0.1,-0.11111125659415204,4.409205292153787e-9,6.640184705378146e-5,0.0001099416129617477,0.11111125659415204,-0.11110986712726152
18181,0.1,-0.11111140442863889,5.936450579121689e-9,7.704836519434847e-5,0.000109114054873145,0.11111140442863889,-0.11110987832476729
18182,0.1,-0.11111155151755771,7.670793197499794e-9,8.758306455873643e-5,0.00010818835432325548,0.11111155151755771,-0.11110988912474863
18183,0.25,-0.11111169481432255,9.551306526031284e-9,9.773078596855386e-5,0.00010717019748616888,0.11111169481432255,-0.11110989778401952
18184,0.625,-0.11111182670810478,1.141360696771778e-8,0.00010683448398208221,0.00010462912096242035,0.11111182670810478,-0.11110990035787076
18185,1.5625,-0.11111192639066006,1.2800836303116342e-8,0.00011314078090200872,9.797115162749149e-5,0.11111192639066006,-0.11110988674751124
18186,3.90625,-0.11111193961259111,1.2586080857839347e-8,0.00011218770368377877,8.065559500588874e-5,0.11111193961259111,-0.11110983711814867
18187,9.765625,-0.11111174049225357,8.820164054755765e-9,9.391572847375335e-5,3.87764914819684e-5,0.11111174049225357,-0.11110974469624962
18188,24.4140625,-0.11111111073927525,1.2992437582246178e-10,1.139843742898393e-5,5.39605848857185e-5,0.11111111073927525,-0.11110979721464852
18189,9.765625,-0.11110997191664859,1.3601889526867232e-10,1.1662713889514409e-5,3.0995029961805996e-5,0.11110997191664859,-0.11110979639937858
18190,3.90625,-0.11110954672402582,1.559492277972584e-10,1.2487963316620465e-5,2.1010125240472805e-5,0.11110954672402582,-0.11110979608190004
18191,1.5625,-0.11110920375821731,1.8116160615053563e-10,1.3459628752329525e-5,1.67259836661196e-5,0.11110920375821731,-0.1111097960282984
18192,3.90625,-0.11110912252251824,1.8109854482155838e-10,1.3457285938165926e-5,1.482193642768379e-5,0.11110912252251824,-0.11110979541382462
18193,9.765625,-0.11110965521765159,1.2086953566121028e-10,1.0994068203409066e-5,1.067895829265364e-5,0.11110965521765159,-0.11110979417853496
18194,24.4140625,-0.11111062029565091,2.3400669213479923e-11,4.837423819914885e-6,9.89839355998351e-6,0.11111062029565091,-0.11110979400893022
18195,9.765625,-0.11111017872975469,5.599158194934483e-12,2.3662540427719257e-6,1.9161816857204556e-5,0.11111017872975469,-0.11110979449618436
18196,3.90625,-0.11111002949746687,2.934818394188833e-12,1.7131311666620373e-6,2.0511505112936006e-5,0.11111002949746687,-0.11110979493497412
18197,1.5625,-0.11110991395290586,8.428622136899612e-12,2.9032089378650673e-6,2.0203817088260458e-5,0.11110991395290586,-0.11110979533039576
18198,0.625,-0.111109806888737,2.0953819582027683e-11,4.57753422510719e-6,1.9737761367990004e-5,0.111109806888737,-0.11110979570401686
18199,0.25,-0.11110970234864308,4.0238852488901674e-11,6.343410162436422e-6,1.938964201849758e-5,0.11110970234864308,-0.11110979606848005
18200,0.1,-0.11110959858228774,6.618452398045295e-11,8.13538714385818e-6,1.916020016844027e-5,0.11110959858228774,-0.11110979642903834
18201,0.1,-0.11110949834084687,9.849112429451377e-11,9.924269458983557e-6,1.9008667169027335e-5,0.11110949834084687,-0.11110979677971743
18202,0.1,-0.11110940197348458,1.3689341917905143e-10,1.170014611785047e-5,1.884570915926512e-5,0.11110940197348458,-0.11110979711956964
18203,0.1,-0.11110930981348326,1.8110881786096455e-10,1.3457667623364925e-5,1.8670950110666784e-5,0.11110930981348326,-0.11110979744767159
18204,0.1,-0.11110922217721957,2.3083829004948503e-10,1.5193363355409e-5,1.8484132865711937e-5,0.11110922217721957,-0.1111097977631315
18205,0.25,-0.1111091518270559,2.8401509062430533e-10,1.685274727230861e-5,1.8286724367536623e-5,0.1111091518270559,-0.11110979801474803
18206,0.625,-0.1111091270939733,3.3525260999339134e-10,1.8309904696458455e-5,1.7843056719131072e-5,0.1111091270939733,-0.11110979808913247
18207,1.5625,-0.11110921733463257,3.7010203033474437e-10,1.9238036031121898e-5,1.674116974257321e-5,0.11110921733463257,-0.1111097977023846
18208,3.90625,-0.11110956550044351,3.552231367859689e-10,1.8847364186696477e-5,1.4014748961537739e-5,0.11110956550044351,-0.11110979632510687
18209,9.765625,-0.11111030922420959,2.4107821666136534e-10,1.5526693680927868e-5,8.38781433705108e-6,0.11111030922420959,-0.1111097938640456
18210,24.4140625,-0.1111107951122473,5.0776285986075926e-11,7.1257481000998015e-6,1.1513597120794638e-5,0.1111107951122473,-0.11110979349793187
18211,9.765625,-0.11111049807270912,1.1626767729677468e-11,3.4098046468496504e-6,2.6495079175253227e-5,0.11111049807270912,-0.11110979443991496
18212,3.90625,-0.11111037858947674,3.0402648775076814e-12,1.7436355345965169e-6,2.915820066932933e-5,0.11111037858947674,-0.11110979534783279
18213,1.5625,-0.11111028363099343,1.2039169803137541e-11,3.469750683138133e-6,2.8997331091177587e-5,0.11111028363099343,-0.11110979617214911
18214,0.625,-0.11111019540403543,3.617831796219603e-11,6.014841474402799e-6,2.8453163919064916e-5,0.11111019540403543,-0.11110979695209261
18215,0.25,-0.11111010934919445,7.4888874602657e-11,8.653835831737103e-6,2.8023546179427067e-5,0.11111010934919445,-0.11110979771399765
18216,0.1,-0.11111002403405397,1.2799746820833442e-10,1.1313596607990512e-5,2.774339379620986e-5,0.11111002403405397,-0.1111097984693075
18217,0.1,-0.11110994019058358,1.9501244492717796e-10,1.396468563653253e-5,2.756513085861104e-5,0.11110994019058358,-0.11110979920645622
18218,0.1,-0.11110985802641841,2.7545779505667087e-10,1.6596921252348907e-5,2.7364293431939416e-5,0.11110985802641841,-0.11110979992298224
18219,0.1,-0.11110977774306192,3.6881308526495276e-10,1.9204506899812677e-5,2.7140922344778608e-5,0.11110977774306192,-0.11110980061650738
18220,0.1,-0.11110969953530601,4.74515395017664e-10,2.1783374279887493e-5,2.6895125277202314e-5,0.11110969953530601,-0.1111098012847497
18221,0.25,-0.11110962911863709,5.887063714743647e-10,2.4263272068588868e-5,2.662857265500553e-5,0.11110962911863709,-0.11110980182066042
18222,0.625,-0.11110957979742442,7.010649376590298e-10,2.6477630892114003e-5,2.5992652611978094e-5,0.11110957979742442,-0.11110980198347128
18223,1.5625,-0.11110958521482328,7.83093062359282e-10,2.7983799998557772e-5,2.436180474701286e-5,0.11110958521482328,-0.11110980116007264
18224,3.90625,-0.11110971906407005,7.652312828979257e-10,2.766281408132451e-5,2.0192981368847862e-5,0.11110971906407005,-0.11110979816195596
18225,9.765625,-0.11111007613352587,5.302100947741448e-10,2.3026291381248193e-5,1.0698862201646997e-5,0.11111007613352587,-0.1111097926540297
18226,24.4140625,-0.11111044796803836,1.103874576238837e-10,1.0506543562175131e-5,1.5195495411404509e-5,0.11111044796803836,-0.11110979176239644
18227,9.765625,-0.11111038637964869,2.402079359833764e-11,4.901101263832205e-6,3.886919542307462e-5,0.11111038637964869,-0.11110979381803622
18228,3.90625,-0.1111103936410035,4.1499970895302165e-12,2.037154164399498e-6,4.29993521640388e-5,0.1111103936410035,-0.11110979580544696
18229,1.5625,-0.11111040724066136,2.3242215768872303e-11,4.821018125756457e-6,4.2832443849977496e-5,0.11111040724066136,-0.11110979760811804
18230,0.625,-0.11111042226947829,7.595254159974895e-11,8.715075536089687e-6,4.206256589717353e-5,0.11111042226947829,-0.11110979931302112
18231,0.25,-0.11111043773385482,1.6106597375650624e-10,1.2691177004380099e-5,4.1451548413282126e-5,0.11111043773385482,-0.1111098009791127
18232,0.1,-0.11111045336283132,2.7824303147576705e-10,1.6680618438048605e-5,4.105847096559641e-5,0.11111045336283132,-0.11110980263212286
18233,0.1,-0.11111046943380258,4.264619728662515e-10,2.065095573735636e-5,4.0814723290883234e-5,0.11111046943380258,-0.11110980424692403
18234,0.1,-0.11111048598558011,6.047223203100231e-10,2.4591102462273284e-5,4.053519928729753e-5,0.11111048598558011,-0.11110980581782552
18235,0.1,-0.11111050305369126,8.119211598946745e-10,2.849423029131818e-5,4.0220136077520716e-5,0.11111050305369126,-0.11110980733933552
18236,0.1,-0.11111052067022371,1.046857668325994e-9,3.235517993036036e-5,3.986983597667474e-5,0.11111052067022371,-0.11110980880618224
18237,0.25,-0.11111054024323404,1.3011580178576814e-9,3.6071567998323574e-5,3.948663748313575e-5,0.11111054024323404,-0.11110980998129628
18238,0.625,-0.1111105648401978,1.5523161667120989e-9,3.939944373607448e-5,3.854632916856363e-5,0.1111105648401978,-0.11110981032978882
18239,1.5625,-0.11111060159394663,1.7379290551572767e-9,4.168847628730603e-5,3.610238185479234e-5,0.11111060159394663,-0.11110980848525676
18240,3.90625,-0.11111066263991354,1.704519257105945e-9,4.1285823924271456e-5,2.9786444709422986e-5,0.11111066263991354,-0.11110980177765903
18241,9.765625,-0.11111074104802676,1.1884985937035278e-9,3.447460795576257e-5,1.4852587873367624e-5,0.11111074104802676,-0.11110978936536481
18242,24.4140625,-0.11111066027281186,2.502034945651441e-10,1.5817822055047404e-5,2.126274000057634e-5,0.11111066027281186,-0.11110978715185549
18243,9.765625,-0.11111049941156326,5.4331924975496947e-11,7.371019262998636e-6,5.775048852258414e-5,0.11111049941156326,-0.11110979171195769
18244,3.90625,-0.11111039434429627,7.442106095720844e-12,2.7280223781561696e-6,6.413749768802961e-5,0.11111039434429627,-0.11110979614990982
18245,1.5625,-0.1111103006745548,4.8083195848494866e-11,6.934204774052672e-6,6.396824533596839e-5,0.1111103006745548,-0.11110980017870394
18246,0.625,-0.1111102105698488,1.6424936137601096e-10,1.281598070285731e-5,6.285168734161956e-5,0.1111102105698488,-0.11110980398870766
18247,0.25,-0.11111012173312088,3.5322908886148144e-10,1.8794389824133195e-5,6.195626961447835e-5,0.11111012173312088,-0.11110980771179996
18248,0.1,-0.11111003340301155,6.142913231412621e-10,2.478490111219454e-5,6.138085525140244e-5,0.11111003340301155,-0.11110981140605088
18249,0.1,-0.11110994589772549,9.452124316900761e-10,3.0744307305419585e-5,6.1026489200541677e-5,0.11110994589772549,-0.11110981501618146
18250,0.1,-0.1111098593261059,1.3438010038975726e-9,3.665789142732534e-5,6.061773426153506e-5,0.1111098593261059,-0.1111098185292838
18251,0.1,-0.11110977379474442,1.8076326709670436e-9,4.251626360543743e-5,6.01549737683032e-5,0.11110977379474442,-0.11110982193289477
18252,0.1,-0.11110968940779785,2.3340602135516613e-9,4.831211249315912e-5,5.96386786133105e-5,0.11110968940779785,-0.11110982521504258
18253,0.25,-0.11110960903781981,2.9045055099804293e-9,5.389346444589018e-5,5.907216533766029e-5,0.11110960903781981,-0.11110982784595541
18254,0.625,-0.11110953950791519,3.468918450873023e-9,5.889752499785558e-5,5.766880586929798e-5,0.11110953950791519,-0.11110982862798666
18255,1.5625,-0.11110949865519706,3.888310495931735e-9,6.235631881318632e-5,5.40043743662613e-5,0.11110949865519706,-0.11110982449715677
18256,3.90625,-0.11110952934064032,3.8201306141130346e-9,6.180720519577823e-5,4.449700116394232e-5,0.11110952934064032,-0.11110980944488319
18257,9.765625,-0.11110971295045956,2.6729803813807423e-9,5.170087408720226e-5,2.1682968479872037e-5,0.11110971295045956,-0.11110978146769984
18258,24.4140625,-0.11111009927096917,5.690562414897377e-10,2.385489973757462e-5,3.081546825702254e-5,0.11111009927096917,-0.11110977613944621
18259,9.765625,-0.1111102485836596,1.244566140399681e-10,1.115601246144733e-5,8.626027709906176e-5,0.1111102485836596,-0.11110978632792044
18260,3.90625,-0.11111038334849457,1.5318436012790487e-11,3.913877363023845e-6,9.6026020939189e-5,0.11111038334849457,-0.11110979629552716
18261,1.5625,-0.11111050962520862,1.033195296546064e-10,1.0164621471289838e-5,9.584731912479733e-5,0.11111050962520862,-0.11110980535248002
18262,0.625,-0.11111063301509257,3.6135332422693724e-10,1.900929573200799e-5,9.420412456041242e-5,0.11111063301509257,-0.11110981391785912
18263,0.25,-0.11111075553032872,7.83293809993558e-10,2.79873866231479e-5,9.2875236762998e-5,0.11111075553032872,-0.1111098222870288
18264,0.1,-0.11111087789314228,1.367501778379433e-9,3.69797482195246e-5,9.201939850429582e-5,0.11111087789314228,-0.1111098305908905
18265,0.1,-0.1111109999207473,2.109045564689854e-9,4.592434609975251e-5,9.149227193104943e-5,0.1111109999207473,-0.11110983870668817
18266,0.1,-0.11111112149536882,3.0030452023624617e-9,5.480004746679023e-5,9.088315100278557e-5,0.11111112149536882,-0.11110984660527176
18267,0.1,-0.11111124249731981,4.0440953239166886e-9,6.35932018687272e-5,9.019262693442761e-5,0.11111124249731981,-0.11110985425848725
18268,0.1,-0.1111113628052509,5.2262878073483655e-9,7.229306887488154e-5,8.942141558106245e-5,0.1111113628052509,-0.11110986163928645
18269,0.25,-0.11111147982573535,6.508168435404765e-9,8.067322006344338e-5,8.857443169866538e-5,0.11111147982573535,-0.11110986755990829
18270,0.625,-0.11111158711460628,7.777941447136081e-9,8.819263828197953e-5,8.647264053587855e-5,0.11111158711460628,-0.11110986933201095
18271,1.5625,-0.11111166710743495,8.724892405279471e-9,9.340713251823691e-5,8.097826449886313e-5,0.11111166710743495,-0.11110986007108845
18272,3.90625,-0.11111167416821743,8.582149480587378e-9,9.263989141070589e-5,6.670007113721578e-5,0.11111167416821743,-0.11110982624197047
18273,9.765625,-0.11111150293896042,6.020535433515883e-9,7.759210935086044e-5,3.2174678192812395e-5,0.11111150293896042,-0.11110976315153522
18274,24.4140625,-0.11111100088311943,8.834574180499444e-11,9.399241554774217e-6,4.438408836293117e-5,0.11111100088311943,-0.11110979896443851
18275,9.765625,-0.11111002402684618,9.240298802065384e-11,9.612647295134355e-6,2.566251507642503e-5,0.11111002402684618,-0.11110979842215257
18276,3.90625,-0.11110966106379122,1.0593439778339075e-10,1.0292443722624417e-5,1.7510065947043328e-5,0.11110966106379122,-0.11110979821329552
18277,1.5625,-0.11110936840264615,1.2298281411815317e-10,1.1089761679952963e-5,1.4040150384241184e-5,0.11110936840264615,-0.1111097981841195
18278,0.625,-0.11110909397002734,1.4309475532022786e-10,1.1962222005974803e-5,1.2522629003757423e-5,0.11110909397002734,-0.11110979823894324
18279,1.5625,-0.11110892996282666,1.5592082859332285e-10,1.2486826201774527e-5,1.1822696173849308e-5,0.11110892996282666,-0.11110979809970713
18280,3.90625,-0.11110906020365117,1.4400342012270467e-10,1.200014250426655e-5,1.0162684182025362e-5,0.11110906020365117,-0.11110979756671907
18281,9.765625,-0.1111097732901586,8.704223937899288e-11,9.32964304670832e-6,7.481823269064656e-6,0.1111097732901586,-0.11110979673001357
18282,24.4140625,-0.11111065460514867,1.5375867924889256e-11,3.921207457517296e-6,1.0499221359086049e-5,0.11111065460514867,-0.11110979684506546
18283,9.765625,-0.11111029560003934,3.1435937264700616e-12,1.7730182532816919e-6,1.8010681375660733e-5,0.11111029560003934,-0.11110979726854017
18284,3.90625,-0.11111017761443183,2.6605361272769686e-12,1.6311149951113099e-6,1.8908407875754912e-5,0.11111017761443183,-0.11110979763337069
18285,1.5625,-0.11111008931296414,8.68844162150056e-12,2.947616260896347e-6,1.8509217688485007e-5,0.11111008931296414,-0.11110979795961708
18286,0.625,-0.11111000860106969,2.0425599388176368e-11,4.519468927670194e-6,1.805210679757589e-5,0.11111000860106969,-0.11110979826880826
18287,0.25,-0.11110993019736373,3.769739307597134e-11,6.139820280429334e-6,1.773519135869742e-5,0.11110993019736373,-0.11110979857181613
18288,0.1,-0.11110985252433314,6.044712825203096e-11,7.774775125495975e-6,1.7537708653885815e-5,0.11110985252433314,-0.11110979887275725
18289,0.1,-0.11110977742192911,8.843742413421897e-11,9.404117403255818e-6,1.741425492657593e-5,0.11110977742192911,-0.11110979916593211
18290,0.1,-0.11110970516973147,1.2145929023221615e-10,1.1020857055248297e-5,1.7278701254662726e-5,0.11110970516973147,-0.11110979945047857
18291,0.1,-0.11110963603551344,1.5928784245966321e-10,1.2620928747903746e-5,1.713094123760151e-5,0.11110963603551344,-0.11110979972556445
18292,0.1,-0.11110957027441097,2.016831594509053e-10,1.4201519617664346e-5,1.6970941389486345e-5,0.11110957027441097,-0.11110979999039135
18293,0.25,-0.11110951736262496,2.469122697084086e-10,1.5713442325232516e-5,1.67999313384776e-5,0.11110951736262496,-0.11110980020055887
18294,0.625,-0.11110949856018794,2.9044069770639266e-10,1.704232078404795e-5,1.639938796300846e-5,0.11110949856018794,-0.11110980025844032
18295,1.5625,-0.11110956621790267,3.2002905207293414e-10,1.7889355831693162e-5,1.5388129089953956e-5,0.11110956621790267,-0.11110979991972694
18296,3.90625,-0.11110982910705974,3.0703602785543e-10,1.7522443546932316e-5,1.287311137398469e-5,0.11110982910705974,-0.11110979872850345
18297,9.765625,-0.11111039470224886,2.076062886846058e-10,1.4408549152659535e-5,7.741414377985324e-6,0.11111039470224886,-0.11110979661633101
18298,24.4140625,-0.11111076665447975,4.246820456703073e-11,6.516763350546859e-6,1.120708462523724e-5,0.11111076665447975,-0.11110979637718921
18299,9.765625,-0.11111050502734342,9.423656085044034e-12,3.0697974013025737e-6,2.4991019744612312e-5,0.11111050502734342,-0.11110979721335507
18300,3.90625,-0.11111039378578816,2.6613047276855306e-12,1.6313505839290128e-6,2.73668939464363e-5,0.11111039378578816,-0.11110979800953855
18301,1.5625,-0.11111030335397494,1.1177123013538383e-11,3.3432204554199507e-6,2.7182085256629567e-5,0.11111030335397494,-0.11110979873136305
18302,0.625,-0.11111021868936817,3.29023656583375e-11,5.736058372989025e-6,2.666746033897888e-5,0.11111021868936817,-0.11110979941492799
18303,0.25,-0.11111013589173509,6.737051385667555e-11,8.207954304007519e-6,2.6270146402564826e-5,0.11111013589173509,-0.11110980008351111
18304,0.1,-0.11111005373036427,1.1444937765162675e-10,1.069810159101262e-5,2.6015991066128403e-5,0.11111005373036427,-0.11110980074704867
18305,0.1,-0.11110997286401292,1.7371609907789327e-10,1.3180140328459833e-5,2.585797483110712e-5,0.11110997286401292,-0.11110980139509237
18306,0.1,-0.11110989347339911,2.4476357696424794e-10,1.5644921762803673e-5,2.5678226499725328e-5,0.11110989347339911,-0.11110980202543927
18307,0.1,-0.11110981573396546,3.27144514944011e-10,1.8087136725972163e-5,2.5476852713223306e-5,0.11110981573396546,-0.11110980263596418
18308,0.1,-0.11110973981539625,4.203731942342174e-10,2.0503004517246183e-5,2.525401253727566e-5,0.11110973981539625,-0.11110980322462698
18309,0.25,-0.11110967073487217,5.210389739233765e-10,2.28262781443532e-5,2.5011168622966828e-5,0.11110967073487217,-0.11110980369671365
18310,0.625,-0.1111096201608901,6.20009008587574e-10,2.4899980092112e-5,2.442073536861918e-5,0.1111096201608901,-0.11110980383951778
18311,1.5625,-0.11110961762193741,6.920585673560497e-10,2.630700605078521e-5,2.289539478728929e-5,0.11110961762193741,-0.11110980311182984
18312,3.90625,-0.1111097280646294,6.756253632008859e-10,2.5992794447709655e-5,1.8989857481756265e-5,0.1111097280646294,-0.11110980046652714
18313,9.765625,-0.11111003737054331,4.670797628377009e-10,2.1612028198151624e-5,1.0146107401885707e-5,0.11111003737054331,-0.11110979562066284
18314,24.4140625,-0.11111038036357186,9.660719055794049e-11,9.82889569371557e-6,1.4517415279797983e-5,0.11111038036357186,-0.11110979487521644
18315,9.765625,-0.11111035072617492,2.10567349406455e-11,4.588761809098997e-6,3.657312195359057e-5,0.11111035072617492,-0.11110979669090135
18316,3.90625,-0.11111037251218349,3.919696951062144e-12,1.979822454429221e-6,4.040970450823746e-5,0.11111037251218349,-0.11110979844294677
18317,1.5625,-0.1111103985259781,2.1063606003760192e-11,4.58951043181734e-6,4.0243667274854695e-5,0.1111103985259781,-0.11110980003244282
18318,0.625,-0.11111042537562725,6.782149113423763e-11,8.235380448664022e-6,3.952201927086745e-5,0.11111042537562725,-0.1111098015365391
18319,0.25,-0.11111045246521319,1.4314683710962516e-10,1.196439873581724e-5,3.895298880595455e-5,0.11111045246521319,-0.11110980300715166
18320,0.1,-0.11111047965005329,2.467584701247131e-10,1.570854767713149e-5,3.858962328865795e-5,0.11111047965005329,-0.1111098044668577
18321,0.1,-0.11111050713814213,3.7776406813980696e-10,1.9436153635424036e-5,3.8366649907878265e-5,0.11111050713814213,-0.1111098058932967
18322,0.1,-0.11111053495009304,5.352918973567064e-10,2.3136376063608287e-5,3.810982052702672e-5,0.11111053495009304,-0.1111098072814163
18323,0.1,-0.11111056310391138,7.183786076636514e-10,2.6802585839124765e-5,3.781937488910386e-5,0.11111056310391138,-0.11110980862634048
18324,0.1,-0.1111105916148752,9.259732482106572e-10,3.042980854705887e-5,3.7495611453319705e-5,0.1111105916148752,-0.11110980992338634
18325,0.25,-0.11111062137510579,1.150659208672438e-9,3.39213680247781e-5,3.714061091613214e-5,0.11111062137510579,-0.11110981096290355
18326,0.625,-0.11111065426086576,1.3724888591729194e-9,3.704711674574581e-5,3.626155218544589e-5,0.11111065426086576,-0.1111098112720515
18327,1.5625,-0.11111069441981258,1.5361512937774018e-9,3.9193766006565404e-5,3.396887550259759e-5,0.11111069441981258,-0.11110980964347679
18328,3.90625,-0.11111074756772854,1.5057051962170978e-9,3.880341732653321e-5,2.804054321211726e-5,0.11111074756772854,-0.11110980372123536
18329,9.765625,-0.11111079901004571,1.0482921490508197e-9,3.237734005521176e-5,1.4081639506656399e-5,0.11111079901004571,-0.11110979278061102
18330,24.4140625,-0.11111069087422101,2.199878622151719e-10,1.4831987803904502e-5,2.019772831578041e-5,0.11111069087422101,-0.1111097908730215
18331,9.765625,-0.11111053283327245,4.800798373801881e-11,6.928779382980729e-6,5.4271829737716336e-5,0.11111053283327245,-0.11110979489268451
18332,3.90625,-0.11111042595256919,7.1460498520439376e-12,2.673209653589471e-6,6.023299921702172e-5,0.11111042595256919,-0.11110979880174332
18333,1.5625,-0.11111032986693456,4.335842386713092e-11,6.584711373107474e-6,6.006621009919174e-5,0.11111032986693456,-0.1111098023511961
18334,0.625,-0.11111023720441005,1.461175513269739e-10,1.2087909303389644e-5,5.9019100708178645e-5,0.11111023720441005,-0.11110980570908498
18335,0.25,-0.1111101457615333,3.1306573876322135e-10,1.7693663802706926e-5,5.818268313854189e-5,0.1111101457615333,-0.11110980899144199
18336,0.1,-0.1111100548015651,5.435833249338182e-10,2.3314873470251092e-5,5.7647695820370756e-5,0.1111100548015651,-0.11110981224926617
18337,0.1,-0.1111099645991837,8.35720995520074e-10,2.8908839401125636e-5,5.7320470800422255e-5,0.1111099645991837,-0.11110981543353193
18338,0.1,-0.11110987525865278,1.1875610583341043e-9,3.446100779626307e-5,5.694194921201036e-5,0.11110987525865278,-0.1111098185328168
18339,0.1,-0.1111097868822745,1.5969787198970566e-9,3.996221615347498e-5,5.651249941336154e-5,0.1111097868822745,-0.11110982153608774
18340,0.1,-0.11110969957022486,2.061651009648292e-9,4.540540727323445e-5,5.603257079820975e-5,0.11110969957022486,-0.1111098244327464
18341,0.25,-0.11110961600744569,2.5651480591919885e-9,5.064729073891306e-5,5.550515721193292e-5,0.11110961600744569,-0.11110982675491889
18342,0.625,-0.1111095426045263,3.0631881230538813e-9,5.53460759499161e-5,5.4190910226829e-5,0.1111095426045263,-0.11110982744516798
18343,1.5625,-0.11110949618924099,3.432804799809191e-9,5.859014251398601e-5,5.0751436060518575e-5,0.11110949618924099,-0.1111098237991088
18344,3.90625,-0.111109517529873,3.371102891355397e-9,5.806119953424487e-5,4.182410307288085e-5,0.111109517529873,-0.11110981051881283
18345,9.765625,-0.11110968598465443,2.356196244325783e-9,4.854066588259563e-5,2.045398322411373e-5,0.11110968598465443,-0.1111097858670401
18346,24.4140625,-0.11111006220998923,5.005069520043585e-10,2.2372012694533286e-5,2.9150775144056994e-5,0.11111006220998923,-0.11110978123944193
18347,9.765625,-0.11111021776132968,1.0987450176952078e-10,1.048210388087815e-5,8.100835294617761e-5,0.11111021776132968,-0.11110979021317857
18348,3.90625,-0.11111035525733193,1.4454867268591698e-11,3.8019557162849356e-6,9.01381648616581e-5,0.11111035525733193,-0.11110979898802706
18349,1.5625,-0.11111048393569353,9.258290046162939e-11,9.622000855416163e-6,8.996225727626726e-5,0.11111048393569353,-0.11110980696239887
18350,0.625,-0.11111060961717792,3.2046699018225996e-10,1.79015918337521e-5,8.842122941355418e-5,0.11111060961717792,-0.11110981450579765
18351,0.25,-0.1111107343683578,6.927628139373653e-10,2.632038779990457e-5,8.717850481246318e-5,0.1111107343683578,-0.11110982187807805
18352,0.1,-0.11111085892855577,1.208066799591295e-9,3.475725535181532e-5,8.638091464042276e-5,0.11111085892855577,-0.11110982919426839
18353,0.1,-0.11111098312873476,1.8620520828033392e-9,4.315150151273232e-5,8.589216386152744e-5,0.11111098312873476,-0.11110983634575636
18354,0.1,-0.1111111068516239,2.6504429206730967e-9,5.148245255106925e-5,8.532622567188709e-5,0.1111111068516239,-0.1111098433067946
18355,0.1,-0.11111122997836441,3.5684979545344503e-9,5.9736906134603676e-5,8.46836561072709e-5,0.11111122997836441,-0.11110985005251027
18356,0.1,-0.11111135238873439,4.611030150290016e-9,6.790456649070087e-5,8.396512800470624e-5,0.11111135238873439,-0.11110985655900142
18357,0.25,-0.11111147151100806,5.741431355079964e-9,7.577223340432803e-5,8.317510772555293e-5,0.11111147151100806,-0.11110986177843685
18358,0.625,-0.11111158095344412,6.860942402072337e-9,8.283080587602862e-5,8.120589300936199e-5,0.11111158095344412,-0.11110986333961288
18359,1.5625,-0.11111166331184387,7.69508802879784e-9,8.77216508554065e-5,7.604922626146528e-5,0.11111166331184387,-0.11110985517162704
18360,3.90625,-0.11111167346326556,7.566727815575204e-9,8.69869404886458e-5,6.264384155724849e-5,0.11111167346326556,-0.11110982534786878
18361,9.765625,-0.11111150766629166,5.3040005210299546e-9,7.282856940123123e-5,3.0278472241670465e-5,0.11111150766629166,-0.11110976978031416
18362,24.4140625,-0.1111110117297383,7.888646580948424e-11,8.881805323777606e-6,4.192143805114949e-5,0.1111110117297383,-0.11110980138387856
18363,9.765625,-0.11111005426876461,8.223573523957502e-11,9.068392097807363e-6,2.4368210586329388e-5,0.11111005426876461,-0.11110980091145914
18364,3.90625,-0.11110969438145109,9.434969599620559e-11,9.713377167401953e-6,1.6755632436121835e-5,0.11110969438145109,-0.11110980073331254
18365,1.5625,-0.11110940403892391,1.0969938740331524e-10,1.0473747533873214e-5,1.3516160739467845e-5,0.11110940403892391,-0.11110980071403358
18366,0.625,-0.11110913177192693,1.2787350714021103e-10,1.1308116869762668e-5,1.209824170778633e-5,0.11110913177192693,-0.11110980076918485
18367,1.5625,-0.11110896735368227,1.3955651356469315e-10,1.1813403978730818e-5,1.1443287629047657e-5,0.11110896735368227,-0.11110980065008463
18368,3.90625,-0.11110909088331318,1.2893969112621327e-10,1.1355161431094375e-5,9.891778982550877e-6,0.11110909088331318,-0.11110980017727995
18369,9.765625,-0.11110978674629982,7.767301086072397e-11,8.81322930943726e-6,7.396114884025064e-6,0.11110978674629982,-0.11110979943373381
18370,24.4140625,-0.11111065560595765,1.3642973962160447e-11,3.6936396632807115e-6,1.0124869773252006e-5,0.11111065560595765,-0.11110979954214682
18371,9.765625,-0.11111029833565204,2.8723905021964355e-12,1.6948128221713558e-6,1.706939199905195e-5,0.11111029833565204,-0.11110979992015448
18372,3.90625,-0.11111017876789246,2.551524387125473e-12,1.5973491750789722e-6,1.7885340298750136e-5,0.11111017876789246,-0.1111098002453466
18373,1.5625,-0.11111008858287238,7.99224239047579e-12,2.8270554275563454e-6,1.7500516178058872e-5,0.11111008858287238,-0.11110980053647872
18374,0.625,-0.1111100059324611,1.8487936157927846e-11,4.29976001166668e-6,1.7068421769130678e-5,0.1111100059324611,-0.11110980081268798
18375,0.25,-0.11110992557648407,3.3886485211705574e-11,5.821209943964019e-6,1.6770605728727373e-5,0.11110992557648407,-0.11110980108355317
18376,0.1,-0.1111098459470996,5.41392174009913e-11,7.35793567524148e-6,1.658582461482984e-5,0.1111098459470996,-0.1111098013526757
18377,0.1,-0.11110976886244184,7.90340366896049e-11,8.89010892450733e-6,1.6470818272694008e-5,0.11110976886244184,-0.11110980161492996
18378,0.1,-0.11110969460016824,1.0838494782853381e-10,1.0410809182217e-5,1.6344441722831938e-5,0.11110969460016824,-0.11110980186955154
18379,0.1,-0.11110962342632341,1.4199172451765597e-10,1.1916028051228143e-5,1.6206604166086016e-5,0.11110962342632341,-0.11110980211580097
18380,0.1,-0.111109555594523,1.7964068658406663e-10,1.3403010355292077e-5,1.605728360085523e-5,0.111109555594523,-0.11110980235297017
18381,0.25,-0.1111095004951659,2.1977892648394727e-10,1.4824942714356345e-5,1.589762696416726e-5,0.1111095004951659,-0.11110980254155568
18382,0.625,-0.1111094792074901,2.583453440767646e-10,1.607312490080148e-5,1.552265219887538e-5,0.1111094792074901,-0.11110980259481115
18383,1.5625,-0.11110954367815568,2.8439110093507105e-10,1.6863899339567675e-5,1.4575778511212344e-5,0.11110954367815568,-0.11110980229597896
18384,3.90625,-0.11110980208892236,2.7237274340219114e-10,1.6503719077898508e-5,1.2227940817620875e-5,0.11110980208892236,-0.1111098012422175
18385,9.765625,-0.11111036306627281,1.8354623174873068e-10,1.354792352165935e-5,7.511682742310334e-6,0.11111036306627281,-0.11110979938039835
18386,24.4140625,-0.11111074378656442,3.734506502691807e-11,6.111060875733286e-6,1.0792366776554784e-5,0.11111074378656442,-0.11110979918580634
18387,9.765625,-0.11111049357052843,8.337724172602946e-12,2.887511761465734e-6,2.3577665228506928e-5,0.11111049357052843,-0.11110979992756959
18388,3.90625,-0.11111038940835474,2.5282594469112414e-12,1.590050139747562e-6,2.5776131995441583e-5,0.11111038940835474,-0.11110980063239649
18389,1.5625,-0.11111030539597808,1.019206117002251e-11,3.192500770559423e-6,2.5591422784245997e-5,0.11111030539597808,-0.11110980127151067
18390,0.625,-0.1111102269479105,2.950990741531288e-11,5.432302220542675e-6,2.5104586992397735e-5,0.1111102269479105,-0.11110980187699755
18391,0.25,-0.11111015029740624,6.007331824990053e-11,7.750697920181158e-6,2.473061771102306e-5,0.11111015029740624,-0.11110980246938655
18392,0.1,-0.11111007425806574,1.0176728126039473e-10,1.0087977064822992e-5,2.449201471574715e-5,0.11111007425806574,-0.11110980305740617
18393,0.1,-0.11110999946812822,1.5421645708293825e-10,1.2418391887959497e-5,2.434399942173969e-5,0.11110999946812822,-0.11110980363174323
18394,0.1,-0.11110992610181529,2.1706053182721422e-10,1.4732974303487202e-5,2.417561332885975e-5,0.11110992610181529,-0.11110980419045341
18395,0.1,-0.11110985432821312,2.899035928435209e-10,1.7026555519056722e-5,2.3986958128765916e-5,0.11110985432821312,-0.11110980473166178
18396,0.1,-0.11110978431080776,3.7231570351957977e-10,1.9295484018795168e-5,2.3778185590015668e-5,0.11110978431080776,-0.11110980525356778
18397,0.25,-0.11110972089298415,4.612677774502277e-10,2.1477145467920724e-5,2.3550660640153e-5,0.11110972089298415,-0.11110980567234965
18398,0.625,-0.11110967533319242,5.486519600551922e-10,2.3423320858819148e-5,2.2996931105713098e-5,0.11110967533319242,-0.11110980579990824
18399,1.5625,-0.1111096760979745,6.120866386478597e-10,2.474038477162107e-5,2.1566479405849657e-5,0.1111096760979745,-0.11110980515799687
18400,3.90625,-0.11110978563676717,5.970146624369856e-10,2.4433883490697618e-5,1.7909064100388057e-5,0.11110978563676717,-0.11110980282316299
18401,9.765625,-0.11111008536054676,4.1193051299101524e-10,2.029607136839579e-5,9.695729644671848e-6,0.11111008536054676,-0.11110979855520511
18402,24.4140625,-0.11111040816524696,8.480785170951313e-11,9.209117857293018e-6,1.3858971268861654e-5,0.11111040816524696,-0.11110979792324002
18403,9.765625,-0.11111036956853464,1.8541737428200958e-11,4.306011777526968e-6,3.440395391431402e-5,0.11111036956853464,-0.11110979952682129
18404,3.90625,-0.11111038329923062,3.699807246274106e-12,1.9234883015693405e-6,3.79698757939147e-5,0.11111038329923062,-0.11110980107154349
18405,1.5625,-0.11111040171981772,1.903672597257865e-11,4.363109667723085e-6,3.780180888672589e-5,0.11111040171981772,-0.11110980247287461
18406,0.625,-0.11111042114301548,6.04535777331688e-11,7.775189884058703e-6,3.712039572728981e-5,0.11111042114301548,-0.11110980379917454
18407,0.25,-0.11111044086329498,1.2703415155277986e-10,1.127094279786655e-5,3.6585206140514465e-5,0.11111044086329498,-0.11110980509617083
18408,0.1,-0.11111046069623022,2.1853371131667146e-10,1.478288575741122e-5,3.624412916362928e-5,0.11111046069623022,-0.11110980638369361
18409,0.1,-0.11111048085105701,3.3416313413733015e-10,1.8280129489074473e-5,3.603520325917167e-5,0.11111048085105701,-0.11110980764190367
18410,0.1,-0.11111050135385529,4.731532515519777e-10,2.1752086142528438e-5,3.579451183230497e-5,0.11111050135385529,-0.11110980886635068
18411,0.1,-0.11111052222813618,6.346539735101035e-10,2.5192339579921977e-5,3.5522281197004554e-5,0.11111052222813618,-0.11110981005273775
18412,0.1,-0.1111105434947207,8.177378394378545e-10,2.8596115810330857e-5,3.52187933852187e-5,0.1111105434947207,-0.11110981119693965
18413,0.25,-0.1111105661548434,1.0158422306897593e-9,3.187227997319551e-5,3.488598786348161e-5,0.1111105661548434,-0.1111098121139102
18414,0.625,-0.1111105923624711,1.2113212479013012e-9,3.480404068353704e-5,3.4061201264162425e-5,0.1111105923624711,-0.11110981238652747
18415,1.5625,-0.11111062703569732,1.355263469430538e-9,3.68139032083062e-5,3.190988349871632e-5,0.11111062703569732,-0.11110981095025942
18416,3.90625,-0.11111067796591763,1.3275503116822415e-9,3.64355638309913e-5,2.6350974346365343e-5,0.11111067796591763,-0.11110980573079457
18417,9.765625,-0.11111073569368256,9.229162506021416e-10,3.0379536708155073e-5,1.3321773113881367e-5,0.11111073569368256,-0.11110979610550384
18418,24.4140625,-0.11111065300615981,1.9291193892898553e-10,1.3889274240542071e-5,1.9159324110468154e-5,0.11111065300615981,-0.11110979446920505
18419,9.765625,-0.11111050973700064,4.212373059983186e-11,6.49027970120178e-6,5.0967440212485674e-5,0.11111050973700064,-0.11110979801074
18420,3.90625,-0.11111041454316928,6.621557854271929e-12,2.5732387868738357e-6,5.6520216115928756e-5,0.11111041454316928,-0.1111098014495524
18421,1.5625,-0.11111032928131177,3.889209660518935e-11,6.236352828792591e-6,5.634940147902545e-5,0.11111032928131177,-0.11110980457143546
18422,0.625,-0.11111024714573185,1.2969580003327213e-10,1.1388406386903838e-5,5.536207837366096e-5,0.11111024714573185,-0.11110980752505774
18423,0.25,-0.11111016611888373,2.7696895415924533e-10,1.6642384269065696e-5,5.4575962435130376e-5,0.11111016611888373,-0.11110981041254238
18424,0.1,-0.11111008552851069,4.801721314050912e-10,2.1912830291979426e-5,5.4073978927719873e-5,0.11111008552851069,-0.11110981327867617
18425,0.1,-0.11111000563819644,7.375856714749645e-10,2.7158528521902e-5,5.376741191964097e-5,0.11111000563819644,-0.11110981608009357
18426,0.1,-0.1111099265438487,1.0475207871675414e-9,3.236542579926211e-5,5.3412712262225914e-5,0.1111099265438487,-0.1111098188067434
18427,0.1,-0.11110984833954206,1.4081060566237195e-9,3.752473926123564e-5,5.3010225819512214e-5,0.11110984833954206,-0.11110982144891748
18428,0.1,-0.1111097711173638,1.8172952961188633e-9,4.262974661100935e-5,5.2560375072278694e-5,0.1111097711173638,-0.11110982399728929
18429,0.25,-0.1111096973677805,2.2605832914589485e-9,4.754559171425831e-5,5.206594819480818e-5,0.1111096973677805,-0.11110982603960307
18430,0.625,-0.11110963302469834,2.6988829908090637e-9,5.1950774689210014e-5,5.0832910802994444e-5,0.11110963302469834,-0.1111098266445072
18431,1.5625,-0.11110959363114654,3.0236814430094053e-9,5.4988011811752256e-5,4.760540695411415e-5,0.11110959363114654,-0.11110982343102824
18432,3.90625,-0.11110961665224015,2.967845255423342e-9,5.447793365596149e-5,3.923115140365258e-5,0.11110961665224015,-0.11110981173996866
18433,9.765625,-0.11110977384075804,2.0719471355162304e-9,4.551864602024351e-5,1.9234739754500602e-5,0.11110977384075804,-0.11110979007101018
18434,24.4140625,-0.11111011321688044,4.386551963894914e-10,2.0944096934207773e-5,2.7537299206043308e-5,0.11111011321688044,-0.1111097860783236
18435,9.765625,-0.11111024887530592,9.623870668054293e-11,9.810132857435873e-6,7.600237350282923e-5,0.11111024887530592,-0.11110979397327357
18436,3.90625,-0.11111037002035377,1.3176032809977272e-11,3.6298805503731486e-6,8.451764096130246e-5,0.11111037002035377,-0.11110980168292564
18437,1.5625,-0.11111048349234276,8.25905694900568e-11,9.0879353810454e-6,8.433556271697996e-5,0.11111048349234276,-0.11110980868770838
18438,0.625,-0.11111059434284686,2.8361152574600895e-10,1.6840769749213037e-5,8.288441047797366e-5,0.11111059434284686,-0.11110981531407593
18439,0.25,-0.11111070437871812,6.115611090717665e-10,2.47297616056396e-5,8.171728330029168e-5,0.11111070437871812,-0.11110982179057569
18440,0.1,-0.11111081424765575,1.0652166182163922e-9,3.263765644491639e-5,8.096925337825565e-5,0.11111081424765575,-0.11110982821819543
18441,0.1,-0.11111092379802413,1.640767257138275e-9,4.050638538722352e-5,8.051148265046929e-5,0.11111092379802413,-0.11110983450106551
18442,0.1,-0.11111103292641884,2.3344525014671106e-9,4.8316172255954946e-5,7.99812996301999e-5,0.11111103292641884,-0.11110984061654915
18443,0.1,-0.11111114152795894,3.1421017591127823e-9,5.6054453517207555e-5,7.937922584490362e-5,0.11111114152795894,-0.11110984654277907
18444,0.1,-0.11111124949648764,4.059151933828908e-9,6.371147411439252e-5,7.870589285314983e-5,0.11111124949648764,-0.11110985225874155
18445,0.25,-0.1111113545612504,5.053335950895293e-9,7.108681981137779e-5,7.796546084318226e-5,0.1111113545612504,-0.11110985684229839
18446,0.625,-0.11111145107713322,6.0376176769400555e-9,7.770210857460727e-5,7.611847128140831e-5,0.11111145107713322,-0.11110985820735444
18447,1.5625,-0.11111152366092099,6.770151575995723e-9,8.228093081629377e-5,7.128088211439747e-5,0.11111152366092099,-0.11110985101464414
18448,3.90625,-0.11111153235741957,6.654575863449292e-9,8.157558374568515e-5,5.8707151210616435e-5,0.11111153235741957,-0.11110982478409002
18449,9.765625,-0.11111138489919414,4.660311508283986e-9,6.826647426287654e-5,2.8392473279638325e-5,0.11111138489919414,-0.11110977597269044
18450,24.4140625,-0.11111092874743123,6.970433973103753e-11,8.34891248792545e-6,3.9517613483433875e-5,0.11111092874743123,-0.11110980382974317
18451,9.765625,-0.11111008704687515,7.283077962127461e-11,8.53409512609712e-6,2.293893398928502e-5,0.11111008704687515,-0.11110980340795759
18452,3.90625,-0.11110977277098051,8.340529585806762e-11,9.132649990997554e-6,1.5822310846697166e-5,0.11110977277098051,-0.1111098032530173
18453,1.5625,-0.11110951937979607,9.681140035145287e-11,9.839278446687687e-6,1.282073437942837e-5,0.11110951937979607,-0.111109803239388
18454,0.625,-0.11110928178292487,1.1268178406439243e-10,1.0615167641841199e-5,1.1514673421926777e-5,0.11110928178292487,-0.11110980329170714
18455,1.5625,-0.1111091392051477,1.2289498343674347e-10,1.1085800983092898e-5,1.091293672136825e-5,0.1111091392051477,-0.11110980319086981
18456,3.90625,-0.11110925002135137,1.1369487756189521e-10,1.0662780010949077e-5,9.495148583141762e-6,0.11110925002135137,-0.11110980277840037
18457,9.765625,-0.11110986332093772,6.878636238201781e-11,8.293754420165683e-6,7.23338227028298e-6,0.11110986332093772,-0.11110980212396022
18458,24.4140625,-0.11111062308702944,1.202839532294718e-11,3.4681977052854384e-6,9.720148045763672e-6,0.11111062308702944,-0.11110980222411487
18459,9.765625,-0.11111031035976307,2.636776876914436e-12,1.6238155304450182e-6,1.613878300720663e-5,0.11111031035976307,-0.11110980255907024
18460,3.90625,-0.11111020712820358,2.3754148038151216e-12,1.5412380749952688e-6,1.6894429602580443e-5,0.11111020712820358,-0.11110980284856473
18461,1.5625,-0.11111012959827427,7.183518387938694e-12,2.6802086463442905e-6,1.6534771830124788e-5,0.11111012959827427,-0.11110980310837022
18462,0.625,-0.1111100586423592,1.6440723296710956e-11,4.054716179550791e-6,1.6132057414059744e-5,0.1111100586423592,-0.11110980335517628
18463,0.25,-0.1111099896854529,3.0013504342376e-11,5.478458208508668e-6,1.5854870920595097e-5,0.1111099896854529,-0.11110980359734786
18464,0.1,-0.11110992136079363,4.785931627599041e-11,6.9180428067474695e-6,1.5683135410158545e-5,0.11110992136079363,-0.11110980383802369
18465,0.1,-0.11110985526788043,6.979260143381275e-11,8.354196636051414e-6,1.557643074492201e-5,0.11110985526788043,-0.11110980407266367
18466,0.1,-0.111109791649265,9.565038346979239e-11,9.780101403860411e-6,1.545913045968345e-5,0.111109791649265,-0.11110980430059278
18467,0.1,-0.11110973073725637,1.252571427542735e-10,1.1191833752976922e-5,1.533115392034372e-5,0.11110973073725637,-0.11110980452115966
18468,0.1,-0.11110967275320223,1.5842548823426902e-10,1.2586718723887852e-5,1.5192484787569461e-5,0.11110967275320223,-0.1111098047337391
18469,0.25,-0.11110962592487719,1.937933701359008e-10,1.3920968721173853e-5,1.5044186519029146e-5,0.11110962592487719,-0.11110980490350188
18470,0.625,-0.11110960870991671,2.277959253152944e-10,1.5092909769666496e-5,1.4695455406743448e-5,0.11110960870991671,-0.11110980495396752
18471,1.5625,-0.11110966656028243,2.508094877318281e-10,1.583696586255802e-5,1.3814764571191535e-5,0.11110966656028243,-0.11110980469393666
18472,3.90625,-0.11110989394244737,2.403158937511115e-10,1.5502125459146288e-5,1.1634507134685926e-5,0.11110989394244737,-0.11110980376767401
18473,9.765625,-0.11111038449174213,1.619325001036932e-10,1.2725270138731562e-5,7.296332945332784e-6,0.11111038449174213,-0.11110980212851027
18474,24.4140625,-0.11111070976442528,3.283913428016257e-11,5.73054397768332e-6,1.0340224628079774e-5,0.11111070976442528,-0.11110980196589046
18475,9.765625,-0.11111048705933482,7.428973938571247e-12,2.7256144148744236e-6,2.222706858573023e-5,0.11111048705933482,-0.11110980262220328
18476,3.90625,-0.11111039340922,2.402244254135534e-12,1.549917499138433e-6,2.426663937290379e-5,0.11111039340922,-0.11110980324563424
18477,1.5625,-0.11111031758331734,9.232555047010127e-12,3.0385119790795836e-6,2.408745810116514e-5,0.11111031758331734,-0.11110980381136268
18478,0.625,-0.11111024668572393,2.6323683623746972e-11,5.130661129303608e-6,2.3629781059610543e-5,0.11111024668572393,-0.11110980434764657
18479,0.25,-0.1111101773811304,5.331830126536989e-11,7.301938185534707e-6,2.3279386104812885e-5,0.1111101773811304,-0.11110980487251021
18480,0.1,-0.11111010861820968,9.01164295872395e-11,9.492967375233073e-6,2.3056296954775854e-5,0.11111010861820968,-0.11110980539359935
18481,0.1,-0.11111004096290102,1.3638692928844632e-10,1.1678481463291635e-5,2.2918206911934594e-5,0.11111004096290102,-0.11110980590264845
18482,0.1,-0.11110997456978346,1.9181247431558585e-10,1.3849638057205172e-5,2.2761045581034753e-5,0.11110997456978346,-0.11110980639794446
18483,0.1,-0.1111099095889166,2.5604431004727176e-10,1.6001384629064816e-5,2.25849116589892e-5,0.1111099095889166,-0.11110980687783423
18484,0.1,-0.11110984616542463,3.2870364176924053e-10,1.8130185927597118e-5,2.2389951133579183e-5,0.11110984616542463,-0.11110980734073153
18485,0.25,-0.1111097885949991,4.0711455672116555e-10,2.0177079985001932e-5,2.2177434230485483e-5,0.1111097885949991,-0.11110980771266976
18486,0.625,-0.11110974686495266,4.841151780451648e-10,2.2002617527129923e-5,2.1659552716159585e-5,0.11110974686495266,-0.11110980782774423
18487,1.5625,-0.11110974623609657,5.399374226554891e-10,2.3236553588161242e-5,2.0321504372899556e-5,0.11110974623609657,-0.11110980726428447
18488,3.90625,-0.11110984217788597,5.264079786840236e-10,2.294358251633828e-5,1.690450185536872e-5,0.11110984217788597,-0.11110980520886676
18489,9.765625,-0.11111010738499717,3.6282355565328875e-10,1.9047927857205066e-5,9.29084425062167e-6,0.11111010738499717,-0.111109801454469
18490,24.4140625,-0.1111103963438464,7.449324510716238e-11,8.63094694151009e-6,1.3203620476176417e-5,0.1111103963438464,-0.11110980091332634
18491,9.765625,-0.11111036647664424,1.6370958639239957e-11,4.0461041310425955e-6,3.2346976132414846e-5,0.11111036647664424,-0.11110980232778751
18492,3.90625,-0.11111038207508406,3.4668849311759476e-12,1.861957285003055e-6,3.566738056529154e-5,0.11111038207508406,-0.11110980368916669
18493,1.5625,-0.11111040154600602,1.710597469839286e-11,4.135936979499671e-6,3.5502265619825085e-5,0.11111040154600602,-0.11110980492442195
18494,0.625,-0.11111042181079396,5.369002886772068e-11,7.327348010550657e-6,3.4861166957054434e-5,0.11111042181079396,-0.11110980609385814
18495,0.25,-0.11111044230559397,1.1241699575145674e-10,1.0602688137989194e-5,3.435907069690257e-5,0.11111044230559397,-0.11110980723767284
18496,0.1,-0.11111046288830985,1.9307394371838338e-10,1.3895105027252705e-5,3.403963343268666e-5,0.11111046288830985,-0.1111098083732642
18497,0.1,-0.11111048374282316,2.949652276333488e-10,1.717455174475738e-5,3.384431345566139e-5,0.11111048374282316,-0.111109809483078
18498,0.1,-0.11111050488942285,4.174138146450213e-10,2.0430707639360445e-5,3.3619208581554614e-5,0.11111050488942285,-0.11110981056319523
18499,0.1,-0.11111052634613046,5.596712869994807e-10,2.3657372783119444e-5,3.336453368535472e-5,0.11111052634613046,-0.1111098116098333
18500,0.1,-0.11111054812859832,7.209209750073794e-10,2.684997160161216e-5,3.30805561974417e-5,0.11111054812859832,-0.11110981261935998
18501,0.25,-0.11111057106476854,8.95370688228388e-10,2.9922745332412067e-5,3.276908186796924e-5,0.11111057106476854,-0.11110981342869823
18502,0.625,-0.1111105969152122,1.0674478919023624e-9,3.2671821068045205e-5,3.199632829900604e-5,0.1111105969152122,-0.11110981367038576
18503,1.5625,-0.11111062963723653,1.1939965771502187e-9,3.4554255557748874e-5,2.9980307693865268e-5,0.11111062963723653,-0.111109812406945
18504,3.90625,-0.11111067511572593,1.1690831538487554e-9,3.4191858005214564e-5,2.4774253483880587e-5,0.11111067511572593,-0.11110980781334909
18505,9.765625,-0.11111072274836066,8.119583363933319e-10,2.849488263519139e-5,1.2626927372993804e-5,0.11111072274836066,-0.11110979935092262
18506,24.4140625,-0.11111063920613437,1.692868331626296e-10,1.301102736768429e-5,1.8145886588562317e-5,0.11111063920613437,-0.11110979793815753
18507,9.765625,-0.11111050749641771,3.703028198863016e-11,6.0852511853357506e-6,4.784876251567278e-5,0.11111050749641771,-0.11110980105613716
18508,3.90625,-0.11111041906555652,6.094026206916523e-12,2.4686081517560705e-6,5.302886847820067e-5,0.11111041906555652,-0.11110980408084029
18509,1.5625,-0.1111103396986846,3.472532154839238e-11,5.892819490565818e-6,5.285963469352152e-5,0.1111103396986846,-0.1111098068267298
18510,0.625,-0.11111026319401963,1.1481541642721812e-10,1.0715195585112674e-5,5.1931069398867696e-5,0.11111026319401963,-0.11110980942494689
18511,0.25,-0.111110187704178,2.4455737798871214e-10,1.5638330409244847e-5,5.11934889593795e-5,0.111110187704178,-0.11110981196527112
18512,0.1,-0.11111011261220867,4.2348143204084884e-10,2.0578664486327797e-5,5.072317531818688e-5,0.11111011261220867,-0.11110981448701597
18513,0.1,-0.1111100381533663,6.500734017428702e-10,2.5496537053938723e-5,5.043639191460799e-5,0.1111100381533663,-0.11110981695189255
18514,0.1,-0.11110996441558381,9.228481254515996e-10,3.0378415453272075e-5,5.01044602255972e-5,0.11110996441558381,-0.11110981935105861
18515,0.1,-0.11110989148518269,1.24015952236587e-9,3.521589871586227e-5,4.972770660831717e-5,0.11110989148518269,-0.11110982167597425
18516,0.1,-0.11110981944672549,1.6002075295587597e-9,4.000259403537175e-5,4.930652951683814e-5,0.11110981944672549,-0.11110982391843481
18517,0.25,-0.11110975056834871,1.9902064484976187e-9,4.461172994289303e-5,4.884352609023607e-5,0.11110975056834871,-0.11110982571553259
18518,0.625,-0.1111096902622318,2.375705979289249e-9,4.874121438053477e-5,4.768773680014757e-5,0.1111096902622318,-0.11110982624763649
18519,1.5625,-0.11110965272186138,2.6610814396740626e-9,5.1585670875486953e-5,4.466165431686308e-5,0.11110965272186138,-0.11110982341997123
18520,3.90625,-0.11110967223784582,2.6110233429917923e-9,5.109817357784711e-5,3.681229017934847e-5,0.11110967223784582,-0.1111098131365606
18521,9.765625,-0.11110981491815781,1.8213544638823277e-9,4.267732962454806e-5,1.8114675088673456e-5,0.11110981491815781,-0.11110979409544125
18522,24.4140625,-0.11111012762630763,3.8472381437293333e-10,1.9614377746258822e-5,2.5980446714814965e-5,0.11111012762630763,-0.11110979063382674
18523,9.765625,-0.11111025517553484,8.444019632535687e-11,9.189134688606805e-6,7.129096327815125e-5,0.11111025517553484,-0.11110979757632039
18524,3.90625,-0.11111036860613256,1.1969099269968628e-11,3.459638603953978e-6,7.924235639289263e-5,0.11111036860613256,-0.11110980434987443
18525,1.5625,-0.11111047479521001,7.343835712916602e-11,8.569618260410787e-6,7.906037231474397e-5,0.11111047479521001,-0.1111098105035138
18526,0.625,-0.11111057850887562,2.5053639549353133e-10,1.5828341526942464e-5,7.769623528649107e-5,0.11111057850887562,-0.11110981632503139
18527,0.25,-0.1111106814458911,5.391666500198917e-10,2.3219962317365885e-5,7.660126601791872e-5,0.1111106814458911,-0.11110982201529089
18528,0.1,-0.11111078421453695,9.38262897837991e-10,3.063107732088427e-5,7.590029838137863e-5,0.11111078421453695,-0.11110982766293125
18529,0.1,-0.11111088667658951,1.444472498996411e-9,3.800621658355921e-5,7.547185367302501e-5,0.11111088667658951,-0.11110983318343672
18530,0.1,-0.11111098873575204,2.054490416017739e-9,4.532648691458162e-5,7.497549272706502e-5,0.11111098873575204,-0.1111098385569086
18531,0.1,-0.111111090294432,2.7646506822841407e-9,5.257994562838707e-5,7.441170622089082e-5,0.111111090294432,-0.11110984376412512
18532,0.1,-0.11111119125392305,3.5709418623728918e-9,5.975735822786087e-5,7.378108818195524e-5,0.11111119125392305,-0.11110984878661488
18533,0.25,-0.11111128950127895,4.444952129785679e-9,6.667047419799621e-5,7.308751723296425e-5,0.11111128950127895,-0.11110985281332847
18534,0.625,-0.11111137978318147,5.31005057962839e-9,7.287009386317812e-5,7.13560906619113e-5,0.11111137978318147,-0.11110985400991331
18535,1.5625,-0.11111144778687883,5.953334189925206e-9,7.715785241908438e-5,6.682015726998599e-5,0.11111144778687883,-0.11110984768251232
18536,3.90625,-0.11111145635331975,5.8499891799249e-9,7.648522197081538e-5,5.503215252326953e-5,0.11111145635331975,-0.1111098246238312
18537,9.765625,-0.11111131974371558,4.094043224427376e-9,6.398471086460714e-5,2.665002605546491e-5,0.11111131974371558,-0.11110978175312343
18538,24.4140625,-0.11111089933084303,8.73316228703622e-10,2.9551924280892808e-5,3.790689942758662e-5,0.11111089933084303,-0.11110977351028115
18539,9.765625,-0.11111066823821122,1.9215900243783354e-10,1.3862142779449126e-5,0.00010661573653098467,0.11111066823821122,-0.11110978906315318
18540,3.90625,-0.11111047981698266,2.4065454763623647e-11,4.9056553857383465e-6,0.00011874048103238876,0.11111047981698266,-0.11110980430305939
18541,1.5625,-0.11111030577319855,1.5764065878930974e-10,1.2555503127685077e-5,0.0001185453835740665,0.11111030577319855,-0.11110981815771016
18542,0.625,-0.1111101368023971,5.514897751257983e-10,2.3483819432234576e-5,0.00011652937693467574,0.1111101368023971,-0.11110983126356605
18543,0.25,-0.11110996983491526,1.1963096249807702e-9,3.458770916063639e-5,0.00011489797897384435,0.11110996983491526,-0.11110984407141909
18544,0.1,-0.11110980380989723,2.089664173612048e-9,4.571284473331372e-5,0.000113849971987598,0.11110980380989723,-0.11110985678138012
18545,0.1,-0.11110963896457597,3.224079247686108e-9,5.6780976107197276e-5,0.00011320775726815998,0.11110963896457597,-0.11110986920582719
18546,0.1,-0.11110947543572948,4.592159126413177e-9,6.776547149111542e-5,0.00011246375853992367,0.11110947543572948,-0.11110988129999569
18547,0.1,-0.11110931335740287,6.1856994820267335e-9,7.864921793652326e-5,0.00011161869157578774,0.11110931335740287,-0.11110989302063336
18548,0.1,-0.11110915286082935,7.995721731507256e-9,8.941879965369282e-5,0.00011067342561026069,0.11110915286082935,-0.11110990432616515
18549,0.25,-0.11110899729190125,9.958834722401823e-9,9.979396135238756e-5,0.00010963374417401034,0.11110899729190125,-0.11110991339863842
18550,0.625,-0.11110885480104486,1.1903945983232228e-8,0.00010910520603175739,0.00010703997292556377,0.11110885480104486,-0.11110991612200281
18551,1.5625,-0.11110874735938224,1.3355394791472795e-8,0.00011556554327078983,0.000100244178504457,0.11110874735938224,-0.11110990195379143
18552,3.90625,-0.11110873178495413,1.3139147012999128e-8,0.00011462611837185768,8.256653254477691e-5,0.11110873178495413,-0.11110985016105718
18553,9.765625,-0.11110894132756718,9.22070878930059e-9,9.602452181240263e-5,3.976875580724809e-5,0.11110894132756718,-0.11110975351632911
18554,24.4140625,-0.11110965324652027,1.3576496212779686e-10,1.1651822266400945e-5,5.485261065006754e-5,0.11110965324652027,-0.11110980814990974
18555,9.765625,-0.1111108678718443,1.4116387934436256e-10,1.1881240648365076e-5,3.191607283954078e-5,0.1111108678718443,-0.1111098073468955
18556,3.90625,-0.11111131894826443,1.6259103847036116e-10,1.2751119106586729e-5,2.176285286705753e-5,0.11111131894826443,-0.1111098070280075
18557,1.5625,-0.11111168194013935,1.899314611333738e-10,1.3781562361843225e-5,1.734550773111512e-5,0.11111168194013935,-0.11110980697815699
18558,0.625,-0.11111202216450491,2.2243879114769167e-10,1.491438202366064e-5,1.5373428585330318e-5,0.11111202216450491,-0.11110980705533792
18559,1.5625,-0.11111222450918581,2.4359803881125825e-10,1.560762758433383e-5,1.4450962590665179e-5,0.11111222450918581,-0.11110980682625032
18560,3.90625,-0.11111205965741966,2.251420902819496e-10,1.5004735595202923e-5,1.2225266896151134e-5,0.11111205965741966,-0.11110980597559708
18561,9.765625,-0.11111116941392883,1.345504864746245e-10,1.1599589927002786e-5,8.449367498023998e-6,0.11111116941392883,-0.11110980465843796
18562,24.4140625,-0.11111008705442552,2.284671593242221e-11,4.779823839057482e-6,1.2374642442760869e-5,0.11111008705442552,-0.11110980484325651
18563,9.765625,-0.11111055872617416,4.079760968989594e-12,2.019841817813859e-6,2.191549743736367e-5,0.11111055872617416,-0.11110980548328073
18564,3.90625,-0.1111107148560077,3.5572509235261093e-12,1.8860675819084823e-6,2.30113043639559e-5,0.1111107148560077,-0.11110980602515687
18565,1.5625,-0.11111083240472694,1.3029647199549971e-11,3.6096602609594674e-6,2.2490934354662427e-5,0.11111083240472694,-0.11110980650588113
18566,0.625,-0.1111109401083299,3.127018656259251e-11,5.59197519330983e-6,2.1908435179711983e-5,0.1111109401083299,-0.11110980696001314
18567,0.25,-0.11111104483235265,5.801737504376577e-11,7.616913747953679e-6,2.1507683423516414e-5,0.11111104483235265,-0.11110980740467197
18568,0.1,-0.11111114862672765,9.318888764906977e-11,9.653439161722095e-6,2.1259795185821663e-5,0.11111114862672765,-0.11110980784629096
18569,0.1,-0.11111124906742693,1.364155447940371e-10,1.1679706537153967e-5,2.1106240433582004e-5,0.11111124906742693,-0.11110980827608599
18570,0.1,-0.11111134578857118,1.8737447114863288e-10,1.368847950462844e-5,2.0937094543288413e-5,0.11111134578857118,-0.1111098086927229
18571,0.1,-0.11111143843960923,2.457179194554308e-10,1.5675392162731713e-5,2.0752230054011974e-5,0.11111143843960923,-0.11110980909491286
18572,0.1,-0.11111152668639669,3.1107465454872143e-10,1.7637308597082533e-5,2.0551607626623574e-5,0.11111152668639669,-0.11110980948142046
18573,0.25,-0.11111159810105012,3.8073305368892943e-10,1.951238206085893e-5,2.0336744605850075e-5,0.11111159810105012,-0.1111098097837846
18574,0.625,-0.1111116248090712,4.4760466897373413e-10,2.1156669609693633e-5,1.9829116144093718e-5,0.1111116248090712,-0.11110980985164234
18575,1.5625,-0.11111153818276366,4.926011340011134e-10,2.2194619483134045e-5,1.8541401603890328e-5,0.11111153818276366,-0.11110980930958593
18576,3.90625,-0.11111119567532396,4.713252593821023e-10,2.1710026701552035e-5,1.531940508249138e-5,0.11111119567532396,-0.11110980746174855
18577,9.765625,-0.11111045659149878,3.1698898512182234e-10,1.780418448348091e-5,8.57676741297904e-6,0.11111045659149878,-0.11110980422304116
18578,24.4140625,-0.11110997017582055,6.391709154520175e-11,7.994816542310509e-6,1.331926832090269e-5,0.11110997017582055,-0.11110980388026094
18579,9.765625,-0.1111103041003252,1.3494814862575308e-11,3.6735289385787215e-6,3.063722451834543e-5,0.1111103041003252,-0.11110980515101586
18580,3.90625,-0.11111044165313248,3.3758212806916666e-12,1.8373408177830444e-6,3.3575128217773505e-5,0.11111044165313248,-0.11110980635242991
18581,1.5625,-0.11111055236439431,1.6622982397221597e-11,4.077129185741065e-6,3.3333244718704876e-5,0.11111055236439431,-0.1111098074377703
18582,0.625,-0.1111106557271357,5.0080928263521716e-11,7.076787990573245e-6,3.2687367019089925e-5,0.1111106557271357,-0.11110980846395553
18583,0.25,-0.11111075675415678,1.0304360426811978e-10,1.0151039565882885e-5,3.219095895129784e-5,0.11111075675415678,-0.11110980946712372
18584,0.1,-0.11111085702161894,1.753143781096215e-10,1.3240633599251265e-5,3.1874533920750047e-5,0.11111085702161894,-0.11110981046263763
18585,0.1,-0.11111095564006529,2.6624540237223407e-10,1.631702798833887e-5,3.167867575287241e-5,0.11111095564006529,-0.11110981143451348
18586,0.1,-0.11111105237382259,3.752144573368261e-10,1.937045320421869e-5,3.145561517345294e-5,0.11111105237382259,-0.11110981237937705
18587,0.1,-0.11111114699387863,5.015373557245594e-10,2.2395029710285256e-5,3.120546693265283e-5,0.11111114699387863,-0.11110981329397102
18588,0.1,-0.11111123927854068,6.444706669361218e-10,2.5386426824902354e-5,3.0928411103985326e-5,0.11111123927854068,-0.11110981417516942
18589,0.25,-0.1111113226434173,7.987620316806306e-10,2.826237837975832e-5,3.062621153275618e-5,0.1111113226434173,-0.11110981487777126
18590,0.625,-0.11111138180078474,9.503474626732329e-10,3.082770608840744e-5,2.988846828912974e-5,0.11111138180078474,-0.11110981507578384
18591,1.5625,-0.11111137813798985,1.0604039888519601e-9,3.25638448106479e-5,2.7978146504576583e-5,0.11111137813798985,-0.11110981394031448
18592,3.90625,-0.1111112272050873,1.0343346938253942e-9,3.2161074201982035e-5,2.3071241694002834e-5,0.1111112272050873,-0.11110980987098387
18593,9.765625,-0.11111082067702571,7.136303714810759e-10,2.6713861036568186e-5,1.1777954976225723e-5,0.11111082067702571,-0.11110980245154156
18594,24.4140625,-0.11111039537778916,1.466258489883941e-10,1.210891609469626e-5,1.753521361858839e-5,0.11111039537778916,-0.11110980133638454
18595,9.765625,-0.11111045568964001,3.1453358054917624e-11,5.6083293461527045e-6,4.503026891588887e-5,0.11111045568964001,-0.11110980410021161
18596,3.90625,-0.11111044168401034,5.517308296439949e-12,2.348895122486304e-6,4.97696854625795e-5,0.11111044168401034,-0.11110980675993293
18597,1.5625,-0.11111042089626266,3.194049272322643e-11,5.651592052088193e-6,4.9555948034888686e-5,0.11111042089626266,-0.11110980916961642
18598,0.625,-0.11111039869477243,1.0361112116121852e-10,1.0178954816739218e-5,4.865859557329142e-5,0.11111039869477243,-0.11110981144850907
18599,0.25,-0.11111037614508451,2.189414009634292e-10,1.4796668576521852e-5,4.795282191431222e-5,0.11111037614508451,-0.11110981367631992
18600,0.1,-0.11111035353541963,3.7750965442249743e-10,1.942960767546523e-5,4.750313664471959e-5,0.11111035353541963,-0.11110981588764296
18601,0.1,-0.11111033054702946,5.779525600907165e-10,2.4040643920051652e-5,4.72280093947569e-5,0.11111033054702946,-0.11110981804826792
18602,0.1,-0.1111103071331392,8.18940461755551e-10,2.8617135806288355e-5,4.691074845382522e-5,0.1111103071331392,-0.11110982015046288
18603,0.1,-0.11111028324986995,1.0990031362936363e-9,3.315121621137958e-5,4.655164612086369e-5,0.11111028324986995,-0.11110982218676281
18604,0.1,-0.11111025885646297,1.4165359407894257e-9,3.7636896003648145e-5,4.6151066225886096e-5,0.11111025885646297,-0.11110982414999944
18605,0.25,-0.1111102323416108,1.7601702643071926e-9,4.195438313582018e-5,4.5711533986129704e-5,0.1111102323416108,-0.11110982571946718
18606,0.625,-0.11111020017031223,2.0993281896302197e-9,4.581842631114931e-5,4.4620351534557075e-5,0.11111020017031223,-0.11110982617197113
18607,1.5625,-0.1111101540777337,2.3492397666627163e-9,4.8468956731734144e-5,4.1770716576000267e-5,0.1111101540777337,-0.11110982366150739
18608,3.90625,-0.1111100799077751,2.3016927242892696e-9,4.79759598579254e-5,3.4391108580364436e-5,0.1111100799077751,-0.11110981458959644
18609,9.765625,-0.11110998572789493,1.6007324376293486e-9,4.000915442282364e-5,1.6879103131845243e-5,0.11110998572789493,-0.11110979786878848
18610,24.4140625,-0.1111100811369222,3.347368010862049e-10,1.829581375851331e-5,2.470263674557147e-5,0.1111100811369222,-0.11110979499079507
18611,9.765625,-0.11111027738113412,7.264551771198338e-11,8.523233993736379e-6,6.69427198519978e-5,0.11111027738113412,-0.11110980111568296
18612,3.90625,-0.11111040533138994,1.062880275024474e-11,3.2601844656774777e-6,7.429821021651005e-5,0.11111040533138994,-0.11110980706435562
18613,1.5625,-0.11111051971525118,6.624125136245726e-11,8.138872855774149e-6,7.40839208833688e-5,0.11111051971525118,-0.11110981246259961
18614,0.625,-0.11111063001846633,2.2344514082717777e-10,1.4948081509918848e-5,7.278585877744955e-5,0.11111063001846633,-0.11110981756832436
18615,0.25,-0.1111107390426444,4.786608683468936e-10,2.187831959604973e-5,7.175076379558313e-5,0.1111107390426444,-0.11110982255898698
18616,0.1,-0.11111084772442832,8.309570207639694e-10,2.8826325134570473e-5,7.108964067624869e-5,0.11111084772442832,-0.11110982751249646
18617,0.1,-0.11111095566254774,1.2773604375905045e-9,3.574017959650601e-5,7.068602104088597e-5,0.11111095566254774,-0.11110983235388167
18618,0.1,-0.11111106271068195,1.8149492333007177e-9,4.2602220990233806e-5,7.021878552373702e-5,0.11111106271068195,-0.1111098370656834
18619,0.1,-0.1111111687234887,2.440484046989091e-9,4.940125552037206e-5,6.968838158955448e-5,0.1111111687234887,-0.11110984163103611
18620,0.1,-0.1111112735569491,3.150421671340352e-9,5.612861722277106e-5,6.9095356914624e-5,0.1111112735569491,-0.11110984603373587
18621,0.25,-0.11111137352641014,3.919624688225995e-9,6.260690607453778e-5,6.844334986418185e-5,0.11111137352641014,-0.11110984955885893
18622,0.625,-0.11111145982323836,4.680336393295515e-9,6.841298409874777e-5,6.681605507391292e-5,0.11111145982323836,-0.11110985059081342
18623,1.5625,-0.11111150939966104,5.24442037768297e-9,7.24183704434377e-5,6.255415516115211e-5,0.11111150939966104,-0.1111098449986549
18624,3.90625,-0.11111146729828199,5.148636674147905e-9,7.175400110201455e-5,5.148446854678497e-5,0.11111146729828199,-0.11110982469548798
18625,9.765625,-0.11111123332656893,3.595875020832286e-9,5.9965615321051164e-5,2.489415926949402e-5,0.11111123332656893,-0.11110978706022732
18626,24.4140625,-0.11111077267288542,7.621238414124155e-10,2.760659054306445e-5,3.587885545046561e-5,0.11111077267288542,-0.11110978006049387
18627,9.765625,-0.1111106121728415,1.6693711740243139e-10,1.2920414753498874e-5,9.999679517507488e-5,0.1111106121728415,-0.11110979374108039
18628,3.90625,-0.11111046193885542,2.1971302785889855e-11,4.687355628271643e-6,0.00011125680090691806,0.11111046193885542,-0.11110980710815486
18629,1.5625,-0.11111032080269603,1.4171388619662057e-10,1.1904364165994779e-5,0.00011103087543089242,0.11111032080269603,-0.11110981925254994
18630,0.625,-0.11111018318573092,4.899229916845248e-10,2.213420411229021e-5,0.0001091240906917038,0.11111018318573092,-0.11110983073975399
18631,0.25,-0.11111004703405146,1.0584755842543814e-9,3.25342217404133e-5,0.00010758855975041239,0.11111004703405146,-0.11110984196652857
18632,0.1,-0.1111099116143426,1.8452523559269447e-9,4.295640063979924e-5,0.00010660428484738884,0.1111099116143426,-0.11110985310836932
18633,0.1,-0.11110977702473131,2.8436555921209317e-9,5.332593732997979e-5,0.00010600217885744936,0.11110977702473131,-0.11110986399931776
18634,0.1,-0.1111096433568689,4.047171760124883e-9,6.361738567502506e-5,0.00010530457789666346,0.1111096433568689,-0.11110987460006576
18635,0.1,-0.11110951070105386,5.448575887062037e-9,7.381446936110858e-5,0.00010451216120283346,0.11110951070105386,-0.11110988487263823
18636,0.1,-0.11110937914624831,7.039961917723043e-9,8.390448091564027e-5,0.00010362575204635484,0.11110937914624831,-0.11110989478053784
18637,0.25,-0.11110925082282162,8.765399005472919e-9,9.362370963315285e-5,0.00010265077603825731,0.11110925082282162,-0.11110990272406845
18638,0.625,-0.11110913102659625,1.0473989768044744e-8,0.00010234251202723501,0.00010021687303088529,0.11110913102659625,-0.11110990508351955
18639,1.5625,-0.11110903440675347,1.1746381230159277e-8,0.00010838072351741926,9.383922754290582e-5,0.11110903440675347,-0.11110989259279686
18640,3.90625,-0.11110900103823913,1.1548300307213407e-8,0.00010746301832357682,7.725344459085965e-5,0.11110900103823913,-0.11110984705604082
18641,9.765625,-0.11110913759350839,8.091439362016381e-9,8.99524283275131e-5,3.7156866611591686e-5,0.11110913759350839,-0.11110976227649103
18642,24.4140625,-0.11110993663963355,1.1880381366986615e-10,1.0899716219694262e-5,5.176488050177244e-5,0.11110993663963355,-0.11110981050539442
18643,9.765625,-0.11111074880162605,1.2489246728771612e-10,1.117552984371283e-5,2.9493357603530125e-5,0.11111074880162605,-0.11110980973041217
18644,3.90625,-0.11111104357129052,1.4243199782208472e-10,1.1934487748625188e-5,2.0007026662387003e-5,0.11111104357129052,-0.11110980943953806
18645,1.5625,-0.11111128112036217,1.6478222003267672e-10,1.2836752705909571e-5,1.5996921750298183e-5,0.11111128112036217,-0.1111098093932637
18646,3.90625,-0.1111113305995179,1.6480886683450755e-10,1.2837790574491686e-5,1.4226063958642052e-5,0.1111113305995179,-0.11110980883936095
18647,9.765625,-0.11111094405222255,1.110663643216096e-10,1.053880279356292e-5,1.0386611215607973e-5,0.11111094405222255,-0.11110980771141318
18648,24.4140625,-0.11111027340759168,2.1216869372121565e-11,4.6061773057625086e-6,9.644182421801207e-6,0.11111027340759168,-0.11110980756346021
18649,9.765625,-0.11111058943045678,5.095970968996078e-12,2.257425739420032e-6,1.8287547805791763e-5,0.11111058943045678,-0.11110980800396188
18650,3.90625,-0.11111069019768692,2.4662531181606014e-12,1.5704308702265762e-6,1.9631749894392847e-5,0.11111069019768692,-0.11110980840744798
18651,1.5625,-0.1111107670430532,7.276123165212108e-12,2.6974289916904407e-6,1.936653026176452e-5,0.1111107670430532,-0.11110980877189407
18652,0.625,-0.11111083795651105,1.848530429739734e-11,4.299453953398889e-6,1.893408738231175e-5,0.11111083795651105,-0.11110980911639279
18653,0.25,-0.11111090712836366,3.583931552514846e-11,5.986594651815709e-6,1.8607302615762882e-5,0.11111090712836366,-0.11110980945242602
18654,0.1,-0.11111097577977487,5.924472373844675e-11,7.697059421522401e-6,1.8390799837285784e-5,0.11111097577977487,-0.11110980978481434
18655,0.1,-0.11111104190104558,8.844149303940405e-11,9.404333737134387e-6,1.8247323213118033e-5,0.11111104190104558,-0.11110981010823827
18656,0.1,-0.1111111052445287,1.231945319949703e-10,1.1099303221147276e-5,1.8093073557546692e-5,0.1111111052445287,-0.1111098104218359
18657,0.1,-0.11111116557418839,1.632532035016834e-10,1.277705770127393e-5,1.7927678316665904e-5,0.11111116557418839,-0.11110981072476547
18658,0.1,-0.11111122266634739,2.0835203984884923e-10,1.4434404727900948e-5,1.7750877422863093e-5,0.11111122266634739,-0.11110981101621237
18659,0.25,-0.11111126734543149,2.5668851532219194e-10,1.6021501656280286e-5,1.7564049695870913e-5,0.11111126734543149,-0.11110981124986276
18660,0.625,-0.11111127929587437,3.0353902448086886e-10,1.7422371379375105e-5,1.7144493781643612e-5,0.11111127929587437,-0.1111098113227994
18661,1.5625,-0.11111120893915245,3.361240762488247e-10,1.8333686924588428e-5,1.6101190132770873e-5,0.11111120893915245,-0.11110981097598555
18662,3.90625,-0.1111109549674538,3.243828488088076e-10,1.8010631549415685e-5,1.3508503799124038e-5,0.1111109549674538,-0.11110980972019158
18663,9.765625,-0.11111042552896394,2.2151564525187858e-10,1.4883401669372449e-5,8.09021077580694e-6,0.11111042552896394,-0.11110980745385336
18664,24.4140625,-0.11111011481469411,4.64247269872646e-11,6.813569327985487e-6,1.1025243726763471e-5,0.11111011481469411,-0.11110980711983226
18665,9.765625,-0.11111034133078028,1.0703009473091955e-11,3.2715454258029117e-6,2.544274049978574e-5,0.11111034133078028,-0.11110980798654052
18666,3.90625,-0.11111043513177064,2.8406067387844282e-12,1.685409961636761e-6,2.7986253410575065e-5,0.11111043513177064,-0.11110980882247093
18667,1.5625,-0.11111051054232227,1.1115907946769067e-11,3.334052781041276e-6,2.7831736365861565e-5,0.11111051054232227,-0.11110980958177262
18668,0.625,-0.11111058091465546,3.3291538106013605e-11,5.7698819837162705e-6,2.731118948693277e-5,0.11111058091465546,-0.1111098103003979
18669,0.25,-0.11111064968270341,6.884646769487611e-11,8.29737715756468e-6,2.690041142971779e-5,0.11111064968270341,-0.11110981100249895
18670,0.1,-0.1111107179275746,1.176219870922143e-10,1.0845367079643468e-5,2.663267394477191e-5,0.1111107179275746,-0.11110981169856944
18671,0.1,-0.11111078507119583,1.7916810238136492e-10,1.3385368966949134e-5,2.6462419125753006e-5,0.11111078507119583,-0.11110981237797725
18672,0.1,-0.11111085095325869,2.53048996657704e-10,1.5907513842763236e-5,2.627056617375274e-5,0.11111085095325869,-0.11110981303845985
18673,0.1,-0.11111091541779744,3.3878810535457393e-10,1.8406197471356595e-5,2.605715321777829e-5,0.11111091541779744,-0.11110981367783315
18674,0.1,-0.11111097831363785,4.358698718841739e-10,2.0877496782041997e-5,2.5822282612319304e-5,0.11111097831363785,-0.11110981429399915
18675,0.25,-0.11111103522054908,5.407601061666323e-10,2.325424920668548e-5,2.5567548036931717e-5,0.11111103522054908,-0.11110981478862819
18676,0.625,-0.11111107584731104,6.440016015212643e-10,2.5377186635268778e-5,2.495947521652581e-5,0.11111107584731104,-0.11110981494053716
18677,1.5625,-0.11111107414473374,7.194648019694496e-10,2.6822841049550467e-5,2.3399696422194345e-5,0.11111107414473374,-0.11110981418631667
18678,3.90625,-0.11111097290085675,7.032783825645157e-10,2.6519396346156065e-5,1.9412873342194668e-5,0.11111097290085675,-0.11110981143298027
18679,9.765625,-0.11111069749156753,4.874213000279485e-10,2.20776198904671e-5,1.035068212528484e-5,0.11111069749156753,-0.11110980637090712
18680,24.4140625,-0.11111040205641079,1.0138770170778739e-10,1.0069146026738683e-5,1.4641958322570887e-5,0.11111040205641079,-0.11110980555631968
18681,9.765625,-0.11111043666930968,2.2094490790791892e-11,4.700477719422983e-6,3.7297295439795924e-5,0.11111043666930968,-0.11110980744760245
18682,3.90625,-0.11111042065855303,3.873229304247604e-12,1.968052159940789e-6,4.124972078155784e-5,0.11111042065855303,-0.11110980927599644
18683,1.5625,-0.11111040073091748,2.145855367743607e-11,4.632337819874115e-6,4.108825367803673e-5,0.11111040073091748,-0.11110981093464208
18684,0.625,-0.11111038007175283,6.994152354998542e-11,8.363104898898818e-6,4.035017691940412e-5,0.11111038007175283,-0.11110981250349887
18685,0.25,-0.11111035925542072,1.482068547500364e-10,1.217402376989779e-5,3.9764748699620314e-5,0.11111035925542072,-0.11110981403673947
18686,0.1,-0.11111033842633537,2.5594343149282317e-10,1.5998232136483804e-5,3.938830300409528e-5,0.11111033842633537,-0.11110981555799727
18687,0.1,-0.11111031737537853,3.9221238744209546e-10,1.980435273979171e-5,3.9154992844599156e-5,0.11111031737537853,-0.11110981704415059
18688,0.1,-0.11111029607794194,5.560945863421909e-10,2.3581657837017966e-5,3.8887396396729584e-5,0.11111029607794194,-0.11110981848996783
18689,0.1,-0.11111027451142726,7.465766963299573e-10,2.7323555704372688e-5,3.858574188365269e-5,0.11111027451142726,-0.11110981989039963
18690,0.1,-0.11111025265539436,9.625553454274583e-10,3.102507607448301e-5,3.8250320075640005e-5,0.11111025265539436,-0.11110982124059944
18691,0.25,-0.11111022957167169,1.1963314226561684e-9,3.458802426644472e-5,3.788336373293251e-5,0.11111022957167169,-0.11110982232260161
18692,0.625,-0.11111020325144962,1.4272114350393187e-9,3.777845199368707e-5,3.698256024749135e-5,0.11111020325144962,-0.11110982264464793
18693,1.5625,-0.1111101691679413,1.597816703110875e-9,3.997269947240085e-5,3.464107195337251e-5,0.1111101691679413,-0.11110982095055953
18694,3.90625,-0.11111012063699657,1.567025566451986e-9,3.9585673752659385e-5,2.859112124236995e-5,0.11111012063699657,-0.11110981478593246
18695,9.765625,-0.11111007039606227,1.0924884760157387e-9,3.305281343570829e-5,1.4309377355736695e-5,0.11111007039606227,-0.11110980337879361
18696,24.4140625,-0.11111017265221966,2.2990554713812386e-10,1.5162636549694247e-5,2.0452450897453825e-5,0.11111017265221966,-0.11110980135116891
18697,9.765625,-0.11111032010109448,4.9948669589042106e-11,7.067437271673665e-6,5.539083146898555e-5,0.11111032010109448,-0.11110980554477803
18698,3.90625,-0.1111104192559754,6.914163181018975e-12,2.629479640731028e-6,6.150828371450062e-5,0.1111104192559754,-0.11110980962558864
18699,1.5625,-0.11111050824506293,4.433313021553513e-11,6.658312865548985e-6,6.134466552256493e-5,0.11111050824506293,-0.11110981333035225
18700,0.625,-0.11111059414381477,1.5117616494945308e-10,1.2295371688137494e-5,6.027419708218477e-5,0.11111059414381477,-0.111109816834126
18701,0.25,-0.11111067906412554,3.2495481758529763e-10,1.8026503199048273e-5,5.941615223741721e-5,0.11111067906412554,-0.111109820258121
18702,0.1,-0.11111076371437796,5.650001934421699e-10,2.3769732717095702e-5,5.886500878997638e-5,0.11111076371437796,-0.1111098236556958
18703,0.1,-0.11111084779091963,8.692696245064448e-10,2.9483378783756194e-5,5.852579838666019e-5,0.11111084779091963,-0.1111098269759927
18704,0.1,-0.11111093118293673,1.2357502158862295e-9,3.5153239052557155e-5,5.813441991240941e-5,0.11111093118293673,-0.11110983020714015
18705,0.1,-0.11111101378027928,1.662214592525819e-9,4.077026603452348e-5,5.769124119914714e-5,0.11111101378027928,-0.11110983333767503
18706,0.1,-0.11111109547370983,2.1462301948464704e-9,4.632742378814594e-5,5.7196714321044846e-5,0.11111109547370983,-0.1111098363565865
18707,0.25,-0.11111117347214386,2.670711419065751e-9,5.167892625689654e-5,5.665400963451372e-5,0.11111117347214386,-0.11110983877674771
18708,0.625,-0.11111124109437914,3.189626525756607e-9,5.647677864181532e-5,5.5308983134143925e-5,0.11111124109437914,-0.11110983949696347
18709,1.5625,-0.11111128080518688,3.575145559305933e-9,5.97925209311828e-5,5.1796330871732766e-5,0.11111128080518688,-0.1111098357001388
18710,3.90625,-0.11111125043160647,3.512235503601886e-9,5.9264116492207035e-5,4.26833297686571e-5,0.11111125043160647,-0.11110982186264638
18711,9.765625,-0.11111107079516042,2.4571274262487873e-9,4.956942027347896e-5,2.083309261671055e-5,0.11111107079516042,-0.11110979614741556
18712,24.4140625,-0.11111070095813957,5.227980826718376e-10,2.286477821173513e-5,2.96000550423209e-5,0.11111070095813957,-0.11110979126515085
18713,9.765625,-0.11111056295442065,1.1432876079855063e-10,1.0692462803234372e-5,8.27179330845239e-5,0.11111056295442065,-0.111109800632781
18714,3.90625,-0.11111043690603101,1.4176277864477937e-11,3.765139820043598e-6,9.207179673876969e-5,0.11111043690603101,-0.11110980979527331
18715,1.5625,-0.11111031891195913,9.520776126437286e-11,9.757446452037176e-6,9.189731198738576e-5,0.11111031891195913,-0.11110981812047964
18716,0.625,-0.11111020393865127,3.325138196442563e-10,1.8234961465389948e-5,9.032088054116014e-5,0.11111020393865127,-0.1111098259939333
18717,0.25,-0.11111009018067239,7.204653162919596e-10,2.6841484986713376e-5,8.904656491151533e-5,0.11111009018067239,-0.11110983368714307
18718,0.1,-0.11110997699790436,1.2575556296540533e-9,3.546203081683356e-5,8.822606077834445e-5,0.11110997699790436,-0.11110984132040203
18719,0.1,-0.11110986450600825,1.9392489787392112e-9,4.4036904736132525e-5,8.77208054649793e-5,0.11110986450600825,-0.11110984878080657
18720,0.1,-0.11110975278856206,2.7610585468721587e-9,5.254577572814163e-5,8.713696100625957e-5,0.11110975278856206,-0.1111098560415671
18721,0.1,-0.11110964192815725,3.7180149425561537e-9,6.097552740695363e-5,8.647509473315951e-5,0.11110964192815725,-0.11110986307681087
18722,0.1,-0.1111095320063864,4.804687001216211e-9,6.93158495671532e-5,8.573589329243764e-5,0.1111095320063864,-0.1111098698616802
18723,0.25,-0.1111094249939077,5.9829599678407086e-9,7.734959578330523e-5,8.492405786085756e-5,0.1111094249939077,-0.1111098753042939
18724,0.625,-0.11110932576020267,7.150048503313143e-9,8.45579594320555e-5,8.290923430742373e-5,0.11110932576020267,-0.11110987693345227
18725,1.5625,-0.1111092476774903,8.020291654590685e-9,8.955608105869018e-5,7.76420339491837e-5,0.1111092476774903,-0.111109868420982
18726,3.90625,-0.11110922672448506,7.888699531415129e-9,8.881835132119448e-5,6.395491656675224e-5,0.11110922672448506,-0.11110983732671297
18727,9.765625,-0.11110935513572368,5.533566676569629e-9,7.438794711893607e-5,3.087294456333229e-5,0.11110935513572368,-0.11110977934315534
18728,24.4140625,-0.11110997139230365,8.097153301358633e-11,8.998418361778159e-6,4.260533057096156e-5,0.11110997139230365,-0.11110981228740374
18729,9.765625,-0.11111072510424941,8.499109183933063e-11,9.219061331791357e-6,2.448042905557526e-5,0.11111072510424941,-0.11110981177440259
18730,3.90625,-0.1111109993672443,9.699059873977823e-11,9.848380513555426e-6,1.6722252175551244e-5,0.1111109993672443,-0.11110981158319796
18731,1.5625,-0.111111220375779,1.1219545674473358e-10,1.0592235682080227e-5,1.3465238696349494e-5,0.111111220375779,-0.11110981155866058
18732,0.625,-0.11111142767245719,1.301570960277492e-10,1.1408641287539423e-5,1.2050626079416932e-5,0.11111142767245719,-0.11110981161136034
18733,1.5625,-0.11111154957551914,1.4169800735309283e-10,1.1903697213601026e-5,1.1399004390798845e-5,0.11111154957551914,-0.11110981148834463
18734,3.90625,-0.11111144487064803,1.313797090876593e-10,1.146209880814414e-5,9.859358536781871e-6,0.11111144487064803,-0.11110981100624252
18735,9.765625,-0.11111089522634555,8.025286250355586e-11,8.958396201528255e-6,7.363119327010527e-6,0.11111089522634555,-0.11110981023694025
18736,24.4140625,-0.11111023605488016,1.3942046437856436e-11,3.7339049851136326e-6,1.0168544334860123e-5,0.11111023605488016,-0.11110981034788808
18737,9.765625,-0.11111050973716229,2.916932559552881e-12,1.7079029713519679e-6,1.728405455808732e-5,0.11111050973716229,-0.11110981073507499
18738,3.90625,-0.11111059528100044,2.41491397537854e-12,1.5539993485772572e-6,1.815215287168389e-5,0.11111059528100044,-0.11110981107150313
18739,1.5625,-0.1111106582229014,7.866021764373381e-12,2.8046428942689624e-6,1.778076625270301e-5,0.1111106582229014,-0.11110981137294987
18740,0.625,-0.11111071545623487,1.8535800312033556e-11,4.305322323825889e-6,1.7349278656963355e-5,0.11111071545623487,-0.11110981165882512
18741,0.25,-0.11111077097236938,3.426232869563204e-11,5.853403172141147e-6,1.70490985416898e-5,0.11111077097236938,-0.11110981193902726
18742,0.1,-0.1111108259557051,5.499262749238573e-11,7.4157014160756045e-6,1.686172246084645e-5,0.1111108259557051,-0.1111098122173197
18743,0.1,-0.11111087896171738,8.05145395037248e-11,8.972989440745197e-6,1.6744441278440618e-5,0.11111087896171738,-0.11110981248852213
18744,0.1,-0.11111092977753556,1.1063977045793855e-10,1.0518544122545598e-5,1.6615678596869776e-5,0.11111092977753556,-0.11110981275184634
18745,0.1,-0.11111097819950018,1.4516563067555334e-10,1.2048470055386839e-5,1.647532797761647e-5,0.11111097819950018,-0.11110981300653083
18746,0.1,-0.11111102403380928,1.838757644193559e-10,1.3560079808738439e-5,1.6323352153035366e-5,0.11111102403380928,-0.1111098132518436
18747,0.25,-0.11111105997516227,2.2521813944390913e-10,1.5007269553250155e-5,1.6160914329020964e-5,0.11111105997516227,-0.11110981344727455
18748,0.625,-0.11111106967370674,2.6512182946331544e-10,1.6282562128341946e-5,1.5780534494130072e-5,0.11111106967370674,-0.11110981350361657
18749,1.5625,-0.11111101297623358,2.925522669973196e-10,1.7104159347869736e-5,1.4819704762638283e-5,0.11111101297623358,-0.1111098131970584
18750,3.90625,-0.1111108070449889,2.814365464822697e-10,1.6776070650848775e-5,1.2426570436937177e-5,0.1111108070449889,-0.11110981210722937
18751,9.765625,-0.11111037387942214,1.9090280693414157e-10,1.3816758191925541e-5,7.52805702918684e-6,0.11111037387942214,-0.11110981016414
18752,24.4140625,-0.11111011363025079,3.894689031378395e-11,6.240744371770401e-6,1.0799543963529581e-5,0.11111011363025079,-0.11110980994667811
18753,9.765625,-0.11111032752902057,8.695688926838708e-12,2.9488453548531003e-6,2.4010017500395812e-5,0.11111032752902057,-0.11110981071690476
18754,3.90625,-0.11111042074357325,2.4998549156650427e-12,1.5810929497234004e-6,2.6279688955899923e-5,0.11111042074357325,-0.11110981145063763
18755,1.5625,-0.11111049721077854,1.0339348507680413e-11,3.2154857343301045e-6,2.6101907221369483e-5,0.11111049721077854,-0.1111098121161504
18756,0.625,-0.11111056904275164,3.031734776929918e-11,5.506119120514846e-6,2.5609241664507506e-5,0.11111056904275164,-0.11110981274656549
18757,0.25,-0.11111063939311926,6.200605191471784e-11,7.874392161603195e-6,2.522910018521577e-5,0.11111063939311926,-0.11110981336324774
18758,0.1,-0.11111070925941548,1.0528441600769794e-10,1.0260819460827577e-5,2.498604861327539e-5,0.11111070925941548,-0.11110981397531543
18759,0.1,-0.11111077809301147,1.597644814063297e-10,1.2639797522362836e-5,2.483502647659589e-5,0.11111077809301147,-0.11110981457315164
18760,0.1,-0.11111084574475001,2.2507276780109126e-10,1.5002425397284643e-5,2.466320414505571e-5,0.11111084574475001,-0.11110981515473192
18761,0.1,-0.1111109120694867,3.007988573497248e-10,1.7343553769332422e-5,2.4470683848144356e-5,0.1111109120694867,-0.11110981571810151
18762,0.1,-0.11111097692649363,3.8649701347454184e-10,1.9659527295297357e-5,2.4257618293786766e-5,0.11111097692649363,-0.11110981626138473
18763,0.25,-0.11111103618131721,4.79035859891994e-10,2.1886887853050144e-5,2.4025403721381458e-5,0.11111103618131721,-0.1111098166975042
18764,0.625,-0.11111108021247491,5.700288681962222e-10,2.3875277342812633e-5,2.346056399011292e-5,0.11111108021247491,-0.11110981683090264
18765,1.5625,-0.11111108464650622,6.363052508612318e-10,2.522509169183002e-5,2.2001220900406306e-5,0.11111108464650622,-0.11110981616393802
18766,3.90625,-0.11111099574356878,6.212751533754235e-10,2.4925391739658245e-5,1.8266004715180236e-5,0.11111099574356878,-0.11110981373348486
18767,9.765625,-0.11111074160204439,4.2953483497004706e-10,2.0725222193502464e-5,9.832192772682576e-6,0.11111074160204439,-0.11110980927902055
18768,24.4140625,-0.11111045275384349,8.879293287432012e-11,9.423000205577845e-6,1.400291467017941e-5,0.11111045275384349,-0.11110980859775527
18769,9.765625,-0.11111046723651374,1.938873964147529e-11,4.403264657214609e-6,3.510270179079096e-5,0.11111046723651374,-0.11110981026896331
18770,3.90625,-0.1111104414385935,3.6657691294511864e-12,1.9146198394070784e-6,3.877472604724201e-5,0.1111104414385935,-0.11110981188156037
18771,1.5625,-0.11111041288886359,1.945764927623397e-11,4.411082551509773e-6,3.8614253193060566e-5,0.11111041288886359,-0.11110981334477658
18772,0.625,-0.11111038393578672,6.247612870993571e-11,7.904184253288615e-6,3.792235723662953e-5,0.11111038393578672,-0.11110981472954243
18773,0.25,-0.11111035492914982,1.3176015425347688e-10,1.1478682600955429e-5,3.73770830834629e-5,0.11111035492914982,-0.11110981608357079
18774,0.1,-0.11111032594097113,2.2705192849530948e-10,1.5068242382418378e-5,3.7029023943847665e-5,0.11111032594097113,-0.11110981742760379
18775,0.1,-0.11111029680106756,3.4753108860528434e-10,1.8642185724997067e-5,3.6815540218990966e-5,0.11111029680106756,-0.11110981874105938
18776,0.1,-0.11111026749561341,4.923964058264948e-10,2.219000689108714e-5,3.656961057334914e-5,0.11111026749561341,-0.11110982001929252
18777,0.1,-0.11111023801246211,6.607623805756713e-10,2.570529868676245e-5,3.6291465731030024e-5,0.11111023801246211,-0.11110982125781768
18778,0.1,-0.11111020834125988,8.516629311274672e-10,2.918326457282439e-5,3.598139280381083e-5,0.11111020834125988,-0.1111098224523293
18779,0.25,-0.1111101778413727,1.0582762666430812e-9,3.253115839688285e-5,3.564137935687737e-5,0.1111101778413727,-0.11110982341001348
18780,0.625,-0.11111014519318968,1.262254171299455e-9,3.552821655106621e-5,3.4799170752331033e-5,0.11111014519318968,-0.11110982369602797
18781,1.5625,-0.11111010759737824,1.412720713026226e-9,3.7586177153658844e-5,3.2602498944821864e-5,0.11111010759737824,-0.11110982220009719
18782,3.90625,-0.11111006207333848,1.3846397783422148e-9,3.721074815617411e-5,2.6923857781640856e-5,0.11111006207333848,-0.11110981675598347
18783,9.765625,-0.11111002578050425,9.638733331318837e-10,3.1046309492947526e-5,1.3577610154522636e-5,0.11111002578050425,-0.11110980669888895
18784,24.4140625,-0.11111014256385461,2.0222014849473916e-10,1.4220413091564505e-5,1.9435720461462935e-5,0.11111014256385461,-0.11110980495069119
18785,9.765625,-0.11111029026253459,4.4162548941367536e-11,6.645490872867672e-6,5.206260416269688e-5,0.11111029026253459,-0.11110980864828704
18786,3.90625,-0.11111039174683983,6.641536953414911e-12,2.577117954889708e-6,5.777311981887239e-5,0.11111039174683983,-0.11110981224391983
18787,1.5625,-0.11111048333402321,3.9980309774863505e-11,6.322998479745468e-6,5.761212426322997e-5,0.11111048333402321,-0.11110981550900359
18788,0.625,-0.11111057187159844,1.3450440516725e-10,1.1597603423434085e-5,5.6608181193518405e-5,0.11111057187159844,-0.11110981859806399
18789,0.25,-0.11111065943048368,2.8804903550446307e-10,1.697200740939218e-5,5.580655966186794e-5,0.11111065943048368,-0.11110982161776346
18790,0.1,-0.11111074670935588,5.000467120712385e-10,2.2361724264269928e-5,5.529401606345814e-5,0.11111074670935588,-0.1111098246149734
18791,0.1,-0.11111083343806605,7.687060594464937e-10,2.7725548857443628e-5,5.4980669463896285e-5,0.11111083343806605,-0.11110982754458223
18792,0.1,-0.11111091950932937,1.0922649121406858e-9,3.3049431343681024e-5,5.461812195004896e-5,0.11111091950932937,-0.11110983039608284
18793,0.1,-0.11111100481650098,1.4687704260344603e-9,3.83245407804772e-5,5.420672734123044e-5,0.11111100481650098,-0.11110983315932717
18794,0.1,-0.11111108925380624,1.8960872895362788e-9,4.354408443791508e-5,5.374691741276189e-5,0.11111108925380624,-0.11110983582456518
18795,0.25,-0.1111111701637039,2.3591030758638454e-9,4.857059888310875e-5,5.3241555884299116e-5,0.1111111701637039,-0.11110983796150706
18796,0.625,-0.11111124116179182,2.8170852819850903e-9,5.3076221436582034e-5,5.198181262095985e-5,0.11111124116179182,-0.1111098385976937
18797,1.5625,-0.11111128544717819,3.156923819748724e-9,5.618650923263274e-5,4.868465412246762e-5,0.11111128544717819,-0.11110983524616928
18798,3.90625,-0.11111126239107957,3.1000161276680543e-9,5.5677788458846446e-5,4.0127526374967814e-5,0.11111126239107957,-0.11110982303554731
18799,9.765625,-0.11111109435286837,2.166426057251619e-9,4.6544882181090744e-5,1.966173907251113e-5,0.11111109435286837,-0.11110980037182683
18800,24.4140625,-0.11111073232133252,4.599934449451326e-10,2.144745777347825e-5,2.8005407213853292e-5,0.11111073232133252,-0.11110979612843801
18801,9.765625,-0.11111059000093783,1.0098510651405311e-10,1.0049134615182201e-5,7.769208436098088e-5,0.11111059000093783,-0.11110980438121866
18802,3.90625,-0.11111046215701832,1.3372009090728182e-11,3.65677577802197e-6,8.643904842575381e-5,0.11111046215701832,-0.11110981244974105
18803,1.5625,-0.11111034253186204,8.530278081514734e-11,9.235950455429444e-6,8.626798945839779e-5,0.11111034253186204,-0.11110981978217561
18804,0.625,-0.1111102259558097,2.949080806864417e-10,1.7172887954168972e-5,8.478963209300975e-5,0.1111102259558097,-0.11110982671844817
18805,0.25,-0.11111011058785862,6.372756154998487e-10,2.524431847960742e-5,8.359787659555835e-5,0.11111011058785862,-0.11110983349747186
18806,0.1,-0.11110999577540469,1.1111150508874732e-9,3.333339242992638e-5,8.283313257532137e-5,0.11110999577540469,-0.1111098402249798
18807,0.1,-0.11110988162446805,1.7124463858555307e-9,4.138171559826309e-5,8.236458327703388e-5,0.11110988162446805,-0.1111098468010639
18808,0.1,-0.1111097682203297,2.437337688829685e-9,4.936940032884423e-5,8.182204393223464e-5,0.1111097682203297,-0.11110985320205552
18809,0.1,-0.1111096556473633,3.2814292120876673e-9,5.7283760456936375e-5,8.12060480731148e-5,0.1111096556473633,-0.11110985940509044
18810,0.1,-0.11110954398899998,4.239951710952606e-9,6.511491158676794e-5,8.051724108113649e-5,0.11110954398899998,-0.11110986538819691
18811,0.25,-0.11110943522155876,5.279239857969697e-9,7.265837775487212e-5,7.975989593418927e-5,0.11110943522155876,-0.11110987018791527
18812,0.625,-0.11110933423773302,6.308476301302299e-9,7.942591706302358e-5,7.787196044163295e-5,0.11110933423773302,-0.11110987162406355
18813,1.5625,-0.11110925445768781,7.0752655285344074e-9,8.411459759479568e-5,7.292805111178474e-5,0.11110925445768781,-0.11110986411499162
18814,3.90625,-0.11110923181137695,6.956974493700508e-9,8.340847974696882e-5,6.007654428500252e-5,0.11110923181137695,-0.11110983669614106
18815,9.765625,-0.11110935726731815,4.8762395365070484e-9,6.983007615996883e-5,2.9062720464343462e-5,0.11110935726731815,-0.111109785613424
18816,24.4140625,-0.11110995467235998,7.225583120277722e-11,8.50034300500734e-6,4.024477536114611e-5,0.11110995467235998,-0.11110981469290389
18817,9.765625,-0.11111070075837041,7.562101680584011e-11,8.696034544885393e-6,2.323178557517695e-5,0.11111070075837041,-0.11110981424438107
18818,3.90625,-0.11111097634418472,8.634432074174235e-11,9.292164480988396e-6,1.599335680004378e-5,0.11111097634418472,-0.11110981408126369
18819,1.5625,-0.11111119857120119,1.000027639039115e-10,1.0000138194240692e-5,1.2957225659895727e-5,0.11111119857120119,-0.11110981406561819
18820,0.625,-0.11111140701244773,1.1619215156113315e-10,1.0779246335488077e-5,1.1637954020756919e-5,0.11111140701244773,-0.11110981411842187
18821,1.5625,-0.11111153129665488,1.2667621925793592e-10,1.125505305442564e-5,1.1029451747102381e-5,0.11111153129665488,-0.11110981401369477
18822,3.90625,-0.11111143168017563,1.175156162087307e-10,1.0840461992402846e-5,9.593923129214806e-6,0.11111143168017563,-0.11110981358682655
18823,9.765625,-0.11111089038690916,7.159749437286781e-11,8.461530261889264e-6,7.276361551350802e-6,0.11111089038690916,-0.11110981290368482
18824,24.4140625,-0.11111023187382817,1.2371178558091725e-11,3.5172686218274154e-6,9.811856797163487e-6,0.11111023187382817,-0.11110981300787383
18825,9.765625,-0.1111105076668878,2.668402456813313e-12,1.6335245504164647e-6,1.6386420238610934e-5,0.1111105076668878,-0.11110981335359267
18826,3.90625,-0.11111059615152213,2.3180969549121667e-12,1.5225297878570938e-6,1.7176770992760408e-5,0.11111059615152213,-0.11110981365371884
18827,1.5625,-0.11111066200394784,7.235226264657422e-12,2.689837590758487e-6,1.681925931442456e-5,0.11111066200394784,-0.11110981392298801
18828,0.625,-0.11111072211435731,1.6772614111672007e-11,4.095438207527005e-6,1.6411788686956776e-5,0.11111072211435731,-0.11110981417863618
18829,0.25,-0.11111078049287275,3.0789121640897485e-11,5.5487946115257755e-6,1.612993028267769e-5,0.11111078049287275,-0.11110981442938063
18830,0.1,-0.1111108383324541,4.923920633590076e-11,7.017065364944291e-6,1.5954731417707342e-5,0.1111108383324541,-0.11110981467851316
18831,0.1,-0.11111089419285182,7.193350886620758e-11,8.481362441625022e-6,1.5845543490826032e-5,0.11111089419285182,-0.11110981492137655
18832,0.1,-0.1111109478601205,9.870457494240361e-11,9.935017611579942e-6,1.5725572956596236e-5,0.1111109478601205,-0.1111098151572717
18833,0.1,-0.11111099912945765,1.2937206459307133e-10,1.1374184128678035e-5,1.5594728613331e-5,0.11111099912945765,-0.11110981538552221
18834,0.1,-0.11111104780584852,1.6374341344285042e-10,1.2796226531397857e-5,1.5452984477867195e-5,0.11111104780584852,-0.11110981560547895
18835,0.25,-0.11111108657226947,2.0042901231082612e-10,1.4157295374146368e-5,1.530142479195936e-5,0.11111108657226947,-0.11110981578110515
18836,0.625,-0.11111109903929718,2.3578568263651176e-10,1.5355314475337577e-5,1.4945560779741575e-5,0.11111109903929718,-0.1111098158331462
18837,1.5625,-0.11111104491179194,2.599486334946178e-10,1.6122922610203705e-5,1.4046503482951908e-5,0.11111104491179194,-0.11110981556302824
18838,3.90625,-0.11111084078878898,2.496723325970783e-10,1.5801023150324106e-5,1.181390270986397e-5,0.11111084078878898,-0.11110981459918176
18839,9.765625,-0.11111040626387277,1.6881996552517539e-10,1.299307375201016e-5,7.3142841642471e-6,0.11111040626387277,-0.11110981288606786
18840,24.4140625,-0.11111013260469473,3.425728241275928e-11,5.852972100801377e-6,1.0406592377576088e-5,0.11111013260469473,-0.11110981270919909
18841,9.765625,-0.11111033764777013,7.701421895938099e-12,2.775143581139199e-6,2.2659231569403157e-5,0.11111033764777013,-0.11110981339275279
18842,3.90625,-0.11111042496004796,2.376588537801438e-12,1.5416188043097547e-6,2.47594103468734e-5,0.11111042496004796,-0.11110981404265308
18843,1.5625,-0.11111049598734771,9.430904644497424e-12,3.0709777994146137e-6,2.458195282254213e-5,0.11111049598734771,-0.11110981463227496
18844,0.625,-0.11111056252366436,2.7196263937424306e-11,5.215003733212883e-6,2.4116020116222e-5,0.11111056252366436,-0.11110981519104841
18845,0.25,-0.11111062762598843,5.5298029919783584e-11,7.436264513839162e-6,2.3758291641722262e-5,0.11111062762598843,-0.11110981573781614
18846,0.1,-0.11111069225925185,9.363085828056799e-11,9.676303957636303e-6,2.3530156048576686e-5,0.11111069225925185,-0.11110981628058735
18847,0.1,-0.1111107558914766,1.4185037838276514e-10,1.1910095649606058e-5,2.338871568395758e-5,0.1111107558914766,-0.11110981681078913
18848,0.1,-0.11111081837859997,1.9962601215811667e-10,1.4128906969688655e-5,2.32277810242984e-5,0.11111081837859997,-0.11110981732663407
18849,0.1,-0.11111087958049692,2.6659446609300833e-10,1.632772078684004e-5,2.304744985436308e-5,0.11111087958049692,-0.11110981782639705
18850,0.1,-0.11111093936137979,3.423611692258924e-10,1.85030043297269e-5,2.284786815376479e-5,0.11111093936137979,-0.11110981830842306
18851,0.25,-0.11111099372227828,4.24145063336998e-10,2.0594782429950504e-5,2.263033903772386e-5,0.11111099372227828,-0.11110981869563658
18852,0.625,-0.11111103336218354,5.045007952832859e-10,2.2461095148796415e-5,2.2100712472735057e-5,0.11111103336218354,-0.11110981881507587
18853,1.5625,-0.11111103474158322,5.628685551356248e-10,2.3724851003444148e-5,2.0732439841513604e-5,0.11111103474158322,-0.1111098182269139
18854,3.90625,-0.11111094610484759,5.490932475265886e-10,2.343273879696073e-5,1.7235440632559713e-5,0.11111094610484759,-0.11110981608156476
18855,9.765625,-0.11111069925159184,3.78911712270884e-10,1.946565468384981e-5,9.406746160221007e-6,0.11111069925159184,-0.11110981215756616
18856,24.4140625,-0.11111042734187111,7.798007779962142e-11,8.830632921802459e-6,1.337437268044588e-5,0.11111042734187111,-0.11110981157970641
18857,9.765625,-0.11111045055340851,1.7086792592494418e-11,4.133617373741118e-6,3.302785341078446e-5,0.11111045055340851,-0.11110981305616759
18858,3.90625,-0.11111043233744455,3.4615062680618584e-12,1.8605123670811378e-6,3.6441439701970986e-5,0.11111043233744455,-0.11110981447853681
18859,1.5625,-0.11111041089261066,1.758665660905473e-11,4.193644788135343e-6,3.627939004497991e-5,0.11111041089261066,-0.11110981576913018
18860,0.625,-0.11111038887136711,5.569503315772644e-11,7.462910501789931e-6,3.5626190088650164e-5,0.11111038887136711,-0.1111098169907895
18861,0.25,-0.11111036673203104,1.169450311165471e-10,1.081411259033986e-5,3.511339477452447e-5,0.11111036673203104,-0.11110981818554316
18862,0.1,-0.11111034458534097,2.011122268704975e-10,1.4181404262995167e-5,3.478670820858152e-5,0.11111034458534097,-0.11110981937161278
18863,0.1,-0.11111032225941679,3.074710775134287e-10,1.7534853221895776e-5,3.458668524460297e-5,0.11111032225941679,-0.11110982053073463
18864,0.1,-0.11111029973551252,4.353145375258181e-10,2.0864192712056178e-5,3.4356218978465414e-5,0.11111029973551252,-0.11110982165881536
18865,0.1,-0.11111027699658844,5.838611061153348e-10,2.4163218041381302e-5,3.409552737816541e-5,0.11111027699658844,-0.1111098227519022
18866,0.1,-0.11111025402742852,7.522580898016e-10,2.7427323781251427e-5,3.3804881931611566e-5,0.11111025402742852,-0.11110982380620037
18867,0.25,-0.11111023008408592,9.344683525617604e-10,3.056907510151003e-5,3.348613531096624e-5,0.11111023008408592,-0.11110982465149032
18868,0.625,-0.11111020358671274,1.1142583984552178e-9,3.338050925997412e-5,3.2695946913021014e-5,0.11111020358671274,-0.11110982490408851
18869,1.5625,-0.11111017101772669,1.2466314111199655e-9,3.530766787993743e-5,3.0634790696735305e-5,0.11111017101772669,-0.1111098235848367
18870,3.90625,-0.11111012746594584,1.2210850853732414e-9,3.4944027892806537e-5,2.5310367456087754e-5,0.11111012746594584,-0.1111098187859643
18871,9.765625,-0.1111100851981685,8.488141190237986e-10,2.913441468476411e-5,1.2856033498853641e-5,0.1111100851981685,-0.11110980993588533
18872,24.4140625,-0.11111017792608784,1.7740404076950522e-10,1.3319310821867069e-5,1.84420709879459e-5,0.11111017792608784,-0.11110980843518979
18873,9.765625,-0.11111031170911476,3.877502954928762e-11,6.22695989623248e-6,4.890076015270474e-5,0.11111031170911476,-0.11110981169386829
18874,3.90625,-0.11111040221408217,6.155054607279583e-12,2.480938251404009e-6,5.422135588615025e-5,0.11111040221408217,-0.11110981485806827
18875,1.5625,-0.11111048362610283,3.585928906574852e-11,5.988262608282014e-6,5.4056975883437365e-5,0.11111048362610283,-0.11110981773092263
18876,0.625,-0.11111056225186125,1.1939431517301985e-10,1.0926770573825546e-5,5.311045559966753e-5,0.11111056225186125,-0.1111098204491329
18877,0.25,-0.11111063998413791,2.548645220976432e-10,1.5964476881427815e-5,5.23570495080398e-5,0.11111063998413791,-0.11110982310658958
18878,0.1,-0.11111071745940863,4.4177561742157425e-10,2.101845896876301e-5,5.187610520903274e-5,0.11111071745940863,-0.11110982574446447
18879,0.1,-0.11111079442113464,6.78546979414759e-10,2.6048934323974924e-5,5.158251487331039e-5,0.11111079442113464,-0.11110982832284967
18880,0.1,-0.11111087077118927,9.6362644538062e-10,3.1042333117544825e-5,5.1242757529980674e-5,0.11111087077118927,-0.11110983083249783
18881,0.1,-0.11111094641209505,1.2952936800753703e-9,3.5990188664070246e-5,5.085716553476478e-5,0.11111094641209505,-0.1111098332644766
18882,0.1,-0.11111102124723748,1.6716674206995867e-9,4.0886029651943296e-5,5.0426144946928654e-5,0.11111102124723748,-0.11110983561020475
18883,0.25,-0.11111109282523812,2.079403826626618e-9,4.560048055258429e-5,4.995236328572684e-5,0.11111109282523812,-0.11110983749046803
18884,0.625,-0.11111115526864249,2.4825439428597774e-9,4.982513364618079e-5,4.877042323164589e-5,0.11111115526864249,-0.11110983804858054
18885,1.5625,-0.11111119313941714,2.7812586957219997e-9,5.273764021760928e-5,4.567639969201896e-5,0.11111119313941714,-0.11110983509451193
18886,3.90625,-0.11111116925693547,2.729800617935415e-9,5.224749389143383e-5,3.764935530676516e-5,0.11111116925693547,-0.11110982434306593
18887,9.765625,-0.11111101348152583,1.905581558309357e-9,4.365296734827263e-5,1.850053485341789e-5,0.11111101348152583,-0.1111098044163962
18888,24.4140625,-0.11111068690057008,4.0332514646058184e-10,2.008295661650898e-5,2.645904679233814e-5,0.11111068690057008,-0.11110980075175955
18889,9.765625,-0.11111056215390844,8.850704854966792e-11,9.4078184798426e-6,7.290192635011403e-5,0.11111056215390844,-0.11110980801438841
18890,3.90625,-0.11111044905077218,1.2187282386587971e-11,3.4910288435628786e-6,8.106270868198891e-5,0.11111044905077218,-0.11110981510591099
18891,1.5625,-0.11111034314366515,7.608273601199054e-11,8.722541832057358e-6,8.088661475868037e-5,0.11111034314366515,-0.11110982154918438
18892,0.625,-0.1111102399189186,2.6100263727583823e-10,1.6155576042835435e-5,7.949464404555774e-5,0.1111102399189186,-0.11110982764451897
18893,0.25,-0.11111013775815759,5.626458473531479e-10,2.372015698415902e-5,7.837539515511523e-5,0.11111013775815759,-0.11110983360208614
18894,0.1,-0.11111003608664954,9.798879848276367e-10,3.130316253715648e-5,7.765814673080094e-5,0.11111003608664954,-0.11110983951473959
18895,0.1,-0.11110993500078943,1.5092233553338915e-9,3.8848723985916084e-5,7.721927082613996e-5,0.11110993500078943,-0.11110984529428089
18896,0.1,-0.1111098345762701,2.147193218801325e-9,4.633781629297312e-5,7.671097299829645e-5,0.1111098345762701,-0.11110985091989438
18897,0.1,-0.11110973488805047,2.8899619237473744e-9,5.375836608145168e-5,7.61337537740462e-5,0.11110973488805047,-0.11110985637147205
18898,0.1,-0.11110963601033007,3.7333330467015235e-9,6.110100692052074e-5,7.548821907916925e-5,0.11110963601033007,-0.11110986162969119
18899,0.25,-0.11110953969878654,4.647627973962116e-9,6.817351372756224e-5,7.477834944628695e-5,0.11110953969878654,-0.11110986584645946
18900,0.625,-0.11110945030117662,5.5527941294254695e-9,7.451707273789994e-5,7.300744960858043e-5,0.11110945030117662,-0.11110986710324636
18901,1.5625,-0.11110937975178699,6.226395638308955e-9,7.890751319303476e-5,6.836908392906755e-5,0.11110937975178699,-0.11110986048976673
18902,3.90625,-0.1111093600489199,6.119955928806945e-9,7.823014718640727e-5,5.631395184085903e-5,0.1111093600489199,-0.11110983636843458
18903,9.765625,-0.11110947243811102,4.285753907547944e-9,6.546566968685148e-5,2.7263860417450117e-5,0.11110947243811102,-0.11110979148303778
18904,24.4140625,-0.11110988774260558,9.161003033234853e-10,3.026714891302921e-5,3.865853473282173e-5,0.11110988774260558,-0.11110978276460774
18905,9.765625,-0.11111014325425787,2.0166651890336008e-10,1.4200933733503585e-5,0.00010907029828228692,0.11111014325425787,-0.11110979904482289
18906,3.90625,-0.11111034614664914,2.4639665520042776e-11,4.9638357668281875e-6,0.00012151476685213483,0.11111034614664914,-0.11110981501086852
18907,1.5625,-0.11111053332196283,1.6360851479164199e-10,1.2790954412851373e-5,0.00012133051196145362,0.11111053332196283,-0.11110982952809913
18908,0.625,-0.11111071548626396,5.751854952738179e-10,2.398302514850489e-5,0.00011927373236328638,0.11111071548626396,-0.11110984326085492
18909,0.25,-0.11111089615120791,1.2496134724181431e-9,3.534987231119998e-5,0.00011760670104816052,0.11111089615120791,-0.11110985668100705
18910,0.1,-0.11111107654172947,2.1843365459278722e-9,4.6736886352514673e-5,0.0001165350585422528,0.11111107654172947,-0.11110986999825076
18911,0.1,-0.11111125628930267,3.3715442600985524e-9,5.806500030223502e-5,0.00011587798773373005,0.11111125628930267,-0.11110988301657168
18912,0.1,-0.11111143519753773,4.80350033746753e-9,6.930728920876599e-5,0.00011511673997409502,0.11111143519753773,-0.11110989568907481
18913,0.1,-0.11111161306834999,6.4716212202083615e-9,8.044638724149371e-5,0.00011425204620494989,0.11111161306834999,-0.11110990797044759
18914,0.1,-0.1111117897024028,8.366512032325225e-9,9.146863961120897e-5,0.00011328479482979464,0.1111117897024028,-0.11110991981713372
18915,0.25,-0.11111196060762445,1.0421890871112213e-8,0.00010208766267826986,0.00011222092010008409,0.11111196060762445,-0.11110992932648121
18916,0.625,-0.11111211477461941,1.2458836718299113e-8,0.0001116191592796645,0.0001095674759836436,0.11111211477461941,-0.11110993218980361
18917,1.5625,-0.11111222269612117,1.3979853054115899e-8,0.00011823642862551244,0.00010261576880014302,0.11111222269612117,-0.11110991736918474
18918,3.90625,-0.11111221046684626,1.3756663743540869e-8,0.000117288804851703,8.45308898553709e-5,0.11111221046684626,-0.11110986314651314
18919,9.765625,-0.11111192296537187,9.659027512611177e-9,9.8280351610132e-5,4.0719596208182583e-5,0.11111192296537187,-0.11110976189410982
18920,24.4140625,-0.11111145394211393,1.43288472869493e-10,1.1970316322866869e-5,5.598008021679385e-5,0.11111145394211393,-0.11110981899729788
18921,9.765625,-0.11110983147213478,1.476492232222778e-10,1.2151099671316904e-5,3.312433353158517e-5,0.11110983147213478,-0.11110981822162323
18922,3.90625,-0.11110921733415563,1.7163432982703158e-10,1.3100928586441176e-5,2.2660413905352412e-5,0.11110921733415563,-0.11110981789499781
18923,1.5625,-0.11110872261326754,2.020741900762695e-10,1.4215280161722789e-5,1.8000576225908484e-5,0.11110872261326754,-0.11110981784369188
18924,0.625,-0.11110825897493742,2.3826316667589734e-10,1.543577554500898e-5,1.589554101835552e-5,0.11110825897493742,-0.11110981792490698
18925,1.5625,-0.11110797906305896,2.616462518653274e-10,1.6175483048902354e-5,1.4908163771077358e-5,0.11110797906305896,-0.11110981767433627
18926,3.90625,-0.11110819035957152,2.4023276629571083e-10,1.5499444064085357e-5,1.2508937457696082e-5,0.11110819035957152,-0.1111098167584623
18927,9.765625,-0.111109380406453,1.4053056237867838e-10,1.1854558717163554e-5,8.457175524883186e-6,0.111109380406453,-0.11110981537871975
18928,24.4140625,-0.11111087252085747,2.4626596544412164e-11,4.962519173203481e-6,1.2603608474389565e-5,0.11111087252085747,-0.11110981556004787
18929,9.765625,-0.11111024204074157,4.230758449704927e-12,2.056880757288795e-6,2.2502161271086887e-5,0.11111024204074157,-0.1111098162420762
18930,3.90625,-0.11111002427523663,3.882661332603082e-12,1.9704469880215206e-6,2.3597254457298776e-5,0.11111002427523663,-0.11110981681086403
18931,1.5625,-0.11110985834472753,1.41082176613918e-11,3.756090741900653e-6,2.3037577725908078e-5,0.11110985834472753,-0.111109817314114
18932,0.625,-0.11110970579077688,3.361333817022912e-11,5.797701110804965e-6,2.2426918976624387e-5,0.11110970579077688,-0.11110981778922918
18933,0.25,-0.1111095573262089,6.212930754445174e-11,7.882214634507978e-6,2.2009603915600937e-5,0.1111095573262089,-0.11110981825442452
18934,0.1,-0.11110941016131175,9.957330251186858e-11,9.978642318064546e-6,2.1752423682666717e-5,0.11110941016131175,-0.11110981871649206
18935,0.1,-0.11110926744921705,1.4553845309696e-10,1.2063931908667257e-5,2.1593583682999884e-5,0.11110926744921705,-0.1111098191660248
18936,0.1,-0.11110912968090463,1.9967396326693417e-10,1.4130603782816011e-5,2.1418558368919376e-5,0.11110912968090463,-0.11110981960161127
18937,0.1,-0.11110899732727908,2.616022053973608e-10,1.6174121472196283e-5,2.122723368844831e-5,0.11110899732727908,-0.11110982002188965
18938,0.1,-0.11110887083773642,3.3092036763812026e-10,1.8191216771786328e-5,2.101958788124792e-5,0.11110887083773642,-0.11110982042555674
18939,0.25,-0.11110876668293806,4.046485340319318e-10,2.011587765999614e-5,2.079720243680901e-5,0.11110876668293806,-0.11110982073989173
18940,0.625,-0.11110872189386077,4.750296952613976e-10,2.1795175963074895e-5,2.0271409906368098e-5,0.11110872189386077,-0.11110982080563
18941,1.5625,-0.11110882787443929,5.213323149105979e-10,2.2832702750892148e-5,1.893930307538737e-5,0.11110882787443929,-0.11110982022711606
18942,3.90625,-0.11110927574587466,4.961967934949843e-10,2.2275475157558013e-5,1.5621271464168024e-5,0.11110927574587466,-0.1111098182802759
18943,9.765625,-0.11111026228703492,3.316710148667569e-10,1.8211837218324702e-5,8.78062958544363e-6,0.11111026228703492,-0.11110981490011891
18944,24.4140625,-0.11111096269025295,6.74039284008368e-11,8.209989549374396e-6,1.3677914164849625e-5,0.11111096269025295,-0.11110981453352005
18945,9.765625,-0.11111054147722524,1.4105348464060557e-11,3.755708783180687e-6,3.1305610648012115e-5,0.11111054147722524,-0.11110981586341184
18946,3.90625,-0.11111037174146537,3.3911538135468842e-12,1.8415085700443765e-6,3.433241275159706e-5,0.11111037174146537,-0.1111098171208052
18947,1.5625,-0.11111023634072217,1.7181510748612062e-11,4.145058594110832e-6,3.4089993256410264e-5,0.11111023634072217,-0.11110981825646035
18948,0.625,-0.11111011036576042,5.215382147876641e-11,7.2217602756368485e-6,3.343016103107712e-5,0.11111011036576042,-0.1111098193299984
18949,0.25,-0.11110998742795883,1.075651864775632e-10,1.037136377134479e-5,3.292218751128052e-5,0.11110998742795883,-0.11110982037932576
18950,0.1,-0.1111098655220845,1.8320863778589364e-10,1.3535458536226013e-5,3.2598118336005635e-5,0.1111098655220845,-0.11110982142057568
18951,0.1,-0.1111097457433416,2.7840453762240385e-10,1.668545886760097e-5,3.239737943540871e-5,0.1111097457433416,-0.11110982243706118
18952,0.1,-0.11110962838581305,3.9249975900129977e-10,1.9811606673899513e-5,3.216876728244748e-5,0.11110962838581305,-0.11110982342524682
18953,0.1,-0.11110951373461035,5.247761725874127e-10,2.290799363950088e-5,3.19124014568106e-5,0.11110951373461035,-0.11110982438171998
18954,0.1,-0.11110940206507225,6.744535345442477e-10,2.597024325154171e-5,3.1628468273901835e-5,0.11110940206507225,-0.11110982530320612
18955,0.25,-0.11110930159665819,8.360224086642704e-10,2.8914052096934983e-5,3.1318779351819585e-5,0.11110930159665819,-0.11110982603771731
18956,0.625,-0.11110923140679684,9.94733373194267e-10,3.153939398901423e-5,3.05630587360208e-5,0.11110923140679684,-0.11110982624399054
18957,1.5625,-0.111109239643989,1.1098936893691775e-9,3.33150670023216e-5,2.8606515541884506e-5,0.111109239643989,-0.11110982505443809
18958,3.90625,-0.11110943143425181,1.0824815157259509e-9,3.29010868471841e-5,2.3580945043676488e-5,0.11110943143425181,-0.11110982079449205
18959,9.765625,-0.1111099404894565,7.470258633024337e-10,2.7331773877712983e-5,1.1999884408820572e-5,0.1111099404894565,-0.11110981302636329
18960,24.4140625,-0.11111046312140543,1.5393254359051233e-10,1.2406955452104773e-5,1.7853447052993593e-5,0.11111046312140543,-0.11110981183848298
18961,9.765625,-0.1111103707406566,3.2977299548212e-11,5.7425864859148615e-6,4.604829046413983e-5,0.1111103707406566,-0.11110981473094847
18962,3.90625,-0.11111037421664188,5.585583182843915e-12,2.3633838416228363e-6,5.0920545110024814e-5,0.11111037421664188,-0.11110981751679953
18963,1.5625,-0.1111103874765406,3.305388265086693e-11,5.749250616460108e-6,5.070993879253558e-5,0.1111103874765406,-0.11110982004099185
18964,0.625,-0.11111040302894581,1.0792135789954835e-10,1.0388520486553816e-5,4.979457090452263e-5,0.11111040302894581,-0.11110982242804995
18965,0.25,-0.11111041929122928,2.2852040370280295e-10,1.5116891337269146e-5,4.907327547311455e-5,0.11111041929122928,-0.11110982476145288
18966,0.1,-0.11111043581912339,3.9440723868834125e-10,1.985968878629122e-5,4.8613286771204836e-5,0.11111043581912339,-0.11110982707748052
18967,0.1,-0.11111045300677024,6.041564310239995e-10,2.4579593792900635e-5,4.833163853462209e-5,0.11111045300677024,-0.11110982934042066
18968,0.1,-0.11111047091733207,8.56376328049884e-10,2.926390828392346e-5,4.8006864724548904e-5,0.11111047091733207,-0.11110983154217383
18969,0.1,-0.11111048960944599,1.1495281464663139e-9,3.390469210103985e-5,4.763926389129142e-5,0.11111048960944599,-0.11110983367492033
18970,0.1,-0.11111050913698421,1.481932411631291e-9,3.8495875254776204e-5,4.7229207730879466e-5,0.11111050913698421,-0.11110983573115195
18971,0.25,-0.11111053165638837,1.8417036696496774e-9,4.2915075086147496e-5,4.677928962447851e-5,0.11111053165638837,-0.11110983737527044
18972,0.625,-0.11111056193078878,2.1968707506401976e-9,4.6870787817575645e-5,4.566272582030531e-5,0.11111056193078878,-0.11110983785031373
18973,1.5625,-0.11111061124946306,2.4587920168031432e-9,4.9586207929253306e-5,4.274700199956461e-5,0.11111061124946306,-0.11110983522366263
18974,3.90625,-0.11111070011975409,2.4096938116162795e-9,4.9088632203558894e-5,3.519467743909131e-5,0.11111070011975409,-0.11110982572570528
18975,9.765625,-0.11111082744227005,1.6769599229252295e-9,4.095070112861597e-5,1.7246119289928024e-5,0.11111082744227005,-0.1111098082043314
18976,24.4140625,-0.11111075855247166,3.513973423222254e-10,1.874559527788396e-5,2.517608389797983e-5,0.11111075855247166,-0.11110980515157338
18977,9.765625,-0.11111054659537484,7.625739102358393e-11,8.732547796810729e-6,6.849806448067311e-5,0.11111054659537484,-0.11110981156679259
18978,3.90625,-0.11111041194808698,1.0856306331782527e-11,3.2948909438375236e-6,7.605257912871674e-5,0.11111041194808698,-0.1111098178024064
18979,1.5625,-0.11111029233093658,6.87550478964225e-11,8.291866369908676e-6,7.584284501308325e-5,0.11111029233093658,-0.11110982346175509
18980,0.625,-0.11111017738860385,2.331253708706611e-10,1.5268443629612714e-5,7.451761530854553e-5,0.11111017738860385,-0.11110982881431793
18981,0.25,-0.11111006411157645,5.002054077500531e-10,2.2365272360292265e-5,7.345912992222774e-5,0.11111006411157645,-0.11110983404600691
18982,0.1,-0.11110995150566867,8.690129390362946e-10,2.9479025408522153e-5,7.27824808843352e-5,0.11110995150566867,-0.1111098392385366
18983,0.1,-0.11110983998421964,1.3364358111086037e-9,3.655729490961556e-5,7.236903793089432e-5,0.11110983998421964,-0.11110984431355739
18984,0.1,-0.11110972968805781,1.899413135150529e-9,4.3582257113996845e-5,7.189051161459516e-5,0.11110972968805781,-0.11110984925277795
18985,0.1,-0.11110962075481173,2.554551944956408e-9,5.05425755671039e-5,7.13473589734219e-5,0.11110962075481173,-0.11110985403852949
18986,0.1,-0.11110951331867058,3.2981414463912823e-9,5.742944755429293e-5,7.074013928802758e-5,0.11110951331867058,-0.111109858653835
18987,0.25,-0.11110941110847791,4.103886751549774e-9,6.406158561532625e-5,7.007258416933242e-5,0.11110941110847791,-0.11110986235010539
18988,0.625,-0.11110932296532933,4.9009056004297295e-9,7.0006468275651e-5,6.840723392466397e-5,0.11110932296532933,-0.11110986343532116
18989,1.5625,-0.11110927193002502,5.492359604215112e-9,7.411045543116783e-5,6.404617432969535e-5,0.11110927193002502,-0.11110985758223825
18990,3.90625,-0.1111093129396823,5.393445574399494e-9,7.344008152500577e-5,5.2717653094928226e-5,0.1111093129396823,-0.11110983631480632
18991,9.765625,-0.11110954777712778,3.769199841093275e-9,6.139380946881595e-5,2.5481361282478616e-5,0.11110954777712778,-0.11110979685907801
18992,24.4140625,-0.11111002504797128,8.004720713380968e-10,2.8292615137842894e-5,3.661655287113831e-5,0.11111002504797128,-0.1111097894451435
18993,9.765625,-0.11111020050160693,1.7544194196663904e-10,1.3245449858975688e-5,0.00010236372540010288,0.11111020050160693,-0.11110980378329985
18994,3.90625,-0.11111036144022284,2.258666598580366e-11,4.752543107200992e-6,0.00011392757820033374,0.11111036144022284,-0.11110981780453978
18995,1.5625,-0.11111051272965614,1.4736032095879066e-10,1.2139205944327276e-5,0.00011371055694947347,0.11111051272965614,-0.11110983054546801
18996,0.625,-0.11111066072260348,5.117310738287409e-10,2.2621473732468027e-5,0.00011176404570629988,0.11111066072260348,-0.11110984259711854
18997,0.25,-0.11111080774920971,1.1071706073068346e-9,3.327417327758624e-5,0.00011019419067104098,0.11111080774920971,-0.11110985437531744
18998,0.1,-0.11111095465257342,1.931454041487356e-9,4.3948311019734943e-5,0.00010918733532976578,0.11111095465257342,-0.11110986606418835
18999,0.1,-0.1111111012383653,2.9776787222391656e-9,5.456811085459314e-5,0.00010857118071920165,0.1111111012383653,-0.11110987749010742
19000,0.1,-0.11111124736741546,4.239023596476128e-9,6.510778445375121e-5,0.00010785721658505673,0.11111124736741546,-0.11110988861184146
19001,0.1,-0.11111139289782368,5.707921189796026e-9,7.555078550085384e-5,0.00010704613707038726,0.11111139289782368,-0.11110989938955193
19002,0.1,-0.1111115376852556,7.3760894247331194e-9,8.588416282838833e-5,0.00010613878413353564,0.1111115376852556,-0.11110990978495021
19003,0.25,-0.11111167873177523,9.184969935704726e-9,9.583824881384637e-5,0.00010514072282056001,0.11111167873177523,-0.11110991812161834
19004,0.625,-0.11111180855091227,1.0976551972612191e-8,0.00010476904109808484,0.00010264941828303383,0.11111180855091227,-0.1111099206054894
19005,1.5625,-0.11111190667429446,1.2311650110773906e-8,0.00011095787538869833,9.612132295410199e-5,0.11111190667429446,-0.11110990752235707
19006,3.90625,-0.1111119197125958,1.2106772209214098e-8,0.00011003077846318319,7.914225854268106e-5,0.1111119197125958,-0.1111098597870659
19007,9.765625,-0.11111172356668113,8.486981576750523e-9,9.212481520605902e-5,3.806835877571605e-5,0.11111172356668113,-0.11110977085127784
19008,24.4140625,-0.11111110295931496,1.2478646706549815e-10,1.1170786322613916e-5,5.286951846707993e-5,0.11111110295931496,-0.1111098213445497
19009,9.765625,-0.11110998054487875,1.3060290395718e-10,1.1428162755105477e-5,3.0391304591243382e-5,0.11110998054487875,-0.11110982056394342
19010,3.90625,-0.11110956143900406,1.497644145795403e-10,1.2237827200101344e-5,2.061290860656292e-5,0.11110956143900406,-0.1111098202600212
19011,1.5625,-0.11110922335076555,1.7401385612524947e-10,1.3191431162889396e-5,1.6416331466289637e-5,0.11110922335076555,-0.1111098202092815
19012,3.90625,-0.11110914322283946,1.739800495366832e-10,1.3190149716234582e-5,1.4550889705941776e-5,0.11110914322283946,-0.11110981961950389
19013,9.765625,-0.11110966820970639,1.1612268318126349e-10,1.0776023532883709e-5,1.0492481818054173e-5,0.11110966820970639,-0.11110981843292489
19014,24.4140625,-0.11111061975639616,2.24744631608354e-11,4.740723906834841e-6,9.7194606092803e-6,0.11111061975639616,-0.1111098182699745
19015,9.765625,-0.1111101851210116,5.346502288704757e-12,2.3122504813935613e-6,1.8797729464649455e-5,0.1111101851210116,-0.11110981873920128
19016,3.90625,-0.11111003817454086,2.7750266803186e-12,1.6658411329771515e-6,2.0122440301690654e-5,0.11111003817454086,-0.11110981916168623
19017,1.5625,-0.11110992439960832,8.04768982483998e-12,2.8368450477317193e-6,1.982202732782055e-5,0.11110992439960832,-0.11110981954241031
19018,0.625,-0.11110981897590226,2.0081410543366262e-11,4.481228686796319e-6,1.9365947271312177e-5,0.11110981897590226,-0.11110981990214457
19019,0.25,-0.11110971603785863,3.8615321349069177e-11,6.214122733666368e-6,1.9025225863403242e-5,0.11110971603785863,-0.11110982025306433
19020,0.1,-0.11110961386168657,6.355430015438786e-11,7.972095091905757e-6,1.8800704421919378e-5,0.11110961386168657,-0.11110982060023022
19021,0.1,-0.11110951515552721,9.461048673088072e-11,9.726792211766463e-6,1.865247948471642e-5,0.11110951515552721,-0.1111098209379077
19022,0.1,-0.11110942026320675,1.3152915082010698e-10,1.1468615906904677e-5,1.8493043751009045e-5,0.11110942026320675,-0.11110982126518498
19023,0.1,-0.11110932951291903,1.7403884944823082e-10,1.319237846062001e-5,1.832202914724747e-5,0.11110932951291903,-0.11110982158117308
19024,0.1,-0.11110924321622467,2.2185230928925043e-10,1.4894707425433049e-5,1.81391842536155e-5,0.11110924321622467,-0.11110982188501344
19025,0.25,-0.11110917393816583,2.729829199712354e-10,1.6522194768590384e-5,1.794594108280804e-5,0.11110917393816583,-0.11110982212748953
19026,0.625,-0.11110914957257975,3.222526399616318e-10,1.795139660198147e-5,1.7511386498376075e-5,0.11110914957257975,-0.11110982219959414
19027,1.5625,-0.11110923840794529,3.5577247507385334e-10,1.8861931901951438e-5,1.6431893676074284e-5,0.11110923840794529,-0.11110982182838176
19028,3.90625,-0.11110958120297644,3.414977091562604e-10,1.8479656629825685e-5,1.3761000424015528e-5,0.11110958120297644,-0.11110982050479325
19029,9.765625,-0.1111103135259384,2.3182128785038696e-10,1.5225678567813881e-5,8.251177206624072e-6,0.1111103135259384,-0.11110981813844809
19030,24.4140625,-0.11111079217997032,4.88606116782658e-11,6.9900366006384974e-6,1.1296462419006478e-5,0.11111079217997032,-0.11110981778474657
19031,9.765625,-0.11111049954249072,1.1157202830948052e-11,3.3402399361345366e-6,2.599047487974405e-5,0.11111049954249072,-0.11110981869154597
19032,3.90625,-0.11111038174135433,2.8614185282131113e-12,1.6915727971958852e-6,2.8607645185223056e-5,0.11111038174135433,-0.11110981956582366
19033,1.5625,-0.1111102881049941,1.1486281361476589e-11,3.3891416850696267e-6,2.845258382251735e-5,0.1111102881049941,-0.11110982035966
19034,0.625,-0.11111020110218203,3.467864604797929e-11,5.888857788058673e-6,2.7920286492881353e-5,0.11111020110218203,-0.1111098211107752
19035,0.25,-0.1111101162396433,7.189119121774333e-11,8.478867331061581e-6,2.749972104767921e-5,0.1111101162396433,-0.11110982184451931
19036,0.1,-0.11111003210560307,1.229573598226372e-10,1.1088613972117399e-5,2.7225459131601395e-5,0.11111003210560307,-0.1111098225719154
19037,0.1,-0.11110994942089296,1.87405112495624e-10,1.3689598697391534e-5,2.7050988332216374e-5,0.11110994942089296,-0.1111098232818581
19038,0.1,-0.11110986839014897,2.6477718542358933e-10,1.6271975461620797e-5,2.685436731113128e-5,0.11110986839014897,-0.11110982397197776
19039,0.1,-0.11110978921196746,3.5457354867072183e-10,1.8830123437479687e-5,2.6635636614819368e-5,0.11110978921196746,-0.1111098246399842
19040,0.1,-0.11110971207834303,4.5625326750377864e-10,2.136008584963503e-5,2.6394902336073087e-5,0.11110971207834303,-0.11110982528367984
19041,0.25,-0.11110964262081845,5.661082330384947e-10,2.37930290849756e-5,2.6133797461129167e-5,0.11110964262081845,-0.11110982580011677
19042,0.625,-0.11110959394917183,6.742177647369516e-10,2.5965703624915534e-5,2.551059491608103e-5,0.11110959394917183,-0.11110982595770795
19043,1.5625,-0.11110959921730809,7.531863612133836e-10,2.7444240948027393e-5,2.391204363184851e-5,0.11110959921730809,-0.11110982516664195
19044,3.90625,-0.11110973106369773,7.36133579313369e-10,2.7131781720214563e-5,1.982546035519571e-5,0.11110973106369773,-0.11110982228314929
19045,9.765625,-0.1111100830279456,5.10244966510647e-10,2.2588602579855335e-5,1.0518688264167222e-5,0.1111100830279456,-0.11110981698247119
19046,24.4140625,-0.11111045022094564,1.0635111368109182e-10,1.031266763166019e-5,1.4897601583300209e-5,0.11111045022094564,-0.11110981611866984
19047,9.765625,-0.11111038973416575,2.3130275494238564e-11,4.80939450390988e-6,3.8134076243774814e-5,0.11111038973416575,-0.11110981809754654
19048,3.90625,-0.11111039698420568,3.923225524827162e-12,1.9807133878547807e-6,4.219420392905686e-5,0.11111039698420568,-0.11110982001171385
19049,1.5625,-0.11111041046620251,2.222670536097499e-11,4.7145206926022705e-6,4.2034360235888195e-5,0.11111041046620251,-0.11110982174817806
19050,0.625,-0.1111104253521661,7.289378376914863e-11,8.53778564788017e-6,4.1280933169438855e-5,0.1111104253521661,-0.11110982339051077
19051,0.25,-0.11111044066522302,1.547544086960744e-10,1.2440032503819048e-5,4.068244330399008e-5,0.11111044066522302,-0.11110982499545805
19052,0.1,-0.11111045613897812,2.674819928327312e-10,1.6354876729365196e-5,4.0297355603690216e-5,0.11111045613897812,-0.1111098265878024
19053,0.1,-0.11111047204559688,4.1009483305941185e-10,2.0250798331409353e-5,4.0058580637509293e-5,0.11111047204559688,-0.11110982814339679
19054,0.1,-0.11111048842325551,5.816311408240947e-10,2.4117030099580976e-5,3.9784697766056723e-5,0.11111048842325551,-0.1111098296567608
19055,0.1,-0.11111050530691143,7.810304937673448e-10,2.7946922796031496e-5,3.94759397272179e-5,0.11111050530691143,-0.11110983112260521
19056,0.1,-0.11111052272814358,1.0071381879519764e-9,3.1735440566533444e-5,3.913260319608083e-5,0.11111052272814358,-0.11110983253585212
19057,0.25,-0.11111054206999604,1.2519021631084423e-9,3.538222948188034e-5,3.875697622061318e-5,0.11111054206999604,-0.11110983366838986
19058,0.625,-0.11111056634568262,1.4936782230296301e-9,3.8648133499945765e-5,3.7835004112984644e-5,0.11111056634568262,-0.11110983400546025
19059,1.5625,-0.11111060256022418,1.672446532905046e-9,4.0895556395592e-5,3.5438413296842234e-5,0.11111060256022418,-0.111109832231912
19060,3.90625,-0.11111066261492847,1.6405639908614041e-9,4.050387624489049e-5,2.9244392927585976e-5,0.11111066261492847,-0.11110982577694532
19061,9.765625,-0.11111073955571786,1.1443272594095813e-9,3.3827906518281346e-5,1.459733412044705e-5,0.11111073955571786,-0.1111098138253566
19062,24.4140625,-0.11111065924199125,2.411861476575804e-10,1.5530168951353374e-5,2.084284567821061e-5,0.11111065924199125,-0.11110981168099401
19063,9.765625,-0.11111050052660693,5.238448283581624e-11,7.237712541667861e-6,5.666818451157813e-5,0.11111050052660693,-0.11110981607198078
19064,3.90625,-0.11111039683516999,7.0675681633414665e-12,2.658489827579084e-6,6.29469757280335e-5,0.11111039683516999,-0.11110982034754589
19065,1.5625,-0.11111030439034993,4.6055598679299523e-11,6.7864275343732596e-6,6.278607166133314e-5,0.11111030439034993,-0.11110982422942868
19066,0.625,-0.1111102154615223,1.577823312907686e-10,1.2561143709502276e-5,6.169280556685932e-5,0.1111102154615223,-0.11110982790060323
19067,0.25,-0.11111012778124797,3.3963526037450143e-10,1.8429195868905987e-5,6.081532298905111e-5,0.11111012778124797,-0.11110983148803542
19068,0.1,-0.11111004059794967,5.909105690170405e-10,2.43086521431576e-5,6.025132248227831e-5,0.11111004059794967,-0.11110983504767011
19069,0.1,-0.11110995422657698,9.094704049917743e-10,3.015742702870678e-5,5.9903994677670225e-5,0.11110995422657698,-0.11110983852634825
19070,0.1,-0.11110986877472923,1.2932068280460324e-9,3.596118502004672e-5,5.950328518250243e-5,0.11110986877472923,-0.11110984191163488
19071,0.1,-0.11110978434779639,1.7397875125627674e-9,4.171076015325982e-5,5.904956967436804e-5,0.11110978434779639,-0.11110984519152217
19072,0.1,-0.11110970104878465,2.2466654687372765e-9,4.739900282429237e-5,5.854330977814307e-5,0.11110970104878465,-0.11110984835447571
19073,0.25,-0.11110962171699588,2.7959669360138863e-9,5.287690361598234e-5,5.7987752109876636e-5,0.11110962171699588,-0.11110985089048808
19074,0.625,-0.11110955309668992,3.3395334118822913e-9,5.778869622929982e-5,5.6611257269337944e-5,0.11110955309668992,-0.11110985164644012
19075,1.5625,-0.11110951281992376,3.743616113099268e-9,6.118509714872788e-5,5.301660955998182e-5,0.11110951281992376,-0.1111098476719125
19076,3.90625,-0.11110954326051967,3.6785216206375565e-9,6.065081714731926e-5,4.368955996680206e-5,0.11110954326051967,-0.1111098331791574
19077,9.765625,-0.11110972490428714,2.5747694184079103e-9,5.0742185786659904e-5,2.1304266192723366e-5,0.11110972490428714,-0.11110980622836644
19078,24.4140625,-0.11111010700072088,5.487500140361128e-10,2.342541384983652e-5,3.0209099555455905e-5,0.11111010700072088,-0.11110980106813007
19079,9.765625,-0.11111025424461402,1.200652142053747e-10,1.0957427353415339e-5,8.466017122268744e-5,0.11111025424461402,-0.11110981088228301
19080,3.90625,-0.11111038713958683,1.4593938517656778e-11,3.820201371349e-6,9.426068651056191e-5,0.11111038713958683,-0.1111098204883409
19081,1.5625,-0.11111051165663208,9.907207363295651e-11,9.953495548447113e-6,9.409229092552046e-5,0.11111051165663208,-0.11110982921784598
19082,0.625,-0.11111063332121056,3.473757409872168e-10,1.863801869800588e-5,9.248272009332465e-5,0.11111063332121056,-0.11110983747377755
19083,0.25,-0.11111075411747186,7.536003472025669e-10,2.745178222270035e-5,9.118000028981906e-5,0.11111075411747186,-0.11110984554060253
19084,0.1,-0.11111087475731218,1.3161669244928095e-9,3.627901493277911e-5,9.03408643305348e-5,0.11111087475731218,-0.11110985354446905
19085,0.1,-0.11111099505971193,2.030331368001232e-9,4.5059198483786105e-5,8.982403936399747e-5,0.11111099505971193,-0.1111098613672605
19086,0.1,-0.11111111490882648,2.891397103113585e-9,5.377171285270337e-5,8.922672186695485e-5,0.11111111490882648,-0.1111098689808833
19087,0.1,-0.11111123418697848,3.89416131257262e-9,6.240321556276263e-5,8.85494913157783e-5,0.11111123418697848,-0.11110987635820316
19088,0.1,-0.11111135277489075,5.0329367285645524e-9,7.094319367328025e-5,8.779304957454781e-5,0.11111135277489075,-0.1111098834731502
19089,0.25,-0.1111114681165903,6.267821499062819e-9,7.916957432664912e-5,8.696220949265052e-5,0.1111114681165903,-0.11110988918176237
19090,0.625,-0.11111157386306353,7.491194392171515e-9,8.655168624684047e-5,8.490010024811691e-5,0.11111157386306353,-0.1111098908945223
19091,1.5625,-0.11111165270933393,8.403916263921672e-9,9.167287638075764e-5,7.950894823831676e-5,0.11111165270933393,-0.11110988197926455
19092,3.90625,-0.11111165967583109,8.267566784351563e-9,9.092616116581389e-5,6.54979022030846e-5,0.11111165967583109,-0.11110984939303295
19093,9.765625,-0.11111149077287905,5.8016930211882704e-9,7.616884547627246e-5,3.161166010869752e-5,0.11111149077287905,-0.11110978859243982
19094,24.4140625,-0.1111109959907155,8.496224428602072e-11,9.21749663878543e-6,4.3519741918137645e-5,0.1111109959907155,-0.11110982307608235
19095,9.765625,-0.11111003158281398,8.884001589648435e-11,9.425498177628827e-6,2.5181710495708333e-5,0.11111003158281398,-0.11110982255632447
19096,3.90625,-0.11110967318271366,1.0186919982427571e-10,1.00930272874037e-5,1.7190399016434067e-5,0.11110967318271366,-0.1111098223561168
19097,1.5625,-0.11110938417026313,1.1828875999520754e-10,1.0876063625926778e-5,1.3788375010450279e-5,0.11110938417026313,-0.11110982232854541
19098,0.625,-0.1111091131518954,1.3766170953296944e-10,1.1732932691061064e-5,1.2300324068656319e-5,0.1111091131518954,-0.11110982238171223
19099,1.5625,-0.11110895114336415,1.5002073069098735e-10,1.2248295011591914e-5,1.1613966881125139e-5,0.11110895114336415,-0.11110982224810288
19100,3.90625,-0.1111090796196708,1.3854918691622023e-10,1.1770691862257725e-5,9.986427001166248e-6,0.1111090796196708,-0.11110982173556506
19101,9.765625,-0.11110978356294504,8.372285902654148e-11,9.15001961891566e-6,7.359300375144422e-6,0.11110978356294504,-0.11110982093095376
19102,24.4140625,-0.1111106541653134,1.477523819964698e-11,3.843857203337161e-6,1.0310548107032664e-5,0.1111106541653134,-0.11110982104216653
19103,9.765625,-0.111110300152805,2.9832963386875162e-12,1.7272221451473798e-6,1.768011397328029e-5,0.111110300152805,-0.11110982145067014
19104,3.90625,-0.11111018370783557,2.508579221530678e-12,1.5838494945955812e-6,1.8562914408093416e-5,0.11111018370783557,-0.11110982180251769
19105,1.5625,-0.11111009655463562,8.303475691393156e-12,2.8815752100879052e-6,1.8172552849370323e-5,0.11111009655463562,-0.1111098221171281
19106,0.625,-0.11111001689193427,1.959594193274005e-11,4.426730388530575e-6,1.7724836881866322e-5,0.11111001689193427,-0.1111098224152759
19107,0.25,-0.11110993950745846,3.621790399206092e-11,6.0181312707568055e-6,1.7414370135387176e-5,0.11110993950745846,-0.11110982270745318
19108,0.1,-0.11110986284414481,5.811489062204632e-11,7.623312313033379e-6,1.722092269848711e-5,0.11110986284414481,-0.11110982299763555
19109,0.1,-0.11110978871570391,8.5058572481638e-11,9.222720449066967e-6,1.710002329667733e-5,0.11110978871570391,-0.11110982328034587
19110,0.1,-0.11110971739799506,1.1684790864262154e-10,1.0809621114665469e-5,1.6967249807236585e-5,0.11110971739799506,-0.11110982355475425
19111,0.1,-0.11110964915523625,1.5326654261426289e-10,1.238008653500705e-5,1.6822498209159914e-5,0.11110964915523625,-0.11110982382005846
19112,0.1,-0.11110958423919239,1.9408362710117988e-10,1.3931389991712236e-5,1.6665736084631345e-5,0.11110958423919239,-0.11110982407548897
19113,0.25,-0.11110953199610595,2.3763123580792784e-10,1.5415292271245712e-5,1.649816588055713e-5,0.11110953199610595,-0.11110982427831113
19114,0.625,-0.11110951339596,2.795448687550067e-10,1.6719595352609666e-5,1.6105536357954848e-5,0.11110951339596,-0.11110982433454651
19115,1.5625,-0.11110958007862665,3.0804414338405766e-10,1.7551186381098504e-5,1.511413793399919e-5,0.11110958007862665,-0.1111098240090014
19116,3.90625,-0.11110983935314925,2.955642201693325e-10,1.7191981275272855e-5,1.2648704502344294e-5,0.11110983935314925,-0.11110982286268652
19117,9.765625,-0.1111103973295745,1.9989989048153816e-10,1.41385957747415e-5,7.620323439470916e-6,0.1111103973295745,-0.11110982082908505
19118,24.4140625,-0.11111076466870239,4.0917586152767633e-11,6.396685559941776e-6,1.1001948871409444e-5,0.11111076466870239,-0.11110982059746666
19119,9.765625,-0.11111050644944992,9.048589859142744e-12,3.0080874088268686e-6,2.45311611677233e-5,0.11111050644944992,-0.11110982140352
19120,3.90625,-0.11111039662251287,2.502755145377768e-12,1.582009843641236e-6,2.686781538654418e-5,0.11111039662251287,-0.11110982217124205
19121,1.5625,-0.11111030733545166,1.0677256666032381e-11,3.267607177436171e-6,2.6688912717849348e-5,0.11111030733545166,-0.11110982286730321
19122,0.625,-0.11111022374127116,3.15783106950032e-11,5.619458220772106e-6,2.6185075926009502e-5,0.11111022374127116,-0.11110982352646921
19123,0.25,-0.11111014198973983,6.475629130618626e-11,8.047129382965472e-6,2.579579130912125e-5,0.11111014198973983,-0.11110982417118086
19124,0.1,-0.11111006086584142,1.1008393277214665e-10,1.0492089056624836e-5,2.554673828025272e-5,0.11111006086584142,-0.1111098248110233
19125,0.1,-0.11110998101973214,1.6715461102023412e-10,1.292882867935971e-5,2.5391912234473817e-5,0.11110998101973214,-0.11110982543595255
19126,0.1,-0.11110990262983084,2.355766500355986e-10,1.5348506443155912e-5,2.5215753930366608e-5,0.11110990262983084,-0.11110982604384487
19127,0.1,-0.11110982586935399,3.149196396495847e-10,1.7745975308491352e-5,2.5018368206282508e-5,0.11110982586935399,-0.11110982663265226
19128,0.1,-0.11110975090583741,4.047161415762919e-10,2.011755804207588e-5,2.479991135817858e-5,0.11110975090583741,-0.11110982720040777
19129,0.25,-0.11110968269202473,5.016839441648339e-10,2.2398302260770434e-5,2.4561815174556245e-5,0.11110968269202473,-0.1111098276559078
19130,0.625,-0.1111096327469561,5.970329586556146e-10,2.443425789042128e-5,2.398275585146631e-5,0.1111096327469561,-0.1111098277942962
19131,1.5625,-0.11110963022255593,6.664827153685733e-10,2.581632652738521e-5,2.2486604009407575e-5,0.11110963022255593,-0.11110982709426424
19132,3.90625,-0.11110973924779294,6.507652693239166e-10,2.5510101319358114e-5,1.8655605897723758e-5,0.11110973924779294,-0.1111098245468321
19133,9.765625,-0.11111004469175745,4.500602865815055e-10,2.1214624356361002e-5,9.980674880788787e-6,0.11111004469175745,-0.11110981987740834
19134,24.4140625,-0.11111038382426212,9.318424867986343e-11,9.65319888326473e-6,1.4242308856191682e-5,0.11111038382426212,-0.11110981915434219
19135,9.765625,-0.11111035465419651,2.0292911893146743e-11,4.504765464832409e-6,3.590437227978499e-5,0.11111035465419651,-0.11110982090455529
19136,3.90625,-0.11111037615584217,3.707353011998382e-12,1.9254487819722397e-6,3.967816806676957e-5,0.11111037615584217,-0.11110982259420164
19137,1.5625,-0.11111040182616877,2.016710671694217e-11,4.49078019022777e-6,3.9518678031805435e-5,0.11111040182616877,-0.11110982412725878
19138,0.625,-0.11111042832020085,6.517210449244731e-11,8.072924159958851e-6,3.881188797309193e-5,0.11111042832020085,-0.11110982557797416
19139,0.25,-0.11111045505005694,1.3771309396890155e-10,1.1735122239197236e-5,3.825408794143944e-5,0.11111045505005694,-0.11110982699638722
19140,0.1,-0.11111048187290178,2.3751909718681353e-10,1.5411654589524565e-5,3.789781567877517e-5,0.11111048187290178,-0.11110982840427279
19141,0.1,-0.11111050899297566,3.6373152685194884e-10,1.9071746822248582e-5,3.767919576332525e-5,0.11111050899297566,-0.11110982978011663
19142,0.1,-0.11111053643063507,5.155111633255105e-10,2.270487091629262e-5,3.742733450398341e-5,0.11111053643063507,-0.11110983111904724
19143,0.1,-0.1111105642036757,6.919304723571686e-10,2.6304571320536068e-5,3.7142467230796104e-5,0.1111105642036757,-0.11110983241636263
19144,0.1,-0.11111059232721525,8.919774706609982e-10,2.986599187472263e-5,3.6824886910652855e-5,0.11111059232721525,-0.11110983366754727
19145,0.25,-0.11111062167924192,1.1085112668450242e-9,3.329431283034723e-5,3.6476631662465336e-5,0.11111062167924192,-0.11110983467061582
19146,0.625,-0.11111065410682483,1.3223234305586786e-9,3.636376535177124e-5,3.561411724728324e-5,0.11111065410682483,-0.11110983496994707
19147,1.5625,-0.11111069369257308,1.480147330996756e-9,3.84726829191409e-5,3.3364382420870105e-5,0.11111069369257308,-0.11110983340200584
19148,3.90625,-0.1111107460530947,1.451042566294008e-9,3.809255263557442e-5,2.7546712299150876e-5,0.1111107460530947,-0.11110982769556942
19149,9.765625,-0.11111079663166593,1.0105988045996042e-9,3.178991671268744e-5,1.3846797185091374e-5,0.11111079663166593,-0.1111098171477969
19150,24.4140625,-0.11111068952884343,2.1231204639476597e-10,1.4570931555489717e-5,1.9811763905475962e-5,0.11111068952884343,-0.11110981529769419
19151,9.765625,-0.11111053346012324,4.633210946750394e-11,6.806769385509101e-6,5.3288487471885234e-5,0.11111053346012324,-0.11110981917332834
19152,3.90625,-0.11111042792809447,6.792963152843631e-12,2.606331358987884e-6,5.915216436060831e-5,0.11111042792809447,-0.11110982294413355
19153,1.5625,-0.11111033305842867,4.1581564513848395e-11,6.448376889873016e-6,5.8993085277729555e-5,0.11111033305842867,-0.11110982636845176
19154,0.625,-0.11111024156784,1.4054274056813788e-10,1.1855072356090362e-5,5.796705798193113e-5,0.11111024156784,-0.11110982960803083
19155,0.25,-0.11111015127943533,3.014018052383795e-10,1.736092754545043e-5,5.714679795944235e-5,0.11111015127943533,-0.1111098327747305
19156,0.1,-0.11111006146537439,5.235612403603356e-10,2.2881460625588037e-5,5.6622030090149035e-5,0.11111006146537439,-0.111109835917748
19157,0.1,-0.11110997239807362,8.051443568891187e-10,2.8375065760084483e-5,5.630104972313572e-5,0.11110997239807362,-0.11110983898987763
19158,0.1,-0.11110988418068539,1.1443039867457226e-9,3.3827562530364534e-5,5.592969338772746e-5,0.11110988418068539,-0.11110984198010225
19159,0.1,-0.11110979691443595,1.5389932467707906e-9,3.9230004419714136e-5,5.5508322316442875e-5,0.11110979691443595,-0.11110984487777985
19160,0.1,-0.11110971069846105,1.986974132942644e-9,4.457548802809279e-5,5.503737733952714e-5,0.11110971069846105,-0.11110984767268597
19161,0.25,-0.11110962818943478,2.472419396932894e-9,4.9723429054449716e-5,5.451979213623847e-5,0.11110962818943478,-0.11110984991383313
19162,0.625,-0.11110955573018762,2.952666564774778e-9,5.4338444629698206e-5,5.322984352841918e-5,0.11110955573018762,-0.11110985058181451
19163,1.5625,-0.1111095099707233,3.3092345981934197e-9,5.7525947173370554e-5,4.985368759921003e-5,0.1111095099707233,-0.11110984706920171
19164,3.90625,-0.11110953124951296,3.2502279027677757e-9,5.701077005941751e-5,4.1090075175526185e-5,0.11110953124951296,-0.11110983426639243
19165,9.765625,-0.1111096980871624,2.2724674621685027e-9,4.7670404468270484e-5,2.0107982125074327e-5,0.1111096980871624,-0.11110981048926775
19166,24.4140625,-0.11111007038208241,4.832290878906752e-10,2.198247228795422e-5,2.8595619666954105e-5,0.11111007038208241,-0.11110980600241546
19167,9.765625,-0.11111022382274864,1.0611078753173212e-10,1.0301009054055438e-5,7.955577201643241e-5,0.11111022382274864,-0.11110981465755093
19168,3.90625,-0.11111035946077931,1.3786501939392905e-11,3.7130179018411565e-6,8.853647725231595e-5,0.11111035946077931,-0.11110982312475287
19169,1.5625,-0.11111048639514158,8.889099130042763e-11,9.428201912370546e-6,8.837006777008423e-5,0.11111048639514158,-0.11110983082041334
19170,0.625,-0.11111061036854314,3.0846590645055383e-10,1.756319750075577e-5,8.685948536658957e-5,0.11111061036854314,-0.11110983810033304
19171,0.25,-0.11111073341934556,6.673532755210544e-10,2.5833181676306433e-5,8.564037354799177e-5,0.11111073341934556,-0.11110984521510749
19172,0.1,-0.1111108562765597,1.1641990905153253e-9,3.412036181688766e-5,8.485778650158005e-5,0.1111108562765597,-0.11110985227573059
19173,0.1,-0.11111097877261204,1.794835451370456e-9,4.2365498360935824e-5,8.43782270199163e-5,0.11111097877261204,-0.11110985917756193
19174,0.1,-0.1111111007920657,2.5551417928078876e-9,5.054841038853633e-5,8.382284877211245e-5,0.1111111007920657,-0.11110986589575779
19175,0.1,-0.11111122221795701,3.44054837451546e-9,5.865618786211272e-5,8.319219712665923e-5,0.11111122221795701,-0.11110987240631655
19176,0.1,-0.11111134293201565,4.446055494140814e-9,6.667874844461926e-5,8.24869322147201e-5,0.11111134293201565,-0.11110987868617277
19177,0.25,-0.11111146039809464,5.536380915866168e-9,7.440686067740103e-5,8.171143190933804e-5,0.11111146039809464,-0.11110988372486262
19178,0.625,-0.11111156831479849,6.616332512562858e-9,8.134084160225328e-5,7.977812686053895e-5,0.11111156831479849,-0.11110988523547768
19179,1.5625,-0.11111164952401643,7.421325673275199e-9,8.614711645362948e-5,7.471509472714558e-5,0.11111164952401643,-0.11110987736229888
19180,3.90625,-0.11111165952494868,7.298518583095531e-9,8.543136767660653e-5,6.15521613732266e-5,0.11111165952494868,-0.11110984859808441
19181,9.765625,-0.1111114958744572,5.117586738030513e-9,7.15373101117907e-5,2.97655823890624e-5,0.1111114958744572,-0.11110979498046514
19182,24.4140625,-0.11111100687756723,7.595767716860625e-11,8.715370168191725e-6,4.1131131203550814e-5,0.11111100687756723,-0.11110982544997912
19183,9.765625,-0.11111006116215023,7.915890197488872e-11,8.897128861317494e-6,2.392757742557198e-5,0.11111006116215023,-0.11110982499676728
19184,3.90625,-0.11110970563161977,9.084014919181589e-11,9.531009872611396e-6,1.6461305186011056e-5,0.11110970563161977,-0.11110982482587582
19185,1.5625,-0.11110941877926947,1.0564563152924318e-10,1.0278406079214966e-5,1.3283124176975729e-5,0.11110941877926947,-0.11110982480778772
19186,0.625,-0.11110914977945474,1.231785197832497e-10,1.109858188163018e-5,1.1891710000027877e-5,0.11110914977945474,-0.1111098248613211
19187,1.5625,-0.11110898730193298,1.344548722782602e-10,1.1595467747282133e-5,1.1248952256765277e-5,0.11110898730193298,-0.11110982474691049
19188,3.90625,-0.11110910923956595,1.2422367969041126e-10,1.1145567715034137e-5,9.72645149339358e-6,0.11110910923956595,-0.11110982429163012
19189,9.765625,-0.11110979656245991,7.480821484977437e-11,8.649174229357065e-6,7.27805806375679e-6,0.11110979656245991,-0.11110982357564501
19190,24.4140625,-0.11111065531104207,1.3121245609199306e-11,3.622325994330067e-6,9.948453159869706e-6,0.11111065531104207,-0.11110982368068696
19191,9.765625,-0.11111030278024048,2.7238674685769118e-12,1.6504143323956296e-6,1.6766664923233432e-5,0.11111030278024048,-0.11110982404586604
19192,3.90625,-0.11111018471260387,2.4060630944751558e-12,1.5511489594733177e-6,1.7569689326833686e-5,0.11111018471260387,-0.11110982435991142
19193,1.5625,-0.11111009565619998,7.643672836885502e-12,2.7647193052614765e-6,1.71930624134974e-5,0.11111009565619998,-0.11110982464102519
19194,0.625,-0.11111001404029541,1.7755291269241568e-11,4.213702797925071e-6,1.6769529343450724e-5,0.11111001404029541,-0.11110982490770767
19195,0.25,-0.11110993469032845,3.259428875882464e-11,5.709140807409171e-6,1.6477552391754e-5,0.11110993469032845,-0.11110982516921997
19196,0.1,-0.11110985605790928,5.211383084718686e-11,7.218990985393101e-6,1.629640662029472e-5,0.11110985605790928,-0.11110982542904592
19197,0.1,-0.11110977993643872,7.610961854241669e-11,8.724082676271282e-6,1.6183689327076804e-5,0.11110977993643872,-0.1111098256822549
19198,0.1,-0.11110970660003883,1.044024768224555e-10,1.021775302218915e-5,1.60598072349523e-5,0.11110970660003883,-0.11110982592810979
19199,0.1,-0.11110963631137695,1.3679950014826766e-10,1.1696131845540544e-5,1.5924671441977486e-5,0.11110963631137695,-0.11110982616589705
19200,0.1,-0.11110956932086048,1.730948020000894e-10,1.315654977568547e-5,1.5778260664767203e-5,0.11110956932086048,-0.11110982639493301
19201,0.25,-0.11110951489587352,2.1179171277965604e-10,1.4553065408348032e-5,1.5621697454350545e-5,0.11110951489587352,-0.11110982657714699
19202,0.625,-0.11110949384088532,2.4897603460261744e-10,1.5778974447112126e-5,1.5253866370195726e-5,0.11110949384088532,-0.11110982662892627
19203,1.5625,-0.11110955742833392,2.740952638413281e-10,1.655582265673706e-5,1.4324932121786131e-5,0.11110955742833392,-0.1111098263413298
19204,3.90625,-0.11110981244894204,2.6253315490143586e-10,1.6202874896185425e-5,1.202175181372469e-5,0.11110981244894204,-0.11110982532597938
19205,9.765625,-0.11111036620219827,1.7695585548332284e-10,1.330247553966264e-5,7.396865769742157e-6,0.11111036620219827,-0.11110982353115156
19206,24.4140625,-0.11111074236178689,3.602157280359473e-11,6.00179746439304e-6,1.0601164492832613e-5,0.11111074236178689,-0.1111098233425121
19207,9.765625,-0.11111049524844663,8.009556377047152e-12,2.830115965300212e-6,2.315852975228342e-5,0.11111049524844663,-0.1111098240585419
19208,3.90625,-0.11111039233252386,2.378175153584843e-12,1.5421333125203033e-6,2.532217463293515e-5,0.11111039233252386,-0.11110982473906576
19209,1.5625,-0.11111030931752586,9.744971708240784e-12,3.121693724285069e-6,2.5143082970068617e-5,0.11111030931752586,-0.11110982535616251
19210,0.625,-0.11111023179866658,2.835434295512947e-11,5.324879618839234e-6,2.4666116681496548e-5,0.11111023179866658,-0.11110982594078239
19211,0.25,-0.11111015605514432,5.7812074353817635e-11,7.603425172500722e-6,2.429945106823596e-5,0.11111015605514432,-0.11110982651274573
19212,0.1,-0.1111100809149405,9.80072826905318e-11,9.899862761196833e-6,2.4065474550658952e-5,0.1111100809149405,-0.11110982708048608
19213,0.1,-0.11111000700825822,1.4857855358271555e-10,1.2189280273367889e-5,2.392034379756126e-5,0.11111000700825822,-0.11110982763503849
19214,0.1,-0.11110993450720504,2.091787622783054e-10,1.4463013596007763e-5,2.3755204137781896e-5,0.11110993450720504,-0.11110982817452753
19215,0.1,-0.11110986357882262,2.7942643574997863e-10,1.6716053234839216e-5,2.3570155596560436e-5,0.11110986357882262,-0.1111098286971426
19216,0.1,-0.11110979438462411,3.589072702060037e-10,1.8944848117786633e-5,2.3365347383632447e-5,0.11110979438462411,-0.11110982920114709
19217,0.25,-0.1111097317085071,4.447024275097745e-10,2.1087968785773903e-5,2.3142116672309082e-5,0.1111097317085071,-0.11110982960572127
19218,0.625,-0.11110968667111054,5.289981648017826e-10,2.2999960104351976e-5,2.2598688877493548e-5,0.11110968667111054,-0.11110982972947545
19219,1.5625,-0.11110968739229984,5.902226644942707e-10,2.4294498646695114e-5,2.1194676164977244e-5,0.11110968739229984,-0.11110982911115667
19220,3.90625,-0.11110979557208762,5.757838944091167e-10,2.3995497377823128e-5,1.7604670382365474e-5,0.11110979557208762,-0.11110982685981298
19221,9.765625,-0.11111009171658053,3.97426253318428e-10,1.9935552495941214e-5,9.542427177254164e-6,0.11111009171658053,-0.11110982274199983
19222,24.4140625,-0.1111104111171154,8.190177987445703e-11,9.049960213970945e-6,1.3604945122353297e-5,0.1111104111171154,-0.1111098221282232
19223,9.765625,-0.11111037311186202,1.7885013061374713e-11,4.229067634996479e-6,3.379650047418959e-5,0.11111037311186202,-0.11110982367603714
19224,3.90625,-0.11111038670211698,3.5011990381491024e-12,1.8711491223708233e-6,3.7306399112005555e-5,0.11111038670211698,-0.11110982516768382
19225,1.5625,-0.11111040491791632,1.8246082398214245e-11,4.271543327441997e-6,3.714458213371598e-5,0.11111040491791632,-0.1111098265210003
19226,0.625,-0.11111042412197183,5.816218658571043e-11,7.626413743412458e-6,3.64767433222889e-5,0.11111042412197183,-0.1111098278018718
19227,0.25,-0.11111044361829057,1.223647551631727e-10,1.1061860384364499e-5,3.595176311806996e-5,0.11111044361829057,-0.11110982905443291
19228,0.1,-0.11111046322488745,2.1061760095188892e-10,1.4512670359099629e-5,3.5617117370584e-5,0.11111046322488745,-0.1111098302978367
19229,0.1,-0.11111048314743505,3.221604307621512e-10,1.7948828116680798e-5,3.541212916864927e-5,0.11111048314743505,-0.1111098315129703
19230,0.1,-0.11111050341167512,4.5625178875040396e-10,2.1360051234732652e-5,3.517593219881205e-5,0.11111050341167512,-0.11110983269553679
19231,0.1,-0.11111052404082537,6.120721146468353e-10,2.4740091241683717e-5,3.4908748752068395e-5,0.11111052404082537,-0.11110983384138817
19232,0.1,-0.11111054505545732,7.887271666394636e-10,2.8084286828037196e-5,3.461085584740795e-5,0.11111054505545732,-0.11110983494654121
19233,0.25,-0.11111056744158004,9.798901064700893e-10,3.1303196425766e-5,3.4284154705605286e-5,0.11111056744158004,-0.11110983583248583
19234,0.625,-0.11111059332081095,1.1685469570441083e-9,3.418401610466664e-5,3.3474358117374044e-5,0.11111059332081095,-0.11110983609677307
19235,1.5625,-0.1111106275366716,1.307533174484444e-9,3.615982818660017e-5,3.136195463764579e-5,0.1111106275366716,-0.11110983471218734
19236,3.90625,-0.11111067775232421,1.2809996208309788e-9,3.579105503936673e-5,2.590324353656705e-5,0.11111067775232421,-0.11110982967643941
19237,9.765625,-0.11111073455665192,8.908725145387946e-10,2.98474875749835e-5,1.310715637183251e-5,0.11111073455665192,-0.11110982038484417
19238,24.4140625,-0.11111065246067439,1.8641470193343002e-10,1.3653376942479469e-5,1.880524655960929e-5,0.11111065246067439,-0.11110981879571155
19239,9.765625,-0.11111051085569532,4.069832133603941e-11,6.379523597890317e-6,5.007612276177662e-5,0.11111051085569532,-0.11110982221482228
19240,3.90625,-0.1111104167701696,6.299434883206499e-12,2.509867503117744e-6,5.5541692960840845e-5,0.1111104167701696,-0.11110982553631356
19241,1.5625,-0.11111033250257818,3.7342636684134634e-11,6.110862188278724e-6,5.5378255766263255e-5,0.11111033250257818,-0.11110982855202327
19242,0.625,-0.11111025132377499,1.2490360051413146e-10,1.1176027939931587e-5,5.441016225810232e-5,0.11111025132377499,-0.11110983140524838
19243,0.25,-0.11111017123887575,2.6698863692053765e-10,1.633978693008381e-5,5.363871859345161e-5,0.11111017123887575,-0.11110983419457156
19244,0.1,-0.11111009158317679,4.6307687371830365e-10,2.151922102954249e-5,5.31459927175387e-5,0.11111009158317679,-0.11110983696325466
19245,0.1,-0.11111001261815619,7.115105390707538e-10,2.6674154889532185e-5,5.2845069766969796e-5,0.11111001261815619,-0.11110983966948967
19246,0.1,-0.11110993443876645,1.0106608121015574e-9,3.179089196769347e-5,5.249684789118172e-5,0.11110993443876645,-0.11110984230356911
19247,0.1,-0.11110985713816053,1.358722527390868e-9,3.6860853590101084e-5,5.2101666495407063e-5,0.11110985713816053,-0.11110984485611648
19248,0.1,-0.11110978080753382,1.7537217665576859e-9,4.187746131939812e-5,5.165994028846839e-5,0.11110978080753382,-0.11110984731812357
19249,0.25,-0.11110970791277387,2.1816672917205287e-9,4.6708321439766264e-5,5.1174403486292116e-5,0.11110970791277387,-0.11110984929170248
19250,0.625,-0.1111096443290785,2.604852806636481e-9,5.103775863648874e-5,4.9963371901706746e-5,0.1111096443290785,-0.11110984987784063
19251,1.5625,-0.11110960544608313,2.9185887951965204e-9,5.402396500810099e-5,4.679322934198556e-5,0.11110960544608313,-0.11110984677797435
19252,3.90625,-0.11110962836185481,2.8651111815318625e-9,5.3526733335146306e-5,3.8567225811734266e-5,0.11110962836185481,-0.1111098354927424
19253,9.765625,-0.11110978413746787,2.0008899196485696e-9,4.473130804759201e-5,1.8920983241467444e-5,0.11110978413746787,-0.11110981456568915
19254,24.4140625,-0.11111012029101873,4.240531706458225e-10,2.0592551338914334e-5,2.703022938364036e-5,0.11111012029101873,-0.11110981068917386
19255,9.765625,-0.11111025425203391,9.305421230817069e-11,9.646461128733722e-6,7.468759100862504e-5,0.11111025425203391,-0.11110981831372578
19256,3.90625,-0.11111037388224075,1.257947501964914e-11,3.5467555624329596e-6,8.306929400859103e-5,0.11111037388224075,-0.11110982576270459
19257,1.5625,-0.11111048593010951,7.939605393316036e-11,8.910446337482784e-6,8.289631207433922e-5,0.11111048593010951,-0.11110983253139257
19258,0.625,-0.11111059538514202,2.7333794455283966e-10,1.6532935146332597e-5,8.147288671794627e-5,0.11111059538514202,-0.11110983893455773
19259,0.25,-0.11111070403145372,5.898845246257666e-10,2.4287538463701226e-5,8.032717973458567e-5,0.11111070403145372,-0.11110984519289348
19260,0.1,-0.11111081250838993,1.027854662393943e-9,3.2060172525954116e-5,7.959273163729217e-5,0.11111081250838993,-0.11110985140397385
19261,0.1,-0.11111092066544688,1.5835727614109297e-9,3.9794129735564386e-5,7.914326543401054e-5,0.11111092066544688,-0.11110985747531663
19262,0.1,-0.11111102840072747,2.253410033029721e-9,4.747009619781406e-5,7.862262551991368e-5,0.11111102840072747,-0.1111098633850518
19263,0.1,-0.11111113561091357,3.0333415954828265e-9,5.507578048001523e-5,7.803132377029226e-5,0.11111113561091357,-0.11110986911205051
19264,0.1,-0.11111124219145879,3.9189634188455295e-9,6.260162473007813e-5,7.736998023729856e-5,0.11111124219145879,-0.111109874636009
19265,0.25,-0.11111134590056132,4.879136971453562e-9,6.985081940431022e-5,7.664267571471296e-5,0.11111134590056132,-0.11110987906652849
19266,0.625,-0.11111144116681991,5.829861576937169e-9,7.635353021921886e-5,7.48281862078575e-5,0.11111144116681991,-0.11110988038908201
19267,1.5625,-0.11111151280804368,6.537706105221596e-9,8.085608267299126e-5,7.00753650354305e-5,0.11111151280804368,-0.11110987344701967
19268,3.90625,-0.11111152137730292,6.426967791761533e-9,8.016837151746026e-5,5.772106786768274e-5,0.11111152137730292,-0.11110984811573814
19269,9.765625,-0.11111137566501143,4.502314440563654e-9,6.70992879288868e-5,2.7929108349852988e-5,0.11111137566501143,-0.111109800956469
19270,24.4140625,-0.11111092558572172,6.719613239877426e-11,8.197324709853469e-6,3.8797446975346555e-5,0.11111092558572172,-0.11110982784868134
19271,9.765625,-0.11111009324347086,7.018987759417851e-11,8.377939937369956e-6,2.2538515381985024e-5,0.11111009324347086,-0.11110982744355923
19272,3.90625,-0.11110978239718133,8.039976792458072e-11,8.966591767476687e-6,1.5554306033109374e-5,0.11110978239718133,-0.11110982729477678
19273,1.5625,-0.11110953174727006,9.334752009075054e-11,9.661652037345918e-6,1.2607619409437542e-5,0.11110953174727006,-0.11110982728207167
19274,0.625,-0.11110929671541679,1.0867829260512706e-10,1.0424888133938275e-5,1.1325102547897448e-5,0.11110929671541679,-0.11110982733290149
19275,1.5625,-0.11110915564179256,1.1854975453387293e-10,1.0888055590135134e-5,1.0734155267731334e-5,0.11110915564179256,-0.11110982723593149
19276,3.90625,-0.11110926514294561,1.096738379529342e-10,1.0472527772841388e-5,9.341828801490929e-6,0.11110926514294561,-0.11110982683825295
19277,9.765625,-0.11110987161226824,6.633150604615444e-11,8.144415635645964e-6,7.120872571605678e-6,0.11110987161226824,-0.11110982620727662
19278,24.4140625,-0.11111062346625682,1.1576453861314458e-11,3.402418825088184e-6,9.55597401159474e-6,0.11111062346625682,-0.11110982630456848
19279,9.765625,-0.11111031453907948,2.4984217719270697e-12,1.5806396717554161e-6,1.586231785915849e-5,0.11111031453907948,-0.11110982662862572
19280,3.90625,-0.11111021246895322,2.23866828444626e-12,1.496217993624679e-6,1.660652106613888e-5,0.11111021246895322,-0.11110982690856891
19281,1.5625,-0.11111013580568722,6.873345954504737e-12,2.6217066873517216e-6,1.625427984102175e-5,0.11111013580568722,-0.11110982715975147
19282,0.625,-0.11111006564228702,1.580342879672867e-11,3.975352663189603e-6,1.585927077456267e-5,0.11111006564228702,-0.11110982739833972
19283,0.25,-0.1111099974555353,2.890003803586596e-11,5.375875559931234e-6,1.5587329165840962e-5,0.1111099974555353,-0.11110982763243545
19284,0.1,-0.11110992989395446,4.61221779582659e-11,6.791331088841561e-6,1.5418853917666005e-5,0.11110992989395446,-0.11110982786508058
19285,0.1,-0.11110986453695092,6.729088149091403e-11,8.203101943223309e-6,1.5314198905900715e-5,0.11110986453695092,-0.11110982809190337
19286,0.1,-0.11110980162427153,9.224894376783907e-11,9.604631370741882e-6,1.5199132588496692e-5,0.11110980162427153,-0.11110982831225152
19287,0.1,-0.11110974138555003,1.2082704252088248e-10,1.0992135485013022e-5,1.5073575929613615e-5,0.11110974138555003,-0.1111098285254958
19288,0.1,-0.11110968403959647,1.5284438684251026e-10,1.2363024987538861e-5,1.4937513126107769e-5,0.11110968403959647,-0.11110982873103208
19289,0.25,-0.11110963771558371,1.8698656742556766e-10,1.3674303178793705e-5,1.4791985773484864e-5,0.11110963771558371,-0.11110982889525181
19290,0.625,-0.11110962065133978,2.19813256204305e-10,1.482610050567259e-5,1.4449658843239766e-5,0.11110962065133978,-0.11110982894434257
19291,1.5625,-0.11110967776058935,2.420371964597565e-10,1.5557544679664477e-5,1.3585045679527384e-5,0.11110967776058935,-0.11110982869376387
19292,3.90625,-0.11110990240512506,2.319294404793242e-10,1.522922980584784e-5,1.144471042027141e-5,0.11110990240512506,-0.11110982780011416
19293,9.765625,-0.11111038720199809,1.5631492820708472e-10,1.2502596858536419e-5,7.1870397140178155e-6,0.11111038720199809,-0.1111098262179203
19294,24.4140625,-0.11111070905128165,3.170922584392656e-11,5.631094551144259e-6,1.016276573751343e-5,0.11111070905128165,-0.11110982606019379
19295,9.765625,-0.11111048887998365,7.139109771010995e-12,2.671911258071831e-6,2.184579513173973e-5,0.11111048887998365,-0.11110982669461447
19296,3.90625,-0.11111039626140559,2.2598703136354358e-12,1.5032865041752473e-6,2.3854403034777545e-5,0.11111039626140559,-0.11110982729734083
19297,1.5625,-0.1111103212659241,8.834453980674595e-12,2.972280939055828e-6,2.368045920877834e-5,0.1111103212659241,-0.11110982784428176
19298,0.625,-0.11111025114363075,2.532045118156363e-11,5.031943082106914e-6,2.3231746207235798e-5,0.11111025114363075,-0.11110982836274166
19299,0.25,-0.11111018259634135,5.137255743943719e-11,7.167465203224721e-6,2.288795711084919e-5,0.11111018259634135,-0.1111098288701489
19300,0.1,-0.11111011458435438,8.689425286920888e-11,9.321708688282899e-6,2.266904185622695e-5,0.11111011458435438,-0.11110982937390183
19301,0.1,-0.11111004766705494,1.315662597471487e-10,1.1470233639605982e-5,2.2533547953173093e-5,0.11111004766705494,-0.11110982986603458
19302,0.1,-0.11110998199731309,1.8508246312061209e-10,1.3604501575604014e-5,2.2379309211605712e-5,0.11110998199731309,-0.11110983034489293
19303,0.1,-0.11110991772352434,2.471063846444904e-10,1.5719617827558353e-5,2.2206422751139644e-5,0.11110991772352434,-0.11110983080887803
19304,0.1,-0.11110985498921488,3.172725222964034e-10,1.781214535917567e-5,2.201503216741703e-5,0.11110985498921488,-0.11110983125645818
19305,0.25,-0.11110979804177298,3.9299898438227766e-10,1.9824201986013905e-5,2.1806382764779335e-5,0.11110979804177298,-0.11110983161622423
19306,0.625,-0.11110975675662353,4.673746782876004e-10,2.161885006857674e-5,2.1297791116848673e-5,0.11110975675662353,-0.11110983172798174
19307,1.5625,-0.11110975611314894,5.213218988236049e-10,2.283247465395735e-5,1.9983585551740675e-5,0.11110975611314894,-0.11110983118451984
19308,3.90625,-0.11110985097261035,5.083419703686234e-10,2.2546440303707e-5,1.6627272288863476e-5,0.11110985097261035,-0.1111098292000312
19309,9.765625,-0.11111011329586276,3.5049653054655616e-10,1.8721552567737435e-5,9.148173655395525e-6,0.11111011329586276,-0.11110982557305372
19310,24.4140625,-0.11111039950044638,7.20269287749388e-11,8.486868019177557e-6,1.2969636871093716e-5,0.11111039950044638,-0.11110982504687393
19311,9.765625,-0.11111037004266351,1.58044545494175e-11,3.975481675145479e-6,3.179622658966673e-5,0.11111037004266351,-0.11110982641397354
19312,3.90625,-0.11111038546402942,3.2818993039114713e-12,1.811601309314903e-6,3.506663549054805e-5,0.11111038546402942,-0.11110982773029411
19313,1.5625,-0.11111040471057645,1.641217855204526e-11,4.0511947067556825e-6,3.490739584763861e-5,0.11111040471057645,-0.1111098289247666
19314,0.625,-0.11111042474102026,5.171672087288742e-11,7.191433853751797e-6,3.4278641241372175e-5,0.11111042474102026,-0.11110983005559895
19315,0.25,-0.11111044499813243,1.0841998878952778e-10,1.0412491958677701e-5,3.378579151033817e-5,0.11111044499813243,-0.11110983116164266
19316,0.1,-0.11111046534139857,1.863162100868514e-10,1.3649769598306464e-5,3.347216549765223e-5,0.11111046534139857,-0.11110983225972576
19317,0.1,-0.11111048595173269,2.8473427001999415e-10,1.6874070937980382e-5,3.328039580613346e-5,0.11111048595173269,-0.11110983333291509
19318,0.1,-0.11111050684920011,4.030206699795584e-10,2.007537471579443e-5,3.3059344247102446e-5,0.11111050684920011,-0.11110983437742308
19319,0.1,-0.1111105280516357,5.404529230951821e-10,2.324764338799058e-5,3.2809221999990836e-5,0.1111105280516357,-0.11110983538959208
19320,0.1,-0.11111054957454285,6.962425780545389e-10,2.6386408964740522e-5,3.253029189818229e-5,0.11111054957454285,-0.11110983636591092
19321,0.25,-0.11111057223433107,8.647982652066866e-10,2.9407452545344465e-5,3.2224325341639597e-5,0.11111057223433107,-0.11110983714885897
19322,0.625,-0.11111059776752374,1.0310855737293437e-9,3.211052123104425e-5,3.1465112432033286e-5,0.11111059776752374,-0.11110983738344195
19323,1.5625,-0.11111063007706362,1.153435675920444e-9,3.39622684154113e-5,2.9484249355183577e-5,0.11111063007706362,-0.11110983616387342
19324,3.90625,-0.11111067495985409,1.1295474142744779e-9,3.36087401470879e-5,2.436863970362498e-5,0.11111067495985409,-0.1111098317262163
19325,9.765625,-0.11111072188862663,7.847777481525992e-10,2.8013884917172756e-5,1.2430413510363672e-5,0.11111072188862663,-0.11110982354661338
19326,24.4140625,-0.11111063898218189,1.6379074289646876e-10,1.279807574975507e-5,1.782188840959903e-5,0.11111063898218189,-0.11110982217279443
19327,9.765625,-0.11111050870484616,3.5816295627381235e-11,5.984671722607785e-6,4.704230058796977e-5,0.11111050870484616,-0.11110982518695542
19328,3.90625,-0.111110421245243,5.801521681091693e-12,2.4086348168810674e-6,5.214442094928623e-5,0.111110421245243,-0.11110982811226948
19329,1.5625,-0.11111034275283703,3.338056429957528e-11,5.7775915656591095e-6,5.1982149465725005e-5,0.11111034275283703,-0.11110983076820907
19330,0.625,-0.11111026709060172,1.1071109618297725e-10,1.0521934051445925e-5,5.107106174901124e-5,0.11111026709060172,-0.11110983328135239
19331,0.25,-0.1111101924304888,2.3604519582637434e-10,1.5363762424171182e-5,5.034676717129156e-5,0.1111101924304888,-0.1111098357384839
19332,0.1,-0.11111011816201947,4.089286331899986e-10,2.0221983908360688e-5,4.988481893384084e-5,0.11111011816201947,-0.11110983817762889
19333,0.1,-0.11111004451880409,6.278998067583283e-10,2.5057929019740007e-5,4.960312539327697e-5,0.11111004451880409,-0.11110984056182702
19334,0.1,-0.11110997158796465,8.915244108817106e-10,2.9858406033840967e-5,4.927703697988021e-5,0.11110997158796465,-0.11110984288252701
19335,0.1,-0.11110989945503146,1.1982125634785368e-9,3.4615207113038294e-5,4.8906874163018585e-5,0.11110989945503146,-0.11110984513147097
19336,0.1,-0.1111098282038061,1.5462255040143244e-9,3.932207400448665e-5,4.8493028317698695e-5,0.1111098282038061,-0.11110984730072364
19337,0.25,-0.11110976008180543,1.923214557227943e-9,4.3854470208040856e-5,4.80380481237409e-5,0.11110976008180543,-0.11110984903957066
19338,0.625,-0.11110970045178604,2.2959032518547946e-9,4.7915584644818795e-5,4.690214069511126e-5,0.11110970045178604,-0.11110984955581861
19339,1.5625,-0.1111096633778172,2.571916548303971e-9,5.071406657234234e-5,4.39278958452741e-5,0.1111096633778172,-0.11110984682457582
19340,3.90625,-0.11110968283975822,2.5239036461944297e-9,5.0238467793061024e-5,3.621244424656662e-5,0.11110968283975822,-0.11110983688525948
19341,9.765625,-0.11110982435434315,1.7611666772464693e-9,4.196625641210411e-5,1.782999193536832e-5,0.11110982435434315,-0.11110981847225565
19342,24.4140625,-0.11111013431494059,3.7239359592974184e-10,1.929750232361022e-5,2.551843334344116e-5,0.11111013431494059,-0.11110981510687987
19343,9.765625,-0.11111026034847474,8.174451625280652e-11,9.041267403014166e-6,7.010299282094568e-5,0.11111026034847474,-0.11110982182036061
19344,3.90625,-0.11111037243357012,1.1438230163852702e-11,3.3820452634245896e-6,7.793482700760826e-5,0.11111037243357012,-0.11110982837340527
19345,1.5625,-0.11111047735860836,7.068497361637785e-11,8.407435614762557e-6,7.776145435940484e-5,0.11111047735860836,-0.11110983432735437
19346,0.625,-0.11111057983408251,2.417684655240076e-10,1.5548905605347522e-5,7.642249960853967e-5,0.11111057983408251,-0.11110983996007133
19347,0.25,-0.11111068153847299,5.207245827441488e-10,2.2819390498962694e-5,7.534691924435386e-5,0.11111068153847299,-0.11110984546577324
19348,0.1,-0.11111078307261908,9.065219717813504e-10,3.010850331353836e-5,7.465822404132681e-5,0.11111078307261908,-0.11110985093021647
19349,0.1,-0.11111088429918231,1.3959227113375237e-9,3.7362049078410084e-5,7.423727140446889e-5,0.11111088429918231,-0.11110985627176698
19350,0.1,-0.11111098512318957,1.9857333749516333e-9,4.45615683627903e-5,7.374952115571273e-5,0.11111098512318957,-0.11110986147117449
19351,0.1,-0.11111108544841904,2.672411457615508e-9,5.169537172335168e-5,7.319545520378881e-5,0.11111108544841904,-0.11110986650984277
19352,0.1,-0.11111118517757489,3.4520803109784305e-9,5.875440673667321e-5,7.25756571302475e-5,0.11111118517757489,-0.11110987136990104
19353,0.25,-0.1111112822229801,4.297286229872493e-9,6.555368967398016e-5,7.189393418332508e-5,0.1111112822229801,-0.11110987526720133
19354,0.625,-0.11111137139572796,5.13397494605715e-9,7.165176163959369e-5,7.0191863314953e-5,0.11111137139572796,-0.11110987642802589
19355,1.5625,-0.1111114385587306,5.756384376399916e-9,7.587084009288362e-5,6.573251056487017e-5,0.1111114385587306,-0.11110987031318269
19356,3.90625,-0.1111114469967276,5.657224225041064e-9,7.521452137081684e-5,5.4142685266214064e-5,0.1111114469967276,-0.11110984801614367
19357,9.765625,-0.11111131189216644,3.96037191660656e-9,6.293148589225079e-5,2.623160210823445e-5,0.11111131189216644,-0.11110980654275361
19358,24.4140625,-0.11111089564925729,8.456408156441112e-10,2.9079903982718224e-5,3.723948385336382e-5,0.11111089564925729,-0.1111097985301036
19359,9.765625,-0.11111066698470755,1.8613253625187492e-10,1.3643039846451923e-5,0.00010485975733828787,0.11111066698470755,-0.11110981357527232
19360,3.90625,-0.11111048065330761,2.305449411844742e-11,4.8015095666308344e-6,0.00011680288040830096,0.11111048065330761,-0.11110982832406216
19361,1.5625,-0.11111030855226817,1.5187590802504523e-10,1.2323794384240807e-5,0.00011661875983592031,0.11111030855226817,-0.11110984173366735
19362,0.625,-0.11111014146465711,5.325343960896408e-10,2.307670678605682e-5,0.00011463939856191252,0.11111014146465711,-0.1111098544188255
19363,0.25,-0.11110997635083895,1.156025487856154e-9,3.4000374819348003e-5,0.00011303652105567913,0.11110997635083895,-0.11110986681556227
19364,0.1,-0.11110981216040587,2.0199928981543577e-9,4.494433110142321e-5,0.00011200667733697194,0.11110981216040587,-0.11110987911753699
19365,0.1,-0.11110964913119463,3.1172154362044438e-9,5.58320287666895e-5,0.00011137561791411394,0.11110964913119463,-0.11110989114342502
19366,0.1,-0.1111094873991414,4.440544556658956e-9,6.663741108910937e-5,0.00011064442556900435,0.1111094873991414,-0.11110990284990328
19367,0.1,-0.11110932709751549,5.982049260423435e-9,7.734370860272628e-5,0.00010981380327683586,0.11110932709751549,-0.11110991419510875
19368,0.1,-0.11110916835685349,7.733049292046178e-9,8.793775805674248e-5,0.00010888460503132223,0.11110916835685349,-0.11110992513880188
19369,0.25,-0.1111090145025594,9.632262276346389e-9,9.814408936021766e-5,0.00010786250757278254,0.1111090145025594,-0.11110993392255425
19370,0.625,-0.11110887363404302,1.1514269887859132e-8,0.00010730456601589297,0.00010531215493170966,0.11110887363404302,-0.11110993656465941
19371,1.5625,-0.11110876758123525,1.2919147648461685e-8,0.00011366242848215801,9.862951575430852e-5,0.11110876758123525,-0.11110992286572925
19372,3.90625,-0.11110875276928513,1.2711536766560161e-8,0.0001127454512011911,8.124487918131238e-5,0.11110875276928513,-0.11110987276215593
19373,9.765625,-0.11110896133245785,8.923144052520062e-9,9.446239491204986e-5,3.914748062549397e-5,0.11110896133245785,-0.1111097792311576
19374,24.4140625,-0.1111096587409468,1.3118900513852484e-10,1.1453776894043503e-5,5.3900547777306786e-5,0.1111096587409468,-0.11110983206250129
19375,9.765625,-0.11111086799349078,1.363440783490174e-10,1.1676646708238517e-5,3.139335835288721e-5,0.11111086799349078,-0.11110983129019514
19376,3.90625,-0.11111131735943768,1.5709753498463927e-10,1.253385555145101e-5,2.141639302476122e-5,0.11111131735943768,-0.1111098309830271
19377,1.5625,-0.11111167902013198,1.8358301302288799e-10,1.3549280904272669e-5,1.7072043711976508e-5,0.11111167902013198,-0.11110983093541112
19378,0.625,-0.11111201800349373,2.150793026709507e-10,1.4665582247935153e-5,1.513149763589562e-5,0.11111201800349373,-0.11110983101044257
19379,1.5625,-0.11111221973555206,2.3558843253266904e-10,1.5348890270396394e-5,1.422360859144623e-5,0.11111221973555206,-0.11110983078912781
19380,3.90625,-0.11111205589699705,2.1771465421176126e-10,1.475515686842269e-5,1.2032698788580053e-5,0.11111205589699705,-0.11110982996654191
19381,9.765625,-0.11111116962149405,1.300335462217651e-10,1.1403225255240952e-5,8.315875728675629e-6,0.11111116962149405,-0.11110982869348264
19382,24.4140625,-0.11111009047758996,2.20857077781135e-11,4.699543358467236e-6,1.2168475715924162e-5,0.11111009047758996,-0.11110982887190951
19383,9.765625,-0.11111055958923889,3.90003576535125e-12,1.9748508210371866e-6,2.1556598590080113e-5,0.11111055958923889,-0.11110982949180251
19384,3.90625,-0.11111071521861796,3.38448113341975e-12,1.8396959350446339e-6,2.2636373469293734e-5,0.11111071521861796,-0.11110983001641152
19385,1.5625,-0.1111108324385094,1.2538459932337795e-11,3.5409687844342534e-6,2.2125553687010956e-5,0.1111108324385094,-0.11110983048176386
19386,0.625,-0.11111093985204153,3.01750093629815e-11,5.4931784390261255e-6,2.155322679642545e-5,0.11111093985204153,-0.11110983092134753
19387,0.25,-0.11111104429650401,5.6041354537585314e-11,7.486077379882291e-6,2.1159443637724483e-5,0.11111104429650401,-0.11110983135174995
19388,0.1,-0.1111111478140238,9.00580788096656e-11,9.489893508868558e-6,2.09158964902605e-5,0.1111111478140238,-0.11110983177920798
19389,0.1,-0.11111124799639982,1.3186806018457959e-10,1.1483381914078255e-5,2.0765071235068674e-5,0.11111124799639982,-0.11110983219523506
19390,0.1,-0.11111134447945083,1.8115902866059533e-10,1.3459533003064978e-5,2.0598905438407395e-5,0.11111134447945083,-0.11110983259854021
19391,0.1,-0.11111143691422097,2.3759462855140156e-10,1.5414104857285796e-5,2.0417274043621493e-5,0.11111143691422097,-0.11110983298787601
19392,0.1,-0.11111152496806735,3.0081576083837137e-10,1.7344041075780793e-5,2.022013880917095e-5,0.11111152496806735,-0.11110983336204674
19393,0.25,-0.11111159628039925,3.681981142943837e-10,1.9188489109212943e-5,2.000898800717653e-5,0.11111159628039925,-0.11110983365484167
19394,0.625,-0.11111162312360714,4.328817826212878e-10,2.0805811270442875e-5,1.9509969777341255e-5,0.11111162312360714,-0.11110983372083189
19395,1.5625,-0.11111153722182704,4.763971237489507e-10,2.1826523400416996e-5,1.8243985838833332e-5,0.11111153722182704,-0.11110983319694621
19396,3.90625,-0.11111119670933269,4.558059333470788e-10,2.1349612018654548e-5,1.507671090668558e-5,0.11111119670933269,-0.11110983141025275
19397,9.765625,-0.11111046126515997,3.065833647967365e-10,1.7509522117885928e-5,8.451705751751918e-6,0.11111046126515997,-0.11110982827805066
19398,24.4140625,-0.11110997554176005,6.187852156917317e-11,7.86629020372203e-6,1.3097149956716425e-5,0.11110997554176005,-0.11110982794390717
19399,9.765625,-0.11111030750095148,1.303237587745593e-11,3.610038209971735e-6,3.013446855215111e-5,0.11111030750095148,-0.11110982917379017
19400,3.90625,-0.11111044420598389,3.1962274707036596e-12,1.787799617044276e-6,3.303034802408878e-5,0.11111044420598389,-0.11110983033693414
19401,1.5625,-0.11111055421623718,1.5971931472153227e-11,3.996489893913561e-6,3.279528672198905e-5,0.11111055421623718,-0.11110983138776717
19402,0.625,-0.1111106569169323,4.8304890585760334e-11,6.950171982459163e-6,3.216135413980793e-5,0.1111106569169323,-0.11110983238132414
19403,0.25,-0.11111075729365964,9.951159295358267e-11,9.975549756959898e-6,3.1673777371925464e-5,0.11111075729365964,-0.11110983335258476
19404,0.1,-0.11111085691404961,1.6940186640619113e-10,1.3015447222673186e-5,3.136293817026733e-5,0.11111085691404961,-0.11110983431642904
19405,0.1,-0.11111095489440637,2.5734985147246845e-10,1.604212739858615e-5,3.1170554195711825e-5,0.11111095489440637,-0.11110983525741903
19406,0.1,-0.11111105100044721,3.6275416223654225e-10,1.904610622244196e-5,3.095140645325783e-5,0.11111105100044721,-0.11110983617228883
19407,0.1,-0.11111114500451864,4.849534364348953e-10,2.202165834888225e-5,3.070560797133031e-5,0.11111114500451864,-0.11110983705788412
19408,0.1,-0.11111123668625372,6.232289697556005e-10,2.496455426711241e-5,3.0433336033895877e-5,0.11111123668625372,-0.11110983791117937
19409,0.25,-0.11111131950059548,7.725032527235432e-10,2.7793942734407855e-5,3.0136321614862852e-5,0.11111131950059548,-0.11110983859173651
19410,0.625,-0.1111113782508794,9.191790053654601e-10,3.031796505977042e-5,2.9411054305520736e-5,0.1111113782508794,-0.11110983878421014
19411,1.5625,-0.11111137455337901,1.025718813743854e-9,3.202684520435714e-5,2.753281587051062e-5,0.11111137455337901,-0.11110983768668863
19412,3.90625,-0.1111112244507107,1.000647379885108e-9,3.163301092032037e-5,2.2707975222444498e-5,0.1111112244507107,-0.11110983375039629
19413,9.765625,-0.11111082019500476,6.906246797941289e-10,2.6279738959779052e-5,1.1601710354490114e-5,0.11111082019500476,-0.11110982656974093
19414,24.4140625,-0.1111103969960044,1.42053741055937e-10,1.1918629999120578e-5,1.723324558522103e-5,0.1111103969960044,-0.11110982548300555
19415,9.765625,-0.11111045722108931,3.04592572173526e-11,5.5189905976865555e-6,4.429957346635616e-5,0.11111045722108931,-0.11110982815827881
19416,3.90625,-0.11111044361762706,5.255202169935954e-12,2.2924227729491685e-6,4.897126298372575e-5,0.11111044361762706,-0.11110983073396802
19417,1.5625,-0.11111042324715911,3.074134999569249e-11,5.5444882537248185e-6,4.8765045452763886e-5,0.11111042324715911,-0.11110983306777081
19418,0.625,-0.11111040146081168,1.0003065829211673e-10,1.0001532797132485e-5,4.788407390274455e-5,0.11111040146081168,-0.1111098352749379
19419,0.25,-0.11111037932324971,2.1158529010423385e-10,1.4545971610869926e-5,4.719062318133553e-5,0.11111037932324971,-0.11110983743262
19420,0.1,-0.11111035712296413,3.6499710552605514e-10,1.9104897422547318e-5,4.674869937193785e-5,0.11111035712296413,-0.11110983957432305
19421,0.1,-0.11111033454440648,5.589485064376555e-10,2.3642091837180047e-5,4.647832221273123e-5,0.11111033454440648,-0.11110984166698154
19422,0.1,-0.11111031154094834,7.921537929164823e-10,2.814522682297093e-5,4.616648455798527e-5,0.11111031154094834,-0.11110984370310775
19423,0.1,-0.11111028806884408,1.063191176781745e-9,3.260661247019912e-5,4.5813473828250016e-5,0.11111028806884408,-0.11110984567547297
19424,0.1,-0.111110264087456,1.3705087251056546e-9,3.70203825629295e-5,4.5419647809894e-5,0.111110264087456,-0.11110984757713546
19425,0.25,-0.11111023799454768,1.703112216552391e-9,4.1268780167971904e-5,4.498748577620649e-5,0.11111023799454768,-0.11110984909776493
19426,0.625,-0.11111020627330608,2.0314272920908678e-9,4.5071357779535195e-5,4.3914413606220684e-5,0.11111020627330608,-0.11110984953746934
19427,1.5625,-0.11111016069750151,2.273458460661908e-9,4.76807976093302e-5,4.111181744380707e-5,0.11111016069750151,-0.11110984710951338
19428,3.90625,-0.11111008715562326,2.2277750490632085e-9,4.7199311955400456e-5,3.38534550936813e-5,0.11111008715562326,-0.11110983832982982
19429,9.765625,-0.11110999351520234,1.5498490531347813e-9,3.936812229627902e-5,1.6625403436399885e-5,0.11110999351520234,-0.11110982213951752
19430,24.4140625,-0.11111008760122006,3.2444160729754376e-10,1.8012262692331127e-5,2.4278575296419695e-5,0.11111008760122006,-0.11110981933656283
19431,9.765625,-0.1111102820204893,7.042061832612876e-11,8.391699370576186e-6,6.586950616689932e-5,0.1111102820204893,-0.11110982526706385
19432,3.90625,-0.11111040868570092,1.0167240842848646e-11,3.188611115023067e-6,7.311960838380427e-5,0.11111040868570092,-0.11110983102958344
19433,1.5625,-0.11111052190026936,6.383843199409871e-11,7.989895618473293e-6,7.291413155554151e-5,0.11111052190026936,-0.11110983625947067
19434,0.625,-0.11111063106781094,2.1589735528984357e-10,1.4693445997785664e-5,7.163922719844399e-5,0.11111063106781094,-0.11110984120605862
19435,0.25,-0.11111073896457618,4.6287551379190606e-10,2.151454191452623e-5,7.06218116443604e-5,0.11111073896457618,-0.11110984604115531
19436,0.1,-0.11111084651846108,8.038707362002151e-10,2.8352614274528815e-5,6.997184260428327e-5,0.11111084651846108,-0.1111098508402347
19437,0.1,-0.11111095333110654,1.2360078765265882e-9,3.515690368230098e-5,6.957501971657973e-5,0.11111095333110654,-0.11110985553079047
19438,0.1,-0.11111105925771003,1.7564600560183887e-9,4.191014263896496e-5,6.911558796007897e-5,0.11111105925771003,-0.1111098600959095
19439,0.1,-0.11111116415447282,2.3620929457320046e-9,4.860136773519861e-5,6.859398713977813e-5,0.11111116415447282,-0.11110986451925418
19440,0.1,-0.11111126787893928,3.049477950033198e-9,5.5222078465349324e-5,6.801075569699885e-5,0.11111126787893928,-0.11110986878512763
19441,0.25,-0.11111136678036534,3.79429405614254e-9,6.159784132696973e-5,6.736946761240404e-5,0.11111136678036534,-0.11110987220142675
19442,0.625,-0.1111114521330102,4.530978448248931e-9,6.731254302319094e-5,6.576872804890107e-5,0.1111114521330102,-0.11110987320394579
19443,1.5625,-0.11111150110770314,5.077470629134658e-9,7.125637255105439e-5,6.157608074868125e-5,0.11111150110770314,-0.11110986779268807
19444,3.90625,-0.11111145926623035,4.9854205340149155e-9,7.060751046464474e-5,5.0685474027569774e-5,0.11111145926623035,-0.11110984813476751
19445,9.765625,-0.11111122732026718,3.4829820128307113e-9,5.901679432865455e-5,2.4519331892576254e-5,0.11111122732026718,-0.11110981167886715
19446,24.4140625,-0.1111107705649619,7.389385888209496e-10,2.718342489130002e-5,3.5269426798375644e-5,0.1111107705649619,-0.1111098048641937
19447,9.765625,-0.11111061172044853,1.619084326606094e-10,1.2724324448103696e-5,9.841330749500742e-5,0.11111061172044853,-0.11110981811541522
19448,3.90625,-0.11111046309600843,2.107109161439379e-11,4.59032587235305e-6,0.00010951225964873505,0.11111046309600843,-0.11110983106859215
19449,1.5625,-0.11111032347412084,1.3670324739642894e-10,1.1692016395661996e-5,0.00010929727524600514,0.11111032347412084,-0.11110984283819557
19450,0.625,-0.11111018732875194,4.736833769877661e-10,2.176426835406525e-5,0.00010742391683520661,0.11111018732875194,-0.11110985397113268
19451,0.25,-0.11111005262603998,1.0241386607245988e-9,3.200216650048241e-5,0.00010591422688223405,0.11111005262603998,-0.11110986485167096
19452,0.1,-0.11110991863985464,1.7860162414448819e-9,4.226128537378959e-5,0.00010494635254043255,0.11110991863985464,-0.11110987564987215
19453,0.1,-0.11110978547000011,2.752933308866013e-9,5.246840295707516e-5,0.00010435428874587126,0.11110978547000011,-0.11110988620514413
19454,0.1,-0.11110965320766429,3.918585702114324e-9,6.259860782888325e-5,0.00010366821979935447,0.11110965320766429,-0.11110989647939501
19455,0.1,-0.11110952194273367,5.275979957832725e-9,7.263594122631527e-5,0.000102888813192025,0.11110952194273367,-0.11110990643582276
19456,0.1,-0.11110939176380868,6.817462685861011e-9,8.256792770719761e-5,0.00010201687824845305,0.11110939176380868,-0.11110991603905668
19457,0.25,-0.11110926479144248,8.488893999484933e-9,9.213519414146221e-5,0.00010105774451569644,0.11110926479144248,-0.11110992373978319
19458,0.625,-0.11110914629549219,1.014419327313077e-8,0.00010071838597361839,9.8663015815157e-5,0.11110914629549219,-0.11110992603191627
19459,1.5625,-0.11110905084869255,1.1377359580822786e-8,0.00010666470635042683,9.238750178456005e-5,0.11110905084869255,-0.11110991393932061
19460,3.90625,-0.11110901828630443,1.1186903916927312e-8,0.00010576816116831809,7.606609603537895e-5,0.11110901828630443,-0.11110986983074515
19461,9.765625,-0.11110915445071019,7.840472115965464e-9,8.854644044774168e-5,3.659994166054898e-5,0.11110915445071019,-0.11110978767612241
19462,24.4140625,-0.1111099402970836,1.1490545208579962e-10,1.0719396069079621e-5,5.0898731676715587e-5,0.1111099402970836,-0.11110983437495027
19463,9.765625,-0.1111107498494091,1.2076460395094266e-10,1.0989294970604013e-5,2.9018691886726384e-5,0.1111107498494091,-0.11110983362740928
19464,3.90625,-0.11111104391886892,1.3775481757980514e-10,1.173689982831093e-5,1.969194508735308e-5,0.11111104391886892,-0.11110983334667605
19465,1.5625,-0.11111128093846649,1.594082916002941e-10,1.2625699647951953e-5,1.5747382224479955e-5,0.11111128093846649,-0.1111098333022972
19466,3.90625,-0.11111133053719328,1.5945317711828217e-10,1.2627477068610427e-5,1.4004966743282147e-5,0.11111133053719328,-0.11110983276659253
19467,9.765625,-0.11111094545900332,1.0744685133310188e-10,1.0365657303475834e-5,1.0226781486411714e-5,0.11111094545900332,-0.11110983167532615
19468,24.4140625,-0.11111027622133625,2.0516542269260503e-11,4.529518988729433e-6,9.490122080909505e-6,0.11111027622133625,-0.11110983153215342
19469,9.765625,-0.11111059070244281,4.891855437133736e-12,2.2117539277988715e-6,1.7998946017245205e-5,0.11111059070244281,-0.11110983195934875
19470,3.90625,-0.11111069123538693,2.3380490409709132e-12,1.529068030197124e-6,1.9322851425433885e-5,0.11111069123538693,-0.11110983235043813
19471,1.5625,-0.11111076794080399,6.989000853608579e-12,2.6436718505912527e-6,1.9062706230740722e-5,0.11111076794080399,-0.11110983270363443
19472,0.625,-0.11111083873391554,1.7837596879694738e-11,4.223457929196731e-6,1.8637744130383144e-5,0.11111083873391554,-0.11110983303747765
19473,0.25,-0.11111090779028755,3.463764316058301e-11,5.885375362760052e-6,1.8316585060202378e-5,0.11111090779028755,-0.11110983336311117
19474,0.1,-0.11111097632725637,5.7298893974607526e-11,7.56960329043785e-6,1.8103853942789906e-5,0.11111097632725637,-0.1111098336852133
19475,0.1,-0.11111104234607716,8.556964089430794e-11,9.250385986233652e-6,1.796293088104527e-5,0.11111104234607716,-0.11110983399864321
19476,0.1,-0.11111110560007768,1.1922238489742826e-10,1.0918900352023928e-5,1.7811395805060096e-5,0.11111110560007768,-0.11110983430256503
19477,0.1,-0.11111116585413071,1.5801454987373492e-10,1.2570383839554579e-5,1.7648882306117186e-5,0.11111116585413071,-0.11110983459616292
19478,0.1,-0.1111112228853972,2.0168917685544754e-10,1.4201731473853727e-5,1.7475134817604642e-5,0.1111112228853972,-0.111109834878647
19479,0.25,-0.11111126756096219,2.4850026410037477e-10,1.5763891147187447e-5,1.7291504903205397e-5,0.11111126756096219,-0.1111098351051776
19480,0.625,-0.11111127965701768,2.9387237713852433e-10,1.7142706237304667e-5,1.68789042885783e-5,0.11111127965701768,-0.11110983517610246
19481,1.5625,-0.11111120981168873,3.25428471351705e-10,1.803963612026875e-5,1.5852672641007167e-5,0.11111120981168873,-0.11110983484060584
19482,3.90625,-0.11111095712120674,3.140641951778018e-10,1.7721856425831967e-5,1.3302430240044611e-5,0.11111095712120674,-0.11110983362498478
19483,9.765625,-0.11111042986122423,2.1449853067518928e-10,1.4645768353868953e-5,7.973854788601254e-6,0.11111042986122423,-0.11110983143051509
19484,24.4140625,-0.11111011904899547,4.4975635161692565e-11,6.706387638788304e-6,1.084766202107513e-5,0.11111011904899547,-0.11110983110576704
19485,9.765625,-0.11111034435056935,1.0331259432148137e-11,3.214227657174914e-6,2.5041504455955388e-5,0.11111034435056935,-0.11110983194587133
19486,3.90625,-0.11111043763893821,2.684271614564556e-12,1.6383746868663944e-6,2.754990089695135e-5,0.11111043763893821,-0.11110983275627984
19487,1.5625,-0.11111051262248332,1.06739998578344e-11,3.2671087918577795e-6,2.7400187690566616e-5,0.11111051262248332,-0.11110983349240529
19488,0.625,-0.11111058259037035,3.213204762115377e-11,5.668513704768982e-6,2.688901924225137e-5,0.11111058259037035,-0.11110983418908213
19489,0.25,-0.11111065096072119,6.655354158749304e-11,8.158035399990186e-6,2.648536056180046e-5,0.11111065096072119,-0.1111098348697299
19490,0.1,-0.11111071880969758,1.1378490348541136e-10,1.0667000678982418e-5,2.6222251265391476e-5,0.11111071880969758,-0.1111098355445307
19491,0.1,-0.11111078556294955,1.7339095282806005e-10,1.3167799847660961e-5,2.6054977338178556e-5,0.11111078556294955,-0.11110983620320389
19492,0.1,-0.11111085106101241,2.449500124045151e-10,1.5650878965876487e-5,2.5866434337750742e-5,0.11111085106101241,-0.11110983684355667
19493,0.1,-0.11111091514874365,3.280009045624844e-10,1.811079524931151e-5,2.5656660108065705e-5,0.11111091514874365,-0.1111098374634709
19494,0.1,-0.11111097767577395,4.220446510828222e-10,2.054372534577948e-5,2.5425755688203204e-5,0.11111097767577395,-0.11110983806091258
19495,0.25,-0.11111103424608333,5.236603879250249e-10,2.2883627071009194e-5,2.5175285213719286e-5,0.11111103424608333,-0.11110983854065337
19496,0.625,-0.1111110746243452,6.236929512149716e-10,2.4973845342977753e-5,2.457714684757782e-5,0.1111110746243452,-0.11110983868845156
19497,1.5625,-0.11111107290149842,6.968450148826052e-10,2.6397822161735337e-5,2.3042558071776468e-5,0.11111107290149842,-0.11110983795851173
19498,3.90625,-0.11111097216474626,6.812707039812297e-10,2.6101162885611625e-5,1.911968229228175e-5,0.11111097216474626,-0.11110983529167709
19499,9.765625,-0.11111069812640392,4.723273543299772e-10,2.173309352876339e-5,1.020060291407889e-5,0.11111069812640392,-0.11110983038605238
19500,24.4140625,-0.1111104039004251,9.833861823931773e-11,9.916582992105585e-6,1.4399419675890342e-5,0.1111104039004251,-0.11110982959197198
19501,9.765625,-0.1111104385961012,2.140783196040414e-11,4.626859837989924e-6,3.671668570467404e-5,0.1111104385961012,-0.11110983142526529
19502,3.90625,-0.11111042294063048,3.6795315599848865e-12,1.918210509820256e-6,4.061516347711296e-5,0.11111042294063048,-0.11110983319831892
19503,1.5625,-0.11111040336691695,2.0662840033836147e-11,4.545639672679319e-6,4.045959009449057e-5,0.11111040336691695,-0.1111098348069048
19504,0.625,-0.11111038305668314,6.75978283747986e-11,8.221789852264444e-6,3.973455354968471e-5,0.11111038305668314,-0.11110983632842754
19505,0.25,-0.11111036258609167,1.4340303029204684e-10,1.1975100429309428e-5,3.9159010056743025e-5,0.11111036258609167,-0.11110983781540003
19506,0.1,-0.11111034210053893,2.4777704979104284e-10,1.574093548017534e-5,3.8788861550305445e-5,0.11111034210053893,-0.11110983929074704
19507,0.1,-0.11111032139273753,3.798113746790565e-10,1.94887499516787e-5,3.855947167706957e-5,0.11111032139273753,-0.11110984073209215
19508,0.1,-0.11111030043805369,5.386161458759337e-10,2.320810517633729e-5,3.829631720489875e-5,0.11111030043805369,-0.1111098421343627
19509,0.1,-0.11111027921385626,7.232101747894399e-10,2.6892567277771008e-5,3.799962277124492e-5,0.11111027921385626,-0.11110984349266154
19510,0.1,-0.11111025769966261,9.325249666781777e-10,3.053727176219542e-5,3.766967457509439e-5,0.11111025769966261,-0.11110984480228833
19511,0.25,-0.1111102349603131,1.1591048824920064e-9,3.404562941835569e-5,3.7308665488177026e-5,0.1111102349603131,-0.11110984585204524
19512,0.625,-0.11111020899181753,1.3829083254949617e-9,3.718747538479806e-5,3.642224271059325e-5,0.11111020899181753,-0.11110984616537573
19513,1.5625,-0.11111017527393438,1.5483587751901869e-9,3.934919027362808e-5,3.411785298587215e-5,0.11111017527393438,-0.11110984452478584
19514,3.90625,-0.11111012710635909,1.5187442536448981e-9,3.897106944445967e-5,2.8163214102665946e-5,0.11111012710635909,-0.11110983855070657
19515,9.765625,-0.1111100770101031,1.0591748143601768e-9,3.254496603716428e-5,1.4103194363718834e-5,0.1111100770101031,-0.11110982749070662
19516,24.4140625,-0.11111017799090646,2.2311389582509562e-10,1.4936997550548625e-5,2.011552163063968e-5,0.11111017799090646,-0.11110982551423332
19517,9.765625,-0.11111032410503663,4.846807654167298e-11,6.961901790579423e-6,5.4539477209713125e-5,0.11111032410503663,-0.1111098295803388
19518,3.90625,-0.11111042229818037,6.605667576813969e-12,2.570149329672105e-6,6.0573095408339945e-5,0.11111042229818037,-0.11110983353877515
19519,1.5625,-0.11111051040872934,4.276742665372374e-11,6.539680929045678e-6,6.041639624820691e-5,0.11111051040872934,-0.11110983713280212
19520,0.625,-0.1111105954536614,1.4625444762061156e-10,1.2093570507530502e-5,5.9364331007774626e-5,0.1111105954536614,-0.1111098405319058
19521,0.25,-0.11111067952654216,3.146525491687717e-10,1.773844833035775e-5,5.852040101111804e-5,0.11111067952654216,-0.11110984385360483
19522,0.1,-0.11111076332940918,5.47313175674421e-10,2.339472538147052e-5,5.797822532607653e-5,0.11111076332940918,-0.11110984714966178
19523,0.1,-0.11111084656079712,8.42258422769072e-10,2.902168883385445e-5,5.764453842858627e-5,0.11111084656079712,-0.11110985037082588
19524,0.1,-0.11111092911099296,1.197538328116375e-9,3.460546673744446e-5,5.725947197896242e-5,0.11111092911099296,-0.11110985350558111
19525,0.1,-0.1111110108709652,1.6109949246436547e-9,4.013720125573848e-5,5.682338773406981e-5,0.1111110108709652,-0.11110985654280804
19526,0.1,-0.11111109173260696,2.080271244458979e-9,4.560999062112356e-5,5.6336730426813953e-5,0.11111109173260696,-0.11110985947182488
19527,0.25,-0.11111116892966308,2.5888139660239e-9,5.0880388815573136e-5,5.5802615597522683e-5,0.11111116892966308,-0.11110986182041531
19528,0.625,-0.11111123584159008,3.092020670379397e-9,5.560594096298881e-5,5.447865905769385e-5,0.11111123584159008,-0.11110986252096383
19529,1.5625,-0.11111127509340352,3.4660198250976143e-9,5.887291249036024e-5,5.1020729766195596e-5,0.11111127509340352,-0.11110985884198184
19530,3.90625,-0.11111124489528236,3.405486649193591e-9,5.8356547612016864e-5,4.2048992305766996e-5,0.11111124489528236,-0.1111098454261444
19531,9.765625,-0.11111106675493546,2.3831722918752406e-9,4.8817745665641304e-5,2.0532528873067203e-5,0.11111106675493546,-0.11110982048340827
19532,24.4140625,-0.111110699946867,5.075452783230407e-10,2.2528765574772192e-5,2.9117880258134215e-5,0.111110699946867,-0.1111098157253433
19533,9.765625,-0.11111056334855789,1.1101692299433964e-10,1.0536456852013377e-5,8.146273665077028e-5,0.11111056334855789,-0.11110982481125083
19534,3.90625,-0.11111043861349872,1.3596319015314367e-11,3.6873186755845183e-6,9.068857850925745e-5,0.11111043861349872,-0.11110983370188948
19535,1.5625,-0.11111032185038554,9.195454846745428e-11,9.589293428999568e-6,9.052273289872519e-5,0.11111032185038554,-0.11110984178090531
19536,0.625,-0.11111020807330287,3.219207335555583e-10,1.7942149635859085e-5,8.897289053872222e-5,0.11111020807330287,-0.11110984942169136
19537,0.25,-0.11111009549436687,6.980323081368439e-10,2.6420301060677637e-5,8.771920327648042e-5,0.11111009549436687,-0.1111098568875669
19538,0.1,-0.11110998347971235,1.2188282640504455e-9,3.491172101244001e-5,8.691186610316051e-5,0.11110998347971235,-0.11110986429525722
19539,0.1,-0.11110987214565465,1.879914750292277e-9,4.335798369726476e-5,8.641474458480819e-5,0.11110987214565465,-0.11110987153536198
19540,0.1,-0.1111097615752308,2.6769434871794524e-9,5.17391871522877e-5,8.5840205473875e-5,0.1111097615752308,-0.11110987858188534
19541,0.1,-0.11110965185052629,3.6050979833022e-9,6.004246816464327e-5,8.518880662664795e-5,0.11110965185052629,-0.1111098854097194
19542,0.1,-0.11110954305265704,4.65911369160939e-9,6.825770060300442e-5,8.446122348211488e-5,0.11110954305265704,-0.11110989199474086
19543,0.25,-0.11110943714030158,5.8020460409210776e-9,7.617116279092158e-5,8.366207615395536e-5,0.11110943714030158,-0.11110989727802986
19544,0.625,-0.11110933895233886,6.9342548884203975e-9,8.327217355407747e-5,8.167836828567741e-5,0.11110933895233886,-0.11110989886273007
19545,1.5625,-0.11110926177446989,7.778797402161196e-9,8.819749090626782e-5,7.649201625300961e-5,0.11110926177446989,-0.11110989061043777
19546,3.90625,-0.11110924133695133,7.652101812531489e-9,8.747629286001716e-5,6.301393020233234e-5,0.11110924133695133,-0.11110986045086538
19547,9.765625,-0.1111093691365354,5.369095115723955e-9,7.327410945022775e-5,3.0430218050487912e-5,0.1111093691365354,-0.11110980418764539
19548,24.4140625,-0.1111099756205856,7.840600529849102e-11,8.854716556643189e-6,4.1922327797681966e-5,0.1111099756205856,-0.11110983613041486
19549,9.765625,-0.11111072594442152,8.228077041888193e-11,9.070874843083324e-6,2.4102223491804243e-5,0.11111072594442152,-0.11110983563503048
19550,3.90625,-0.11111099914492929,9.391946318252511e-11,9.691205455593494e-6,1.6467415906116845e-5,0.11111099914492929,-0.11110983545021656
19551,1.5625,-0.1111112193275779,1.086677324124899e-10,1.042438163213962e-5,1.326075614570813e-5,0.1111112193275779,-0.11110983542665659
19552,0.625,-0.11111142585438451,1.2609093180082206e-10,1.1229021854143043e-5,1.186760524893016e-5,0.11111142585438451,-0.11110983547785716
19553,1.5625,-0.11111154738522845,1.3728701540475833e-10,1.171695418633863e-5,1.1225823446273406e-5,0.11111154738522845,-0.11110983535876032
19554,3.90625,-0.11111144333546276,1.2727879078367353e-10,1.1281790229554596e-5,9.709429167476784e-6,0.11111144333546276,-0.1111098348917215
19555,9.765625,-0.1111108962115714,7.771939515458293e-11,8.815860431891089e-6,7.251253791371431e-6,0.1111108962115714,-0.11110983414669708
19556,24.4140625,-0.11111023910196449,1.3483889161547772e-11,3.6720415522632326e-6,1.0010125271206027e-5,0.11111023910196449,-0.1111098342546671
19557,9.765625,-0.11111051126476537,2.7788678606600464e-12,1.6669936594540625e-6,1.702049354333152e-5,0.11111051126476537,-0.1111098346307062
19558,3.90625,-0.11111059655698066,2.2839525626049195e-12,1.5112751445732572e-6,1.787730096521573e-5,0.11111059655698066,-0.1111098349572702
19559,1.5625,-0.11111065934880364,7.562121969501267e-12,2.7499312663230815e-6,1.7512625987789993e-5,0.11111065934880364,-0.11110983524980915
19560,0.625,-0.1111107164545242,1.7901075388953017e-11,4.230966247673576e-6,1.7088302119395785e-5,0.1111107164545242,-0.11110983552720177
19561,0.25,-0.11111077184904354,3.3143859321223e-11,5.757070376608489e-6,1.679304761422943e-5,0.11111077184904354,-0.11110983579907405
19562,0.1,-0.11111082671228036,5.3239205910909884e-11,7.296520123381411e-6,1.6608760914305357e-5,0.11111082671228036,-0.11110983606908853
19563,0.1,-0.11111087960938333,7.798154505443976e-11,8.830715998968587e-6,1.6493442021165492e-5,0.11111087960938333,-0.11110983633223326
19564,0.1,-0.1111109303284752,1.071884237791333e-10,1.0353184233806202e-5,1.6366811614598535e-5,0.1111109303284752,-0.11110983658774348
19565,0.1,-0.1111109786668294,1.4066341902179722e-10,1.1860161003198785e-5,1.622876494109653e-5,0.1111109786668294,-0.11110983683488022
19566,0.1,-0.11111102443151306,1.781968454981344e-10,1.3349039122653526e-5,1.607926543205048e-5,0.11111102443151306,-0.1111098370729334
19567,0.25,-0.11111106035753616,2.1828401904588544e-10,1.4774438028090458e-5,1.5919455128165052e-5,0.11111106035753616,-0.11110983726263655
19568,0.625,-0.11111107018268598,2.569781072047395e-10,1.6030536709815413e-5,1.554509426434181e-5,0.11111107018268598,-0.11110983731751002
19569,1.5625,-0.11111101396275039,2.8358152213211036e-10,1.6839878922727157e-5,1.45993332923356e-5,0.11111101396275039,-0.11110983702057796
19570,3.90625,-0.11111080925965869,2.72821924758059e-10,1.6517321960840354e-5,1.2243682553338796e-5,0.11111080925965869,-0.11110983596426471
19571,9.765625,-0.11111037825975657,1.8509271311781005e-10,1.36048782838293e-5,7.421627439386792e-6,0.11111037825975657,-0.11110983408028914
19572,24.4140625,-0.11111011823265031,3.7773694782350515e-11,6.146030815278306e-6,1.063010403438555e-5,0.11111011823265031,-0.11110983386840761
19573,9.765625,-0.11111033083792182,8.396320575984866e-12,2.8976405187643386e-6,2.3646098763432183e-5,0.11111033083792182,-0.11110983461599017
19574,3.90625,-0.11111042345267806,2.359512658380686e-12,1.536070525197553e-6,2.5886078399965603e-5,0.11111042345267806,-0.11110983532824033
19575,1.5625,-0.1111104994144925,9.939972438986134e-12,3.152772183172475e-6,2.571312458063153e-5,0.1111104994144925,-0.11110983597425428
19576,0.625,-0.11111057076662757,2.929683114573035e-11,5.412654722567324e-6,2.5228918837007622e-5,0.11111057076662757,-0.11110983658617524
19577,0.25,-0.11111064064501175,6.001489430363596e-11,7.746928055922293e-6,2.4855042073264033e-5,0.11111064064501175,-0.11110983718475088
19578,0.1,-0.11111071004157524,1.0197679241534314e-10,1.0098355926354703e-5,2.4615965623049318e-5,0.11111071004157524,-0.11110983777884074
19579,0.1,-0.11111077841120746,1.548067793409726e-10,1.2442137249724124e-5,2.44674287104754e-5,0.11111077841120746,-0.11110983835913567
19580,0.1,-0.1111108456056518,2.1814295761818485e-10,1.4769663422643891e-5,2.429839969118208e-5,0.1111108456056518,-0.11110983892367036
19581,0.1,-0.11111091148064496,2.91587587854715e-10,1.707593592909961e-5,2.4108979280825915e-5,0.11111091148064496,-0.1111098394705482
19582,0.1,-0.11111097589632384,3.7470865776314245e-10,1.9357392845193344e-5,2.3899317907441233e-5,0.11111097589632384,-0.11110983999794806
19583,0.25,-0.1111110347432849,4.644713239840526e-10,2.155159678501926e-5,2.3670787659770983e-5,0.1111110347432849,-0.11110984042143345
19584,0.625,-0.11111107845828982,5.527466614143248e-10,2.3510564889307206e-5,2.3114760538577082e-5,0.11111107845828982,-0.1111098405513467
19585,1.5625,-0.11111108281492853,6.170736558695125e-10,2.4840967289328983e-5,2.167799622257564e-5,0.11111108281492853,-0.11110983990500099
19586,3.90625,-0.11111099439312906,6.025877699659178e-10,2.45476632282162e-5,1.8000207417880283e-5,0.11111099439312906,-0.11110983754791598
19587,9.765625,-0.11111074168829368,4.1675067057592804e-10,2.041447208663325e-5,9.693554855839389e-6,0.11111074168829368,-0.11110983322572446
19588,24.4140625,-0.11111045433144566,8.621998084721179e-11,9.285471492994407e-6,1.3779254878319403e-5,0.11111045433144566,-0.11110983256086543
19589,9.765625,-0.11111046892247264,1.8800028281309288e-11,4.335899939033336e-6,3.4577698453043636e-5,0.11111046892247264,-0.11110983418294579
19590,3.90625,-0.11111044350349383,3.48390491858909e-12,1.8665221452179693e-6,3.820173545731993e-5,0.11111044350349383,-0.11110983574869113
19591,1.5625,-0.11111041533205374,1.8757425941221527e-11,4.330984407870978e-6,3.804667232121947e-5,0.11111041533205374,-0.11110983716948929
19592,0.625,-0.11111038675267212,6.045712610088275e-11,7.77541806598737e-6,3.73664611950248e-5,0.11111038675267212,-0.11110983851410987
19593,0.25,-0.11111035811681554,1.2764979571343995e-10,1.129822090921575e-5,3.6829978742915296e-5,0.11111035811681554,-0.11110983982886848
19594,0.1,-0.11111032949745009,2.2008526987674074e-10,1.4835271142676858e-5,3.6487466394170095e-5,0.11111032949745009,-0.11110984113391227
19595,0.1,-0.11111030072627814,3.369685946384833e-10,1.835670435123046e-5,3.627738797101836e-5,0.11111030072627814,-0.1111098424092986
19596,0.1,-0.11111027178945232,4.775229827188413e-10,2.1852299254742995e-5,3.603533963082432e-5,0.11111027178945232,-0.11110984365051728
19597,0.1,-0.1111102426747906,6.408898481835781e-10,2.53158023412962e-5,3.5761548512348665e-5,0.1111102426747906,-0.1111098448532139
19598,0.1,-0.11111021337189851,8.261323823234166e-10,2.8742518719197465e-5,3.545629729695331e-5,0.11111021337189851,-0.1111098460132073
19599,0.25,-0.11111018324336672,1.026636044414067e-9,3.204116172073146e-5,3.512154009473113e-5,0.11111018324336672,-0.11110984694343592
19600,0.625,-0.11111015097487188,1.2246080351982107e-9,3.4994400054840354e-5,3.4292203674706044e-5,0.11111015097487188,-0.1111098472219729
19601,1.5625,-0.11111011377486896,1.3707079416196945e-9,3.7023073097997884e-5,3.2128901553073374e-5,0.11111011377486896,-0.1111098457713916
19602,3.90625,-0.11111006864989122,1.3436537826989757e-9,3.665588332995095e-5,2.6536047974068584e-5,0.11111006864989122,-0.11110984048890353
19603,9.765625,-0.11111003255090147,9.356380708675644e-10,3.058820149775996e-5,1.3387935622924902e-5,0.11111003255090147,-0.11110983072576709
19604,24.4140625,-0.11111014812960952,1.9647427334794952e-10,1.4016928099549827e-5,1.9127390962949056e-5,0.11111014812960952,-0.1111098290198545
19605,9.765625,-0.11111029451136015,4.2893046302823604e-11,6.54927830396782e-6,5.1294266823530244e-5,0.11111029451136015,-0.11110983260962451
19606,3.90625,-0.11111039503718817,6.3513013611813834e-12,2.5201788351586052e-6,5.6929815488090734e-5,0.11111039503718817,-0.11110983610177189
19607,1.5625,-0.11111048574821202,3.861552666672803e-11,6.214139253889313e-6,5.677514657241548e-5,0.11111048574821202,-0.11110983927315557
19608,0.625,-0.1111105734344411,1.302892921695865e-10,1.1414433501912677e-5,5.578773231042953e-5,0.1111105734344411,-0.11110984227359942
19609,0.25,-0.11111066014875273,2.7926965526449873e-10,1.6711363058245688e-5,5.499873078127772e-5,0.11111066014875273,-0.11110984520665408
19610,0.1,-0.11111074658357627,4.850055551417489e-10,2.2022841668180535e-5,5.4494157138280744e-5,0.11111074658357627,-0.11110984811784833
19611,0.1,-0.11111083247056935,7.457600750145614e-10,2.7308608075377286e-5,5.418567594564876e-5,0.11111083247056935,-0.11110985096344105
19612,0.1,-0.11111091770349057,1.059823857713432e-9,3.255493599615014e-5,5.382870906240079e-5,0.11111091770349057,-0.11110985373322808
19613,0.1,-0.11111100217674454,1.4253024062189246e-9,3.7753177432090724e-5,5.34236046686369e-5,0.11111100217674454,-0.11110985641735302
19614,0.1,-0.11111108578561946,1.8401240473046205e-9,4.289666708853522e-5,5.297078777922523e-5,0.11111108578561946,-0.11110985900634646
19615,0.25,-0.11111116589565502,2.2896285154543478e-9,4.785006285737092e-5,5.247307524679697e-5,0.11111116589565502,-0.1111098610825675
19616,0.625,-0.11111123617902784,2.7342981222575093e-9,5.229051656139485e-5,5.123224467245689e-5,0.11111123617902784,-0.11110986170203378
19617,1.5625,-0.11111127998466115,3.06438707924788e-9,5.535690633740184e-5,4.798435666592423e-5,0.11111127998466115,-0.11110985845036438
19618,3.90625,-0.11111125704377611,3.0095387591806182e-9,5.485926320304182e-5,3.955447539418442e-5,0.11111125704377611,-0.11110984659699837
19619,9.765625,-0.11111109037167492,2.1038163639673354e-9,4.58673779931591e-5,1.93880890243023e-5,0.11111109037167492,-0.1111098245869283
19620,24.4140625,-0.11111073122509177,4.470995982757279e-10,2.114472979907116e-5,2.7566620647023623e-5,0.11111073122509177,-0.11110982044699504
19621,9.765625,-0.11111059025067399,9.816128892898909e-11,9.90763790865356e-6,7.656057466243057e-5,0.11111059025067399,-0.11110982846169275
19622,3.90625,-0.11111046366197624,1.2839572993627754e-11,3.5832349900094126e-6,8.51928121252444e-5,0.11111046366197624,-0.11110983630048485
19623,1.5625,-0.11111034521442947,8.249403701611967e-11,9.08262280490166e-6,8.502962230953206e-5,0.11111034521442947,-0.11110984342479731
19624,0.625,-0.11111022978366239,2.8587716955749865e-10,1.6907902577123476e-5,8.357515320262875e-5,0.11111022978366239,-0.11110985016430706
19625,0.25,-0.111110115545362,6.182158904272e-10,2.486394760345187e-5,8.240187151159352e-5,0.111110115545362,-0.11110985675102017
19626,0.1,-0.11111000185289026,1.0782571363369329e-9,3.283682591751116e-5,8.1648867730963e-5,0.11111000185289026,-0.11110986328766452
19627,0.1,-0.1111098888130242,1.6621403278991323e-9,4.076935525488639e-5,8.11875235176255e-5,0.1111098888130242,-0.11110986967731006
19628,0.1,-0.11110977651051072,2.3660499162543655e-9,4.864205912843704e-5,8.065324907047669e-5,0.11110977651051072,-0.11110987589696118
19629,0.1,-0.1111096650292146,3.1857547779217876e-9,5.6442490890478846e-5,8.00465693652341e-5,0.1111096650292146,-0.11110988192440378
19630,0.1,-0.11110955445208616,4.116625988135897e-9,6.416093817998531e-5,7.936811966937297e-5,0.11110955445208616,-0.11110988773828898
19631,0.25,-0.11110944674419451,5.125990545315387e-9,7.159602325070427e-5,7.862210301888338e-5,0.11110944674419451,-0.11110989240307877
19632,0.625,-0.11110934676925387,6.1256993876976156e-9,7.82668473090466e-5,7.6762116515716e-5,0.11110934676925387,-0.11110989380155575
19633,1.5625,-0.11110926786537319,6.870753142610143e-9,8.289000628911874e-5,7.18909973284466e-5,0.11110926786537319,-0.11110988651275217
19634,3.90625,-0.11110924572771454,6.756680268701141e-9,8.219902839268321e-5,5.922776733995418e-5,0.11110924572771454,-0.11110985988503286
19635,9.765625,-0.1111093706360536,4.7371238747125935e-9,6.882676713832049e-5,2.8661534724253732e-5,0.1111093706360536,-0.11110981025696053
19636,24.4140625,-0.1111099590604498,7.005125488575975e-11,8.369662770133558e-6,3.96245321878114e-5,0.1111099590604498,-0.11110983848808258
19637,9.765625,-0.11111070193035513,7.329576306797451e-11,8.561294473849998e-6,2.2887854089559395e-5,0.11111070193035513,-0.11110983805454919
19638,3.90625,-0.11111097647731949,8.37119934622799e-11,9.149425854242434e-6,1.5760344974326562e-5,0.11111097647731949,-0.11110983789674547
19639,1.5625,-0.1111111978906558,9.698052073933706e-11,9.847868842512936e-6,1.2769019400511035e-5,0.1111111978906558,-0.11110983788177371
19640,0.625,-0.11111140557220991,1.1270917048351075e-10,1.0616457529868932e-5,1.1468701736127817e-5,0.11111140557220991,-0.11110983793313045
19641,1.5625,-0.11111152946675112,1.2289756701149198e-10,1.1085917508780767e-5,1.0868862776704911e-5,0.11111152946675112,-0.11110983783159954
19642,3.90625,-0.11111143042019848,1.1400186697537395e-10,1.0677165680805648e-5,9.453624969216231e-6,0.11111143042019848,-0.11110983741748034
19643,9.765625,-0.11111089145248564,6.942648375083271e-11,8.33225562202893e-6,7.1685976911492155e-6,0.11111089145248564,-0.11110983675499445
19644,24.4140625,-0.11111023490934437,1.197362895120638e-11,3.4602931886194818e-6,9.663599205387062e-6,0.11111023490934437,-0.11110983685663169
19645,9.765625,-0.11111050928309213,2.5394800996536788e-12,1.5935746294584634e-6,1.614598629502296e-5,0.11111050928309213,-0.11110983719287368
19646,3.90625,-0.11111059750700546,2.1923890791250233e-12,1.480671833704222e-6,1.6926655838191186e-5,0.11111059750700546,-0.11110983748457136
19647,1.5625,-0.11111066319372655,6.960204874979961e-12,2.6382200201992177e-6,1.6575280473936583e-5,0.11111066319372655,-0.11110983774619648
19648,0.625,-0.11111072315970844,1.62144120984369e-11,4.026712318807603e-6,1.6174248683883407e-5,0.11111072315970844,-0.1111098379945472
19649,0.25,-0.1111107813995439,2.981801383577952e-11,5.460587316010936e-6,1.589679149457885e-5,0.1111107813995439,-0.1111098382381169
19650,0.1,-0.1111108391019326,4.772687627654949e-11,6.908464104021203e-6,1.5724340393881207e-5,0.1111108391019326,-0.11110983848011444
19651,0.1,-0.11111089483552312,6.975725542355806e-11,8.352080903796255e-6,1.56168895900447e-5,0.11111089483552312,-0.11110983871602931
19652,0.1,-0.11111094838730196,9.5746660214496e-11,9.785022238835024e-6,1.5498808564911775e-5,0.11111094838730196,-0.11110983894518218
19653,0.1,-0.11111099955334379,1.2552007875293593e-10,1.1203574373963692e-5,1.5370007400559332e-5,0.11111099955334379,-0.11110983916691625
19654,0.1,-0.1111110481394514,1.5889062100750302e-10,1.2605182307586948e-5,1.5230460522078339e-5,0.1111110481394514,-0.11110983938060012
19655,0.25,-0.11111108686604279,1.9450919247178384e-10,1.3946655243167941e-5,1.5081233354582683e-5,0.11111108686604279,-0.1111098395512591
19656,0.625,-0.11111109942525739,2.2883877720100046e-10,1.5127418061288598e-5,1.4730729260734033e-5,0.11111109942525739,-0.11110983960196175
19657,1.5625,-0.11111104571698595,2.523027134923538e-10,1.588403958356796e-5,1.384509330866383e-5,0.11111104571698595,-0.11110983933995085
19658,3.90625,-0.11111084271637031,2.4233894305286064e-10,1.5567239416571605e-5,1.1645750567665907e-5,0.11111084271637031,-0.11110983840451667
19659,9.765625,-0.11111041021508172,1.6388525514408193e-10,1.2801767657010572e-5,7.212533205597005e-6,0.11111041021508172,-0.11110983674142995
19660,24.4140625,-0.11111013689610315,3.3260433461351206e-11,5.767185922211214e-6,1.0248714235931751e-5,0.11111013689610315,-0.11110983656898737
19661,9.765625,-0.11111034080903245,7.4385050539063e-12,2.727362288715289e-6,2.2329302206394318e-5,0.11111034080903245,-0.11110983723333019
19662,3.90625,-0.11111042761784767,2.2434492680607973e-12,1.4978148310324602e-6,2.4403393467975456e-5,0.11111042761784767,-0.11110983786499772
19663,1.5625,-0.11111049822525086,9.074212030576861e-12,3.012343279006704e-6,2.423047302991585e-5,0.11111049822525086,-0.11110983843804625
19664,0.625,-0.11111056436413434,2.630980336329619e-11,5.12930827337334e-6,2.377220458397365e-5,0.11111056436413434,-0.1111098389810842
19665,0.25,-0.11111062907591336,5.358615416685494e-11,7.320256427670751e-6,2.3420120166290227e-5,0.11111062907591336,-0.11110983951243666
19666,0.1,-0.11111069332061235,9.080098256216701e-11,9.528954956455981e-6,2.3195555300365407e-5,0.11111069332061235,-0.11110984003989832
19667,0.1,-0.11111075656941717,1.3762031347363835e-10,1.1731168461565896e-5,2.3056341849016092e-5,0.11111075656941717,-0.11110984055515985
19668,0.1,-0.11111081867905694,1.9372339770934245e-10,1.391845529178229e-5,2.289790999576566e-5,0.11111081867905694,-0.11110984105648426
19669,0.1,-0.11111087951018046,2.587577007105694e-10,1.6085947305352253e-5,2.2720356107675912e-5,0.11111087951018046,-0.11110984154219543
19670,0.1,-0.11111093892776179,3.323402981764225e-10,1.82302029110052e-5,2.252382404481583e-5,0.11111093892776179,-0.11110984201068486
19671,0.25,-0.11111099295501545,4.117723386441203e-10,2.0292174320267414e-5,2.2309595323208308e-5,0.11111099295501545,-0.11110984238711892
19672,0.625,-0.1111110323424256,4.898277501785649e-10,2.213205255231798e-5,2.1787870357407974e-5,0.1111110323424256,-0.11110984250354052
19673,1.5625,-0.11111103368017117,5.465505964989418e-10,2.3378421599820246e-5,2.043983642499534e-5,0.11111103368017117,-0.1111098419327974
19674,3.90625,-0.11111094549273695,5.332520118061907e-10,2.309225003775489e-5,1.6994192244631476e-5,0.11111094549273695,-0.11110983984953365
19675,9.765625,-0.11111069991462275,3.6809529663989133e-10,1.9185809772847518e-5,9.277624890754042e-6,0.11111069991462275,-0.11110983603724478
19676,24.4140625,-0.1111104292364317,7.580834456970334e-11,8.706798755553234e-6,1.3168400625293341e-5,0.1111104292364317,-0.11110983547266393
19677,9.765625,-0.11111045247403716,1.658100708943502e-11,4.071978277132016e-6,3.2554076712010395e-5,0.11111045247403716,-0.11110983690758997
19678,3.90625,-0.1111104345400719,3.2912511557545554e-12,1.8141805741861958e-6,3.592521855713947e-5,0.1111104345400719,-0.11110983829037933
19679,1.5625,-0.1111104133809568,1.6971524688140516e-11,4.119651039607665e-6,3.57682687989912e-5,0.1111104133809568,-0.11110983954512109
19680,0.625,-0.11111039164278405,5.395957461472657e-11,7.345718114298055e-6,3.512564983268199e-5,0.11111039164278405,-0.11110984073283245
19681,0.25,-0.1111103697844546,1.1343712741114943e-10,1.0650686710778297e-5,3.4620777720013455e-5,0.1111103697844546,-0.11110984189436815
19682,0.1,-0.11111034791723684,1.9518611454501777e-10,1.3970902424146328e-5,3.429907745649174e-5,0.11111034791723684,-0.11110984304745145
19683,0.1,-0.11111032587095865,2.985025423357887e-10,1.7277226118095135e-5,3.4102108986882636e-5,0.11111032587095865,-0.1111098441743636
19684,0.1,-0.11111030362689057,4.227000402153699e-10,2.0559670236056072e-5,3.387512447958767e-5,0.11111030362689057,-0.11110984527112547
19685,0.1,-0.11111028116800027,5.670198756051339e-10,2.381217914440285e-5,3.3618338639505044e-5,0.11111028116800027,-0.11110984633389476
19686,0.1,-0.11111025847907162,7.306341208585865e-10,2.7030244557876026e-5,3.333201892093312e-5,0.11111025847907162,-0.11110984735898206
19687,0.25,-0.11111023481986981,9.076815064029851e-10,3.0127753092505672e-5,3.301798813211148e-5,0.11111023481986981,-0.11110984818103588
19688,0.625,-0.11111020861733714,1.0823996980179634e-9,3.2899843434550925e-5,3.223935967735726e-5,0.11111020861733714,-0.1111098484272954
19689,1.5625,-0.11111017636648068,1.2110939438782723e-9,3.480077504709158e-5,3.0208171231550728e-5,0.11111017636648068,-0.11110984714636674
19690,3.90625,-0.11111013315952202,1.1864424560123803e-9,3.444477400147053e-5,2.4960694079032985e-5,0.11111013315952202,-0.1111098424840167
19691,9.765625,-0.11111009111368143,8.249882174286365e-10,2.8722608123717395e-5,1.2682626489507209e-5,0.11111009111368143,-0.1111098338817452
19692,24.4140625,-0.11111018294302617,1.725727042631073e-10,1.3136693048979538e-5,1.8160595210943588e-5,0.11111018294302617,-0.11110983241554369
19693,9.765625,-0.1111103156338179,3.7699520315757785e-11,6.139993511051765e-6,4.820931537586191e-5,0.1111103156338179,-0.1111098355832608
19694,3.90625,-0.11111040535259119,5.8905236071299046e-12,2.4270400917846215e-6,5.346339343978053e-5,0.11111040535259119,-0.11110983866027735
19695,1.5625,-0.11111048604720158,3.467612522377181e-11,5.888643750794559e-6,5.330499365787474e-5,0.11111048604720158,-0.11110984145419137
19696,0.625,-0.11111056397617856,1.1579651109125277e-10,1.0760878732299364e-5,5.2373424427161664e-5,0.11111056397617856,-0.1111098440977277
19697,0.25,-0.11111064101726921,2.4740786905796536e-10,1.5729204336455337e-5,5.163138558925922e-5,0.11111064101726921,-0.11110984668215919
19698,0.1,-0.11111071780175023,4.290295851433039e-10,2.0713029356984552e-5,5.115760430508087e-5,0.11111071780175023,-0.11110984924753059
19699,0.1,-0.11111079407463671,6.591270994083563e-10,2.567347073163962e-5,5.086837809936837e-5,0.11111079407463671,-0.11110985175509785
19700,0.1,-0.11111086973867638,9.361928186274059e-10,3.059726815628163e-5,5.053362702751592e-5,0.11111086973867638,-0.11110985419586852
19701,0.1,-0.11111094469727285,1.2585556562454799e-9,3.547612797707044e-5,5.015367835756089e-5,0.11111094469727285,-0.11110985656115652
19702,0.1,-0.11111101885470755,1.6243880680659803e-9,4.030369794530001e-5,4.972893204458872e-5,0.11111101885470755,-0.11110985884261651
19703,0.25,-0.11111108977901711,2.020728873670587e-9,4.4952517990326046e-5,4.926201382211407e-5,0.11111108977901711,-0.11110986067171494
19704,0.625,-0.11111115164030314,2.41264694813849e-9,4.911870263085631e-5,4.809706060802258e-5,0.11111115164030314,-0.11110986121579756
19705,1.5625,-0.11111118912622057,2.7031587643742893e-9,5.1991910566686136e-5,4.5047297182340366e-5,0.11111118912622057,-0.1111098583460479
19706,3.90625,-0.11111116535654629,2.653486248910786e-9,5.151200101831403e-5,3.7134484900107216e-5,0.11111116535654629,-0.1111098478958896
19707,9.765625,-0.11111101072826172,1.8528466424006285e-9,4.3044705161037265e-5,1.82532182058377e-5,0.11111101072826172,-0.11110982851946034
19708,24.4140625,-0.11111068649035867,3.9250458436811734e-10,1.9811728454834963e-5,2.6060848536619642e-5,0.11111068649035867,-0.1111098249396887
19709,9.765625,-0.11111056284141375,8.61311021176698e-11,9.280684356105955e-6,7.18854357467131e-5,0.11111056284141375,-0.11110983200179493
19710,3.90625,-0.11111045077206357,1.1713713824149201e-11,3.422530324796144e-6,7.994423528640568e-5,0.11111045077206357,-0.11110983890010499
19711,1.5625,-0.11111034583557705,7.366962481179782e-11,8.583101118581665e-6,7.977557385715685e-5,0.11111034583557705,-0.11110984516836861
19712,0.625,-0.11111024355485194,2.5333007710663636e-10,1.591634622350985e-5,7.840517757400845e-5,0.11111024355485194,-0.11110985109823142
19713,0.25,-0.11111014232512799,5.465104811307087e-10,2.3377563626920336e-5,7.730255209897864e-5,0.11111014232512799,-0.11110985689405328
19714,0.1,-0.11111004157655748,9.521174937174616e-10,3.085640117896871e-5,7.659584784762671e-5,0.11111004157655748,-0.1111098626461651
19715,0.1,-0.11110994140625358,1.4667462056588143e-9,3.8298122743273124e-5,7.616343173321592e-5,0.11110994140625358,-0.11110986826888863
19716,0.1,-0.11110984188947416,2.0870359237755305e-9,4.568408829970815e-5,7.56625449596511e-5,0.11110984188947416,-0.11110987374197535
19717,0.1,-0.11110974310076699,2.8092593696459487e-9,5.3002446826971573e-5,7.50936803616741e-5,0.11110974310076699,-0.1111098790458636
19718,0.1,-0.11110964511394184,3.629338358334021e-9,6.0243990225864195e-5,7.44574347668234e-5,0.11110964511394184,-0.11110988416175538
19719,0.25,-0.11110954967574334,4.518432355043707e-9,6.721928558861442e-5,7.375772636221389e-5,0.11110954967574334,-0.11110988826509358
19720,0.625,-0.11110946111077022,5.398741890895886e-9,7.347613143665014e-5,7.201191874685407e-5,0.11110946111077022,-0.11110988949039721
19721,1.5625,-0.11110939128751479,6.054074765280371e-9,7.780793510484886e-5,6.743891702240738e-5,0.11110939128751479,-0.11110988306270454
19722,3.90625,-0.11110937201529222,5.951276702418196e-9,7.714451829143919e-5,5.555279144600478e-5,0.11110937201529222,-0.11110985960766682
19723,9.765625,-0.11110948398197991,4.168736660699345e-9,6.456575455068534e-5,2.6903390966623042e-5,0.11110948398197991,-0.11110981594539521
19724,24.4140625,-0.11110989637337186,8.918198434364022e-10,2.9863352849879433e-5,3.8086397420715654e-5,0.11110989637337186,-0.1111098074303642
19725,9.765625,-0.11111014932595802,1.9636121148489407e-10,1.401289447205302e-5,0.00010756971016773805,0.11111014932595802,-0.11110982326632618
19726,3.90625,-0.11111035020532314,2.3746540859876912e-11,4.873042259192599e-6,0.00011985889333873169,0.11111035020532314,-0.11110983880224115
19727,1.5625,-0.11111053551736824,1.5857364176795275e-10,1.2592602660608042e-5,0.000119683925419682,0.11111053551736824,-0.11110985292959166
19728,0.625,-0.11111071586183034,5.586219788202318e-10,2.363518518692485e-5,0.00011765841725655616,0.11111071586183034,-0.11110986629377713
19729,0.25,-0.11111089471492948,1.2143960484580618e-9,3.4848185726922166e-5,0.00011601574774388992,0.11111089471492948,-0.11110987935375687
19730,0.1,-0.1111110732889632,2.1234096977562913e-9,4.608046980832868e-5,0.00011495963345612739,0.1111110732889632,-0.11110989231357932
19731,0.1,-0.11111125121852616,3.278073549978274e-9,5.725446314461672e-5,0.000114312109477608,0.11111125121852616,-0.11110990498273596
19732,0.1,-0.1111114283095654,4.670867459491392e-9,6.834374484538722e-5,0.00011356181695116787,0.1111114283095654,-0.1111099173155931
19733,0.1,-0.11111160436640749,6.293446934193671e-9,7.93312481572909e-5,0.00011270947593227774,0.11111160436640749,-0.11110992926805544
19734,0.1,-0.11111177919218658,8.136678088596687e-9,9.020353700713009e-5,0.00011175596185833047,0.11111177919218658,-0.11110994079773467
19735,0.25,-0.11111194834262242,1.013612397836995e-8,0.00010067831930644229,0.00011070711732672254,0.11111194834262242,-0.11110995005406832
19736,0.625,-0.11111210092761242,1.211782873088107e-8,0.00011008100985583786,0.00010809076127519718,0.11111210092761242,-0.11110995284594789
19737,1.5625,-0.11111220775935084,1.3598067088285192e-8,0.00011661075031181813,0.000101235683824975,0.11111220775935084,-0.11110993843574084
19738,3.90625,-0.11111219571048343,1.3382411110302175e-8,0.00011568237164884792,8.340094817544655e-5,0.11111219571048343,-0.11110988569125449
19739,9.765625,-0.11111191110798073,9.398560342221152e-9,9.694617239592882e-5,4.018674557851426e-5,0.11111191110798073,-0.11110978716439143
19740,24.4140625,-0.11111144692464107,1.3922655919314107e-10,1.1799430460540927e-5,5.516594021758301e-5,0.11111144692464107,-0.11110984269302646
19741,9.765625,-0.11110983938218312,1.4341806310674888e-10,1.1975728082532139e-5,3.266222843705471e-5,0.11110983938218312,-0.11110984194180215
19742,3.90625,-0.1111092307747488,1.6675297884940894e-10,1.2913286911139586e-5,2.2348741675910822e-5,0.1111092307747488,-0.11110984162497571
19743,1.5625,-0.1111087404746822,1.9637301911489948e-10,1.4013315778747709e-5,1.7753336843466654e-5,0.1111087404746822,-0.11110984157537085
19744,0.625,-0.11110828097177695,2.3159152058665357e-10,1.5218131310599656e-5,1.5676579147909284e-5,0.11110828097177695,-0.11110984165445242
19745,1.5625,-0.11110800349446918,2.54353629804855e-10,1.5948467945381307e-5,1.4702285653969565e-5,0.11110800349446918,-0.11110984141089494
19746,3.90625,-0.11110821269661789,2.3352358035736013e-10,1.5281478343320064e-5,1.2334533617145402e-5,0.11110821269661789,-0.11110984052046782
19747,9.765625,-0.11110939174663743,1.3655855358845378e-10,1.1685827039129656e-5,8.334627544449657e-6,0.11110939174663743,-0.11110983917948693
19748,24.4140625,-0.11111087092105511,2.392356192471046e-11,4.891171835532919e-6,1.2420716191156978e-5,0.11111087092105511,-0.1111098393556953
19749,9.765625,-0.11111024670125101,4.0640037778100685e-12,2.0159374439228187e-6,2.2189177903085564e-5,0.11111024670125101,-0.11110984001956255
19750,3.90625,-0.11111003097281956,3.712807941729631e-12,1.926864795913203e-6,2.327162048734651e-5,0.11111003097281956,-0.1111098405730454
19751,1.5625,-0.11110986658868695,1.3646115626332247e-11,3.6940649190738713e-6,2.2720826737885436e-5,0.11110986658868695,-0.11110984106268496
19752,0.625,-0.11110971545616453,3.26050528593374e-11,5.710083437160739e-6,2.2119192046613336e-5,0.11110971545616453,-0.1111098415249117
19753,0.25,-0.11110956837504439,6.032834265181824e-11,7.767132202545432e-6,2.1707977068073466e-5,0.11110956837504439,-0.11110984197747033
19754,0.1,-0.11110942258148604,9.673558751515955e-11,9.835425131389063e-6,2.1454571344274912e-5,0.11110942258148604,-0.11110984242698038
19755,0.1,-0.11110928119650838,1.4143129595423517e-10,1.1892489056300837e-5,2.1298094342707835e-5,0.11110928119650838,-0.11110984286430683
19756,0.1,-0.1111091447064181,1.9407448122473727e-10,1.3931061740755342e-5,2.112564857265618e-5,0.1111091447064181,-0.11110984328807642
19757,0.1,-0.11110901357765446,2.5429804368414033e-10,1.5946725171148475e-5,2.0937121218602796e-5,0.11110901357765446,-0.11110984369696388
19758,0.1,-0.11110888825536974,3.2171037368006524e-10,1.793628650752617e-5,2.0732490623785394e-5,0.11110888825536974,-0.11110984408970113
19759,0.25,-0.11110878504891439,3.934136074581467e-10,1.9834656726501387e-5,2.051331220979088e-5,0.11110878504891439,-0.11110984439558191
19760,0.625,-0.11110874062848725,4.618641950781289e-10,2.1491025919628146e-5,1.999495028896267e-5,0.11110874062848725,-0.11110984445974025
19761,1.5625,-0.111108845511764,5.069022399586014e-10,2.2514489555808308e-5,1.868150964293082e-5,0.111108845511764,-0.11110984389743651
19762,3.90625,-0.11110928898669481,4.824821114017203e-10,2.1965475442196108e-5,1.540984480314733e-5,0.11110928898669481,-0.11110984200451743
19763,9.765625,-0.11111026605409519,3.225602885242386e-10,1.7959963488945032e-5,8.663583156677971e-6,0.11111026605409519,-0.11110983871707501
19764,24.4140625,-0.1111109602944473,6.559717524031478e-11,8.099208309477833e-6,1.3479045675227914e-5,0.1111109602944473,-0.11110983835807552
19765,9.765625,-0.1111105430092502,1.3691590379230264e-11,3.7002149098708125e-6,3.0874320670028694e-5,0.1111105430092502,-0.1111098396521624
19766,3.90625,-0.11111037478841106,3.225180260683412e-12,1.7958786876299334e-6,3.386557105533771e-5,0.11111037478841106,-0.11110984087601089
19767,1.5625,-0.11111024058490057,1.6602673115128046e-11,4.074637789439455e-6,3.362908725126916e-5,0.11111024058490057,-0.11110984198140084
19768,0.625,-0.11111011572077852,5.0590159172773297e-11,7.112675950215453e-6,3.2979493115804866e-5,0.11111011572077852,-0.11110984302631226
19769,0.25,-0.11110999386571684,1.044645577650844e-10,1.022079046674397e-5,3.2479080716855785e-5,0.11110999386571684,-0.111109844047643
19770,0.1,-0.11110987303264137,1.7802460648243322e-10,1.3342586199175676e-5,3.21597995701081e-5,0.11110987303264137,-0.11110984506110522
19771,0.1,-0.11110975430619423,2.706100580750558e-10,1.645022972712101e-5,3.196204683349176e-5,0.11110975430619423,-0.11110984605049065
19772,0.1,-0.11110963797778221,3.8158614198087463e-10,1.9534230007371025e-5,3.1736792375547e-5,0.11110963797778221,-0.11110984701235854
19773,0.1,-0.11110952432992971,5.102548287631244e-10,2.258882088031875e-5,3.148415409281561e-5,0.11110952432992971,-0.11110984794338713
19774,0.1,-0.11110941363548428,6.558576374778241e-10,2.5609717637604366e-5,3.120431570634286e-5,0.11110941363548428,-0.11110984884038824
19775,0.25,-0.1111093140376933,8.130388906788627e-10,2.8513836828439324e-5,3.089906021262063e-5,0.1111093140376933,-0.1111098495555426
19776,0.625,-0.11110924443787944,9.674592708461292e-10,3.1104007311697464e-5,3.0153968705925555e-5,0.11110924443787944,-0.11110984975690125
19777,1.5625,-0.11110925254264155,1.07955436589831e-9,3.285657264381527e-5,2.8224697560459813e-5,0.11110925254264155,-0.11110984860046089
19778,3.90625,-0.11110944252828654,1.0530351360145596e-9,3.245050286227564e-5,2.326865572941374e-5,0.11110944252828654,-0.11110984445669381
19779,9.765625,-0.11110994699508507,7.269291290043136e-10,2.6961623263526135e-5,1.1843762930083587e-5,0.11110994699508507,-0.11110983689696328
19780,24.4140625,-0.11111046551615884,1.4992482926091096e-10,1.2244379496769567e-5,1.7591029655305407e-5,0.11111046551615884,-0.11110983573412665
19781,9.765625,-0.11111037413979401,3.2098597173153416e-11,5.6655623880735275e-6,4.542415791099849e-5,0.11111037413979401,-0.11110983854925666
19782,3.90625,-0.11111037762448127,5.347859649322009e-12,2.3125439778136133e-6,5.0239001746636816e-5,0.11111037762448127,-0.11110984126165288
19783,1.5625,-0.11111039079470873,3.1999652237145985e-11,5.656823511224827e-6,5.003487160383595e-5,0.11111039079470873,-0.11110984371948542
19784,0.625,-0.11111040623373356,1.0478956913652706e-10,1.0236677641526427e-5,4.9133479027204736e-5,0.11111040623373356,-0.11110984604380506
19785,0.25,-0.11111042237451899,2.220937061194683e-10,1.4902808665465322e-5,4.842269300051857e-5,0.11111042237451899,-0.11110984831586404
19786,0.1,-0.11111043877708127,3.83480161896461e-10,1.9582649511658555e-5,4.796932829789153e-5,0.11111043877708127,-0.1111098505709929
19787,0.1,-0.11111045583079489,5.875634781933664e-10,2.4239708706858803e-5,4.769174002689369e-5,0.11111045583079489,-0.11110985277447986
19788,0.1,-0.11111047359823195,8.329904293669171e-10,2.8861573577456185e-5,4.737159705397154e-5,0.11111047359823195,-0.11110985491843885
19789,0.1,-0.11111049213750106,1.118264566079741e-9,3.344046300636014e-5,4.700919369804629e-5,0.11111049213750106,-0.11110985699525606
19790,0.1,-0.11111051150200267,1.4417524763784674e-9,3.797041580465596e-5,4.660489643299526e-5,0.11111051150200267,-0.11110985899762035
19791,0.25,-0.11111053382511282,1.791895618880883e-9,4.2330788072995794e-5,4.616125902434868e-5,0.11111053382511282,-0.11110986059899058
19792,0.625,-0.11111056381978825,2.1375990120577392e-9,4.623417580164849e-5,4.506010376191617e-5,0.11111056381978825,-0.11110986106274486
19793,1.5625,-0.11111061265640325,2.3926430797647873e-9,4.891465097253365e-5,4.218436589143903e-5,0.11111061265640325,-0.11110985850799614
19794,3.90625,-0.11111070061944295,2.345173242848081e-9,4.8426988785676946e-5,3.473498340262829e-5,0.11111070061944295,-0.11110984926499327
19795,9.765625,-0.11111082654681292,1.632542415208409e-9,4.040473258429523e-5,1.7026047405228732e-5,0.11111082654681292,-0.11110983220657648
19796,24.4140625,-0.11111075782256771,3.4239746775451873e-10,1.850398518575171e-5,2.481145975181912e-5,0.11111075782256771,-0.11110982921963536
19797,9.765625,-0.1111105476743521,7.430257001862094e-11,8.619893851934659e-6,6.75835798206412e-5,0.1111105476743521,-0.11110983546528318
19798,3.90625,-0.11111041416660943,1.0443523244708112e-11,3.2316440467211287e-6,7.504871820895202e-5,0.11111041416660943,-0.11110984153840894
19799,1.5625,-0.11111029556126939,6.665266435535835e-11,8.16410830130017e-6,7.484658845102143e-5,0.11111029556126939,-0.11110984705076903
19800,0.625,-0.11111018158896302,2.2653921501882766e-10,1.5051219718641664e-5,7.354112233134139e-5,0.11111018158896302,-0.11110985226438483
19801,0.25,-0.11111006926496107,4.864386501174235e-10,2.205535422788361e-5,7.249772875675368e-5,0.11111006926496107,-0.11110985736024835
19802,0.1,-0.11110995760323522,8.453946397930908e-10,2.907567092593206e-5,7.183061790837862e-5,0.11110995760323522,-0.11110986241795186
19803,0.1,-0.1111098470145863,1.3003808198790277e-9,3.606079338948365e-5,7.1423005238486e-5,0.1111098470145863,-0.11110986736129383
19804,0.1,-0.11110973763884506,1.848419439097654e-9,4.2993248761842295e-5,7.095116178187578e-5,0.11110973763884506,-0.11110987217245956
19805,0.1,-0.1111096296126879,2.4862093746828776e-9,4.9861903039122744e-5,7.04155378663932e-5,0.1111096296126879,-0.11110987683423956
19806,0.1,-0.1111095230693941,3.21013999226047e-9,5.665809732298174e-5,6.981668474630113e-5,0.1111095230693941,-0.11110988133009794
19807,0.25,-0.11110942171096072,3.9946280764393725e-9,6.320307015042365e-5,6.915827809048572e-5,0.11110942171096072,-0.11110988493133879
19808,0.625,-0.11110933431496259,4.770703203358639e-9,6.907027727871548e-5,6.751552294021943e-5,0.11110933431496259,-0.11110988599073524
19809,1.5625,-0.111109283757679,5.346821098636868e-9,7.312196044032783e-5,6.321330827785206e-5,0.111109283757679,-0.1111098802951927
19810,3.90625,-0.11110932458915525,5.251152273717421e-9,7.24648347387712e-5,5.2036812531761784e-5,0.11110932458915525,-0.11110985959012738
19811,9.765625,-0.11110955789740969,3.6707498118418956e-9,6.058671316255649e-5,2.5159473907466354e-5,0.11110955789740969,-0.11110982116274483
19812,24.4140625,-0.11111003195848064,7.802142044037775e-10,2.793231469828051e-5,3.6095745345884614e-5,0.11111003195848064,-0.11110981391145366
19813,9.765625,-0.11111020578170101,1.7103083493710462e-10,1.307787578076442e-5,0.00010101650380015719,0.11111020578170101,-0.11110982787537922
19814,3.90625,-0.11111036523604999,2.178955983606696e-11,4.66792885936225e-6,0.00011244344075205168,0.11111036523604999,-0.11110984153557703
19815,1.5625,-0.1111105151253726,1.4299223663709323e-10,1.1957936136185593e-5,0.00011223570044945176,0.1111105151253726,-0.11110985394949202
19816,0.625,-0.11111066174340835,4.975842226500826e-10,2.2306595944923614e-5,0.00011031760368567532,0.11111066174340835,-0.11110986569201574
19817,0.25,-0.11111080739814465,1.0772554073973789e-9,3.282156924032394e-5,0.00010876972608782893,0.11111080739814465,-0.11110987716809448
19818,0.1,-0.11111095292442526,1.879838758417942e-9,4.335710735759412e-5,0.00010777682741894332,0.11111095292442526,-0.11110988855711557
19819,0.1,-0.11111109812914131,2.8986187404391595e-9,5.383882187083183e-5,0.00010716922505146053,0.11111109812914131,-0.11110989969013028
19820,0.1,-0.11111124287475203,4.126956671241135e-9,6.424139375232401e-5,0.00010646507801950591,0.11111124287475203,-0.11110991052696581
19821,0.1,-0.11111138702105809,5.557486780449772e-9,7.454855317475834e-5,0.00010566507050100485,0.11111138702105809,-0.11110992102880722
19822,0.1,-0.11111153042549045,7.182147172362784e-9,8.474754965403298e-5,0.00010477003262699609,0.11111153042549045,-0.11110993115834791
19823,0.25,-0.11111167012042301,8.943940585206412e-9,9.457240921752185e-5,0.00010378544737581173,0.11111167012042301,-0.11110993928308954
19824,0.625,-0.11111179869696329,1.0689055452994115e-8,0.00010338788832834393,0.00010132744984484744,0.11111179869696329,-0.11110994170802377
19825,1.5625,-0.11111189589832705,1.1989947345417389e-8,0.00010949861800688349,9.488616969585758e-5,0.11111189589832705,-0.11110992897174196
19826,3.90625,-0.11111190886588718,1.1791707819818331e-8,0.00010858963035123718,7.813176047469267e-5,0.11111190886588718,-0.11110988248135681
19827,9.765625,-0.11111171456612365,8.268181705450167e-9,9.092954253404207e-5,3.759263068726861e-5,0.11111171456612365,-0.1111097958339761
19828,24.4140625,-0.11111109953030107,1.213639132487658e-10,1.1016529092630118e-5,5.213147680632699e-5,0.11111109953030107,-0.11110984499483387
19829,9.765625,-0.11110998678932685,1.269971868322687e-10,1.1269302854758528e-5,2.9978882278230055e-5,0.11110998678932685,-0.11110984423703958
19830,3.90625,-0.1111095712282851,1.456506791716681e-10,1.2068582318220648e-5,2.033577225807459e-5,0.1111095712282851,-0.11110984394175102
19831,1.5625,-0.11110923597144157,1.6926094446727988e-10,1.3010032454505249e-5,1.6195606028456117e-5,0.11110923597144157,-0.11110984389253405
19832,3.90625,-0.11110915643566621,1.6924198162148615e-10,1.3009303656287147e-5,1.4354720020678878e-5,0.11110915643566621,-0.11110984331881604
19833,9.765625,-0.11110967680508278,1.1295449238635691e-10,1.0628005099093476e-5,1.0348830506008728e-5,0.11110967680508278,-0.11110984216440116
19834,24.4140625,-0.11111062046043343,2.1844535525621186e-11,4.673813809473072e-6,9.581227695782749e-6,0.11111062046043343,-0.11110984200596918
19835,9.765625,-0.11111019003392018,5.157088139898584e-12,2.2709223104057487e-6,1.854556883647932e-5,0.11111019003392018,-0.11110984246325864
19836,3.90625,-0.11111004443255575,2.644639305472654e-12,1.626234701841236e-6,1.9854604709153472e-5,0.11111004443255575,-0.11110984287481505
19837,1.5625,-0.11110993169342104,7.769857114326895e-12,2.787446342860593e-6,1.955916680412458e-5,0.11110993169342104,-0.11110984324561625
19838,0.625,-0.11110982722871396,1.947838499686976e-11,4.413432337406994e-6,1.9109693442543685e-5,0.11110982722871396,-0.11110984359593891
19839,0.25,-0.11110972522693234,3.751640180893186e-11,6.125063412645771e-6,1.8773848530256758e-5,0.11110972522693234,-0.11110984393766392
19840,0.1,-0.11110962398001939,6.1791489906262e-11,7.860756318972241e-6,1.855257252317424e-5,0.11110962398001939,-0.1111098442757307
19841,0.1,-0.11110952616989934,9.202361645875809e-11,9.592894060644999e-6,1.8406537704276835e-5,0.11110952616989934,-0.11110984460456833
19842,0.1,-0.11110943213720793,1.279649923826299e-10,1.1312161260459024e-5,1.824942923570463e-5,0.11110943213720793,-0.11110984492328763
19843,0.1,-0.11110934220710679,1.693515376696785e-10,1.3013513655799439e-5,1.8080883449229374e-5,0.11110934220710679,-0.11110984523102244
19844,0.1,-0.11110925668828543,2.1590374067024544e-10,1.4693663282866034e-5,1.7900651960095426e-5,0.11110925668828543,-0.11110984552693601
19845,0.25,-0.1111091880267809,2.656877540239675e-10,1.629993110488408e-5,1.7710142483322028e-5,0.1111091880267809,-0.11110984576312279
19846,0.625,-0.11110916385326661,3.1366282980921443e-10,1.7710528784009087e-5,1.7281515358376277e-5,0.11110916385326661,-0.11110984583346709
19847,1.5625,-0.11110925181451135,3.463085806802427e-10,1.860936808922438e-5,1.6216485995477506e-5,0.11110925181451135,-0.11110984547224896
19848,3.90625,-0.11110959135902397,3.3243408628558323e-10,1.8232775057176107e-5,1.3581027528821234e-5,0.11110959135902397,-0.11110984418382727
19849,9.765625,-0.11111031686429965,2.2570693468830533e-10,1.502354600912532e-5,8.14216933946196e-6,0.11111031686429965,-0.11110984187971858
19850,24.4140625,-0.11111079143815283,4.758178459148673e-11,6.8979551021651865e-6,1.11365837402954e-5,0.11111079143815283,-0.1111098415341849
19851,9.765625,-0.11111050147456682,1.0823939870177724e-11,3.2899756640707426e-6,2.5647211020436724e-5,0.11111050147456682,-0.11110984241780149
19852,3.90625,-0.11111038468874654,2.7159151655267638e-12,1.6480033875956578e-6,2.8234903520175694e-5,0.11111038468874654,-0.11110984326980425
19853,1.5625,-0.11111029185169362,1.1092267758776101e-11,3.3305056310980923e-6,2.8083995026866486e-5,0.11111029185169362,-0.11110984404338829
19854,0.625,-0.11111020558956784,3.366017591641482e-11,5.801739042426402e-6,2.7559676015814438e-5,0.11111020558956784,-0.11110984477531323
19855,0.25,-0.11111012144866053,6.988644606815336e-11,8.359811365584354e-6,2.7145164773555896e-5,0.11111012144866053,-0.11110984549029729
19856,0.1,-0.11111003802952431,1.196090320665967e-10,1.0936591428164292e-5,2.687484708343508e-5,0.11111003802952431,-0.11110984619909263
19857,0.1,-0.11110995604605217,1.823688847040861e-10,1.3504402419362588e-5,2.6702926695158875e-5,0.11110995604605217,-0.11110984689090268
19858,0.1,-0.1111098757010705,2.577211272584692e-10,1.6053695127866018e-5,2.6509131724056294e-5,0.1111098757010705,-0.11110984756341687
19859,0.1,-0.11110979719142332,3.451792015182716e-10,1.8578998937463547e-5,2.6293502287289686e-5,0.11110979719142332,-0.11110984821440334
19860,0.1,-0.11110972070741927,4.4421667957064264e-10,2.107644845723877e-5,2.6056143174995364e-5,0.11110972070741927,-0.11110984884171991
19861,0.25,-0.11110965182952286,5.512244899738823e-10,2.347817049886729e-5,2.5798661752300837e-5,0.11110965182952286,-0.11110984934511715
19862,0.625,-0.11110960354931071,6.565457116810869e-10,2.5623147965874272e-5,2.5183857396999135e-5,0.11110960354931071,-0.11110984949904536
19863,1.5625,-0.11110960872399964,7.335107997127933e-10,2.7083404507424713e-5,2.360653256137366e-5,0.11110960872399964,-0.11110984872900516
19864,3.90625,-0.11110973935525272,7.170020115258717e-10,2.6776893238870557e-5,1.957360391802076e-5,0.11110973935525272,-0.11110984592059504
19865,9.765625,-0.11111008824605027,4.971296175136755e-10,2.2296403690139705e-5,1.0384695974663959e-5,0.11111008824605027,-0.11110984075569101
19866,24.4140625,-0.1111104527403539,1.0369085626196072e-10,1.018287072794115e-5,1.4686502329802132e-5,0.1111104527403539,-0.11110983990986611
19867,9.765625,-0.11111039289237447,2.252383099710181e-11,4.745927833111436e-6,3.76402481716204e-5,0.11111039289237447,-0.11110984183837336
19868,3.90625,-0.11111040010427461,3.74576369131204e-12,1.9353975538147297e-6,4.165495753837834e-5,0.11111040010427461,-0.111109843704411
19869,1.5625,-0.11111041348647599,2.1527454056455978e-11,4.639768750321073e-6,4.150016308447143e-5,0.11111041348647599,-0.11110984539730792
19870,0.625,-0.11111042825838122,7.085147790658399e-11,8.417331994556469e-6,4.0757795305491944e-5,0.11111042825838122,-0.11110984699843415
19871,0.25,-0.11111044345256467,1.5057721420754563e-10,1.227099075900335e-5,4.01676877236333e-5,0.11111044345256467,-0.11110984856309952
19872,0.1,-0.11111045880514082,2.6038657119760645e-10,1.6136498108251568e-5,3.978794688468633e-5,0.11111045880514082,-0.11110985011547257
19873,0.1,-0.11111047458501216,3.9932425133484326e-10,1.998309914239639e-5,3.9552508319637945e-5,0.11111047458501216,-0.11110985163205522
19874,0.1,-0.11111049083000762,5.664539310683625e-10,2.380029266770395e-5,3.9282400589092565e-5,0.11111049083000762,-0.1111098531075042
19875,0.1,-0.1111105075747769,7.607431372870579e-10,2.7581572422308666e-5,3.897785331692267e-5,0.1111105075747769,-0.11110985453666213
19876,0.1,-0.11111052485063357,9.810674845845883e-10,3.1321996816687604e-5,3.86391592291746e-5,0.11111052485063357,-0.11110985591457877
19877,0.25,-0.11111054402593426,1.2195863148229045e-9,3.4922576004969974e-5,3.826857204258075e-5,0.11111054402593426,-0.11110985701901582
19878,0.625,-0.1111105680823665,1.4552213609115482e-9,3.8147363747860065e-5,3.7358755242681433e-5,0.1111105680823665,-0.11110985734840981
19879,1.5625,-0.11111060395133776,1.6295170938018295e-9,4.036727751287953e-5,3.499347824742546e-5,0.11111060395133776,-0.11110985562118467
19880,3.90625,-0.1111106634019797,1.5986573651933354e-9,3.9983213542602295e-5,2.8879767254772197e-5,0.1111106634019797,-0.11110984933148722
19881,9.765625,-0.11111073948349917,1.1154100109033174e-9,3.3397754578763486e-5,1.4417933618844712e-5,0.11111073948349917,-0.11110983768109532
19882,24.4140625,-0.11111065951499959,2.35280315726554e-10,1.5338849882783064e-5,2.05536560233205e-5,0.11111065951499959,-0.1111098355813386
19883,9.765625,-0.11111050212446562,5.108793402753683e-11,7.1475823903986466e-6,5.594637652070405e-5,0.11111050212446562,-0.1111098398617269
19884,3.90625,-0.11111039928587298,6.789794447554139e-12,2.6057234019661677e-6,6.215449090464312e-5,0.11111039928587298,-0.1111098440310616
19885,1.5625,-0.1111103076014322,4.468964447052387e-11,6.685031373937139e-6,6.199951816576042e-5,0.1111103076014322,-0.1111098478167846
19886,0.625,-0.11111021940271887,1.5350821638139437e-10,1.2389843275094094e-5,6.092186316797084e-5,0.11111021940271887,-0.11110985139705658
19887,0.25,-0.11111013244043759,3.306976863795277e-10,1.8185095171033e-5,6.005635839128599e-5,0.11111013244043759,-0.11110985489564848
19888,0.1,-0.11111004596901226,5.755721220862715e-10,2.399108422073232e-5,5.9499982300743636e-5,0.11111004596901226,-0.11110985836712278
19889,0.1,-0.11110996030144592,8.860500335567048e-10,2.9766592575515e-5,5.915736595744483e-5,0.11110996030144592,-0.11110986175971406
19890,0.1,-0.11110987554457195,1.2600782340506785e-9,3.5497580678838925e-5,5.876203103327369e-5,0.11110987554457195,-0.11110986506129542
19891,0.1,-0.11110979180304646,1.6953847425819363e-9,4.1175050000964616e-5,5.831434790849799e-5,0.11110979180304646,-0.11110986826015581
19892,0.1,-0.11110970917916985,2.189488251491872e-9,4.679196780957039e-5,5.7814771857101284e-5,0.11110970917916985,-0.11110987134504581
19893,0.25,-0.11110963049194564,2.724976380366812e-9,5.2201306309007364e-5,5.726650211869991e-5,0.11110963049194564,-0.11110987381888207
19894,0.625,-0.11110956243746993,3.254929161359785e-9,5.705198648040036e-5,5.590782522206491e-5,0.11110956243746993,-0.11110987455764904
19895,1.5625,-0.11110952252266014,3.649027418797598e-9,6.0407180192404264e-5,5.235938467495691e-5,0.11110952252266014,-0.1111098706851256
19896,3.90625,-0.11110955282528215,3.5859886699261415e-9,5.988312508483622e-5,4.3151478260318725e-5,0.11110955282528215,-0.11110985655772593
19897,9.765625,-0.11110973329194286,2.510646419519879e-9,5.0106351089656084e-5,2.104645421765265e-5,0.11110973329194286,-0.11110983027659072
19898,24.4140625,-0.11111011287737496,5.35499389785669e-10,2.314085974603513e-5,2.9798579208255314e-5,0.11111011287737496,-0.11110982522479644
19899,9.765625,-0.11111025882054033,1.171741570958207e-10,1.0824701247416517e-5,8.35980223118106e-5,0.11111025882054033,-0.11110983479482815
19900,3.90625,-0.11111039054358444,1.407913081096511e-11,3.7522167862431814e-6,9.309036230255266e-5,0.11111039054358444,-0.11110984416512319
19901,1.5625,-0.11111051395825562,9.62476778081323e-11,9.8105900846041e-6,9.29292673774431e-5,0.11111051395825562,-0.11110985268106131
19902,0.625,-0.11111063454205405,3.3819632898856736e-10,1.839011498029763e-5,9.134217976723656e-5,0.11111063454205405,-0.11110986073513984
19903,0.25,-0.11111075426137668,7.341649706491689e-10,2.7095478786121658e-5,9.00569137849499e-5,0.11111075426137668,-0.11110986860473739
19904,0.1,-0.11111087382156347,1.282614193502214e-9,3.581360346994162e-5,8.922892925862786e-5,0.11111087382156347,-0.11110987641291205
19905,0.1,-0.11111099304265594,1.978922843234468e-9,4.4485085626920713e-5,8.871900255339835e-5,0.11111099304265594,-0.1111098840445824
19906,0.1,-0.11111111181004947,2.81851438732239e-9,5.308968249408156e-5,8.81295712438923e-5,0.11111111181004947,-0.111109891472342
19907,0.1,-0.11111123000735616,3.796318511621495e-9,6.161427197996821e-5,8.746120677058765e-5,0.11111123000735616,-0.11110989866971983
19908,0.1,-0.11111134751663261,4.906792353044838e-9,7.004850000567348e-5,8.671460150575159e-5,0.11111134751663261,-0.11110990561128195
19909,0.25,-0.11111146180568093,6.111048122500707e-9,7.81731931195132e-5,8.589449913397245e-5,0.11111146180568093,-0.11110991118162988
19910,0.625,-0.11111156658599941,7.304190377348815e-9,8.546455626368638e-5,8.385869243845866e-5,0.11111156658599941,-0.11110991285567381
19911,1.5625,-0.1111116447173913,8.194635830220698e-9,9.05242278631566e-5,7.853584705990532e-5,0.1111116447173913,-0.11110990416571155
19912,3.90625,-0.11111165163444442,8.062526874624159e-9,8.979157463049726e-5,6.470131447764454e-5,0.11111165163444442,-0.11110987238934743
19913,9.765625,-0.11111148419099164,5.659155638810593e-9,7.522735964268979e-5,3.1234826810596143e-5,0.11111148419099164,-0.11110981307955028
19914,24.4140625,-0.11111099407861623,8.272092099988047e-11,9.095104232491262e-6,4.294065155777968e-5,0.11111099407861623,-0.11110984669612843
19915,9.765625,-0.11111003718025715,8.648336600807894e-11,9.299643326928132e-6,2.4854855680972143e-5,0.11111003718025715,-0.11110984619101016
19916,3.90625,-0.11110968151310086,9.918368281019581e-11,9.959100502063217e-6,1.696688450595845e-5,0.11110968151310086,-0.1111098459961803
19917,1.5625,-0.11110939467937675,1.1518973594040914e-10,1.0732648132702811e-5,1.3607416956541468e-5,0.11110939467937675,-0.11110984596933154
19918,0.625,-0.11110912569838659,1.3407543018703164e-10,1.1579094532260787e-5,1.2137494706022e-5,0.11110912569838659,-0.11110984602106715
19919,1.5625,-0.11110896486947022,1.4612423967636747e-10,1.2088185954739754e-5,1.1459398494548957e-5,0.11110896486947022,-0.11110984589083724
19920,3.90625,-0.11110909224868994,1.3494218775503966e-10,1.1616461929307032e-5,9.85132879516853e-6,0.11110909224868994,-0.11110984539149447
19921,9.765625,-0.11110979065280903,8.152066427266929e-11,9.028879458308726e-6,7.254859284108159e-6,0.11110979065280903,-0.11110984460787966
19922,24.4140625,-0.1111106549183045,1.4361623091509533e-11,3.789673216981846e-6,1.0169179138186903e-5,0.1111106549183045,-0.1111098447167356
19923,9.765625,-0.11111030400171804,2.854514708976774e-12,1.6895309138860923e-6,1.7452201198301057e-5,0.11111030400171804,-0.11110984511541433
19924,3.90625,-0.11111018848086074,2.3833959308955264e-12,1.5438250972488841e-6,1.8325999976846517e-5,0.11111018848086074,-0.11110984545860618
19925,1.5625,-0.111110102013792,8.024819795692194e-12,2.8328112884010105e-6,1.7941527998647526e-5,0.111110102013792,-0.11110984576538355
19926,0.625,-0.11111002297759484,1.9026021241177117e-11,4.36188276334625e-6,1.7499926933182902e-5,0.11111002297759484,-0.11110984605606129
19927,0.25,-0.1111099462016795,3.5223180438353376e-11,5.934911999208865e-6,1.7193634813368264e-5,0.1111099462016795,-0.11110984634089768
19928,0.1,-0.11110987014124941,5.656328390291303e-11,7.520856593694167e-6,1.7002799228168e-5,0.11110987014124941,-0.11110984662378208
19929,0.1,-0.11110979659358489,8.28239420538272e-11,9.100766014673006e-6,1.6883558424488817e-5,0.11110979659358489,-0.11110984689938737
19930,0.1,-0.11110972583228318,1.1380932466791713e-10,1.0668145324653068e-5,1.6752585151916828e-5,0.11110972583228318,-0.11110984716690421
19931,0.1,-0.11110965811940916,1.493086615985984e-10,1.2219192346411377e-5,1.660977635401606e-5,0.11110965811940916,-0.11110984742554975
19932,0.1,-0.11110959370468487,1.8909704667411592e-10,1.375125618531325e-5,1.6455099750208525e-5,0.11110959370468487,-0.11110984767457366
19933,0.25,-0.1111095418543389,2.315490976146783e-10,1.5216737416893226e-5,1.6289739284590223e-5,0.1111095418543389,-0.11110984787233129
19934,0.625,-0.1111095233602165,2.7241142971045406e-10,1.650489108447717e-5,1.590215278354975e-5,0.1111095233602165,-0.1111098479272286
19935,1.5625,-0.11110958942662287,3.002036209205615e-10,1.7326385108283882e-5,1.4923317189326986e-5,0.11110958942662287,-0.11110984761002524
19936,3.90625,-0.11110984647196871,2.880639425774668e-10,1.6972446570175637e-5,1.248876431886518e-5,0.11110984647196871,-0.1111098464927754
19937,9.765625,-0.11111039980569279,1.9486268585794706e-10,1.395932254294409e-5,7.5204100791371345e-6,0.11111039980569279,-0.11110984451018646
19938,24.4140625,-0.11111076449981502,3.988973888565859e-11,6.315832398477543e-6,1.0850805276202948e-5,0.11111076449981502,-0.11110984428346858
19939,9.765625,-0.11111050835814788,8.780208337383723e-12,2.96314163302798e-6,2.4221089809514484e-5,0.11111050835814788,-0.1111098450698978
19940,3.90625,-0.1111103993847923,2.3718210535071966e-12,1.540071768946888e-6,2.653308241816457e-5,0.1111103993847923,-0.11110984581895897
19941,1.5625,-0.11111031078715666,1.0321939892476119e-11,3.212777597730057e-6,2.6358329498603377e-5,0.11111031078715666,-0.11110984649805714
19942,0.625,-0.11111022783737684,3.068533339481738e-11,5.539434393042071e-6,2.5861637653543908e-5,0.11111022783737684,-0.11110984714112226
19943,0.25,-0.1111101467155159,6.302332297496819e-11,7.938723006565236e-6,2.5477637838008387e-5,0.1111101467155159,-0.1111098477700657
19944,0.1,-0.11111006621604697,1.0721185515127575e-10,1.0354315774172418e-5,2.523194296923487e-5,0.11111006621604697,-0.11110984839425157
19945,0.1,-0.11110998698373768,1.6285493536853833e-10,1.2761462900801707e-5,2.5079223260489375e-5,0.11110998698373768,-0.11110984900390267
19946,0.1,-0.11110990919560775,2.2957096165451948e-10,1.515159931012299e-5,2.490542763263506e-5,0.11110990919560775,-0.11110984959694743
19947,0.1,-0.11110983302351503,3.0694054437652727e-10,1.7519718729949043e-5,2.471065948943165e-5,0.11110983302351503,-0.11110985017138676
19948,0.1,-0.1111097586336866,3.9450816869232287e-10,1.9862229700925395e-5,2.449507304365673e-5,0.1111097586336866,-0.1111098507253017
19949,0.25,-0.11110969093930488,4.890753743386652e-10,2.2115048594535467e-5,2.4260079296034025e-5,0.11110969093930488,-0.11110985116977451
19950,0.625,-0.11110964136777596,5.820754449885189e-10,2.412623976065311e-5,2.368840885317133e-5,0.11110964136777596,-0.1111098513050521
19951,1.5625,-0.11110963884053869,6.498429536379978e-10,2.5492017449350646e-5,2.2211135070802824e-5,0.11110963884053869,-0.11110985062275879
19952,3.90625,-0.11110974698835425,6.346029418403426e-10,2.519132671854229e-5,1.8427942597785085e-5,0.11110974698835425,-0.1111098481386653
19953,9.765625,-0.11111005007815632,4.390067244261296e-10,2.0952487308816812e-5,9.856682591943757e-6,0.11111005007815632,-0.11110984358345756
19954,24.4140625,-0.11111038694947813,9.095149257538706e-11,9.536849195378265e-6,1.404795289607791e-5,0.11111038694947813,-0.11110984287464983
19955,9.765625,-0.11111035808152611,1.9774685732041216e-11,4.446873703180833e-6,3.5459966040874574e-5,0.11111035808152611,-0.11110984458240405
19956,3.90625,-0.11111037940965142,3.540515146311015e-12,1.881625665830219e-6,3.9193706718176725e-5,0.11111037940965142,-0.11110984623150613
19957,1.5625,-0.11111040487046293,1.9552572476003608e-11,4.421829087154275e-6,3.903885317398912e-5,0.11111040487046293,-0.11110984772782752
19958,0.625,-0.11111043114768018,6.341861900707903e-11,7.963580790516225e-6,3.8341921017346764e-5,0.11111043114768018,-0.11110984914376261
19959,0.25,-0.11111045765823438,1.341534859247581e-10,1.1582464587675548e-5,3.7791531029206255e-5,0.11111045765823438,-0.11110985052814938
19960,0.1,-0.11111048426036994,2.314928216405145e-10,1.5214888157344914e-5,3.743993695314443e-5,0.11111048426036994,-0.11110985190225107
19961,0.1,-0.1111105111559116,3.5460002877965447e-10,1.883082655593361e-5,3.722419390328808e-5,0.1111105111559116,-0.11110985324510667
19962,0.1,-0.11111053836506785,5.026570337134566e-10,2.2420014132766655e-5,3.69756074948146e-5,0.11111053836506785,-0.11110985455196185
19963,0.1,-0.11111056590551556,6.747595807208876e-10,2.5976134830280035e-5,3.669440995807515e-5,0.11111056590551556,-0.11110985581822633
19964,0.1,-0.11111059379228523,8.69920999929908e-10,2.9494423200495175e-5,3.638089044674586e-5,0.11111059379228523,-0.11110985703949298
19965,0.25,-0.11111062289458103,1.0811794750473189e-9,3.288129369485512e-5,3.6037058502801515e-5,0.11111062289458103,-0.11110985801874446
19966,0.625,-0.1111106550414468,1.28980640436199e-9,3.5913874816872514e-5,3.5185354515958456e-5,0.1111106550414468,-0.11110985831151332
19967,1.5625,-0.11111069427549632,1.4438615415096826e-9,3.799817813408536e-5,3.296360975447322e-5,0.11111069427549632,-0.11110985678263184
19968,3.90625,-0.11111074615257283,1.4156466785567068e-9,3.7625080445850305e-5,2.7217756977261724e-5,0.11111074615257283,-0.11110985121565857
19969,9.765625,-0.11111079619965854,9.862160286887678e-10,3.140407662531678e-5,1.3681998669703442e-5,0.11111079619965854,-0.11110984092159656
19970,24.4140625,-0.11111068971453396,2.0734319864481733e-10,1.4399416607794128e-5,1.9547774255471657e-5,0.11111068971453396,-0.11110983910805597
19971,9.765625,-0.11111053483906629,4.522559099655517e-11,6.724997471862362e-6,5.2640524468090835e-5,0.11111053483906629,-0.11110984289064192
19972,3.90625,-0.11111043012059253,6.531439930501724e-12,2.5556681964804674e-6,5.844150178857546e-5,0.11111043012059253,-0.11110984657208822
19973,1.5625,-0.11111033598398713,4.03933055120888e-11,6.355572791817336e-6,5.828785798388558e-5,0.11111033598398713,-0.11110984991546932
19974,0.625,-0.11111024519964981,1.3689606531715706e-10,1.1700259198716799e-5,5.727578334960814e-5,0.11111024519964981,-0.11110985307849054
19975,0.25,-0.11111015560675432,2.9381856620844123e-10,1.7141136666173608e-5,5.646617209326511e-5,0.11111015560675432,-0.11110985617033428
19976,0.1,-0.11111006648283965,5.105776386277638e-10,2.2595965096179533e-5,5.594813871859081e-5,0.11111006648283965,-0.1111098592390413
19977,0.1,-0.11110997809896282,7.853437481575512e-10,2.802398522975544e-5,5.5631281019034584e-5,0.11110997809896282,-0.1111098622385895
19978,0.1,-0.1111098905576004,1.116315429571203e-9,3.3411306912050044e-5,5.5264645365589824e-5,0.1111098905576004,-0.11110986515822252
19979,0.1,-0.11110980395932706,1.5014962620566247e-9,3.8749145307433876e-5,5.4848588102844134e-5,0.11110980395932706,-0.11110986798754963
19980,0.1,-0.11110971840265255,1.938703249368733e-9,4.403070802711141e-5,5.4383544243585336e-5,0.11110971840265255,-0.11110987071658733
19981,0.25,-0.11110963652713936,2.412499198364351e-9,4.911719860053453e-5,5.387240722279571e-5,0.11110963652713936,-0.11110987290525666
19982,0.625,-0.11110956463462054,2.881269249569245e-9,5.367745569202442e-5,5.259835593043538e-5,0.11110956463462054,-0.11110987355870708
19983,1.5625,-0.11110951926773587,3.2294331716523267e-9,5.6828101953631415e-5,4.926355741778429e-5,0.11110951926773587,-0.11110987013208778
19984,3.90625,-0.11110954050698882,3.1722044513108964e-9,5.632232640179999e-5,4.0606619752008926e-5,0.11110954050698882,-0.11110985763722456
19985,9.765625,-0.11110970638050194,2.2184714903459847e-9,4.71006527592345e-5,1.9874159837733113e-5,0.11110970638050194,-0.11110983442366401
19986,24.4140625,-0.11111007638250092,4.720932177726968e-10,2.172770622437391e-5,2.8223364136710494e-5,0.11111007638250092,-0.11110983002636353
19987,9.765625,-0.1111102285444164,1.0365932163937365e-10,1.0181322195047834e-5,7.860374768920575e-5,0.1111102285444164,-0.11110983847630329
19988,3.90625,-0.11111036305394525,1.3313686770793732e-11,3.6487925085970198e-6,8.748826630348062e-5,0.11111036305394525,-0.11110984674538339
19989,1.5625,-0.11111048892889677,8.645905834163185e-11,9.29833632117229e-6,8.732853245550188e-5,0.11111048892889677,-0.11110985426151056
19990,0.625,-0.11111061186455437,3.006732096215596e-10,1.7339931073149038e-5,8.58380523544265e-5,0.11111061186455437,-0.11110986137167961
19991,0.25,-0.11111073388205081,6.509182004797099e-10,2.551309860600452e-5,8.463448534497477e-5,0.11111073388205081,-0.11110986832054079
19992,0.1,-0.11111085570407836,1.1358721501202456e-9,3.370270241568539e-5,8.386178316902056e-5,0.11111085570407836,-0.11110987521650036
19993,0.1,-0.11111097716391467,1.751470102036585e-9,4.1850568718197665e-5,8.338829665537782e-5,0.11111097716391467,-0.11110988195748614
19994,0.1,-0.11111109814726604,2.4936918143317165e-9,4.993687829982684e-5,8.283987964731543e-5,0.11111109814726604,-0.11110988851923373
19995,0.1,-0.1111112185383537,3.3580784315421698e-9,5.79489295116154e-5,8.221707028958493e-5,0.1111112185383537,-0.11110989487830127
19996,0.1,-0.11111133822012915,4.339751227096622e-9,6.587678822693636e-5,8.15205201885616e-5,0.11111133822012915,-0.11110990101216078
19997,0.25,-0.11111145467836406,5.4042835503448336e-9,7.351383237421944e-5,8.075454791694411e-5,0.11111145467836406,-0.11110990593441576
19998,0.625,-0.11111156166744238,6.45878395292009e-9,8.036655991717009e-5,7.884472704033102e-5,0.11111156166744238,-0.11110990741243047
19999,1.5625,-0.11111164218107171,7.245044964968509e-9,8.511782988874017e-5,7.38428274222821e-5,0.11111164218107171,-0.11110989972898384
20000,3.90625,-0.11111165210001109,7.1258828322634315e-9,8.44149443656953e-5,6.083792237397714e-5,0.11111165210001109,-0.1111098716465187
20001,9.765625,-0.11111148976027085,4.9976965543963015e-9,7.069438842225245e-5,2.9425905716676907e-5,0.11111148976027085,-0.11110981928235243
20002,24.4140625,-0.11111100515126301,7.403681733702516e-11,8.604464965180877e-6,4.060751857454235e-5,0.11111100515126301,-0.11110984902119443
20003,9.765625,-0.1111100663033,7.714349476617083e-11,8.783136954765696e-6,2.363100851848765e-5,0.1111100663033,-0.11110984858032977
20004,3.90625,-0.1111097132958765,8.854551500886593e-11,9.409862645589782e-6,1.6257110801019042e-5,0.1111097132958765,-0.11110984841386441
20005,1.5625,-0.11110942845867067,1.029984162253887e-10,1.0148813537817546e-5,1.3116538404666004e-5,0.11110942845867067,-0.11110984839622795
20006,0.625,-0.11110916134406056,1.2011482543629636e-10,1.0959690937079218e-5,1.1741008492846378e-5,0.11110916134406056,-0.11110984844837583
20007,1.5625,-0.11110899997263761,1.3112551743868434e-10,1.145100508421354e-5,1.1105461328404314e-5,0.11110899997263761,-0.11110984833669282
20008,3.90625,-0.11110912094560102,1.211417885033024e-10,1.1006443045021512e-5,9.599785608999816e-6,0.11110912094560102,-0.11110984789253227
20009,9.765625,-0.11110980325477147,7.292794035063403e-11,8.539785732126658e-6,7.177186174097298e-6,0.11110980325477147,-0.11110984719432809
20010,24.4140625,-0.11111065622300016,1.2762845408532773e-11,3.57251247842926e-6,9.81587787077949e-6,0.11111065622300016,-0.11110984729735773
20011,9.765625,-0.11111030652803958,2.6033254289213504e-12,1.6134823918845072e-6,1.655918941251428e-5,0.11111030652803958,-0.11110984765421665
20012,3.90625,-0.11111018932450874,2.2858209033290826e-12,1.5118931520875021e-6,1.7354667426921263e-5,0.11111018932450874,-0.1111098479608914
20013,1.5625,-0.111110100914657,7.39132100242014e-12,2.7186984022543105e-6,1.6983410154813274e-5,0.111110100914657,-0.11110984823530247
20014,0.625,-0.11111001989067022,1.725457842798873e-11,4.153863072850227e-6,1.6565339691428626e-5,0.11111001989067022,-0.11110984849557466
20015,0.25,-0.11110994111616518,3.1732488787520926e-11,5.633159751642139e-6,1.6277066356714767e-5,0.11110994111616518,-0.11110984875077867
20016,0.1,-0.11110986305400596,5.07794096925749e-11,7.125967281188912e-6,1.6098226075895937e-5,0.11110986305400596,-0.11110984900432887
20017,0.1,-0.11110978748261051,7.419609240094755e-11,8.613715365679757e-6,1.5986965760432724e-5,0.11110978748261051,-0.111109849251425
20018,0.1,-0.11110971467402779,1.0180777454915805e-10,1.0089983872591574e-5,1.5864666260772904e-5,0.11110971467402779,-0.11110984949134654
20019,0.1,-0.11110964488894963,1.3342628396858784e-10,1.1551029563142319e-5,1.5731239308897435e-5,0.11110964488894963,-0.11110984972339699
20020,0.1,-0.11110957837591,1.688507702329338e-10,1.2994259125973047e-5,1.5586663524172878e-5,0.11110957837591,-0.11110984994690891
20021,0.25,-0.11110952432913453,2.066208510018473e-10,1.437431219230497e-5,1.5432045070707085e-5,0.11110952432913453,-0.11110985012473741
20022,0.625,-0.11110950339011583,2.429170657773655e-10,1.5585796924680032e-5,1.5068664246388168e-5,0.11110950339011583,-0.11110985017529187
20023,1.5625,-0.11110956643245883,2.674424537319895e-10,1.6353667898425403e-5,1.415081118547428e-5,0.11110956643245883,-0.11110984989467294
20024,3.90625,-0.11110981942932355,2.5617850457224236e-10,1.600557729581293e-5,1.1874718819727286e-5,0.11110981942932355,-0.11110984890382526
20025,9.765625,-0.11111036893140078,1.7269929014758034e-10,1.314151019280434e-5,7.301002108515062e-6,0.11111036893140078,-0.11110984715191961
20026,24.4140625,-0.11111074258000846,3.5151829382235074e-11,5.9288978218750805e-6,1.0460163796589856e-5,0.11111074258000846,-0.11110984696713323
20027,9.765625,-0.11111049730802185,7.773947133924393e-12,2.7881798962628637e-6,2.287855180822566e-5,0.11111049730802185,-0.11110984766659768
20028,3.90625,-0.11111039512708289,2.25371547462693e-12,1.5012379806769244e-6,2.502078008411101e-5,0.11111039512708289,-0.1111098483313593
20029,1.5625,-0.11111031270020834,9.427559908885927e-12,3.070433179355305e-6,2.4845588382996232e-5,0.11111031270020834,-0.11110984893410332
20030,0.625,-0.11111023572938412,2.7580532446160404e-11,5.251717095023342e-6,2.4375060111874384e-5,0.11111023572938412,-0.11110984950508299
20031,0.25,-0.11111016052082291,5.632754125337947e-11,7.5051676365941e-6,2.401312581453286e-5,0.11111016052082291,-0.11110985006367952
20032,0.1,-0.11111008591094605,9.55603643203438e-11,9.775498162259752e-6,2.3782145964283998e-5,0.11111008591094605,-0.11110985061814305
20033,0.1,-0.11111001252507324,1.449265942830714e-10,1.2038546186440928e-5,2.3638890056782837e-5,0.11111001252507324,-0.11110985115973777
20034,0.1,-0.11110994053406091,2.0408761359240595e-10,1.4285923617057664e-5,2.3475852859859634e-5,0.11110994053406091,-0.1111098516866314
20035,0.1,-0.1111098701037399,2.726712555998606e-10,1.6512760387041913e-5,2.329313305358173e-5,0.1111098701037399,-0.11110985219705533
20036,0.1,-0.11110980139445532,3.502732851187227e-10,1.871558936071004e-5,2.3090877909444954e-5,0.11110980139445532,-0.11110985268931241
20037,0.25,-0.1111097391546426,4.340458475397964e-10,2.0833767003108113e-5,2.2870406099182842e-5,0.1111097391546426,-0.11110985308451407
20038,0.625,-0.111109694422897,5.163644268283525e-10,2.272365346568092e-5,2.2333553465125707e-5,0.111109694422897,-0.11110985320557652
20039,1.5625,-0.11110969511302271,5.761779180637954e-10,2.400370634014246e-5,2.094632962828656e-5,0.11110969511302271,-0.11110985260214967
20040,3.90625,-0.11110980248152522,5.621566286893415e-10,2.3709842443368144e-5,1.7398704779539157e-5,0.11110980248152522,-0.11110985040409666
20041,9.765625,-0.11111009651159146,3.8812623587087205e-10,1.9700919670687256e-5,9.426690730675474e-6,0.11111009651159146,-0.1111098463821757
20042,24.4140625,-0.11111041397603473,8.002789145963915e-11,8.945830954117072e-6,1.3426064646675086e-5,0.11111041397603473,-0.11110984577981996
20043,9.765625,-0.1111103763202296,1.7441297208133275e-11,4.176277913182176e-6,3.339757225457241e-5,0.1111103763202296,-0.11110984729193539
20044,3.90625,-0.11111038981506481,3.3447106192186975e-12,1.8288550022401167e-6,3.687240473073622e-5,0.11111038981506481,-0.11110984874952268
20045,1.5625,-0.1111104078983256,1.770681228699037e-11,4.207946326533927e-6,3.671496910929515e-5,0.1111104078983256,-0.11110985007196106
20046,0.625,-0.11111042696174862,5.666026588697391e-11,7.5273013681513985e-6,3.6056013122910834e-5,0.11111042696174862,-0.11110985132358135
20047,0.25,-0.11111044631470222,1.1934036967389704e-10,1.092430179342813e-5,3.5537672413741084e-5,0.11111044631470222,-0.11110985254751563
20048,0.1,-0.11111046577652883,2.0551642182987588e-10,1.4335843952480645e-5,3.520720667006502e-5,0.11111046577652883,-0.11110985376249069
20049,0.1,-0.11111048555067882,3.1444668751475164e-10,1.7732644684726294e-5,3.500478315458895e-5,0.11111048555067882,-0.11110985494986382
20050,0.1,-0.1111105056627155,4.454075052491727e-10,2.110467970022698e-5,3.477150539026019e-5,0.1111105056627155,-0.11110985610543632
20051,0.1,-0.11111052613569523,5.975989039486427e-10,2.4445836127010314e-5,3.450759285390149e-5,0.11111052613569523,-0.11110985722515386
20052,0.1,-0.1111105469900661,7.701479434466991e-10,2.775153947885953e-5,3.421331910190602e-5,0.1111105469900661,-0.11110985830512438
20053,0.25,-0.11111056920286556,9.568789451428949e-10,3.0933459960743074e-5,3.389055996576597e-5,0.11111056920286556,-0.11110985917101904
20054,0.625,-0.11111059487685417,1.1411828045885208e-9,3.378139731551258e-5,3.309040514454619e-5,0.11111059487685417,-0.11110985942976781
20055,1.5625,-0.11111062881242961,1.277013645485108e-9,3.57353276952249e-5,3.100296125549662e-5,0.11111062881242961,-0.1111098580779923
20056,3.90625,-0.11111067859980765,1.2512540313824946e-9,3.537306929547526e-5,2.5608185108909757e-5,0.11111067859980765,-0.11110985315935215
20057,9.765625,-0.1111107348622908,8.704199548243845e-10,2.9502880449616856e-5,1.2956696392197008e-5,0.1111107348622908,-0.11110984408032801
20058,24.4140625,-0.11111065313061852,1.822634655110706e-10,1.3500498713420574e-5,1.856486870101325e-5,0.11111065313061852,-0.1111098425207083
20059,9.765625,-0.11111051251658073,3.976593119056457e-11,6.306023405488167e-6,4.949652367214245e-5,0.11111051251658073,-0.11110984586178765
20060,3.90625,-0.11111041909170713,6.060770492711118e-12,2.4618632156785473e-6,5.490698798294261e-5,0.11111041909170713,-0.11110984910845559
20061,1.5625,-0.11111033541700607,3.631490546369182e-11,6.026184984191227e-6,5.474870551251398e-5,0.11111033541700607,-0.11110985205639294
20062,0.625,-0.11111025480867724,1.218044034757169e-10,1.1036503226824922e-5,5.379316974865372e-5,0.11111025480867724,-0.11110985484549728
20063,0.25,-0.11111017528527538,2.605801120610116e-10,1.614249398516263e-5,5.303126184850692e-5,0.11111017528527538,-0.11110985757211203
20064,0.1,-0.11111009618658237,4.5213302553617573e-10,2.1263419892768324e-5,5.2544551371333584e-5,0.11111009618658237,-0.11110986027853627
20065,0.1,-0.11111001777286296,6.948450410673905e-10,2.6359913525415642e-5,5.224730295874088e-5,0.11111001777286296,-0.11110986292396091
20066,0.1,-0.11110994013850393,9.87125692038072e-10,3.141855649195348e-5,5.19032887231167e-5,0.11110994013850393,-0.1111098654988966
20067,0.1,-0.11110986337611288,1.3272121642825489e-9,3.6430923187349356e-5,5.151284367916729e-5,0.11110986337611288,-0.11110986799417832
20068,0.1,-0.11110978757635485,1.7131767076483322e-9,4.139053886636815e-5,5.10763773062672e-5,0.11110978757635485,-0.1111098704009992
20069,0.25,-0.11110971519061552,2.13135636442499e-9,4.616661525848511e-5,5.0596588137380934e-5,0.11110971519061552,-0.11110987233062802
20070,0.625,-0.11110965205941961,2.544926271540408e-9,5.0447262279933564e-5,4.939973998020243e-5,0.11110965205941961,-0.11110987290465166
20071,1.5625,-0.11110961348194823,2.8516366563548437e-9,5.3400717751307835e-5,4.6266498809743795e-5,0.11110961348194823,-0.1111098698769705
20072,3.90625,-0.11110963634108761,2.79969761116535e-9,5.291216883822993e-5,3.8135592581639086e-5,0.11110963634108761,-0.11110985884986664
20073,9.765625,-0.11110979130065218,1.95569383351681e-9,4.422322730779392e-5,1.871057966102469e-5,0.11110979130065218,-0.1111098383942147
20074,24.4140625,-0.1111101256216668,4.1477200999053567e-10,2.0365952224007e-5,2.669375238475966e-5,0.1111101256216668,-0.11110983459039246
20075,9.765625,-0.11111025856226586,9.100506559252167e-11,9.539657519666084e-6,7.383792767253638e-5,0.11111025856226586,-0.11110984204319467
20076,3.90625,-0.1111103772811818,1.2158853669321523e-11,3.486954784524962e-6,8.213491944827434e-5,0.1111103772811818,-0.11110984932662363
20077,1.5625,-0.11111048847229364,7.731332759482538e-11,8.792799758599383e-6,8.196827782546296e-5,0.11111048847229364,-0.11110985594532623
20078,0.625,-0.11111059708770155,2.667495560159485e-10,1.6332469378999263e-5,8.05629164940847e-5,0.11111059708770155,-0.11110986220666587
20079,0.25,-0.11111070489775549,5.760467286427122e-10,2.4000973493646298e-5,7.943111586164136e-5,0.11111070489775549,-0.111109868326366
20080,0.1,-0.1111108125367243,1.0040502963162297e-9,3.168675269440259e-5,7.870549165260816e-5,0.1111108125367243,-0.11110987439984231
20081,0.1,-0.11111091985472944,1.5471710643637592e-9,3.9334095443568535e-5,7.826143674937843e-5,0.11111091985472944,-0.11110988033677488
20082,0.1,-0.11111102675080214,2.2018642721250914e-9,4.6924026597523487e-5,7.774699962553983e-5,0.11111102675080214,-0.11110988611577736
20083,0.1,-0.11111113312259178,2.9641979164082056e-9,5.444444798515461e-5,7.716268569473137e-5,0.11111113312259178,-0.11110989171618985
20084,0.1,-0.11111123886655465,3.8298693016262395e-9,6.18859378342628e-5,7.65091073804194e-5,0.11111123886655465,-0.11110989711815691
20085,0.25,-0.11111134175849316,4.768458267587021e-9,6.905402426786596e-5,7.579029290212849e-5,0.11111134175849316,-0.11110990145144142
20086,0.625,-0.11111143627196704,5.697895353419166e-9,7.548440470335026e-5,7.399674608814453e-5,0.11111143627196704,-0.11110990274695573
20087,1.5625,-0.11111150734727748,6.390100776015769e-9,7.993810590710646e-5,6.929844851143437e-5,0.11111150734727748,-0.1111098959639519
20088,3.90625,-0.11111151584502484,6.282501923569819e-9,7.926223516637554e-5,5.708502236089153e-5,0.11111151584502484,-0.11110987120321002
20089,9.765625,-0.1111113711793095,4.40212703903382e-9,6.634852702987324e-5,2.762579634897769e-5,0.1111113711793095,-0.11110982509094613
20090,24.4140625,-0.11111092580443092,9.425108290007667e-10,3.0700339232665925e-5,3.905482402039147e-5,0.11111092580443092,-0.11110981605667293
20091,9.765625,-0.11111068149648531,2.0752711901835512e-10,1.4405801575002868e-5,0.00011052412742713413,0.11111068149648531,-0.11110983277707195
20092,3.90625,-0.11111048269630941,2.4773408193060703e-11,4.977289241450682e-6,0.00012317018962845232,0.11111048269630941,-0.1111098491862394
20093,1.5625,-0.1111102991335743,1.6672739821544127e-10,1.2912296395894933e-5,0.00012299696515241684,0.1111102991335743,-0.11110986410849685
20094,0.625,-0.11111012094163528,5.887743208347099e-10,2.4264672279565408e-5,0.00012091790793395063,0.11111012094163528,-0.11110987822452942
20095,0.25,-0.11110994487135638,1.2808711609225474e-9,3.5789260413181876e-5,0.00011923060111973162,0.11110994487135638,-0.11110989201896289
20096,0.1,-0.11110976980103077,2.240382569006821e-9,4.733267971504277e-5,0.00011814539025992522,0.11110976980103077,-0.11110990570736291
20097,0.1,-0.11110959599060344,3.4592958744271536e-9,5.881577912794451e-5,0.00011747980365320401,0.11110959599060344,-0.11110991908879679
20098,0.1,-0.1111094235848316,4.929669613177912e-9,7.021160597207496e-5,0.00011670867034618116,0.1111094235848316,-0.11110993211508895
20099,0.1,-0.11110925272550283,6.642693316857815e-9,8.150271968994541e-5,0.00011583272867697668,0.11110925272550283,-0.11110994473968647
20100,0.1,-0.11110908355136513,8.588724336447955e-9,9.267537071114393e-5,0.000114852876111485,0.11110908355136513,-0.11110995691783976
20101,0.25,-0.1111089196247371,1.0699775117663968e-8,0.00010343971731237459,0.00011377511312467642,0.1111089196247371,-0.11110996669602173
20102,0.625,-0.11110876961302128,1.2792299493732113e-8,0.00011310304811866085,0.00011108702218879127,0.11110876961302128,-0.1111099696495286
20103,1.5625,-0.1111086568691041,1.4355876618966376e-8,0.00011981601153003874,0.00010404417231181602,0.1111086568691041,-0.1111099544411416
20104,3.90625,-0.11110864176428893,1.4129990338482805e-8,0.00011886963589783054,8.571980151385092e-5,0.11110864176428893,-0.11110989875232857
20105,9.765625,-0.11110886586196435,9.92672542805002e-9,9.963295352467487e-5,4.130264107384275e-5,0.11110886586196435,-0.11110979468159181
20106,24.4140625,-0.11110960592563517,1.4512362538641838e-10,1.2046726749885978e-5,5.6606790603876176e-5,0.11110960592563517,-0.11110985331263502
20107,9.765625,-0.11111090652991072,1.5068469662378255e-10,1.2275369510682054e-5,3.2999159022670236e-5,0.11111090652991072,-0.11110985246305448
20108,3.90625,-0.11111139019602197,1.7378591683823937e-10,1.3182788659393708e-5,2.2472844369873802e-5,0.11111139019602197,-0.11110985212049303
20109,1.5625,-0.11111177953172946,2.0327000797958585e-10,1.425727912259509e-5,1.786805198289795e-5,0.11111177953172946,-0.1111098520640825
20110,0.625,-0.111112144467741,2.383379375057013e-10,1.543819735285507e-5,1.5803989630954747e-5,0.111112144467741,-0.11110985214315779
20111,1.5625,-0.11111236176556236,2.611806212921504e-10,1.616108354325756e-5,1.4836583002027703e-5,0.11111236176556236,-0.11110985189334888
20112,3.90625,-0.1111121857709497,2.4127300373371333e-10,1.553296506574689e-5,1.2494000850815857e-5,0.1111121857709497,-0.11110985097676478
20113,9.765625,-0.1111112321678642,1.4387345609453296e-10,1.1994726178389108e-5,8.48352414036556e-6,0.1111112321678642,-0.11110984956314462
20114,24.4140625,-0.11111006846780079,2.445979749109776e-11,4.94568473430098e-6,1.262030590289068e-5,0.11111006846780079,-0.11110984975569412
20115,9.765625,-0.11111057195758554,4.16744571522769e-12,2.0414322705462677e-6,2.2609436876445207e-5,0.11111057195758554,-0.11110985044146844
20116,3.90625,-0.1111107392733439,3.5384104333451274e-12,1.8810663022193362e-6,2.3761086101012145e-5,0.1111107392733439,-0.11110985102066212
20117,1.5625,-0.11111086527780524,1.3645936987226037e-11,3.6940407397897005e-6,2.3224901727981543e-5,0.11111086527780524,-0.11110985153372382
20118,0.625,-0.11111098072988142,3.3170076294400196e-11,5.759346863525429e-6,2.2621194618302555e-5,0.11111098072988142,-0.11110985201798235
20119,0.25,-0.11111109298603163,6.182945469049464e-11,7.863170778413416e-6,2.2205212246671463e-5,0.11111109298603163,-0.11110985249194363
20120,0.1,-0.11111120424416181,9.953553838771222e-11,9.976749891007203e-6,2.1947678415440543e-5,0.11111120424416181,-0.11110985296258061
20121,0.1,-0.1111113119210983,1.4589187252639018e-10,1.2078570798169383e-5,2.1788043876748696e-5,0.1111113119210983,-0.11110985342053101
20122,0.1,-0.11111141562525739,2.005517879413751e-10,1.4161630836219927e-5,2.1612180227792193e-5,0.11111141562525739,-0.11110985386436155
20123,0.1,-0.11111151498138742,2.6314190702163334e-10,1.6221649331114064e-5,2.1419950670148675e-5,0.11111151498138742,-0.11110985429268869
20124,0.1,-0.11111160963173651,3.332636394251541e-10,1.825550983744782e-5,2.1211309948519667e-5,0.11111160963173651,-0.11110985470418552
20125,0.25,-0.11111168629905056,4.080054991586277e-10,2.019914600072557e-5,2.0987829580699512e-5,0.11111168629905056,-0.11110985502547024
20126,0.625,-0.1111117151940097,4.79758244353663e-10,2.1903384312787442e-5,2.0459863671991626e-5,0.1111117151940097,-0.11110985509531787
20127,1.5625,-0.1111116229520142,5.280420237871463e-10,2.2979164993253047e-5,1.912014101808718e-5,0.1111116229520142,-0.11110985451119598
20128,3.90625,-0.11111125707834517,5.052836394243326e-10,2.2478515062706712e-5,1.5763611562949524e-5,0.11111125707834517,-0.11110985252683443
20129,9.765625,-0.1111104664418632,3.400958425928516e-10,1.8441687628654045e-5,8.682301584963097e-6,0.1111104664418632,-0.11110984904764053
20130,24.4140625,-0.11110994285596655,6.883590199674947e-11,8.296740444099084e-6,1.3601529818149606e-5,0.11110994285596655,-0.11110984866231717
20131,9.765625,-0.11111030056757702,1.437317826125267e-11,3.791197470622266e-6,3.16758292320448e-5,0.11111030056757702,-0.11110985002494939
20132,3.90625,-0.1111104482230884,3.2853719792184488e-12,1.812559510531571e-6,3.4754447059999324e-5,0.1111104482230884,-0.11110985131456098
20133,1.5625,-0.11111056712154059,1.732695819798668e-11,4.1625662995304565e-6,3.451514596028548e-5,0.11111056712154059,-0.11110985247931603
20134,0.625,-0.11111067814182585,5.309744030388196e-11,7.286799043742181e-6,3.384955208470625e-5,0.11111067814182585,-0.11110985358024209
20135,0.25,-0.11111078665727302,1.0983470251394086e-10,1.0480205270601376e-5,3.333626016194433e-5,0.11111078665727302,-0.11110985465625699
20136,0.1,-0.11111089435792953,1.8732633506858307e-10,1.3686721121897058e-5,3.300863435611263e-5,0.11111089435792953,-0.11110985572394962
20137,0.1,-0.11111100029395199,2.848794636124059e-10,1.6878372658891196e-5,3.280568357034186e-5,0.11111100029395199,-0.1111098567662761
20138,0.1,-0.11111110421289255,4.018272868552431e-10,2.004563011868779e-5,3.257447491435978e-5,0.11111110421289255,-0.11110985777960733
20139,0.1,-0.11111120586943331,5.374364441581062e-10,2.3182675517681434e-5,3.231512512652248e-5,0.11111120586943331,-0.11110985876043893
20140,0.1,-0.11111130502609057,6.909099352927298e-10,2.628516568889627e-5,3.20278182946662e-5,0.11111130502609057,-0.11110985970540765
20141,0.25,-0.11111139463535762,8.566246151780646e-10,2.926815018374179e-5,3.171438016424914e-5,0.11111139463535762,-0.11110986045875224
20142,0.625,-0.11111145833134457,1.0195186546649572e-9,3.192990220255861e-5,3.0949149269076874e-5,0.11111145833134457,-0.11110986067056428
20143,1.5625,-0.11111145476935352,1.138002902370567e-9,3.373429860498906e-5,2.8967064300325036e-5,0.11111145476935352,-0.11110985945071657
20144,3.90625,-0.11111129346970101,1.1106863631631853e-9,3.3326961505111525e-5,2.3871019633326187e-5,0.11111129346970101,-0.11110985507837295
20145,9.765625,-0.1111108580160004,7.673695268248935e-10,2.770143546506017e-5,1.2077993022902203e-5,0.1111108580160004,-0.11110984709356433
20146,24.4140625,-0.11111040018183942,1.582983302965258e-10,1.2581666435592935e-5,1.7975898740381568e-5,0.11111040018183942,-0.11110984585753536
20147,9.765625,-0.111110464246249,3.3857342301206657e-11,5.818706239466524e-6,4.664824540739224e-5,0.111110464246249,-0.11110984882779903
20148,3.90625,-0.11111044917196362,5.5208188707217145e-12,2.349642285694083e-6,5.160533534218969e-5,0.11111044917196362,-0.11110985169064896
20149,1.5625,-0.11111042684084393,3.357179758523058e-11,5.794117498397023e-6,5.139911760700813e-5,0.11111042684084393,-0.11110985428477471
20150,0.625,-0.11111040299438694,1.1033919094917644e-10,1.0504246329422043e-5,5.047419234179313e-5,0.11111040299438694,-0.11110985673785927
20151,0.25,-0.11111037877380407,2.341074104926968e-10,1.530056895977064e-5,4.9744309226050416e-5,0.11111037877380407,-0.11110985913570512
20152,0.1,-0.11111035448817352,4.0442018047703585e-10,2.0110200905934178e-5,4.9278653917515485e-5,0.11111035448817352,-0.11110986151564325
20153,0.1,-0.11111032979946915,6.198168994655561e-10,2.489612217727002e-5,4.899352013236552e-5,0.11111032979946915,-0.1111098638410807
20154,0.1,-0.1111103046576241,8.788703150773044e-10,2.9645746998132877e-5,4.8664643483954245e-5,0.1111103046576241,-0.11110986610368959
20155,0.1,-0.1111102790156447,1.1800020156041647e-9,3.435115741287569e-5,4.8292325192950765e-5,0.1111102790156447,-0.11110986829542979
20156,0.1,-0.11111025282985391,1.521489020480925e-9,3.9006268989496095e-5,4.787694032878458e-5,0.11111025282985391,-0.1111098704085799
20157,0.25,-0.11111022438274291,1.8911407246204763e-9,4.3487247839113434e-5,4.742110589258921e-5,0.11111022438274291,-0.11110987209849303
20158,0.625,-0.11111018990399242,2.25615739091738e-9,4.749902515754802e-5,4.628952584959356e-5,0.11111018990399242,-0.11110987258759795
20159,1.5625,-0.11111014057662272,2.525580455128927e-9,5.025515351811123e-5,4.3333958506318634e-5,0.11111014057662272,-0.11110986989019252
20160,3.90625,-0.11111006130264663,2.4758561340865246e-9,4.975797558267945e-5,3.567584632679449e-5,0.11111006130264663,-0.11110986013072315
20161,9.765625,-0.11110996077162213,1.7240704755239759e-9,4.1521927647015326e-5,1.7446526994162178e-5,0.11110996077162213,-0.11110984211249422
20162,24.4140625,-0.11111006319339346,3.619178953043126e-10,1.9024139804582824e-5,2.542617595775819e-5,0.11111006319339346,-0.11110983894010998
20163,9.765625,-0.11111027306382494,7.853244009885825e-11,8.861853084928584e-6,6.943609377846827e-5,0.11111027306382494,-0.11110984553424519
20164,3.90625,-0.11111040988357167,1.0876975112423475e-11,3.298025941745073e-6,7.712147986427537e-5,0.11111040988357167,-0.11110985194883721
20165,1.5625,-0.11111053219546273,7.005938181081487e-11,8.370148255008084e-6,7.6919133773105e-5,0.11111053219546273,-0.11110985777149754
20166,0.625,-0.1111106501440746,2.387627486391211e-10,1.5451949671129565e-5,7.557975087894698e-5,0.1111106501440746,-0.11110986327857564
20167,0.25,-0.11111076672537384,5.13115806678429e-10,2.2652059656429237e-5,7.450847942083989e-5,0.11111076672537384,-0.1111098686612177
20168,0.1,-0.11111088294086095,8.921095388030854e-10,2.986820280504144e-5,7.382343862008811e-5,0.11111088294086095,-0.11110987400352694
20169,0.1,-0.11111099836115955,1.3725524323946031e-9,3.704797474079525e-5,7.340489093525377e-5,0.11111099836115955,-0.11110987922511213
20170,0.1,-0.11111111282990926,1.951302675576595e-9,4.417355176546929e-5,7.29202925074813e-5,0.11111111282990926,-0.11110988430714742
20171,0.1,-0.11111122619181311,2.624876609851991e-9,5.1233549651102555e-5,7.237010534265722e-5,0.11111122619181311,-0.11110988923144582
20172,0.1,-0.11111133829300306,3.3894633664926453e-9,5.82190979532717e-5,7.175489526348518e-5,0.11111133829300306,-0.11110989398053162
20173,0.25,-0.11111144519411699,4.2180608610950435e-9,6.49466000734068e-5,7.107843652813432e-5,0.11111144519411699,-0.11110989778490626
20174,0.625,-0.11111153747837105,5.037865229734847e-9,7.09779207200017e-5,6.939032296716917e-5,0.11111153747837105,-0.11110989890490815
20175,1.5625,-0.11111159050504507,5.6466680522493424e-9,7.514431483651536e-5,6.496883158446954e-5,0.11111159050504507,-0.11110989289058763
20176,3.90625,-0.11111154549626277,5.546296025975047e-9,7.447345853372896e-5,5.348075764092176e-5,0.11111154549626277,-0.11110987102107459
20177,9.765625,-0.1111112951364942,3.878055549791494e-9,6.22740359202091e-5,2.5834661345633863e-5,0.1111112951364942,-0.11110983041890006
20178,24.4140625,-0.1111108014406214,8.248489896260155e-10,2.8720184359192672e-5,3.703094986170072e-5,0.1111108014406214,-0.11110982272620752
20179,9.765625,-0.11111063035170375,1.8082603973903007e-10,1.344715731071181e-5,0.00010381471172174243,0.11111063035170375,-0.11110983747637657
20180,3.90625,-0.11111047030265295,2.2795321024345265e-11,4.7744445775760415e-6,0.00011557421108196915,0.11111047030265295,-0.11110985191006878
20181,1.5625,-0.11111031994395967,1.5051953848189383e-10,1.2268640449613553e-5,0.00011536615659945634,0.11111031994395967,-0.11110986502756727
20182,0.625,-0.11111017333294468,5.248309911614952e-10,2.2909190102696673e-5,0.00011339670546824759,0.11111017333294468,-0.11110987743555382
20183,0.25,-0.11111002828307202,1.1369398990913888e-9,3.3718539397361044e-5,0.00011180643429330609,0.11111002828307202,-0.11110988956180984
20184,0.1,-0.11110988401403726,1.98455075885578e-9,4.4548296924302055e-5,0.00011078606648344054,0.11110988401403726,-0.11110990159592056
20185,0.1,-0.11110974063261182,3.060571086127398e-9,5.532242841856635e-5,0.00011016152302308341,0.11110974063261182,-0.11110991335957762
20186,0.1,-0.11110959823617035,4.357988226897689e-9,6.601506060663497e-5,0.0001094377843022043,0.11110959823617035,-0.11110992481034557
20187,0.1,-0.11110945692060076,5.869022384426786e-9,7.660954499556034e-5,0.00010861555224336508,0.11110945692060076,-0.11110993590722365
20188,0.1,-0.11110931678033364,7.585159259122282e-9,8.709281979085464e-5,0.0001076956782783383,0.11110931678033364,-0.1111099466108033
20189,0.25,-0.11110918008644464,9.446224224367003e-9,9.71916880415553e-5,0.0001066837888219941,0.11110918008644464,-0.11110995519685747
20190,0.625,-0.11110905248090873,1.1289825364467958e-8,0.0001062535898897913,0.00010415775449001922,0.11110905248090873,-0.11110995776244363
20191,1.5625,-0.11110894956976972,1.26645468687316e-8,0.00011253686893072689,9.753811417476984e-5,0.11110894956976972,-0.1111099443128995
20192,3.90625,-0.1111089140710028,1.2456468605566247e-8,0.00011160855077262784,8.031866683613184e-5,0.1111089140710028,-0.11110989520282145
20193,9.765625,-0.1111090598938361,8.736651941932211e-9,9.347005906669907e-5,3.864005534790148e-5,0.1111090598938361,-0.11110980364048084
20194,24.4140625,-0.11110990451674119,1.2730628307279146e-10,1.128300860022678e-5,5.3516496150925216e-5,0.11110990451674119,-0.11110985555746118
20195,9.765625,-0.11111077653659343,1.3372696328862218e-10,1.1564037499447249e-5,3.0509501747715796e-5,0.11111077653659343,-0.1111098547302584
20196,3.90625,-0.11111109372041804,1.5263449834049393e-10,1.2354533513673995e-5,2.0658221738668894e-5,0.11111109372041804,-0.11110985441606651
20197,1.5625,-0.11111134946687086,1.7673948488394494e-10,1.3294340332786164e-5,1.64740617120437e-5,0.11111134946687086,-0.11110985436317491
20198,3.90625,-0.11111140352935833,1.7684098386584142e-10,1.3298157160518198e-5,1.4619450941163698e-5,0.11111140352935833,-0.11110985376482482
20199,9.765625,-0.11111098961714787,1.191200767679853e-10,1.0914214436595302e-5,1.0574328204408274e-5,0.11111098961714787,-0.11110985254998117
20200,24.4140625,-0.1111102684434123,2.268714655890705e-11,4.763102618977157e-6,9.763309236814838e-6,0.1111102684434123,-0.11110985238741507
20201,9.765625,-0.11111060618728845,5.275645921028489e-12,2.2968774283858704e-6,1.885935682011907e-5,0.11111060618728845,-0.11110985285973535
20202,3.90625,-0.11111071461699396,2.40647255249608e-12,1.551280939255066e-6,2.026844046825117e-5,0.11111071461699396,-0.11110985329108322
20203,1.5625,-0.11111079742146052,7.54750825101672e-12,2.747272875237682e-6,1.9995303381635722e-5,0.11111079742146052,-0.11110985367995303
20204,0.625,-0.11111087386213198,1.9579013960649507e-11,4.4248179579107554e-6,1.9546027571884577e-5,0.11111087386213198,-0.1111098540471399
20205,0.25,-0.11111094843249894,3.822721878743969e-11,6.18281641223801e-6,1.920606625378647e-5,0.11111094843249894,-0.1111098544051227
20206,0.1,-0.11111102244329792,6.339180906081117e-11,7.961897327949611e-6,1.8980740294313543e-5,0.11111102244329792,-0.11110985475914528
20207,0.1,-0.11111109374899945,9.479305345330193e-11,9.736172423149763e-6,1.883141623573849e-5,0.11111109374899945,-0.11110985510353405
20208,0.1,-0.111111162084249,1.321781983140379e-10,1.1496877763725153e-5,1.8670815358026964e-5,0.111111162084249,-0.11110985543735923
20209,0.1,-0.11111122719606842,1.7527772543143175e-10,1.3239249428552653e-5,1.8498545597724777e-5,0.11111122719606842,-0.11110985575971323
20210,0.1,-0.11111128884466183,2.2380612749480157e-10,1.4960151319248131e-5,1.831433187877696e-5,0.11111128884466183,-0.1111098560697177
20211,0.25,-0.11111133721550731,2.758232514054264e-10,1.660792736633402e-5,1.8119600965820995e-5,0.11111133721550731,-0.11110985631759215
20212,0.625,-0.11111135057099683,3.262454649178416e-10,1.8062266328394164e-5,1.768195911326928e-5,0.11111135057099683,-0.11110985639266768
20213,1.5625,-0.11111127584153356,3.6132436338345236e-10,1.9008533961972248e-5,1.659279307365983e-5,0.11111127584153356,-0.11110985601637868
20214,3.90625,-0.11111100447452643,3.487483150554013e-10,1.8674804284259616e-5,1.3880854870484752e-5,0.11111100447452643,-0.11110985466250438
20215,9.765625,-0.11111043736017374,2.3828771372573697e-10,1.5436570659500024e-5,8.158569244465105e-6,0.11111043736017374,-0.11110985222007452
20216,24.4140625,-0.11111010055353303,4.999158746415718e-11,7.070472930727985e-6,1.1220981014916982e-5,0.11111010055353303,-0.11110985185163581
20217,9.765625,-0.11111034230122159,1.1349407013809451e-11,3.368888097549316e-6,2.6318106229796045e-5,0.11111034230122159,-0.11110985278302282
20218,3.90625,-0.11111044229815026,2.756667095360767e-12,1.6603213831547093e-6,2.898443966803051e-5,0.11111044229815026,-0.11110985368149487
20219,1.5625,-0.11111052262342656,1.156389059828193e-11,3.4005720986742703e-6,2.8832006792828372e-5,0.11111052262342656,-0.11110985449709437
20220,0.625,-0.11111059755868415,3.5355697228217456e-11,5.946065693230899e-6,2.829405515009797e-5,0.11111059755868415,-0.1111098552686318
20221,0.25,-0.11111067077760484,7.356932853625898e-11,8.577256469073254e-6,2.7868337515166502e-5,0.11111067077760484,-0.11110985602223974
20222,0.1,-0.11111074343680866,1.2603364403239114e-10,1.1226470684609261e-5,2.759062914984413e-5,0.11111074343680866,-0.11110985676929538
20223,0.1,-0.1111108149199783,1.9226605905214488e-10,1.3866003716000688e-5,2.7414002542135843e-5,0.1111108149199783,-0.11110985749843039
20224,0.1,-0.11111088505579285,2.71798412426188e-10,1.6486309848664983e-5,2.7214865841753052e-5,0.11111088505579285,-0.11110985820720447
20225,0.1,-0.1111109536775756,3.641186052838016e-10,1.9081892078192917e-5,2.6993256714155142e-5,0.1111109536775756,-0.11110985889325944
20226,0.1,-0.11111102062377648,4.686724896869197e-10,2.1648844996602468e-5,2.6749279046022492e-5,0.11111102062377648,-0.11110985955433134
20227,0.25,-0.11111108117306805,5.816637968801866e-10,2.4117707123194498e-5,2.6484581292285563e-5,0.11111108117306805,-0.11110986008462263
20228,0.625,-0.1111111243320925,6.929304935204572e-10,2.632357296265948e-5,2.5852339039682077e-5,0.1111111243320925,-0.11110986024601842
20229,1.5625,-0.11111112227137687,7.743879124983323e-10,2.7827826226608723e-5,2.4229609148370246e-5,0.11111112227137687,-0.11110985943172812
20230,3.90625,-0.11111101385104018,7.573520091286506e-10,2.7520029235606754e-5,2.0076516578263837e-5,0.11111101385104018,-0.1111098564633375
20231,9.765625,-0.11111071922193957,5.254805147492567e-10,2.2923361768057857e-5,1.0571827889573698e-5,0.11111071922193957,-0.1111098510002025
20232,24.4140625,-0.11111040283062687,1.0959830665203541e-10,1.0468920987954556e-5,1.4999317818013992e-5,0.11111040283062687,-0.11110985010091813
20233,9.765625,-0.11111044087922346,2.3757012055353645e-11,4.8741165410106525e-6,3.867186439981342e-5,0.11111044087922346,-0.11110985213809017
20234,3.90625,-0.1111104247592362,3.844667569551039e-12,1.9607823870973136e-6,4.280849058970434e-5,0.1111104247592362,-0.11110985410968857
20235,1.5625,-0.1111104043758604,2.2588293310341803e-11,4.752714309775184e-6,4.26520551350702e-5,0.1111104043758604,-0.11110985589818348
20236,0.625,-0.11111038318299822,7.468239420449029e-11,8.641897604374301e-6,4.1889580574166824e-5,0.11111038318299822,-0.11110985758957437
20237,0.25,-0.11111036181215012,1.5892045348029446e-10,1.2606365593631436e-5,4.128306819081407e-5,0.11111036181215012,-0.11110985924236816
20238,0.1,-0.11111034042404228,2.7496606609771663e-10,1.6582100774561606e-5,4.089269166182777e-5,0.11111034042404228,-0.11110986088214261
20239,0.1,-0.11111031879691764,4.2181065366497716e-10,2.0538029449413525e-5,4.06506506695269e-5,0.11111031879691764,-0.11110986248409489
20240,0.1,-0.11111029690368895,5.984652549912734e-10,2.446354951742027e-5,4.0372935847288504e-5,0.11111029690368895,-0.11110986404257484
20241,0.1,-0.11111027471940606,8.038392779666576e-10,2.8352059501324724e-5,4.0059782416165186e-5,0.11111027471940606,-0.11110986555212826
20242,0.1,-0.11111025222141267,1.0367449690611435e-9,3.21985243304898e-5,3.9711490189726104e-5,0.11111025222141267,-0.11110986700751915
20243,0.25,-0.11111022839543568,1.2889008652131702e-9,3.590126550991163e-5,3.933037102227432e-5,0.11111022839543568,-0.1111098681738648
20244,0.625,-0.11111020106264119,1.5380409720511647e-9,3.9217865470358846e-5,3.839454439316321e-5,0.11111020106264119,-0.11110986852099249
20245,1.5625,-0.11111016529457743,1.7224085597584087e-9,4.1501910314567556e-5,3.596127366637404e-5,0.11111016529457743,-0.11110986669406227
20246,3.90625,-0.11111011370643584,1.6900323662661702e-9,4.111000323845974e-5,2.9669771984521088e-5,0.11111011370643584,-0.11110986004315603
20247,9.765625,-0.11111005935408297,1.17951162291472e-9,3.4344018735650606e-5,1.4761249960377505e-5,0.11111005935408297,-0.11110984772020167
20248,24.4140625,-0.11111016618546589,2.48986221494605e-10,1.5779297243369396e-5,2.106197333297101e-5,0.11111016618546589,-0.11110984548809137
20249,9.765625,-0.11111032234837415,5.4034427008904124e-11,7.3508113163721e-6,5.751295734846684e-5,0.11111032234837415,-0.11110985001306195
20250,3.90625,-0.11111042712660053,7.050765808609014e-12,2.655327815658363e-6,6.390850033296985e-5,0.11111042712660053,-0.11110985442209523
20251,1.5625,-0.11111052111276454,4.7016849297665997e-11,6.8568833516158055e-6,6.375328526463641e-5,0.11111052111276454,-0.11110985842555882
20252,0.625,-0.1111106118223869,1.620004065341767e-10,1.2727938031518565e-5,6.264666935257305e-5,0.1111106118223869,-0.11110986221167274
20253,0.25,-0.1111107014961292,3.493065197624537e-10,1.8689743705103442e-5,6.17573096808663e-5,0.1111107014961292,-0.11110986591134883
20254,0.1,-0.11111079088511529,6.082106537773132e-10,2.4661927211337586e-5,6.118552579296596e-5,0.11111079088511529,-0.11110986958232615
20255,0.1,-0.11111087966441024,9.365146727549873e-10,3.0602527228237e-5,6.083344763949193e-5,0.11111087966441024,-0.11110987316991847
20256,0.1,-0.11111096771639119,1.3320493307561282e-9,3.6497251002727974e-5,6.042711373828449e-5,0.11111096771639119,-0.11110987666129317
20257,0.1,-0.11111105492415203,1.7924137622346493e-9,4.233690780199529e-5,5.9966904054246674e-5,0.11111105492415203,-0.1111098800440577
20258,0.1,-0.11111114117176708,2.3149854924580624e-9,4.811429613387338e-5,5.945328589523959e-5,0.11111114117176708,-0.11110988330630682
20259,0.25,-0.11111122349115785,2.881360105557146e-9,5.367830199957098e-5,5.888954538805519e-5,0.11111122349115785,-0.1111098859223995
20260,0.625,-0.11111129478017034,3.4419387370212142e-9,5.866803846236223e-5,5.7492228814112945e-5,0.11111129478017034,-0.11110988670361459
20261,1.5625,-0.11111133640213086,3.858949908077073e-9,6.212044677943868e-5,5.384240099107042e-5,0.11111133640213086,-0.11110988260788299
20262,3.90625,-0.11111130354304835,3.792692475864366e-9,6.158483965932173e-5,4.436967938880303e-5,0.11111130354304835,-0.11110986766485334
20263,9.765625,-0.1111111120997641,2.65595967429855e-9,5.153600367023572e-5,2.1608520062458857e-5,0.1111111120997641,-0.1111098398588461
20264,24.4140625,-0.11111071903567458,5.668318895509343e-10,2.380823155026291e-5,3.0582573973291055e-5,0.11111071903567458,-0.1111098344945474
20265,9.765625,-0.1111105737670988,1.240166153826407e-10,1.1136274753374249e-5,8.596698964637116e-5,0.1111105737670988,-0.11110984461639112
20266,3.90625,-0.11111044098100478,1.4721170086037746e-11,3.836817702997856e-6,9.574171140626691e-5,0.11111044098100478,-0.11110985452963976
20267,1.5625,-0.11111031667559972,1.0143565311880089e-10,1.0071526851416368e-5,9.558030688336452e-5,0.11111031667559972,-0.1111098635393379
20268,0.625,-0.11111019555342574,3.5718908659965723e-10,1.8899446727342502e-5,9.39495127397598e-5,0.11111019555342574,-0.11110987206029507
20269,0.25,-0.11111007571437467,7.758815554884306e-10,2.785465051815281e-5,9.262810693668387e-5,0.11111007571437467,-0.11110988038593611
20270,0.1,-0.11110995648505125,1.355880791528255e-9,3.682228661460685e-5,9.177663063029086e-5,0.11110995648505125,-0.11110988864649002
20271,0.1,-0.1111098379902904,2.0922997727528537e-9,4.574166342354477e-5,9.125213955695005e-5,0.1111098379902904,-0.11110989672033507
20272,0.1,-0.11110972031790793,2.980297795282211e-9,5.459210378142805e-5,9.064589741332246e-5,0.11110972031790793,-0.11110990457848241
20273,0.1,-0.11110960355463854,4.01451240669388e-9,6.336017997681099e-5,8.9958490951374e-5,0.11110960355463854,-0.11110991219293191
20274,0.1,-0.11110948778612835,5.189081827969659e-9,7.203528182751602e-5,8.919063091250161e-5,0.11110948778612835,-0.11110991953678026
20275,0.25,-0.11110937509253495,6.462894640304394e-9,8.03921304625297e-5,8.83471892847561e-5,0.11110937509253495,-0.11110992543037541
20276,0.625,-0.1111092706099989,7.725053853267e-9,8.789228551623288e-5,8.625352393131558e-5,0.1111092706099989,-0.11110992720296022
20277,1.5625,-0.11110918844299916,8.667279938419978e-9,9.30982273645421e-5,8.077930541692087e-5,0.11110918844299916,-0.11110991801318279
20278,3.90625,-0.1111091665708023,8.528419901859719e-9,9.234944451300028e-5,6.655019441718468e-5,0.1111091665708023,-0.11110988440061528
20279,9.765625,-0.11110930259001235,5.98770242714228e-9,7.73802457164765e-5,3.211386778773994e-5,0.11110930259001235,-0.11110982164304417
20280,24.4140625,-0.1111099498265744,8.691603271280133e-11,9.322876847454402e-6,4.410508743330388e-5,0.1111099498265744,-0.11110985718946283
20281,9.765625,-0.11111075019016653,9.119456483931955e-11,9.549584537524109e-6,2.5333117535461103e-5,0.11111075019016653,-0.11110985663926401
20282,3.90625,-0.11111104152497311,1.0416194303746714e-10,1.0205975849347633e-5,1.724759958536933e-5,0.11111104152497311,-0.1111098564307847
20283,1.5625,-0.11111127636804582,1.2059723552279352e-10,1.0981677263642085e-5,1.3834099125065047e-5,0.11111127636804582,-0.11110985640076346
20284,0.625,-0.11111149665781343,1.4001660621164837e-10,1.1832861285912566e-5,1.23446805932321e-5,0.11111149665781343,-0.1111098564535718
20285,1.5625,-0.11111162629383942,1.525064091627632e-10,1.2349348531917108e-5,1.1656816125363308e-5,0.11111162629383942,-0.11110985631704638
20286,3.90625,-0.1111115153437583,1.413797122298387e-10,1.1890320106281357e-5,1.0025147837778401e-5,0.1111115153437583,-0.11110985579377909
20287,9.765625,-0.11111093181814645,8.625618417594398e-11,9.287420749376222e-6,7.349577022962534e-6,0.11111093181814645,-0.11110985496221039
20288,24.4140625,-0.11111023046493539,1.486502092022873e-11,3.855518242756573e-6,1.0334147884568513e-5,0.11111023046493539,-0.11110985508020453
20289,9.765625,-0.11111051987516361,2.9136886749285784e-12,1.706953038290327e-6,1.782961102568797e-5,0.11111051987516361,-0.1111098554961589
20290,3.90625,-0.11111061065977292,2.334729436322166e-12,1.5279821452890626e-6,1.8745559970420576e-5,0.11111061065977292,-0.11110985585621157
20291,1.5625,-0.1111106774702675,8.183010408102315e-12,2.8605961630580285e-6,1.8361286914496734e-5,0.1111106774702675,-0.11110985617800083
20292,0.625,-0.11111073822092128,1.9664784639516178e-11,4.434499367405094e-6,1.7911965575311637e-5,0.11111073822092128,-0.11110985648274758
20293,0.25,-0.11111079714766807,3.660503030407633e-11,6.050209112425481e-6,1.759890480254574e-5,0.11111079714766807,-0.11110985678126661
20294,0.1,-0.11111085550813395,5.894659135536315e-11,7.677668354087922e-6,1.7403367421842306e-5,0.11111085550813395,-0.11110985707768102
20295,0.1,-0.11111091177659894,8.646104215236294e-11,9.29844299613451e-6,1.728095258313594e-5,0.11111091177659894,-0.11110985736645437
20296,0.1,-0.11111096572738655,1.1894555336020254e-10,1.0906216271475757e-5,1.7146502637999586e-5,0.11111096572738655,-0.11110985764673569
20297,0.1,-0.11111101714455596,1.5618175036837102e-10,1.2497269716556934e-5,1.6999901804323905e-5,0.11111101714455596,-0.11110985791770148
20298,0.1,-0.11111106582257728,1.9793650116935123e-10,1.4068990765842133e-5,1.6841106108626114e-5,0.11111106582257728,-0.11110985817856128
20299,0.25,-0.11111110402894993,2.4253752557189707e-10,1.5573616329289e-5,1.6671321870658873e-5,0.11111110402894993,-0.1111098583856756
20300,0.625,-0.1111111144528044,2.855981502551458e-10,1.6899649412196272e-5,1.627349706510242e-5,0.1111111144528044,-0.11110985844289281
20301,1.5625,-0.11111105456964787,3.1522866850614307e-10,1.7754680185971898e-5,1.5267693547585266e-5,0.11111105456964787,-0.11110985810892117
20302,3.90625,-0.11111083659698917,3.0334086845912905e-10,1.7416683624017777e-5,1.2756223965469642e-5,0.11111083659698917,-0.11110985693029565
20303,9.765625,-0.1111103775846865,2.0589807223700178e-10,1.434914883318874e-5,7.5534401913263865e-6,0.1111103775846865,-0.11110985482977012
20304,24.4140625,-0.11111010031952936,4.200450165707396e-11,6.481087999485423e-6,1.0994948537743288e-5,0.11111010031952936,-0.11110985458795769
20305,9.765625,-0.11111032734788362,9.200603370139558e-12,3.0332496386119554e-6,2.4860437208274998e-5,0.11111032734788362,-0.11110985541771476
20306,3.90625,-0.11111042638883724,2.4069427548862122e-12,1.5514324847979084e-6,2.7243356205611858e-5,0.11111042638883724,-0.11110985620797882
20307,1.5625,-0.11111050765696202,1.078701722525488e-11,3.2843594847785586e-6,2.7065240134222073e-5,0.11111050765696202,-0.11110985692417416
20308,0.625,-0.11111058400375588,3.228764702689584e-11,5.682222014924781e-6,2.6554823569466347e-5,0.11111058400375588,-0.11110985760220958
20309,0.25,-0.11111065877733903,6.644536781963953e-11,8.151402812991118e-6,2.6159957808093117e-5,0.11111065877733903,-0.11110985826528283
20310,0.1,-0.11111073303698982,1.1312914463627061e-10,1.0636218530862866e-5,2.5907271435480044e-5,0.11111073303698982,-0.11110985892331336
20311,0.1,-0.11111080620124959,1.7192160879647676e-10,1.3111888071383037e-5,2.575021574586911e-5,0.11111080620124959,-0.11110985956599145
20312,0.1,-0.11111087811180459,2.4242034246878055e-10,1.5569853643139377e-5,2.557145235177854e-5,0.11111087811180459,-0.11110986019112663
20313,0.1,-0.11111094861459954,3.2418301337590464e-10,1.8005082987198495e-5,2.537108482908016e-5,0.11111094861459954,-0.11110986079660498
20314,0.1,-0.11111101756026547,4.167291194643873e-10,2.0413944240748463e-5,2.5149268809643387e-5,0.11111101756026547,-0.11110986138039682
20315,0.25,-0.11111108056213596,5.166854984583779e-10,2.2730717068723943e-5,2.4907451314539106e-5,0.11111108056213596,-0.1111098618485557
20316,0.625,-0.11111112741083408,6.150152420236678e-10,2.479950084222801e-5,2.4318987257860204e-5,0.11111112741083408,-0.11110986198998273
20317,1.5625,-0.11111113223980501,6.867439738255452e-10,2.6205800385135065e-5,2.2797764956894115e-5,0.11111113223980501,-0.11110986126727361
20318,3.90625,-0.11111103799169333,6.708464704757792e-10,2.5900704053669646e-5,1.8898688247849202e-5,0.11111103799169333,-0.11110985863928434
20319,9.765625,-0.11111076815462019,4.6427956832305764e-10,2.154714756813666e-5,1.002838827183983e-5,0.11111076815462019,-0.11110985381882732
20320,24.4140625,-0.1111104603608655,9.617563158869511e-11,9.80691753756985e-6,1.4354484088487285e-5,0.1111104603608655,-0.11110985306541811
20321,9.765625,-0.11111047543231829,2.085695651515097e-11,4.566941702622332e-6,3.6438324769375725e-5,0.11111047543231829,-0.1111098548702279
20322,3.90625,-0.11111044802473971,3.640981694560321e-12,1.908135659370245e-6,4.0285769544712565e-5,0.11111044802473971,-0.11110985661319099
20323,1.5625,-0.11111041770382582,2.0537551776359776e-11,4.5318375717097115e-6,4.0128574163451876e-5,0.11111041770382582,-0.11110985819446063
20324,0.625,-0.11111038695548577,6.689995473673795e-11,8.179239251711491e-6,3.941231886952448e-5,0.11111038695548577,-0.11110985969062279
20325,0.25,-0.1111103561503782,1.4168576517650223e-10,1.1903182985088578e-5,3.8846352613607564e-5,0.1111103561503782,-0.11110986115337161
20326,0.1,-0.11111032536500022,2.446153994409574e-10,1.5640185403023757e-5,3.8484757308697665e-5,0.11111032536500022,-0.11110986260522278
20327,0.1,-0.11111029442113086,3.7480494361940443e-10,1.935987974186318e-5,3.826288177048557e-5,0.11111029442113086,-0.11110986402403636
20328,0.1,-0.11111026330414313,5.313898018085867e-10,2.3051893670772184e-5,3.800719861559503e-5,0.11111026330414313,-0.11110986540478182
20329,0.1,-0.11111023200116958,7.134142242332215e-10,2.6709815129147216e-5,3.7717945618350894e-5,0.11111023200116958,-0.11110986674260229
20330,0.1,-0.11111020050122833,9.198352850934551e-10,3.0328786409836036e-5,3.739541885131959e-5,0.11111020050122833,-0.11110986803283501
20331,0.25,-0.11111016813084813,1.1432940699942712e-9,3.381263181111862e-5,3.7041679583512775e-5,0.11111016813084813,-0.11110986906713198
20332,0.625,-0.11111013350227865,1.3639916997673766e-9,3.6932258254368586e-5,3.616526608887132e-5,0.11111013350227865,-0.11110986937541191
20333,1.5625,-0.11111009367415563,1.5270149819619958e-9,3.9077039063393686e-5,3.3878686434084775e-5,0.11111009367415563,-0.11110986775698134
20334,3.90625,-0.11111004554378397,1.497336924909391e-9,3.869543803744042e-5,2.7963172538918225e-5,0.11111004554378397,-0.11110986186692634
20335,9.765625,-0.11111000740763566,1.043358210115408e-9,3.2301055866881624e-5,1.400210894389439e-5,0.11111000740763566,-0.11110985097365343
20336,24.4140625,-0.1111101318590968,2.1948695988852334e-10,1.4815092301046366e-5,2.0035627976301406e-5,0.1111101318590968,-0.11110984904615495
20337,9.765625,-0.11111028857423548,4.7839894288680324e-11,6.916638944507681e-6,5.412427761342362e-5,0.11111028857423548,-0.11110985304644726
20338,3.90625,-0.11111039624191506,6.7936044611609305e-12,2.606454385014426e-6,6.01008701603e-5,0.11111039624191506,-0.1111098569408426
20339,1.5625,-0.11111049340657132,4.2528429027397927e-11,6.521382447564161e-6,5.994629548653379e-5,0.11111049340657132,-0.11110986047762697
20340,0.625,-0.11111058733599939,1.4455121732550416e-10,1.2022945451323655e-5,5.890657362521696e-5,0.11111058733599939,-0.11110986382351838
20341,0.25,-0.11111068022812445,3.105116426709616e-10,1.7621340546932335e-5,5.80743489265025e-5,0.11111068022812445,-0.1111098670940532
20342,0.1,-0.1111107728243949,5.397933920432958e-10,2.323345415652386e-5,5.754178409494837e-5,0.1111107728243949,-0.11110987034009095
20343,0.1,-0.1111108648370789,8.304632302959484e-10,2.881775893951416e-5,5.721605870447958e-5,0.1111108648370789,-0.1111098735129883
20344,0.1,-0.11111095615227821,1.1806168289324433e-9,3.436010519385008e-5,5.683909199541112e-5,0.11111095615227821,-0.11110987660135835
20345,0.1,-0.1111110466567753,1.5881434063489509e-9,3.9851516989306076e-5,5.6411249824867315e-5,0.1111110466567753,-0.11110987959420128
20346,0.1,-0.11111113623827874,2.0507345945342273e-9,4.528503720363082e-5,5.593297896981276e-5,0.11111113623827874,-0.11110988248094822
20347,0.25,-0.11111122207353347,2.552065635082009e-9,5.051797338652857e-5,5.540725209366767e-5,0.11111122207353347,-0.11110988479603648
20348,0.625,-0.11111129738080852,3.048124751765789e-9,5.520982477572075e-5,5.4096589392482694e-5,0.11111129738080852,-0.11110988548690119
20349,1.5625,-0.11111134431285728,3.416665892452054e-9,5.845225309987677e-5,5.066555766860505e-5,0.11111134431285728,-0.11110988186084364
20350,3.90625,-0.11111131969859947,3.3564435634278e-9,5.7934821682886016e-5,4.175716596633209e-5,0.11111131969859947,-0.11110986863882065
20351,9.765625,-0.11111114095560677,2.3477978041908347e-9,4.845407933487989e-5,2.040213894069221e-5,0.11111114095560677,-0.11110984406859797
20352,24.4140625,-0.11111075564615416,4.998910171369152e-10,2.235824271128917e-5,2.89713697640973e-5,0.11111075564615416,-0.11110983939824874
20353,9.765625,-0.11111060481791867,1.0974381352981179e-10,1.0475868151604993e-5,8.084641590968422e-5,0.11111060481791867,-0.11110984833887605
20354,3.90625,-0.11111046940967031,1.3935590817151818e-11,3.733040425330513e-6,8.99967117020092e-5,0.11111046940967031,-0.11110985709031218
20355,1.5625,-0.11111034271522287,9.117140463150325e-11,9.548371831443476e-6,8.983621868958091e-5,0.11111034271522287,-0.11110986504509074
20356,0.625,-0.1111102192534355,3.1771194536085637e-10,1.7824476019251066e-5,8.830430236781036e-5,0.1111102192534355,-0.11110987257011369
20357,0.25,-0.11111009707391904,6.882207995114141e-10,2.62339627107956e-5,8.70666241048274e-5,0.11111009707391904,-0.11110987992429468
20358,0.1,-0.11110997548566197,1.2012964749445575e-9,3.4659724103699345e-5,8.627185053332697e-5,0.11110997548566197,-0.1111098872224038
20359,0.1,-0.1111098546031571,1.8526387749078783e-9,4.3042290539745656e-5,8.578476900933661e-5,0.1111098546031571,-0.11110989435651786
20360,0.1,-0.11110973451657989,2.6379940728730965e-9,5.1361406453416915e-5,8.52206173157154e-5,0.11110973451657989,-0.1111099013009597
20361,0.1,-0.11110961531510011,3.552644997541549e-9,5.960406863244781e-5,8.45799479252205e-5,0.11110961531510011,-0.11110990803092201
20362,0.1,-0.11110949708685251,4.591430232232953e-9,6.776009321298896e-5,8.386342968762151e-5,0.11110949708685251,-0.11110991452256358
20363,0.25,-0.11110938192872728,5.717937408314102e-9,7.561704442990418e-5,8.307549726236403e-5,0.11110938192872728,-0.1111099197322102
20364,0.625,-0.11110927502853209,6.833913058488367e-9,8.266748489272168e-5,8.111092718255877e-5,0.11110927502853209,-0.11110992129740203
20365,1.5625,-0.11110919061415185,7.666233032439491e-9,8.755702731614117e-5,7.596547380278563e-5,0.11110919061415185,-0.11110991316803366
20366,3.90625,-0.11110916679162793,7.540842981744274e-9,8.683802727920686e-5,6.258616236327037e-5,0.11110916679162793,-0.1111098834498203
20367,9.765625,-0.1111093001663729,5.289951465279689e-9,7.273205253036442e-5,3.0254693996943055e-5,0.1111093001663729,-0.1111098280194241
20368,24.4140625,-0.11110992882664694,7.77730139757094e-11,8.81890095055554e-6,4.1718447477436266e-5,0.11110992882664694,-0.11110985947988426
20369,9.765625,-0.11111072455003797,8.134888791051218e-11,9.019361834992107e-6,2.4074002748863335e-5,0.11111072455003797,-0.1111098589977443
20370,3.90625,-0.11111101873231585,9.298589145306176e-11,9.64291923916517e-6,1.651759924265414e-5,0.11111101873231585,-0.11110985881914488
20371,1.5625,-0.11111125602667325,1.0781474384015205e-10,1.0383387878729758e-5,1.3327658265210637e-5,0.11111125602667325,-0.11110985879874954
20372,0.625,-0.11111147861428125,1.2539833509894647e-10,1.1198139805295631e-5,1.1934302299605017e-5,0.11111147861428125,-0.11110985885192749
20373,1.5625,-0.11111161148088983,1.368045711665356e-10,1.1696348625384572e-5,1.1289731822971387e-5,0.11111161148088983,-0.11110985873472873
20374,3.90625,-0.11111150560072876,1.2689772101047262e-10,1.1264888859215283e-5,9.762465989191088e-6,0.11111150560072876,-0.11110985826926438
20375,9.765625,-0.11111092849915852,7.71904399829203e-11,8.785809011293171e-6,7.266779764791347e-6,0.11111092849915852,-0.11110985752790113
20376,24.4140625,-0.11111022467165652,1.3201663264513759e-11,3.633409316952022e-6,9.969647037030512e-6,0.11111022467165652,-0.11110985763933733
20377,9.765625,-0.11111051808264745,2.648555903697824e-12,1.6274384485128228e-6,1.6914357464218766e-5,0.11111051808264745,-0.11110985801166251
20378,3.90625,-0.11111061266260461,2.2400488468091363e-12,1.496679273194206e-6,1.7749897717840056e-5,0.11111061266260461,-0.11110985833337504
20379,1.5625,-0.1111106831052035,7.536309823959551e-12,2.745234019889662e-6,1.737852250025293e-5,0.1111106831052035,-0.1111098586211448
20380,0.625,-0.11111074741809261,1.783570524533728e-11,4.223233979468492e-6,1.6952922722636247e-5,0.11111074741809261,-0.11110985889392974
20381,0.25,-0.11111080988093264,3.298526043897061e-11,5.7432795891346445e-6,1.6658128273719743e-5,0.11111080988093264,-0.11110985916130267
20382,0.1,-0.11111087176764765,5.293572707570841e-11,7.2756942676083095e-6,1.6474792380914736e-5,0.11111087176764765,-0.11110985942688863
20383,0.1,-0.1111109315486607,7.748244312656096e-11,8.802411210944474e-6,1.636051959005138e-5,0.1111109315486607,-0.11110985968569671
20384,0.1,-0.11111098899586803,1.064443700329266e-10,1.031718808750362e-5,1.6234912473024776e-5,0.11111098899586803,-0.11110985993696959
20385,0.1,-0.11111104389087356,1.3962650579603225e-10,1.1816366014813195e-5,1.6097870780542106e-5,0.11111104389087356,-0.11110986017997378
20386,0.1,-0.11111109602567708,1.7682060270610902e-10,1.3297390823244574e-5,1.5949362115244422e-5,0.11111109602567708,-0.11110986041400596
20387,0.25,-0.11111113761186339,2.1652361744025368e-10,1.4714741500966087e-5,1.579051344533578e-5,0.11111113761186339,-0.11110986060012326
20388,0.625,-0.11111115119876565,2.5479488668325263e-10,1.5962295783603706e-5,1.541727966549712e-5,0.11111115119876565,-0.11110986065263316
20389,1.5625,-0.11111109386911934,2.809658418908571e-10,1.676203573229866e-5,1.447340999048541e-5,0.11111109386911934,-0.11110986035680175
20390,3.90625,-0.11111087673045958,2.699079382713473e-10,1.6428875137128145e-5,1.2123131108076912e-5,0.11111087673045958,-0.11110985931070319
20391,9.765625,-0.11111041370427951,1.825798080190062e-10,1.3512209590552029e-5,7.3264357875132225e-6,0.11111041370427951,-0.11110985745320948
20392,24.4140625,-0.11111012000930227,3.701443668013335e-11,6.0839491023621616e-6,1.0596946980677322e-5,0.11111012000930227,-0.11110985725619522
20393,9.765625,-0.11111033830599466,8.138692720961893e-12,2.852839413805462e-6,2.3484041831133905e-5,0.11111033830599466,-0.1111098579944398
20394,3.90625,-0.11111043122929877,2.286819496050977e-12,1.5122233618255529e-6,2.569243161864594e-5,0.11111043122929877,-0.1111098586958979
20395,1.5625,-0.111110506803553,9.856155581391615e-12,3.1394514777890127e-6,2.5513423651489728e-5,0.111110506803553,-0.11110985933163593
20396,0.625,-0.11111057759241141,2.9036051337452963e-11,5.388511050137409e-6,2.5029567265061283e-5,0.11111057759241141,-0.11110985993370956
20397,0.25,-0.11111064685328453,5.941955443697482e-11,7.70840803518955e-6,2.465718031487757e-5,0.11111064685328453,-0.11110986052265402
20398,0.1,-0.11111071561443585,1.0089233331018952e-10,1.0044517574786234e-5,2.4419503813366698e-5,0.11111071561443585,-0.11110986110721538
20399,0.1,-0.11111078330973645,1.5308273318611592e-10,1.2372660715711715e-5,2.4272108914299387e-5,0.11111078330973645,-0.11110986167817634
20400,0.1,-0.11111084978574058,2.156334732053358e-10,1.468446366760924e-5,2.4104328792088484e-5,0.11111084978574058,-0.11110986223359888
20401,0.1,-0.11111091489320123,2.881518157964019e-10,1.697503507496824e-5,2.391626229792422e-5,0.11111091489320123,-0.11110986277161167
20402,0.1,-0.1111109784874919,3.702111214473567e-10,1.9240871119763697e-5,2.370805804895105e-5,0.1111109784874919,-0.11110986329041876
20403,0.25,-0.11111103630999433,4.588061771817594e-10,2.1419761370794013e-5,2.3481068584110556e-5,0.11111103630999433,-0.11110986370662368
20404,0.625,-0.11111107845535993,5.458892114481607e-10,2.336427211466603e-5,2.2928151751695087e-5,0.11111107845535993,-0.11110986383298035
20405,1.5625,-0.11111107985257397,6.092316037384104e-10,2.4682617440992972e-5,2.1498863992725894e-5,0.11111107985257397,-0.11110986319316574
20406,3.90625,-0.11111098536453194,5.945836873365302e-10,2.4384086764456245e-5,1.7840283533910653e-5,0.11111098536453194,-0.11110986086624852
20407,9.765625,-0.11111072224139704,4.106761312161417e-10,2.026514572402927e-5,9.582466588685051e-6,0.11111072224139704,-0.11110985660774356
20408,24.4140625,-0.11111043191620817,8.464993684648541e-11,9.200540030155046e-6,1.3717679729554448e-5,0.11111043191620817,-0.1111098559674661
20409,9.765625,-0.11111045692300647,1.8394137971330448e-11,4.288838767234139e-6,3.4324379117482815e-5,0.11111045692300647,-0.1111098575661626
20410,3.90625,-0.11111043790366128,3.4408475609371436e-12,1.85495217214276e-6,3.790580354770335e-5,0.11111043790366128,-0.11110985910722504
20411,1.5625,-0.11111041541782296,1.8608009630205627e-11,4.313700224888793e-6,3.774558183112202e-5,0.11111041541782296,-0.11110986050515755
20412,0.625,-0.11111039230755912,5.980256477452987e-11,7.733211801995978e-6,3.7068055645641135e-5,0.11111039230755912,-0.11110986182806909
20413,0.25,-0.11111036906771546,1.2610927870847074e-10,1.1229838765916042e-5,3.653484555590986e-5,0.11111036906771546,-0.11110986312164303
20414,0.1,-0.11111034581877921,2.1728415450298687e-10,1.4740561539608554e-5,3.619486548639055e-5,0.11111034581877921,-0.11110986440572067
20415,0.1,-0.11111032237949803,3.3254311054204486e-10,1.8235764599874744e-5,3.5986627229733305e-5,0.11111032237949803,-0.11110986566059981
20416,0.1,-0.11111029872961879,4.711209785009141e-10,2.1705321432794172e-5,3.574661509927369e-5,0.11111029872961879,-0.11110986688183547
20417,0.1,-0.11111027485068854,6.321718242594004e-10,2.5143027348738267e-5,3.5475053835695845e-5,0.11111027485068854,-0.11110986806513584
20418,0.1,-0.1111102507261862,8.147724767439713e-10,2.854421967306115e-5,3.517222356428373e-5,0.1111102507261862,-0.11110986920638007
20419,0.25,-0.1111102255622294,1.0123911653554564e-9,3.18180949359866e-5,3.484004828367351e-5,0.1111102255622294,-0.11110987012111564
20420,0.625,-0.11111019766965746,1.2074593173985163e-9,3.474851532653613e-5,3.40163642485541e-5,0.11111019766965746,-0.1111098703934024
20421,1.5625,-0.11111016328057165,1.3512671289843925e-9,3.675958553880052e-5,3.186713981296693e-5,0.11111016328057165,-0.11110986896139204
20422,3.90625,-0.11111011709943294,1.3241373022893476e-9,3.638869745249681e-5,2.631065217568049e-5,0.11111011709943294,-0.11110986375433296
20423,9.765625,-0.11111007202117301,9.212978831554e-10,3.0352889206060763e-5,1.3253707389325415e-5,0.11111007202117301,-0.111109854141958
20424,24.4140625,-0.11111017012420854,1.9301437857289947e-10,1.3892961475974065e-5,1.9029299888316142e-5,0.11111017012420854,-0.11110985248388257
20425,9.765625,-0.1111103120639556,4.2074962555373676e-11,6.4865216067915534e-6,5.09014724427884e-5,0.1111103120639556,-0.1111098560187572
20426,3.90625,-0.11111040797546465,6.306632523929792e-12,2.5113009624355646e-6,5.6476927964454016e-5,0.11111040797546465,-0.11110985945458011
20427,1.5625,-0.11111049422957629,3.8253261183280534e-11,6.184922083848796e-6,5.6317183875772426e-5,0.11111049422957629,-0.11110986257422864
20428,0.625,-0.11111057752676742,1.2867829016741833e-10,1.1343645365023464e-5,5.533521412468191e-5,0.11111057752676742,-0.11110986552568336
20429,0.25,-0.11111065987691185,2.75518323344914e-10,1.6598744631595306e-5,5.455178526982824e-5,0.11111065987691185,-0.11110986841094757
20430,0.1,-0.1111107419556406,4.782351987231625e-10,2.1868589317172757e-5,5.405127337166476e-5,0.1111107419556406,-0.11110987127482327
20431,0.1,-0.11111082348875363,7.351182036163269e-10,2.7113063338846957e-5,5.374561685925495e-5,0.11111082348875363,-0.1111098740741568
20432,0.1,-0.11111090437199635,1.0444852375898185e-9,3.23184968336991e-5,5.3391806353373075e-5,0.11111090437199635,-0.11110987679889826
20433,0.1,-0.11111098450180949,1.4044716080734167e-9,3.7476280606183646e-5,5.299018590296334e-5,0.11111098450180949,-0.11110987943934023
20434,0.1,-0.11111106377555785,1.8130378763864502e-9,4.257978248401993e-5,5.2541176141563965e-5,0.11111106377555785,-0.11110988198615573
20435,0.25,-0.11111113958545095,2.2557283844360367e-9,4.7494508992472346e-5,5.2047549807135175e-5,0.11111113958545095,-0.11110988402790771
20436,0.625,-0.11111120568062041,2.6935781869887802e-9,5.189969351536462e-5,5.0815951191870434e-5,0.11111120568062041,-0.11110988463478658
20437,1.5625,-0.11111124564348701,3.018388017718702e-9,5.493985818801048e-5,4.7591343120140365e-5,0.11111124564348701,-0.1111098814290876
20438,3.90625,-0.11111121993346651,2.9636884898180002e-9,5.443976937697294e-5,3.92216787636686e-5,0.11111121993346651,-0.11110986975450642
20439,9.765625,-0.11111105394226657,2.0706574191279478e-9,4.550447691302415e-5,1.9205358870391896e-5,0.11111105394226657,-0.11110984809314664
20440,24.4140625,-0.1111107063577175,4.393955095739478e-10,2.0961763035917275e-5,2.7404764452672205e-5,0.1111107063577175,-0.11110984405100607
20441,9.765625,-0.11111057446572523,9.63871889164508e-11,9.81769774012476e-6,7.596072883072564e-5,0.11111057446572523,-0.1111098519400434
20442,3.90625,-0.11111045488356751,1.2731301585480303e-11,3.568094951858807e-6,8.450814630131098e-5,0.11111045488356751,-0.11110985965170626
20443,1.5625,-0.1111103429129161,8.156163357218188e-11,9.031147965357554e-6,8.434031990366327e-5,0.1111103429129161,-0.11110986665972868
20444,0.625,-0.1111102337806381,2.819917220819203e-10,1.6792609150513815e-5,8.289555531323391e-5,0.1111102337806381,-0.11110987328926102
20445,0.25,-0.11111012577604269,6.09337008170458e-10,2.468475254424192e-5,8.173140801678973e-5,0.11111012577604269,-0.11110987976871269
20446,0.1,-0.11111001829190865,1.0623731475350267e-9,3.2594066139943735e-5,8.098488763016731e-5,0.11111001829190865,-0.1111098861991488
20447,0.1,-0.11110991143248745,1.6373016912651343e-9,4.0463584755495086e-5,8.052798278508359e-5,0.11110991143248745,-0.11110989248502735
20448,0.1,-0.11110980527764582,2.3303705503734326e-9,4.8273911695380896e-5,7.999866361507544e-5,0.11110980527764582,-0.11110989860370563
20449,0.1,-0.11110969990643906,3.137417955134691e-9,5.6012658882922985e-5,7.939744912622907e-5,0.11110969990643906,-0.11110990453330903
20450,0.1,-0.11110959539708393,4.053889948114999e-9,6.367016529046394e-5,7.872496811689087e-5,0.11110959539708393,-0.11110991025281447
20451,0.25,-0.1111094936095566,5.047596095489601e-9,7.104643619133617e-5,7.798535745403742e-5,0.1111094936095566,-0.11110991484101407
20452,0.625,-0.11110939914659589,6.03168700434066e-9,7.766393631757702e-5,7.61399093441485e-5,0.11110939914659589,-0.11110991621333134
20453,1.5625,-0.11110932464135174,6.764788286454765e-9,8.224833303146493e-5,7.1305478947197e-5,0.11110932464135174,-0.11110990903299191
20454,3.90625,-0.11110930398383255,6.651484772808754e-9,8.155663536959303e-5,5.873699578006294e-5,0.11110930398383255,-0.11110988281734784
20455,9.765625,-0.11110942337429557,4.661728856154915e-9,6.827685446880894e-5,2.840596781172208e-5,0.11110942337429557,-0.11110983398191064
20456,24.4140625,-0.11110999611583482,6.896702492634232e-11,8.304638759533272e-6,3.938192790223992e-5,0.11110999611583482,-0.11110986179277024
20457,9.765625,-0.11111069855131796,7.225815390936309e-11,8.500479628195287e-6,2.272121648582105e-5,0.11111069855131796,-0.1111098613633629
20458,3.90625,-0.1111109561820356,8.249548452534445e-11,9.082702490192247e-6,1.564244204928477e-5,0.1111109561820356,-0.11110986120780332
20459,1.5625,-0.11111116383276713,9.555024940774968e-11,9.774980788101308e-6,1.267525413777486e-5,0.11111116383276713,-0.11110986119312787
20460,0.625,-0.11111135859275263,1.1103246899334357e-10,1.0537194550417278e-5,1.1385252797310442e-5,0.11111135859275263,-0.11110986124380177
20461,1.5625,-0.11111147393363158,1.2109068871371108e-10,1.100412144215571e-5,1.0789686709796699e-5,0.11111147393363158,-0.11110986114383159
20462,3.90625,-0.11111137823070537,1.1243484820633516e-10,1.0603529987996222e-5,9.385008517407263e-6,0.11111137823070537,-0.11110986073537721
20463,9.765625,-0.11111086711759087,6.858838644790368e-11,8.281810577881123e-6,7.10685697563755e-6,0.11111086711759087,-0.11110986008018384
20464,24.4140625,-0.11111024959311346,1.1669555002822222e-11,3.416073038273951e-6,9.576451014096253e-6,0.11111024959311346,-0.11110986018341182
20465,9.765625,-0.11111050741167186,2.4208883981581326e-12,1.5559204343918531e-6,1.6013728434818826e-5,0.11111050741167186,-0.11110986051469546
20466,3.90625,-0.11111058914162845,2.0894307342131117e-12,1.4454863313823177e-6,1.678750847088395e-5,0.11111058914162845,-0.1111098608018432
20467,1.5625,-0.11111064967966608,6.796710071144567e-12,2.6070500707014753e-6,1.643828628769437e-5,0.11111064967966608,-0.11110986105920517
20468,0.625,-0.11111070485188966,1.5924485226175193e-11,3.990549489252726e-6,1.6040088235360735e-5,0.11111070485188966,-0.11110986130344143
20469,0.25,-0.1111107584074741,2.933823422479054e-11,5.416478027721569e-6,1.5764805789037627e-5,0.1111107584074741,-0.11110986154296136
20470,0.1,-0.11111081146045905,4.6994898701040785e-11,6.8552825398404105e-6,1.5593906918055745e-5,0.11111081146045905,-0.11110986178094125
20471,0.1,-0.11111086265928412,6.871428891850026e-11,8.289408236931045e-6,1.548759923246803e-5,0.11111086265928412,-0.1111098620129412
20472,0.1,-0.11111091180398647,9.433690728353312e-11,9.712718840959679e-6,1.5370693138234814e-5,0.11111091180398647,-0.11110986223828999
20473,0.1,-0.11111095870320735,1.2369088030978868e-10,1.1121640180737222e-5,1.5243099710182449e-5,0.11111095870320735,-0.11110986245633891
20474,0.1,-0.11111100317479884,1.5659258620751064e-10,1.251369594514389e-5,1.5104793589888778e-5,0.11111100317479884,-0.11110986266646479
20475,0.25,-0.11111103836780108,1.9171525913146159e-10,1.384612794724437e-5,1.4956822568784082e-5,0.11111103836780108,-0.11110986283419114
20476,0.625,-0.11111104894319006,2.2557841661960235e-10,1.501926817856324e-5,1.4608660630281416e-5,0.11111104894319006,-0.11110986288366732
20477,1.5625,-0.11111099720974511,2.487511577505972e-10,1.5771846998706183e-5,1.3728105320808201e-5,0.11111099720974511,-0.11110986262479323
20478,3.90625,-0.11111080528257579,2.389790296565164e-10,1.5458946589483917e-5,1.153927269867427e-5,0.11111080528257579,-0.11110986170167494
20479,9.765625,-0.11111039892656263,1.6155944296566185e-10,1.2710603564176716e-5,7.117277229696132e-6,0.11111039892656263,-0.11110986006143105
20480,24.4140625,-0.11111014856958927,3.2629572890860944e-11,5.7122301153630834e-6,1.0166211679028888e-5,0.11111014856958927,-0.11110985989678134
20481,9.765625,-0.11111034390843959,7.249565485150712e-12,2.6925017149763733e-6,2.2165763933031053e-5,0.11111034390843959,-0.1111098605519378
20482,3.90625,-0.11111042795228986,2.1715907929830286e-12,1.473631837666053e-6,2.421803366212491e-5,0.11111042795228986,-0.11110986117404022
20483,1.5625,-0.11111049657416669,8.941748713322657e-12,2.9902756918589723e-6,2.4043648074957773e-5,0.11111049657416669,-0.11110986173818636
20484,0.625,-0.11111056093592507,2.5966193874903846e-11,5.09570347203444e-6,2.3587810154730025e-5,0.11111056093592507,-0.11110986227273878
20485,0.25,-0.11111062393626107,5.288783758072283e-11,7.272402462785103e-6,2.3238193489723484e-5,0.11111062393626107,-0.11110986279579911
20486,0.1,-0.11111068649098928,8.960699888103886e-11,9.46609734162072e-6,2.3015527454918232e-5,0.11111068649098928,-0.11110986331505683
20487,0.1,-0.1111107480959615,1.3579465503382032e-10,1.1653096371086113e-5,2.2877742617773696e-5,0.1111107480959615,-0.1111098638223095
20488,0.1,-0.11111080861437027,1.9113509557169755e-10,1.382516168338358e-5,2.272083575531729e-5,0.11111080861437027,-0.11110986431584342
20489,0.1,-0.11111086791312193,2.552812047651929e-10,1.5977521859324522e-5,2.2544903042512793e-5,0.11111086791312193,-0.11110986479400384
20490,0.1,-0.11111092586321251,3.2785583816986286e-10,1.810678983613227e-5,2.2350087699434687e-5,0.11111092586321251,-0.11110986525520368
20491,0.25,-0.11111097866969745,4.0619512693591035e-10,2.0154283091589003e-5,2.213765069045433e-5,0.11111097866969745,-0.11110986562562349
20492,0.625,-0.11111101750368294,4.831662891434771e-10,2.198104385927741e-5,2.161950895937857e-5,0.11111101750368294,-0.11110986573960159
20493,1.5625,-0.11111102001060169,5.390711968643527e-10,2.3217906814877882e-5,2.027989682877137e-5,0.11111102001060169,-0.11110986517588034
20494,3.90625,-0.11111093697615414,5.25854674649476e-10,2.29315214202956e-5,1.6854791073981184e-5,0.11111093697615414,-0.1111098631208593
20495,9.765625,-0.1111107030945307,3.6278643795333364e-10,1.9046953508457294e-5,9.181308267161227e-6,0.1111107030945307,-0.11110985936342954
20496,24.4140625,-0.11111044180972511,7.455335282028871e-11,8.634428343572533e-6,1.3080815810892223e-5,0.11111044180972511,-0.1111098588137432
20497,9.765625,-0.11111045996871888,1.626459220808052e-11,4.032938408664397e-6,3.231557761157095e-5,0.11111045996871888,-0.1111098602280432
20498,3.90625,-0.11111043977407044,3.223943176800125e-12,1.7955342315868348e-6,3.565583072045535e-5,0.11111043977407044,-0.11110986159002134
20499,1.5625,-0.11111041676105626,1.675471352820883e-11,4.093252194552497e-6,3.549774592551388e-5,0.11111041676105626,-0.11110986282566655
20500,0.625,-0.11111039328128593,5.3253086231838435e-11,7.297471221720469e-6,3.485921563680305e-5,0.11111039328128593,-0.11110986399528003
20501,0.25,-0.11111036971719118,1.1191548927284682e-10,1.0579011734223893e-5,3.435813584103813e-5,0.11111036971719118,-0.11110986513915523
20502,0.1,-0.11111034615580122,1.925290213962733e-10,1.3875482744620935e-5,3.403919133725274e-5,0.11111034615580122,-0.11110986627475826
20503,0.1,-0.11111032243704953,2.9440036770995185e-10,1.7158099186971493e-5,3.384418650238722e-5,0.11111032243704953,-0.11110986738460626
20504,0.1,-0.11111029854559894,4.1685397793176476e-10,2.0417002177885094e-5,3.361933878809131e-5,0.11111029854559894,-0.11110986846477382
20505,0.1,-0.11111027446771103,5.591428356401391e-10,2.3646201294079753e-5,3.336486181020764e-5,0.11111027446771103,-0.11110986951147099
20506,0.1,-0.11111025019135568,7.204515815736684e-10,2.6841229136790074e-5,3.3081021484382934e-5,0.11111025019135568,-0.11110987052105815
20507,0.25,-0.11111022506577474,8.949976027155288e-10,2.9916510537085182e-5,3.2769611865695125e-5,0.11111022506577474,-0.11110987133049542
20508,0.625,-0.11111019772739032,1.0672292312059498e-9,3.2668474577273265e-5,3.199659030044911e-5,0.11111019772739032,-0.11110987157226233
20509,1.5625,-0.11111016520148732,1.1940373739327936e-9,3.4554845882058186e-5,2.997911641423791e-5,0.11111016520148732,-0.11110987030844742
20510,3.90625,-0.11111012373968726,1.1695577660707569e-9,3.419879772844006e-5,2.4766266868446524e-5,0.11111012373968726,-0.11110986571173728
20511,9.765625,-0.11111008692304118,8.129369796632824e-10,2.8512049727497362e-5,1.2568393111795893e-5,0.11111008692304118,-0.11110985723527277
20512,24.4140625,-0.11111018394028459,1.6986096382087836e-10,1.3033071925715686e-5,1.8042659592083603e-5,0.11111018394028459,-0.11110985579932973
20513,9.765625,-0.11111031477863449,3.707458584206873e-11,6.088890362132392e-6,4.785446178584352e-5,0.11111031477863449,-0.11110985892060869
20514,3.90625,-0.11111040401971804,5.809158098595695e-12,2.4102195125331834e-6,5.306396340302292e-5,0.11111040401971804,-0.1111098619514532
20515,1.5625,-0.1111104844150241,3.4237919004100435e-11,5.851317715190351e-6,5.290489129387194e-5,0.1111104844150241,-0.11110986470326423
20516,0.625,-0.11111056209001921,1.142304796430477e-10,1.0687866000425328e-5,5.1979914663139775e-5,0.11111056209001921,-0.11110986730699632
20517,0.25,-0.11111063888994746,2.4397469741190844e-10,1.5619689414706954e-5,5.124369936064933e-5,0.11111063888994746,-0.11110986985260381
20518,0.1,-0.11111071543623656,4.2300042230765606e-10,2.0566974067851012e-5,5.077401748413424e-5,0.11111071543623656,-0.11110987237953614
20519,0.1,-0.11111079148363902,6.497968007437928e-10,2.5491112191189163e-5,5.04876217138651e-5,0.11111079148363902,-0.11110987484958225
20520,0.1,-0.11111086693667034,9.228800989207161e-10,3.0378941701789352e-5,5.0155988500803066e-5,0.11111086693667034,-0.11110987725387562
20521,0.1,-0.11111094170046376,1.2406052324950253e-9,3.522222639889513e-5,4.977944292514238e-5,0.11111094170046376,-0.111109879583851
20522,0.1,-0.11111101568097559,1.6011727008669579e-9,4.001465607582999e-5,4.935838221149252e-5,0.11111101568097559,-0.11110988183127964
20523,0.25,-0.11111108650117138,1.991802655314843e-9,4.462961634738577e-5,4.8895393066137864e-5,0.11111108650117138,-0.11110988363290215
20524,0.625,-0.11111114845656765,2.3780506195579575e-9,4.87652603761936e-5,4.7739142203523565e-5,0.11111114845656765,-0.11110988416802249
20525,1.5625,-0.11111118654918285,2.6642859416942526e-9,5.161672153182777e-5,4.471104296810886e-5,0.11111118654918285,-0.11110988133853975
20526,3.90625,-0.11111116457831084,2.615089220352774e-9,5.1137943059461965e-5,3.6853539695821854e-5,0.11111116457831084,-0.111109871038875
20527,9.765625,-0.11111101376565183,1.8256199939630512e-9,4.2727274590863515e-5,1.8104703405236867e-5,0.11111101376565183,-0.11110985194758727
20528,24.4140625,-0.11111069308864942,3.8651873457505305e-10,1.9660079719448065e-5,2.5887929334369562e-5,0.11111069308864942,-0.11110984843154559
20529,9.765625,-0.11111056868695943,8.48060235292103e-11,9.209018597505942e-6,7.135541343449439e-5,0.11111056868695943,-0.11110985538934845
20530,3.90625,-0.11111045645132729,1.1584564275736335e-11,3.40361047649938e-6,7.934960065490148e-5,0.11111045645132729,-0.11110986218471806
20531,1.5625,-0.11111035141270889,7.271193511297268e-11,8.527129359460467e-6,7.91809685157509e-5,0.11111035141270889,-0.11110986835937657
20532,0.625,-0.11111024904378759,2.4980791677613095e-10,1.5805312928763257e-5,7.782086008673336e-5,0.11111024904378759,-0.11110987420083193
20533,0.25,-0.11111014772797208,5.387577087681562e-10,2.3211154834866708e-5,7.672706185473921e-5,0.11111014772797208,-0.11110987991043414
20534,0.1,-0.11111004689170112,9.384904919961597e-10,3.063479218137704e-5,7.602645428429106e-5,0.11111004689170112,-0.11110988557716268
20535,0.1,-0.11110994663173522,1.4456547153419578e-9,3.802176633642837e-5,7.559816690915873e-5,0.11110994663173522,-0.11110989111654565
20536,0.1,-0.1111098470238155,2.056943047343048e-9,4.5353534011618634e-5,7.510185687094781e-5,0.1111098470238155,-0.11110989650862003
20537,0.1,-0.11110974814297599,2.7686864676324284e-9,5.261830924338436e-5,7.453801316163832e-5,0.11110974814297599,-0.11110990173409917
20538,0.1,-0.11110965006349549,3.5768697118655764e-9,5.980693698782422e-5,7.390722805130552e-5,0.11110965006349549,-0.11110990677444844
20539,0.25,-0.11110955454018955,4.453064560267989e-9,6.673128621769544e-5,7.321336427176789e-5,0.11110955454018955,-0.11110991081703242
20540,0.625,-0.11110946591749792,5.320577971162648e-9,7.294229206134564e-5,7.148074904821838e-5,0.11110946591749792,-0.11110991202338258
20541,1.5625,-0.11110939611147123,5.966291662734311e-9,7.72417740781134e-5,6.694088264611765e-5,0.11110939611147123,-0.11110990568786407
20542,3.90625,-0.11110937700701222,5.864669732504589e-9,7.658113170033849e-5,5.5139751918706954e-5,0.11110937700701222,-0.1111098825734224
20543,9.765625,-0.11110948916372054,4.107511171012831e-9,6.408986792787789e-5,2.669655466600412e-5,0.11110948916372054,-0.11110983955310498
20544,24.4140625,-0.11110990001644004,8.784799645968119e-10,2.9639162683800833e-5,3.7827437348087896e-5,0.11110990001644004,-0.11110983117702487
20545,9.765625,-0.11111015081572487,1.9345371505941214e-10,1.3908763965910564e-5,0.00010677787929293162,0.11111015081572487,-0.1111098467791369
20546,3.90625,-0.1111103502703043,2.3503439760866956e-11,4.8480346286786104e-6,0.00011897225643815077,0.1111103502703043,-0.11110986208481816
20547,1.5625,-0.111110534303371,1.564498532697442e-10,1.2507991576178175e-5,0.00011879804804745948,0.111110534303371,-0.1111098760030015
20548,0.625,-0.11111071340936456,5.507156087927982e-10,2.34673306703766e-5,0.000116788123081926,0.11111071340936456,-0.11110988916967808
20549,0.25,-0.11111089103286427,1.1969586799817219e-9,3.459709062886245e-5,0.00011515861115273806,0.11111089103286427,-0.11110990203701328
20550,0.1,-0.11111106837550316,2.092740715697081e-9,4.574648309648602e-5,0.00011411145754315247,0.11111106837550316,-0.11110991480601107
20551,0.1,-0.11111124507914648,3.2305906861407153e-9,5.683828539057732e-5,0.00011346990076220396,0.11111124507914648,-0.1111099272888791
20552,0.1,-0.11111142095183868,4.603106532659028e-9,6.784619762859985e-5,0.00011272626278222346,0.11111142095183868,-0.11110993944063106
20553,0.1,-0.11111159580002829,6.202073091747324e-9,7.875324178563905e-5,0.00011188125825242886,0.11111159580002829,-0.11110995121779392
20554,0.1,-0.11111176942899188,8.018496528085406e-9,8.954605813817494e-5,0.00011093575612377051,0.11111176942899188,-0.11110996257857726
20555,0.25,-0.11111193744786715,9.988871900048049e-9,9.99443440122954e-5,0.00010989552281513366,0.11111193744786715,-0.11110997169928086
20556,0.625,-0.11111208909391844,1.1941747605108313e-8,0.00010927830345090608,0.00010729895856287354,0.11111208909391844,-0.11110997444966501
20557,1.5625,-0.11111219551271168,1.3400356493017016e-8,0.0001157599088329678,0.00010049400189870975,0.11111219551271168,-0.11110996024823422
20558,3.90625,-0.1111121843700072,1.3187494284156842e-8,0.00011483681589175503,8.278822785731234e-5,0.1111121843700072,-0.11110990827142588
20559,9.765625,-0.11111190341483423,9.261039378754914e-9,9.62342941926365e-5,3.98879058294901e-5,0.11111190341483423,-0.11110981118712626
20560,24.4140625,-0.11111143913551368,1.3723220358153954e-10,1.1714614956606108e-5,5.479248306854631e-5,0.11111143913551368,-0.11110986591316614
20561,9.765625,-0.11110984980486682,1.4139809133688266e-10,1.189109294122633e-5,3.243060820426283e-5,0.11110984980486682,-0.11110986517152541
20562,3.90625,-0.11110924827324746,1.6437625452925407e-10,1.2820930330099063e-5,2.2191387938587773e-5,0.11110924827324746,-0.11110986485939922
20563,1.5625,-0.11110876364685283,1.9356296665998055e-10,1.3912690849004751e-5,1.763052828781602e-5,0.11110876364685283,-0.11110986481071589
20564,0.625,-0.11110830945313595,2.2827757486467833e-10,1.5108857497000835e-5,1.5568949120477386e-5,0.11110830945313595,-0.11110986488884363
20565,1.5625,-0.11110803517044571,2.507401812316779e-10,1.5834777587060636e-5,1.4601351445026443e-5,0.11110803517044571,-0.11110986464887974
20566,3.90625,-0.11110824188877917,2.3028701627406163e-10,1.5175210584175155e-5,1.2250168361686464e-5,0.11110824188877917,-0.11110986377080756
20567,9.765625,-0.11110940700931074,1.3474214326778584e-10,1.1607848347897462e-5,8.271040898888012e-6,0.11110940700931074,-0.11110986244710735
20568,24.4140625,-0.111110868129562,2.347308836830428e-11,4.844903339418061e-6,1.2320982856124669e-5,0.111110868129562,-0.11110986262326739
20569,9.765625,-0.11111025130317741,3.929161064510747e-12,1.982211155379453e-6,2.2022454044162426e-5,0.11111025130317741,-0.11110986327780889
20570,3.90625,-0.11111003798294013,3.5946502347936754e-12,1.8959562850429004e-6,2.3096100096369626e-5,0.11111003798294013,-0.11110986382317889
20571,1.5625,-0.11110987539650112,1.3398570731251012e-11,3.6604058151045236e-6,2.254864120623696e-5,0.11110987539650112,-0.1111098643054525
20572,0.625,-0.11110972590452671,3.210081486647437e-11,5.66575810165545e-6,2.1951069670837642e-5,0.11110972590452671,-0.11110986476065768
20573,0.25,-0.11110958041595431,5.944434770479685e-11,7.71001606384817e-6,2.154282168570251e-5,0.11110958041595431,-0.11110986520632837
20574,0.1,-0.11110943619965429,9.5350397487745e-11,9.764752812424132e-6,2.1291407784208215e-5,0.11110943619965429,-0.11110986564900396
20575,0.1,-0.11110929633879928,1.3942970748264352e-10,1.1808035716521335e-5,2.1136302081890798e-5,0.11110929633879928,-0.11110986607968229
20576,0.1,-0.11110916131389577,1.9134660856468756e-10,1.3832809134976437e-5,2.096530531969026e-5,0.11110916131389577,-0.11110986649700662
20577,0.1,-0.11110903158582684,2.5073964160821556e-10,1.58347605478648e-5,2.0778305362560755e-5,0.11110903158582684,-0.11110986689966984
20578,0.1,-0.1111089075944431,3.17223133991176e-10,1.7810758939224797e-5,2.057528050230157e-5,0.1111089075944431,-0.11110986728641961
20579,0.25,-0.11110880545329026,3.8794117854169215e-10,1.969622244344565e-5,2.03577673327894e-5,0.11110880545329026,-0.11110986758753028
20580,0.625,-0.11110876139295414,4.5545792352315614e-10,2.1341460201287916e-5,1.984287014525899e-5,0.11110876139295414,-0.11110986765027155
20581,1.5625,-0.11110886484799963,4.998965581455609e-10,2.235836662517101e-5,1.8537589508078704e-5,0.11110886484799963,-0.11110986709518492
20582,3.90625,-0.11110930285342861,4.758362155844135e-10,2.1813670383143077e-5,1.5284779960958756e-5,0.11110930285342861,-0.11110986522772431
20583,9.765625,-0.11111026817056464,3.1805928582838034e-10,1.783421671474193e-5,8.568810802577488e-6,0.11111026817056464,-0.11110986198551831
20584,24.4140625,-0.11111095461036541,6.455772012358981e-11,8.034781896454304e-6,1.3376148779105559e-5,0.11111095461036541,-0.1111098616356759
20585,9.765625,-0.11111054283289595,1.3425275845161934e-11,3.6640518343988985e-6,3.06548350818184e-5,0.11111054283289595,-0.1111098629119968
20586,3.90625,-0.1111103770512577,3.1340395913517803e-12,1.7703218891918442e-6,3.362197670724095e-5,0.1111103770512577,-0.11110986411837627
20587,1.5625,-0.11111024484921286,1.635068383115033e-11,4.043597881979652e-6,3.338586827076767e-5,0.11111024484921286,-0.11110986520778893
20588,0.625,-0.11111012186479106,4.988937975849837e-11,7.063241448407266e-6,3.274042185694115e-5,0.11111012186479106,-0.11110986623754408
20589,0.25,-0.11111000184978609,1.0303856582994182e-10,1.0150791389342106e-5,3.224351344839587e-5,0.11111000184978609,-0.1111098672440629
20590,0.1,-0.11110988284309037,1.7560076980238964e-10,1.3251444064794963e-5,3.192664942985533e-5,0.11110988284309037,-0.11110986824284655
20591,0.1,-0.11110976591654755,2.669252254691831e-10,1.6337846414665034e-5,3.173053898233963e-5,0.11110976591654755,-0.11110986921790689
20592,0.1,-0.11110965135783728,3.763864704543961e-10,1.940068221621075e-5,3.150709002961488e-5,0.11110965135783728,-0.11110987016584856
20593,0.1,-0.11110953944586627,5.032965924223329e-10,2.2434272718818698e-5,3.12564195890918e-5,0.11110953944586627,-0.11110987108339437
20594,0.1,-0.11110943044998267,6.469079976331608e-10,2.543438612652487e-5,3.0978710037861617e-5,0.11110943044998267,-0.11110987196739876
20595,0.25,-0.1111093324113214,8.019369895086521e-10,2.8318492006260717e-5,3.067572395944453e-5,0.1111093324113214,-0.11110987267205974
20596,0.625,-0.11110926399315642,9.542364278857475e-10,3.0890717503576177e-5,2.9935707709995835e-5,0.11110926399315642,-0.11110987286996828
20597,1.5625,-0.11110927229879027,1.0647720368530282e-9,3.2630844868820484e-5,2.80190692111937e-5,0.11110927229879027,-0.11110987172870156
20598,3.90625,-0.1111094601736541,1.038548533428748e-9,3.22265191019562e-5,2.309475781089415e-5,0.1111094601736541,-0.11110986764134598
20599,9.765625,-0.11110995843519966,7.167875517670688e-10,2.677288837176648e-5,1.1738849061466378e-5,0.11110995843519966,-0.11110986018682054
20600,24.4140625,-0.11111046991580151,1.4771868574570006e-10,1.215395761658317e-5,1.746769546575317e-5,0.11111046991580151,-0.11110985904476223
20601,9.765625,-0.11111037916218242,3.158537586974787e-11,5.620086820481324e-6,4.5103821487224645e-5,0.11111037916218242,-0.11110986182073067
20602,3.90625,-0.11111038216177367,5.240106940195651e-12,2.289127986853433e-6,4.9882556561316376e-5,0.11111038216177367,-0.11110986449476441
20603,1.5625,-0.11111039475014152,3.1547793984977066e-11,5.616742292911173e-6,4.9679070176876574e-5,0.11111039475014152,-0.11110986691767567
20604,0.625,-0.11111040958722995,1.033493856822035e-10,1.0166089989873367e-5,4.878387515947955e-5,0.11111040958722995,-0.11110986920894782
20605,0.25,-0.11111042512005603,2.190458919364606e-10,1.48001990505689e-5,4.807823818037328e-5,0.11111042512005603,-0.11110987144872783
20606,0.1,-0.11111044091212197,3.782131462387153e-10,1.9447702852489167e-5,4.762834264866167e-5,0.11111044091212197,-0.11110987367185773
20607,0.1,-0.11111045734698084,5.794857374864427e-10,2.4072509995562216e-5,4.7353038699186446e-5,0.11111045734698084,-0.11110987584409873
20608,0.1,-0.11111047448663548,8.215302599257488e-10,2.866234916969907e-5,4.7035447115421414e-5,0.11111047448663548,-0.11110987795767199
20609,0.1,-0.11111049238867847,1.1028719418314934e-9,3.3209515832536516e-5,4.667586006678013e-5,0.11111049238867847,-0.11110988000506572
20610,0.1,-0.11111051110605528,1.4219008195949786e-9,3.770810018543733e-5,4.627464139266729e-5,0.11111051110605528,-0.11110988197906721
20611,0.25,-0.11111053274760173,1.767215726003068e-9,4.2038265021323944e-5,4.583431599986644e-5,0.11111053274760173,-0.11110988355763043
20612,0.625,-0.11111056197385764,2.1081437787772314e-9,4.591452688177492e-5,4.4740840544609625e-5,0.11111056197385764,-0.1111098840142828
20613,1.5625,-0.11111060983473563,2.35963602289223e-9,4.857608488641535e-5,4.1884592385108395e-5,0.11111060983473563,-0.11110988149411018
20614,3.90625,-0.11111069641542869,2.3127252803587956e-9,4.809080245076802e-5,3.448507679766533e-5,0.11111069641542869,-0.11110987237840417
20615,9.765625,-0.11111082071368478,1.6097754083361283e-9,4.0122006534271543e-5,1.689222865174653e-5,0.11111082071368478,-0.11110985555771909
20616,24.4140625,-0.11111075337851589,3.3751246923620205e-10,1.837151243736351e-5,2.4641082162632543e-5,0.11111075337851589,-0.11110985261733931
20617,9.765625,-0.1111105462910142,7.320842528662091e-11,8.556192218891585e-6,6.710985979157679e-5,0.1111105462910142,-0.11110985877594257
20618,3.90625,-0.11111041484200924,1.0273484930482329e-11,3.2052277501735082e-6,7.452121215512553e-5,0.11111041484200924,-0.11110986476389126
20619,1.5625,-0.11111029809422625,6.572865696022883e-11,8.107321195082184e-6,7.432020327304435e-5,0.11111029809422625,-0.11110987019884694
20620,0.625,-0.11111018591503892,2.2341767907489288e-10,1.4947162910562422e-5,7.302404852388292e-5,0.11111018591503892,-0.11110987533928142
20621,0.25,-0.11111007536042912,4.797309403237525e-10,2.190276102055977e-5,7.198832109778302e-5,0.11111007536042912,-0.11110988036368469
20622,0.1,-0.11110996545801329,8.337286016791561e-10,2.887435889641805e-5,7.132631954185415e-5,0.11110996545801329,-0.11110988535054084
20623,0.1,-0.11110985661526503,1.282428372899075e-9,3.5811009101937845e-5,7.092202257486308e-5,0.11110985661526503,-0.11110989022469424
20624,0.1,-0.11110974897025218,1.8228960840836884e-9,4.269538715228717e-5,7.045390810427769e-5,0.11110974897025218,-0.1111098949685707
20625,0.1,-0.11110964265792961,2.4518784311249725e-9,4.951644606719037e-5,6.992242287700936e-5,0.11110964265792961,-0.11110989956519332
20626,0.1,-0.11110953780990385,3.1658166394674707e-9,5.626559019034165e-5,6.932811393667375e-5,0.11110953780990385,-0.11110990399824915
20627,0.25,-0.11110943808476732,3.9394792392505666e-9,6.276527096452756e-5,6.867461645830953e-5,0.11110943808476732,-0.11110990754909386
20628,0.625,-0.11110935215570483,4.704840602522164e-9,6.85918406410133e-5,6.704342347810253e-5,0.11110935215570483,-0.1111099085932263
20629,1.5625,-0.1111093026247405,5.272978537192917e-9,7.261527757430193e-5,6.277077313412929e-5,0.1111093026247405,-0.1111099029757286
20630,3.90625,-0.11110934337853884,5.178534406243962e-9,7.19620344782161e-5,5.167035716330939e-5,0.11110934337853884,-0.11110988255639763
20631,9.765625,-0.11110957421944967,3.6197957028486265e-9,6.016473803523644e-5,2.4974133356792116e-5,0.11110957421944967,-0.11110984466222217
20632,24.4140625,-0.11111004241137197,7.692927181155341e-10,2.7736126588179795e-5,3.584844489088322e-5,0.11111004241137197,-0.11110983751628098
20633,9.765625,-0.1111102136842826,1.686119704861851e-10,1.2985067211461984e-5,0.00010031359688803065,0.1111102136842826,-0.11110985128644488
20634,3.90625,-0.11111037083139697,2.1465816017095723e-11,4.633121627703693e-6,0.00011166053107407026,0.11111037083139697,-0.11110986475688217
20635,1.5625,-0.1111105185398565,1.4100953147015334e-10,1.1874743427550481e-5,0.0001114545769752862,0.1111105185398565,-0.1111098769984174
20636,0.625,-0.11111066301994678,4.90711853262493e-10,2.2152016911841076e-5,0.00010955039439713266,0.11111066301994678,-0.11110988857801855
20637,0.25,-0.11111080654856968,1.0623843969252222e-9,3.2594238707557234e-5,0.00010801392153713199,0.11111080654856968,-0.11110989989502412
20638,0.1,-0.11111094994915367,1.8538958274161568e-9,4.305689059159006e-5,0.00010702858108949902,0.11111094994915367,-0.1111099111263327
20639,0.1,-0.11111109302886228,2.8586279694263183e-9,5.346613853109572e-5,0.00010642584496673945,0.11111109302886228,-0.11110992210531571
20640,0.1,-0.11111123565193394,4.07003844027823e-9,6.379685290261762e-5,0.00010572719133294212,0.11111123565193394,-0.11110993279234246
20641,0.1,-0.11111137767999618,5.480867364257261e-9,7.403288029151142e-5,0.00010493329912403123,0.11111137767999618,-0.11110994314912125
20642,0.1,-0.11111151897234907,7.083167899257774e-9,8.416155832241805e-5,0.00010404499232492313,0.11111151897234907,-0.1111099531388468
20643,0.25,-0.11111165659464722,8.820728995536854e-9,9.391873612616842e-5,0.0001030676964516068,0.11111165659464722,-0.11110996115149016
20644,0.625,-0.11111178322358715,1.0541853183510827e-8,0.00010267352717965243,0.00010062701607803174,0.11111178322358715,-0.11110996354287152
20645,1.5625,-0.11111187883914898,1.1824865820730807e-8,0.0001087421988959705,9.423019514737939e-5,0.11111187883914898,-0.11110995098172909
20646,3.90625,-0.11111189120599603,1.1629344872727501e-8,0.00010783944024672746,7.759049274606668e-5,0.11111189120599603,-0.11110990513106601
20647,9.765625,-0.11111169875447803,8.154270063347197e-9,9.030099702299636e-5,3.732700212804104e-5,0.11111169875447803,-0.111109819676932
20648,24.4140625,-0.11111109220217469,1.1965315645296352e-10,1.0938608524531972e-5,5.1779932623656416e-5,0.11111109220217469,-0.11110986816329377
20649,9.765625,-0.11110999249259636,1.2522890104670742e-10,1.1190571971383206e-5,2.9771245915017272e-5,0.11110999249259636,-0.11110986741563776
20650,3.90625,-0.11110958212414315,1.436217688224068e-10,1.1984230005403218e-5,2.0193544159773717e-5,0.11110958212414315,-0.11110986712446373
20651,1.5625,-0.11110925107416934,1.6691173777556796e-10,1.2919432563993203e-5,1.6080926160649785e-5,0.11110925107416934,-0.11110986707587878
20652,3.90625,-0.11110917288848415,1.6691451870227084e-10,1.2919540189274184e-5,1.4251665655471552e-5,0.11110917288848415,-0.11110986650992187
20653,9.765625,-0.11110968775042493,1.1142152182441119e-10,1.0555639337548966e-5,1.0268777702440704e-5,0.11110968775042493,-0.11110986537082135
20654,24.4140625,-0.11111062056403102,2.147562994296436e-11,4.634180611819565e-6,9.49753302855753e-6,0.11111062056403102,-0.11110986521566758
20655,9.765625,-0.11111019543798553,5.018118584590796e-12,2.240115752498249e-6,1.8405172223911223e-5,0.11111019543798553,-0.1111098656667817
20656,3.90625,-0.1111100518093677,2.5372324661424348e-12,1.5928692558218439e-6,1.970741523986129e-5,0.1111100518093677,-0.11110986607255605
20657,1.5625,-0.11110994064319644,7.591183064057987e-12,2.7552101669487914e-6,1.9414599790471908e-5,0.11110994064319644,-0.11110986643799034
20658,0.625,-0.11110983764915687,1.9139854434583505e-11,4.3749119344946254e-6,1.8968403110265124e-5,0.11110983764915687,-0.11110986678317168
20659,0.25,-0.11110973708729578,3.693304177297315e-11,6.077256105593473e-6,1.8635016437889756e-5,0.11110973708729578,-0.11110986711985768
20660,0.1,-0.11110963727077723,6.087985229765754e-11,7.802554216258772e-6,1.841544605546643e-5,0.11110963727077723,-0.11110986745293663
20661,0.1,-0.111109540849253,9.070464505960718e-11,9.52389862711732e-6,1.8270628482977283e-5,0.111109540849253,-0.11110986777692285
20662,0.1,-0.11110944815915468,1.2616340311661022e-10,1.1232248355365467e-5,1.8114784369060984e-5,0.11110944815915468,-0.11110986809093835
20663,0.1,-0.11110935952162021,1.6699600996465295e-10,1.2922693603295442e-5,1.7947551429394706e-5,0.11110935952162021,-0.11110986839412731
20664,0.1,-0.11110927524150783,2.1292709422878156e-10,1.4592021594994354e-5,1.776868197732392e-5,0.11110927524150783,-0.11110986868566311
20665,0.25,-0.11110920761309792,2.620506254543842e-10,1.618797780621113e-5,1.757956741418505e-5,0.11110920761309792,-0.11110986891829173
20666,0.625,-0.11110918392908521,3.093971547958107e-10,1.758968887717491e-5,1.715370029909701e-5,0.11110918392908521,-0.11110986898732314
20667,1.5625,-0.11110927100471343,3.416341715119769e-10,1.8483348492953783e-5,1.60949838983416e-5,0.11110927100471343,-0.1111098686305731
20668,3.90625,-0.11110960654931872,3.2798922732382743e-10,1.8110472863065376e-5,1.3473731146058998e-5,0.11110960654931872,-0.11110986735886544
20669,9.765625,-0.1111103230951584,2.2269817869015787e-10,1.4923075376414806e-5,8.055243897615523e-6,0.1111103230951584,-0.11110986508474896
20670,24.4140625,-0.11111079072105565,4.68844613164078e-11,6.8472228908082e-6,1.103956220672079e-5,0.11111079072105565,-0.11110986474508236
20671,9.765625,-0.11111050369801265,1.0613501278418284e-11,3.2578369017521863e-6,2.5471370336695084e-5,0.11111050369801265,-0.1111098656174048
20672,3.90625,-0.11111038788632888,2.6124477333267063e-12,1.6163068190559323e-6,2.8043139437626144e-5,0.11111038788632888,-0.11110986645814606
20673,1.5625,-0.11111029576461762,1.0881349928149141e-11,3.2986891226893662e-6,2.7893450722276635e-5,0.11111029576461762,-0.11110986722134754
20674,0.625,-0.11111021014838864,3.315815552494751e-11,5.758311864161884e-6,2.7372700645381548e-5,0.11111021014838864,-0.11110986794338566
20675,0.25,-0.1111101266311278,6.891718445120378e-11,8.301637456020577e-6,2.69610718143998e-5,0.1111101266311278,-0.11110986864869452
20676,0.1,-0.11111004382801563,1.1799900344911568e-10,1.0862734621130891e-5,2.6692732933581676e-5,0.11111004382801563,-0.1111098693479021
20677,0.1,-0.11110996244510574,1.7995100191811722e-10,1.3414581690016175e-5,2.6522169836542912e-5,0.11110996244510574,-0.11110987003035978
20678,0.1,-0.11110988268311088,2.543345214056325e-10,1.594786886720707e-5,2.6329849638900076e-5,0.11110988268311088,-0.11110987069378539
20679,0.1,-0.11110980473683411,3.4066972365938087e-10,1.845724041289436e-5,2.61158118516099e-5,0.11110980473683411,-0.1111098713359746
20680,0.1,-0.111109728794619,4.384373778626236e-10,2.0938896290459618e-5,2.588016023343972e-5,0.111109728794619,-0.11110987195481134
20681,0.25,-0.11110966037783551,5.440755112121449e-10,2.332542628146686e-5,2.562448564055729e-5,0.11110966037783551,-0.11110987245134203
20682,0.625,-0.11110961234125874,6.48052372372382e-10,2.5456872792477517e-5,2.5013618600068406e-5,0.11110961234125874,-0.11110987260291987
20683,1.5625,-0.1111096171991281,7.240426921995023e-10,2.6908041404002304e-5,2.344592964419126e-5,0.1111096171991281,-0.11110987184242443
20684,3.90625,-0.11110974622052046,7.077650990192583e-10,2.6603854965385343e-5,1.9436686786853965e-5,0.11110974622052046,-0.111109869069723
20685,9.765625,-0.11111009139413491,4.907267323924267e-10,2.215235275072214e-5,1.0294334488667467e-5,0.11111009139413491,-0.11110986397072095
20686,24.4140625,-0.11111045295992487,1.0231712097336197e-10,1.0115192582119333e-5,1.4574197202493831e-5,0.11111045295992487,-0.1111098631362208
20687,9.765625,-0.11111039453695867,2.217824136155052e-11,4.709378022791387e-6,3.739345878178377e-5,0.11111039453695867,-0.1111098650402545
20688,3.90625,-0.11111040226408188,3.6313451002359184e-12,1.9056088528960812e-6,4.138427332964211e-5,0.11111040226408188,-0.11110986688240779
20689,1.5625,-0.11111041604458237,2.117984237105028e-11,4.602156274079606e-6,4.123116838781951e-5,0.11111041604458237,-0.11110986855352672
20690,0.625,-0.11111043118332894,6.987107904842254e-11,8.358892214188585e-6,4.049393571689965e-5,0.11111043118332894,-0.11110987013400964
20691,0.25,-0.1111104467339735,1.4857974767410865e-10,1.2189329254479454e-5,3.990790227909707e-5,0.1111104467339735,-0.11110987167849434
20692,0.1,-0.11111046243911006,2.5699260675650757e-10,1.6030988951293914e-5,3.953086884458903e-5,0.11111046243911006,-0.11110987321085669
20693,0.1,-0.11111047856392965,3.9416736995748567e-10,1.985364878196161e-5,3.929720616651102e-5,0.11111047856392965,-0.11110987470790717
20694,0.1,-0.11111049514536249,5.591803863162974e-10,2.364699529150157e-5,3.9029070947398525e-5,0.11111049514536249,-0.11110987616436772
20695,0.1,-0.11111051221720902,7.510130061892112e-10,2.740461651235447e-5,3.8726691118858765e-5,0.11111051221720902,-0.11110987757514475
20696,0.1,-0.1111105298099699,9.685557628934333e-10,3.1121628538581224e-5,3.839035730095322e-5,0.1111105298099699,-0.11110987893534718
20697,0.25,-0.1111105492656883,1.2040683744734986e-9,3.469968839159076e-5,3.80223013265209e-5,0.1111105492656883,-0.11110988002555802
20698,0.625,-0.11111057350575898,1.4367408749512621e-9,3.790436485355298e-5,3.711831168591195e-5,0.11111057350575898,-0.11110988035055813
20699,1.5625,-0.11111060931151757,1.6088597031600017e-9,4.011059340323952e-5,3.476773199476325e-5,0.11111060931151757,-0.1111098786449549
20700,3.90625,-0.11111066813466004,1.5784295425406967e-9,3.97294543448648e-5,2.8691213064052472e-5,0.11111066813466004,-0.11110987243443281
20701,9.765625,-0.11111074268240595,1.1013322394152602e-9,3.31863260909559e-5,1.4311237690605255e-5,0.11111074268240595,-0.11110986093038547
20702,24.4140625,-0.11111066159754875,2.3230428891792192e-10,1.5241531711672615e-5,2.0409104974410753e-5,0.11111066159754875,-0.11110985885621362
20703,9.765625,-0.11111050510657966,5.039834307698904e-11,7.09917904246604e-6,5.559002112624458e-5,0.11111050510657966,-0.11110986308294243
20704,3.90625,-0.11111040269344645,6.6328956853801345e-12,2.5754408720411607e-6,6.176150151951584e-5,0.11111040269344645,-0.11110986720005185
20705,1.5625,-0.11111031136117079,4.403845479026282e-11,6.636147586534135e-6,6.160859920616142e-5,0.11111031136117079,-0.11110987093831641
20706,0.625,-0.11111022349284298,1.5147820526580828e-10,1.2307648242690733e-5,6.053834128219775e-5,0.11111022349284298,-0.11110987447368942
20707,0.25,-0.11111013685279758,3.2643752410835844e-10,1.806758213232635e-5,5.967872423616493e-5,0.11111013685279758,-0.11110987792841809
20708,0.1,-0.11111005069976404,5.682404793593522e-10,2.3837795186622277e-5,5.9126225512731965e-5,0.11111005069976404,-0.1111098813563969
20709,0.1,-0.1111099653441348,8.748333468206626e-10,2.9577581828483926e-5,5.87861103427579e-5,0.1111099653441348,-0.11110988470652206
20710,0.1,-0.11110988089213615,1.2441901109537677e-9,3.527307912493277e-5,5.8393581915574214e-5,0.11110988089213615,-0.11110988796681466
20711,0.1,-0.11110979744783822,1.6740685735825085e-9,4.09153830922125e-5,5.794900781692191e-5,0.11110979744783822,-0.11110989112570524
20712,0.1,-0.11110971511297879,2.162019698179139e-9,4.649752357039178e-5,5.745284003154761e-5,0.11110971511297879,-0.1111098941720798
20713,0.25,-0.1111096366883249,2.6908511095294958e-9,5.187341428448195e-5,5.690824817873475e-5,0.1111096366883249,-0.11110989661506811
20714,0.625,-0.11110956882781087,3.2142325701793593e-9,5.6694202262483234e-5,5.5558224061870436e-5,0.11110956882781087,-0.11110989734466313
20715,1.5625,-0.11110952893135008,3.6034784258523012e-9,6.0028979883488784e-5,5.203185907263024e-5,0.11110952893135008,-0.11110989352042375
20716,3.90625,-0.1111095588368455,3.5413224550690615e-9,5.95090115450514e-5,4.288042917843269e-5,0.1111095588368455,-0.11110987956867667
20717,9.765625,-0.11110973813534845,2.4794956108001674e-9,4.979453394500412e-5,2.0905754885191822e-5,0.11110973813534845,-0.11110985361269209
20718,24.4140625,-0.1111101160983307,5.289089037352943e-10,2.299801956115557e-5,2.9599723157468287e-5,0.1111101160983307,-0.11110984861996971
20719,9.765625,-0.11111026161592391,1.1569272357705328e-10,1.0756055205188065e-5,8.307710850826725e-5,0.11111026161592391,-0.11110985807176038
20720,3.90625,-0.11111039285428177,1.3817008046448446e-11,3.7171236253921453e-6,9.251401721154117e-5,0.11111039285428177,-0.11110986732682501
20721,1.5625,-0.11111051580045007,9.492548546363561e-11,9.742971079893217e-6,9.235555382221116e-5,0.11111051580045007,-0.11110987573814733
20722,0.625,-0.11111063592109743,3.3385082185214587e-10,1.827158509413307e-5,9.077923162264517e-5,0.11111063592109743,-0.11110988369333173
20723,0.25,-0.11111075517716978,7.249062185591551e-10,2.6924082501714985e-5,8.950257844265559e-5,0.11111075517716978,-0.11110989146635232
20724,0.1,-0.1111108742718215,1.2665738561990244e-9,3.558895694171191e-5,8.868025526980021e-5,0.1111108742718215,-0.11110989917876833
20725,0.1,-0.11111099302559774,1.954293020229824e-9,4.420738648947508e-5,8.817396019159535e-5,0.11111099302559774,-0.11110990671694015
20726,0.1,-0.1111111113244068,2.783546509205635e-9,5.275932627702551e-5,8.758862137149675e-5,0.1111111113244068,-0.1111099140537903
20727,0.1,-0.11111122905240796,3.749329193045068e-9,6.123176620876673e-5,8.692480608976062e-5,0.11111122905240796,-0.1111099211631649
20728,0.1,-0.11111134609223255,4.846168974122839e-9,6.961443078933304e-5,8.618320189827875e-5,0.11111134609223255,-0.11110992801993314
20729,0.25,-0.1111114599211366,6.035662954218349e-9,7.768952924441202e-5,8.536851047991944e-5,0.1111114599211366,-0.11110993352243295
20730,0.625,-0.11111156427507798,7.214217431373426e-9,8.493654944353123e-5,8.334554052566589e-5,0.11111156427507798,-0.11110993517658962
20731,1.5625,-0.11111164208178721,8.093858191273156e-9,8.996587236987788e-5,7.805559531873487e-5,0.11111164208178721,-0.11110992659398503
20732,3.90625,-0.11111164895314168,7.96361094681181e-9,8.923906625918835e-5,6.430563958399282e-5,0.11111164895314168,-0.11110989520741975
20733,9.765625,-0.11111148214091814,5.590063456514813e-9,7.476672693461185e-5,3.103883216708303e-5,0.11111148214091814,-0.1111098366202905
20734,24.4140625,-0.11111099536278929,8.163741655408877e-11,9.035342636230724e-6,4.266655080159472e-5,0.11111099536278929,-0.11110986982219538
20735,9.765625,-0.11111004161397849,8.534765811416386e-11,9.238379626003895e-6,2.4694883396327255e-5,0.11111004161397849,-0.11110986932388794
20736,3.90625,-0.11110968702587014,9.789656278808683e-11,9.894269189186579e-6,1.685222626626518e-5,0.11110968702587014,-0.11110986913138689
20737,1.5625,-0.11110940104369708,1.1371460669022017e-10,1.066370511080554e-5,1.3509742547855339e-5,0.11110940104369708,-0.11110986910458351
20738,0.625,-0.11110913285759148,1.3238053355233985e-10,1.1505673972103496e-5,1.2046256486026482e-5,0.11110913285759148,-0.11110986915531466
20739,1.5625,-0.11110897245510783,1.4429428383215951e-10,1.201225556805047e-5,1.137080655078011e-5,0.11110897245510783,-0.11110986902631037
20740,3.90625,-0.11110909929190377,1.3325577956497923e-10,1.1543646718649148e-5,9.768372603563667e-6,0.11110909929190377,-0.11110986853271954
20741,9.765625,-0.11110979529677732,8.048092198111888e-11,8.971115983037945e-6,7.176451995093019e-6,0.11110979529677732,-0.1111098677585053
20742,24.4140625,-0.11111065698432945,1.4123252022743932e-11,3.758091539963327e-6,1.008002391974934e-5,0.11111065698432945,-0.11110986786692537
20743,9.765625,-0.11111030728747932,2.7527618368756846e-12,1.6591449113551487e-6,1.733135605615431e-5,0.11111030728747932,-0.1111098682609347
20744,3.90625,-0.1111101920306407,2.286913825435857e-12,1.5122545504761615e-6,1.8201017258168873e-5,0.1111101920306407,-0.11110986859973287
20745,1.5625,-0.11111010573395282,7.860372721742528e-12,2.8036356257086135e-6,1.78188096677733e-5,0.11111010573395282,-0.1111098689024039
20746,0.625,-0.1111100268456138,1.8729559287107124e-11,4.32776608507289e-6,1.737971405687607e-5,0.1111100268456138,-0.11110986918911267
20747,0.25,-0.111109950210941,3.47328087283922e-11,5.893454736263968e-6,1.707519899201672e-5,0.111109950210941,-0.11110986947003113
20748,0.1,-0.11110987428969299,5.5817931559481336e-11,7.471139910313642e-6,1.6885532121020632e-5,0.11110987428969299,-0.11110986974901782
20749,0.1,-0.11110980087193928,8.17653585701199e-11,9.042419950993203e-6,1.6767082666431918e-5,0.11110980087193928,-0.11110987002081865
20750,0.1,-0.11110973023039435,1.1238174725682303e-10,1.0601025764369363e-5,1.6636947342140546e-5,0.11110973023039435,-0.11110987028463348
20751,0.1,-0.11110966262628529,1.4745897562588444e-10,1.2143268737283402e-5,1.6495023071162375e-5,0.11110966262628529,-0.11110987053968843
20752,0.1,-0.11110959830854654,1.86774936520399e-10,1.3666562717830661e-5,1.634127717552225e-5,0.11110959830854654,-0.11110987078524132
20753,0.25,-0.11110954651042534,2.287235682927932e-10,1.5123609631724604e-5,1.6176882814967612e-5,0.11110954651042534,-0.11110987098015312
20754,0.625,-0.11110952795104746,2.69101769868115e-10,1.6404321682657743e-5,1.579132691860087e-5,0.11110952795104746,-0.11110987103393181
20755,1.5625,-0.11110959365882013,2.9656474047877966e-10,1.7221055149983687e-5,1.4817290133893793e-5,0.11110959365882013,-0.11110987072009708
20756,3.90625,-0.11110984970287834,2.845692114404237e-10,1.6869179335119526e-5,1.239371364505424e-5,0.11110984970287834,-0.11110986961588377
20757,9.765625,-0.11111040114663942,1.9247880536894718e-10,1.3873673103001497e-5,7.44055515003714e-6,0.11111040114663942,-0.11110986765698669
20758,24.4140625,-0.11111076518643336,3.935651843482019e-11,6.273477379796646e-6,1.0761114842075768e-5,0.11111076518643336,-0.11110986743378976
20759,9.765625,-0.11111051015450037,8.611282986873841e-12,2.934498762459075e-6,2.4065974162480152e-5,0.11111051015450037,-0.11110986821099847
20760,3.90625,-0.11111040172668286,2.2747239508499096e-12,1.5082188007215364e-6,2.6366038092534143e-5,0.11111040172668286,-0.11110986895096275
20761,1.5625,-0.11111031359451086,1.0126924745540846e-11,3.1822829455503866e-6,2.6192766638868954e-5,0.11111031359451086,-0.1111098696216573
20762,0.625,-0.11111023108752537,3.024591574194288e-11,5.499628691279338e-6,2.5699162688093017e-5,0.11111023108752537,-0.11110987025669225
20763,0.25,-0.11111015040090229,6.219845560338555e-11,7.886599749155877e-6,2.531753495731247e-5,0.11111015040090229,-0.1111098708777551
20764,0.1,-0.11111007033393856,1.0586221922840227e-10,1.0288936739449916e-5,2.5073402705152155e-5,0.11111007033393856,-0.11110987149411476
20765,0.1,-0.111109991529097,1.6084621768257533e-10,1.2682516220473575e-5,2.4921707929792652e-5,0.111109991529097,-0.11110987209612042
20766,0.1,-0.11110991416269954,2.2677363885432362e-10,1.5059005241194507e-5,2.474904275601502e-5,0.11110991416269954,-0.11110987268172424
20767,0.1,-0.11110983840592821,3.0323030753495554e-10,1.7413509340019764e-5,2.455550953210356e-5,0.11110983840592821,-0.11110987324895007
20768,0.1,-0.11110976442435529,3.897663276705622e-10,1.9742500542498717e-5,2.4341261110553555e-5,0.11110976442435529,-0.11110987379590094
20769,0.25,-0.11110969711228487,4.832215379895855e-10,2.1982300561806208e-5,2.410769636621227e-5,0.11110969711228487,-0.11110987423471833
20770,0.625,-0.11110964785300491,5.751312678731489e-10,2.3981894584730976e-5,2.353927903646569e-5,0.11110964785300491,-0.11110987436801854
20771,1.5625,-0.11110964545599997,6.421112452983577e-10,2.5339914074407548e-5,2.2070113289683262e-5,0.11110964545599997,-0.11110987369343796
20772,3.90625,-0.11110975330466613,6.270710699698005e-10,2.50413871414864e-5,1.8306861237324834e-5,0.11110975330466613,-0.11110987123834286
20773,9.765625,-0.11111005533000125,4.3380761604284045e-10,2.0828048781459115e-5,9.772891789953424e-6,0.11111005533000125,-0.1111098667364316
20774,24.4140625,-0.11111039088812713,8.984900637035803e-11,9.478871576847005e-6,1.3943441728497667e-5,0.11111039088812713,-0.1111098660358368
20775,9.765625,-0.11111036183847783,1.948825315136653e-11,4.414550164101268e-6,3.524449240294075e-5,0.11111036183847783,-0.11110986772368263
20776,3.90625,-0.11111038282255749,3.4296486180688832e-12,1.8519310511109432e-6,3.8958824254840714e-5,0.11111038282255749,-0.11110986935341274
20777,1.5625,-0.11111040794078127,1.9242568264439514e-11,4.38663518706987e-6,3.8805748435769115e-5,0.11111040794078127,-0.11110987083204535
20778,0.625,-0.11111043387819788,6.258616559092611e-11,7.911141863911056e-6,3.8113275376254256e-5,0.11111043387819788,-0.11110987223118382
20779,0.25,-0.11111046004994704,1.324870966954066e-10,1.1510303935839688e-5,3.7566332444823364e-5,0.11111046004994704,-0.11110987359912743
20780,0.1,-0.11111048631334468,2.2868452375332353e-10,1.5122318729392114e-5,3.7216976276667016e-5,0.11111048631334468,-0.11110987495690693
20781,0.1,-0.11111051286889893,3.5035225362463335e-10,1.8717698940431577e-5,3.7002660471222854e-5,0.11111051286889893,-0.11110987628381933
20782,0.1,-0.11111053973691913,4.966822824740228e-10,2.228636988102869e-5,3.6755674174230056e-5,0.11111053973691913,-0.11110987757516416
20783,0.1,-0.11111056693520209,6.667813865330806e-10,2.5822110419814267e-5,3.647624796249964e-5,0.11111056693520209,-0.11110987882640337
20784,0.1,-0.1111105944789103,8.596748446396776e-10,2.932021222023602e-5,3.616466899305986e-5,0.1111105944789103,-0.11110988003317863
20785,0.25,-0.11111062323618644,1.0684832866369744e-9,3.268766260589727e-5,3.582293015562813e-5,0.11111062323618644,-0.11110988100078019
20786,0.625,-0.11111065503557463,1.2746987692180881e-9,3.570292381889876e-5,3.497617265983027e-5,0.11111065503557463,-0.11110988128992134
20787,1.5625,-0.11111069392288497,1.4269911969133816e-9,3.777553701687617e-5,3.276703170967295e-5,0.11111069392288497,-0.11110987977863189
20788,3.90625,-0.11111074548291655,1.3991570536437761e-9,3.740530782714902e-5,2.705306016040901e-5,0.11111074548291655,-0.11110987427608528
20789,9.765625,-0.1111107954155841,9.747892872856648e-10,3.122161570588019e-5,1.3585489005046252e-5,0.1111107954155841,-0.11110986410052488
20790,24.4140625,-0.11111068980994673,2.0494858303249826e-10,1.4316025392283231e-5,1.941576628276086e-5,0.11111068980994673,-0.11110986230627694
20791,9.765625,-0.11111053584404657,4.4658359474134635e-11,6.682691035364019e-6,5.233161779105898e-5,0.11111053584404657,-0.11110986604539454
20792,3.90625,-0.11111043181075635,6.377481372657065e-12,2.525367571791692e-6,5.8102280144207095e-5,0.11111043181075635,-0.11110986968464028
20793,1.5625,-0.11111033830441439,3.982356743193291e-11,6.3105916863581746e-6,5.795077919072232e-5,0.11111033830441439,-0.11110987298964617
20794,0.625,-0.11111024813146846,1.3519525413765945e-10,1.1627349402923241e-5,5.694512699685284e-5,0.11111024813146846,-0.11110987611632313
20795,0.25,-0.1111101591425309,2.902973849552506e-10,1.703811565153995e-5,5.6140527555388956e-5,0.1111101591425309,-0.11110987917262756
20796,0.1,-0.11111007061908641,5.045542491917493e-10,2.2462285039411046e-5,5.562573568031304e-5,0.11111007061908641,-0.11110988220606771
20797,0.1,-0.11110998283192068,7.761586243617164e-10,2.785962355025129e-5,5.531092218480679e-5,0.11110998283192068,-0.1111098851711691
20798,0.1,-0.11110989588304095,1.1033307584208465e-9,3.321642302266827e-5,5.4946597461992164e-5,0.11110989588304095,-0.11110988805729523
20799,0.1,-0.11110980987256114,1.4840981014910293e-9,3.852399384138448e-5,5.453311531488227e-5,0.11110980987256114,-0.11110989085417135
20800,0.1,-0.11110972489853856,1.9163035858208633e-9,4.377560491667549e-5,5.4070907796598495e-5,0.11110972489853856,-0.11110989355192517
20801,0.25,-0.11110964359009472,2.3846901115029655e-9,4.883328896872466e-5,5.35628452645308e-5,0.11110964359009472,-0.11110989571553888
20802,0.625,-0.11110957222326119,2.848125920692247e-9,5.3367836012829364e-5,5.229617747262664e-5,0.11110957222326119,-0.11110989636156184
20803,1.5625,-0.1111095272716237,3.19236852399942e-9,5.6501048875214876e-5,4.898036736772834e-5,0.1111095272716237,-0.11110989297422431
20804,3.90625,-0.11110954864292857,3.13591455449387e-9,5.5999237088498536e-5,4.037202716141746e-5,0.11110954864292857,-0.11110988062197738
20805,9.765625,-0.11110971399716194,2.1932554255019023e-9,4.683220500362867e-5,1.9749901176334484e-5,0.11110971399716194,-0.11110985767123054
20806,24.4140625,-0.11111008230692068,4.668004321025479e-10,2.1605564841090083e-5,2.804489160227974e-5,0.11111008230692068,-0.11110985331912651
20807,9.765625,-0.11111023338241789,1.0245288035766341e-10,1.0121901024889712e-5,7.815441684847917e-5,0.11111023338241789,-0.1111098616735784
20808,3.90625,-0.11111036695559276,1.3061211946550574e-11,3.614029876267015e-6,8.699272596514688e-5,0.11111036695559276,-0.1111098698498276
20809,1.5625,-0.11111049195160685,8.532372392207023e-11,9.237084167748512e-6,8.683570306450298e-5,0.11111049195160685,-0.11110987728165672
20810,0.625,-0.11111061402710537,2.970709234157576e-10,1.7235745513779135e-5,8.535456734879816e-5,0.11111061402710537,-0.11110988431208617
20811,0.25,-0.11111073518943633,6.433226441209959e-10,2.53638057893723e-5,8.415836111483655e-5,0.11111073518943633,-0.11110989118302846
20812,0.1,-0.11111085615627105,1.1227734189953014e-9,3.3507811313114756e-5,8.339043319890711e-5,0.11111085615627105,-0.11110989800168934
20813,0.1,-0.11111097676091351,1.7314069157168353e-9,4.161017803034295e-5,8.291995900101027e-5,0.11111097676091351,-0.11110990466718097
20814,0.1,-0.11111109688986227,2.4652503940432694e-9,4.9651287939420757e-5,8.237495409014609e-5,0.11111109688986227,-0.1111099111555057
20815,0.1,-0.11111121642815287,3.319897294351258e-9,5.761854991538106e-5,8.175595298951536e-5,0.11111121642815287,-0.11110991744347928
20816,0.1,-0.11111133525956862,4.2905257603766685e-9,6.550210500721843e-5,8.106360311540628e-5,0.11111133525956862,-0.11110992350881968
20817,0.25,-0.1111114508843596,5.34310434054135e-9,7.309654123514566e-5,8.030218965322051e-5,0.1111114508843596,-0.11110992837627591
20818,0.625,-0.11111155709419071,6.385802980559923e-9,7.991121936599343e-5,7.840334484551219e-5,0.11111155709419071,-0.11110992983835381
20819,1.5625,-0.11111163698496695,7.163355836625538e-9,8.463661049820897e-5,7.342973828084541e-5,0.11111163698496695,-0.11110992224203577
20820,3.90625,-0.1111116466985088,7.045808051287788e-9,8.393931171559478e-5,6.0497595401169774e-5,0.1111116466985088,-0.11110989447507026
20821,9.765625,-0.11111148513221267,4.941938430163735e-9,7.029892197013931e-5,2.9255583911186987e-5,0.11111148513221267,-0.11110984269351461
20822,24.4140625,-0.11111100400602208,7.311261279102941e-11,8.55059137083684e-6,4.036367068837677e-5,0.11111100400602208,-0.11110987209544014
20823,9.765625,-0.11111007022449601,7.618572176996014e-11,8.728443261542126e-6,2.3482904704271222e-5,0.11111007022449601,-0.11110987165983895
20824,3.90625,-0.11110971914995954,8.745577450976418e-11,9.351779216264903e-6,1.6147457136381374e-5,0.11110971914995954,-0.11110987149507427
20825,1.5625,-0.11110943586491046,1.0174248633004486e-10,1.0086748055247779e-5,1.302142243743489e-5,0.11110943586491046,-0.11110987147725203
20826,0.625,-0.11110917020384922,1.1866262666211921e-10,1.0893237657469849e-5,1.1651447973480503e-5,0.11110917020384922,-0.11110987152833847
20827,1.5625,-0.1111090097262007,1.2955066597334715e-10,1.1382032594108451e-5,1.1018203755964309e-5,0.1111090097262007,-0.1111098714175339
20828,3.90625,-0.11110913009483854,1.1969336676609947e-10,1.0940446369600259e-5,9.517413385588373e-6,0.11110913009483854,-0.11110987097817246
20829,9.765625,-0.11110980883512471,7.204796902243655e-11,8.48810750535339e-6,7.098371512114921e-6,0.11110980883512471,-0.11110987028779769
20830,24.4140625,-0.1111106575134252,1.2555054114874515e-11,3.543311179514793e-6,9.729842317910284e-6,0.1111106575134252,-0.11110987039046517
20831,9.765625,-0.11111030994095986,2.5072291243195647e-12,1.5834232296892593e-6,1.6448954814850214e-5,0.11111030994095986,-0.11110987074341462
20832,3.90625,-0.11111019344248142,2.190126271199936e-12,1.47990752116473e-6,1.724178932915079e-5,0.11111019344248142,-0.11110987104640321
20833,1.5625,-0.11111010557334025,7.235789001057025e-12,2.6899421928838963e-6,1.6872819806843637e-5,0.11111010557334025,-0.11110987131734133
20834,0.625,-0.11111002504817101,1.6986425070311546e-11,4.121459094824495e-6,1.6457000435717016e-5,0.11111002504817101,-0.11110987157423882
20835,0.25,-0.11110994675977619,3.130060848477438e-11,5.594694673060755e-6,1.617026484966676e-5,0.11110994675977619,-0.1111098718261025
20836,0.1,-0.11110986917970307,5.013331871203611e-11,7.08048859274811e-6,1.5992411691869244e-5,0.11110986917970307,-0.11110987207632414
20837,0.1,-0.11110979407533876,7.328773454987852e-11,8.560825576419515e-6,1.5881806741306282e-5,0.11110979407533876,-0.11110987232016864
20838,0.1,-0.11110972171714607,1.0059119757138672e-10,1.0029516317918163e-5,1.576020277219367e-5,0.11110972171714607,-0.1111098725569225
20839,0.1,-0.11110965236430131,1.3185777794533375e-10,1.148293420451993e-5,1.5627511033954077e-5,0.11110965236430131,-0.11110987278589757
20840,0.1,-0.11110958626389435,1.6688899698944113e-10,1.2918552433978087e-5,1.5483709347027376e-5,0.11110958626389435,-0.11110987300643238
20841,0.25,-0.11110953255515724,2.042412512724504e-10,1.4291299845446194e-5,1.5329894558034197e-5,0.11110953255515724,-0.11110987318180714
20842,0.625,-0.11110951175658922,2.401386044994717e-10,1.5496406180126787e-5,1.4968218792818698e-5,0.11110951175658922,-0.11110987323135178
20843,1.5625,-0.11110957443929491,2.6440070332696246e-10,1.6260402926341106e-5,1.4054374342547259e-5,0.11110957443929491,-0.11110987295345771
20844,3.90625,-0.11110982594779023,2.532783107950492e-10,1.591471994082991e-5,1.1787132460539813e-5,0.11110982594779023,-0.11110987197329576
20845,9.765625,-0.11111037220163322,1.7074309587262623e-10,1.3066870163609426e-5,7.222860061585229e-6,0.11111037220163322,-0.11110987024058115
20846,24.4140625,-0.111110743591711,3.471205521997517e-11,5.891693747979029e-6,1.037327696746393e-5,0.111110743591711,-0.11110987005832887
20847,9.765625,-0.1111104995723515,7.62572351387707e-12,2.761471258926493e-6,2.2740984459737125e-5,0.1111104995723515,-0.11110987075023973
20848,3.90625,-0.1111103978513267,2.1586357919472047e-12,1.4692296593613963e-6,2.4873950658497558e-5,0.1111103978513267,-0.11110987140754541
20849,1.5625,-0.11111031578085018,9.248111224388159e-12,3.0410707364986035e-6,2.4700364544491613e-5,0.11111031578085018,-0.11110987200337598
20850,0.625,-0.11111023913848844,2.719792436025391e-11,5.215162927488835e-6,2.4232598389804563e-5,0.11111023913848844,-0.111109872567732
20851,0.25,-0.11111016424936387,5.5627309776902536e-11,7.4583717912760644e-6,2.387273474238465e-5,0.11111016424936387,-0.1111098731198191
20852,0.1,-0.1111100899557745,9.442940879459458e-11,9.717479549481675e-6,2.364310528140409e-5,0.1111100899557745,-0.11110987366781354
20853,0.1,-0.11111001687967437,1.4325597023571175e-10,1.1968958611162115e-5,2.3500730159124394e-5,0.11111001687967437,-0.1111098742030872
20854,0.1,-0.11110994519105721,2.0177231742235525e-10,1.4204658300091391e-5,2.333866206923221e-5,0.11110994519105721,-0.11110987472382657
20855,0.1,-0.1111098750549185,2.696105726691741e-10,1.641982255291372e-5,2.3156998721338015e-5,0.1111098750549185,-0.11110987522828178
20856,0.1,-0.11110980663079918,3.4637112102368764e-10,1.8611048359071222e-5,2.295588612736797e-5,0.11110980663079918,-0.111109875714773
20857,0.25,-0.1111097446426455,4.292378937065055e-10,2.071805718947859e-5,2.2736632613283932e-5,0.1111097446426455,-0.11110987610528121
20858,0.625,-0.11110970007247367,5.106709307785904e-10,2.2598029356087456e-5,2.2202549193330812e-5,0.11110970007247367,-0.11110987622465887
20859,1.5625,-0.11110970069242908,5.698515954988059e-10,2.387156458003551e-5,2.0822198222061488e-5,0.11110970069242908,-0.11110987562745776
20860,3.90625,-0.11110980745719351,5.560134995898538e-10,2.3579938498432386e-5,1.7291249142447315e-5,0.11110980745719351,-0.1111098734529299
20861,9.765625,-0.11111010001624774,3.83911902358358e-10,1.9593669956349627e-5,9.34784511399972e-6,0.11111010001624774,-0.11110986947396308
20862,24.4140625,-0.11111041630094756,7.914049389043283e-11,8.896094305392274e-6,1.3328049440877782e-5,0.11111041630094756,-0.11110986887754644
20863,9.765625,-0.11111037906070308,1.7201078176926816e-11,4.147418254399575e-6,3.320994370858751e-5,0.11111037906070308,-0.11110987037353663
20864,3.90625,-0.11111039261981238,3.236610951508123e-12,1.7990583513349764e-6,3.6669325150101394e-5,0.11111039261981238,-0.11110987181547793
20865,1.5625,-0.11111041072960584,1.742969218702031e-11,4.174888284376039e-6,3.6513822232970296e-5,0.11111041072960584,-0.11110987312361215
20866,0.625,-0.11111042981016292,5.595398450572876e-11,7.480239602160399e-6,3.585882679493798e-5,0.11111042981016292,-0.11110987436163144
20867,0.25,-0.11111044917715282,1.1795413526874135e-10,1.0860669190650333e-5,3.5343483024699804e-5,0.11111044917715282,-0.11110987557223963
20868,0.1,-0.11111046865172482,2.032021930327607e-10,1.4254900667235836e-5,3.501494426897385e-5,0.11111046865172482,-0.11110987677398035
20869,0.1,-0.11111048843554794,3.1096494146810146e-10,1.7634198067054295e-5,3.481374140939014e-5,0.11111048843554794,-0.11110987794842593
20870,0.1,-0.11111050855391842,4.40526900629361e-10,2.0988732706606203e-5,3.458183093016417e-5,0.11111050855391842,-0.1111098790914203
20871,0.1,-0.11111052902966038,5.910970616081713e-10,2.431248777085906e-5,3.431943080410347e-5,0.11111052902966038,-0.11110988019895143
20872,0.1,-0.11111054988299214,7.618121898795098e-10,2.7600945452638207e-5,3.4026812775988605e-5,0.11111054988299214,-0.11110988126716637
20873,0.25,-0.11111057208163307,9.465640964785053e-10,3.076628181107534e-5,3.370583857216233e-5,0.11111057208163307,-0.11110988212360906
20874,0.625,-0.11111059770769946,1.1289240990849978e-9,3.359946575594615e-5,3.2909908522228436e-5,0.11111059770769946,-0.11110988237940546
20875,1.5625,-0.1111106315115287,1.2633445464274891e-9,3.554355843788701e-5,3.0833216928913005e-5,0.1111106315115287,-0.11110988104184234
20876,3.90625,-0.1111106809830378,1.2379250001540603e-9,3.518415836927267e-5,2.5465469540235504e-5,0.1111106809830378,-0.11110987617517563
20877,9.765625,-0.11111073667014898,8.612304760105658e-10,2.934672854017234e-5,1.2869485783222239e-5,0.11111073667014898,-0.11110986719115798
20878,24.4140625,-0.11111065473511356,1.803590549913115e-10,1.3429782388084756e-5,1.844441199708654e-5,0.11111065473511356,-0.1111098656456184
20879,9.765625,-0.11111051465674211,3.930585195373062e-11,6.269437929649724e-6,4.923067562744863e-5,0.11111051465674211,-0.11110986895174563
20880,3.90625,-0.11111042155566833,5.914552502321001e-12,2.4319853005972304e-6,5.4616660143461705e-5,0.11111042155566833,-0.11110987216463156
20881,1.5625,-0.11111033816696086,3.581977455069403e-11,5.984962368360726e-6,5.446072128821682e-5,0.11111033816696086,-0.11110987508185143
20882,0.625,-0.11111025783253382,1.2038794634889574e-10,1.0972144109010587e-5,5.3510856189145326e-5,0.11111025783253382,-0.11110987784184735
20883,0.25,-0.11111017857826369,2.5769040364617604e-10,1.6052738197770996e-5,5.2753291758264346e-5,0.11111017857826369,-0.1111098805399854
20884,0.1,-0.11111009974634296,4.472239588130827e-10,2.114767029280253e-5,5.226936711588274e-5,0.11111009974634296,-0.11110988321814176
20885,0.1,-0.11111002159634192,6.873886223253859e-10,2.621809722930682e-5,5.197386490979869e-5,0.11111002159634192,-0.11110988583595718
20886,0.1,-0.11110994422234198,9.766114401053675e-10,3.1250783031875655e-5,5.163182374540659e-5,0.11110994422234198,-0.11110988838403885
20887,0.1,-0.11110986771665432,1.3131488503575137e-9,3.623739574469327e-5,5.124357637831023e-5,0.11110986771665432,-0.11110989085331346
20888,0.1,-0.11110979216966353,1.6950940138148623e-9,4.1171519449916616e-5,5.080952966476594e-5,0.11110979216966353,-0.11110989323506368
20889,0.25,-0.11110972002484255,2.1089301975990455e-9,4.5923090026685326e-5,5.033236265906031e-5,0.11110972002484255,-0.11110989514463655
20890,0.625,-0.11110965710392527,2.518224424626925e-9,5.0181913321703124e-5,4.914182329360276e-5,0.11110965710392527,-0.1111098957127888
20891,1.5625,-0.1111096186576451,2.821810906479039e-9,5.312072012387482e-5,4.6024801220783335e-5,0.1111096186576451,-0.11110989271677567
20892,3.90625,-0.11110964145754708,2.770553855944004e-9,5.2636050915166535e-5,3.7935264500463546e-5,0.11110964145754708,-0.11110988180415354
20893,9.765625,-0.11110979598668683,1.9355348226089874e-9,4.399471357571256e-5,1.8602167278151026e-5,0.11110979598668683,-0.11110986155822042
20894,24.4140625,-0.11111012951972271,4.1059162289538883e-10,2.0263060551046794e-5,2.6534358097855958e-5,0.11111012951972271,-0.11110985778768596
20895,9.765625,-0.11111026203174108,9.004566288113823e-11,9.489239320469172e-6,7.34542720096981e-5,0.11111026203174108,-0.11110986516413907
20896,3.90625,-0.11111038033611445,1.192748323085931e-11,3.453618860103024e-6,8.171369886138251e-5,0.11111038033611445,-0.11110987237370809
20897,1.5625,-0.11111049113223068,7.634813413455015e-11,8.73774193568053e-6,8.155003013002397e-5,0.11111049113223068,-0.11110987892538672
20898,0.625,-0.11111059935900769,2.6378877059667477e-10,1.624157537299491e-5,8.01528745829967e-5,0.11111059935900769,-0.11110988512331679
20899,0.25,-0.11111070678140243,5.69874040794922e-10,2.387203470161105e-5,7.902743359930025e-5,0.11111070678140243,-0.11110989118103858
20900,0.1,-0.11111081403161198,9.9346221674594e-10,3.1519235662463964e-5,7.830590675444706e-5,0.11111081403161198,-0.11110989719301807
20901,0.1,-0.11111092095960962,1.5310033494591484e-9,3.912803789431753e-5,7.78644257728454e-5,0.11111092095960962,-0.11110990306989667
20902,0.1,-0.11111102746481932,2.1789907984411496e-9,4.667966150735403e-5,7.735290166154367e-5,0.11111102746481932,-0.11110990879050094
20903,0.1,-0.1111111334452982,2.9335345208895874e-9,5.4162113334780316e-5,7.677183667988896e-5,0.1111111334452982,-0.11110991433437518
20904,0.1,-0.11111123879792813,3.790377444613775e-9,6.156604132647944e-5,7.612183960882585e-5,0.11111123879792813,-0.11110991968186079
20905,0.25,-0.11111134130477432,4.719418166408198e-9,6.869802156109153e-5,7.540691043717516e-5,0.11111134130477432,-0.11110992397164784
20906,0.625,-0.11111143545605093,5.639442574859237e-9,7.509622210776809e-5,7.362272588883185e-5,0.11111143545605093,-0.11110992525475978
20907,1.5625,-0.11111150623829766,6.324739196070036e-9,7.952822892577223e-5,6.894855209058727e-5,0.11111150623829766,-0.11110991854173301
20908,3.90625,-0.11111151463025833,6.218543648881162e-9,7.885774311303337e-5,5.6797030566630964e-5,0.11111151463025833,-0.11110989403305274
20909,9.765625,-0.11111137029219045,4.357769503956758e-9,6.601340397189618e-5,2.7480632408296925e-5,0.11111137029219045,-0.11110984838370924
20910,24.4140625,-0.11111092598564083,9.332752016980682e-10,3.054955321601395e-5,3.883431039911501e-5,0.11111092598564083,-0.11110983942680126
20911,9.765625,-0.11111068249539253,2.0545857293876936e-10,1.4333826179313371e-5,0.00010996543664390802,0.11111068249539253,-0.11110985597955751
20912,3.90625,-0.11111048440318669,2.43709288621792e-11,4.936692097161742e-6,0.00012255481447639793,0.11111048440318669,-0.11110987222619832
20913,1.5625,-0.11111030150048051,1.6476519987129572e-10,1.2836089742257793e-5,0.0001223854715640677,0.11111030150048051,-0.11110988700106118
20914,0.625,-0.11111012394849364,5.824702791895453e-10,2.4134421045252882e-5,0.0001203183315901446,0.11111012394849364,-0.11110990097775937
20915,0.25,-0.11110994850781632,1.267544724216263e-9,3.560259434670826e-5,0.00011864035248122525,0.11110994850781632,-0.11110991463607946
20916,0.1,-0.11110977406016691,2.2173822430929004e-9,4.708908836548973e-5,0.00011756118690873257,0.11110977406016691,-0.11110992818947008
20917,0.1,-0.11110960086625216,3.4240561801658627e-9,5.8515435400976576e-5,0.0001168994199668765,0.11110960086625216,-0.11110994143907432
20918,0.1,-0.11110942907059118,4.8797088947693966e-9,6.985491317559128e-5,0.00011613260449626696,0.11110942907059118,-0.11110995433718415
20919,0.1,-0.11110925881475896,6.57562213065947e-9,8.109020983238032e-5,0.00011526147429900873,0.11110925881475896,-0.11110996683769805
20920,0.1,-0.11110909023731279,8.502253451994205e-9,9.220766482236824e-5,0.00011428692162049931,0.11110909023731279,-0.11110997889629753
20921,0.25,-0.11110892689565469,1.0592311214525114e-8,0.00010291895459304429,0.00011321490501294266,0.11110892689565469,-0.11110998857903087
20922,0.625,-0.11110877744438834,1.2664117147947335e-8,0.00011253495967008357,0.00011054061196430724,0.11110877744438834,-0.11110999150534619
20923,1.5625,-0.11110866520029677,1.4212424941660415e-8,0.00011921587537597673,0.00010353329143259142,0.11110866520029677,-0.11110997645074036
20924,3.90625,-0.11110865043186478,1.3989425895841664e-8,0.0001182769034758759,8.530030794469536e-5,0.11110865043186478,-0.11110992131647192
20925,9.765625,-0.11110887439748275,9.82892857518818e-9,9.914095306778214e-5,4.1097862850762096e-5,0.11110887439748275,-0.11110981826805634
20926,24.4140625,-0.11110960879029376,1.4357111712658337e-10,1.1982116554540077e-5,5.630271152424982e-5,0.11110960879029376,-0.11110987630851854
20927,9.765625,-0.11111090863859989,1.4905980580514908e-10,1.2209005111193503e-5,3.282438474984539e-5,0.11111090863859989,-0.11110987546866362
20928,3.90625,-0.11111139214386664,1.7193746860367687e-10,1.311249284475217e-5,2.234895591027616e-5,0.11111139214386664,-0.11110987512949295
20929,1.5625,-0.11111178137505211,2.0113657524574782e-10,1.4182262698376018e-5,1.7763700727106415e-5,0.11111178137505211,-0.11110987507327623
20930,0.625,-0.11111214621721693,2.358663216917095e-10,1.5357940021100143e-5,1.5707359582534457e-5,0.11111214621721693,-0.11110987515106586
20931,1.5625,-0.11111236351471088,2.584919856293108e-10,1.607768595380911e-5,1.4743277594290042e-5,0.11111236351471088,-0.11110987490329616
20932,3.90625,-0.1111121877483858,2.387843735143399e-10,1.5452649401133126e-5,1.2407996882155461e-5,0.1111121877483858,-0.11110987399554077
20933,9.765625,-0.11111123470545198,1.4236183459277332e-10,1.1931547870782455e-5,8.404623196333993e-6,0.11111123470545198,-0.11110987259607068
20934,24.4140625,-0.11111007090616286,2.4165697079014124e-11,4.9158617839616e-6,1.2529744056834447e-5,0.11111007090616286,-0.11110987278692236
20935,9.765625,-0.1111105738188582,4.060080715307138e-12,2.0149641970286066e-6,2.2484181785482955e-5,0.1111105738188582,-0.11110987346606462
20936,3.90625,-0.1111107411234435,3.4316946854417446e-12,1.8524833833105615e-6,2.363214564939915e-5,0.1111107411234435,-0.11110987403929859
20937,1.5625,-0.1111108671423836,1.343538803266964e-11,3.6654314933810508e-6,2.3098929237695544e-5,0.1111108671423836,-0.11110987454690306
20938,0.625,-0.11111098261298231,3.2764120539373974e-11,5.72399515542894e-6,2.2498213212091595e-5,0.11111098261298231,-0.1111098750259285
20939,0.25,-0.11111109488827924,6.113946319004187e-11,7.819172794486758e-6,2.208428656725266e-5,0.11111109488827924,-0.11110987549473723
20940,0.1,-0.11111120616547747,9.847397533012045e-11,9.923405430099108e-6,2.1828070398625567e-5,0.11111120616547747,-0.11110987596024981
20941,0.1,-0.1111113138657478,1.4437527991736795e-10,1.2015626488759042e-5,2.166930531696989e-5,0.1111113138657478,-0.11110987641320771
20942,0.1,-0.1111114175977944,1.9850027872177726e-10,1.4089012695067645e-5,2.1494369571609594e-5,0.1111114175977944,-0.11110987685219109
20943,0.1,-0.11111151698662768,2.604794024040212e-10,1.613937428787192e-5,2.1303126090069357e-5,0.11111151698662768,-0.11110987727582917
20944,0.1,-0.11111161167473114,3.2991809194707656e-10,1.8163647539717253e-5,2.1095529013363474e-5,0.11111161167473114,-0.11110987768280757
20945,0.25,-0.11111168839976703,4.0393314778318754e-10,2.0098088162389664e-5,2.0873137887587448e-5,0.11111168839976703,-0.11110987800047226
20946,0.625,-0.11111171740375246,4.749889798750731e-10,2.179424189723224e-5,2.0347525480418253e-5,0.11111171740375246,-0.11110987806918807
20947,1.5625,-0.11111162539422886,5.228044751307989e-10,2.286491799965176e-5,1.9013467718189593e-5,0.11111162539422886,-0.11110987749038834
20948,3.90625,-0.1111112600014074,5.002731971555559e-10,2.2366787814873104e-5,1.5670219012204135e-5,0.1111112600014074,-0.11110987552517189
20949,9.765625,-0.1111104700702592,3.3672649408700595e-10,1.835010883038588e-5,8.608330122552617e-6,0.1111104700702592,-0.11110987207980144
20950,24.4140625,-0.11110994612242588,6.813851837218708e-11,8.254605888362393e-6,1.3509908954733426e-5,0.11110994612242588,-0.11110987169771154
20951,9.765625,-0.11111030340149378,1.4176584682714684e-11,3.7651805644237945e-6,3.1512418491732403e-5,0.11111030340149378,-0.11110987304720647
20952,3.90625,-0.11111045086400904,3.1771146181351867e-12,1.7824462455106988e-6,3.4579600290279265e-5,0.11111045086400904,-0.11110987432425917
20953,1.5625,-0.11111056959858855,1.7067191833647924e-11,4.131245796808503e-6,3.434264442088392e-5,0.11111056959858855,-0.11110987547755155
20954,0.625,-0.11111068046232854,5.2478682132689345e-11,7.244217151127467e-6,3.368074672369265e-5,0.11111068046232854,-0.11110987656757641
20955,0.25,-0.11111078882329792,1.086569065480216e-10,1.0423862362292664e-5,3.317019013336673e-5,0.11111078882329792,-0.1111098776329097
20956,0.1,-0.11111089636991002,1.8539177314140991e-10,1.3615864759221498e-5,3.2844334739117866e-5,0.11111089636991002,-0.11110987868999801
20957,0.1,-0.1111110021536059,2.8199769053325977e-10,1.679278686023436e-5,3.264253005678404e-5,0.1111110021536059,-0.11110987972197851
20958,0.1,-0.11111110592222662,3.9781473601758466e-10,1.9945293580631613e-5,3.2412584423675626e-5,0.11111110592222662,-0.11110988072525536
20959,0.1,-0.11111120743074275,5.321170388973749e-10,2.3067662189683957e-5,3.215461366600349e-5,0.11111120743074275,-0.11110988169635679
20960,0.1,-0.11111130644194984,6.841156711460377e-10,2.6155604966164284e-5,3.186880062936145e-5,0.11111130644194984,-0.11110988263194997
20961,0.25,-0.11111139591660694,8.482433860664567e-10,2.9124618213230825e-5,3.155695827962199e-5,0.11111139591660694,-0.11110988337779072
20962,0.625,-0.11111145950788485,1.0095870650722465e-9,3.177399982803938e-5,3.0795385555509285e-5,0.11111145950788485,-0.11110988358735198
20963,1.5625,-0.11111145591847679,1.1269664403753102e-9,3.357032082621955e-5,2.8822456964121873e-5,0.11111145591847679,-0.1111098823790649
20964,3.90625,-0.11111129476661066,1.099981289978796e-9,3.316596583817206e-5,2.374908039616548e-5,0.11111129476661066,-0.1111098780484256
20965,9.765625,-0.11111085972266575,7.600643511283833e-10,2.7569264609858262e-5,1.1999561480628681e-5,0.11111085972266575,-0.11110987013874556
20966,24.4140625,-0.11111040210540028,1.5682041556798891e-10,1.2522795836712699e-5,1.7865221507296635e-5,0.11111040210540028,-0.11110986891165685
20967,9.765625,-0.1111104661970929,3.349878065649766e-11,5.787813115201428e-6,4.6420952019001345e-5,0.1111104661970929,-0.1111098718538952
20968,3.90625,-0.11111045128555644,5.385871312539756e-12,2.3207480071174803e-6,5.135919873487121e-5,0.11111045128555644,-0.11110987468998003
20969,1.5625,-0.11111042911581194,3.3136326332854674e-11,5.7564161014345265e-6,5.115572605958655e-5,0.11111042911581194,-0.11110987725982308
20970,0.625,-0.11111040542810337,1.0915014187725094e-10,1.0447494526308733e-5,5.023593295318895e-5,0.11111040542810337,-0.11110987968990084
20971,0.25,-0.11111038136455438,2.3172788298994876e-10,1.522261091238782e-5,4.950989094976642e-5,0.11111038136455438,-0.11110988206523675
20972,0.1,-0.11111035723473671,4.004180101211977e-10,2.0010447524260864e-5,4.904669196834227e-5,0.11111035723473671,-0.11110988442283051
20973,0.1,-0.11111033270194402,6.137748780881138e-10,2.4774480379780195e-5,4.8763106896345326e-5,0.11111033270194402,-0.11110988672645758
20974,0.1,-0.11111030771612486,8.703855427945104e-10,2.9502297246053746e-5,4.8435965757562916e-5,0.11111030771612486,-0.11110988896786606
20975,0.1,-0.11111028223029533,1.1686872633295604e-9,3.418606826368836e-5,4.806556798356106e-5,0.11111028223029533,-0.11110989113908751
20976,0.1,-0.11111025620078456,1.5069740270132175e-9,3.8819763355966215e-5,4.765228650695875e-5,0.11111025620078456,-0.11110989323247014
20977,0.25,-0.11111022791293011,1.873173606888496e-9,4.328017567996341e-5,4.719872082005246e-5,0.11111022791293011,-0.11110989490662931
20978,0.625,-0.11111019360178605,2.2348025458415527e-9,4.7273698245869794e-5,4.607252953473281e-5,0.11111019360178605,-0.11110989539130481
20979,1.5625,-0.11111014446144545,2.501775156008916e-9,5.001774841002858e-5,4.31307212572704e-5,0.11111014446144545,-0.11110989271936536
20980,3.90625,-0.1111100654063641,2.452667274800671e-9,4.9524410898067946e-5,3.55074734600461e-5,0.1111100654063641,-0.11110988305101885
20981,9.765625,-0.11110996507097273,1.7081374254835486e-9,4.1329619227420286e-5,1.7353456785295317e-5,0.11110996507097273,-0.11110986519812545
20982,24.4140625,-0.11111006717539225,3.5868050437937644e-10,1.8938862277850177e-5,2.5284141431304873e-5,0.11111006717539225,-0.11110986204849566
20983,9.765625,-0.11111027652854265,7.779175228772563e-11,8.819963281540667e-6,6.911137444314555e-5,0.11111027652854265,-0.11110986858200751
20984,3.90625,-0.11111041296825819,1.0671461478411899e-11,3.266720293874561e-6,7.676706625126246e-5,0.11111041296825819,-0.1111098749384617
20985,1.5625,-0.11111053493005615,6.923870854634412e-11,8.320980023191026e-6,7.656797906932136e-5,0.11111053493005615,-0.1111098807084527
20986,0.625,-0.11111065253721361,2.3633290658293554e-10,1.5373122863716908e-5,7.523580192805042e-5,0.11111065253721361,-0.11110988616570366
20987,0.25,-0.11111076877892002,5.081180633459176e-10,2.25414742939746e-5,7.417000181461964e-5,0.11111076877892002,-0.11110989149963027
20988,0.1,-0.11111088465428039,8.835950769009398e-10,2.9725327195860095e-5,7.348845665219563e-5,0.11111088465428039,-0.11110989679359211
20989,0.1,-0.11111099973428297,1.3596040006599083e-9,3.6872808418398354e-5,7.307209346192283e-5,0.11111099973428297,-0.11110990196797556
20990,0.1,-0.11111111386298571,1.9330334541825645e-9,4.396627632836973e-5,7.258996316108064e-5,0.11111111386298571,-0.11110990700412073
20991,0.1,-0.1111112268855247,2.600433249489647e-9,5.099444331973482e-5,7.204252507213479e-5,0.1111112268855247,-0.11110991188400256
20992,0.1,-0.11111133864847467,3.3580288859439923e-9,5.794850201639377e-5,7.143034190818922e-5,0.11111133864847467,-0.11110991659029906
20993,0.25,-0.1111114452207018,4.179073759801086e-9,6.464575593030903e-5,7.07571641447234e-5,0.1111114452207018,-0.11110992036060237
20994,0.625,-0.11111153720606458,4.991448617844141e-9,7.06501848394195e-5,6.907695996056411e-5,0.11111153720606458,-0.1111099214711907
20995,1.5625,-0.11111159001855861,5.594837984410158e-9,7.479864961622073e-5,6.467583292495177e-5,0.11111159001855861,-0.11110991551268254
20996,3.90625,-0.11111154500861818,5.49569812572349e-9,7.413297596699792e-5,5.323986515169269e-5,0.11111154500861818,-0.11110989384267247
20997,9.765625,-0.11111129506720833,3.843149547595995e-9,6.199314113348343e-5,2.571202272600089e-5,0.11111129506720833,-0.11110985360417554
20998,24.4140625,-0.1111108021584223,8.176936936811078e-10,2.8595343916118718e-5,3.683785443479517e-5,0.1111108021584223,-0.11110984596650754
20999,9.765625,-0.11111063153572152,1.7922298958108406e-10,1.3387419078414033e-5,0.00010334519031762508,0.11111063153572152,-0.11110986058461118
21000,3.90625,-0.11111047196361393,2.2433769884182923e-11,4.736430078042209e-6,0.0001150594123627768,0.11111047196361393,-0.11110987489110445
21001,1.5625,-0.11111032205696177,1.4887201518943114e-10,1.2201312027377676e-5,0.00011485548608192377,0.11111032205696177,-0.11110988789338912
21002,0.625,-0.11111017588562423,5.19715612053347e-10,2.2797272030954646e-5,0.00011289636449274317,0.11111017588562423,-0.11110990019246243
21003,0.25,-0.11111003126829776,1.1262533837417443e-9,3.355969880290561e-5,0.00011131404147927286,0.11111003126829776,-0.1111099122122972
21004,0.1,-0.11110988742662754,1.9662121812812177e-9,4.434199117406905e-5,0.00011029878693337112,0.11110988742662754,-0.11110992414082752
21005,0.1,-0.11110974446876277,3.0325680693633454e-9,5.506875765226001e-5,0.00010967745771896965,0.11110974446876277,-0.11110993580140775
21006,0.1,-0.1111096024920225,4.318374771360489e-9,6.571434220442665e-5,0.00010895735019644298,0.1111096024920225,-0.11110994715196972
21007,0.1,-0.11110946159225321,5.815925483839596e-9,7.626221530902177e-5,0.00010813916226674762,0.11110946159225321,-0.1111099581518657
21008,0.1,-0.11110932186385598,7.516785206666088e-9,8.669939565340746e-5,0.00010722374078000999,0.11110932186385598,-0.11110996876202583
21009,0.25,-0.11110918557826878,9.361332960970977e-9,9.675398162851479e-5,0.00010621667680550564,0.11110918557826878,-0.11110997727367483
21010,0.625,-0.11110905837702996,1.1188661253389118e-8,0.00010577646833482917,0.00010370224417850605,0.11110905837702996,-0.11110997981866315
21011,1.5625,-0.11110895586226445,1.2551461921826497e-8,0.00011203330719846887,9.711247343939465e-5,0.11110895586226445,-0.1111099664910122
21012,3.90625,-0.11110892072720473,1.234587967032288e-8,0.00011111201406833953,7.996971335130669e-5,0.11110892072720473,-0.11110991781748952
21013,9.765625,-0.11110906673448223,8.660065113759702e-9,9.305947084396999e-5,3.846938762936942e-5,0.11110906673448223,-0.11110982705479225
21014,24.4140625,-0.11110990654305623,1.2604864518262176e-10,1.1227138779877167e-5,5.325346509656562e-5,0.11110990654305623,-0.11110987850297536
21015,9.765625,-0.11111077930246463,1.3240279741399682e-10,1.1506641448050635e-5,3.0358163634526285e-5,0.11111077930246463,-0.11110987768409107
21016,3.90625,-0.11111109686906552,1.5114094766833794e-10,1.2293939469036683e-5,2.0548932514878664e-5,0.11111109686906552,-0.11110987737258655
21017,1.5625,-0.11111135294282513,1.750295979456165e-10,1.3229875205217035e-5,1.6380162977795467e-5,0.11111135294282513,-0.11110987731972591
21018,3.90625,-0.11111140717274384,1.751380713245679e-10,1.3233974131929074e-5,1.4531483397572066e-5,0.11111140717274384,-0.11110987672656183
21019,9.765625,-0.11111099298059865,1.1796281729617165e-10,1.0861068883685971e-5,1.0496242515126922e-5,0.11111099298059865,-0.11110987552281121
21020,24.4140625,-0.11111027072895398,2.2429698716392346e-11,4.736000286781278e-6,9.683911572488021e-6,0.11111027072895398,-0.11110987536203634
21021,9.765625,-0.11111060843988191,5.165448531726801e-12,2.2727623130734107e-6,1.8757832412333585e-5,0.11111060843988191,-0.11110987583015398
21022,3.90625,-0.11111071699201783,2.316569749170724e-12,1.522028169637712e-6,2.016299781461589e-5,0.11111071699201783,-0.1111098762573318
21023,1.5625,-0.11111079990704242,7.407145435938098e-12,2.7216071421015374e-6,1.9891536062711768e-5,0.11111079990704242,-0.11110987664227474
21024,0.625,-0.11111087645330679,1.9327498053767272e-11,4.396305045577169e-6,1.9444321053633778e-5,0.11111087645330679,-0.11110987700567264
21025,0.25,-0.11111095112734284,3.780646998550335e-11,6.148696608672715e-6,1.9105894240408347e-5,0.11111095112734284,-0.11110987735992886
21026,0.1,-0.111111025241029,6.274484629505549e-11,7.921164453226274e-6,1.8881628965402778e-5,0.111111025241029,-0.11110987771025699
21027,0.1,-0.1111110966496104,9.386558716052241e-11,9.688425422147936e-6,1.8733062281600072e-5,0.1111110966496104,-0.11110987805104522
21028,0.1,-0.11111116508761472,1.3091837826858739e-10,1.14419569247829e-5,1.8573247157505264e-5,0.11111116508761472,-0.11110987838137105
21029,0.1,-0.11111123030194138,1.7363626909969948e-10,1.3177111561328586e-5,1.8401791660314688e-5,0.11111123030194138,-0.11110987870033433
21030,0.1,-0.11111129205266068,2.2173644133953408e-10,1.4890817349612952e-5,1.8218420561602068e-5,0.11111129205266068,-0.11110987900706376
21031,0.25,-0.11111134052461809,2.7329601815006296e-10,1.6531667131601184e-5,1.8024549527837103e-5,0.11111134052461809,-0.11110987925223118
21032,0.625,-0.11111135397729464,3.232763379200679e-10,1.7979887038579188e-5,1.7588590746513293e-5,0.11111135397729464,-0.11110987932616108
21033,1.5625,-0.11111127933011844,3.5805071846087033e-10,1.8922228157932942e-5,1.650324751075809e-5,0.11111127933011844,-0.11110987895278293
21034,3.90625,-0.11111100798803378,3.4559600755815734e-10,1.859021268189682e-5,1.3799780132508597e-5,0.11111100798803378,-0.11110987761058165
21035,9.765625,-0.11111044068146982,2.3613802719779884e-10,1.536678324171324e-5,8.086673609079313e-6,0.11111044068146982,-0.11110987518949135
21036,24.4140625,-0.11111010308043714,4.9513339158786696e-11,7.036571548615611e-6,1.1140125771423951e-5,0.11111010308043714,-0.11110987482413988
21037,9.765625,-0.1111103448315036,1.1187055080397017e-11,3.3447055296986933e-6,2.6191488425059224e-5,0.1111103448315036,-0.11110987574750764
21038,3.90625,-0.11111044484749291,2.6547081731745544e-12,1.6293275217630598e-6,2.8849819897440127e-5,0.11111044484749291,-0.1111098766380335
21039,1.5625,-0.11111052518505303,1.1374091043888408e-11,3.3725496354966235e-6,2.869915810546067e-5,0.11111052518505303,-0.11110987744627449
21040,0.625,-0.11111060013009229,3.49504043279022e-11,5.911886697823479e-6,2.8163951900295513e-5,0.11111060013009229,-0.11110987821077661
21041,0.25,-0.11111067335778803,7.282586087790886e-11,8.533806939338906e-6,2.7740299906510798e-5,0.11111067335778803,-0.1111098789574831
21042,0.1,-0.11111074602527081,1.2483104796542427e-10,1.1172781567963471e-5,2.7463970816136016e-5,0.11111074602527081,-0.11110987969769141
21043,0.1,-0.11111081751657485,1.9048805594829588e-10,1.3801741047719157e-5,2.7288276705278414e-5,0.11111081751657485,-0.11110988042014609
21044,0.1,-0.11111088766035955,2.6933314632293807e-10,1.6411372469203727e-5,2.709014718905636e-5,0.11111088766035955,-0.1111098811224267
21045,0.1,-0.11111095628992895,3.6085899481176275e-10,1.899628897473827e-5,2.6869619373331563e-5,0.11111095628992895,-0.11110988180219417
21046,0.1,-0.11111102324371876,4.6451656297497326e-10,2.1552646310255575e-5,2.662679628902686e-5,0.11111102324371876,-0.11110988245720228
21047,0.25,-0.11111108380052845,5.765436667360671e-10,2.4011323718947005e-5,2.63633153938269e-5,0.11111108380052845,-0.1111098829825787
21048,0.625,-0.11111112696693373,6.868686439043125e-10,2.6208178950554967e-5,2.5733715964943828e-5,0.11111112696693373,-0.11110988314226843
21049,1.5625,-0.11111112491210823,7.676550676960921e-10,2.770658888596884e-5,2.4117405864039672e-5,0.11111112491210823,-0.11110988233469252
21050,3.90625,-0.11111101648569933,7.508206608660145e-10,2.7401106927750465e-5,1.99797290959463e-5,0.11111101648569933,-0.11110987939139291
21051,9.765625,-0.1111107217770343,5.210161178194303e-10,2.2825777485540998e-5,1.0500394010661365e-5,0.1111107217770343,-0.11110987397379607
21052,24.4140625,-0.11111040503304508,1.0867567807934578e-10,1.0424762734918516e-5,1.4906605166306965e-5,0.11111040503304508,-0.1111098730801761
21053,9.765625,-0.11111044315837744,2.3511219757948514e-11,4.848836948995967e-6,3.8501168730661234e-5,0.11111044315837744,-0.11110987510028462
21054,3.90625,-0.1111104271348654,3.732323482098304e-12,1.93192222465044e-6,4.262491929035237e-5,0.1111104271348654,-0.11110987705545511
21055,1.5625,-0.11111040684009146,2.2291860058654462e-11,4.721425638369672e-6,4.247076598068614e-5,0.11111040684009146,-0.11110987882897473
21056,0.625,-0.11111038573243753,7.392774861698181e-11,8.59812471513305e-6,4.1712155573741345e-5,0.11111038573243753,-0.11110988050614574
21057,0.25,-0.11111036444520751,1.5744354800845798e-10,1.2547651095263129e-5,4.110852232770216e-5,0.11111036444520751,-0.11110988214501867
21058,0.1,-0.11111034313980322,2.725059992225748e-10,1.650775572943139e-5,4.072000520630688e-5,0.11111034313980322,-0.11110988377097704
21059,0.1,-0.11111032159498742,4.181158587330492e-10,2.044788152188508e-5,4.047915954566416e-5,0.11111032159498742,-0.11110988535944583
21060,0.1,-0.11111029978361614,5.932930811764906e-10,2.4357608281120102e-5,4.020276888903302e-5,0.11111029978361614,-0.1111098869048196
21061,0.1,-0.11111027768068597,7.969567923206966e-10,2.8230423169352186e-5,3.989106709821595e-5,0.11111027768068597,-0.111109888401687
21062,0.1,-0.11111025526348622,1.0279297188316888e-9,3.206134306032248e-5,3.9544352346987225e-5,0.11111025526348622,-0.11110988984485354
21063,0.25,-0.11111023151765267,1.2780022476619263e-9,3.574915730002494e-5,3.9164922210508553e-5,0.11111023151765267,-0.11110989100141276
21064,0.625,-0.11111020426345516,1.5250998801272352e-9,3.905252719258045e-5,3.823300880975626e-5,0.11111020426345516,-0.11110989134561283
21065,1.5625,-0.11111016856900514,1.7079938038825602e-9,4.132788167669086e-5,3.580959827099291e-5,0.11111016856900514,-0.1111098895338392
21066,3.90625,-0.11111011703727984,1.6759998179543344e-9,4.0938976757539197e-5,2.9542744035471227e-5,0.11111011703727984,-0.11110988293776715
21067,9.765625,-0.11111006268299368,1.1698734335227106e-9,3.4203412600539005e-5,1.4684013970012118e-5,0.11111006268299368,-0.11110987071442749
21068,24.4140625,-0.11111016932563737,2.470159604733742e-10,1.5716741407600183e-5,2.0949542399336937e-5,0.11111016932563737,-0.11110986849590793
21069,9.765625,-0.11111032529044322,5.356455475535387e-11,7.3187809610176115e-6,5.7273361334855136e-5,0.11111032529044322,-0.11110987298417654
21070,3.90625,-0.1111104299144579,6.89825954019626e-12,2.626453795557093e-6,6.364816051043789e-5,0.1111104299144579,-0.11110987735794904
21071,1.5625,-0.11111052375589714,4.6488548956163417e-11,6.818251165523562e-6,6.349562320660732e-5,0.11111052375589714,-0.11110988132941493
21072,0.625,-0.1111106143234579,1.604977152242951e-10,1.2668769286094648e-5,6.239438550859416e-5,0.1111106143234579,-0.11110988508523278
21073,0.25,-0.11111070385542528,3.462524445268989e-10,1.8607859751376537e-5,6.150908793671363e-5,0.11111070385542528,-0.11110988875528345
21074,0.1,-0.11111079310203838,6.030345383644113e-10,2.45567615610123e-5,6.093991249201127e-5,0.11111079310203838,-0.11110989239686331
21075,0.1,-0.11111088173845769,9.286652952818645e-10,3.0474010160821705e-5,6.058948349167412e-5,0.11111088173845769,-0.11110989595576026
21076,0.1,-0.11111096964724508,1.3209941750271258e-9,3.6345483557481056e-5,6.0184999340062245e-5,0.11111096964724508,-0.11110989941924139
21077,0.1,-0.11111105671168818,1.7776408192545122e-9,4.2162077976002466e-5,5.9726837874953755e-5,0.11111105671168818,-0.11110990277500972
21078,0.1,-0.11111114281606305,2.296004975635493e-9,4.791664612256885e-5,5.921546396640426e-5,0.11111114281606305,-0.11110990601125176
21079,0.25,-0.11111122499556941,2.8578366237477824e-9,5.3458737580939774e-5,5.865414481227774e-5,0.11111122499556941,-0.11110990860660182
21080,0.625,-0.11111129615645239,3.413949905506622e-9,5.842901595531643e-5,5.726257989478953e-5,0.11111129615645239,-0.1111099093819379
21081,1.5625,-0.11111133768430291,3.827714343158013e-9,6.186852465638738e-5,5.362745030281675e-5,0.11111133768430291,-0.11110990531960868
21082,3.90625,-0.11111130481567079,3.762217407059102e-9,6.133691716298678e-5,4.419207414756501e-5,0.11111130481567079,-0.1111098904964412
21083,9.765625,-0.11111111351471983,2.6349525270514016e-9,5.133178866016069e-5,2.1513034833396474e-5,0.11111111351471983,-0.11110986290886271
21084,24.4140625,-0.11111072065925726,5.625244992792756e-10,2.3717598935796084e-5,3.0435414458740574e-5,0.11111072065925726,-0.11110985757705552
21085,9.765625,-0.1111105756317436,1.2303453633655107e-10,1.1092093415426642e-5,8.562427190572568e-5,0.1111105756317436,-0.11110986761937967
21086,3.90625,-0.11111044308975523,1.447417119413825e-11,3.8044935529105906e-6,9.536709338517382e-5,0.11111044308975523,-0.11110987745607596
21087,1.5625,-0.11111031901501123,1.0040635306318083e-10,1.0020297054637694e-5,9.520906843491446e-5,0.11111031901501123,-0.1111098863964161
21088,0.625,-0.11111019811663941,3.540682571258803e-10,1.881670154745194e-5,9.358595957324949e-5,0.11111019811663941,-0.11110989485180006
21089,0.25,-0.11111007849730646,7.694077850783049e-10,2.773820082626674e-5,9.227044255633387e-5,0.11111007849730646,-0.11110990311337454
21090,0.1,-0.11110995948465803,1.3448067476528827e-9,3.667160683216489e-5,9.142277357868756e-5,0.11110995948465803,-0.11110991131038211
21091,0.1,-0.11110984120434948,2.0754200659422845e-9,4.555677848511991e-5,9.090070177895621e-5,0.11110984120434948,-0.1111099193222079
21092,0.1,-0.11110972374416835,2.9564475856710577e-9,5.437322489673624e-5,9.029717539285591e-5,0.11110972374416835,-0.11110992712008044
21093,0.1,-0.11110960719083159,3.982571325499291e-9,6.310761701648455e-5,8.961277804089897e-5,0.11110960719083159,-0.11110993467621028
21094,0.1,-0.11110949162996987,5.1479777105816455e-9,7.17494091305402e-5,8.884821694280933e-5,0.11110949162996987,-0.11110994196389484
21095,0.25,-0.11110937914214522,6.411888780236689e-9,8.007427040090149e-5,8.80083362427257e-5,0.11110937914214522,-0.11110994781276064
21096,0.625,-0.11110927486370452,7.664300232722955e-9,8.754598924407078e-5,8.592311974662381e-5,0.11110927486370452,-0.11110994957292532
21097,1.5625,-0.11110919289838955,8.599400869843232e-9,9.273295460537873e-5,8.047051710294501e-5,0.11110919289838955,-0.11110994045621159
21098,3.90625,-0.11110917121764838,8.462081399688328e-9,9.198957223342398e-5,6.629665283544941e-5,0.11110917121764838,-0.11110990710529975
21099,9.765625,-0.1111093073644918,5.941815368676532e-9,7.708317176061538e-5,3.198677687160032e-5,0.1111093073644918,-0.1111098448263301
21100,24.4140625,-0.11110995163367261,8.612693308177138e-11,9.280459745172724e-6,4.390943149159064e-5,0.11110995163367261,-0.1111098800903494
21101,9.765625,-0.11111075289874114,9.03672189519536e-11,9.506167416575073e-6,2.521610004230233e-5,0.11111075289874114,-0.11110987954507287
21102,3.90625,-0.11111104466662745,1.032321976688576e-10,1.0160324683240078e-5,1.715748585353356e-5,0.11111104466662745,-0.11110987933793738
21103,1.5625,-0.11111127987858892,1.1953590159429085e-10,1.0933247531922565e-5,1.3752705327338537e-5,0.11111127987858892,-0.11110987930759796
21104,0.625,-0.11111150051767524,1.3879860371917575e-10,1.1781281921725485e-5,1.2266142062209895e-5,0.11111150051767524,-0.11110987935933374
21105,1.5625,-0.11111163040926882,1.5118660918385257e-10,1.2295796402992876e-5,1.1579340963089777e-5,0.11111163040926882,-0.11110987922334722
21106,3.90625,-0.11111151944891559,1.4014888022953138e-10,1.1838449232459941e-5,9.949483471123356e-6,0.11111151944891559,-0.11110987870395907
21107,9.765625,-0.11111093529647781,8.548505006297866e-11,9.245812569102764e-6,7.2726049622259795e-6,0.11111093529647781,-0.11110987787914857
21108,24.4140625,-0.11111023258878668,1.4690890796595002e-11,3.832869786021305e-6,1.0257636210505561e-5,0.11111023258878668,-0.11110987799662388
21109,9.765625,-0.11111052213966849,2.8246101717325066e-12,1.6806576604807139e-6,1.774075130038109e-5,0.11111052213966849,-0.1111098784093494
21110,3.90625,-0.11111061310716443,2.2447799196314367e-12,1.4982589628069765e-6,1.865543681853856e-5,0.11111061310716443,-0.1111098787662587
21111,1.5625,-0.11111068007290108,8.042717049082358e-12,2.8359684499448083e-6,1.827298489305178e-5,0.11111068007290108,-0.11110987908505593
21112,0.625,-0.11111074096987261,1.9430781330849326e-11,4.408035994731591e-6,1.7825340869147686e-5,0.11111074096987261,-0.11110987938688195
21113,0.25,-0.11111080003980592,3.6235376216949495e-11,6.019582727810084e-6,1.7513409768281487e-5,0.11111080003980592,-0.11110987968250483
21114,0.1,-0.11111085854229846,5.839989634212468e-11,7.641982487687647e-6,1.7318598771273075e-5,0.11111085854229846,-0.11110987997603204
21115,0.1,-0.1111109149518682,8.569785346380854e-11,9.25731351223499e-6,1.7196671733877214e-5,0.1111109149518682,-0.11110988026198236
21116,0.1,-0.11111096904260649,1.1792812629691309e-10,1.0859471731945025e-5,1.706273483228917e-5,0.11111096904260649,-0.11110988053951097
21117,0.1,-0.11111102059833013,1.5487415792092395e-10,1.2444844632253307e-5,1.6916671584642256e-5,0.11111102059833013,-0.11110988080780079
21118,0.1,-0.11111106941327063,1.963047373046927e-10,1.401087924809477e-5,1.6758437126995074e-5,0.11111106941327063,-0.11110988106606665
21119,0.25,-0.11111110775072114,2.4056086111506976e-10,1.5510024536249767e-5,1.6589230263160058e-5,0.11111110775072114,-0.11110988127102131
21120,0.625,-0.11111111828876115,2.832904607659083e-10,1.6831234677405823e-5,1.6192593335662988e-5,0.11111111828876115,-0.11110988132727703
21121,1.5625,-0.11111105847184824,3.126975838522158e-10,1.768325716185273e-5,1.5189513873952945e-5,0.11111105847184824,-0.11110988099545105
21122,3.90625,-0.11111084043380076,3.00916455571675e-10,1.7346943695408567e-5,1.268373843602488e-5,0.11111084043380076,-0.11110987982564258
21123,9.765625,-0.11111038102850275,2.042600389544284e-10,1.429195714219814e-5,7.4828430611895685e-6,0.11111038102850275,-0.11110987774108588
21124,24.4140625,-0.11111010286625175,4.164261540506459e-11,6.453108972043211e-6,1.091851613663007e-5,0.11111010286625175,-0.11110987750093014
21125,9.765625,-0.11111032997251702,9.06861072898016e-12,3.011413410506794e-6,2.4752356631648054e-5,0.11111032997251702,-0.11110987832440973
21126,3.90625,-0.11111042903075248,2.3123988315618197e-12,1.5206573682331664e-6,2.712988440743379e-5,0.11111042903075248,-0.11110987910848266
21127,1.5625,-0.1111105103057179,1.0617427068930139e-11,3.2584393609410837e-6,2.695349038829964e-5,0.1111105103057179,-0.11110987981891568
21128,0.625,-0.1111105866560969,3.194557686364282e-11,5.65204183137765e-6,2.6445327161214713e-5,0.1111105866560969,-0.11110988049141486
21129,0.25,-0.11111066143208807,6.583685450112054e-11,8.1139912805672e-6,2.6052083730844084e-5,0.11111066143208807,-0.11110988114903973
21130,0.1,-0.11111073569363598,1.121613331213048e-10,1.0590624774832918e-5,2.5800442836911923e-5,0.11111073569363598,-0.11110988180165265
21131,0.1,-0.11111080885918893,1.7050517939602725e-10,1.3057763185018605e-5,2.5644068510013167e-5,0.11111080885918893,-0.11110988243903684
21132,0.1,-0.11111088077036858,2.4046928381929813e-10,1.5507072058235175e-5,2.5466048684917422e-5,0.11111088077036858,-0.11110988305901746
21133,0.1,-0.11111095127305935,3.2161490776131316e-10,1.7933625059126033e-5,2.5266486050323763e-5,0.11111095127305935,-0.11110988365949552
21134,0.1,-0.11111102021783653,4.1346541416498213e-10,2.033384897566081e-5,2.504553513055079e-5,0.11111102021783653,-0.11110988423845586
21135,0.25,-0.11111108321637239,5.126743841868693e-10,2.264231402014532e-5,2.4804634848511853e-5,0.11111108321637239,-0.11110988470267588
21136,0.625,-0.11111113005533615,6.102758913261675e-10,2.470376269571434e-5,2.4218227758580175e-5,0.11111113005533615,-0.11110988484266136
21137,1.5625,-0.11111113485767246,6.814904337074406e-10,2.6105371740456802e-5,2.2702051691516675e-5,0.11111113485767246,-0.11110988412506172
21138,3.90625,-0.11111104053910463,6.657639194236055e-10,2.580240142745643e-5,1.881492432128961e-5,0.11111104053910463,-0.11110988151643189
21139,9.765625,-0.11111077052649715,4.6082320094690607e-10,2.1466792982346153e-5,9.961239853102918e-6,0.11111077052649715,-0.11110987673096921
21140,24.4140625,-0.11111046240751424,9.546187464958988e-11,9.770459285498808e-6,1.4270326382521306e-5,0.11111046240751424,-0.11110987598141461
21141,9.765625,-0.11111047758912532,2.0654430170068408e-11,4.544714531196476e-6,3.629563230037611e-5,0.11111047758912532,-0.11110987777303301
21142,3.90625,-0.11111045029798149,3.5338364896879685e-12,1.8798501242620298e-6,4.013340940068128e-5,0.11111045029798149,-0.11110987950328365
21143,1.5625,-0.11111042008281154,2.02823951704074e-11,4.5035980249582e-6,3.997829784652112e-5,0.11111042008281154,-0.11110988107292386
21144,0.625,-0.1111103894361767,6.628620587296998e-11,8.141634103358489e-6,3.9265227085809735e-5,0.1111103894361767,-0.11110988255801396
21145,0.25,-0.11111035873104862,1.4051028523057493e-10,1.1853703439456166e-5,3.8701583138748336e-5,0.11111035873104862,-0.11110988400990615
21146,0.1,-0.11111032804475814,2.4267726124064635e-10,1.5578101978118077e-5,3.8341462349570905e-5,0.11111032804475814,-0.11110988545097095
21147,0.1,-0.11111029719959387,3.7191038221549206e-10,1.928497814920961e-5,3.8120516910250295e-5,0.11111029719959387,-0.11110988685925013
21148,0.1,-0.11111026618085502,5.273518436726465e-10,2.2964142563410603e-5,3.786586907489538e-5,0.11111026618085502,-0.11110988822974788
21149,0.1,-0.11111023497560069,7.080533196229861e-10,2.6609271309507635e-5,3.757775531704231e-5,0.11111023497560069,-0.11110988955764133
21150,0.1,-0.11111020357277407,9.129799092777511e-10,3.0215557404717047e-5,3.725647018251146e-5,0.11111020357277407,-0.1111098908382987
21151,0.25,-0.1111101712984101,1.1348287888114284e-9,3.368721996264204e-5,3.6904064042958136e-5,0.1111101712984101,-0.11110989186490722
21152,0.625,-0.11111013676288216,1.3539506296987334e-9,3.679606812824888e-5,3.603078684578256e-5,0.11111013676288216,-0.11110989217080995
21153,1.5625,-0.11111009701886794,1.515844255854672e-9,3.893384460664875e-5,3.375214361097539e-5,0.11111009701886794,-0.11110989056399516
21154,3.90625,-0.11111004894593074,1.4864847234293493e-9,3.8554957183601556e-5,2.7856336486003654e-5,0.11111004894593074,-0.11110988471617397
21155,9.765625,-0.1111100107930933,1.0359374960450111e-9,3.218598291251972e-5,1.3932558471247645e-5,0.1111100107930933,-0.11110987389929486
21156,24.4140625,-0.11111013505302997,2.1797773095225534e-10,1.4764068915859725e-5,1.993667189235628e-5,0.11111013505302997,-0.11110987198134843
21157,9.765625,-0.11111029161651942,4.74650223704782e-11,6.889486364779177e-6,5.392688124555896e-5,0.11111029161651942,-0.11110987595349056
21158,3.90625,-0.1111103991501836,6.649970279033265e-12,2.5787536289908084e-6,5.988752345981684e-5,0.1111103991501836,-0.1111098798208698
21159,1.5625,-0.11111049618750121,4.2086584861308274e-11,6.48741742616492e-6,5.973541715196535e-5,0.11111049618750121,-0.11110988333310177
21160,0.625,-0.11111058999158056,1.433533144076024e-10,1.1973024446964202e-5,5.870014768290309e-5,0.11111058999158056,-0.11110988665571452
21161,0.25,-0.11111068275858099,3.081159578318478e-10,1.7553232119237977e-5,5.787123086703731e-5,0.11111068275858099,-0.11110988990346443
21162,0.1,-0.11111077522927025,5.35762786567455e-10,2.314655020877744e-5,5.734076627423838e-5,0.11111077522927025,-0.1111098931268794
21163,0.1,-0.11111086711573999,8.243754968002907e-10,2.87119399692931e-5,5.701635269698471e-5,0.11111086711573999,-0.11110989627768744
21164,0.1,-0.1111109583042238,1.172064038340131e-9,3.423542081441575e-5,5.6640860810115076e-5,0.1111109583042238,-0.11110989934457792
21165,0.1,-0.11111104868164458,1.5767333057299903e-9,3.970810126069982e-5,5.6214654627827044e-5,0.11111104868164458,-0.11110990231662522
21166,0.1,-0.11111113813585782,2.036091938100452e-9,4.51230754503774e-5,5.573817883109114e-5,0.11111113813585782,-0.11110990518333091
21167,0.25,-0.11111122384539059,2.5339348410538205e-9,5.033820458711078e-5,5.5214391333689124e-5,0.11111122384539059,-0.11110990748242514
21168,0.625,-0.11111129903342715,3.026570295359146e-9,5.501427356022386e-5,5.390837694724489e-5,0.11111129903342715,-0.11110990816872647
21169,1.5625,-0.11111134586609477,3.392635805493016e-9,5.824633727105092e-5,5.048925351712816e-5,0.11111134586609477,-0.11110990456829112
21170,3.90625,-0.11111132120302368,3.33304061034285e-9,5.7732491807844655e-5,4.161101340035408e-5,0.11111132120302368,-0.11110989143816535
21171,9.765625,-0.1111111425014531,2.331730604848859e-9,4.828799648824601e-5,2.0320204162741013e-5,0.1111111425014531,-0.11110986703462261
21172,24.4140625,-0.11111075727274414,4.966208166246864e-10,2.2284990837437796e-5,2.884523894448777e-5,0.11111075727274414,-0.11110986238732894
21173,9.765625,-0.11111060663576487,1.0898058982051673e-10,1.0439376888517663e-5,8.056686542022539e-5,0.11111060663576487,-0.11110987126733482
21174,3.90625,-0.1111104714246579,1.3711084689290434e-11,3.70284818609816e-6,8.96924144300192e-5,0.1111104714246579,-0.11110987996054351
21175,1.5625,-0.11111034491693153,9.033222129534989e-11,9.50432645142989e-6,8.953503941950701e-5,0.11111034491693153,-0.11110988786254454
21176,0.625,-0.11111022163646268,3.152618790810837e-10,1.775561542389009e-5,8.800947388270375e-5,0.11111022163646268,-0.11110989533763418
21177,0.25,-0.11111009963502375,6.831994015179448e-10,2.6138083355861133e-5,8.677659658743654e-5,0.11111009963502375,-0.1111099026430021
21178,0.1,-0.11110997822243002,1.1927536212162467e-9,3.453626530498407e-5,8.59849024985417e-5,0.11110997822243002,-0.11110990989267644
21179,0.1,-0.11110985751405762,1.8396564666137743e-9,4.289121666045129e-5,8.549976273307086e-5,0.11110985751405762,-0.11110991697951401
21180,0.1,-0.11110973760007033,2.6196851909261134e-9,5.118286032380482e-5,8.493779255056163e-5,0.11110973760007033,-0.11110992387800393
21181,0.1,-0.11110961856963152,3.5281563153576454e-9,5.93982854580639e-5,8.429954179005431e-5,0.11110961856963152,-0.11110993056349903
21182,0.1,-0.11110950051087605,4.559945283633046e-9,6.752736692358917e-5,8.358567635536742e-5,0.11110950051087605,-0.11110993701231181
21183,0.25,-0.1111093855217242,5.6788963754883356e-9,7.535845258156735e-5,8.280060890227025e-5,0.1111093855217242,-0.11110994218786599
21184,0.625,-0.11110927879166697,6.7874429534300256e-9,8.238593905169756e-5,8.084287185900434e-5,0.11110927879166697,-0.11110994374365256
21185,1.5625,-0.11110919455191502,7.614358566516731e-9,8.7260292037769e-5,7.571492463647482e-5,0.11110919455191502,-0.11110993567014638
21186,3.90625,-0.11110917091229557,7.490226250228831e-9,8.654609321181882e-5,6.238025817993453e-5,0.11110917091229557,-0.11110990615146855
21187,9.765625,-0.11110930446030964,5.255065895088659e-9,7.24918332992666e-5,3.0149129175808944e-5,0.11110930446030964,-0.11110985108438476
21188,24.4140625,-0.11110993066827786,7.71401065719024e-11,8.782944072001279e-6,4.155353312366725e-5,0.11110993066827786,-0.11110988232822828
21189,9.765625,-0.11111072745648864,8.068640913672964e-11,8.982561390646302e-6,2.397384916549262e-5,0.11111072745648864,-0.1111098818499353
21190,3.90625,-0.11111102211587386,9.224498950896334e-11,9.6044255168627e-6,1.643819001614561e-5,0.11111102211587386,-0.11110988167224445
21191,1.5625,-0.11111125981044842,1.0697250167498006e-10,1.0342751165670576e-5,1.3254166307059275e-5,0.11111125981044842,-0.11110988165141923
21192,0.625,-0.11111148277591051,1.2443509846914884e-10,1.1155048115949516e-5,1.1862390803354715e-5,0.11111148277591051,-0.11110988170356437
21193,1.5625,-0.11111161590366544,1.3576289876373427e-10,1.1651733723516612e-5,1.1218287673446449e-5,0.11111161590366544,-0.11110988158659914
21194,3.90625,-0.11111150996001405,1.259256627504882e-10,1.1221660427516428e-5,9.69132624311932e-6,0.11111150996001405,-0.11110988112399801
21195,9.765625,-0.11111093207226513,7.65772047934515e-11,8.750840233569088e-6,7.191744539329129e-6,0.11111093207226513,-0.11110988038780875
21196,24.4140625,-0.11111022676270058,1.305394535622393e-11,3.6130244057055483e-6,9.897245251332872e-6,0.11111022676270058,-0.11110988049891123
21197,9.765625,-0.11111052040418673,2.5636718915099834e-12,1.6011470549296786e-6,1.683624052931097e-5,0.11111052040418673,-0.11110988086872393
21198,3.90625,-0.11111061517276223,2.1527318732726095e-12,1.4672190951840184e-6,1.7671364222276224e-5,0.11111061517276223,-0.11110988118790727
21199,1.5625,-0.11111068577024598,7.408856080382655e-12,2.721921394967653e-6,1.730149959084163e-5,0.11111068577024598,-0.11110988147322572
21200,0.625,-0.11111075022778934,1.7635010383472542e-11,4.19940595602194e-6,1.6877187577427767e-5,0.11111075022778934,-0.11110988174359673
21201,0.25,-0.11111081283181481,3.267928373856164e-11,5.716579723800031e-6,1.6583239786981416e-5,0.11111081283181481,-0.11110988200856779
21202,0.1,-0.11111087485847408,5.249283967072865e-11,7.245194246583638e-6,1.6400444498165677e-5,0.11111087485847408,-0.11110988227175499
21203,0.1,-0.11111093477782481,7.687252357063939e-11,8.767697734903924e-6,1.628653576290485e-5,0.11111093477782481,-0.11110988252821422
21204,0.1,-0.11111099236146756,1.0563861769981287e-10,1.0278064881085976e-5,1.616130863488952e-5,0.11111099236146756,-0.11110988277719194
21205,0.1,-0.11111104739071259,1.3859752547535945e-10,1.177274502719563e-5,1.6024661978521567e-5,0.11111104739071259,-0.11110988301795965
21206,0.1,-0.11111109965726962,1.7554248418415562e-10,1.3249244664665062e-5,1.5876562370249027e-5,0.11111109965726962,-0.11110988324981855
21207,0.25,-0.11111114136605547,2.1498077391278664e-10,1.466222267982541e-5,1.5718130629910217e-5,0.11111114136605547,-0.11110988343409971
21208,0.625,-0.11111115505004153,2.529986138297151e-10,1.5905930146637607e-5,1.534573068080866e-5,0.11111115505004153,-0.11110988348570218
21209,1.5625,-0.11111109774838106,2.790002188410117e-10,1.6703299639323115e-5,1.4403703997362112e-5,0.11111109774838106,-0.1111098831913673
21210,3.90625,-0.11111088046185286,2.680294902601826e-10,1.637160622114344e-5,1.2056859488108398e-5,0.11111088046185286,-0.11110988215191207
21211,9.765625,-0.11111041691169254,1.8131429528029656e-10,1.3465299672873848e-5,7.257063746677086e-6,0.11111041691169254,-0.11110988030652628
21212,24.4140625,-0.11111012234456961,3.672822941899114e-11,6.06038195322631e-6,1.0525197388570289e-5,0.11111012234456961,-0.111109880110664
21213,9.765625,-0.11111034082518735,8.022726660891593e-12,2.832441819506906e-6,2.3392302539237222e-5,0.11111034082518735,-0.1111098808440852
21214,3.90625,-0.11111043382668974,2.1957492013328684e-12,1.4818060606344098e-6,2.559723224174482e-5,0.11111043382668974,-0.11110988154073163
21215,1.5625,-0.11111050946131923,9.704965298503627e-12,3.1152793291298336e-6,2.5419819262212478e-5,0.11111050946131923,-0.11110988217195027
21216,0.625,-0.11111058030519591,2.8751009781976153e-11,5.361996809209807e-6,2.493781024314866e-5,0.11111058030519591,-0.11110988276965908
21217,0.25,-0.1111106496192426,5.892951686198035e-11,7.676556315300523e-6,2.456672295111869e-5,0.1111106496192426,-0.11110988335429796
21218,0.1,-0.11111071843285436,1.00126986335461e-10,1.0006347302360687e-5,2.432987853236631e-5,0.11111071843285436,-0.11110988393457355
21219,0.1,-0.11111078617960878,1.5197451370246388e-10,1.2327794356755952e-5,2.41830263867741e-5,0.11111078617960878,-0.11110988450134399
21220,0.1,-0.11111085270592604,2.141173691134421e-10,1.4632749882145943e-5,2.4015834783660667e-5,0.11111085270592604,-0.11110988505268256
21221,0.1,-0.11111091786242856,2.861655824205884e-10,1.691642936380454e-5,2.3828401715804226e-5,0.11111091786242856,-0.11110988558672905
21222,0.1,-0.11111098150436859,3.6769548712979314e-10,1.9175387535322282e-5,2.3620874750905294e-5,0.11111098150436859,-0.11110988610169827
21223,0.25,-0.1111110393696715,4.5572253821001057e-10,2.1347658846112623e-5,2.339459972484358e-5,0.1111110393696715,-0.11110988651474944
21224,0.625,-0.11111108154478991,5.422537195874041e-10,2.3286341910815534e-5,2.2843264847641026e-5,0.11111108154478991,-0.11110988663986342
21225,1.5625,-0.11111108293728811,6.052104825954972e-10,2.460102604761633e-5,2.1417806620250037e-5,0.11111108293728811,-0.11110988600380554
21226,3.90625,-0.11111098835826146,5.907047802065816e-10,2.430441894402295e-5,1.7767996837007546e-5,0.11111098835826146,-0.11110988369147722
21227,9.765625,-0.11111072495828414,4.080520880747837e-10,2.0200299207555904e-5,9.518813636959286e-6,0.11111072495828414,-0.11110987945927243
21228,24.4140625,-0.1111104341510386,8.4106764188337e-11,9.170974004343105e-6,1.3641197620345673e-5,0.1111104341510386,-0.11110987882150074
21229,9.765625,-0.11111045922627724,1.8227390665915623e-11,4.2693548301723085e-6,3.4206889378423356e-5,0.11111045922627724,-0.11110988041020674
21230,3.90625,-0.11111044026831948,3.339034270005746e-12,1.8273024571771762e-6,3.778158222212068e-5,0.11111044026831948,-0.11110988194162799
21231,1.5625,-0.11111041783517903,1.838886457247991e-11,4.288223941503045e-6,3.762332844975247e-5,0.11111041783517903,-0.11110988333070539
21232,0.625,-0.1111103947745516,5.930821929598993e-11,7.701182980295297e-6,3.694843815875871e-5,0.1111103947745516,-0.11110988464516383
21233,0.25,-0.11111037158304979,1.2518736722517076e-10,1.1188716066876072e-5,3.641711017936162e-5,0.11111037158304979,-0.11110988593043736
21234,0.1,-0.1111103483817771,2.1578395370203881e-10,1.4689586573557433e-5,3.607831693318241e-5,0.1111103483817771,-0.1111098872062631
21235,0.1,-0.11111032498984826,3.303194077405058e-10,1.817469140702273e-5,3.587082635603701e-5,0.11111032498984826,-0.11110988845308158
21236,0.1,-0.11111030138695284,4.680337419622298e-10,2.1634087500105702e-5,3.56316426028557e-5,0.11111030138695284,-0.11110988966647331
21237,0.1,-0.11111027755458402,6.280866784724881e-10,2.506165753641383e-5,3.53609892622488e-5,0.11111027755458402,-0.1111098908421717
21238,0.1,-0.11111025347616627,8.095611538448908e-10,2.8452788155906457e-5,3.505914511529641e-5,0.11111025347616627,-0.1111098919760798
21239,0.25,-0.1111102283574218,1.0059682741961474e-9,3.171700291950908e-5,3.4728025196692785e-5,0.1111102283574218,-0.11110989288490757
21240,0.625,-0.11111020050777443,1.199853585896126e-9,3.463890278135446e-5,3.390680853839761e-5,0.11111020050777443,-0.11110989315530097
21241,1.5625,-0.11111016615514785,1.3428211748658182e-9,3.664452448682911e-5,3.1763789043778856e-5,0.11111016615514785,-0.11110989173195443
21242,3.90625,-0.1111101199935216,1.3159547334835402e-9,3.627609038310965e-5,2.62224854665024e-5,0.1111101199935216,-0.11110988655656953
21243,9.765625,-0.11111007490156255,9.1573425052608e-10,3.0261101277482945e-5,1.3191348347842382e-5,0.11111007490156255,-0.1111098770011549
21244,24.4140625,-0.11111017297512962,1.918925916199152e-10,1.38525301522832e-5,1.894267084073276e-5,0.11111017297512962,-0.11110987534926928
21245,9.765625,-0.11111031489405228,4.178351644657351e-11,6.464017051847365e-6,5.074233064937127e-5,0.11111031489405228,-0.11110987886306688
21246,3.90625,-0.11111041077246948,6.174652714571909e-12,2.4848848493585996e-6,5.630627329227955e-5,0.11111041077246948,-0.11110988227872917
21247,1.5625,-0.11111049699227561,3.788756500834411e-11,6.155287565040654e-6,5.614888590567804e-5,0.11111049699227561,-0.11110988538003577
21248,0.625,-0.1111105802546727,1.2773853222789735e-10,1.1302147239701727e-5,5.5170592531538255e-5,0.1111105802546727,-0.11110988831407864
21249,0.25,-0.11111066256950793,2.736759948352166e-10,1.654315552835119e-5,5.438984275709591e-5,0.11111066256950793,-0.11110989118228723
21250,0.1,-0.11111074461233438,4.751651632679523e-10,2.179828349361372e-5,5.389102092645765e-5,0.11111074461233438,-0.11110989402922228
21251,0.1,-0.11111082610867327,7.305066904175098e-10,2.702788727254703e-5,5.3586418105754376e-5,0.11111082610867327,-0.1111098968120157
21252,0.1,-0.11111090695430902,1.0380292573135308e-9,3.221846143616313e-5,5.3233787842754736e-5,0.11111090695430902,-0.11110989952067378
21253,0.1,-0.11111098704572919,1.3958799947529758e-9,3.736147741662495e-5,5.2833472608888237e-5,0.11111098704572919,-0.11110990214554421
21254,0.1,-0.11111106628035561,1.8020322786104003e-9,4.245035074779006e-5,5.2385891256024746e-5,0.11111106628035561,-0.1111099046773515
21255,0.25,-0.11111114205021697,2.242120995709583e-9,4.735104006998772e-5,5.189380448024891e-5,0.11111114205021697,-0.11110990670712788
21256,0.625,-0.11111120810450323,2.6774229879845003e-9,5.174382077103024e-5,5.066588192732702e-5,0.11111120810450323,-0.11110990731058494
21257,1.5625,-0.11111124802597898,3.000405474930484e-9,5.477595708821968e-5,4.7450658040726186e-5,0.11111124802597898,-0.11110990412401348
21258,3.90625,-0.11111122227237029,2.9462196897676527e-9,5.427909072347889e-5,3.9104572667682775e-5,0.11111122227237029,-0.111109892517892
21259,9.765625,-0.11111105620892243,2.0587311265179173e-9,4.5373242406928746e-5,1.9136091139250373e-5,0.11111105620892243,-0.11110987097985336
21260,24.4140625,-0.1111107084057408,4.370000093546741e-10,2.0904545184114245e-5,2.7297906015840564e-5,0.1111107084057408,-0.11110986695277515
21261,9.765625,-0.1111105765604487,9.581565522635778e-11,9.788547145841296e-6,7.573869298509129e-5,0.1111105765604487,-0.1111098747968711
21262,3.90625,-0.11111045704565671,1.2533126701771843e-11,3.540215629276251e-6,8.426801746276183e-5,0.11111045704565671,-0.11110988246559449
21263,1.5625,-0.11111034514022408,8.088711273977875e-11,8.99372629891408e-6,8.41031813482626e-5,0.11111034514022408,-0.11110988943471062
21264,0.625,-0.11111023607098036,2.801063704148202e-10,1.6736378652947004e-5,8.266363483369961e-5,0.11111023607098036,-0.11110989602741835
21265,0.25,-0.11111012812759918,6.055324634176285e-10,2.460756923017039e-5,8.150336469538989e-5,0.11111012812759918,-0.11110990247085763
21266,0.1,-0.11111002070305087,1.0559486372337182e-9,3.249536331899858e-5,8.075931969223547e-5,0.11111002070305087,-0.11110990886555466
21267,0.1,-0.1111099139024181,1.6275806917012237e-9,4.0343285583864184e-5,8.0303975817236e-5,0.1111099139024181,-0.11110991511655605
21268,0.1,-0.11110980780562141,2.3166996717894217e-9,4.8132106454937346e-5,7.977640342303667e-5,0.11110980780562141,-0.11110992120134228
21269,0.1,-0.11110970249177181,3.1191691651039084e-9,5.58495225145561e-5,7.917711931178855e-5,0.11110970249177181,-0.11110992709815563
21270,0.1,-0.11110959803914551,4.030462685881417e-9,6.34859251006191e-5,7.850674983664415e-5,0.11110959803914551,-0.11110993278608547
21271,0.25,-0.11110949631008585,5.018582141692745e-9,7.084195184841215e-5,7.776941388421039e-5,0.11110949631008585,-0.1111099373491946
21272,0.625,-0.11110940191243408,5.9971920348203175e-9,7.744153946571774e-5,7.59293643971515e-5,0.11110940191243408,-0.11110993871472281
21273,1.5625,-0.11110932749225261,6.726335796799712e-9,8.201424142671632e-5,7.110871915839353e-5,0.11110932749225261,-0.11110993157590278
21274,3.90625,-0.11110930697019354,6.6140534351914076e-9,8.132683096734685e-5,5.85752144490822e-5,0.11110930697019354,-0.11110990550775962
21275,9.765625,-0.11110942660369375,4.63606875046192e-9,6.808868298375229e-5,2.8320749791443173e-5,0.11110942660369375,-0.11110985693898928
21276,24.4140625,-0.11110999759584467,6.846949574648098e-11,8.27462964406752e-6,3.924546431623738e-5,0.11110999759584467,-0.11110988458803812
21277,9.765625,-0.11111070161221884,7.17372572386625e-11,8.469784958230197e-6,2.263652107594139e-5,0.11111070161221884,-0.11110988416159273
21278,3.90625,-0.11111095990810248,8.191658837588479e-11,9.050778329839085e-6,1.5572578328832228e-5,0.11111095990810248,-0.11110988400659011
21279,1.5625,-0.1111111681106979,9.489627345639304e-11,9.741471832140821e-6,1.2608650017593774e-5,0.1111111681106979,-0.11110988399140771
21280,0.625,-0.11111136339082565,1.1028882883677994e-10,1.05018488294576e-5,1.1319030704736964e-5,0.11111136339082565,-0.11110988404109948
21281,1.5625,-0.11111147907835035,1.2028927928229292e-10,1.0967646934611494e-5,1.0723370716784367e-5,0.11111147907835035,-0.11110988394111332
21282,3.90625,-0.11111138324678353,1.1168608734851818e-10,1.0568163858898014e-5,9.317629279414199e-6,0.11111138324678353,-0.1111098835346564
21283,9.765625,-0.11111087098903599,6.811020388960756e-11,8.252890638413158e-6,7.033382328123247e-6,0.11111087098903599,-0.1111098828832879
21284,24.4140625,-0.11111025157083206,1.1543383298995922e-11,3.3975554887294955e-6,9.507652007865659e-6,0.11111025157083206,-0.11110988298637205
21285,9.765625,-0.11111050981788591,2.3395221823798907e-12,1.5295496665292993e-6,1.594514261675206e-5,0.11111050981788591,-0.11110988331574607
21286,3.90625,-0.1111105917998899,2.005054386667396e-12,1.4159994303202936e-6,1.671918926692794e-5,0.1111105917998899,-0.1111098836008727
21287,1.5625,-0.11111065254053427,6.681457108348854e-12,2.5848514673669074e-6,1.637116221325536e-5,0.11111065254053427,-0.11110988385622929
21288,0.625,-0.1111107079011853,1.5753859477926035e-11,3.9691131853256635e-6,1.5973887031666487e-5,0.1111107079011853,-0.1111098840984704
21289,0.25,-0.1111107616405501,2.9088520383995043e-11,5.3933774561025345e-6,1.5699193076014574e-5,0.1111107616405501,-0.1111098843359961
21290,0.1,-0.11111081487571656,4.664268987207202e-11,6.8295453634976335e-6,1.5528669298199356e-5,0.11111081487571656,-0.11110988457198162
21291,0.1,-0.1111108662537011,6.82373161488774e-11,8.260588123667551e-6,1.5422618253300988e-5,0.1111108662537011,-0.11110988480202436
21292,0.1,-0.11111091557409021,9.371389525388449e-11,9.680593744904519e-6,1.530597566977851e-5,0.11111091557409021,-0.11110988502545678
21293,0.1,-0.11111096264508895,1.229016096258933e-10,1.1086099838351326e-5,1.5178651602634174e-5,0.11111096264508895,-0.11110988524163315
21294,0.1,-0.1111110072841211,1.5561795192791773e-10,1.2474692458249931e-5,1.5040619575723488e-5,0.1111110072841211,-0.1111098854499334
21295,0.25,-0.111111042628306,1.9054389347681383e-10,1.3803763743154033e-5,1.4892922392232622e-5,0.111111042628306,-0.11110988561608877
21296,0.625,-0.11111105331051857,2.2421908132619088e-10,1.4973946751814995e-5,1.4545270322160778e-5,0.11111105331051857,-0.11110988566469365
21297,1.5625,-0.1111110015671203,2.472671279528066e-10,1.5724729821297618e-5,1.3665743109184728e-5,0.1111110015671203,-0.11110988540675491
21298,3.90625,-0.1111108093468082,2.3756289929904787e-10,1.5413075595060444e-5,1.1478254425239568e-5,0.1111108093468082,-0.11110988448843517
21299,9.765625,-0.1111104021563559,1.6060560589724223e-10,1.2673026706246707e-5,7.048658292274289e-6,0.1111104021563559,-0.11110988285707825
21300,24.4140625,-0.11111015072649785,3.240459775077807e-11,5.692503645214298e-6,1.0098515958726983e-5,0.11111015072649785,-0.11110988269326197
21301,9.765625,-0.11111034638272661,7.14622599962059e-12,2.6732426002180555e-6,2.2088737938124424e-5,0.11111034638272661,-0.11110988334481622
21302,3.90625,-0.11111043055703132,2.083725758183202e-12,1.4435116065287463e-6,2.413920637976682e-5,0.11111043055703132,-0.1111098839632507
21303,1.5625,-0.11111049928084465,8.807167101874074e-12,2.967687163747903e-6,2.3966252589297643e-5,0.11111049928084465,-0.11110988452390351
21304,0.625,-0.11111056373629417,2.573088756148698e-11,5.0725622284489505e-6,2.3511871055695433e-5,0.11111056373629417,-0.111109885055058
21305,0.25,-0.1111106268275755,5.249966771950992e-11,7.245665443526213e-6,2.3163251072158088e-5,0.1111106268275755,-0.11110988557475635
21306,0.1,-0.11111068947225704,8.901443584247034e-11,9.434746199155032e-6,2.2941219238847738e-5,0.11111068947225704,-0.11110988609066338
21307,0.1,-0.11111075116553258,1.3494824949279538e-10,1.1616722837908951e-5,2.2803849931577045e-5,0.11111075116553258,-0.11110988659463601
21308,0.1,-0.11111081177036884,1.8998730990212054e-10,1.3783588426172647e-5,2.2647389217214077e-5,0.11111081177036884,-0.11110988708496891
21309,0.1,-0.11111087115344791,2.5378657145746043e-10,1.593068019443804e-5,2.2471932431979676e-5,0.11111087115344791,-0.11110988756001601
21310,0.1,-0.11111092918555342,3.2597111013380065e-10,1.8054670036691356e-5,2.227762179363323e-5,0.11111092918555342,-0.1111098880181972
21311,0.25,-0.11111098206563351,4.0389254289736365e-10,2.0097077969131823e-5,2.2065712802300328e-5,0.11111098206563351,-0.11110988838610747
21312,0.625,-0.11111102095044416,4.804590271566355e-10,2.1919375610555962e-5,2.1548713850116352e-5,0.11111102095044416,-0.11110988849899353
21313,1.5625,-0.11111102344851984,5.360844390255869e-10,2.3153497338967755e-5,2.0211804082902485e-5,0.11111102344851984,-0.111109887937881
21314,3.90625,-0.11111094026034042,5.229825905733507e-10,2.2868812618353204e-5,1.6792525517629194e-5,0.11111094026034042,-0.11110988589345183
21315,9.765625,-0.11111070594067632,3.608533940251571e-10,1.8996141556251813e-5,9.120408925809324e-6,0.11111070594067632,-0.11110988215511618
21316,24.4140625,-0.11111044402479764,7.414876916892693e-11,8.610967957722694e-6,1.3011283051199886e-5,0.11111044402479764,-0.11110988160696825
21317,9.765625,-0.11111046228193457,1.612670204625714e-11,4.015806525003058e-6,3.222079155322072e-5,0.11111046228193457,-0.11110988301393426
21318,3.90625,-0.11111044214521977,3.127367467904658e-12,1.7684364472337303e-6,3.555686806347828e-5,0.11111044214521977,-0.11110988436879954
21319,1.5625,-0.11111041917845953,1.6567629296151864e-11,4.070335280557593e-6,3.540059888181434e-5,0.11111041917845953,-0.11110988559786932
21320,0.625,-0.1111103957412827,5.286118032488917e-11,7.270569463590123e-6,3.4764186835041797e-5,0.1111103957412827,-0.11110988676118054
21321,0.25,-0.11111037221837132,1.112083792247629e-10,1.0545538356326949e-5,3.4264581691091714e-5,0.11111037221837132,-0.11110988789885522
21322,0.1,-0.11111034869750229,1.9139751073927481e-10,1.3834648919986182e-5,3.394656008872997e-5,0.11111034869750229,-0.1111098890282893
21323,0.1,-0.11111032501880981,2.9273938165745146e-10,1.7109628331949572e-5,3.3752136794033266e-5,0.11111032501880981,-0.11110989013210879
21324,0.1,-0.11111030116687724,4.1456227963173726e-10,2.03608025291671e-5,3.3527928895197326e-5,0.11111030116687724,-0.11110989120640695
21325,0.1,-0.11111027712788789,5.561233704518772e-10,2.358226813628997e-5,3.32741489821075e-5,0.11111027712788789,-0.11110989224741108
21326,0.1,-0.11111025288973679,7.16611803582771e-10,2.676960596614696e-5,3.299106178365009e-5,0.11111025288973679,-0.11110989325149978
21327,0.25,-0.11111022780045544,8.902767285809032e-10,2.9837505401439028e-5,3.2680454078442685e-5,0.11111022780045544,-0.11110989405648503
21328,0.625,-0.11111020049325528,1.0616508298941065e-9,3.258298374756533e-5,3.190928726702726e-5,0.11111020049325528,-0.11110989429673691
21329,1.5625,-0.11111016798497143,1.1878565807038001e-9,3.446529530852449e-5,2.989643052774228e-5,0.11111016798497143,-0.11110989303911137
21330,3.90625,-0.1111101265089121,1.1635890800742777e-9,3.411142154871705e-5,2.469461713194401e-5,0.1111101265089121,-0.11110988846530752
21331,9.765625,-0.11111008962982023,8.089046795942168e-10,2.8441249613795397e-5,1.2512070205385665e-5,0.11111008962982023,-0.11110988002979717
21332,24.4140625,-0.11111018664187249,1.6905335651359742e-10,1.3002052011647908e-5,1.796730049496714e-5,0.11111018664187249,-0.11110987859753405
21333,9.765625,-0.11111031754373725,3.685039793486475e-11,6.070452860772807e-6,4.7729747223931544e-5,0.11111031754373725,-0.11110988170356999
21334,3.90625,-0.11111040680702024,5.688136287511021e-12,2.384981401921411e-6,5.293161185482976e-5,0.11111040680702024,-0.11110988471987064
21335,1.5625,-0.11111048721762143,3.393875398477032e-11,5.825697725145918e-6,5.277474199354041e-5,0.11111048721762143,-0.11110988745842104
21336,0.625,-0.1111105649057625,1.1350939718371703e-10,1.0654078898887366e-5,5.185271978182596e-5,0.1111105649057625,-0.11110989004953992
21337,0.25,-0.11111064171786313,2.4259628989262956e-10,1.5575502877680374e-5,5.111860805697281e-5,0.11111064171786313,-0.11110989258277908
21338,0.1,-0.11111071827568053,4.2073168653676066e-10,2.0511745087553146e-5,5.0650243908315336e-5,0.11111071827568053,-0.11110989509742059
21339,0.1,-0.1111107943335236,6.464131310155281e-10,2.5424655966512665e-5,5.0364669233604224e-5,0.1111107943335236,-0.11110989755546682
21340,0.1,-0.11111086979588099,9.181647793983433e-10,3.0301233958344722e-5,5.003395057373109e-5,0.11111086979588099,-0.11110989994809056
21341,0.1,-0.11111094456786509,1.2343501842560843e-9,3.513332014279442e-5,4.9658411660984135e-5,0.11111094456786509,-0.11110990226676634
21342,0.1,-0.11111101855541926,1.5931791916100055e-9,3.991464883485768e-5,4.923844821296319e-5,0.11111101855541926,-0.11110990450330174
21343,0.25,-0.11111108937971911,1.9819382326286365e-9,4.451896486474766e-5,4.877663723513792e-5,0.11111108937971911,-0.1111099062962254
21344,0.625,-0.11111115133245204,2.3663594488663927e-9,4.864524076275492e-5,4.762317976991348e-5,0.11111115133245204,-0.11110990682882366
21345,1.5625,-0.11111118940579934,2.6512981212539e-9,5.1490757629441615e-5,4.4602169582742106e-5,0.11111118940579934,-0.11110990401306924
21346,3.90625,-0.11111116737330345,2.602512222717163e-9,5.1014823558620324e-5,3.676226751699735e-5,0.11111116737330345,-0.11110989376252363
21347,9.765625,-0.11111101638840311,1.8170922891001888e-9,4.262736549565536e-5,1.804639310948145e-5,0.11111101638840311,-0.11110987475900164
21348,24.4140625,-0.11111069530748834,3.848317968380472e-10,1.9617130188639907e-5,2.5798688750691133e-5,0.11111069530748834,-0.11110987125192029
21349,9.765625,-0.11111057088373331,8.438893204535437e-11,9.186344868627259e-6,7.118507167371913e-5,0.11111057088373331,-0.11110987817765855
21350,3.90625,-0.11111045864774886,1.1410112196481486e-11,3.3778857583526246e-6,7.916700384198592e-5,0.11111045864774886,-0.11110988494257765
21351,1.5625,-0.11111035361044781,7.217887988663649e-11,8.495815433884877e-6,7.900118768992554e-5,0.11111035361044781,-0.11110989108964874
21352,0.625,-0.11111025124232159,2.483960855924726e-10,1.5760586460930716e-5,7.764525562220563e-5,0.11111025124232159,-0.11110989690497372
21353,0.25,-0.11111014992631031,5.359652670813071e-10,2.3150923676633447e-5,7.655449602441005e-5,0.11111014992631031,-0.1111099025890095
21354,0.1,-0.11111004908874085,9.33821012664897e-10,3.0558485117310656e-5,7.585581937915992e-5,0.11111004908874085,-0.11110990823035964
21355,0.1,-0.11110994882717111,1.438629513073482e-9,3.792926987266538e-5,7.542875212727025e-5,0.11110994882717111,-0.11110991374498413
21356,0.1,-0.11110984921742251,2.047100204376621e-9,4.524489147270243e-5,7.493379924611215e-5,0.11110984921742251,-0.11110991911300591
21357,0.1,-0.11110975033460535,2.7555824059925443e-9,5.249364157679046e-5,7.437144789700778e-5,0.11110975033460535,-0.11110992431522095
21358,0.1,-0.11110965225308843,3.5600806861142504e-9,5.966641170804769e-5,7.374228834365069e-5,0.11110965225308843,-0.1111099293331733
21359,0.25,-0.11110955673062065,4.4323059302765e-9,6.657556556482641e-5,7.305016880508712e-5,0.11110955673062065,-0.11110993335799348
21360,0.625,-0.11110946811822298,5.295935906743566e-9,7.277318123281107e-5,7.132165718370424e-5,0.11110946811822298,-0.11110993455963185
21361,1.5625,-0.11110939834910044,5.938873408741147e-9,7.706408637453082e-5,6.679221093889034e-5,0.11110939834910044,-0.11110992825377924
21362,3.90625,-0.11110937935142458,5.83806205816369e-9,7.640721208213064e-5,5.501731541297039e-5,0.11110937935142458,-0.11110990524408897
21363,9.765625,-0.11110949178175836,4.089398003188898e-9,6.394840109954976e-5,2.6629207056232164e-5,0.11110949178175836,-0.11110986241143066
21364,24.4140625,-0.11110990315878046,8.748911582406322e-10,2.957855909676183e-5,3.7714430472265254e-5,0.11110990315878046,-0.11110985405682634
21365,9.765625,-0.11111015390913107,1.9262027362962015e-10,1.387877060944593e-5,0.00010654049493739195,0.11111015390913107,-0.11110986959093473
21366,3.90625,-0.11111035332189294,2.3226841600590364e-11,4.8194233680587104e-6,0.00011871606704529601,0.11111035332189294,-0.11110988483199119
21367,1.5625,-0.11111053731240242,1.5544318245673638e-10,1.246768552926871e-5,0.00011854548159579353,0.11111053731240242,-0.11110989869177475
21368,0.625,-0.11111071637466247,5.478667041978633e-10,2.340655259105585e-5,0.0001165414205176986,0.11111071637466247,-0.11110991180325323
21369,0.25,-0.11111089395272525,1.1911952496675506e-9,3.451369655176841e-5,0.00011491624744364741,0.11111089395272525,-0.11110992461665024
21370,0.1,-0.11111107124790659,2.0830023240847e-9,4.563992029007829e-5,0.00011387188097650989,0.11111107124790659,-0.11110993733214374
21371,0.1,-0.11111124790152511,3.215854312531265e-9,5.670850300026677e-5,0.0001132321032928935,0.11111124790152511,-0.11110994976283405
21372,0.1,-0.1111114237217579,4.582384713040967e-9,6.769331365091361e-5,0.00011249044075694378,0.1111114237217579,-0.11110996186391714
21373,0.1,-0.11111159851520669,6.1744172599033606e-9,7.857746025358265e-5,0.00011164760568602385,0.11111159851520669,-0.11110997359209654
21374,0.1,-0.11111177208731894,7.983000190568633e-9,8.934763673745733e-5,0.00011070446446962645,0.11111177208731894,-0.11110998490575025
21375,0.25,-0.11111194004762967,9.944922008775983e-9,9.972422979785797e-5,0.00010966676256431695,0.11111194004762967,-0.11110999398915797
21376,0.625,-0.11111209163548001,1.1889514150005106e-8,0.00010903904873945438,0.00010707612158234408,0.11111209163548001,-0.11110999672996108
21377,1.5625,-0.11111219800207818,1.334216774078901e-8,0.00011550830160983673,0.00010028620182890416,0.11111219800207818,-0.11110998259202348
21378,3.90625,-0.1111121868186494,1.3130928656863021e-8,0.00011459026423245136,8.261852951896657e-5,0.1111121868186494,-0.11110993083867794
21379,9.765625,-0.11111190577342311,9.222395581877421e-9,9.603330454523275e-5,3.980237555535285e-5,0.11111190577342311,-0.11110983415615534
21380,24.4140625,-0.11111144252258708,1.3651864835981763e-10,1.1684119494417096e-5,5.464639875969473e-5,0.11111144252258708,-0.1111098886385326
21381,9.765625,-0.11110985195143978,1.4064761544591815e-10,1.185949473822212e-5,3.234437096665694e-5,0.11110985195143978,-0.11110988790120414
21382,3.90625,-0.11110924983223293,1.6352805314305167e-10,1.2787808770194042e-5,2.2124086532765982e-5,0.11110924983223293,-0.11110988759016707
21383,1.5625,-0.11110876470856132,1.9259013733387757e-10,1.3877684869382126e-5,1.756856326182803e-5,0.11110876470856132,-0.11110988754107788
21384,0.625,-0.11110831004404914,2.2715624135783266e-10,1.5071703332995665e-5,1.5508222946521583e-5,0.11110831004404914,-0.11110988761811438
21385,1.5625,-0.11110803542260034,2.4952275656244414e-10,1.579628932890393e-5,1.4540875265009624e-5,0.11110803542260034,-0.11110988737855383
21386,3.90625,-0.11110824217404468,2.291566326872739e-10,1.5137920355427753e-5,1.2189240403280517e-5,0.11110824217404468,-0.11110988650396045
21387,9.765625,-0.11110940817757975,1.340476528339987e-10,1.157789500876557e-5,8.202624969442646e-6,0.11110940817757975,-0.11110988518623816
21388,24.4140625,-0.1111108711152984,2.331921196166902e-11,4.828996993338163e-6,1.2258316208239606e-5,0.1111108711152984,-0.11110988536167132
21389,9.765625,-0.11111025409772657,3.845123521919434e-12,1.9608986516185467e-6,2.1957067005321613e-5,0.11111025409772657,-0.11110988601335457
21390,3.90625,-0.11111004059822731,3.503750403539911e-12,1.8718307625263325e-6,2.303092497666516e-5,0.11111004059822731,-0.11110988655598641
21391,1.5625,-0.11110987786574276,1.3258354167377082e-11,3.6412022969586683e-6,2.2485053584129093e-5,0.11110987786574276,-0.1111098870356449
21392,0.625,-0.11110972823791326,3.1873938657596936e-11,5.645700900472583e-6,2.1888733254760036e-5,0.11110972823791326,-0.11110988748828701
21393,0.25,-0.11110958261687984,5.909462999371529e-11,7.687303167803081e-6,2.1481292127635175e-5,0.11110958261687984,-0.11110988793141058
21394,0.1,-0.1111094382692482,9.484212569710701e-11,9.738692196445425e-6,2.1230393946388282e-5,0.1111094382692482,-0.1111098883715435
21395,0.1,-0.11110929827837067,1.3872903053409668e-10,1.1778328851500823e-5,2.107563982106855e-5,0.11110929827837067,-0.11110988879973695
21396,0.1,-0.11110916312505208,1.9042127184337378e-10,1.3799321426917114e-5,2.0905007568007274e-5,0.11110916312505208,-0.11110988921463909
21397,0.1,-0.11110903327047289,2.4955908247286487e-10,1.579743911122511e-5,2.071838391183342e-5,0.11110903327047289,-0.11110988961494751
21398,0.1,-0.1111089091547834,3.1575857020409533e-10,1.7769596793514908e-5,2.051574594514437e-5,0.1111089091547834,-0.11110988999941522
21399,0.25,-0.11110880689778749,3.8617630799412926e-10,1.965136911245955e-5,2.029862358191346e-5,0.11110880689778749,-0.11110989029862915
21400,0.625,-0.11110876274571699,4.534086902846082e-10,2.1293395461612226e-5,1.97844815641786e-5,0.11110876274571699,-0.11110989036053127
21401,1.5625,-0.11110886617540351,4.97665366889536e-10,2.2308414710362904e-5,1.8480829888166707e-5,0.11110886617540351,-0.11110988980732356
21402,3.90625,-0.1111093043279016,4.737261613514649e-10,2.176525123566151e-5,1.523092720915294e-5,0.1111093043279016,-0.11110988794746729
21403,9.765625,-0.11111027017477977,3.16669743129002e-10,1.7795216860971433e-5,8.509706140805643e-6,0.11111027017477977,-0.11110988471857075
21404,24.4140625,-0.11111095754165243,6.426594118460421e-11,8.01660409304365e-6,1.3314425014029685e-5,0.11111095754165243,-0.11110988436913402
21405,9.765625,-0.11111054553547561,1.3311611866686115e-11,3.6485081700177285e-6,3.057885775525038e-5,0.11111054553547561,-0.11110988564012973
21406,3.90625,-0.11111037962279297,3.0392068207714484e-12,1.7433321028339519e-6,3.3544308562694536e-5,0.11111037962279297,-0.11110988684137797
21407,1.5625,-0.11111024731165448,1.618235875461302e-11,4.0227302612296815e-6,3.331008205467944e-5,0.11111024731165448,-0.1111098879260213
21408,0.625,-0.11111012422486748,4.9567377605058405e-11,7.040410329310246e-6,3.266644283859183e-5,0.11111012422486748,-0.11110988895118741
21409,0.25,-0.11111000410964543,1.0248548682967745e-10,1.0123511585891403e-5,3.2170761599195844e-5,0.11111000410964543,-0.11110988995318433
21410,0.1,-0.11110988500335628,1.7474015865882344e-10,1.3218931827451998e-5,3.185468089377487e-5,0.11110988500335628,-0.11110989094746988
21411,0.1,-0.1111097679780365,2.6568386355035565e-10,1.629981176426144e-5,3.1659087700083154e-5,0.1111097679780365,-0.11110989191814002
21412,0.1,-0.11110965332155709,3.746940876786306e-10,1.9357016497348722e-5,3.1436191495400885e-5,0.11110965332155709,-0.11110989286181189
21413,0.1,-0.11110954131301592,5.010860995757728e-10,2.2384952525653765e-5,3.1186108545524886e-5,0.11110954131301592,-0.1111098937752199
21414,0.1,-0.11110943222194086,6.441157061071625e-10,2.53794347081877e-5,3.0909020327303376e-5,0.11110943222194086,-0.11110989465523005
21415,0.25,-0.11110933409372867,7.985228356131752e-10,2.825814635840743e-5,3.0606682813897435e-5,0.11110933409372867,-0.11110989535665354
21416,0.625,-0.11110926560209906,9.50222587730727e-10,3.082568065316202e-5,2.9868058474732058e-5,0.11110926560209906,-0.11110989555342939
21417,1.5625,-0.11110927387842982,1.0603504067626383e-9,3.256302207662302e-5,2.7954732778913476e-5,0.11110927387842982,-0.11110989441650701
21418,3.90625,-0.11110946183954437,1.034316043757736e-9,3.216078425284023e-5,2.303790427188696e-5,0.11110946183954437,-0.11110989034522453
21419,9.765625,-0.11110996045791553,7.139772854366174e-10,2.6720353392809338e-5,1.1687700186297216e-5,0.11110996045791553,-0.11110988291882058
21420,24.4140625,-0.11111047269719965,1.4717448646297835e-10,1.2131549219410452e-5,1.7401189629385387e-5,0.11111047269719965,-0.11110988177781135
21421,9.765625,-0.11111038195277069,3.1422979402853205e-11,5.605620340591503e-6,4.500859220602231e-5,0.11111038195277069,-0.11110988454306102
21422,3.90625,-0.11111038495049254,5.129846038540898e-12,2.2649163425038236e-6,4.978354246862991e-5,0.11111038495049254,-0.11110988720703403
21423,1.5625,-0.11111039754088398,3.129736737943504e-11,5.594405006739773e-6,4.958238151529977e-5,0.11111039754088398,-0.11110988962077759
21424,0.625,-0.11111041238112036,1.0279194415130227e-10,1.0138636207661377e-5,4.8689658925475524e-5,0.11111041238112036,-0.11110989190331752
21425,0.25,-0.11111042791729851,2.1802032570417853e-10,1.476551135938673e-5,4.798571868353529e-5,0.11111042791729851,-0.11110989413452707
21426,0.1,-0.11111044371257184,3.7656014547180047e-10,1.9405157702832524e-5,4.753688628466473e-5,0.11111044371257184,-0.11110989634913936
21427,0.1,-0.1111104601499977,5.770522780044727e-10,2.4021912455182926e-5,4.726225816732164e-5,0.1111104601499977,-0.11110989851307294
21428,0.1,-0.11111047729162238,8.18169113600052e-10,2.8603655598542854e-5,4.6945404271054145e-5,0.11111047729162238,-0.11110990061857565
21429,0.1,-0.11111049519508437,1.0984421729950356e-9,3.3142754456970465e-5,4.658661575428634e-5,0.11111049519508437,-0.11110990265816138
21430,0.1,-0.11111051391338515,1.416268254641638e-9,3.763333966899082e-5,4.618625530380149e-5,0.11111051391338515,-0.11110990462464183
21431,0.25,-0.11111053555495282,1.7602936731896712e-9,4.195585386081031e-5,4.5746839250362984e-5,0.11111053555495282,-0.11110990619722028
21432,0.625,-0.11111056477998682,2.0999712508220138e-9,4.582544326923651e-5,4.465543883576729e-5,0.11111056477998682,-0.11110990665219019
21433,1.5625,-0.11111061263793366,2.3505962777819786e-9,4.8482948319816304e-5,4.180434293162526e-5,0.11111061263793366,-0.11110990414158986
21434,3.90625,-0.11111069921137408,2.304029604828335e-9,4.800030838263787e-5,3.441730352300009e-5,0.11111069921137408,-0.1111098950597309
21435,9.765625,-0.11111082347287865,1.6039643787584337e-9,4.004952407655344e-5,1.6844396021582376e-5,0.11111082347287865,-0.11110987829835973
21436,24.4140625,-0.11111075592397669,3.364094498873339e-10,1.8341468040681308e-5,2.456634224725976e-5,0.11111075592397669,-0.11110987536127678
21437,9.765625,-0.11111054868777627,7.292598559152433e-11,8.539671281233507e-6,6.698419354976021e-5,0.11111054868777627,-0.1111098814979218
21438,3.90625,-0.11111041714059691,1.0122168273822242e-11,3.1815355213830697e-6,7.438875677466902e-5,0.11111041714059691,-0.11110988746536782
21439,1.5625,-0.11111030030625305,6.530527999939776e-11,8.081168232341025e-6,7.419058269799046e-5,0.11111030030625305,-0.11110989288178946
21440,0.625,-0.11111018804345854,2.2237273220904098e-10,1.4912167253925266e-5,7.289777157743956e-5,0.11111018804345854,-0.11110989800465786
21441,0.25,-0.1111100774056421,4.777269951096541e-10,2.1856966740827834e-5,7.186438535634308e-5,0.1111100774056421,-0.11110990301186206
21442,0.1,-0.11110996741958763,8.30431900998083e-10,2.8817215358151507e-5,7.120385553346429e-5,0.11110996741958763,-0.11110990798163943
21443,0.1,-0.11110985849348642,1.2775178391549987e-9,3.574238155404587e-5,7.080048908113922e-5,0.11110985849348642,-0.11110991283914272
21444,0.1,-0.11110975076556244,1.8160624248404697e-9,4.2615283934763e-5,7.033339931862636e-5,0.11110975076556244,-0.11110991756685527
21445,0.1,-0.11110964437092612,2.4428251913597474e-9,4.942494503142869e-5,6.980303152967408e-5,0.11110964437092612,-0.11110992214785448
21446,0.1,-0.11110953944133993,3.154261197836426e-9,5.616280973951024e-5,6.920993116664579e-5,0.11110953944133993,-0.11110992656587922
21447,0.25,-0.11110943963980117,3.9252363129436466e-9,6.265170638493134e-5,6.855772188773029e-5,0.11110943963980117,-0.11110993010486245
21448,0.625,-0.11110935364983618,4.6879832790649024e-9,6.846884896845354e-5,6.692951818850413e-5,0.11110935364983618,-0.11110993114603258
21449,1.5625,-0.11110930410098624,5.254288792993983e-9,7.248647317254429e-5,6.266438856567442e-5,0.11110930410098624,-0.11110992554891608
21450,3.90625,-0.11110934495044662,5.160504291235422e-9,7.183665005577182e-5,5.158265409469797e-5,0.11110934495044662,-0.11110990520051404
21451,9.765625,-0.11110957616194879,3.6076860099121983e-9,6.006401593227178e-5,2.4922746892619786e-5,0.11110957616194879,-0.11110986743110199
21452,24.4140625,-0.11111004518848343,7.669868196237366e-10,2.769452688932845e-5,3.575779024207322e-5,0.11111004518848343,-0.1111098602943626
21453,9.765625,-0.11111021655605074,1.6806399484035145e-10,1.2963949816331112e-5,0.00010014331620668206,0.11111021655605074,-0.1111098740191146
21454,3.90625,-0.1111103737786478,2.1226768347052307e-11,4.6072517130120325e-6,0.00011147943566766585,0.1111103737786478,-0.11110988744708755
21455,1.5625,-0.11111052155495044,1.4023241978323894e-10,1.1841977021732433e-5,0.00011127705990881298,0.11111052155495044,-0.1111098996503582
21456,0.625,-0.11111066609965521,4.88663466415e-10,2.2105733790467126e-5,0.00010937746099009897,0.11111066609965521,-0.1111099111937911
21457,0.25,-0.11111080969082796,1.0583573626953452e-9,3.2532404809594773e-5,0.00010784426185293976,0.11111080969082796,-0.11110992247543856
21458,0.1,-0.11111095315219388,1.8471906616244605e-9,4.297895603227771e-5,0.00010686100410371148,0.11111095315219388,-0.11110993367166487
21459,0.1,-0.11111109629021988,2.848571326102429e-9,5.3372008825810827e-5,0.00010625959811363004,0.11111109629021988,-0.11110994461646291
21460,0.1,-0.1111112389691641,4.055981410509576e-9,6.368658736743221e-5,0.0001055624086712932,0.1111112389691641,-0.11110995527032123
21461,0.1,-0.11111138105068867,5.462187672506895e-9,7.390661453825967e-5,0.00010477011279036712,0.11111138105068867,-0.11110996559506214
21462,0.1,-0.111111522394141,7.059271984186953e-9,8.401947383902707e-5,0.00010388353239479635,0.111111522394141,-0.11110997555399
21463,0.25,-0.11111166006323701,8.791224277324018e-9,9.376152877019454e-5,0.00010290807651712395,0.11111166006323701,-0.11110998354241994
21464,0.625,-0.11111178673089989,1.0506881217912455e-8,0.00010250307906552102,0.00010047165005618654,0.11111178673089989,-0.11110998592809036
21465,1.5625,-0.11111188236701854,1.1786035370257813e-8,0.00010856350846512752,9.408554589933881e-5,0.11111188236701854,-0.11110997340983132
21466,3.90625,-0.11111189470294251,1.1591811513356168e-8,0.0001076652753368335,7.747273324280555e-5,0.11111189470294251,-0.11110992770755923
21467,9.765625,-0.11111170203244045,8.128967513243791e-9,9.016078700435013e-5,3.726588744997983e-5,0.11111170203244045,-0.11110984251538537
21468,24.4140625,-0.11111109586868037,1.1913141373726682e-10,1.0914733791406313e-5,5.166696736043596e-5,0.11111109586868037,-0.11110989083664781
21469,9.765625,-0.11110999440047407,1.2467873734107367e-10,1.1165963341381418e-5,2.970214206041622e-5,0.11110999440047407,-0.11110989009219399
21470,3.90625,-0.11110958329450825,1.430077190512114e-10,1.1958583488491076e-5,2.0136327999735528e-5,0.11110958329450825,-0.11110988980163392
21471,1.5625,-0.11110925163042738,1.6621552125937927e-10,1.289245986068521e-5,1.6025871292899334e-5,0.11110925163042738,-0.1111098897525407
21472,3.90625,-0.11110917321713824,1.6622218318129066e-10,1.2892718223140171e-5,1.4196497802621125e-5,0.11110917321713824,-0.11110988918813984
21473,9.765625,-0.1111096888105442,1.1094508309001811e-10,1.0533047189204942e-5,1.0209415936829851e-5,0.1111096888105442,-0.11110988805302194
21474,24.4140625,-0.11111062340033843,2.1346435635330454e-11,4.620220301601478e-6,9.435208501372111e-6,0.11111062340033843,-0.11110988789865861
21475,9.765625,-0.11111019789925165,4.9359197436551165e-12,2.2216929904140933e-6,1.835219646310957e-5,0.11111019789925165,-0.11110988834813247
21476,3.90625,-0.11111005406140938,2.4572755062363364e-12,1.567569936633239e-6,1.9655062424737194e-5,0.11111005406140938,-0.11110988875208086
21477,1.5625,-0.11110994272437885,7.488891092356314e-12,2.736583836164409e-6,1.9363158516853297e-5,0.11110994272437885,-0.11110988911568181
21478,0.625,-0.11110983957032118,1.8994170589180527e-11,4.358230212962657e-6,1.8917650455718684e-5,0.11110983957032118,-0.1111098894590382
21479,0.25,-0.11110973885186884,3.6723865749976646e-11,6.060021926526062e-6,1.8584732824599293e-5,0.11110973885186884,-0.11110988979390551
21480,0.1,-0.11110963887985044,6.058754431778989e-11,7.783800120621667e-6,1.8365499981247394e-5,0.11110963887985044,-0.11110989012517208
21481,0.1,-0.11110954230607935,9.031066964948814e-11,9.50319260298812e-6,1.8220948118830074e-5,0.11110954230607935,-0.11110989044738274
21482,0.1,-0.11110944946739792,1.2565020709047717e-10,1.120938031697012e-5,1.806536508691421e-5,0.11110944946739792,-0.11110989075966236
21483,0.1,-0.11110936068534448,1.6634706041356896e-10,1.289756025043376e-5,1.7898387186330466e-5,0.11110936068534448,-0.11110989106115715
21484,0.1,-0.11110927626516731,2.1212691326470624e-10,1.4564577345900095e-5,1.771976537740993e-5,0.11110927626516731,-0.11110989135104264
21485,0.25,-0.1111092085137779,2.6109026473091713e-10,1.615828780319614e-5,1.7530884724772033e-5,0.1111092085137779,-0.11110989158223407
21486,0.625,-0.11110918475289812,3.082844311666671e-10,1.755803038972957e-5,1.7105325725034943e-5,0.11110918475289812,-0.11110989165040401
21487,1.5625,-0.11110927187138823,3.404219133368258e-10,1.8450526099188222e-5,1.604701735362824e-5,0.11110927187138823,-0.11110989129426765
21488,3.90625,-0.11110960774328797,3.2683580618818623e-10,1.8078600780707178e-5,1.342551252231064e-5,0.11110960774328797,-0.11110989002630964
21489,9.765625,-0.11111032513607207,2.2192234970005833e-10,1.4897058424402394e-5,7.99580070482652e-6,0.11111032513607207,-0.11110988775924635
21490,24.4140625,-0.11111079374264572,4.66924715444145e-11,6.833188973269692e-6,1.0981967700827905e-5,0.11111079374264572,-0.11110988742036329
21491,9.765625,-0.11111050640977868,1.0514587314398248e-11,3.2426204394591497e-6,2.541584223070561e-5,0.11111050640977868,-0.11110988828988942
21492,3.90625,-0.11111039043979651,2.523754771308112e-12,1.5886329882348887e-6,2.7987641933596555e-5,0.11111039043979651,-0.11110988912771148
21493,1.5625,-0.11111029819013747,1.0755071658126463e-11,3.2794925915645034e-6,2.7839307118806232e-5,0.11111029819013747,-0.11110988988809743
21494,0.625,-0.11111021245482453,3.295304713061285e-11,5.740474469119504e-6,2.7319707621432723e-5,0.11111021245482453,-0.11110989060738369
21495,0.25,-0.11111012882134415,6.859365564754101e-11,8.282128690592836e-6,2.6908866218989817e-5,0.11111012882134415,-0.1111098913099689
21496,0.1,-0.11111004590292757,1.175181454914331e-10,1.08405786511345e-5,2.6641061290092746e-5,0.11111004590292757,-0.11110989200646638
21497,0.1,-0.1111099644060279,1.792757654378835e-10,1.3389390032330953e-5,2.647088362686414e-5,0.1111099644060279,-0.11110989268627619
21498,0.1,-0.11110988453160543,2.534295444999697e-10,1.59194706099157e-5,2.6278957831254834e-5,0.11110988453160543,-0.11110989334712212
21499,0.1,-0.1111098064747047,3.3950143537109824e-10,1.8425564723261488e-5,2.6065322804474193e-5,0.1111098064747047,-0.11110989398680497
21500,0.1,-0.11110973042390554,4.3697409538271024e-10,2.0903925358236197e-5,2.5830081575577417e-5,0.11110973042390554,-0.11110989460321416
21501,0.25,-0.11110966190643772,5.42297850395535e-10,2.328728946003667e-5,2.5574819306728326e-5,0.11110966190643772,-0.11110989509771335
21502,0.625,-0.11110961379121383,6.459730499817139e-10,2.541599988160438e-5,2.4964700970107768e-5,0.11110961379121383,-0.11110989524834669
21503,1.5625,-0.11110961862970611,7.217615723367821e-10,2.686562063933722e-5,2.3398580758642872e-5,0.11110961862970611,-0.11110989448971641
21504,3.90625,-0.11110974778128639,7.055891850464321e-10,2.6562928773883954e-5,1.9392179226829805e-5,0.11110974778128639,-0.11110989172486531
21505,9.765625,-0.11111009340561165,4.892847115448705e-10,2.2119781001286395e-5,1.0244083349444832e-5,0.11111009340561165,-0.1111098866398033
21506,24.4140625,-0.11111045576474732,1.0202070488880013e-10,1.0100529931087781e-5,1.4517485159970682e-5,0.11111045576474732,-0.11110988580573491
21507,9.765625,-0.11111039728831554,2.2065267375749077e-11,4.697368132874948e-6,3.733009420285604e-5,0.11111039728831554,-0.11110988770430234
21508,3.90625,-0.11111040500400882,3.5379769440634694e-12,1.8809510743407095e-6,4.1320032072475776e-5,0.11111040500400882,-0.11110988954121101
21509,1.5625,-0.11111041878045884,2.1010981101567063e-11,4.5837736747757366e-6,4.116873386669243e-5,0.11111041878045884,-0.11110989120747028
21510,0.625,-0.11111043391719132,6.954437934007796e-11,8.339327271433707e-6,4.04331308187574e-5,0.11111043391719132,-0.11110989278328426
21511,0.25,-0.11111044946639945,1.480158905881434e-10,1.2166178142216371e-5,3.984819269619256e-5,0.11111044946639945,-0.11110989432317334
21512,0.1,-0.11111046517018515,2.561133810422503e-10,1.600354276534575e-5,3.9471861403164885e-5,0.11111046517018515,-0.11110989585096666
21513,0.1,-0.11111048129356242,3.928979981574127e-10,1.982165477848438e-5,3.923866767493807e-5,0.11111048129356242,-0.11110989734356028
21514,0.1,-0.11111049787353271,5.574492257632455e-10,2.36103626775034e-5,3.8971028344531525e-5,0.11111049787353271,-0.1111098987956896
21515,0.1,-0.11111051494395753,7.487517755450968e-10,2.7363329028922938e-5,3.866917057228407e-5,0.11111051494395753,-0.11110990020227181
21516,0.1,-0.11111053253540996,9.656997548655823e-10,3.1075710046040495e-5,3.833338410163791e-5,0.11111053253540996,-0.11110990155842772
21517,0.25,-0.11111055199075057,1.20057706337161e-9,3.464934434259341e-5,3.7965893832232066e-5,0.11111055199075057,-0.11110990264536719
21518,0.625,-0.11111057623361768,1.4326372436367118e-9,3.785019476352416e-5,3.706308967284686e-5,0.11111057623361768,-0.11110990296924762
21519,1.5625,-0.11111061205096634,1.6043398555204415e-9,4.005421145797832e-5,3.471529746398541e-5,0.11111061205096634,-0.1111099012681216
21520,3.90625,-0.11111067090362087,1.5741036680237143e-9,3.967497533740524e-5,2.8645040286096888e-5,0.11111067090362087,-0.11110989507405822
21521,9.765625,-0.1111107454818429,1.0984649239502899e-9,3.3143097681874726e-5,1.4269396517447923e-5,0.1111107454818429,-0.1111098835987276
21522,24.4140625,-0.11111066421733246,2.3175669158084014e-10,1.5223557126402493e-5,2.0351730265124296e-5,0.11111066421733246,-0.11110988152538992
21523,9.765625,-0.111110507555023,5.0233622641587146e-11,7.08756817544545e-6,5.551197253511505e-5,0.111110507555023,-0.11110988574128883
21524,3.90625,-0.11111040502712162,6.518138920684259e-12,2.5530646134957608e-6,6.168098837557978e-5,0.11111040502712162,-0.11110988984827935
21525,1.5625,-0.11111031359389814,4.377972878774179e-11,6.6166251811434654e-6,6.15302745821649e-5,0.11111031359389814,-0.11110989357733887
21526,0.625,-0.1111102256284627,1.509075063901543e-10,1.2284441639332018e-5,6.0462191364922286e-5,0.1111102256284627,-0.1111098971039529
21527,0.25,-0.11111013889226017,3.2539287883695093e-10,1.803864958462664e-5,5.960406097718339e-5,0.11111013889226017,-0.11110990055009248
21528,0.1,-0.1111100526430832,5.665619853639988e-10,2.3802562579772766e-5,5.905250831192959e-5,0.1111100526430832,-0.11110990396954232
21529,0.1,-0.11110996719196158,8.723677770376576e-10,2.9535872715016523e-5,5.8713011639676885e-5,0.11110996719196158,-0.11110990731135827
21530,0.1,-0.11110988264527279,1.2407903673091635e-9,3.522485439727414e-5,5.8321148164777335e-5,0.11110988264527279,-0.11110991056358725
21531,0.1,-0.11110979910723745,1.669594167215895e-9,4.0860667728463456e-5,5.7877284365959465e-5,0.11110979910723745,-0.11110991371468544
21532,0.1,-0.11110971667974107,2.156337201070985e-9,4.6436377992593105e-5,5.738187105081516e-5,0.11110971667974107,-0.11110991675356233
21533,0.25,-0.11110963816784354,2.68387554680015e-9,5.1806134258407565e-5,5.683806897010591e-5,0.11110963816784354,-0.1111099191906051
21534,0.625,-0.11110957023556901,3.2060066847212366e-9,5.66216096973694e-5,5.548977773171387e-5,0.11110957023556901,-0.11110991991858335
21535,1.5625,-0.11110953030962505,3.5943938403132154e-9,5.995326380034047e-5,5.196763221717669e-5,0.11110953030962505,-0.11110991610402157
21536,3.90625,-0.11110956029629833,3.5326072519844144e-9,5.943574052692886e-5,4.282629324301403e-5,0.11110956029629833,-0.11110990218621042
21537,9.765625,-0.11110973994190276,2.4737080799023044e-9,4.973638587495381e-5,2.0866936307859055e-5,0.11110973994190276,-0.1111098762891809
21538,24.4140625,-0.1111101187033058,5.278314849389727e-10,2.297458345517874e-5,2.953624917162533e-5,0.1111101187033058,-0.11110987129873914
21539,9.765625,-0.11111026435214075,1.1541205497887998e-10,1.0743000278268636e-5,8.297690907068647e-5,0.11111026435214075,-0.11110988072889731
21540,3.90625,-0.11111039570291611,1.3653060652178254e-11,3.695004824378211e-6,9.240952191748608e-5,0.11111039570291611,-0.11110988996394637
21541,1.5625,-0.11111051875222372,9.448249901739441e-11,9.720210852517265e-6,9.225384915499857e-5,0.11111051875222372,-0.11110989835723299
21542,0.625,-0.11111063897260422,3.3278645015778227e-10,1.8242435422875486e-5,9.068049057762547e-5,0.11111063897260422,-0.11110990629535354
21543,0.25,-0.111110758326759,7.228906511172373e-10,2.6886625878254737e-5,8.940590673700474e-5,0.111110758326759,-0.11110991405169027
21544,0.1,-0.11111087751837816,1.263281614850675e-9,3.5542673152854936e-5,8.858491856163446e-5,0.11111087751837816,-0.11110992174756175
21545,0.1,-0.11111099636737831,1.9494120948513913e-9,4.4152147114850385e-5,8.80795060918052e-5,0.11111099636737831,-0.1111099292696371
21546,0.1,-0.11111111475962206,2.776777301788778e-9,5.2695135466082426e-5,8.749511637125779e-5,0.11111111475962206,-0.11110993659089252
21547,0.1,-0.11111123257923157,3.740385490995626e-9,6.115869105037832e-5,8.683231526723594e-5,0.11111123257923157,-0.11110994368522424
21548,0.1,-0.11111134970881152,4.834778865461891e-9,6.953257413228631e-5,8.609178886781821e-5,0.11111134970881152,-0.11110995052755056
21549,0.25,-0.11111146362288607,6.021652086498775e-9,7.759930467793364e-5,8.527822625056453e-5,0.11111146362288607,-0.11110995601873738
21550,0.625,-0.11111156805140396,7.19766877188577e-9,8.48390757368665e-5,8.325772434550418e-5,0.11111156805140396,-0.11110995767031281
21551,1.5625,-0.11111164590583947,8.075558096388527e-9,8.986410905577669e-5,7.79738129243529e-5,0.11111164590583947,-0.11110994910792871
21552,3.90625,-0.1111116527504956,7.94603430945084e-9,8.914053123832525e-5,6.423860643694621e-5,0.1111116527504956,-0.11110991779062294
21553,9.765625,-0.11111148568321895,5.578380246110595e-9,7.468855498743161e-5,3.099937978854449e-5,0.11111148568321895,-0.11110985932353126
21554,24.4140625,-0.1111109991740139,8.134215033066776e-11,9.018988320796727e-6,4.259342205768126e-5,0.1111109991740139,-0.11110989244603883
21555,9.765625,-0.11111004345620351,8.503987249122478e-11,9.221706593208481e-6,2.4645077651785147e-5,0.11111004345620351,-0.11110989194927634
21556,3.90625,-0.11110968807165858,9.755858508143791e-11,9.877174954481565e-6,1.6804589473646836e-5,0.11110968807165858,-0.11110989175674094
21557,1.5625,-0.11110940142960637,1.1333663157832018e-10,1.064596785540517e-5,1.3459871714717302e-5,0.11110940142960637,-0.11110989172926648
21558,0.625,-0.11110913262112568,1.3195393955276285e-10,1.1487120594507696e-5,1.199425171505895e-5,0.11110913262112568,-0.11110989177904548
21559,1.5625,-0.11110897181118641,1.4383498897849513e-10,1.1993122569977143e-5,1.1317497947001038e-5,0.11110897181118641,-0.11110989164963639
21560,3.90625,-0.11110909882383334,1.3282286734262903e-10,1.1524880361315211e-5,9.711006462235385e-6,0.11110909882383334,-0.1111098911568052
21561,9.765625,-0.1111097962246956,8.019718363332665e-11,8.955288026262844e-6,7.107165472987567e-6,0.1111097962246956,-0.11110989038449084
21562,24.4140625,-0.1111106600794914,1.4030512769880213e-11,3.7457326078993163e-6,1.0023745622426637e-5,0.1111106600794914,-0.11110989049299776
21563,9.765625,-0.11111030987127607,2.678036418094557e-12,1.6364707202069204e-6,1.7287346658108844e-5,0.11111030987127607,-0.11110989088598518
21564,3.90625,-0.11111019435883497,2.207528543857896e-12,1.4857754015522992e-6,1.8158613231673152e-5,0.11111019435883497,-0.1111098912235307
21565,1.5625,-0.11111010786223696,7.763263098122546e-12,2.7862632858584175e-6,1.7777075947612947e-5,0.11111010786223696,-0.11110989152487868
21566,0.625,-0.11111002878943008,1.8603231163487375e-11,4.313146318348982e-6,1.7338274650425774e-5,0.11111002878943008,-0.11110989181023578
21567,0.25,-0.11110995197521062,3.456616079226478e-11,5.879299345352708e-6,1.7033910264891296e-5,0.11110995197521062,-0.1111098920897904
21568,0.1,-0.11110987587602754,5.5600057144275015e-11,7.456544584743996e-6,1.684434809263953e-5,0.11110987587602754,-0.11110989236740854
21569,0.1,-0.11110980228401346,8.148600104253608e-11,9.026959678791973e-6,1.6725989591322556e-5,0.11110980228401346,-0.11110989263786121
21570,0.1,-0.1111097314723954,1.1203120682082899e-10,1.0584479525268542e-5,1.6595933818115322e-5,0.1111097314723954,-0.11110989290034996
21571,0.1,-0.11110966370289978,1.47028134238415e-10,1.212551583391053e-5,1.6454076382703716e-5,0.11110966370289978,-0.11110989315410189
21572,0.1,-0.11110959922494663,1.8625528059801116e-10,1.3647537528726974e-5,1.6300383302251104e-5,0.11110959922494663,-0.11110989339837603
21573,0.25,-0.11110954728631367,2.2811059578395835e-10,1.5103330618905167e-5,1.6136024121325084e-5,0.11110954728631367,-0.11110989359214041
21574,0.625,-0.11110952863990078,2.684012647134563e-10,1.638295653151336e-5,1.575040283684776e-5,0.11110952863990078,-0.11110989364512534
21575,1.5625,-0.11110959440001987,2.9581010899601435e-10,1.719913105351588e-5,1.47759113124767e-5,0.11110959440001987,-0.11110989333139643
21576,3.90625,-0.11110985082755741,2.838586609181834e-10,1.6848105558732218e-5,1.2349848576205238e-5,0.11110985082755741,-0.11110989222917733
21577,9.765625,-0.11111040325161625,1.9200735129709336e-10,1.3856671725096664e-5,7.379530724243397e-6,0.11111040325161625,-0.1111098902741659
21578,24.4140625,-0.11111076835149812,3.922987385849898e-11,6.26337559615412e-6,1.0707049800043486e-5,0.11111076835149812,-0.11110989005114622
21579,9.765625,-0.11111051287893774,8.528848183705572e-12,2.9204191794510546e-6,2.4023999836054583e-5,0.11111051287893774,-0.11110989082664884
21580,3.90625,-0.11111040425003471,2.1912968632517104e-12,1.4803029633327464e-6,2.6325735719260707e-5,0.11111040425003471,-0.11110989156475186
21581,1.5625,-0.1111103159537651,1.0016149604915621e-11,3.1648301068012516e-6,2.6153661956975693e-5,0.1111103159537651,-0.11110989223358551
21582,0.625,-0.11111023329332358,3.008480489218422e-11,5.484961703802883e-6,2.5660797017894068e-5,0.11111023329332358,-0.11110989286676552
21583,0.25,-0.11111015245667488,6.196482468591307e-11,7.871773922434071e-6,2.527961230370807e-5,0.11111015245667488,-0.11110989348597447
21584,0.1,-0.11111007224079585,1.0553421447683045e-10,1.0272984691745163e-5,2.5035763836126643e-5,0.11111007224079585,-0.11110989410048049
21585,0.1,-0.11110999328905273,1.6040312511193726e-10,1.2665035535360224e-5,2.4884270926719587e-5,0.11110999328905273,-0.11110989470066815
21586,0.1,-0.1111099157780862,2.2619574286448368e-10,1.503980528013856e-5,2.4711806326251507e-5,0.1111099157780862,-0.11110989528449315
21587,0.1,-0.11110983987938798,3.0249895258145286e-10,1.7392497019733908e-5,2.4518471649309606e-5,0.11110983987938798,-0.11110989584998192
21588,0.1,-0.11110976575883146,3.888639758153039e-10,1.9719634271844494e-5,2.4304418927246666e-5,0.11110976575883146,-0.1111098963952405
21589,0.25,-0.11110969831906117,4.821382675645074e-10,2.1957647131796873e-5,2.4071043441340315e-5,0.11110969831906117,-0.11110989683260236
21590,0.625,-0.11110964896303291,5.73876935233049e-10,2.3955728651682648e-5,2.3502928691745653e-5,0.11110964896303291,-0.11110989696509244
21591,1.5625,-0.11110964655092796,6.407490724609343e-10,2.5313021796319266e-5,2.20342728995557e-5,0.11110964655092796,-0.11110989629135588
21592,3.90625,-0.11110975458344147,6.257893802665758e-10,2.501578262350742e-5,1.8271171996164017e-5,0.11110975458344147,-0.11110989384056083
21593,9.765625,-0.11111005718413836,4.3297947644927924e-10,2.0808158891388715e-5,9.724666757147746e-6,0.11111005718413836,-0.11110988934619086
21594,24.4140625,-0.1111103936045077,8.96746583059348e-11,9.46967044336469e-6,1.3893074968116266e-5,0.1111103936045077,-0.11110988864518692
21595,9.765625,-0.11111036451600836,1.939982825780664e-11,4.404523613037696e-6,3.520165679547195e-5,0.11111036451600836,-0.11110989032994303
21596,3.90625,-0.11111038550853097,3.340489962847796e-12,1.827700731205138e-6,3.891732480446572e-5,0.11111038550853097,-0.11110989195666902
21597,1.5625,-0.11111041064365199,1.9102449584859893e-11,4.370634917819137e-6,3.8765833665648795e-5,0.11111041064365199,-0.1111098934324514
21598,0.625,-0.11111043660009644,6.235129213002451e-11,7.896283437796829e-6,3.807445462955991e-5,0.11111043660009644,-0.11110989482881033
21599,0.25,-0.11111046279148222,1.321151510097311e-10,1.1494135505105685e-5,3.752818215754042e-5,0.11111046279148222,-0.11110989619399725
21600,0.1,-0.11111048907464471,2.2813375073596304e-10,1.5104097150639724e-5,3.717923966691693e-5,0.11111048907464471,-0.1111098975490271
21601,0.1,-0.11111051564995782,3.4958297303508246e-10,1.86971380974491e-5,3.696519705105379e-5,0.11111051564995782,-0.11110989887325332
21602,0.1,-0.11111054253779329,4.956566377822022e-10,2.226334740739142e-5,3.6718492921032824e-5,0.11111054253779329,-0.11110990016198154
21603,0.1,-0.11111056975601086,6.654634671046569e-10,2.5796578592996724e-5,3.6439357150149395e-5,0.11111056975601086,-0.11110990141067943
21604,0.1,-0.11111059731983097,8.580307995057223e-10,2.929216276592977e-5,3.612807611975854e-5,0.11111059731983097,-0.11110990261499533
21605,0.25,-0.11111062609824136,1.0664935692573768e-9,3.2657213127537024e-5,3.578663820785899e-5,0.11111062609824136,-0.11110990358057327
21606,0.625,-0.11111065792199637,1.2723811033989497e-9,3.567045140447412e-5,3.494048082773001e-5,0.11111065792199637,-0.11110990386889177
21607,1.5625,-0.11111069684224587,1.4244640947527998e-9,3.7742073270460376e-5,3.2732669064224824e-5,0.11111069684224587,-0.11110990235987041
21608,3.90625,-0.11111074845138051,1.3967761404361105e-9,3.737346840254608e-5,2.702120178957069e-5,0.11111074845138051,-0.1111098968660579
21609,9.765625,-0.11111079842423399,9.73264138472092e-10,3.119718157898389e-5,1.3548416628349836e-5,0.11111079842423399,-0.11110988670518801
21610,24.4140625,-0.11111069259330231,2.0467100533630404e-10,1.4306327458027236e-5,1.936849206344902e-5,0.11111069259330231,-0.1111098849097649
21611,9.765625,-0.11111053837645506,4.454838898325524e-11,6.674457954265293e-6,5.228453754471063e-5,0.11111053837645506,-0.11110988864323396
21612,3.90625,-0.11111043417930956,6.2702575675812164e-12,2.504048235873506e-6,5.805608192691378e-5,0.11111043417930956,-0.11110989227729114
21613,1.5625,-0.11111034052730227,3.962341958574373e-11,6.294713622218546e-6,5.7906532359690596e-5,0.11111034052730227,-0.11110989557753125
21614,0.625,-0.11111025021401678,1.348187920778933e-10,1.161114947272204e-5,5.690233781015281e-5,0.11111025021401678,-0.11110989869963092
21615,0.25,-0.11111016108628971,2.8966402198319005e-10,1.7019518852869785e-5,5.6098655861096685e-5,0.11111016108628971,-0.11110990175142398
21616,0.1,-0.1111100724243687,5.035844403147553e-10,2.2440687162267455e-5,5.558443172727607e-5,0.1111100724243687,-0.11110990478037401
21617,0.1,-0.11110998449979753,7.747767092706574e-10,2.7834811105352545e-5,5.526998858526895e-5,0.11110998449979753,-0.11110990774110291
21618,0.1,-0.11110989741477555,1.1014644950335743e-9,3.318831865330894e-5,5.490605270879322e-5,0.11110989741477555,-0.11110991062298649
21619,0.1,-0.11110981126960594,1.481678902469773e-9,3.849258243440901e-5,5.44929770181817e-5,0.11110981126960594,-0.11110991341576194
21620,0.1,-0.11110972616253158,1.913266738555882e-9,4.374090463806027e-5,5.403119265180557e-5,0.11110972616253158,-0.11110991610956783
21621,0.25,-0.11110964472807235,2.3809979222566573e-9,4.8795470304697926e-5,5.352356409618914e-5,0.11110964472807235,-0.11110991827004672
21622,0.625,-0.11110957325495473,2.8438111678628874e-9,5.33273960348983e-5,5.225780782774982e-5,0.11110957325495473,-0.11110991891518095
21623,1.5625,-0.1111095282502651,3.187654643171921e-9,5.645931847952047e-5,4.894413285135398e-5,0.1111095282502651,-0.11110991553274398
21624,3.90625,-0.11110954970562459,3.1314735222971506e-9,5.595957042631002e-5,4.0340502183869694e-5,0.11110954970562459,-0.11110990319750141
21625,9.765625,-0.1111097154627195,2.1904282894864824e-9,4.680201159658079e-5,1.9720282047825898e-5,0.1111097154627195,-0.1111098802747529
21626,24.4140625,-0.1111100846913199,4.663285380753969e-10,2.1594641420394016e-5,2.79972633227646e-5,0.1111100846913199,-0.1111098759200487
21627,9.765625,-0.11111023598056864,1.022989522126314e-10,1.0114294449571428e-5,7.810047947522104e-5,0.11111023598056864,-0.11110988426418851
21628,3.90625,-0.1111103697343492,1.2915354812905455e-11,3.593793930222691e-6,8.693950457001162e-5,0.1111103697343492,-0.11110989243128314
21629,1.5625,-0.11111049489749349,8.500671879939686e-11,9.219908828149921e-6,8.678498055759473e-5,0.11111049489749349,-0.1111098998548789
21630,0.625,-0.11111061713536934,2.964268995592999e-10,1.721705258048833e-5,8.530578921448838e-5,0.11111061713536934,-0.11110990687748813
21631,0.25,-0.11111073845812473,6.42201217611451e-10,2.5341689320395574e-5,8.411083969619222e-5,0.11111073845812473,-0.11110991374076272
21632,0.1,-0.11111085958435331,1.1210263599468401e-9,3.348173173458685e-5,8.334370937247327e-5,0.11111085958435331,-0.11110992055181372
21633,0.1,-0.11111098034666234,1.7288934678135517e-9,4.157996474040775e-5,8.287376889728715e-5,0.11111098034666234,-0.11110992720992188
21634,0.1,-0.1111111006314356,2.461836369647865e-9,4.9616896009805624e-5,8.232932232799985e-5,0.1111111006314356,-0.11110993369111273
21635,0.1,-0.1111112203236004,3.3154555020933826e-9,5.757999220296389e-5,8.171090314757723e-5,0.1111112203236004,-0.11110993997222328
21636,0.1,-0.11111133930683943,4.284936401132942e-9,6.545942560955559e-5,8.101915773580795e-5,0.11111133930683943,-0.11110994603099163
21637,0.25,-0.1111114550772989,5.3362983360654235e-9,7.304997149941554e-5,8.02583628500203e-5,0.1111114550772989,-0.11110995089338398
21638,0.625,-0.1111115614171756,6.377843230061488e-9,7.986140012585233e-5,7.836079267158461e-5,0.1111115614171756,-0.1111099523545539
21639,1.5625,-0.11111164139677578,7.1546617958278705e-9,8.458523391129134e-5,7.339017559589321e-5,0.11111164139677578,-0.11110994476801801
21640,3.90625,-0.11111165108720289,7.037636248194919e-9,8.389062074031231e-5,6.046492600880377e-5,0.11111165108720289,-0.1111099170330907
21641,9.765625,-0.11111148918628719,4.9367846761705965e-9,7.026225641246228e-5,2.923119001483042e-5,0.11111148918628719,-0.11110986530325435
21642,24.4140625,-0.11111100807098441,7.29159951068889e-11,8.539086315694959e-6,4.031378432138403e-5,0.11111100807098441,-0.11110989466552929
21643,9.765625,-0.11111007191188721,7.598074161361492e-11,8.71669327288823e-6,2.344598024867303e-5,0.11111007191188721,-0.11110989423084293
21644,3.90625,-0.11110971988318288,8.723691794285917e-11,9.340070553419774e-6,1.6108187789259202e-5,0.11110971988318288,-0.11110989406580055
21645,1.5625,-0.11110943581386422,1.0150444010943869e-10,1.0074941196326592e-5,1.2977782535553732e-5,0.11110943581386422,-0.11110989404725866
21646,0.625,-0.11110916941453063,1.1840080040829198e-10,1.088121318641869e-5,1.1604682505411778e-5,0.11110916941453063,-0.11110989409743718
21647,1.5625,-0.11110900846129522,1.292730626177886e-10,1.1369831248430586e-5,1.09696658696806e-5,0.11110900846129522,-0.11110989398604212
21648,3.90625,-0.11110912906582358,1.1942978500650386e-10,1.0928393523592745e-5,9.463634552815987e-6,0.11110912906582358,-0.11110989354678141
21649,9.765625,-0.11110980951712021,7.186533604337213e-11,8.4773425106794e-6,7.030743413991022e-6,0.11110980951712021,-0.11110989285728849
21650,24.4140625,-0.11111066073742532,1.2478509244830224e-11,3.532493346749605e-6,9.676267098730957e-6,0.11111066073742532,-0.11110989296018182
21651,9.765625,-0.11111031245068152,2.4350084651808702e-12,1.5604513658492757e-6,1.641257111153483e-5,0.11111031245068152,-0.11110989331255798
21652,3.90625,-0.11111019563488912,2.112983736188439e-12,1.4536105861572553e-6,1.720757578615146e-5,0.11111019563488912,-0.11110989361466839
21653,1.5625,-0.11111010751899295,7.14794451926811e-12,2.6735640106921155e-6,1.6838978540291616e-5,0.11111010751899295,-0.11110989388461077
21654,0.625,-0.11111002676626897,1.688274854858495e-11,4.10886219634888e-6,1.642312420157699e-5,0.11111002676626897,-0.11110989414046336
21655,0.25,-0.11110994825637269,3.1176150791977024e-11,5.583560762808714e-6,1.6136308179777697e-5,0.11110994825637269,-0.11110989439126198
21656,0.1,-0.1111098704567667,4.9983244924307614e-11,7.069882949830754e-6,1.5958411420970584e-5,0.1111098704567667,-0.11110989464041095
21657,0.1,-0.11110979513795376,7.310757189702859e-11,8.550296597020982e-6,1.5847800637248756e-5,0.11110979513795376,-0.11110989488319375
21658,0.1,-0.11110972257105384,1.0037677642601062e-10,1.0018821109592217e-5,1.5726171768711323e-5,0.11110972257105384,-0.11110989511889806
21659,0.1,-0.1111096530158789,1.316052405044452e-10,1.1471932727506956e-5,1.5593434631691292e-5,0.1111096530158789,-0.11110989534683476
21660,0.1,-0.11110958672013617,1.665948047607267e-10,1.2907160987634992e-5,1.5449565660602635e-5,0.11110958672013617,-0.1111098955663443
21661,0.25,-0.11110953284269827,2.0390389489614667e-10,1.4279492109180447e-5,1.529565914638751e-5,0.11110953284269827,-0.11110989574076333
21662,0.625,-0.11110951194721702,2.3976170730018606e-10,1.5484240611027267e-5,1.4933633873183105e-5,0.11110951194721702,-0.11110989578953616
21663,1.5625,-0.11110957471852936,2.6400165676436735e-10,1.6248127792590977e-5,1.4018624820392777e-5,0.11110957471852936,-0.1111098955113301
21664,3.90625,-0.11110982674989352,2.529070715234378e-10,1.5903052270662943e-5,1.1747090034096997e-5,0.11110982674989352,-0.11110989453180757
21665,9.765625,-0.11111037427878084,1.704980297092355e-10,1.3057489410649948e-5,7.162054900364439e-6,0.11111037427878084,-0.11110989280064805
21666,24.4140625,-0.1111107469068009,3.4629486052849127e-11,5.884682323868394e-6,1.0322546361604007e-5,0.1111107469068009,-0.11110989261837555
21667,9.765625,-0.11111050233150614,7.552573618030439e-12,2.7481946106545e-6,2.271077644551327e-5,0.11111050233150614,-0.11110989330946049
21668,3.90625,-0.11111040036263813,2.0781284991538206e-12,1.4415715379938037e-6,2.4846748839057632e-5,0.11111040036263813,-0.11110989396572456
21669,1.5625,-0.11111031809100914,9.150334421981339e-12,3.0249519701941284e-6,2.4674205993860727e-5,0.11111031809100914,-0.11110989456042918
21670,0.625,-0.11111024126077564,2.7074099538454274e-11,5.203277768719855e-6,2.4206845679561767e-5,0.11111024126077564,-0.11110989512362256
21671,0.25,-0.11111016618806838,5.546894487474263e-11,7.4477476376917224e-6,2.384716920740937e-5,0.11111016618806838,-0.1111098956745312
21672,0.1,-0.11111009171230816,9.42281793232732e-11,9.707120032392368e-6,2.3617656779417745e-5,0.11111009171230816,-0.11110989622134143
21673,0.1,-0.1111100184566421,1.4300419398139348e-10,1.195843610098718e-5,2.347537625986256e-5,0.1111100184566421,-0.11110989675544856
21674,0.1,-0.11110994659146185,2.0146283915077862e-10,1.4193760571137538e-5,2.3313388916552594e-5,0.11110994659146185,-0.11110989727504053
21675,0.1,-0.11110987628215097,2.6923678417162147e-10,1.6408436371928358e-5,2.3131791735804697e-5,0.11110987628215097,-0.11110989777836762
21676,0.1,-0.11110980768862773,3.459269790267814e-10,1.8599112318247377e-5,2.293072994100454e-5,0.11110980768862773,-0.11110989826375171
21677,0.25,-0.11110974554540723,4.287211675205467e-10,2.0705583003638092e-5,2.2711509290301067e-5,0.11110974554540723,-0.11110989865326223
21678,0.625,-0.1111097008593543,5.100890483643683e-10,2.258515105914433e-5,2.217736089851121e-5,0.1111097008593543,-0.11110989877193084
21679,1.5625,-0.11110970146636359,5.69237525645787e-10,2.3858699160804787e-5,2.0796577036531437e-5,0.11110970146636359,-0.11110989817473707
21680,3.90625,-0.11110980846666646,5.554578775365865e-10,2.3568153884778217e-5,1.72633122244933e-5,0.11110980846666646,-0.11110989600162374
21681,9.765625,-0.11111010173628129,3.8357887289176807e-10,1.9585169718227312e-5,9.301264888472203e-6,0.11111010173628129,-0.11110989202504334
21682,24.4140625,-0.11111041900822027,7.906359667361518e-11,8.891771289997016e-6,1.328323668485124e-5,0.11111041900822027,-0.11110989142761797
21683,9.765625,-0.1111103816991522,1.713284382795666e-11,4.1391839567669205e-6,3.3185396962931e-5,0.1111103816991522,-0.11110989292242175
21684,3.90625,-0.11111039527015447,3.151826847046363e-12,1.7753385161839878e-6,3.6648142579055345e-5,0.11111039527015447,-0.11110989436315608
21685,1.5625,-0.1111104134029946,1.7314080945670015e-11,4.161019219574697e-6,3.6494072203443074e-5,0.1111104134029946,-0.1111098956700571
21686,0.625,-0.11111043250933472,5.579481012991083e-11,7.469592367051286e-6,3.58397349102942e-5,0.11111043250933472,-0.11110989690682187
21687,0.25,-0.11111045190291419,1.177390239712842e-10,1.0850761446612131e-5,3.5324722338487245e-5,0.11111045190291419,-0.11110989811616245
21688,0.1,-0.1111104714042938,2.0291900556268304e-10,1.4244964217669451e-5,3.499637827101525e-5,0.1111104714042938,-0.11110989931663028
21689,0.1,-0.11111049121518736,3.106025966002086e-10,1.7623921147128654e-5,3.4795310896527084e-5,0.11111049121518736,-0.11110990048982947
21690,0.1,-0.11111051136096954,4.400751648128945e-10,2.0977968557820236e-5,3.456352652433911e-5,0.11111051136096954,-0.11110990163160521
21691,0.1,-0.11111053186453695,5.905465779129148e-10,2.4301164126702138e-5,3.4301242526526316e-5,0.11111053186453695,-0.11110990273794709
21692,0.1,-0.1111105527461849,7.611545029887284e-10,2.7589028670627903e-5,3.4008729999031395e-5,0.1111105527461849,-0.11110990380500256
21693,0.25,-0.11111057497521466,9.457969986228258e-10,3.075381274936208e-5,3.368784755460831e-5,0.11111057497521466,-0.11110990466044789
21694,0.625,-0.1111106006375325,1.1280611140127254e-9,3.35866210567947e-5,3.28920125640916e-5,0.1111106006375325,-0.11110990491567509
21695,1.5625,-0.11111063449248712,1.2624405098353125e-9,3.553083885634158e-5,3.08153413018578e-5,0.11111063449248712,-0.1111099035785929
21696,3.90625,-0.11111068404408378,1.2371265999791745e-9,3.51728105214692e-5,2.5446673885200964e-5,0.11111068404408378,-0.11110989871438509
21697,9.765625,-0.11111073981432101,8.607938945982534e-10,2.9339289265390417e-5,1.2836748597466683e-5,0.11111073981432101,-0.11110988973369411
21698,24.4140625,-0.1111106576345185,1.8030096739448567e-10,1.3427619572898454e-5,1.8406234581469077e-5,0.1111106576345185,-0.11110988818538005
21699,9.765625,-0.1111105172430402,3.9242717522303484e-11,6.264400811115416e-6,4.921137305605594e-5,0.1111105172430402,-0.1111098914900025
21700,3.90625,-0.1111104239363415,5.816325452972765e-12,2.4117059217435208e-6,5.460130853991095e-5,0.1111104239363415,-0.11110989470166042
21701,1.5625,-0.11111034036462474,3.566984512045011e-11,5.972423722447204e-6,5.4447160208086695e-5,0.11111034036462474,-0.11110989761769095
21702,0.625,-0.11111025985395377,1.2017119967643693e-10,1.0962262525429544e-5,5.349815002036168e-5,0.11111025985395377,-0.1111099003764861
21703,0.25,-0.11111018042555293,2.573920783741932e-10,1.6043443469972186e-5,5.274102736705279e-5,0.11111018042555293,-0.11110990307341044
21704,0.1,-0.11111010142008652,4.4682963729547627e-10,2.1138345188199483e-5,5.225736322755221e-5,0.11111010142008652,-0.11110990575034808
21705,0.1,-0.1111100230979571,6.868856124290274e-10,2.6208502674304525e-5,5.1962039178005866e-5,0.1111100230979571,-0.11110990836698369
21706,0.1,-0.11110994555347516,9.759883799871188e-10,3.124081272929882e-5,5.162016784085739e-5,0.11110994555347516,-0.11110991091392522
21707,0.1,-0.11110986887917708,1.3123957377349714e-9,3.622700288093084e-5,5.123208128933631e-5,0.11110986887917708,-0.11110991338210048
21708,0.1,-0.11110979316566676,1.694202228414634e-9,4.1160687900163114e-5,5.079818569890832e-5,0.11110979316566676,-0.11110991576279215
21709,0.25,-0.11110972086274863,2.1079007263562283e-9,4.591188001330623e-5,5.032115622250217e-5,0.11110972086274863,-0.11110991767152317
21710,0.625,-0.11110965780708346,2.5170820623914543e-9,5.017052981972041e-5,4.913080690987734e-5,0.11110965780708346,-0.11110991823939324
21711,1.5625,-0.11110961928875233,2.820642025471453e-9,5.310971686491515e-5,4.601404673995627e-5,0.11110961928875233,-0.1111099152444212
21712,3.90625,-0.1111096421772052,2.7695773083154393e-9,5.262677368332054e-5,3.792434097784622e-5,0.1111096421772052,-0.11110990433509306
21713,9.765625,-0.11110979716366672,1.935102965122068e-9,4.3989805240783546e-5,1.85809533246023e-5,0.11110979716366672,-0.11110988409212794
21714,24.4140625,-0.11111013173791878,4.1061189501800344e-10,2.0263560768483002e-5,2.6501049763105386e-5,0.11111013173791878,-0.11110988031504475
21715,9.765625,-0.11111026452413962,8.999892975560878e-11,9.48677657350529e-6,7.344199278623324e-5,0.11111026452413962,-0.11110988769024774
21716,3.90625,-0.11111038306508346,1.1800903834044989e-11,3.4352443630759355e-6,8.170675156496354e-5,0.11111038306508346,-0.11110989489939721
21717,1.5625,-0.11111049408100888,7.61366981273286e-11,8.725634540096703e-6,8.154539499478442e-5,0.11111049408100888,-0.11110990145074713
21718,0.625,-0.11111060252178911,2.634869321075395e-10,1.6232280557812554e-5,8.014932028767459e-5,0.11111060252178911,-0.11110990764832275
21719,0.25,-0.11111071015600998,5.694762949895118e-10,2.3863702457697376e-5,7.902444698738047e-5,0.11111071015600998,-0.11110991370566817
21720,0.1,-0.1111108176170948,9.929636642865256e-10,3.151132596839628e-5,7.830327080613381e-5,0.1111108176170948,-0.1111099197172694
21721,0.1,-0.11111092475429613,1.5304018879382072e-9,3.912035132687598e-5,7.78620431748419e-5,0.11111092475429613,-0.11110992559382399
21722,0.1,-0.11111103146686652,2.178286348607342e-9,4.667211532175655e-5,7.735075768013915e-5,0.11111103146686652,-0.11110993131415599
21723,0.1,-0.11111113765269942,2.9327289981419623e-9,5.415467660453677e-5,7.676991585892883e-5,0.11111113765269942,-0.11110993685780668
21724,0.1,-0.1111112432085174,3.789474720087338e-9,6.155870953884055e-5,7.612012582324581e-5,0.1111112432085174,-0.111109942205114
21725,0.25,-0.11111134591127306,4.718434957910017e-9,6.869086517077811e-5,7.540538203747499e-5,0.11111134591127306,-0.11110994649492531
21726,0.625,-0.11111144023911601,5.638425954615628e-9,7.508945301848741e-5,7.362141872049708e-5,0.11111144023911601,-0.1111099477785216
21727,1.5625,-0.11111151114586232,6.323811403547632e-9,7.952239560996407e-5,6.894750205975972e-5,0.11111151114586232,-0.1111099410668756
21728,3.90625,-0.11111151952128578,6.217973748778407e-9,7.885412956071741e-5,5.6795779952912796e-5,0.11111151952128578,-0.11110991656017842
21729,9.765625,-0.11111137478680268,4.357890182024033e-9,6.601431800771734e-5,2.747022030132491e-5,0.11111137478680268,-0.11110987090739337
21730,24.4140625,-0.11111092919298618,9.335752818363133e-10,3.0554464188336104e-5,3.880466922538765e-5,0.11111092919298618,-0.11110986193501766
21731,9.765625,-0.11111068515989435,2.054742135975022e-10,1.4334371754545164e-5,0.00010996513770387544,0.11111068515989435,-0.11110987848910214
21732,3.90625,-0.11111048665356499,2.4193726258144873e-11,4.918711849472875e-6,0.0001225625290644753,0.11111048665356499,-0.11110989473901761
21733,1.5625,-0.11111030337225473,1.6445512622833526e-10,1.2824005857310548e-5,0.000122396264446378,0.11111030337225473,-0.11110990951718562
21734,0.625,-0.11111012545254767,5.820775700622586e-10,2.4126283801328764e-5,0.00012033044967908618,0.11111012545254767,-0.111109923497049
21735,0.25,-0.11110994964738409,1.2671182843725847e-9,3.559660495570589e-5,0.00011865316174715157,0.11110994964738409,-0.11110993715846902
21736,0.1,-0.11110977483592525,2.2169722999664532e-9,4.7084735318003574e-5,0.00011757445257688699,0.11110977483592525,-0.11110995071496343
21737,0.1,-0.11110960128036639,3.4237173537147765e-9,5.8512540140680757e-5,0.00011691304628227711,0.11110960128036639,-0.11110996396772996
21738,0.1,-0.11110942912562642,4.879498631882907e-9,6.985340816225724e-5,0.00011614655943014595,0.11110942912562642,-0.11110997686904359
21739,0.1,-0.11110925851367441,6.575600402912056e-9,8.109007585957764e-5,0.00011527572496177998,0.11110925851367441,-0.11110998937278467
21740,0.1,-0.11110908958345704,8.502482438503501e-9,9.220890650313288e-5,0.00011430143438686644,0.11110908958345704,-0.11111000143461655
21741,0.25,-0.11110892590339322,1.0592863429587573e-8,0.00010292163732465381,0.00011322963782731325,0.11110892590339322,-0.11111001112044225
21742,0.625,-0.11110877615418716,1.2665083270962805e-8,0.00011253925213436779,0.00011055547019904268,0.11110877615418716,-0.11111001404919192
21743,1.5625,-0.11110866372234585,1.4213926537377986e-8,0.00011922217301063585,0.00010354796179987561,0.11110866372234585,-0.11110999899459323
21744,3.90625,-0.11110864905628375,1.3991582715892679e-8,0.00011828602079659574,8.531343220707537e-5,0.11110864905628375,-0.11110994385213196
21745,9.765625,-0.11110887383680876,9.831479795241115e-9,9.915381886362782e-5,4.1098841881927065e-5,0.11110887383680876,-0.11110984077352583
21746,24.4140625,-0.11110960772008313,1.4346178617614674e-10,1.1977553430319012e-5,5.627883480858458e-5,0.11110960772008313,-0.11110989881433787
21747,9.765625,-0.11111091302714417,1.489375724196255e-10,1.2203998214504355e-5,3.280800357061136e-5,0.11111091302714417,-0.11110989797528212
21748,3.90625,-0.11111139867499896,1.7181949055814057e-10,1.3107993384120263e-5,2.2326849644648934e-5,0.11111139867499896,-0.11110989763561013
21749,1.5625,-0.1111117896569794,2.0102130760855027e-10,1.4178198320257418e-5,1.773581812133593e-5,0.1111117896569794,-0.11110989757858562
21750,0.625,-0.11111215614481841,2.35752525248768e-10,1.5354234765978016e-5,1.5675678541207493e-5,0.11111215614481841,-0.11110989765545291
21751,1.5625,-0.11111237448147693,2.5837655959426405e-10,1.6074095918410593e-5,1.4709482467371707e-5,0.11111237448147693,-0.11110989740686708
21752,3.90625,-0.11111219811900054,2.386623284683852e-10,1.5448699895731847e-5,1.2367954315527269e-5,0.11111219811900054,-0.11110989649860159
21753,9.765625,-0.11111124113424975,1.4225833243539818e-10,1.1927209750624753e-5,8.346636705631772e-6,0.11111124113424975,-0.11110989509919912
21754,24.4140625,-0.11111007178313527,2.4116764892612156e-11,4.910882292685517e-6,1.2489725582414977e-5,0.11111007178313527,-0.11110989528994845
21755,9.765625,-0.11111057650101025,3.992415875274753e-12,1.998103069232104e-6,2.246560506600795e-5,0.11111057650101025,-0.11110989596905323
21756,3.90625,-0.1111107445728913,3.3551661842560048e-12,1.8317112720775632e-6,2.361638146777254e-5,0.1111107445728913,-0.11110989654187252
21757,1.5625,-0.11111087118828579,1.335301421784061e-11,3.6541776390647197e-6,2.3083500639197923e-5,0.11111087118828579,-0.11110989704889977
21758,0.625,-0.11111098720937203,3.267845882890775e-11,5.716507572714983e-6,2.2482644216042503e-5,0.11111098720937203,-0.11110989752727737
21759,0.25,-0.11111110002071203,6.105307599463373e-11,7.813646779489954e-6,2.2068566795940612e-5,0.11111110002071203,-0.1111098979954105
21760,0.1,-0.1111112118292288,9.83895390589267e-11,9.919150117773533e-6,2.1812273101148183e-5,0.1111112118292288,-0.11110989846023808
21761,0.1,-0.11111132004792817,1.442955813099893e-10,1.2012309574348694e-5,2.1653491422258115e-5,0.11111132004792817,-0.11110989891251503
21762,0.1,-0.11111142428392706,1.984281933804631e-10,1.408645425153055e-5,2.1478514603325477e-5,0.11111142428392706,-0.11110989935082057
21763,0.1,-0.11111152416069965,2.6041787498905305e-10,1.6137468047653977e-5,2.128720404458966e-5,0.11111152416069965,-0.1111098997737826
21764,0.1,-0.11111161931924979,3.2987011643665816e-10,1.8162326845331744e-5,2.1079512502426212e-5,0.11111161931924979,-0.11110990018008572
21765,0.25,-0.11111169644832918,4.039013774466939e-10,2.0097297764791513e-5,2.085699647426701e-5,0.11111169644832918,-0.11110990049707842
21766,0.625,-0.11111172567814703,4.749749551662049e-10,2.1793920142237028e-5,2.033092095865122e-5,0.11111172567814703,-0.11110990056511402
21767,1.5625,-0.11111163343591132,5.228071184728335e-10,2.2864975803023135e-5,1.8995391920959028e-5,0.11111163343591132,-0.1111098999855905
21768,3.90625,-0.11111126674429643,5.002890377205934e-10,2.2367141921143912e-5,1.564717668934129e-5,0.11111126674429643,-0.11110989801951165
21769,9.765625,-0.11111047370012649,3.3675823717584037e-10,1.8350973739173636e-5,8.561427910525363e-6,0.11111047370012649,-0.11110989457283443
21770,24.4140625,-0.11110994687650161,6.813461379727463e-11,8.25436937611073e-6,1.347358789198879e-5,0.11110994687650161,-0.11110989418944807
21771,9.765625,-0.11111030548285766,1.4120762917971638e-11,3.7577603593060107e-6,3.150333342742384e-5,0.11111030548285766,-0.111109895539235
21772,3.90625,-0.11111045349694712,3.0938526870170987e-12,1.7589351002857094e-6,3.457556624354022e-5,0.11111045349694712,-0.11110989681644509
21773,1.5625,-0.11111057267236979,1.6969633768331593e-11,4.119421533216963e-6,3.433991859181726e-5,0.11111057267236979,-0.11110989796972721
21774,0.625,-0.1111106839459417,5.237778324608898e-11,7.237249701792041e-6,3.367833426661366e-5,0.1111106839459417,-0.11110989905965128
21775,0.25,-0.11111079270671824,1.085632033160546e-10,1.0419366742564282e-5,3.316785791033013e-5,0.11111079270671824,-0.11110990012484646
21776,0.1,-0.11111090064975974,1.8531585288242645e-10,1.3613076539945937e-5,3.284205412886819e-5,0.11111090064975974,-0.11110990118178547
21777,0.1,-0.11111100682333154,2.8195045434988304e-10,1.6791380358680552e-5,3.2640312962791295e-5,0.11111100682333154,-0.11110990221361824
21778,0.1,-0.111111110974333,3.978072215819105e-10,1.9945105203580917e-5,3.241040384478881e-5,0.111111110974333,-0.11110990321674594
21779,0.1,-0.11111121285681826,5.321603731934837e-10,2.3068601457251015e-5,3.215244204645033e-5,0.11111121285681826,-0.11110990418769437
21780,0.1,-0.11111131223269832,6.842210230944919e-10,2.6157618834566954e-5,3.186660985524708e-5,0.11111131223269832,-0.11110990512312717
21781,0.25,-0.11111140203700035,8.484218575127332e-10,2.9127681979737647e-5,3.1554717738567076e-5,0.11111140203700035,-0.11110990586876113
21782,0.625,-0.11111146586283037,1.0098485760118643e-9,3.1778114733442954e-5,3.0792834778046804e-5,0.11111146586283037,-0.11110990607794952
21783,1.5625,-0.11111146226013742,1.1273156807345235e-9,3.357552204708846e-5,2.8818806462723093e-5,0.11111146226013742,-0.11110990486876594
21784,3.90625,-0.11111130050635364,1.1004023608599486e-9,3.3172313167157164e-5,2.3741495402037225e-5,0.11111130050635364,-0.11110990053575621
21785,9.765625,-0.11111086379063602,7.604662047827779e-10,2.7576551720307198e-5,1.1969971938617957e-5,0.11111086379063602,-0.11110989262066076
21786,24.4140625,-0.11111040416889029,1.5693594230383517e-10,1.2527407644993243e-5,1.7834881431824006e-5,0.11111040416889029,-0.11110989138942233
21787,9.765625,-0.11111046854787508,3.3474779151976e-11,5.785739291739302e-6,4.6425519730002596e-5,0.11111046854787508,-0.11110989433331292
21788,3.90625,-0.11111045367666175,5.2962970006136e-12,2.301368506044523e-6,5.1370627376955865e-5,0.11111045367666175,-0.11110989717122322
21789,1.5625,-0.11111043151272283,3.3025422614211876e-11,5.746774975080534e-6,5.1168943317405195e-5,0.11111043151272283,-0.11110989974264805
21790,0.625,-0.11111040782192551,1.0905544503292588e-10,1.0442961506820078e-5,5.02495652838279e-5,0.11111040782192551,-0.11110990217414923
21791,0.25,-0.11111038375243178,2.3168550061525044e-10,1.5221218762479252e-5,4.952360976833922e-5,0.11111038375243178,-0.11110990455083858
21792,0.1,-0.11111035961565206,4.0046395935913126e-10,2.0011595622516744e-5,4.906044994915715e-5,0.11111035961565206,-0.11110990690976418
21793,0.1,-0.1111103350742685,6.139453386566029e-10,2.4777920386033267e-5,4.877691510636385e-5,0.1111103350742685,-0.11110990921470472
21794,0.1,-0.11111031007798479,8.707165069179441e-10,2.9507905837553842e-5,4.8449790425525654e-5,0.11111031007798479,-0.11110991145739987
21795,0.1,-0.11111028457958146,1.169214395627832e-9,3.419377714771844e-5,4.807937492207873e-5,0.11111028457958146,-0.11110991362987385
21796,0.1,-0.11111025853516092,1.507732525168608e-9,3.882953161150168e-5,4.76660411313845e-5,0.11111025853516092,-0.11110991572446635
21797,0.25,-0.11111023022384196,1.874194885134927e-9,4.3291972525341545e-5,4.7212385728026845e-5,0.11111023022384196,-0.11110991739959455
21798,0.625,-0.11111019586618928,2.2361057691932454e-9,4.728748004697697e-5,4.6085787519481433e-5,0.11111019586618928,-0.11110991788449867
21799,1.5625,-0.11111014662085972,2.5033411803919434e-9,5.003340064788664e-5,4.314264277191548e-5,0.11111014662085972,-0.11110991521066338
21800,3.90625,-0.11111006733478973,2.4543649961716664e-9,4.9541548181013344e-5,3.5515008076774724e-5,0.11111006733478973,-0.11110990553505792
21801,9.765625,-0.11110996663197628,1.7095563877970723e-9,4.134678207305948e-5,1.733994283855966e-5,0.11110996663197628,-0.11110988766579918
21802,24.4140625,-0.11111006893483383,3.5908540706941125e-10,1.894954899382598e-5,2.5262919945488595e-5,0.11111006893483383,-0.11110988450639572
21803,9.765625,-0.11111027890561338,7.783198948328245e-11,8.822244016308009e-6,6.913505683362352e-5,0.11111027890561338,-0.11110989104556993
21804,3.90625,-0.11111041572537517,1.0563006461673091e-11,3.2500779162464844e-6,7.68002740176632e-5,0.11111041572537517,-0.1111098974083026
21805,1.5625,-0.11111053802167802,6.911049271914973e-11,8.313272082588764e-6,7.660341482365614e-5,0.11111053802167802,-0.11110990318403569
21806,0.625,-0.11111065594959972,2.3629490042419717e-10,1.537188669045531e-5,7.52715993667202e-5,0.11111065594959972,-0.11110990864666849
21807,0.25,-0.1111107725074568,5.082760676972537e-10,2.2544978769057505e-5,7.420577964930143e-5,0.1111107725074568,-0.11110991398582122
21808,0.1,-0.11111088869733032,8.840542946480112e-10,2.9733050543931936e-5,7.352420011033582e-5,0.11111088869733032,-0.11110991928496085
21809,0.1,-0.11111100408863793,1.3604688280434709e-9,3.6884533724089164e-5,7.310784666730796e-5,0.11111100408863793,-0.11110992446444323
21810,0.1,-0.11111111852500548,1.9344068109828798e-9,4.3981891853157926e-5,7.262567718925105e-5,0.11111111852500548,-0.11110992950558737
21811,0.1,-0.11111123185114892,2.602416200335667e-9,5.101388242758697e-5,7.207815054972744e-5,0.11111123185114892,-0.11110993439034585
21812,0.1,-0.1111113439132313,3.3607202676731506e-9,5.797171955077019e-5,7.146582910900507e-5,0.1111113439132313,-0.11110993910137544
21813,0.25,-0.11111145076804431,4.182556149082521e-9,6.467268472146893e-5,7.079246036751041e-5,0.11111145076804431,-0.11110994287561236
21814,0.625,-0.11111154299106259,4.995756863666721e-9,7.068066824575671e-5,6.911156524718629e-5,0.11111154299106259,-0.11110994398775909
21815,1.5625,-0.11111159592211686,5.599865931898064e-9,7.483225194993175e-5,6.470833090291411e-5,0.11111159592211686,-0.11110993802419511
21816,3.90625,-0.11111155073137144,5.500956352683514e-9,7.416843231917144e-5,5.326601543491582e-5,0.11111155073137144,-0.111109916333131
21817,9.765625,-0.11111129995171468,3.8473104244082165e-9,6.20266912256991e-5,2.5713749862182753e-5,0.11111129995171468,-0.11110987604894683
21818,24.4140625,-0.11111080528812738,8.188309049280147e-10,2.86152215600022e-5,3.682672360385428e-5,0.11111080528812738,-0.1111098683887717
21819,9.765625,-0.11111063420773598,1.7942177345522075e-10,1.3394841300113292e-5,0.00010339865454098969,0.11111063420773598,-0.11110988302342963
21820,3.90625,-0.11111047422975608,2.2286702675579225e-11,4.720879438788839e-6,0.00011512701399670646,0.11111047422975608,-0.11110989734793239
21821,1.5625,-0.11111032394290428,1.4873264383015347e-10,1.2195599363301235e-5,0.00011492600224130717,0.11111032394290428,-0.11110991036686192
21822,0.625,-0.11111017740008407,5.198871655947784e-10,2.280103430975837e-5,0.00011296711829210576,0.11111017740008407,-0.11110992268169353
21823,0.25,-0.11111003241413393,1.127028355322087e-9,3.3571242981487694e-5,0.0001113845997399251,0.11111003241413393,-0.11110993471691945
21824,0.1,-0.11110988820467832,1.967881599573883e-9,4.436081152970359e-5,0.00011036921622746368,0.11110988820467832,-0.11110994666073702
21825,0.1,-0.11110974488098908,3.0354194109727763e-9,5.5094640492272715e-5,0.00010974787255940089,0.11110974488098908,-0.11110995833636861
21826,0.1,-0.11110960254068962,4.3226906043549925e-9,6.574717183541048e-5,0.00010902766919108736,0.11110960254068962,-0.11110996970168648
21827,0.1,-0.11110946127992923,5.8219824128881805e-9,7.630191618097268e-5,0.00010820930351781964,0.11110946127992923,-0.1111099807159844
21828,0.1,-0.11110932119340787,7.524852838667268e-9,8.674590963651986e-5,0.00010729362207877622,0.11110932119340787,-0.11110999134013547
21829,0.25,-0.11110918456106929,9.371627966120876e-9,9.680716898102576e-5,0.00010628621140069077,0.11110918456106929,-0.11110999986344489
21830,0.625,-0.11110905704474403,1.1201248842771286e-8,0.00010583595250561733,0.00010377054995321605,0.11110905704474403,-0.1111100024132429
21831,1.5625,-0.11110895430179317,1.2565968559751203e-8,0.00011209803102530928,9.717710369062031e-5,0.11110895430179317,-0.11110998907156439
21832,3.90625,-0.11110891917525996,1.2360777329770499e-8,0.00011117903277943417,8.002376922604627e-5,0.11110891917525996,-0.11110994033949281
21833,9.765625,-0.11110906582464236,8.671477139088319e-9,9.312076642236317e-5,3.8489194708707975e-5,0.11110906582464236,-0.11110984945390033
21834,24.4140625,-0.11110990639859324,1.260587264200578e-10,1.1227587738248044e-5,5.325676317750908e-5,0.11110990639859324,-0.11110990095602294
21835,9.765625,-0.11111078343031758,1.324155899152099e-10,1.1507197309302118e-5,3.0352804006993713e-5,0.11111078343031758,-0.11110990013668082
21836,3.90625,-0.11111110263219239,1.5117037623737805e-10,1.2295136283806619e-5,2.05324045429375e-5,0.11111110263219239,-0.11110989982428347
21837,1.5625,-0.11111136004416065,1.7507738766474413e-10,1.3231681210819135e-5,1.6355877801148753e-5,0.11111136004416065,-0.11110989977052095
21838,3.90625,-0.11111141464854,1.7518724782743036e-10,1.3235831965820297e-5,1.4502663303796315e-5,0.11111141464854,-0.11110989917624378
21839,9.765625,-0.11111099854001033,1.1798375334816045e-10,1.086203265269261e-5,1.0453251356283668e-5,0.11111099854001033,-0.11110989797127399
21840,24.4140625,-0.11111027248554341,2.2396052338528794e-11,4.7324467602424005e-6,9.636574909028599e-6,0.11111027248554341,-0.11110989781050186
21841,9.765625,-0.1111106115347448,5.10416739486001e-12,2.259240446446551e-6,1.8742717271349667e-5,0.1111106115347448,-0.11110989827887785
21842,3.90625,-0.11111072063335946,2.245325282300045e-12,1.4984409505549578e-6,2.015194729200092e-5,0.11111072063335946,-0.11110989870593821
21843,1.5625,-0.11111080398046708,7.335365265560568e-12,2.7083879459118424e-6,1.988081676898355e-5,0.11111080398046708,-0.11110989909057156
21844,0.625,-0.11111088092869795,1.9263378153509365e-11,4.38900651098963e-6,1.9433267757250388e-5,0.11111088092869795,-0.11110989945357552
21845,0.25,-0.11111095599547924,3.7758010172493145e-11,6.144754687739222e-6,1.9094526883688318e-5,0.11111095599547924,-0.1111098998074044
21846,0.1,-0.11111103049900252,6.27200876482002e-11,7.919601482915678e-6,1.88700766509055e-5,0.11111103049900252,-0.11110990015729476
21847,0.1,-0.11111110228638095,9.387247061205058e-11,9.688780656617765e-6,1.8721427772193155e-5,0.11111110228638095,-0.11110990049764122
21848,0.1,-0.11111117109095354,1.3096474528731234e-10,1.144398292935254e-5,1.856149969044585e-5,0.11111117109095354,-0.11110990082752012
21849,0.1,-0.11111123665847544,1.737298278995396e-10,1.318066113286961e-5,1.8389897974660006e-5,0.11111123665847544,-0.11110990114602985
21850,0.1,-0.1111112987479198,2.2188473330684366e-10,1.4895795826569443e-5,1.8206345225367263e-5,0.1111112987479198,-0.11110990145229714
21851,0.25,-0.11111134750337708,2.735047484140985e-10,1.653797897005854e-5,1.8012253996493915e-5,0.11111134750337708,-0.1111099016969527
21852,0.625,-0.11111136109273526,3.2354609079562133e-10,1.7987386991879096e-5,1.7575582140799176e-5,0.11111136109273526,-0.11110990177021368
21853,1.5625,-0.11111128620832154,3.5836807958802994e-10,1.8930612234896945e-5,1.6488088904505162e-5,0.11111128620832154,-0.11110990139573208
21854,3.90625,-0.1111110137724565,3.459154327754512e-10,1.8598801917743283e-5,1.377784228147479e-5,0.1111110137724565,-0.11110990005144097
21855,9.765625,-0.1111104439655431,2.3636444304597543e-10,1.5374148530763432e-5,8.037526155712286e-6,0.1111104439655431,-0.11110989762702106
21856,24.4140625,-0.11111010426241354,4.9529602217127316e-11,7.03772706327315e-6,1.1101770784817431e-5,0.11111010426241354,-0.1111098972608574
21857,9.765625,-0.11111034699974973,1.1133511666479064e-11,3.3366917248195203e-6,2.6190944260656738e-5,0.11111034699974973,-0.11110989818525681
21858,3.90625,-0.11111044743936131,2.57576679468411e-12,1.604919560191136e-6,2.8855113532805906e-5,0.11111044743936131,-0.1111098990765297
21859,1.5625,-0.11111052811436255,1.1295290912426041e-11,3.360846755272552e-6,2.8705400547507164e-5,0.11111052811436255,-0.11110989988526564
21860,0.625,-0.11111060337272859,3.4893662420200665e-11,5.9070857806705895e-6,2.817011855901101e-5,0.11111060337272859,-0.11110990065013891
21861,0.25,-0.11111067690596013,7.281238581418424e-11,8.533017392117763e-6,2.774629277760717e-5,0.11111067690596013,-0.11110990139716932
21862,0.1,-0.11111074987636525,1.248820150067824e-10,1.1175062192524138e-5,2.7469872679262666e-5,0.11111074987636525,-0.1111099021376874
21863,0.1,-0.11111082166581698,1.9062445556910326e-10,1.3806681555287037e-5,2.7294167231994013e-5,0.11111082166581698,-0.11110990286043901
21864,0.1,-0.1111108921022555,2.6957567649104065e-10,1.6418759895042033e-5,2.7095985127814116e-5,0.1111108921022555,-0.11110990356299873
21865,0.1,-0.11111096101828843,3.6122797857236857e-10,1.900599848922357e-5,2.687536285470578e-5,0.11111096101828843,-0.111109904243023
21866,0.1,-0.11111102825167274,4.650318677954201e-10,2.1564597557001153e-5,2.663240284949157e-5,0.11111102825167274,-0.11110990489826164
21867,0.25,-0.11111108906215247,5.772213590605363e-10,2.4025431506229732e-5,2.6368740523755477e-5,0.11111108906215247,-0.11110990542371299
21868,0.625,-0.11111113241154996,6.877138118820301e-10,2.622429811991219e-5,2.5738470504584112e-5,0.11111113241154996,-0.11110990558300779
21869,1.5625,-0.11111113035466534,7.686409752477594e-10,2.772437511014016e-5,2.4120077087382406e-5,0.11111113035466534,-0.11110990477373207
21870,3.90625,-0.11111102148321388,7.518372294859979e-10,2.7419650426035666e-5,1.9975804892797636e-5,0.11111102148321388,-0.1111099018256435
21871,9.765625,-0.11111072550795664,5.217849011263879e-10,2.2842611521592444e-5,1.0467703710497168e-5,0.11111072550795664,-0.11110989639888749
21872,24.4140625,-0.1111104071736146,1.0883615247969955e-10,1.0432456684774662e-5,1.487925624659839e-5,0.1111104071736146,-0.11110989550195477
21873,9.765625,-0.11111044552633141,2.349496726882628e-11,4.8471607430356876e-6,3.851999157727248e-5,0.11111044552633141,-0.1111098975250911
21874,3.90625,-0.11111042951953158,3.653382280103512e-12,1.9113822956445716e-6,4.2651664795492665e-5,0.11111042951953158,-0.11110989948319774
21875,1.5625,-0.1111104092167382,2.221794764015872e-11,4.713591798210651e-6,4.249886552256206e-5,0.1111104092167382,-0.1111099012592581
21876,0.625,-0.1111103880948486,7.391703993829345e-11,8.59750195919102e-6,4.1740171387014623e-5,0.1111103880948486,-0.11110990293874991
21877,0.25,-0.11111036679144777,1.5755219934470746e-10,1.2551979897398955e-5,4.1136288055058316e-5,0.11111036679144777,-0.11110990457985412
21878,0.1,-0.11111034546922742,2.7278988298340884e-10,1.6516351987754708e-5,4.074761177343015e-5,0.11111034546922742,-0.11110990620801654
21879,0.1,-0.11111032390637637,4.1863002484158565e-10,2.0460450259991486e-5,4.050670314003254e-5,0.11111032390637637,-0.11110990779864298
21880,0.1,-0.11111030207557628,5.940915465061831e-10,2.437399324087424e-5,4.023019825588479e-5,0.11111030207557628,-0.11110990934611609
21881,0.1,-0.11111027995164564,7.980923366965121e-10,2.8250528078188415e-5,3.9918330661167616e-5,0.11111027995164564,-0.11110991084501362
21882,0.1,-0.11111025751170728,1.0294536860457484e-9,3.208510068623361e-5,3.9571398242056077e-5,0.11111025751170728,-0.11110991229013074
21883,0.25,-0.1111102337365809,1.2799550935748846e-9,3.577646004812221e-5,3.919169668671628e-5,0.1111102337365809,-0.11110991344819526
21884,0.625,-0.11111020643545709,1.527491280544467e-9,3.908313294177511e-5,3.825890987821559e-5,0.11111020643545709,-0.11110991379259415
21885,1.5625,-0.1111101706497943,1.710745095000823e-9,4.13611544205529e-5,3.583292539849287e-5,0.1111101706497943,-0.11110991197744144
21886,3.90625,-0.11111011893446984,1.6788034392871199e-9,4.097320391776947e-5,2.9558412922349038e-5,0.11111011893446984,-0.11110990536963396
21887,9.765625,-0.11111006431646021,1.1719726014924055e-9,3.423408537543256e-5,1.4670074495833964e-5,0.11111006431646021,-0.11110989312301278
21888,24.4140625,-0.11111017122384975,2.4750718247169007e-10,1.5732360994831326e-5,2.0935960908610008e-5,0.11111017122384975,-0.11110989089618481
21889,9.765625,-0.11111032769735607,5.362163975009581e-11,7.322679820263604e-6,5.7318378594687375e-5,0.11111032769735607,-0.11110989539262302
21890,3.90625,-0.11111043264993471,6.81146032680195e-12,2.60987745436485e-6,6.370417080165559e-5,0.11111043264993471,-0.11110989977470925
21891,1.5625,-0.11111052678181538,4.643001920725381e-11,6.8139576757750565e-6,6.355330981007216e-5,0.11111052678181538,-0.11110990375367731
21892,0.625,-0.1111106176283397,1.6061538154540588e-10,1.267341238756973e-5,6.245177418976559e-5,0.1111106176283397,-0.11110990751652497
21893,0.25,-0.11111070743549775,3.466889558635702e-10,1.861958527635807e-5,6.156600348343636e-5,0.11111070743549775,-0.11110991119341229
21894,0.1,-0.1111107969560537,6.03931572869601e-10,2.457501928523355e-5,6.099651995642774e-5,0.1111107969560537,-0.11110991484176924
21895,0.1,-0.11111088586390415,9.3016188384316e-10,3.049855543862955e-5,6.064593873924605e-5,0.11111088586390415,-0.11110991840731115
21896,0.1,-0.11111097404124147,1.3232262956596138e-9,3.637617758450733e-5,6.024123123704464e-5,0.11111097404124147,-0.11110992187727785
21897,0.1,-0.11111106137099026,1.7807409011571364e-9,4.219882582675893e-5,5.978277499526445e-5,0.11111106137099026,-0.1111099252393449
21898,0.1,-0.11111114773707188,2.3001014171726678e-9,4.795937256858838e-5,5.927103470973845e-5,0.11111114773707188,-0.11110992848167228
21899,0.25,-0.11111123016458307,2.8630283858183463e-9,5.350727413930134e-5,5.870927600374978e-5,0.11111123016458307,-0.1111099310819331
21900,0.625,-0.11111130153589689,3.420253873990616e-9,5.84829366053947e-5,5.7316400274156964e-5,0.11111130153589689,-0.11110993185876539
21901,1.5625,-0.1111113431739197,3.834913778201648e-9,6.192668066513536e-5,5.3677542636979175e-5,0.1111113431739197,-0.11110992778865708
21902,3.90625,-0.1111113101614196,3.769496594343647e-9,6.139622622233102e-5,4.4231606953389096e-5,0.1111113101614196,-0.11110991293625408
21903,9.765625,-0.11111111815018254,2.640348478146984e-9,5.138432132613005e-5,2.1517696273576597e-5,0.11111111815018254,-0.11110988529045274
21904,24.4140625,-0.11111072376025694,5.638164028022157e-10,2.3744818441129754e-5,3.043726119346217e-5,0.11111072376025694,-0.11110987993893671
21905,9.765625,-0.11111057831078285,1.232659599945171e-10,1.1102520434321079e-5,8.570845663562562e-5,0.11111057831078285,-0.11110989000226948
21906,3.90625,-0.11111044539094357,1.437028651893723e-11,3.7908160755881087e-6,9.546752886705413e-5,0.11111044539094357,-0.11110989986056444
21907,1.5625,-0.11111032096316999,1.0039731404853553e-10,1.0019846009222674e-5,9.531171918354058e-5,0.11111032096316999,-0.11110990882064438
21908,0.625,-0.11111019972035056,3.5452436041340354e-10,1.8828817286632837e-5,9.3687966529139e-5,0.11111019972035056,-0.11110991729467974
21909,0.25,-0.11111007975959722,7.70686422063586e-10,2.7761239562807458e-5,9.237163693885019e-5,0.11111007975959722,-0.111109925574467
21910,0.1,-0.11110996040664678,1.3472629616926693e-9,3.670508087026467e-5,9.15234593201414e-5,0.11110996040664678,-0.11110993378955865
21911,0.1,-0.11110984178807252,2.079401792320167e-9,4.560045824682212e-5,9.100114224595059e-5,0.11110984178807252,-0.11110994181913093
21912,0.1,-0.11110972399193503,2.962294816406266e-9,5.442696773113735e-5,9.039726008655817e-5,0.11110972399193503,-0.11110994963434402
21913,0.1,-0.11110960710521749,3.990614865196423e-9,6.317131362569899e-5,8.971239624626288e-5,0.11110960710521749,-0.11110995720734099
21914,0.1,-0.11110949121381618,5.158537968273002e-9,7.18229626809769e-5,8.894725795164603e-5,0.11110949121381618,-0.11110996451135294
21915,0.25,-0.11110937840580118,6.4252094674994304e-9,8.015740432111952e-5,8.810668708040913e-5,0.11110937840580118,-0.1111099703735483
21916,0.625,-0.11110927383548523,7.680412196651373e-9,8.763796093389767e-5,8.601940558864855e-5,0.11110927383548523,-0.1111099721383583
21917,1.5625,-0.1111091916556389,8.617731422067682e-9,9.28317371488204e-5,8.056096648367151e-5,0.1111091916556389,-0.11110996300277907
21918,3.90625,-0.11110916997133116,8.480521630025109e-9,9.208974769226545e-5,6.637097508414998e-5,0.11110916997133116,-0.11110992957896776
21919,9.765625,-0.1111093066831616,5.955369061834582e-9,7.717103771386375e-5,3.201369249619011e-5,0.1111093066831616,-0.11110986715545977
21920,24.4140625,-0.11110995177017313,8.619618497018502e-11,9.284190054613543e-6,4.393177898564921e-5,0.11110995177017313,-0.11110990249052782
21921,9.765625,-0.11111075687532207,9.044549508515997e-11,9.510283649038023e-6,2.5218644661373157e-5,0.11111075687532207,-0.11110990194429522
21922,3.90625,-0.11111105009715543,1.0333512881442179e-10,1.0165388768484055e-5,1.714302399047304e-5,0.11111105009715543,-0.11110990173608404
21923,1.5625,-0.11111128649927197,1.1966721182398794e-10,1.0939250971798204e-5,1.3727748446955892e-5,0.11111128649927197,-0.1111099017047977
21924,0.625,-0.11111150825816622,1.389613096078448e-10,1.178818517023909e-5,1.2235397229632922e-5,0.11111150825816622,-0.11110990175565992
21925,1.5625,-0.11111163884438244,1.5136680563975963e-10,1.230312178431798e-5,1.1545587085234587e-5,0.11111163884438244,-0.11110990161855804
21926,3.90625,-0.11111152744016731,1.4030728124989773e-10,1.1845137451709783e-5,9.907532298561859e-6,0.11111152744016731,-0.11110990109761383
21927,9.765625,-0.11111094054568998,8.556313425194723e-11,9.250034283825505e-6,7.2110367109201205e-6,0.11111094054568998,-0.11110990027110518
21928,24.4140625,-0.11111023411163166,1.4660158853225562e-11,3.828858688072147e-6,1.0218338344440196e-5,0.11111023411163166,-0.11110990038906222
21929,9.765625,-0.11111052483541377,2.7607267055795895e-12,1.6615434708666486e-6,1.773248274437082e-5,0.11111052483541377,-0.11110990080243169
21930,3.90625,-0.1111106162812623,2.1736304460167547e-12,1.4743237249724888e-6,1.8650941539426007e-5,0.1111106162812623,-0.11110990115950632
21931,1.5625,-0.11111068361234612,7.978661889506452e-12,2.824652525445644e-6,1.8268284516276443e-5,0.11111068361234612,-0.11110990147823199
21932,0.625,-0.11111074484459117,1.9386363135891387e-11,4.402994791717495e-6,1.781989445027422e-5,0.11111074484459117,-0.11110990177988359
21933,0.25,-0.1111108042404083,3.6222784737477415e-11,6.018536760498968e-6,1.7507384514007223e-5,0.1111108042404083,-0.1111099020752925
21934,0.1,-0.11111086306573591,5.843127383932192e-11,7.644035180408442e-6,1.7312220669837837e-5,0.11111086306573591,-0.11110990236859207
21935,0.1,-0.11111091978958955,8.578501826216259e-11,9.262020204154307e-6,1.7190097294288064e-5,0.11111091978958955,-0.11110990265430265
21936,0.1,-0.11111097418501537,1.18082589579055e-10,1.086658131976451e-5,1.7055924216936142e-5,0.11111097418501537,-0.11110990293157758
21937,0.1,-0.11111102603482105,1.551070821857659e-10,1.245419937955732e-5,1.690958322255823e-5,0.11111102603482105,-0.1111099031995968
21938,0.1,-0.11111107513226808,1.9662689596970217e-10,1.4022371267717247e-5,1.675102787547241e-5,0.11111107513226808,-0.11110990345757381
21939,0.25,-0.11111111370821229,2.4097989909444904e-10,1.5523527276184656e-5,1.6581456080799537e-5,0.11111111370821229,-0.11110990366214178
21940,0.625,-0.11111112436673788,2.8380557956314615e-10,1.6846530193578325e-5,1.618381394490627e-5,0.11111112436673788,-0.11110990371772636
21941,1.5625,-0.1111110643672331,3.132848527724117e-10,1.7699854597493498e-5,1.5177882862483338e-5,0.1111110643672331,-0.1111099033844626
21942,3.90625,-0.11111084544520684,3.014969043182327e-10,1.7363666211898703e-5,1.2663452890876906e-5,0.11111084544520684,-0.11110990221150965
21943,9.765625,-0.11111038398259113,2.0466382889346622e-10,1.4306076642233755e-5,7.4302903252807145e-6,0.11111038398259113,-0.11110990012178669
21944,24.4140625,-0.111110104050328,4.169224147250774e-11,6.456952955729795e-6,1.0883316143682113e-5,0.111110104050328,-0.11110989988072509
21945,9.765625,-0.111110332125041,9.022995434846559e-12,3.0038301274949883e-6,2.476232928286476e-5,0.111110332125041,-0.11110990070593613
21946,3.90625,-0.11111043160260484,2.237314931497614e-12,1.4957656673080894e-6,2.7146741187876862e-5,0.11111043160260484,-0.111109901491397
21947,1.5625,-0.11111051321904013,1.055118723556936e-11,3.248259108440914e-6,2.6971084391752775e-5,0.11111051321904013,-0.11110990220289674
21948,0.625,-0.1111105898889664,3.192111819154206e-11,5.649877714742335e-6,2.6462490351119123e-5,0.1111105898889664,-0.11110990287630383
21949,0.25,-0.11111066497742826,6.588594810700764e-11,8.117015960746144e-6,2.6068793167740294e-5,0.11111066497742826,-0.11110990353477375
21950,0.1,-0.11111073954908773,1.1231552528712136e-10,1.0597901928547996e-5,2.581686405283314e-5,0.11111073954908773,-0.11110990418821048
21951,0.1,-0.11111081302007968,1.7079537096376842e-10,1.306887030174255e-5,2.566033672598874e-5,0.11111081302007968,-0.11110990482638886
21952,0.1,-0.11111088523134871,2.409256543309947e-10,1.552177999879507e-5,2.5482113759620594e-5,0.11111088523134871,-0.11110990544712808
21953,0.1,-0.111110956028121,3.222668067266628e-10,1.7951791184354358e-5,2.5282297262157184e-5,0.111110956028121,-0.11110990604832256
21954,0.1,-0.111111025260336,4.1434125567490183e-10,2.0355374122695505e-5,2.5061041198858564e-5,0.111111025260336,-0.11110990662795199
21955,0.25,-0.1111110885211491,5.137957692410562e-10,2.266706353370582e-5,2.4819784123998385e-5,0.1111110885211491,-0.11110990709258395
21956,0.625,-0.11111113555400119,6.116455520859475e-10,2.4731468862280453e-5,2.423234948195297e-5,0.11111113555400119,-0.11110990723223371
21957,1.5625,-0.11111114037175737,6.830576956665681e-10,2.6135372499097234e-5,2.2713234339206633e-5,0.11111114037175737,-0.1111099065122669
21958,3.90625,-0.11111104564340595,6.673424555247519e-10,2.5832972254944877e-5,1.8817317350626043e-5,0.11111104564340595,-0.11110990389660516
21959,9.765625,-0.11111077443867735,4.619717463977608e-10,2.149352801188676e-5,9.929214300344256e-6,0.11111077443867735,-0.11110989909804077
21960,24.4140625,-0.11111046481047686,9.569308862590302e-11,9.782284427775703e-6,1.4247872005398152e-5,0.11111046481047686,-0.11110989834488649
21961,9.765625,-0.1111104800937624,2.0651703507665155e-11,4.544414539593099e-6,3.633042110259719e-5,0.1111104800937624,-0.11110990014102079
21962,3.90625,-0.1111104527543009,3.4583042817078923e-12,1.8596516560119242e-6,4.0177764462048045e-5,0.1111104527543009,-0.11110990187557591
21963,1.5625,-0.11111042247296761,2.0229273535644578e-11,4.497696469932645e-6,4.002378909933752e-5,0.11111042247296761,-0.11110990344897637
21964,0.625,-0.11111039175609813,6.633737191272821e-11,8.144775743550477e-6,3.93101949366591e-5,0.11111039175609813,-0.11110990493753285
21965,0.25,-0.11111036097954298,1.4074467750886412e-10,1.1863586199327088e-5,3.874595945273255e-5,0.11111036097954298,-0.11110990639277135
21966,0.1,-0.11111033022145717,2.4317320793434134e-10,1.5594011925554674e-5,3.838545034238759e-5,0.11111033022145717,-0.1111099078371437
21967,0.1,-0.11111029930380124,3.7274451069024513e-10,1.9306592415292896e-5,3.8164287946008463e-5,0.11111029930380124,-0.11110990924865284
21968,0.1,-0.11111026821176366,5.285989158735423e-10,2.299127912651974e-5,3.790935758389098e-5,0.11111026821176366,-0.11110991062228781
21969,0.1,-0.11111023693229816,7.097859636791815e-10,2.664180856622128e-5,3.762089548878853e-5,0.11111023693229816,-0.1111099119532113
21970,0.1,-0.11111020545424559,9.152683596753806e-10,3.0253402447912872e-5,3.729919601793962e-5,0.11111020545424559,-0.11110991323677746
21971,0.25,-0.11111017310074273,1.137726059149477e-9,3.373019506539322e-5,3.694630954194457e-5,0.11111017310074273,-0.11110991426563663
21972,0.625,-0.11111013847555684,1.3574621866293538e-9,3.6843753698956266e-5,3.607169342776972e-5,0.11111013847555684,-0.1111099145718899
21973,1.5625,-0.11111009861605838,1.519841146215338e-9,3.8985140069202493e-5,3.378931181280147e-5,0.11111009861605838,-0.11110991296028641
21974,3.90625,-0.11111005037883083,1.4904970324240426e-9,3.860695575183367e-5,2.7882836630810974e-5,0.11111005037883083,-0.11110990709591438
21975,9.765625,-0.11111001206066802,1.0388594192503442e-9,3.223134218816127e-5,1.3921738567309208e-5,0.11111001206066802,-0.11110989624718079
21976,24.4140625,-0.1111101367310954,2.186271092049752e-10,1.4786044406972921e-5,1.9931009257664774e-5,0.1111101367310954,-0.11110989432005222
21977,9.765625,-0.11111029386246975,4.755362635435604e-11,6.895913743250856e-6,5.39960106143046e-5,0.11111029386246975,-0.11110989830353946
21978,3.90625,-0.11111040177264452,6.569819475124102e-12,2.563165908622402e-6,5.997016875866281e-5,0.11111040177264452,-0.11110990218220174
21979,1.5625,-0.1111104991468593,4.2069316583848384e-11,6.486086384241917e-6,5.981951046543918e-5,0.1111104991468593,-0.11110990570459801
21980,0.625,-0.11111059327571737,1.4359818340950224e-10,1.1983245946299451e-5,5.8783363905103184e-5,0.11111059327571737,-0.11110990903674718
21981,0.25,-0.11111068636352696,3.08815034030188e-10,1.7573133870490715e-5,5.795352151912024e-5,0.11111068636352696,-0.11110991229377783
21982,0.1,-0.11111077915375622,5.371065590871737e-10,2.3175559520477036e-5,5.7422450679827686e-5,0.11111077915375622,-0.11110991552639136
21983,0.1,-0.11111087135722592,8.265500377321627e-10,2.874978326409023e-5,5.709769081507985e-5,0.11111087135722592,-0.11110991868620343
21984,0.1,-0.11111096285976856,1.1752506752679714e-9,3.4281929281590486e-5,5.672175950974446e-5,0.11111096285976856,-0.11110992176186728
21985,0.1,-0.11111105354791362,1.5811079772935468e-9,3.9763148483156446e-5,5.6295020682959755e-5,0.11111105354791362,-0.11110992474242166
21986,0.1,-0.11111114330912852,2.0418245711871607e-9,4.518655299076442e-5,5.5817919063113236e-5,0.11111114330912852,-0.11110992761733422
21987,0.25,-0.11111122931126906,2.541152442779507e-9,5.0409844701005646e-5,5.529341332697029e-5,0.11111122931126906,-0.11110992992300583
21988,0.625,-0.11111130475219486,3.0352818955836795e-9,5.509339248570267e-5,5.398544114962057e-5,0.11111130475219486,-0.11110993061119273
21989,1.5625,-0.11111135173140929,3.4025178659479517e-9,5.833110547510609e-5,5.0560943715324904e-5,0.11111135173140929,-0.11110992699999735
21990,3.90625,-0.11111132694492655,3.3429294771278448e-9,5.78180722363505e-5,4.166788957087879e-5,0.11111132694492655,-0.11110991383027384
21991,9.765625,-0.11111114751680769,2.3389119023167364e-9,4.8362298356433975e-5,2.033157458834377e-5,0.11111114751680769,-0.11110988934988944
21992,24.4140625,-0.11111076066184666,4.982639380642106e-10,2.232182649480572e-5,2.8859608088954363e-5,0.11111076066184666,-0.11110988468061406
21993,9.765625,-0.11111060950379756,1.092850673923064e-10,1.0453949846460255e-5,8.068699183239878e-5,0.11111060950379756,-0.11110989358843103
21994,3.90625,-0.11111047384056727,1.3622582330305384e-11,3.6908782600223193e-6,8.983256173776664e-5,0.11111047384056727,-0.11110990230966464
21995,1.5625,-0.11111034691096836,9.040971001485697e-11,9.508402074736689e-6,8.967711739576328e-5,0.11111034691096836,-0.11110991023718404
21996,0.625,-0.11111022321919528,3.1598672142004255e-10,1.7776015341466223e-5,8.815008952557879e-5,0.11111022321919528,-0.11110991773636991
21997,0.25,-0.111110100810304,6.850358982615679e-10,2.617319044865505e-5,8.69157558859777e-5,0.111110100810304,-0.1111099250652617
21998,0.1,-0.11110997899179158,1.19616240782087e-9,3.458558092357088e-5,8.612312970907015e-5,0.11110997899179158,-0.11110993233828279
21999,0.1,-0.11110985787996874,1.845087307250623e-9,4.2954479478287514e-5,8.563747073631956e-5,0.11110985787996874,-0.11110993944799542
22000,0.1,-0.11110973756531745,2.6275762964025433e-9,5.12598897423955e-5,8.507483843158388e-5,0.11110973756531745,-0.11110994636880116
22001,0.1,-0.11110961813731797,3.538932777348618e-9,5.948892987227639e-5,8.443578272695682e-5,0.11110961813731797,-0.11110995307596884
22002,0.1,-0.11110949968441423,4.5740175614867204e-9,6.763148350795449e-5,8.372096988020197e-5,0.11110949968441423,-0.11110995954572833
22003,0.25,-0.11110938431308423,5.6965694076622945e-9,7.54756212803995e-5,8.293481357435658e-5,0.11110938431308423,-0.11110996473825376
22004,0.625,-0.11110927723339879,6.808731971797518e-9,8.251504088223867e-5,8.097407801696076e-5,0.11110927723339879,-0.11110996629957641
22005,1.5625,-0.11110919273257602,7.63846330562954e-9,8.739830264730283e-5,7.583791226212249e-5,0.11110919273257602,-0.11110995820083545
22006,3.90625,-0.11110916907146372,7.514292800383884e-9,8.668502062284973e-5,6.248097341415454e-5,0.11110916907146372,-0.11110992858694548
22007,9.765625,-0.11110930323204596,5.2724831058364434e-9,7.261186615035069e-5,3.0187352486273464e-5,0.11110930323204596,-0.11110987333499987
22008,24.4140625,-0.11110993060713817,7.727291042816977e-11,8.790501147725866e-6,4.15942559639155e-5,0.11110993060713817,-0.11110990467395207
22009,9.765625,-0.1111107314737113,8.082940706228848e-11,8.990517619263558e-6,2.3986483149936543e-5,0.1111107314737113,-0.11110990419432196
22010,3.90625,-0.11111102769137297,9.242343524838599e-11,9.613710794921281e-6,1.643050255742885e-5,0.11111102769137297,-0.1111099040154341
22011,1.5625,-0.11111126665733258,1.0719373235201638e-10,1.0353440604553463e-5,1.3234371423684483e-5,0.11111126665733258,-0.11110990399365608
22012,0.625,-0.11111149081798,1.2470540069830723e-10,1.1167157234422161e-5,1.1836041413755827e-5,0.11111149081798,-0.11110990404497818
22013,1.5625,-0.1111116246874267,1.3606380631998485e-10,1.1664639142296038e-5,1.1188560354786849e-5,0.1111116246874267,-0.11110990392679194
22014,3.90625,-0.11111151826945255,1.261981953175108e-10,1.1233797012475827e-5,9.652455219232174e-6,0.11111151826945255,-0.11110990346219997
22015,9.765625,-0.11111093745052351,7.672252322216391e-11,8.759139411047407e-6,7.13173034484572e-6,0.11111093745052351,-0.11110990272362921
22016,24.4140625,-0.11111022818107585,1.3032701321469312e-11,3.6100832845613566e-6,9.859772957211392e-6,0.11111022818107585,-0.11110990283533617
22017,9.765625,-0.11111052315598041,2.5012248725134835e-12,1.5815261213503504e-6,1.683359169577475e-5,0.11111052315598041,-0.11110990320606991
22018,3.90625,-0.111110618450446,2.0833832539759654e-12,1.4433929658883493e-6,1.767290519653572e-5,0.111110618450446,-0.11110990352564461
22019,1.5625,-0.1111106894502785,7.351433981992908e-12,2.711352795560347e-6,1.7302567541673317e-5,0.1111106894502785,-0.11110990381108743
22020,0.625,-0.11111075427746049,1.7605962255073624e-11,4.195945930904451e-6,1.687722868484394e-5,0.11111075427746049,-0.11110990408146731
22021,0.25,-0.11111081724095673,3.269457607298521e-11,5.717917109663729e-6,1.658250771133552e-5,0.11111081724095673,-0.11110990434640292
22022,0.1,-0.1111108796238053,5.256834082434625e-11,7.250402804282411e-6,1.639923583251442e-5,0.1111108796238053,-0.11110990460953914
22023,0.1,-0.11111093988971887,7.702358805554307e-11,8.776308338677662e-6,1.6285050457661237e-5,0.11111093988971887,-0.11110990486592927
22024,0.1,-0.11111099780914653,1.0588012689284408e-10,1.0289806941475826e-5,1.615950048908355e-5,0.11111099780914653,-0.11110990511481733
22025,0.1,-0.11111105316228674,1.3894383609929042e-10,1.178744400195778e-5,1.6022482966751434e-5,0.11111105316228674,-0.11110990535547217
22026,0.1,-0.11111110573978301,1.7600737862371398e-10,1.3266777250851616e-5,1.587396283298372e-5,0.11111110573978301,-0.11110990558719155
22027,0.25,-0.11111114771019955,2.1557361634766376e-10,1.4682425424556522e-5,1.5715060892850415e-5,0.11111114771019955,-0.1111099057711973
22028,0.625,-0.11111116152383856,2.5371698509522104e-10,1.5928496008575982e-5,1.5341419462070022e-5,0.11111116152383856,-0.11110990582213336
22029,1.5625,-0.11111110401365056,2.798096235729307e-10,1.6727510979608734e-5,1.43959496080058e-5,0.11111110401365056,-0.11110990552609278
22030,3.90625,-0.1111108857391319,2.6881977400793586e-10,1.63957242599385e-5,1.2038940165299288e-5,0.1111108857391319,-0.1111099044826515
22031,9.765625,-0.1111104199114566,1.8185465475889826e-10,1.3485349634284543e-5,7.203999042806343e-6,0.1111104199114566,-0.11110990263070222
22032,24.4140625,-0.11111012344344451,3.6802563861807095e-11,6.066511671612204e-6,1.0492369910859007e-5,0.11111012344344451,-0.11110990243391312
22033,9.765625,-0.11111034295997646,7.982325209042697e-12,2.825300905928906e-6,2.3411176360708582e-5,0.11111034295997646,-0.1111099031695928
22034,3.90625,-0.11111043640480454,2.1231747658996187e-12,1.4571117890881326e-6,2.562397369917478e-5,0.11111043640480454,-0.11110990386810438
22035,1.5625,-0.11111051239849834,9.648202143074962e-12,3.1061555246115676e-6,2.544714003714051e-5,0.11111051239849834,-0.11110990450081465
22036,0.625,-0.11111058357784674,2.8751373920469582e-11,5.362030764595591e-6,2.496441908658913e-5,0.11111058357784674,-0.1111099050998309
22037,0.25,-0.11111065321977014,5.902686115595986e-11,7.682894061221972e-6,2.4592666626721835e-5,0.11111065321977014,-0.11110990568570447
22038,0.1,-0.11111072235873726,1.0036084111652446e-10,1.0018025809336112e-5,2.4355397092877253e-5,0.11111072235873726,-0.11110990626719001
22039,0.1,-0.11111079042582483,1.523834434934811e-10,1.2344368898144656e-5,2.4208304058157954e-5,0.11111079042582483,-0.1111099068351299
22040,0.1,-0.11111085726672208,2.1473892075127177e-10,1.465397286578871e-5,2.4040811438806433e-5,0.11111085726672208,-0.11110990738758947
22041,0.1,-0.11111092273134465,2.870361518419542e-10,1.6942141300377416e-5,2.385301664402776e-5,0.11111092273134465,-0.1111099079227017
22042,0.1,-0.11111098667425723,3.688501907652458e-10,1.920547293781764e-5,2.3645066696294027e-5,0.11111098667425723,-0.1111099084386748
22043,0.25,-0.1111110448134268,4.5718729692500996e-10,2.138193856798326e-5,2.3418307882984798e-5,0.1111110448134268,-0.11110990885239584
22044,0.625,-0.11111108718872605,5.440292845903537e-10,2.3324435354159246e-5,2.2865647737594832e-5,0.11111108718872605,-0.11110990897721718
22045,1.5625,-0.11111108858923034,6.072269662528589e-10,2.464197569702679e-5,2.1436486986204854e-5,0.11111108858923034,-0.11110990833827462
22046,3.90625,-0.11111099356142139,5.927153142225618e-10,2.4345745300207216e-5,1.7775884305466017e-5,0.11111099356142139,-0.11110990601719038
22047,9.765625,-0.11111072887997536,4.094889257670476e-10,2.023583271741115e-5,9.487302583726378e-6,0.11111072887997536,-0.11110990176889768
22048,24.4140625,-0.11111043650320436,8.439090069838775e-11,9.18645201905435e-6,1.3622900866956778e-5,0.11111043650320436,-0.11110990112736746
22049,9.765625,-0.11111046172147236,1.8235406945499407e-11,4.27029354324728e-6,3.425563232078773e-5,0.11111046172147236,-0.11110990272169591
22050,3.90625,-0.11111044272528882,3.2671936086554168e-12,1.8075379964624303e-6,3.7841381398287815e-5,0.11111044272528882,-0.11110990425843828
22051,1.5625,-0.11111042023325672,1.8352894323174095e-11,4.284027815406209e-6,3.768410366440918e-5,0.11111042023325672,-0.11110990565218476
22052,0.625,-0.11111039710898903,5.940775948295885e-11,7.7076429265346e-6,3.700833094672567e-5,0.11111039710898903,-0.11110990697096487
22053,0.25,-0.11111037385247464,1.2551849534592196e-10,1.1203503708479858e-5,3.647613749920365e-5,0.11111037385247464,-0.1111099082604201
22054,0.1,-0.11111035058578798,2.1644194555646858e-10,1.4711966066996912e-5,3.6136780136166145e-5,0.11111035058578798,-0.11110990954038197
22055,0.1,-0.11111032712754428,3.313972054784787e-10,1.8204318319521848e-5,3.592896218854949e-5,0.11111032712754428,-0.11110991079123693
22056,0.1,-0.11111030345729694,4.69621829373933e-10,2.1670759778418776e-5,3.5689371203632634e-5,0.11111030345729694,-0.1111099120085477
22057,0.1,-0.11111027955640905,6.302727596496219e-10,2.5105233710316698e-5,3.541823060527733e-5,0.11111027955640905,-0.11110991318803072
22058,0.1,-0.11111025540818087,8.124298431297501e-10,2.850315496799872e-5,3.511581907974523e-5,0.11111025540818087,-0.11110991432557162
22059,0.25,-0.11111023021456233,1.0095821027785325e-9,3.1773921740611946e-5,3.4784052774391164e-5,0.11111023021456233,-0.11110991523721472
22060,0.625,-0.11111020227642622,1.2042146169717125e-9,3.470179558714091e-5,3.3961097444633345e-5,0.11111020227642622,-0.1111099155080732
22061,1.5625,-0.11111016780163885,1.3477615518682017e-9,3.671187208340378e-5,3.181330461270772e-5,0.11111016780163885,-0.11110991407887191
22062,3.90625,-0.11111012145156363,1.3208797276143819e-9,3.6343909085490264e-5,2.6258621599861046e-5,0.11111012145156363,-0.1111099088833033
22063,9.765625,-0.1111100761445321,9.192726159684722e-10,3.0319508834551925e-5,1.3183187872430534e-5,0.1111100761445321,-0.11110989928962577
22064,24.4140625,-0.11111017460451392,1.9265927035524224e-10,1.3880175443964757e-5,1.8943987407635217e-5,0.11111017460451392,-0.11110989762799749
22065,9.765625,-0.11111031712200888,4.189686617785455e-11,6.47277886057098e-6,5.083266936703935e-5,0.11111031712200888,-0.1111099011554804
22066,3.90625,-0.11111041339493585,6.101759059528081e-12,2.470173892568716e-6,5.6412385916867074e-5,0.11111041339493585,-0.11110990458461206
22067,1.5625,-0.11111049996715891,3.790403459229548e-11,6.156625260018306e-6,5.625627496859884e-5,0.11111049996715891,-0.11110990769804574
22068,0.625,-0.11111058356917197,1.280816731238199e-10,1.1317317399623459e-5,5.527661847031726e-5,0.11111058356917197,-0.11110991064347549
22069,0.25,-0.1111106662194714,2.745745952810348e-10,1.657029255266891e-5,5.449456621290857e-5,0.1111106662194714,-0.11110991352277294
22070,0.1,-0.1111107485964793,4.768460396513767e-10,2.1836804703330035e-5,5.399489601046196e-5,0.1111107485964793,-0.11110991638070021
22071,0.1,-0.11111083042437715,7.33190948084761e-10,2.707749892594885e-5,5.368979568743905e-5,0.11111083042437715,-0.11110991917424538
22072,0.1,-0.11111091159852217,1.0419320331873528e-9,3.227897199706572e-5,5.3336554157028925e-5,0.11111091159852217,-0.11110992189337322
22073,0.1,-0.11111099201498026,1.4012096974812192e-9,3.7432735639827595e-5,5.293551394829402e-5,0.11111099201498026,-0.11110992452838903
22074,0.1,-0.11111107157075596,1.8089898561039377e-9,4.253222138689605e-5,5.248709413801799e-5,0.11111107157075596,-0.1111099270699786
22075,0.25,-0.11111114764655002,2.2508542949283556e-9,4.7443169107136544e-5,5.199405772912351e-5,0.11111114764655002,-0.1111099291075688
22076,0.625,-0.11111121396464242,2.687934728814703e-9,5.184529611078235e-5,5.07636152403456e-5,0.11111121396464242,-0.11110992971319363
22077,1.5625,-0.11111125403706625,3.0122910376038925e-9,5.4884342371972466e-5,4.7541558940163214e-5,0.11111125403706625,-0.11110992651363143
22078,3.90625,-0.11111122814859277,2.9580527632393113e-9,5.438798362910057e-5,3.917686088158496e-5,0.11111122814859277,-0.11110991486019244
22079,9.765625,-0.1111110613177702,2.0672346437817855e-9,4.5466852142872014e-5,1.9153331090500995e-5,0.1111110613177702,-0.11110989323154517
22080,24.4140625,-0.11111071183453217,4.389012646083915e-10,2.0949970515692654e-5,2.732337116465897e-5,0.11111071183453217,-0.11110988918096587
22081,9.765625,-0.1111105794554819,9.617595380793282e-11,9.806933965716952e-6,7.589054202618497e-5,0.1111105794554819,-0.11110989705785396
22082,3.90625,-0.11111045946939574,1.2459491238240613e-11,3.529800453034224e-6,8.44432755894423e-5,0.11111045946939574,-0.11110990475930582
22083,1.5625,-0.11111034712363689,8.103297095304855e-11,9.001831533251917e-6,8.428016530271082e-5,0.11111034712363689,-0.11110991175817486
22084,0.625,-0.11111023762507749,2.810347030140476e-10,1.6764089686411476e-5,8.283846759850757e-5,0.11111023762507749,-0.11110991837897267
22085,0.25,-0.1111101292565032,6.077862514927521e-10,2.465332130753891e-5,8.167619970221762e-5,0.1111101292565032,-0.11110992484983617
22086,0.1,-0.11111002140849391,1.06006631523386e-9,3.25586596043796e-5,8.093087231030682e-5,0.11111002140849391,-0.1111099312717468
22087,0.1,-0.11110991418700776,1.6340870755606477e-9,4.042384290936041e-5,8.047478896465134e-5,0.11110991418700776,-0.11110993754939316
22088,0.1,-0.11110980767228795,2.3261054097409456e-9,4.822971500787606e-5,7.994630432151048e-5,0.11110980767228795,-0.11110994366015438
22089,0.1,-0.11110970194376284,3.1319689276359326e-9,5.596399670891932e-5,7.934593552972005e-5,0.11110970194376284,-0.11110994958217522
22090,0.1,-0.11110959708002022,4.0471334206242225e-9,6.361708434551385e-5,7.867430958585986e-5,0.11110959708002022,-0.11110995529445095
22091,0.25,-0.11110949495193963,5.039473802500616e-9,7.098925131666494e-5,7.793554871765758e-5,0.11110949495193963,-0.11110995987720959
22092,0.625,-0.11110940018795454,6.022307586434027e-9,7.760352818289917e-5,7.609168810041924e-5,0.11110940018795454,-0.11110996124892085
22093,1.5625,-0.11110932549035836,6.754704807420556e-9,8.218701118437484e-5,7.126072201825163e-5,0.11110932549035836,-0.11110995408015592
22094,3.90625,-0.11110930493231998,6.642267467632001e-9,8.150010716331605e-5,5.8699493833047834e-5,0.11110930493231998,-0.11110992790035414
22095,9.765625,-0.11110942517443995,4.65632201027695e-9,6.823724796822444e-5,2.8369135637993407e-5,0.11110942517443995,-0.11110987911716094
22096,24.4140625,-0.11110999760371873,6.864899744415301e-11,8.28546905396146e-6,3.9302596041668235e-5,0.11110999760371873,-0.11110990687908788
22097,9.765625,-0.1111107056470475,7.193020126708497e-11,8.481167447178777e-6,2.2657425803320375e-5,0.1111107056470475,-0.1111099064509586
22098,3.90625,-0.11111096546598641,8.215146750981306e-11,9.063744673688301e-6,1.5569653612149118e-5,0.11111096546598641,-0.11110990629464904
22099,1.5625,-0.11111117491020087,9.518263854293541e-11,9.756159005619753e-6,1.2592076917075139e-5,0.11111117491020087,-0.11110990627850123
22100,0.625,-0.11111137135743017,1.1063489039852544e-10,1.0518312145897051e-5,1.1295224630244357e-5,0.11111137135743017,-0.1111099063274025
22101,1.5625,-0.11111148776355746,1.2067358656175732e-10,1.0985153005841899e-5,1.069587241191539e-5,0.11111148776355746,-0.11110990622612316
22102,3.90625,-0.11111139145026044,1.1203801468889174e-10,1.0584801117115603e-5,9.280255377108602e-6,0.11111139145026044,-0.1111099058173802
22103,9.765625,-0.11111087629589587,6.830513022230752e-11,8.264691780236425e-6,6.973898924595559e-6,0.11111087629589587,-0.11110990516313594
22104,24.4140625,-0.1111102530212062,1.152809233545493e-11,3.3953044540151227e-6,9.471263070084637e-6,0.1111102530212062,-0.11110990526693754
22105,9.765625,-0.1111105125831467,2.2782323409026464e-12,1.509381443142404e-6,1.5946960538308146e-5,0.1111105125831467,-0.11110990559742323
22106,3.90625,-0.1111105950739702,1.9371939817146237e-12,1.3918311613534967e-6,1.6725555258850414e-5,0.1111105950739702,-0.11110990588310089
22107,1.5625,-0.11111065620217135,6.6289834908775964e-12,2.5746812406349637e-6,1.6376837337460186e-5,0.11111065620217135,-0.11110990613872085
22108,0.625,-0.11111071191840374,1.5735967476398302e-11,3.966858640838907e-6,1.5978300826878438e-5,0.11111071191840374,-0.11110990638110163
22109,0.25,-0.11111076600343679,2.912383320631483e-11,5.39665018380058e-6,1.5702670948488805e-5,0.11111076600343679,-0.11110990661871972
22110,0.1,-0.11111081958108267,4.674969648726414e-11,6.837374970503237e-6,1.5531567601628233e-5,0.11111081958108267,-0.11110990685478053
22111,0.1,-0.11111087129203244,6.843386946188395e-11,8.272476622020998e-6,1.5425173876074426e-5,0.11111087129203244,-0.11110990708487677
22112,0.1,-0.11111092093474505,9.401726600994992e-11,9.69625010042284e-6,1.5308136629741097e-5,0.11111092093474505,-0.11110990730833718
22113,0.1,-0.11111096831633521,1.233284280167084e-10,1.1105333314075198e-5,1.518036402471837e-5,0.11111096831633521,-0.1111099075245131
22114,0.1,-0.11111101325318194,1.5618415141079376e-10,1.2497365778866911e-5,1.5041827901249676e-5,0.11111101325318194,-0.11110990773278152
22115,0.25,-0.11111104884653043,1.912601548749699e-10,1.3829683831345166e-5,1.4893571753579644e-5,0.11111104884653043,-0.11110990789874166
22116,0.625,-0.11111105964777333,2.250821182271552e-10,1.5002737024528398e-5,1.4544475286429518e-5,0.11111105964777333,-0.11110990794668431
22117,1.5625,-0.11111100769029218,2.482356004564583e-10,1.5755494294259963e-5,1.3660990736924037e-5,0.11111100769029218,-0.11110990768684813
22118,3.90625,-0.11111081448970983,2.3850529101968094e-10,1.544361651361756e-5,1.1462009093916892e-5,0.11111081448970983,-0.1111099067639312
22119,9.765625,-0.11111040506012401,1.6124590315406343e-10,1.2698263785024449e-5,6.99471178932906e-6,0.11111040506012401,-0.11110990512498142
22120,24.4140625,-0.11111015180929665,3.249562349632286e-11,5.700493267807871e-6,1.0067142884915825e-5,0.11111015180929665,-0.11110990496026849
22121,9.765625,-0.11111034850047855,7.109476063340883e-12,2.6663600775853365e-6,2.2115201501412257e-5,0.11111034850047855,-0.11110990561446445
22122,3.90625,-0.1111104331203182,2.013401974909299e-12,1.4189439646826434e-6,2.4174357918156755e-5,0.1111104331203182,-0.11110990623510474
22123,1.5625,-0.11111050220612773,8.75816701990167e-12,2.9594200478981806e-6,2.400182248979606e-5,0.11111050220612773,-0.11110990679755171
22124,0.625,-0.11111056700018564,2.575054732743893e-11,5.074499712034569e-6,2.354647161664616e-5,0.11111056700018564,-0.11110990733029884
22125,0.25,-0.11111063042254947,5.263365678472966e-11,7.25490570474418e-6,2.319699630190924e-5,0.11111063042254947,-0.11110990785150927
22126,0.1,-0.11111069339582352,8.930803401179182e-11,9.450292800320625e-6,2.2974417658546542e-5,0.11111069339582352,-0.11110990836890164
22127,0.1,-0.11111075541269988,1.3544553255641422e-10,1.163810691463239e-5,2.283673026653438e-5,0.11111075541269988,-0.11110990887431116
22128,0.1,-0.11111081633541504,1.907311192469347e-10,1.381054377086343e-5,2.2679882330558074e-5,0.11111081633541504,-0.1111099093660237
22129,0.1,-0.11111087602994867,2.5481836323814217e-10,1.5963031141927344e-5,2.2503968604386084e-5,0.11111087602994867,-0.11110990984238518
22130,0.1,-0.1111109343663999,3.2733080996005704e-10,1.8092285924118517e-5,2.2309130774368113e-5,0.1111109343663999,-0.1111099103018079
22131,0.25,-0.11111098752383418,4.056091213353491e-10,2.0139739852722752e-5,2.2096625495063296e-5,0.11111098752383418,-0.11110991067056994
22132,0.625,-0.11111102661260756,4.825316412927047e-10,2.1966602861906178e-5,2.1578034996665118e-5,0.11111102661260756,-0.11110991078318845
22133,1.5625,-0.11111102912324407,5.384289148462203e-10,2.3204071083459045e-5,2.0236736706809774e-5,0.11111102912324407,-0.11110991021880881
22134,3.90625,-0.11111094549282138,5.253073392355298e-10,2.2919584185484904e-5,1.6804860337633712e-5,0.11111094549282138,-0.11110990816436704
22135,9.765625,-0.11111070990274242,3.624976087988441e-10,1.9039369968537406e-5,9.088946087612342e-6,0.11111070990274242,-0.11110990440780069
22136,24.4140625,-0.11111044643079658,7.446918514480527e-11,8.629553009559955e-6,1.2996344301324415e-5,0.11111044643079658,-0.11110990385586622
22137,9.765625,-0.11111046481307911,1.6142136354316625e-11,4.017727760104787e-6,3.228157797057107e-5,0.11111046481307911,-0.11110990526924701
22138,3.90625,-0.11111044462261631,3.0588707225756817e-12,1.7489627562002804e-6,3.562997485511668e-5,0.11111044462261631,-0.11110990663014937
22139,1.5625,-0.11111042158279594,1.6545453415802493e-11,4.067610283176412e-6,3.547451971334878e-5,0.11111042158279594,-0.11110990786452606
22140,0.625,-0.11111039806829251,5.299757804362199e-11,7.2799435467331745e-6,3.483690070017949e-5,0.11111039806829251,-0.11110990903275975
22141,0.25,-0.11111037446687054,1.1161161367708283e-10,1.056463977980711e-5,3.433618606296006e-5,0.11111037446687054,-0.11110991017520283
22142,0.1,-0.11111035086717368,1.9217491392531795e-10,1.3862716686325156e-5,3.401744525412021e-5,0.11111035086717368,-0.11110991130935502
22143,0.1,-0.11111032710881252,2.939954859474588e-10,1.714629656653176e-5,3.3822598198516996e-5,0.11111032710881252,-0.11110991241777753
22144,0.1,-0.11111030317624726,4.1639872906338164e-10,2.0405850363642815e-5,3.35978739189529e-5,0.11111030317624726,-0.11110991349654314
22145,0.1,-0.11111027905554309,5.586385613673848e-10,2.3635535986462942e-5,3.334348490578448e-5,0.11111027905554309,-0.11110991454186088
22146,0.1,-0.11111025473448281,7.199005385575611e-10,2.683096231143343e-5,3.3059695872678785e-5,0.11111025473448281,-0.11110991555008998
22147,0.25,-0.11111022955751852,8.944081587881993e-10,2.9906657432555035e-5,3.274829563978823e-5,0.11111022955751852,-0.11110991635828263
22148,0.625,-0.11111020214982983,1.0666241775831499e-9,3.2659212752042105e-5,3.197503543442217e-5,0.11111020214982983,-0.11110991659906883
22149,1.5625,-0.11111016950964095,1.1934752157425503e-9,3.454671063563868e-5,2.9956483578583158e-5,0.11111016950964095,-0.11110991533481154
22150,3.90625,-0.11111012784142593,1.1691670512409683e-9,3.4193084845345094e-5,2.473886985677382e-5,0.11111012784142593,-0.1111099107382188
22151,9.765625,-0.11111009075809408,8.128789583683768e-10,2.851103222207812e-5,1.2505801129799177e-5,0.11111009075809408,-0.11110990225992677
22152,24.4140625,-0.11111018819427942,1.698998882829732e-10,1.3034565135936572e-5,1.7974571639510414e-5,0.11111018819427942,-0.1111099008176816
22153,9.765625,-0.11111031971660884,3.69806410896702e-11,6.081171029470409e-6,4.783846781119125e-5,0.11111031971660884,-0.11110990393905075
22154,3.90625,-0.11111040939332717,5.621552752622373e-12,2.37098139018896e-6,5.305802697046431e-5,0.11111040939332717,-0.1111099069703395
22155,1.5625,-0.11111049017414794,3.398164157940205e-11,5.82937746070728e-6,5.2902261245688706e-5,0.11111049017414794,-0.1111099097223767
22156,0.625,-0.11111056821933323,1.1392568273411415e-10,1.067359745981242e-5,5.1978442672071026e-5,0.11111056821933323,-0.11110991232616461
22157,0.25,-0.11111064538422247,2.4364047511023686e-10,1.5608986998208336e-5,5.124269669374568e-5,0.11111064538422247,-0.11110991487174528
22158,0.1,-0.1111107222935398,4.226560396606197e-10,2.0558600138643186e-5,5.0773272922463326e-5,0.1111107222935398,-0.1111099173986223
22159,0.1,-0.11111079870025851,6.494632736469031e-10,2.5484569324336307e-5,5.048707014692818e-5,0.11111079870025851,-0.11110991986863143
22160,0.1,-0.11111087450842337,9.225794921976804e-10,3.0373993682057687e-5,5.015559141590165e-5,0.11111087450842337,-0.11110992227289931
22161,0.1,-0.11111094962270822,1.2403605656076103e-9,3.521875303879469e-5,4.977916064906524e-5,0.11111094962270822,-0.11110992460285504
22162,0.1,-0.11111102394862442,1.6010078478108561e-9,4.001259611435949e-5,4.935817393971033e-5,0.11111102394862442,-0.11110992685026219
22163,0.25,-0.11111109509573176,1.991747331385135e-9,4.4628996531236674e-5,4.88952118759251e-5,0.11111109509573176,-0.11110992865184942
22164,0.625,-0.11111115732807034,2.3781465046461575e-9,4.876624349533351e-5,4.773874107352639e-5,0.11111115732807034,-0.11110992918679087
22165,1.5625,-0.11111119556507862,2.664599655973777e-9,5.161976032464484e-5,4.4709613967849714e-5,0.11111119556507862,-0.11110992635644913
22166,3.90625,-0.11111117340236923,2.615713412817177e-9,5.11440457220308e-5,3.684774725546067e-5,0.11111117340236923,-0.11110991605314424
22167,9.765625,-0.11111102163707177,1.8265166654564605e-9,4.273776626657575e-5,1.8068378835729697e-5,0.11111102163707177,-0.11110989694944971
22168,24.4140625,-0.11111069883631991,3.8690728729405625e-10,1.9669959005906856e-5,2.583378345821079e-5,0.11111069883631991,-0.11110989341809019
22169,9.765625,-0.11111057384640546,8.478712302165186e-11,9.207992344786776e-6,7.136443591306543e-5,0.11111057384640546,-0.11110990038007297
22170,3.90625,-0.11111046110984626,1.13490778478153e-11,3.368839243391602e-6,7.937266968345863e-5,0.11111046110984626,-0.11110990718094299
22171,1.5625,-0.1111103556048672,7.237704442714494e-11,8.507469919261833e-6,7.920837923285756e-5,0.1111103556048672,-0.11110991336066095
22172,0.625,-0.11111025278084424,2.4947268443750176e-10,1.5794704316241622e-5,7.784968917130799e-5,0.11111025278084424,-0.11110991920680574
22173,0.25,-0.11111015101340958,5.385175550634585e-10,2.320598101919974e-5,7.675645946364632e-5,0.11111015101340958,-0.11110992492093101
22174,0.1,-0.11111004972635079,9.38441105184055e-10,3.0633986113205296e-5,7.605619704885487e-5,0.11111004972635079,-0.1111099305921389
22175,0.1,-0.11110994901806169,1.4458939504004601e-9,3.80249122339613e-5,7.562820124570231e-5,0.11110994901806169,-0.11110993613598401
22176,0.1,-0.1111098489647045,2.05756952076252e-9,4.536044004154413e-5,7.513212087072054e-5,0.1111098489647045,-0.11110994153247986
22177,0.1,-0.11110974964172092,2.7697991503829274e-9,5.2628881333189356e-5,7.456844364710547e-5,0.11110974964172092,-0.11110994676231567
22178,0.1,-0.11110965112380577,3.578567516566001e-9,5.9821129348801176e-5,7.393776072804575e-5,0.11110965112380577,-0.11110995180693267
22179,0.25,-0.11110955517750316,4.455443309565778e-9,6.674910718178766e-5,7.32439255848194e-5,0.11110955517750316,-0.11110995585321927
22180,0.625,-0.11110946617511898,5.323716844216125e-9,7.296380502835721e-5,7.151089463496806e-5,0.11110946617511898,-0.11110995706144586
22181,1.5625,-0.11110939610804227,5.9702062259381864e-9,7.726710959999854e-5,6.696928966321678e-5,0.11110939610804227,-0.11110995072233809
22182,3.90625,-0.1111093770622348,5.869147411553267e-9,7.66103609934927e-5,5.516189933218465e-5,0.1111093770622348,-0.11110992758958577
22183,9.765625,-0.11110949011071457,4.111596578258952e-9,6.412173249576895e-5,2.668614983152471e-5,0.11110949011071457,-0.11110988452227266
22184,24.4140625,-0.1111099036732779,8.798447304909467e-10,2.966217676589071e-5,3.778701083157129e-5,0.1111099036732779,-0.11110987611007195
22185,9.765625,-0.11111015554419462,1.9364988131958537e-10,1.3915814073189732e-5,0.00010682685514412618,0.11111015554419462,-0.1111098917293187
22186,3.90625,-0.1111103558422144,2.318485747086467e-11,4.815065676692756e-6,0.00011904222084785651,0.1111103558422144,-0.1111099070553434
22187,1.5625,-0.11111054064719177,1.5601196027086712e-10,1.2490474781643295e-5,0.00011887374876216906,0.11111054064719177,-0.11110992099258135
22188,0.625,-0.11111072050158749,5.504964960730255e-10,2.346266174314043e-5,0.00011686536434822974,0.11111072050158749,-0.11110993417733045
22189,0.25,-0.11111089886505883,1.1972849032341796e-9,3.460180491295475e-5,0.00011523637207719607,0.11111089886505883,-0.11110994706232791
22190,0.1,-0.11111107694428855,2.0939386655709557e-9,4.5759574578124696e-5,0.00011418956956726606,0.11111107694428855,-0.1111099598488973
22191,0.1,-0.11111125437850757,3.2329875585665517e-9,5.6859366498111386e-5,0.00011354837460467006,0.11111125437850757,-0.11110997234917294
22192,0.1,-0.11111143097504583,4.607027519994569e-9,6.787508762421283e-5,0.0001128049891396144,0.11111143097504583,-0.11110998451809366
22193,0.1,-0.11111160653965689,6.207840087205852e-9,7.878984761506937e-5,0.00011196012665906853,0.11111160653965689,-0.11110999631211343
22194,0.1,-0.11111178087693897,8.026426838229625e-9,8.95903278162862e-5,0.00011101465525360103,0.11111178087693897,-0.11111000768936888
22195,0.25,-0.11111194957572623,9.999242617315883e-9,9.999621301487314e-5,0.00010997432866588937,0.11111194957572623,-0.1111100168241851
22196,0.625,-0.11111210182520456,1.1954710031580092e-8,0.00010933759660601696,0.00010737675798582577,0.11111210182520456,-0.11111001958150168
22197,1.5625,-0.11111220864206897,1.341567658038447e-8,0.00011582606174943734,0.00010056821349276718,0.11111220864206897,-0.11111000536664824
22198,3.90625,-0.11111219735532585,1.3203840943116337e-8,0.0001149079672743206,8.285107820496458e-5,0.11111219735532585,-0.11110995332583995
22199,9.765625,-0.11111191489445162,9.274466180799143e-9,9.630402993021186e-5,3.990647919657328e-5,0.11111191489445162,-0.11110985609422985
22200,24.4140625,-0.11111145086164992,1.371569234261216e-10,1.1711401428783901e-5,5.477123454794487e-5,0.11111145086164992,-0.1111099108718164
22201,9.765625,-0.11110985142122291,1.412952393384335e-10,1.1886767404910113e-5,3.241405326753433e-5,0.11110985142122291,-0.11110991013106308
22202,3.90625,-0.11110924584121773,1.6430497338781152e-10,1.2818150154675655e-5,2.2159042128003155e-5,0.11110924584121773,-0.11110990981767822
22203,1.5625,-0.11110875790723086,1.935288670442365e-10,1.3911465309026095e-5,1.7584355746636088e-5,0.11110875790723086,-0.11110990976736797
22204,0.625,-0.1111083006046925,2.2828584243550652e-10,1.5109131094656188e-5,1.551393831112155e-5,0.1111083006046925,-0.11110990984375889
22205,1.5625,-0.11110802433776665,2.5077342299061374e-10,1.5835827196285444e-5,1.45414503549762e-5,0.11110802433776665,-0.11110990960192435
22206,3.90625,-0.11110823211502037,2.302890190076984e-10,1.5175276571044708e-5,1.217589872681538e-5,0.11110823211502037,-0.11110990872188585
22207,9.765625,-0.11110940456505443,1.3467476757959313e-10,1.1604945824069716e-5,8.156722766449268e-6,0.11110940456505443,-0.11110990739690178
22208,24.4140625,-0.11111087622746624,2.339254446384845e-11,4.836583966380451e-6,1.224523479036843e-5,0.11111087622746624,-0.1111099075732146
22209,9.765625,-0.11111025603744175,3.795992465573424e-12,1.948330686914679e-6,2.1994182090819646e-5,0.11111025603744175,-0.11110990822825703
22210,3.90625,-0.1111100413209222,3.4450203757721315e-12,1.8560766082713643e-6,2.3073715197497732e-5,0.1111100413209222,-0.11110990877325912
22211,1.5625,-0.11110987764911695,1.3247635065715349e-11,3.6397300814367194e-6,2.2526506167613632e-5,0.11110987764911695,-0.11110990925477741
22212,0.625,-0.11110972715533135,3.196171006009285e-11,5.653468851960967e-6,2.1928274721253786e-5,0.11110972715533135,-0.11110990970906064
22213,0.25,-0.11110958069109152,5.932998522169537e-11,7.702596005353997e-6,2.1519476992450192e-5,0.11110958069109152,-0.11110991015374488
22214,0.1,-0.11110943550757356,9.527383546176894e-11,9.760831699285105e-6,2.126775737864898e-5,0.11110943550757356,-0.11110991059541327
22215,0.1,-0.11110929470319293,1.3940385562763044e-10,1.1806940993654133e-5,2.1112525716338582e-5,0.11110929470319293,-0.11110991102508007
22216,0.1,-0.11110915876137208,1.9138423467447425e-10,1.383416909953302e-5,2.094134520962543e-5,0.11110915876137208,-0.11110991144138635
22217,0.1,-0.11110902814581237,2.508533093013209e-10,1.583834932375596e-5,2.0754100573490672e-5,0.11110902814581237,-0.11110991184302117
22218,0.1,-0.11110890329908328,3.174251419056004e-10,1.7816428988593658e-5,2.055076726923653e-5,0.11110890329908328,-0.1111099122287304
22219,0.25,-0.11110880042500826,3.8824051305841873e-10,1.9703819758067692e-5,2.0332876658715877e-5,0.11110880042500826,-0.11110991252872564
22220,0.625,-0.11110875596030806,4.558544911093783e-10,2.135074919316365e-5,1.981675341580426e-5,0.11110875596030806,-0.11110991259011373
22221,1.5625,-0.11110885985577545,5.003665670161633e-10,2.236887496089518e-5,1.8507764525186947e-5,0.11110885985577545,-0.11110991203301518
22222,3.90625,-0.11110930026208712,4.763080347880828e-10,2.1824482463235703e-5,1.524305299349504e-5,0.11110930026208712,-0.11110991016206011
22223,9.765625,-0.11111027129833234,3.184093991596393e-10,1.7844029790370763e-5,8.476055518217692e-6,0.11111027129833234,-0.11110990691430164
22224,24.4140625,-0.1111109629525318,6.460019228805443e-11,8.03742448101719e-6,1.3308818035879121e-5,0.1111109629525318,-0.1111099065618809
22225,9.765625,-0.11111054878274836,1.3323720135758948e-11,3.650167138058057e-6,3.064954480672312e-5,0.11111054878274836,-0.11110990783989773
22226,3.90625,-0.11111038197602283,2.9718416988669017e-12,1.7239030421885395e-6,3.362792583426307e-5,0.11111038197602283,-0.11110990904759974
22227,1.5625,-0.11111024895059383,1.6174457996120202e-11,4.021748126887138e-6,3.3394193937412725e-5,0.11111024895059383,-0.11110991013788851
22228,0.625,-0.1111101251994917,4.9738701242778195e-11,7.052566996688383e-6,3.2749004797572944e-5,0.1111101251994917,-0.11110991116828724
22229,0.25,-0.11111000443611731,1.0295158083544112e-10,1.014650584366072e-5,3.225198760735532e-5,0.11111000443611731,-0.11110991217535414
22230,0.1,-0.11110988468716042,1.7561555285787175e-10,1.3252001843414894e-5,3.1935057263978524e-5,0.11110988468716042,-0.1111099131746566
22231,0.1,-0.11110976702985957,2.670798439704793e-10,1.634257764156191e-5,3.173896861986294e-5,0.11110976702985957,-0.11110991415021691
22232,0.1,-0.11110965175360815,3.767186767895971e-10,1.9409242045726493e-5,3.151547428411983e-5,0.11110965175360815,-0.11110991509863066
22233,0.1,-0.1111095391389792,5.038436755177768e-10,2.2446462427691738e-5,3.1264690177252986e-5,0.1111095391389792,-0.11110991601661285
22234,0.1,-0.11110942945693363,6.477066367517024e-10,2.545008127200584e-5,3.098679759295839e-5,0.11110942945693363,-0.11110991690100946
22235,0.25,-0.11110933079454774,8.030187819326912e-10,2.8337586028677374e-5,3.0683555013792355e-5,0.11110933079454774,-0.11110991760580785
22236,0.625,-0.11110926192273406,9.556174463112334e-10,3.091306271321613e-5,2.994253924990955e-5,0.11110926192273406,-0.11110991780306788
22237,1.5625,-0.11110927021947327,1.0664217274254001e-9,3.265611317081995e-5,2.802271909120725e-5,0.11110927021947327,-0.11110991665891673
22238,3.90625,-0.1111094591477881,1.040307749123573e-9,3.225380208787133e-5,2.3087968780705266e-5,0.1111094591477881,-0.11110991256315962
22239,9.765625,-0.11110996042450805,7.182050206017804e-10,2.6799347391341088e-5,1.1681651164220225e-5,0.11110996042450805,-0.11110990509143298
22240,24.4140625,-0.11111047569046315,1.4806263162917198e-10,1.2168098932420462e-5,1.741402812696723e-5,0.11111047569046315,-0.11110990394071137
22241,9.765625,-0.11111038448408704,3.156039585091649e-11,5.617863993629295e-6,4.5132273930437775e-5,0.11111038448408704,-0.11110990672232941
22242,3.90625,-0.1111103874654708,5.0682890363699895e-12,2.2512860849678765e-6,4.9926548132885465e-5,0.1111103874654708,-0.11110990940218066
22243,1.5625,-0.11111040009184654,3.1361193186432066e-11,5.600106533489525e-6,4.972638553323413e-5,0.11111040009184654,-0.11110991183019495
22244,0.625,-0.11111041498098671,1.032608275836169e-10,1.0161733493042263e-5,4.883153742882845e-5,0.11111041498098671,-0.11110991412614141
22245,0.25,-0.11111043057017009,2.1916402993291496e-10,1.4804189607435963e-5,4.8125712459071005e-5,0.11111043057017009,-0.11110991637041379
22246,0.1,-0.11111044641996161,3.786460574871999e-10,1.9458829807755654e-5,4.767566637533483e-5,0.11111044641996161,-0.11110991859797827
22247,0.1,-0.11111046291491007,5.803405043141473e-10,2.4090257456369105e-5,4.740032060277874e-5,0.11111046291491007,-0.11110992077457195
22248,0.1,-0.11111048011741426,8.229123499925049e-10,2.8686448891288462e-5,4.708260080638832e-5,0.11111048011741426,-0.1111099228923929
22249,0.1,-0.11111049808545048,1.1048848142088626e-9,3.3239807674065484e-5,4.6722798472768824e-5,0.11111049808545048,-0.11110992494390791
22250,0.1,-0.11111051687233364,1.424645538330793e-9,3.774447692485343e-5,4.632127682160325e-5,0.11111051687233364,-0.11110992692188247
22251,0.25,-0.11111053859690406,1.7707755710324613e-9,4.208058425250844e-5,4.588055655012972e-5,0.11111053859690406,-0.11110992850359842
22252,0.625,-0.11111056794293268,2.1125503636495205e-9,4.596248865813861e-5,4.4785746825868866e-5,0.11111056794293268,-0.11110992896096937
22253,1.5625,-0.11111061601649586,2.364769635154162e-9,4.862889712047932e-5,4.1925480394436995e-5,0.11111061601649586,-0.11110992643475891
22254,3.90625,-0.11111070300483734,2.3180610597326614e-9,4.814624657990134e-5,3.451369564607544e-5,0.11111070300483734,-0.11110991729682064
22255,9.765625,-0.11111082788061892,1.6139307181247509e-9,4.017375658467541e-5,1.6870030725131606e-5,0.11111082788061892,-0.11110990042969707
22256,24.4140625,-0.11111075997061635,3.3857781487516363e-10,1.8400484093500464e-5,2.4609167943986874e-5,0.11111075997061635,-0.11110989746836007
22257,9.765625,-0.11111055168071364,7.334320087693226e-11,8.564064506817558e-6,6.718597814228329e-5,0.11111055168071364,-0.11110990364329554
22258,3.90625,-0.11111041946559515,1.0070876622314363e-11,3.1734644510872284e-6,7.461928944763037e-5,0.11111041946559515,-0.11110990964852022
22259,1.5625,-0.11111030203937555,6.554131614550935e-11,8.09575914572002e-6,7.442249667461426e-5,0.11111030203937555,-0.11110991509920853
22260,0.625,-0.11111018920816607,2.2354773121765082e-10,1.4951512673226439e-5,7.312642988480026e-5,0.11111018920816607,-0.11110992025441802
22261,0.25,-0.111110078010167,4.804694443869863e-10,2.191961323534214e-5,7.209017949791478e-5,0.111110078010167,-0.11110992529319448
22262,0.1,-0.11110996746716774,8.353647437405468e-10,2.8902677103350597e-5,7.142780647026196e-5,0.11110996746716774,-0.11110993029429857
22263,0.1,-0.11110985798960822,1.2852471363248568e-9,3.585034360121053e-5,7.102334744724647e-5,0.11110985798960822,-0.11110993518244854
22264,0.1,-0.11110974971641063,1.827177035109656e-9,4.2745491400961295e-5,7.055494503726658e-5,0.11110974971641063,-0.11110993994001289
22265,0.1,-0.11110964278336462,2.4578946989009974e-9,4.9577159044271564e-5,7.002304522705497e-5,0.11110964278336462,-0.111109944549958
22266,0.1,-0.11110953732289179,3.1738339192915257e-9,5.63367901046157e-5,6.942819453126912e-5,0.11110953732289179,-0.11110994899591499
22267,0.25,-0.1111094370170074,3.949708929724736e-9,6.284670977644522e-5,6.87740235988802e-5,0.1111094370170074,-0.11110995255733448
22268,0.625,-0.11110935059413168,4.717340163055121e-9,6.868289570959514e-5,6.714071262016993e-5,0.11110935059413168,-0.11110995360523124
22269,1.5625,-0.11110930080118461,5.28736182046391e-9,7.271424771297514e-5,6.286190967938342e-5,0.11110930080118461,-0.11110994797283183
22270,3.90625,-0.11110934188003739,5.193255573977314e-9,7.206424615561669e-5,5.1743750267253824e-5,0.11110934188003739,-0.1111099274947055
22271,9.765625,-0.11110957435579498,3.6309820686165228e-9,6.025763079159786e-5,2.498636382504806e-5,0.11110957435579498,-0.11110988947929537
22272,24.4140625,-0.11111004610126764,7.721309907729825e-10,2.778724510945593e-5,3.584220656021876e-5,0.11111004610126764,-0.11110988228481238
22273,9.765625,-0.1111102183341692,1.691320457023345e-10,1.3005077689207953e-5,0.00010046301221359704,0.1111102183341692,-0.1111098960988435
22274,3.90625,-0.11111037633787782,2.120170550201938e-11,4.604530975248118e-6,0.00011184252186979979,0.11111037633787782,-0.11110990961551231
22275,1.5625,-0.11111052484676433,1.4087256274646158e-10,1.186897479761675e-5,0.0001116420591822093,0.11111052484676433,-0.11110992189954544
22276,0.625,-0.11111067010789753,4.914847694462169e-10,2.2169455776951696e-5,0.00010973741251568655,0.11111067010789753,-0.11110993351935403
22277,0.25,-0.11111081441084862,1.064821944709933e-9,3.263160959422524e-5,0.00010819981672794177,0.11111081441084862,-0.11110994487562682
22278,0.1,-0.11111095858343067,1.8587477580560842e-9,4.311319702893865e-5,0.00010721374270086175,0.11111095858343067,-0.11110995614592346
22279,0.1,-0.11111110243063915,2.8666309341370668e-9,5.3540927654805035e-5,0.00010661067451352657,0.11111110243063915,-0.1111099671632132
22280,0.1,-0.1111112458160579,4.08191354671034e-9,6.388985480270197e-5,0.00010591148679640478,0.1111112458160579,-0.11110997788771665
22281,0.1,-0.11111138860066799,5.497317550668156e-9,7.414389759560902e-5,0.00010511685796103834,0.11111138860066799,-0.11110998828099776
22282,0.1,-0.11111153064312668,7.104875378556783e-9,8.429042281633652e-5,0.00010422761190178566,0.11111153064312668,-0.11110999830611037
22283,0.25,-0.11111166899132031,8.84822448516977e-9,9.406500138292546e-5,0.00010324916854451843,0.11111166899132031,-0.1111100063479315
22284,0.625,-0.11111179627930731,1.0575243143512978e-8,0.00010283600120343545,0.00010080495471918135,0.11111179627930731,-0.11111000875042416
22285,1.5625,-0.1111118923709589,1.186304491352323e-8,0.00010891760607690214,9.439802803011352e-5,0.1111118923709589,-0.11110999615119399
22286,3.90625,-0.11111190471792913,1.1668082728042532e-8,0.00010801889986498905,7.773007698722144e-5,0.11111190471792913,-0.11110995014803582
22287,9.765625,-0.11111171093704628,8.183262201723661e-9,9.046138514152688e-5,3.738088636045905e-5,0.11111171093704628,-0.11110986438375159
22288,24.4140625,-0.11111110275469434,1.1978495130141884e-10,1.0944631163333868e-5,5.180909204037242e-5,0.11111110275469434,-0.1111099130158197
22289,9.765625,-0.11110999432509971,1.2536323702699185e-10,1.1196572557126215e-5,2.977511043521046e-5,0.11110999432509971,-0.11110991226681304
22290,3.90625,-0.11110958055113009,1.4380980990640547e-10,1.1992072794409042e-5,2.0170756663067243e-5,0.11110958055113009,-0.11110991197365795
22291,1.5625,-0.11110924671752573,1.6716355623002508e-10,1.2929174615188127e-5,1.6040110760414484e-5,0.11110924671752573,-0.11110991192325405
22292,3.90625,-0.11110916771268954,1.6717108639295005e-10,1.292946582009288e-5,1.4200407439669442e-5,0.11110916771268954,-0.11110991135453252
22293,9.765625,-0.1111096864624614,1.1156081683449808e-10,1.0562235408969926e-5,1.0185558290145804e-5,0.1111096864624614,-0.11110991021194844
22294,24.4140625,-0.11111062717272176,2.142389975347216e-11,4.628595872775259e-6,9.40444051480556e-6,0.11111062717272176,-0.11110991005673314
22295,9.765625,-0.11111019925667859,4.898800577617273e-12,2.2133234236363365e-6,1.8382203605844788e-5,0.11111019925667859,-0.11110991050876547
22296,3.90625,-0.11111005451625026,2.3984476039786753e-12,1.5486922237741995e-6,1.9692520387806726e-5,0.11111005451625026,-0.11110991091460817
22297,1.5625,-0.1111099424702675,7.457904475269201e-12,2.7309164167490006e-6,1.939991497426903e-5,0.1111099424702675,-0.11110991127968732
22298,0.625,-0.11110983865724977,1.9033845532946973e-11,4.362779565018954e-6,1.895268956062109e-5,0.11110983865724977,-0.1111099116243265
22299,0.25,-0.11110973729495154,3.687550650230588e-11,6.072520605342223e-6,1.8618441446536566e-5,0.11110973729495154,-0.11110991196039766
22300,0.1,-0.11110963668378866,6.089200878168557e-11,7.803333184074968e-6,1.839835623534045e-5,0.11110963668378866,-0.1111099122928378
22301,0.1,-0.11110953949039955,9.080718389152587e-11,9.529280344890997e-6,1.8253281173724772e-5,0.11110953949039955,-0.11110991261616911
22302,0.1,-0.1111094460536472,1.263765585598775e-10,1.1241732898440414e-5,1.8097111325959166e-5,0.1111094460536472,-0.11110991292951043
22303,0.1,-0.11110935669700517,1.6733947864847551e-10,1.2935976138215296e-5,1.7929479320719428e-5,0.11110935669700517,-0.11110991323200166
22304,0.1,-0.11110927172757169,2.1341995567417405e-10,1.460889987898384e-5,1.775013308326921e-5,0.11110927172757169,-0.1111099135228121
22305,0.25,-0.11110920352368253,2.6270618488951155e-10,1.620821350086158e-5,1.756045878561443e-5,0.11110920352368253,-0.11110991375456247
22306,0.625,-0.11110917956661955,3.102131740001032e-10,1.7612869556097415e-5,1.713290055804437e-5,0.11110917956661955,-0.1111099138222584
22307,1.5625,-0.1111092671384918,3.425668215821906e-10,1.850856076474318e-5,1.6069234701951255e-5,0.1111092671384918,-0.11110991346294007
22308,3.90625,-0.11110960493734374,3.289021603450919e-10,1.813565990928072e-5,1.3432858446514971e-5,0.11110960493734374,-0.11110991218596
22309,9.765625,-0.11111032660450126,2.2332550428264137e-10,1.4944079238368665e-5,7.958153556011633e-6,0.11111032660450126,-0.11110990990342873
22310,24.4140625,-0.11111079846038877,4.695118378718009e-11,6.852093387219711e-6,1.096664720012727e-5,0.11111079846038877,-0.11110990956202747
22311,9.765625,-0.11111050948218348,1.0514005150360267e-11,3.2425306706892175e-6,2.547979602433718e-5,0.11111050948218348,-0.11110991043707015
22312,3.90625,-0.11111039282620241,2.4576047904796196e-12,1.5676749632751108e-6,2.806430191070866e-5,0.11111039282620241,-0.11110991127991557
22313,1.5625,-0.11111030003112654,1.0734617215081252e-11,3.276372569638754e-6,2.7916366879764743e-5,0.11111030003112654,-0.11110991204465244
22314,0.625,-0.11111021378946966,3.3074022754835464e-11,5.7510018913955735e-6,2.7395181154497183e-5,0.11111021378946966,-0.11110991276794646
22315,0.25,-0.11111012966231032,6.894831550762171e-11,8.303512239264884e-6,2.6982986858607043e-5,0.11111012966231032,-0.11110991347440242
22316,0.1,-0.11111004625453308,1.1819785475199005e-10,1.0871883680024822e-5,2.6714322553294257e-5,0.11111004625453308,-0.1111099141747244
22317,0.1,-0.11110996427624657,1.8036925759192134e-10,1.3430162232524273e-5,2.65436430319437e-5,0.11110996427624657,-0.11110991485825565
22318,0.1,-0.11110988392957916,2.550229039164217e-10,1.5969436556009786e-5,2.6351113898657377e-5,0.11110988392957916,-0.11110991552270402
22319,0.1,-0.11110980541070901,3.416777990682754e-10,1.8484528640684224e-5,2.6136773408547616e-5,0.11110980541070901,-0.11110991616585446
22320,0.1,-0.11110972890931209,4.398133661250746e-10,2.0971727781112234e-5,2.5900724130824642e-5,0.11110972890931209,-0.11110991678558041
22321,0.25,-0.11110965998388975,5.458570920357133e-10,2.336358474283673e-5,2.564455371344524e-5,0.11110965998388975,-0.11110991728259285
22322,0.625,-0.11110961157658217,6.50247494907038e-10,2.549995088048285e-5,2.5032038502077862e-5,0.11110961157658217,-0.11110991743344602
22323,1.5625,-0.11110961642526304,7.265743800409427e-10,2.6955043684641704e-5,2.3459401420058225e-5,0.11110961642526304,-0.11110991666891488
22324,3.90625,-0.11110974630484957,7.103385589895547e-10,2.6652177378022133e-5,1.9434929608044673e-5,0.11110974630484957,-0.11110991388448313
22325,9.765625,-0.11111009395481337,4.926280839710103e-10,2.2195226603281397e-5,1.0230032837018781e-5,0.11111009395481337,-0.11110990876338721
22326,24.4140625,-0.11111045868564474,1.0270704964552844e-10,1.0134448660165408e-5,1.452397780101667e-5,0.11111045868564474,-0.11110990792195112
22327,9.765625,-0.11111039984981054,2.2159955986612006e-11,4.707436243499428e-6,3.744579615856286e-5,0.11111039984981054,-0.11110990983343198
22328,3.90625,-0.11111040756923617,3.4774705277213204e-12,1.8647977176416e-6,4.145401993797704e-5,0.11111040756923617,-0.11110991168275303
22329,1.5625,-0.11111042138740315,2.1051828361097227e-11,4.588227147940392e-6,4.130346781917051e-5,0.11111042138740315,-0.11110991336011429
22330,0.625,-0.11111043657507651,6.990774031931142e-11,8.361084876935016e-6,4.056569971063927e-5,0.11111043657507651,-0.111109914946332
22331,0.25,-0.11111045217815094,1.489150291505576e-10,1.2203074577767588e-5,3.9978882536473625e-5,0.11111045217815094,-0.11110991649634604
22332,0.1,-0.11111046793690542,2.5775961379883727e-10,1.60548937647945e-5,3.960134690250721e-5,0.11111046793690542,-0.1111099180341732
22333,0.1,-0.11111048411756498,3.9549676580163654e-10,1.988710048754309e-5,3.936744113605412e-5,0.11111048411756498,-0.11110991953656726
22334,0.1,-0.11111050075738334,5.612000134579963e-10,2.3689660475785557e-5,3.909894572786098e-5,0.11111050075738334,-0.11110992099822424
22335,0.1,-0.11111051789046278,7.538474137424518e-10,2.7456281863035495e-5,3.879608805672451e-5,0.11111051789046278,-0.1111099224140243
22336,0.1,-0.11111053554759627,9.723257474361173e-10,3.118213827555957e-5,3.845915827764645e-5,0.11111053554759627,-0.11110992377905175
22337,0.25,-0.11111055507942881,1.2088669794620083e-9,3.4768764422423875e-5,3.809038567951421e-5,0.11111055507942881,-0.1111099248729974
22338,0.625,-0.11111057942703072,1.4425837134969182e-9,3.798136007960903e-5,3.7184236840900274e-5,0.11111057942703072,-0.1111099251985573
22339,1.5625,-0.11111061541860821,1.6155420609324791e-9,4.0193806250870035e-5,3.482744888686298e-5,0.11111061541860821,-0.11110992348487805
22340,3.90625,-0.11111067458744218,1.5851828024971894e-9,3.981435422680104e-5,2.8732847253533365e-5,0.11111067458744218,-0.1111099172463322
22341,9.765625,-0.11111074959547822,1.1063128055017112e-9,3.326128087584288e-5,1.4286578145178516e-5,0.11111074959547822,-0.1111099056875733
22342,24.4140625,-0.111110667901197,2.334408642659314e-10,1.5278771687080456e-5,2.0389224495664294e-5,0.111110667901197,-0.11110990359582398
22343,9.765625,-0.11111051039167166,5.054524158064609e-11,7.109517675668729e-6,5.570230324634519e-5,0.11111051039167166,-0.1111099078418703
22344,3.90625,-0.11111040730973377,6.46693294660616e-12,2.5430165053743086e-6,6.189819146950979e-5,0.11111040730973377,-0.1111099119784273
22345,1.5625,-0.1111103153843385,4.396043307564421e-11,6.6302664407732675e-6,6.174849844525141e-5,0.1111103153843385,-0.11110991573423601
22346,0.625,-0.11111022694591126,1.5183283449958943e-10,1.2322046684686332e-5,6.067715733334165e-5,0.11111022694591126,-0.1111099192860655
22347,0.25,-0.11111013974347334,3.2755724618416905e-10,1.8098542653599737e-5,5.981621314422098e-5,0.11111013974347334,-0.11110992275680795
22348,0.1,-0.11111005303073253,5.704553193741983e-10,2.388420648408061e-5,5.926285474763727e-5,0.11111005303073253,-0.1111099262006622
22349,0.1,-0.11110996712052305,8.784664631999644e-10,2.9638934920134437e-5,5.892228504557934e-5,0.11110996712052305,-0.11110992956634183
22350,0.1,-0.11110988211979171,1.2495570514596386e-9,3.534907426594986e-5,5.8529138145352784e-5,0.11110988211979171,-0.11110993284180401
22351,0.1,-0.11110979813331341,1.6814761335262885e-9,4.100580609531153e-5,5.808378116480898e-5,0.11110979813331341,-0.1111099360154175
22352,0.1,-0.1111097152635135,2.171764813191438e-9,4.660219751461768e-5,5.758666588481045e-5,0.1111097152635135,-0.11110993907600823
22353,0.25,-0.11110963633090204,2.7031590740844977e-9,5.1991913545132165e-5,5.7040960119637666e-5,0.11110963633090204,-0.11110994153043191
22354,0.625,-0.11110956803605329,3.2291303131871984e-9,5.682543720190104e-5,5.5687734020506144e-5,0.11110956803605329,-0.11110994226341848
22355,1.5625,-0.11110952790156288,3.6204310948776026e-9,6.0170018238966843e-5,5.215239618542208e-5,0.11110952790156288,-0.11110993842080666
22356,3.90625,-0.11110955806824543,3.558366819082696e-9,5.965204790351037e-5,4.297589087323856e-5,0.11110955806824543,-0.11110992440073139
22357,9.765625,-0.11110973875634875,2.491989625801249e-9,4.991983198891247e-5,2.0921610418100332e-5,0.11110973875634875,-0.1111098983105462
22358,24.4140625,-0.11111011983448259,5.318327408968694e-10,2.306149910341627e-5,2.9615058228428003e-5,0.11111011983448259,-0.11110989327606306
22359,9.765625,-0.11111026625599331,1.1622961881166173e-10,1.0780984130016227e-5,8.327868269510074e-5,0.11111026625599331,-0.111109902776271
22360,3.90625,-0.11111039829820822,1.3625768543406152e-11,3.691309868245438e-6,9.275166253423881e-5,0.11111039829820822,-0.1111099120806362
22361,1.5625,-0.11111052199415694,9.498834583203325e-11,9.746196480270303e-6,9.259743111234392e-5,0.11111052199415694,-0.11110992053694566
22362,0.625,-0.1111106428463727,3.350134601409315e-10,1.830337291705907e-5,9.101910559191412e-5,0.1111106428463727,-0.11110992853462762
22363,0.25,-0.11111076282803971,7.279845155895258e-10,2.6981188179721176e-5,8.974025844397849e-5,0.11111076282803971,-0.11110993634914346
22364,0.1,-0.11111088264655222,1.2723776996147202e-9,3.5670403692903733e-5,8.891654469816532e-5,0.11111088264655222,-0.11110994410275074
22365,0.1,-0.11111100212047993,1.963614506168807e-9,4.431269012561534e-5,8.840951934754822e-5,0.11111100212047993,-0.1111099516813134
22366,0.1,-0.11111112113507937,2.7971584145704864e-9,5.288816894703849e-5,8.782319843888258e-5,0.11111112113507937,-0.1111099590575986
22367,0.1,-0.11111123957386043,3.7679821840857054e-9,6.138389189425598e-5,8.715814917241096e-5,0.11111123957386043,-0.11110996620530049
22368,0.1,-0.11111135731880906,4.870588903959097e-9,6.978960455511335e-5,8.641505950045977e-5,0.11111135731880906,-0.11110997309914188
22369,0.25,-0.11111147183012841,6.0663953457244265e-9,7.788706789785084e-5,8.559862936191324e-5,0.11111147183012841,-0.11110997863179824
22370,0.625,-0.11111157680266544,7.251310436915743e-9,8.51546266324722e-5,8.357068265959248e-5,0.11111157680266544,-0.1111099802961542
22371,1.5625,-0.11111165505231867,8.135955401062455e-9,9.019953104679899e-5,7.826689653053105e-5,0.11111165505231867,-0.11110997166988643
22372,3.90625,-0.11111166189217847,8.005800710981415e-9,8.947514018419538e-5,6.447908552368985e-5,0.11111166189217847,-0.11110994011651572
22373,9.765625,-0.11111149381734758,5.6208414863989275e-9,7.497227145017634e-5,3.11037058781947e-5,0.11111149381734758,-0.11110988120198523
22374,24.4140625,-0.11111100561577737,8.18416939227136e-11,9.046639924453365e-6,4.2728121066924655e-5,0.11111100561577737,-0.11110991456829855
22375,9.765625,-0.11111004357626991,8.556669194209164e-11,9.250226588689146e-6,2.4710775401120332e-5,0.11111004357626991,-0.11110991406786828
22376,3.90625,-0.11110968578790659,9.817829796127729e-11,9.908496251262211e-6,1.6830845458703592e-5,0.11110968578790659,-0.11110991387311493
22377,1.5625,-0.11110939719128159,1.1407057453072024e-10,1.0680382695892514e-5,1.3465331661223745e-5,0.11110939719128159,-0.11110991384441413
22378,0.625,-0.11110912654676865,1.328206323458188e-10,1.1524783396915484e-5,1.1989131903144457e-5,0.11110912654676865,-0.11110991389344652
22379,1.5625,-0.11110896460639086,1.447839198599118e-10,1.2032618994213678e-5,1.1307076971484505e-5,0.11110896460639086,-0.11110991376208743
22380,3.90625,-0.11110909237845289,1.3368951651595172e-10,1.156241828148211e-5,9.6866667848478e-6,0.11110909237845289,-0.1111099132649226
22381,9.765625,-0.11110979433963523,8.069751507367855e-11,8.983179563700069e-6,7.052925845592208e-6,0.11110979433963523,-0.11110991248669769
22382,24.4140625,-0.11111066422622826,1.4071467833446483e-11,3.751195520556944e-6,1.0003164959638965e-5,0.11111066422622826,-0.11110991259620849
22383,9.765625,-0.1111103118935233,2.6263329636132376e-12,1.6205964838951235e-6,1.732023022258639e-5,0.1111103118935233,-0.11110991299178699
22384,3.90625,-0.1111101955923955,2.1470222711710447e-12,1.4652720809361805e-6,1.8197625844970688e-5,0.1111101955923955,-0.11110991333112599
22385,1.5625,-0.11111010849562512,7.739975365783988e-12,2.7820811213521413e-6,1.7814668084455778e-5,0.11111010849562512,-0.11110991363383359
22386,0.625,-0.11111002887207692,1.8657476688863474e-11,4.31943013473577e-6,1.737378610305118e-5,0.11111002887207692,-0.11110991392036204
22387,0.25,-0.11110995152239683,3.4737060948309404e-11,5.893815483055896e-6,1.706792287600153e-5,0.11110995152239683,-0.11110991420101743
22388,0.1,-0.11110987489266556,5.592641105646546e-11,7.478396289075985e-6,1.687743474808712e-5,0.11110987489266556,-0.11110991447971226
22389,0.1,-0.11110980078533612,8.200509577609522e-11,9.055666500931625e-6,1.6758521054795703e-5,0.11110980078533612,-0.11110991475119142
22390,0.1,-0.11110972947539792,1.1277898377315712e-10,1.0619744995674666e-5,1.66278352416005e-5,0.11110972947539792,-0.1111099150146501
22391,0.1,-0.11110966122627654,1.4803906989611095e-10,1.2167130717474475e-5,1.648527074014154e-5,0.11110966122627654,-0.11110991526930927
22392,0.1,-0.11110959628901983,1.8756227284967924e-10,1.36953376318249e-5,1.633079173504698e-5,0.11110959628901983,-0.11110991551442204
22393,0.25,-0.11110954396840574,2.297347922484146e-10,1.515700472548632e-5,1.6165570343613234e-5,0.11110954396840574,-0.11110991570866023
22394,0.625,-0.11110952514638735,2.703328626579574e-10,1.6441802293482226e-5,1.5777779093074266e-5,0.11110952514638735,-0.11110991576109211
22395,1.5625,-0.11110959125780955,2.9795562024490026e-10,1.7261391028677272e-5,1.4797474950108e-5,0.11110959125780955,-0.11110991544411508
22396,3.90625,-0.11110984924306316,2.8592888797251723e-10,1.6909431923412367e-5,1.235520130866515e-5,0.11110984924306316,-0.11110991433281656
22397,9.765625,-0.11111040518122575,1.9341116961020447e-10,1.3907234434286512e-5,7.335762598286069e-6,0.11111040518122575,-0.11110991236233397
22398,24.4140625,-0.11111077302765694,3.947917796367118e-11,6.283245814359898e-6,1.0693352768934814e-5,0.11111077302765694,-0.1111099121373142
22399,9.765625,-0.11111051597113597,8.525002261922274e-12,2.9197606514785203e-6,2.4093862707244826e-5,0.11111051597113597,-0.11110991291846578
22400,3.90625,-0.11111040666329551,2.126874676414838e-12,1.458380840663658e-6,2.6408596182047434e-5,0.11111040666329551,-0.11110991366164298
22401,1.5625,-0.11111031781594939,1.000300423942503e-11,3.1627526364584745e-6,2.6236665566095226e-5,0.11111031781594939,-0.11110991433486041
22402,0.625,-0.11111023464022106,3.021947281658582e-11,5.497224100997322e-6,2.574195262661262e-5,0.11111023464022106,-0.1111099149720781
22403,0.25,-0.11111015329990424,6.234043746376556e-11,7.895596080332729e-6,2.5359231349584684e-5,0.11111015329990424,-0.1111099155951884
22404,0.1,-0.1111100725843172,1.0624303902974861e-10,1.0307426401859418e-5,2.5114402979316753e-5,0.1111100725843172,-0.11110991621355
22405,0.1,-0.11110999314059618,1.615347090611124e-10,1.270963056351806e-5,2.496232625609559e-5,0.11110999314059618,-0.11110991681748882
22406,0.1,-0.11110991514647539,2.2783692587056584e-10,1.5094267980613231e-5,2.478916967284152e-5,0.11110991514647539,-0.11110991740494301
22407,0.1,-0.11110983877451308,3.0473356419535334e-10,1.7456619495061274e-5,2.459503442107851e-5,0.11110983877451308,-0.11110991797392311
22408,0.1,-0.11110976419161256,3.9177254532697607e-10,1.979324494182235e-5,2.4380072251985255e-5,0.11110976419161256,-0.11110991852251949
22409,0.25,-0.11110969633048155,4.857778936908742e-10,2.204036963598556e-5,2.4145681975577037e-5,0.11110969633048155,-0.11110991896239923
22410,0.625,-0.11110964666420159,5.782414058302361e-10,2.4046650615631194e-5,2.3574943349102333e-5,0.11110964666420159,-0.11110991909506938
22411,1.5625,-0.11110964423111523,6.456561573363682e-10,2.5409764999628945e-5,2.20992128488366e-5,0.11110964423111523,-0.11110991841528346
22412,3.90625,-0.11110975292829964,6.306225888566169e-10,2.5112200000330854e-5,1.8316579589432257e-5,0.11110975292829964,-0.11110991594455256
22413,9.765625,-0.11111005743304316,4.36367896047655e-10,2.0889420672858665e-5,9.70936704789928e-6,0.11111005743304316,-0.11110991141371226
22414,24.4140625,-0.11111039613892258,9.03604540274182e-11,9.505811592253351e-6,1.3902073401875615e-5,0.11111039613892258,-0.11110991070574927
22415,9.765625,-0.11111036686008888,1.9493033252955633e-11,4.4150915339271995e-6,3.532652973691524e-5,0.11111036686008888,-0.11110991240362923
22416,3.90625,-0.11111038794315592,3.2820093322456786e-12,1.8116316767614986e-6,3.906135265882855e-5,0.11111038794315592,-0.11110991404289594
22417,1.5625,-0.11111041319739219,1.9151599033540457e-11,4.376253995546928e-6,3.891041800464438e-5,0.11111041319739219,-0.11110991552987978
22418,0.625,-0.11111043927934147,6.273176191629937e-11,7.920338497583255e-6,3.821658279052269e-5,0.11111043927934147,-0.11110991693673282
22419,0.25,-0.11111046559821584,1.3304269733143745e-10,1.1534413610211724e-5,3.766821450640812e-5,0.11111046559821584,-0.11110991831213386
22420,0.1,-0.11111049200965002,2.2982216264849604e-10,1.5159886630463172e-5,3.73179257012495e-5,0.11111049200965002,-0.11110991967728594
22421,0.1,-0.11111051871490167,3.522399851004771e-10,1.8768057573986635e-5,3.710307769800548e-5,0.11111051871490167,-0.11110992101139607
22422,0.1,-0.11111054573450214,4.994838873322296e-10,2.2349136165235326e-5,3.685541518654218e-5,0.11111054573450214,-0.11110992230973077
22423,0.1,-0.11111057308645413,6.706557878358861e-10,2.589702276007584e-5,3.657516834659414e-5,0.11111057308645413,-0.1111099235677204
22424,0.1,-0.11111060078611297,8.647755431898006e-10,2.9407066211878406e-5,3.6262624057827623e-5,0.11111060078611297,-0.11110992478097576
22425,0.25,-0.11111062970766862,1.074924970506994e-9,3.278604841250305e-5,3.591977621086923e-5,0.11111062970766862,-0.11110992575359772
22426,0.625,-0.11111066169328684,1.282489435652851e-9,3.5811861661366485e-5,3.506998473115746e-5,0.11111066169328684,-0.11110992604355116
22427,1.5625,-0.11111070082012757,1.435838152231893e-9,3.789245508319424e-5,3.285244616085399e-5,0.11111070082012757,-0.11110992452172815
22428,3.90625,-0.11111075271948018,1.4080085084636005e-9,3.752343945407458e-5,2.711472668871383e-5,0.11111075271948018,-0.11110991898279361
22429,9.765625,-0.11111080299181267,9.81194573248463e-10,3.132402549559145e-5,1.3566305837250607e-5,0.11111080299181267,-0.111109908737685
22430,24.4140625,-0.11111069654977518,2.0635681529504478e-10,1.436512496621748e-5,1.9410440735378805e-5,0.11111069654977518,-0.11110990692445433
22431,9.765625,-0.11111054142630557,4.4859276209148194e-11,6.697706787337603e-6,5.248886848119864e-5,0.11111054142630557,-0.11110991068838688
22432,3.90625,-0.11111043662193754,6.223715092461685e-12,2.494737479668289e-6,5.828866460887151e-5,0.11111043662193754,-0.11110991435220412
22433,1.5625,-0.111110342425671,3.98186497129565e-11,6.310202034242366e-6,5.813994480623113e-5,0.111110342425671,-0.11110991767934453
22434,0.625,-0.11111025158795092,1.357725566184437e-10,1.1652148154672756e-5,5.713212412296553e-5,0.11111025158795092,-0.11110992082679848
22435,0.25,-0.11111016194281768,2.918747189800804e-10,1.70843413387839e-5,5.632534962580886e-5,0.11111016194281768,-0.11110992390333066
22436,0.1,-0.1111100727662751,5.075459478180763e-10,2.2528780433438386e-5,5.580913915603157e-5,0.1111100727662751,-0.11110992695682156
22437,0.1,-0.11110998433160656,7.809690625132872e-10,2.7945823704326326e-5,5.549350722303798e-5,0.11110998433160656,-0.1111099299415436
22438,0.1,-0.11110989674160032,1.1103537541264533e-9,3.3321971042038514e-5,5.512815895501057e-5,0.11110989674160032,-0.11110993284678183
22439,0.1,-0.11110981009713533,1.4937155187180624e-9,3.864861600003372e-5,5.471344806065689e-5,0.11110981009713533,-0.1111099356621861
22440,0.1,-0.11110972449701317,1.9288839852896984e-9,4.391906175329453e-5,5.4249806806131366e-5,0.11110972449701317,-0.11110993837781091
22441,0.25,-0.11110964259146033,2.4005069839298923e-9,4.899496896549576e-5,5.3740108132753115e-5,0.11110964259146033,-0.11110994055572786
22442,0.625,-0.1111095707064884,2.867192055800992e-9,5.3546167517395604e-5,5.246902628882115e-5,0.1111095707064884,-0.11110994120579792
22443,1.5625,-0.11110952544721144,3.2139632500978453e-9,5.669182701322868e-5,4.91411595280801e-5,0.11110952544721144,-0.11110993779491757
22444,3.90625,-0.11110954704582554,3.157470831183609e-9,5.61913768400776e-5,4.049976780685654e-5,0.11110954704582554,-0.11110992535642097
22445,9.765625,-0.1111097138351571,2.2088301289697656e-9,4.699819282663713e-5,1.9778035480011455e-5,0.1111097138351571,-0.11110990223936104
22446,24.4140625,-0.1111100854560505,4.703267151097112e-10,2.1687017201766386e-5,2.8083431133771176e-5,0.1111100854560505,-0.11110989784175605
22447,9.765625,-0.11111023762640182,1.031150924500947e-10,1.0154560180042004e-5,7.842309745560393e-5,0.11111023762640182,-0.1111099062563548
22448,3.90625,-0.11111037214911594,1.2897939143689045e-11,3.5913700928321277e-6,8.730454426832785e-5,0.11111037214911594,-0.1111099144929601
22449,1.5625,-0.11111049803069947,8.553904108172987e-11,9.24873186343565e-6,8.715122650021315e-5,0.11111049803069947,-0.11110992197971152
22450,0.625,-0.1111106209702992,2.9870183493720114e-10,1.728299264992036e-5,8.566655878316746e-5,0.1111106209702992,-0.11110992906199899
22451,0.25,-0.11111074298980003,6.473692278059189e-10,2.544345157021584e-5,8.446695574400564e-5,0.11111074298980003,-0.11110993598356696
22452,0.1,-0.11111086481194114,1.1302275035682617e-9,3.3618856369131026e-5,8.36968462272692e-5,0.11111086481194114,-0.11110994285246753
22453,0.1,-0.11111098626796667,1.7432360172925352e-9,4.175207799969404e-5,8.322513033320686e-5,0.11111098626796667,-0.11110994956716544
22454,0.1,-0.11111110724359465,2.4823964683139323e-9,4.982365370297458e-5,8.267857119899365e-5,0.11111110724359465,-0.11110995610347696
22455,0.1,-0.11111122762308025,3.3432733899800486e-9,5.782104625462988e-5,8.205770384221371e-5,0.11111122762308025,-0.11110996243803638
22456,0.1,-0.11111134728942841,4.3210127899513225e-9,6.573441100330422e-5,8.136317672399976e-5,0.11111134728942841,-0.11110996854838684
22457,0.25,-0.11111146372326178,5.38135294422884e-9,7.335770541823702e-5,8.059927942550408e-5,0.11111146372326178,-0.11110997345224971
22458,0.625,-0.11111157066866778,6.431833322863812e-9,8.019871147882497e-5,7.869371148827655e-5,0.11111157066866778,-0.11110997492602945
22459,1.5625,-0.11111165109237439,7.215416511060396e-9,8.49436078293146e-5,7.370180534618471e-5,0.11111165109237439,-0.11110996727502948
22460,3.90625,-0.11111166079491094,7.097697409545515e-9,8.42478332632093e-5,6.072029908643042e-5,0.11111166079491094,-0.11110993930277621
22461,9.765625,-0.11111149783471509,4.9793624278924335e-9,7.056459755353554e-5,2.9341411114737572e-5,0.11111149783471509,-0.11110988712448651
22462,24.4140625,-0.11111101478378013,7.342813328194003e-11,8.569021722573705e-6,4.0459431147077994e-5,0.11111101478378013,-0.11110991673236678
22463,9.765625,-0.11111007201909621,7.651788523162983e-11,8.74745021315525e-6,2.3517828312783816e-5,0.11111007201909621,-0.11110991629401389
22464,3.90625,-0.11110971745562397,8.787027848088103e-11,9.373914789503959e-6,1.6138666642685316e-5,0.11110971745562397,-0.11110991612678925
22465,1.5625,-0.11110943132804167,1.0225725483181084e-10,1.0112232930061038e-5,1.2986453340683585e-5,0.11110943132804167,-0.11110991610706145
22466,0.625,-0.11110916299609021,1.1929340919606164e-10,1.092215222362615e-5,1.1602279633228675e-5,0.11110916299609021,-0.11110991615654031
22467,1.5625,-0.11110900084794216,1.3025434143614797e-10,1.141290241069939e-5,1.096172237575039e-5,0.11110900084794216,-0.11110991604319323
22468,3.90625,-0.1111091222364443,1.2032841483978427e-10,1.0969430925977166e-5,9.441158855888743e-6,0.1111091222364443,-0.11110991559948914
22469,9.765625,-0.11110980745935897,7.238167500850703e-11,8.507742062880551e-6,6.97755231490434e-6,0.11110980745935897,-0.11110991490391485
22470,24.4140625,-0.11111066500098922,1.2520093479548265e-11,3.5383744120073364e-6,9.656079201787966e-6,0.11111066500098922,-0.1111099150078844
22471,9.765625,-0.11111031441060949,2.3834389478027983e-12,1.5438390291098351e-6,1.6448097591113514e-5,0.11111031441060949,-0.11110991536288846
22472,3.90625,-0.11111019674419298,2.0537161270672722e-12,1.4330792466110421e-6,1.7249426011118923e-5,0.11111019674419298,-0.11110991566680975
22473,1.5625,-0.11111010797837598,7.127497210687343e-12,2.669737292447956e-6,1.6879182784775663e-5,0.11111010797837598,-0.11110991593812324
22474,0.625,-0.11111002662831455,1.6941874694419486e-11,4.116050861495699e-6,1.6461037623551278e-5,0.11111002662831455,-0.1111099161951577
22475,0.25,-0.11110994753731693,3.135440190202166e-11,5.599500147515103e-6,1.6172582198391405e-5,0.11110994753731693,-0.11110991644706678
22476,0.1,-0.1111098691618216,5.0319842923639035e-11,7.093648068775264e-6,1.5993671681214806e-5,0.1111098691618216,-0.11110991669730261
22477,0.1,-0.11110979328353492,7.364017151339515e-11,8.581385174515543e-6,1.588244953350261e-5,0.11110979328353492,-0.11110991694112071
22478,0.1,-0.11110972017546301,1.0114164381519691e-10,1.0056920195328037e-5,1.57601300057117e-5,0.11110972017546301,-0.1111099171778025
22479,0.1,-0.11110965009923779,1.3263713279256237e-10,1.1516819560649649e-5,1.562662069030339e-5,0.11110965009923779,-0.11110991740665281
22480,0.1,-0.11110958330430232,1.6792685543370998e-10,1.295865947672482e-5,1.5481896160921045e-5,0.11110958330430232,-0.11110991762700582
22481,0.25,-0.11110952901086187,2.0555715454079456e-10,1.4337264541773461e-5,1.5327053918650975e-5,0.11110952901086187,-0.111109917801898
22482,0.625,-0.11110950792128399,2.417254545324895e-10,1.5547522456407305e-5,1.4962692872441879e-5,0.11110950792128399,-0.11110991785010069
22483,1.5625,-0.11110957106470014,2.6617942273582937e-10,1.6315006059938483e-5,1.404145602395009e-5,0.11110957106470014,-0.11110991756859331
22484,3.90625,-0.1111098247633304,2.550026626902946e-10,1.5968802794520778e-5,1.1752660440011159e-5,0.1111098247633304,-0.11110991657988326
22485,9.765625,-0.11111037605584473,1.7191110817326166e-10,1.3111487641502076e-5,7.1169102323822645e-6,0.11111037605584473,-0.11110991483318043
22486,24.4140625,-0.11111075162278564,3.487712187934894e-11,5.905685555407513e-6,1.0309667624417849e-5,0.11111075162278564,-0.11110991464909097
22487,9.765625,-0.11111050540536208,7.548438767333955e-12,2.747442222747178e-6,2.2785248241763486e-5,0.11111050540536208,-0.11110991534585257
22488,3.90625,-0.11111040274380034,2.0154074327950164e-12,1.419650461485156e-6,2.4934739792451313e-5,0.11111040274380034,-0.11110991600718935
22489,1.5625,-0.11111031991354846,9.141063656434713e-12,3.023419199587565e-6,2.4762196386609755e-5,0.11111031991354846,-0.11110991660627033
22490,0.625,-0.11111024256206738,2.721500909163697e-11,5.216800656689593e-6,2.4292790483748893e-5,0.11111024256206738,-0.11110991717349378
22491,0.25,-0.11111016698022619,5.585336461930413e-11,7.4735108629949905e-6,2.3931433872513995e-5,0.11111016698022619,-0.11110991772829572
22492,0.1,-0.11111009199945915,9.494856659540212e-11,9.74415550960688e-6,2.3700849413598916e-5,0.11111009199945915,-0.11110991827895358
22493,0.1,-0.11111001824686267,1.4415022293108127e-10,1.2006257657200319e-5,2.3557925920184375e-5,0.11111001824686267,-0.1111099188168022
22494,0.1,-0.11110994589397237,2.031214299749273e-10,1.4252067568424145e-5,2.3395181186420023e-5,0.11110994589397237,-0.1111099193400127
22495,0.1,-0.11110987510728527,2.714918007199525e-10,1.647700824542952e-5,2.32127117550668e-5,0.11110987510728527,-0.11110991984681937
22496,0.1,-0.11110980604779329,3.488589386108359e-10,1.867776588917518e-5,2.3010662558495764e-5,0.11110980604779329,-0.11110992033552816
22497,0.25,-0.11110974348142318,4.323868196137408e-10,2.0793913042372298e-5,2.27903434142896e-5,0.11110974348142318,-0.11110992072753763
22498,0.625,-0.11110969848827816,5.144810158195209e-10,2.268217396590373e-5,2.2253376490827753e-5,0.11110969848827816,-0.11110992084635501
22499,1.5625,-0.11110969909014233,5.74170374718383e-10,2.3961852489287695e-5,2.0865019326094078e-5,0.11110969909014233,-0.11110992024305394
22500,3.90625,-0.11110980679957569,5.603079256140603e-10,2.3670824354340942e-5,1.7310903817156136e-5,0.11110980679957569,-0.11110991804992346
22501,9.765625,-0.11111010205958902,3.869661622184791e-10,1.9671455518554773e-5,9.284902913085342e-6,0.11111010205958902,-0.11110991403691654
22502,24.4140625,-0.11111042165065287,7.974167966493517e-11,8.929819688265557e-6,1.3294103522329044e-5,0.11111042165065287,-0.1111099134329094
22503,9.765625,-0.11111038408590142,1.7224056742871843e-11,4.1501875551439655e-6,3.331785354443097e-5,0.11111038408590142,-0.11110991494082893
22504,3.90625,-0.11111039771718766,3.0956881187910267e-12,1.759456768093785e-6,3.680052780494994e-5,0.11111039771718766,-0.11110991639404075
22505,1.5625,-0.11111041594325632,1.7368990058706493e-11,4.167612033131982e-6,3.664686705600118e-5,0.11111041594325632,-0.11110991771207382
22506,0.625,-0.11111043515044164,5.6183745988026946e-11,7.495581764481456e-6,3.598983599748276e-5,0.11111043515044164,-0.11110991895926485
22507,0.25,-0.11111045464724745,1.1867708307942994e-10,1.0893901187335506e-5,3.5472552622507354e-5,0.11111045464724745,-0.11110992017875287
22508,0.1,-0.11111047425277347,2.0461931632714844e-10,1.4304520835286599e-5,3.514275102193996e-5,0.11111047425277347,-0.11110992138927675
22509,0.1,-0.1111104941697839,3.132721532939863e-10,1.769949584858242e-5,3.494080845815384e-5,0.1111104941697839,-0.11110992257229313
22510,0.1,-0.11111051442385102,4.43914816919691e-10,2.106928610370297e-5,3.47079874340944e-5,0.11111051442385102,-0.11110992372360808
22511,0.1,-0.11111053503805442,5.957503267049696e-10,2.4407997187499216e-5,3.444450566081901e-5,0.11111053503805442,-0.11110992483917306
22512,0.1,-0.11111055603285713,7.679088264601536e-10,2.771116790141032e-5,3.4150634773531796e-5,0.11111055603285713,-0.11110992591509992
22513,0.25,-0.11111057838390985,9.542349330404584e-10,3.08906933078631e-5,3.382823959038576e-5,0.11111057838390985,-0.11110992677752039
22514,0.625,-0.11111060419115844,1.1381710213410124e-9,3.373679032363649e-5,3.3028524600401445e-5,0.11111060419115844,-0.11110992703431626
22515,1.5625,-0.11111063824660378,1.2738076626955807e-9,3.569044217568032e-5,3.094149046648116e-5,0.11111063824660378,-0.11110992568438587
22516,3.90625,-0.11111068810783427,1.2483377182504851e-9,3.533182302472496e-5,2.5544892687367323e-5,0.11111068810783427,-0.11110992077511278
22517,9.765625,-0.11111074424315055,8.686868541662354e-10,2.9473494094970068e-5,1.285487798471402e-5,0.11111074424315055,-0.11110991171062837
22518,24.4140625,-0.11111066153725067,1.8196510648950165e-10,1.3489444261699652e-5,1.8451821012487708e-5,0.11111066153725067,-0.11110991014525633
22519,9.765625,-0.11111052024171503,3.954843929937377e-11,6.288754988022173e-6,4.942739485973305e-5,0.11111052024171503,-0.11110991348018542
22520,3.90625,-0.11111042633702185,5.773889245759234e-12,2.4028918506165097e-6,5.484674243844372e-5,0.11111042633702185,-0.1111099167213508
22521,1.5625,-0.11111034223089211,3.5874076006526974e-11,5.9894971413739715e-6,5.4693263644160146e-5,0.11111034223089211,-0.1111099196640312
22522,0.625,-0.1111102612057319,1.2113522883113528e-10,1.1006145048614219e-5,5.374031953990333e-5,0.1111102612057319,-0.11110992244793946
22523,0.25,-0.11111018126989916,2.5961085096522047e-10,1.6112443978652664e-5,5.297987338976962e-5,0.11111018126989916,-0.11110992516936717
22524,0.1,-0.11111010175980013,4.5079359843814286e-10,2.1231900490491727e-5,5.249407563224349e-5,0.11111010175980013,-0.11110992787061152
22525,0.1,-0.11111002293761552,6.930712847334413e-10,2.632624706891283e-5,5.219747060260838e-5,0.11111002293761552,-0.11110993051100686
22526,0.1,-0.11110994489824912,9.848582896509191e-10,3.138245193815995e-5,5.185408295605079e-5,0.11110994489824912,-0.11110993308107182
22527,0.1,-0.11110986773481583,1.324396793299729e-9,3.639226282192039e-5,5.146424563973894e-5,0.11110986773481583,-0.11110993557164726
22528,0.1,-0.1111097915384832,1.709764164274941e-9,4.1349294604321136e-5,5.102836605409419e-5,0.1111097915384832,-0.1111099379739324
22529,0.25,-0.11110971877491385,2.1273311576775276e-9,4.6123000310880985e-5,5.054912875683788e-5,0.11110971877491385,-0.11110993989989505
22530,0.625,-0.11110965531838189,2.5403576494954523e-9,5.040196077034555e-5,4.935312242051643e-5,0.11110965531838189,-0.1111099404725569
22531,1.5625,-0.11110961655769973,2.8468166024556255e-9,5.335556768000529e-5,4.622131335985562e-5,0.11110961655769973,-0.11110993744918708
22532,3.90625,-0.1111096396035744,2.7954160004565245e-9,5.2871693754376025e-5,3.809160905110208e-5,0.1111096396035744,-0.11110992643718186
22533,9.765625,-0.11110979563314162,1.9533514433756065e-9,4.419673566425021e-5,1.864095085992256e-5,0.11110979563314162,-0.11110990600161093
22534,24.4140625,-0.1111101325668774,4.1455172016563743e-10,2.036054321882492e-5,2.6593370614644064e-5,0.1111101325668774,-0.11110990218319189
22535,9.765625,-0.11111026620540929,9.080168978823556e-11,9.528992065703254e-6,7.378207715249737e-5,0.11111026620540929,-0.11110990962823118
22536,3.90625,-0.11111038549810454,1.179088887704983e-11,3.4337863761523996e-6,8.209098807425545e-5,0.11111038549810454,-0.1111099169060956
22537,1.5625,-0.11111049721706383,7.668268420627911e-11,8.756864975907708e-6,8.193064780456712e-5,0.11111049721706383,-0.11110992351983784
22538,0.625,-0.11111060634469655,2.6576950652733174e-10,1.63024386681052e-5,8.052867569037394e-5,0.11111060634469655,-0.11110992977636117
22539,0.25,-0.1111107146609758,5.746341329880376e-10,2.397152754807331e-5,7.939882752971827e-5,0.1111107146609758,-0.11110993589128466
22540,0.1,-0.11111082280335831,1.002125102080747e-9,3.165635958351413e-5,7.86744653861034e-5,0.11111082280335831,-0.11110994196002448
22541,0.1,-0.11111093061978661,1.5446634577524459e-9,3.9302206779676455e-5,7.823133187917996e-5,0.11111093061978661,-0.1111099478924647
22542,0.1,-0.11111103800886514,2.1987125472720003e-9,4.6890431297568596e-5,7.771778687005655e-5,0.11111103800886514,-0.11110995366722234
22543,0.1,-0.11111114486782557,2.960348555294621e-9,5.44090852275116e-5,7.713433357736779e-5,0.11111114486782557,-0.11110995926363902
22544,0.1,-0.11111125109272714,3.8252770153067664e-9,6.184882387973732e-5,7.648158235813344e-5,0.11111125109272714,-0.11110996466186014
22545,0.25,-0.11111135444541571,4.76312962931445e-9,6.901543037114562e-5,7.576354189767657e-5,0.11111135444541571,-0.11110996899255696
22546,0.625,-0.11111144936690162,5.691964168857687e-9,7.544510699082934e-5,7.397111561749708e-5,0.11111144936690162,-0.1111099702884293
22547,1.5625,-0.11111152070994175,6.384028609693771e-9,7.99001164560714e-5,6.92747113364158e-5,0.11111152070994175,-0.11110996351270404
22548,3.90625,-0.11111152909987425,6.2774545146187215e-9,7.92303888329391e-5,5.706362772077074e-5,0.11111152909987425,-0.11110993877087592
22549,9.765625,-0.11111138333142109,4.399979355739972e-9,6.63323401949605e-5,2.7585211090668468e-5,0.11111138333142109,-0.11110989267494631
22550,24.4140625,-0.11111093460416059,9.427738064217179e-10,3.070462190650974e-5,3.896226844885728e-5,0.11111093460416059,-0.11110988360449764
22551,9.765625,-0.11111068903871998,2.0743047691740515e-10,1.4402446907293397e-5,0.00011049244764048167,0.11111068903871998,-0.11110990031934127
22552,3.90625,-0.11111048929011767,2.4258254174726533e-11,4.925266914059231e-6,0.00012315682810456354,0.11111048929011767,-0.11110991672830803
22553,1.5625,-0.11111030486354445,1.6577928526205805e-10,1.2875530484685206e-5,0.00012299210599498795,0.11111030486354445,-0.11110993165125763
22554,0.625,-0.11111012583278829,5.87379145842196e-10,2.4235906127937448e-5,0.00012091734890882437,0.11111012583278829,-0.11110994576806894
22555,0.25,-0.11110994893042705,1.2790185174217972e-9,3.576336837354386e-5,0.0001192325304619683,0.11110994893042705,-0.11110995956331782
22556,0.1,-0.111109773028686,2.238068744043527e-9,4.730823125042329e-5,0.00011814901231883487,0.111109773028686,-0.11110997325264367
22557,0.1,-0.11110959839174152,3.456534847627768e-9,5.879230262226313e-5,0.00011748474266474456,0.11110959839174152,-0.11110998663536666
22558,0.1,-0.1111094251653534,4.926488672094442e-9,7.018894978623374e-5,0.00011671485526284945,0.1111094251653534,-0.11110999966328554
22559,0.1,-0.11110925349230284,6.639132557944444e-9,8.148087234403202e-5,0.00011584008575014078,0.11110925349230284,-0.11111001228982022
22560,0.1,-0.11110908351231981,8.584836102141972e-9,9.265439062527999e-5,0.00011486132921648648,0.11110908351231981,-0.11111002447019018
22561,0.25,-0.1111089188161674,1.0695676071966332e-8,0.00010341990172092764,0.00011378455675491818,0.1111089188161674,-0.11111003425149017
22562,0.625,-0.111108768138253,1.2788250891124068e-8,0.00011308514885308356,0.0001110975693121907,0.111108768138253,-0.11111003720989747
22563,1.5625,-0.11110865500998919,1.4352485680293824e-8,0.00011980186008695284,0.00010405597751630064,0.11110865500998919,-0.11111002200924006
22564,3.90625,-0.11110864026194693,1.4128504476566075e-8,0.00011886338576940368,8.573173893479415e-5,0.11110864026194693,-0.11110996632683355
22565,9.765625,-0.11110886652787808,9.928482626694718e-9,9.964177149516521e-5,4.1290997941574015e-5,0.11110886652787808,-0.11110986222795487
22566,24.4140625,-0.11110960414467874,1.4473595126328578e-10,1.20306255557758e-5,5.652806355385386e-5,0.11110960414467874,-0.11110992083027849
22567,9.765625,-0.11111091903389599,1.502627032255154e-10,1.2258168836556112e-5,3.294414703911753e-5,0.11111091903389599,-0.11110991998318431
22568,3.90625,-0.11111140829452905,1.7336367000932416e-10,1.316676383965795e-5,2.2404066829164365e-5,0.11111140829452905,-0.11110991963934969
22569,1.5625,-0.11111180220698344,2.028414910928832e-10,1.4242243190343409e-5,1.7783869999387696e-5,0.11111180220698344,-0.11110991958064664
22570,3.90625,-0.11111189160438724,2.033807455015201e-10,1.4261162137130344e-5,1.5696847864007773e-5,0.11111189160438724,-0.11110991888446313
22571,9.765625,-0.1111112680498735,1.346747488696456e-10,1.1604945017950132e-5,1.1065180828521407e-5,0.1111112680498735,-0.11110991749106668
22572,24.4140625,-0.11111015281635325,2.587908470942404e-11,5.087148976531358e-6,9.98686800743102e-6,0.11111015281635325,-0.11110991729041816
22573,9.765625,-0.11111068519898017,5.766495413689153e-12,2.4013528299042507e-6,2.0114983966923373e-5,0.11111068519898017,-0.1111099178373723
22574,3.90625,-0.11111086829790955,2.901697965519148e-12,1.7034371034820006e-6,2.153057137707398e-5,0.11111086829790955,-0.11110991832218489
22575,1.5625,-0.11111101048607562,9.194398428315483e-12,3.0322266452749676e-6,2.1187741713991934e-5,0.11111101048607562,-0.11110991875684134
22576,0.625,-0.11111114235124075,2.3388649559984642e-11,4.836181299329528e-6,2.068490835047007e-5,0.11111114235124075,-0.1111099191666861
22577,0.25,-0.11111127114655703,4.518622710551465e-11,6.7220701502970535e-6,2.03119816918468e-5,0.11111127114655703,-0.11110991956623144
22578,0.1,-0.11111139900943943,7.447944246466492e-11,8.630147302605264e-6,2.00674952962775e-5,0.11111139900943943,-0.11110991996146527
22579,0.1,-0.11111152265743446,1.1092285031705057e-10,1.0531991754509238e-5,1.9906928050536636e-5,0.11111152265743446,-0.11110992034566987
22580,0.1,-0.11111164166723438,1.54214448182203e-10,1.2418311003602825e-5,1.9733895202389057e-5,0.11111164166723438,-0.11110992071777295
22581,0.1,-0.11111175563435388,2.0403241276517155e-10,1.4283991485756757e-5,1.954801109603829e-5,0.11111175563435388,-0.11110992107672919
22582,0.1,-0.11111186417438196,2.600362382100995e-10,1.6125639156638086e-5,1.9349015680932563e-5,0.11111186417438196,-0.11110992142153177
22583,0.25,-0.11111195193043717,3.198421121901426e-10,1.78841301770632e-5,1.913847872273725e-5,0.11111195193043717,-0.1111099216945219
22584,0.625,-0.11111198476938691,3.7725549902968107e-10,1.942306615932925e-5,1.8662782258202847e-5,0.11111198476938691,-0.1111099217682095
22585,1.5625,-0.1111118790471298,4.15747418048213e-10,2.0389885189677086e-5,1.7478888226634565e-5,0.1111118790471298,-0.11110992132443752
22586,3.90625,-0.11111146202188414,3.9765536342550325e-10,1.9941297937333548e-5,1.4547116907234061e-5,0.11111146202188414,-0.11110991977487311
22587,9.765625,-0.11111056563692931,2.688826429114712e-10,1.639764138257302e-5,8.457214246827457e-6,0.11111056563692931,-0.11110991702666852
22588,24.4140625,-0.11110997197932937,5.6967626178013027e-11,7.5476901220183265e-6,1.1830485160055304e-5,0.11110997197932937,-0.1111099165998623
22589,9.765625,-0.11111033033617151,1.249342911183396e-11,3.5346045198627187e-6,2.785784236629475e-5,0.11111033033617151,-0.11110991765241689
22590,3.90625,-0.11111047091295136,2.5848605977575217e-12,1.6077501664616683e-6,3.0738233199259575e-5,0.11111047091295136,-0.11110991866616517
22591,1.5625,-0.11111058171245428,1.2432380872450077e-11,3.5259581495602123e-6,3.0585810167151613e-5,0.11111058171245428,-0.11110991958512757
22592,0.625,-0.11111068441835609,3.927624781296552e-11,6.267076496498628e-6,3.0015252152432848e-5,0.11111068441835609,-0.11110992045370084
22593,0.25,-0.11111078455372138,8.247623229269631e-11,9.081642598819682e-6,2.956239208349512e-5,0.11111078455372138,-0.1111099213017495
22594,0.1,-0.11111088384850125,1.418392355906629e-10,1.1909627852735907e-5,2.9266859829368804e-5,0.11111088384850125,-0.11110992214229705
22595,0.1,-0.11111098136449489,2.168194728048803e-10,1.4724791095458037e-5,2.907902769811247e-5,0.11111098136449489,-0.11110992296259413
22596,0.1,-0.1111110768465277,3.0688660739463854e-10,1.751817934017798e-5,2.886710429142496e-5,0.1111110768465277,-0.11110992375986993
22597,0.1,-0.11111117004680025,4.1146017654081166e-10,2.0284481175046396e-5,2.8631123357705843e-5,0.11111117004680025,-0.1111099245314493
22598,0.1,-0.1111112607256191,5.299117691473965e-10,2.3019812535018534e-5,2.837118988204879e-5,0.1111112607256191,-0.11110992527476143
22599,0.25,-0.11111134179738887,6.579300183893186e-10,2.5650146556877965e-5,2.8089041119639718e-5,0.11111134179738887,-0.11110992587009742
22600,0.625,-0.11111139680088106,7.83973556466201e-10,2.799952779005748e-5,2.741402718443587e-5,0.11111139680088106,-0.11110992604791853
22601,1.5625,-0.11111138418337843,8.761737703563517e-10,2.9600232606456856e-5,2.5679924902494032e-5,0.11111138418337843,-0.11110992512149064
22602,3.90625,-0.11111121333415651,8.567857736724057e-10,2.927090319194824e-5,2.123652642647429e-5,0.11111121333415651,-0.11110992175776355
22603,9.765625,-0.11111077042619218,5.948089144380456e-10,2.438870464862875e-5,1.099245630850108e-5,0.11111077042619218,-0.11110991556710606
22604,24.4140625,-0.1111103296217118,1.2475300730977756e-10,1.1169288576707898e-5,1.567148032481377e-5,0.1111103296217118,-0.11110991451169347
22605,9.765625,-0.11111042448900248,2.6856920812741377e-11,5.182366333321235e-6,4.106034580348708e-5,0.11111042448900248,-0.11110991681473786
22606,3.90625,-0.11111042894850913,3.853928317733231e-12,1.9631424598671464e-6,4.551483612523006e-5,0.11111042894850913,-0.11110991904739491
22607,1.5625,-0.11111042437700144,2.4700182453782668e-11,4.969927811727517e-6,4.536637996255896e-5,0.11111042437700144,-0.11110992107273321
22608,0.625,-0.11111041772601847,8.33629324243001e-11,9.130330356799807e-6,4.456132936023712e-5,0.11111041772601847,-0.1111099229876827
22609,0.25,-0.11111041049946173,1.7846822436334835e-10,1.335919998964565e-5,4.3918115942916355e-5,0.11111041049946173,-0.11110992485861175
22610,0.1,-0.11111040312835542,3.096326507088917e-10,1.759638175048756e-5,4.350344754991517e-5,0.11111040312835542,-0.1111099267146253
22611,0.1,-0.11111039523169997,4.757189623902404e-10,2.1810982609461692e-5,4.324611389617311e-5,0.11111039523169997,-0.111109928527854
22612,0.1,-0.1111103867424418,6.756095690698867e-10,2.5992490628446647e-5,4.2950720474470394e-5,0.1111103867424418,-0.11110993029188654
22613,0.1,-0.11111037759700766,9.08071769071182e-10,3.01342291932477e-5,4.2617517601863756e-5,0.11111037759700766,-0.11110993200053362
22614,0.1,-0.11111036773557986,1.1717628087304329e-9,3.423102114647521e-5,4.224682359342092e-5,0.11111036773557986,-0.1111099336478531
22615,0.25,-0.1111103550056576,1.4573348784889613e-9,3.8175055710358316e-5,4.184110004410672e-5,0.1111103550056576,-0.11110993496818541
22616,0.625,-0.11111033460362968,1.7396465077012401e-9,4.170906984938936e-5,4.0844783728467226e-5,0.11111033460362968,-0.11110993536150801
22617,1.5625,-0.11111029503701131,1.9489475514926127e-9,4.4146886090556974e-5,3.825353294103579e-5,0.11111029503701131,-0.1111099332937152
22618,3.90625,-0.11111021495732941,1.9135151715984546e-9,4.374374437103498e-5,3.154795753877546e-5,0.11111021495732941,-0.11110992576022787
22619,9.765625,-0.11111009215533302,1.3374762196351506e-9,3.6571521975919335e-5,1.55798207972279e-5,0.11111009215533302,-0.11110991177633395
22620,24.4140625,-0.11111014726571522,2.8367113246548485e-10,1.6842539371053428e-5,2.2143915689382993e-5,0.11111014726571522,-0.11110990917262292
22621,9.765625,-0.1111103354987797,6.152606103815665e-11,7.843854985793443e-6,6.117517813233151e-5,0.1111103354987797,-0.11110991429793124
22622,3.90625,-0.11111045331190321,7.40823284110302e-12,2.7218069073876308e-6,6.804397578235581e-5,0.11111045331190321,-0.11110991930154919
22623,1.5625,-0.11111055763678612,5.201750979738731e-11,7.212316534747161e-6,6.790025732385009e-5,0.11111055763678612,-0.1111099238460864
22624,0.625,-0.11111065795888786,1.8178070241390802e-10,1.3482607404130257e-5,6.672961380119403e-5,0.11111065795888786,-0.11110992814358174
22625,0.25,-0.1111107570237405,3.936260444210372e-10,1.9840011200123785e-5,6.57850729003486e-5,0.1111107570237405,-0.11110993234249643
22626,0.1,-0.11111085574037965,6.867257565870392e-10,2.620545280255694e-5,6.51767240023818e-5,0.11111085574037965,-0.11110993650849049
22627,0.1,-0.11111095367738609,1.0585968009633547e-9,3.253608459792534e-5,6.480158200217586e-5,0.11111095367738609,-0.11110994057991888
22628,0.1,-0.11111105069208009,1.5067837904656359e-9,3.881731302480423e-5,6.436862338925072e-5,0.11111105069208009,-0.11110994454221398
22629,0.1,-0.11111114664312312,2.0285687720829986e-9,4.5039635567830685e-5,6.387824778341056e-5,0.11111114664312312,-0.11110994838130643
22630,0.1,-0.11111124139085277,2.620982536407443e-9,5.119553238718631e-5,6.333094775933344e-5,0.11111124139085277,-0.11110995208367892
22631,0.25,-0.11111133124780966,3.2632232219751866e-9,5.71246288563452e-5,6.273022087446545e-5,0.11111133124780966,-0.11110995505389173
22632,0.625,-0.11111140744717647,3.899212462839445e-9,6.24436743220596e-5,6.124210929793319e-5,0.11111140744717647,-0.1111099559446713
22633,1.5625,-0.11111144714226327,4.3731308766587515e-9,6.612965202281614e-5,5.735540240951218e-5,0.11111144714226327,-0.11110995130659837
22634,3.90625,-0.11111139624475733,4.300535878037408e-9,6.557847114745363e-5,4.726346830117074e-5,0.11111139624475733,-0.11110993436139241
22635,9.765625,-0.11111115829183596,3.015613360236649e-9,5.491460061073602e-5,2.2944600380632528e-5,0.11111115829183596,-0.11110990277475681
22636,24.4140625,-0.11111071401421238,6.462145837292646e-10,2.5420751045735542e-5,3.230527627673157e-5,0.11111071401421238,-0.11110989655083646
22637,9.765625,-0.11111057407250609,1.414200466464658e-10,1.1892016088387444e-5,9.155549007989008e-5,0.11111057407250609,-0.11110990803842816
22638,3.90625,-0.11111043907836204,1.5734175706441126e-11,3.966632791983791e-6,0.0001020421074397756,0.11111043907836204,-0.11110991930859032
22639,1.5625,-0.11111031196833707,1.1285946748771836e-10,1.0623533662944659e-5,0.00010189788931403886,0.11111031196833707,-0.11110992955473412
22640,0.625,-0.11111018794017895,4.0209474622350574e-10,2.0052300272624728e-5,0.00010017098459287056,0.11111018794017895,-0.11110993924504722
22641,0.25,-0.11111006518840853,8.764854897500556e-10,2.9605497627130937e-5,9.876706295069922e-5,0.11111006518840853,-0.1111099487126631
22642,0.1,-0.11110994306551232,1.5341681083107952e-9,3.916845807931167e-5,9.786123939584512e-5,0.11110994306551232,-0.11110995810578003
22643,0.1,-0.11110982167643917,2.369614155711131e-9,4.8678682764749615e-5,9.730278725464416e-5,0.11110982167643917,-0.11110996728696693
22644,0.1,-0.11110970110436462,3.3773378114556917e-9,5.8114867387405194e-5,9.665720286980962e-5,0.11110970110436462,-0.11110997622327427
22645,0.1,-0.11110958143151227,4.551261061335311e-9,6.746303477709338e-5,9.592510436387837e-5,0.11110958143151227,-0.1111099848828727
22646,0.1,-0.11110946273916274,5.8847390502694985e-9,7.67120528357148e-5,9.510724222320621e-5,0.11110946273916274,-0.11110999323517572
22647,0.25,-0.11110934698197711,7.331228137027037e-9,8.562259127722682e-5,9.420879561271695e-5,0.11110934698197711,-0.11110999994177548
22648,0.625,-0.11110923901600152,8.765137800826168e-9,9.362231465214994e-5,9.197894352632988e-5,0.11110923901600152,-0.11111000197111524
22649,1.5625,-0.11110915231205347,9.837234609089771e-9,9.918283424610214e-5,8.614830543528004e-5,0.11110915231205347,-0.11110999155436277
22650,3.90625,-0.11110912399327053,9.684727848398215e-9,9.841101487332714e-5,7.098779592680696e-5,0.11110912399327053,-0.11110995338881505
22651,9.765625,-0.11110925433620486,6.807800120661197e-9,8.250939413582672e-5,3.423313783000665e-5,0.11110925433620486,-0.11110988201210892
22652,24.4140625,-0.11110998982178986,9.727655210064094e-11,9.86288761472222e-6,4.671901859688446e-5,0.11110998982178986,-0.1111099222842612
22653,9.765625,-0.11111076417719368,1.0235356491682752e-10,1.0116993867588708e-5,2.6637255249466768e-5,0.11111076417719368,-0.1111099216504888
22654,3.90625,-0.1111110427769533,1.1673165661035405e-10,1.080424252830128e-5,1.7994956325914e-5,0.1111110427769533,-0.11110992140743749
22655,1.5625,-0.11111126753568476,1.349275719115993e-10,1.1615832811796118e-5,1.4345420426666186e-5,0.11111126753568476,-0.11110992136578048
22656,3.90625,-0.11111131247652015,1.347490478912247e-10,1.1608145755943312e-5,1.2739587504958724e-5,0.11111131247652015,-0.1111099209101554
22657,9.765625,-0.11111094159727627,9.089079778517431e-11,9.533666544681239e-6,9.270866767090549e-6,0.11111094159727627,-0.11110991998683979
22658,24.4140625,-0.11111030052528283,1.7747148369476504e-11,4.2127364467144755e-6,8.67534140106945e-6,0.11111030052528283,-0.11110991985690116
22659,9.765625,-0.1111105919218042,4.17914142016417e-12,2.044294846680432e-6,1.6663643144458635e-5,0.1111105919218042,-0.11110992022428542
22660,3.90625,-0.1111106834789562,1.804651827280105e-12,1.3433733015361386e-6,1.793042917201315e-5,0.1111106834789562,-0.11110992056240784
22661,1.5625,-0.11111075275971302,5.607806395258914e-12,2.368080740865673e-6,1.770941497550635e-5,0.11111075275971302,-0.11110992086820212
22662,0.625,-0.11111081652344093,1.4722438121665796e-11,3.836982945188289e-6,1.7325014455381588e-5,0.11111081652344093,-0.11110992115726187
22663,0.25,-0.11111087866802288,2.893513217790972e-11,5.379138609285851e-6,1.703154305124237e-5,0.11111087866802288,-0.11110992143913825
22664,0.1,-0.11111094032838413,4.8167164462723443e-11,6.940256800920513e-6,1.6836063482233236e-5,0.11111094032838413,-0.11110992171788514
22665,0.1,-0.11111099963282374,7.220485843049301e-11,8.497344198659544e-6,1.6705981132966335e-5,0.11111099963282374,-0.1111099219892106
22666,0.1,-0.11111105635100249,1.0085444035278274e-10,1.0042631146904816e-5,1.6566174806879563e-5,0.11111105635100249,-0.11110992225240067
22667,0.1,-0.11111111026339911,1.339093525504752e-10,1.1571920866929361e-5,1.6416302147199154e-5,0.11111111026339911,-0.11110992250675626
22668,0.1,-0.1111111611620134,1.7115084014669965e-10,1.3082463076450843e-5,1.6256123901737857e-5,0.1111111611620134,-0.11110992275160245
22669,0.25,-0.11111120050769566,2.1110176075683806e-10,1.4529341373814509e-5,1.6086885142029518e-5,0.11111120050769566,-0.1111099229488178
22670,0.625,-0.11111120939680305,2.4989041252122497e-10,1.580792246062793e-5,1.570769492624866e-5,0.11111120939680305,-0.11110992301352672
22671,1.5625,-0.11111114170941494,2.770396589241102e-10,1.6644508371355105e-5,1.4765636237576534e-5,0.11111114170941494,-0.11110992273177278
22672,3.90625,-0.11111090329857382,2.6788486742640877e-10,1.6367188745365184e-5,1.242516420282266e-5,0.11111090329857382,-0.11110992169767155
22673,9.765625,-0.11111040956411206,1.8383580264132156e-10,1.3558606220453544e-5,7.524925149046941e-6,0.11111040956411206,-0.11110991981627631
22674,24.4140625,-0.11111012556320446,3.909838222660209e-11,6.252869919213264e-6,9.97168827698983e-6,0.11111012556320446,-0.11110991951124821
22675,9.765625,-0.11111034453502616,8.958889858345569e-12,2.993140467526636e-6,2.319449659922184e-5,0.11111034453502616,-0.11110992023292092
22676,3.90625,-0.11111043814068973,2.061439526455011e-12,1.435771404665454e-6,2.5573417627768438e-5,0.11111043814068973,-0.1111099209331768
22677,1.5625,-0.11111051413020541,8.624746356862733e-12,2.936791847724781e-6,2.545938111445053e-5,0.11111051413020541,-0.11110992157010754
22678,0.625,-0.11111058526312419,2.677211633435513e-11,5.174177841392305e-6,2.4996621129486253e-5,0.11111058526312419,-0.11110992217301403
22679,0.25,-0.11111065484342929,5.606431907374171e-11,7.4876110391594e-6,2.4627410237581234e-5,0.11111065484342929,-0.1111099227619815
22680,0.1,-0.11111072391461851,9.636729707718167e-11,9.816684627570637e-6,2.4385765720180816e-5,0.11111072391461851,-0.11110992334581367
22681,0.1,-0.11111079193576379,1.4731212352066912e-10,1.2137220584658957e-5,2.4231737300097093e-5,0.11111079193576379,-0.11110992391584175
22682,0.1,-0.11111085875304517,2.0853923384401188e-10,1.4440887571199074e-5,2.4058015554961113e-5,0.11111085875304517,-0.11110992447017744
22683,0.1,-0.1111109242167498,2.7965521761892447e-10,1.6722895013092814e-5,2.386463953183314e-5,0.1111109242167498,-0.11110992500699547
22684,0.1,-0.11111098818169578,3.6023426809755573e-10,1.8979838463421014e-5,2.3651706075636602e-5,0.11111098818169578,-0.11110992552454416
22685,0.25,-0.11111104643359826,4.473721374587849e-10,2.1151173429830906e-5,2.3420667642185826e-5,0.11111104643359826,-0.11110992594141161
22686,0.625,-0.1111110891451933,5.332888260396903e-10,2.3093047136306855e-5,2.2869204890841483e-5,0.1111110891451933,-0.11110992607415487
22687,1.5625,-0.11111109139421183,5.964652763609233e-10,2.4422638603576874e-5,2.145432424773135e-5,0.11111109139421183,-0.11110992545476153
22688,3.90625,-0.11111099815725144,5.841838222494707e-10,2.416989495735285e-5,1.7835628909442486e-5,0.11111099815725144,-0.11110992317141155
22689,9.765625,-0.1111107357412581,4.066811277412212e-10,2.0166336497768285e-5,9.58771694264029e-6,0.1111107357412581,-0.1111099189449588
22690,24.4140625,-0.1111104403910044,8.570245956222524e-11,9.25756229048583e-6,1.3213360239689724e-5,0.1111104403910044,-0.11110991821124498
22691,9.765625,-0.11111046379249953,1.8678056130212416e-11,4.321811672228722e-6,3.407054142976211e-5,0.11111046379249953,-0.11110991979128504
22692,3.90625,-0.11111044171608556,2.7975726500878125e-12,1.6725945862903575e-6,3.775842583363946e-5,0.11111044171608556,-0.11110992132703112
22693,1.5625,-0.1111104164560201,1.6905600145873788e-11,4.111642025501951e-6,3.764364746413039e-5,0.1111104164560201,-0.11110992272191014
22694,0.625,-0.11111039066955006,5.687184513977442e-11,7.541342396402276e-6,3.698313056176947e-5,0.11111039066955006,-0.11110992404148172
22695,0.25,-0.11111036478784114,1.2175317105320787e-10,1.1034181938558376e-5,3.6454081581323443e-5,0.11111036478784114,-0.11110992533094567
22696,0.1,-0.11111033890900485,2.1128526932682713e-10,1.453565510483883e-5,3.61125686354082e-5,0.11111033890900485,-0.11110992661016551
22697,0.1,-0.11111031284474732,3.246931407848983e-10,1.8019243624106377e-5,3.59003671932548e-5,0.11111031284474732,-0.11110992786012815
22698,0.1,-0.11111028657718226,4.6121381210799154e-10,2.1475889087718616e-5,3.565685190075637e-5,0.11111028657718226,-0.11110992907645194
22699,0.1,-0.11111026009028253,6.200057778194204e-10,2.4899915217113097e-5,3.538223259934943e-5,0.11111026009028253,-0.11110993025490655
22700,0.1,-0.11111023336999426,8.001524421856582e-10,2.8286965941678125e-5,3.507677575578043e-5,0.11111023336999426,-0.11110993139143026
22701,0.25,-0.11111020565568994,9.95286860535308e-10,3.154816730866165e-5,3.474252532043283e-5,0.11111020565568994,-0.11110993230457678
22702,0.625,-0.11111017535534193,1.1882803099328816e-9,3.4471441947398744e-5,3.392243970693221e-5,0.11111017535534193,-0.11110993258440519
22703,1.5625,-0.11111013900966304,1.3315936642270039e-9,3.6491007991380615e-5,3.179070008343055e-5,0.11111013900966304,-0.11110993118235331
22704,3.90625,-0.11111009236673179,1.3080818948793455e-9,3.616741482162287e-5,2.6279789688555633e-5,0.11111009236673179,-0.11110992604227987
22705,9.765625,-0.11111005198027991,9.154141594631596e-10,3.0255811994774815e-5,1.3239312748157287e-5,0.11111005198027991,-0.11110991647782621
22706,24.4140625,-0.11111016972567589,1.9488317853142636e-10,1.3960056537544049e-5,1.847825230440507e-5,0.11111016972567589,-0.11110991467189209
22707,9.765625,-0.1111103183820168,4.2468324837793455e-11,6.516772578339178e-6,5.0691522533615653e-5,0.1111103183820168,-0.11110991818647259
22708,3.90625,-0.11111042010125105,5.1187377086851686e-12,2.262462752993995e-6,5.6390242140815835e-5,0.11111042010125105,-0.11110992162306275
22709,1.5625,-0.11111051169769404,3.5384219501239563e-11,5.948463625276662e-6,5.6281727965488764e-5,0.11111051169769404,-0.11110992474640388
22710,0.625,-0.11111060018666928,1.2395770601327776e-10,1.1133629507634864e-5,5.531882310067282e-5,0.11111060018666928,-0.11110992770072388
22711,0.25,-0.11111068767740431,2.6872904752776593e-10,1.6392957253886985e-5,5.4540247883097894e-5,0.11111068767740431,-0.1111099305874824
22712,0.1,-0.11111077487918893,4.691275301665277e-10,2.1659352025546094e-5,5.4038362433786596e-5,0.11111077487918893,-0.11110993345162373
22713,0.1,-0.11111086150414147,7.234568150227823e-10,2.689715254488442e-5,5.3728679800757554e-5,0.11111086150414147,-0.11110993625105847
22714,0.1,-0.11111094744309528,1.030037211791866e-9,3.209419280480296e-5,5.337127073760177e-5,0.11111094744309528,-0.11110993897581291
22715,0.1,-0.11111103258762767,1.3870096151613693e-9,3.724257798758525e-5,5.2966470980750345e-5,0.11111103258762767,-0.11110994161625472
22716,0.1,-0.11111111683028818,1.79234323853233e-9,4.233607490701435e-5,5.251469306581574e-5,0.11111111683028818,-0.11110994416312875
22717,0.25,-0.1111111974363984,2.2318349654155737e-9,4.7242300594018216e-5,5.201884902721891e-5,0.1111111974363984,-0.11110994620915587
22718,0.625,-0.11111126784907396,2.667190274568132e-9,5.1644847512294314e-5,5.0790891578796584e-5,0.11111126784907396,-0.11110994683256237
22719,1.5625,-0.11111131082127144,2.991980997496715e-9,5.4699003624350554e-5,4.758424528943048e-5,0.11111131082127144,-0.11110994367259627
22720,3.90625,-0.1111112846193997,2.943487988364053e-9,5.425392141001472e-5,3.926138118769651e-5,0.1111112846193997,-0.11110993208605968
22721,9.765625,-0.11111110923102609,2.0659994033965764e-9,4.545326614663215e-5,1.9261415344864185e-5,0.11111110923102609,-0.11110991045148336
22722,24.4140625,-0.11111073370468014,4.441091555715001e-10,2.107389749361755e-5,2.6800492594438422e-5,0.11111073370468014,-0.11110990613335593
22723,9.765625,-0.11111058949078759,9.751529092368693e-11,9.874983084729154e-6,7.582495927974357e-5,0.11111058949078759,-0.11110991400772316
22724,3.90625,-0.11111045951846975,1.0785184511201894e-11,3.284080466614954e-6,8.453129491416547e-5,0.11111045951846975,-0.11110992174314634
22725,1.5625,-0.11111033794263964,7.677980655466316e-11,8.762408718763532e-6,8.442518744592603e-5,0.11111033794263964,-0.1111099287787224
22726,0.625,-0.11111021946547718,2.744309881069641e-10,1.6565958713789073e-5,8.30019224589629e-5,0.11111021946547718,-0.11110993543350323
22727,0.25,-0.11111010220467049,5.989585171347452e-10,2.4473629014405386e-5,8.184252268829348e-5,0.11111010220467049,-0.11110994193544706
22728,0.1,-0.11110998549397111,1.0490770834009275e-9,3.238945944903878e-5,8.109374345220277e-5,0.11110998549397111,-0.11110994838610952
22729,0.1,-0.11110986945740513,1.621004293643972e-9,4.0261697600125756e-5,8.063170675896756e-5,0.11110986945740513,-0.11110995469156504
22730,0.1,-0.11110975418329443,2.3109827448125215e-9,4.8072681897440684e-5,8.009763694734986e-5,0.11110975418329443,-0.11110996082923764
22731,0.1,-0.11110963975908289,3.1148498037017277e-9,5.581083948214475e-5,7.949205000728024e-5,0.11110963975908289,-0.11110996677731846
22732,0.1,-0.11110952627130762,4.028054971346935e-9,6.3466959682554e-5,7.88155713250959e-5,0.11110952627130762,-0.11110997251485012
22733,0.25,-0.11110941579084879,5.018774290108757e-9,7.084330801218105e-5,7.807251625094959e-5,0.11110941579084879,-0.11110997712551726
22734,0.625,-0.11110931343231395,6.001127589562719e-9,7.746694514154227e-5,7.622928429328204e-5,0.11110931343231395,-0.11110997853335942
22735,1.5625,-0.11110923321628062,6.736267937461633e-9,8.207477040760841e-5,7.141064233596256e-5,0.11110923321628062,-0.11110997141710735
22736,3.90625,-0.11110921268186978,6.633894721590685e-9,8.14487244933319e-5,5.8883691550792656e-5,0.11110921268186978,-0.11110994528788187
22737,9.765625,-0.11110934689864524,4.666676977006403e-9,6.83130805703154e-5,2.8545457009826414e-5,0.11110934689864524,-0.11110989636247545
22738,24.4140625,-0.11110993454418819,6.72217155452579e-11,8.198885018419144e-6,3.865014448653768e-5,0.11110993454418819,-0.11110992392907228
22739,9.765625,-0.11111074158713338,7.025409431517754e-11,8.381771549927709e-6,2.239991281471868e-5,0.11111074158713338,-0.11110992351973294
22740,3.90625,-0.11111103934130098,8.040288554212971e-11,8.966765612088325e-6,1.5337965488617338e-5,0.11111103934130098,-0.11110992336411792
22741,1.5625,-0.11111127970719509,9.325791218773826e-11,9.657013626776047e-6,1.2352660879910357e-5,0.11111127970719509,-0.11110992334525105
22742,0.625,-0.11111150521882208,1.0844885370323423e-10,1.0413877937792157e-5,1.1051777062532538e-5,0.11111150521882208,-0.11110992339014625
22743,1.5625,-0.11111163974387822,1.181776678102107e-10,1.087095523908597e-5,1.045258431231275e-5,0.11111163974387822,-0.11110992328802469
22744,3.90625,-0.11111153220967353,1.0930509923204903e-10,1.045490790165313e-5,9.035179371124381e-6,0.11111153220967353,-0.11110992288683154
22745,9.765625,-0.11111094676969226,6.633822979603189e-11,8.144828408016457e-6,6.754018865973804e-6,0.11111094676969226,-0.11110992225157101
22746,24.4140625,-0.11111023005657374,1.1710774501591373e-11,3.4221008900369042e-6,9.30230309490675e-6,0.11111023005657374,-0.11110992234043335
22747,9.765625,-0.11111052294903005,2.3093743084093224e-12,1.519662563995482e-6,1.5833919899285186e-5,0.11111052294903005,-0.11110992266776985
22748,3.90625,-0.11111061810959687,1.8187601867070007e-12,1.348614172662812e-6,1.6642322884172555e-5,0.11111061810959687,-0.11110992295156895
22749,1.5625,-0.11111068889494999,6.313879142882252e-12,2.5127433499826943e-6,1.630995736540771e-5,0.11111068889494999,-0.11110992320579695
22750,0.625,-0.11111075347753943,1.517742219687215e-11,3.895821119722022e-6,1.5919027884958324e-5,0.11111075347753943,-0.11110992344681228
22751,0.25,-0.1111108161845083,2.8273353704175676e-11,5.3172693842023534e-6,1.5646232646036047e-5,0.1111108161845083,-0.11110992368297738
22752,0.1,-0.11111087830567061,4.555713896802317e-11,6.749602874838131e-6,1.5475610177504596e-5,0.11111087830567061,-0.1111099239174886
22753,0.1,-0.11111093831746839,6.68504661587128e-11,8.176213436470015e-6,1.536861384765807e-5,0.11111093831746839,-0.11110992414607088
22754,0.1,-0.11111099599009784,9.199537792103954e-11,9.591422101077585e-6,1.525116021812172e-5,0.11111099599009784,-0.1111099243680654
22755,0.1,-0.11111105110343626,1.2082187185176442e-10,1.0991900283925634e-5,1.5123153597274847e-5,0.11111105110343626,-0.11110992458283465
22756,0.1,-0.11111110344773227,1.5314852869057001e-10,1.2375319336912886e-5,1.4984562266844823e-5,0.11111110344773227,-0.111109924789767
22757,0.25,-0.1111111452136368,1.8767350639880704e-10,1.3699398030527e-5,1.4836450245490347e-5,0.1111111452136368,-0.1111099249550918
22758,0.625,-0.11111115888878124,2.2098569932217895e-10,1.4865587755691967e-5,1.4490084715924622e-5,0.11111115888878124,-0.11110992500440815
22759,1.5625,-0.11111110137192001,2.438575883540697e-10,1.5615940200771444e-5,1.3616083170720712e-5,0.11111110137192001,-0.11110992475110161
22760,3.90625,-0.11111088324255033,2.345840607036974e-10,1.5316137264457295e-5,1.1442935671552023e-5,0.11111088324255033,-0.11110992384471599
22761,9.765625,-0.11111041713924104,1.5943849207723386e-10,1.2626895583524632e-5,7.010535729451043e-6,0.11111041713924104,-0.11110992222301347
22762,24.4140625,-0.11111011800660234,3.294699155350297e-11,5.7399469991893625e-6,9.85137021762424e-6,0.11111011800660234,-0.11110992202339075
22763,9.765625,-0.11111034048798009,7.243255094164576e-12,2.6913296145519923e-6,2.197149998892161e-5,0.11111034048798009,-0.11110992267039724
22764,3.90625,-0.11111043588087162,1.790725863720117e-12,1.3381800565395215e-6,2.4095000354175818e-5,0.11111043588087162,-0.11110992328921865
22765,1.5625,-0.11111051366681424,8.126781069282701e-12,2.850750965847894e-6,2.395264585975883e-5,0.11111051366681424,-0.11110992385094261
22766,0.625,-0.11111058658446916,2.464869385369554e-11,4.96474509453361e-6,2.35104683469595e-5,0.11111058658446916,-0.1111099243830145
22767,0.25,-0.11111065794493005,5.09931408854253e-11,7.1409481783181496e-6,2.3166218137376992e-5,0.11111065794493005,-0.11110992490338333
22768,0.1,-0.1111107287943952,8.705675011861962e-11,9.330420682832023e-6,2.294523494603531e-5,0.1111107287943952,-0.1111099254197644
22769,0.1,-0.11111079856193777,1.3251783004965451e-10,1.1511638895033778e-5,2.2807514823906762e-5,0.11111079856193777,-0.11110992592424292
22770,0.1,-0.11111086709189072,1.870650590397834e-10,1.3677172918398868e-5,2.2650789656552998e-5,0.11111086709189072,-0.11110992641511874
22771,0.1,-0.11111093423286467,2.503562296065706e-10,1.582264926005031e-5,2.247515352655517e-5,0.11111093423286467,-0.11110992689075108
22772,0.1,-0.11111099983817156,3.220195981219499e-10,1.7944904516935997e-5,2.2280746662178124e-5,0.11111099983817156,-0.11110992734956476
22773,0.25,-0.11111105959262654,3.994558952736924e-10,1.9986392752912978e-5,2.206885042136449e-5,0.11111105959262654,-0.1111099277189026
22774,0.625,-0.11111110345626078,4.756986266663095e-10,2.1810516423650072e-5,2.1553988720049188e-5,0.11111110345626078,-0.111109927835362
22775,1.5625,-0.11111110600517392,5.314877465985906e-10,2.305401801418986e-5,2.0224136009948514e-5,0.11111110600517392,-0.11110992728262685
22776,3.90625,-0.1111110112397205,5.197232134626626e-10,2.2797438747865132e-5,1.6819596258600697e-5,0.1111110112397205,-0.1111099252522712
22777,9.765625,-0.11111074464605505,3.6063969538582955e-10,1.8990515932586705e-5,9.1180892830251e-6,0.11111074464605505,-0.11110992151035365
22778,24.4140625,-0.11111044588362604,7.540114170339846e-11,8.683383079387806e-6,1.2707569421581061e-5,0.11111044588362604,-0.11110992089721039
22779,9.765625,-0.11111046845886008,1.6421449351371948e-11,4.05233875081686e-6,3.217095244224695e-5,0.11111046845886008,-0.11110992230295746
22780,3.90625,-0.11111044773969105,2.6847235113649393e-12,1.6385125911523962e-6,3.5600198515724656e-5,0.11111044773969105,-0.11110992366551062
22781,1.5625,-0.11111042361692275,1.5504003780434008e-11,3.93751238479754e-6,3.5479890032861014e-5,0.11111042361692275,-0.1111099249030445
22782,0.625,-0.11111039888924537,5.124961192304357e-11,7.15888342711652e-6,3.4856734281715726e-5,0.11111039888924537,-0.11110992607430412
22783,0.25,-0.11111037403570916,1.0910374055349099e-10,1.0445273598785769e-5,3.4361333307364305e-5,0.11111037403570916,-0.11110992721939232
22784,0.1,-0.1111103491711833,1.8884545997324566e-10,1.3742105369019904e-5,3.4043890618029046e-5,0.1111103491711833,-0.11110992835585659
22785,0.1,-0.11111032411886412,2.897917151160488e-10,1.702326981270193e-5,3.3848602222427246e-5,0.11111032411886412,-0.11110992946664103
22786,0.1,-0.11111029885949823,4.1127209429884934e-10,2.0279844533399397e-5,3.362360425046782e-5,0.11111029885949823,-0.11110993054783386
22787,0.1,-0.11111027337562257,5.525455213645571e-10,2.350628684766178e-5,3.336910721265055e-5,0.11111027337562257,-0.11110993159565663
22788,0.1,-0.11111024765169576,7.128033309413973e-10,2.6698376934589062e-5,3.308537322477439e-5,0.11111024765169576,-0.1111099326064817
22789,0.25,-0.1111102209223516,8.863608780668558e-10,2.9771813483005292e-5,3.277423148371223e-5,0.1111102209223516,-0.11110993341873236
22790,0.625,-0.1111101915649931,1.0579171325049707e-9,3.2525638079905066e-5,3.200441379424651e-5,0.1111101915649931,-0.11110993366756451
22791,1.5625,-0.11111015598705848,1.185012213301643e-9,3.442400635169653e-5,2.9997052144886646e-5,0.11111015598705848,-0.11110993242035676
22792,3.90625,-0.11111010933742387,1.1631249990118698e-9,3.4104618441083166e-5,2.4805967384578947e-5,0.11111010933742387,-0.11110992785175719
22793,9.765625,-0.11111006555919882,8.123646900879126e-10,2.850201203578289e-5,1.2580199872852076e-5,0.11111006555919882,-0.11110991937065885
22794,24.4140625,-0.11111016882008021,1.7216226068641005e-10,1.3121061721004518e-5,1.7644397978866634e-5,0.11111016882008021,-0.11110991781423583
22795,9.765625,-0.11111031374853887,3.764634200861708e-11,6.1356614972321505e-6,4.7789208111100075e-5,0.11111031374853887,-0.11110992093225582
22796,3.90625,-0.1111104119043247,5.0038042015780225e-12,2.236918461092854e-6,5.311437120203389e-5,0.1111104119043247,-0.1111099239769053
22797,1.5625,-0.1111105002427844,3.225113665563445e-11,5.679008421866836e-6,5.3000565789448395e-5,0.1111105002427844,-0.11110992674417247
22798,0.625,-0.11111058556520426,1.1118061369808413e-10,1.0544221815671565e-5,5.209255335809732e-5,0.11111058556520426,-0.11110992936247843
22799,0.25,-0.11111066991388148,2.399467629775443e-10,1.549021507202351e-5,5.136186762041891e-5,0.11111066991388148,-0.11110993192168961
22800,0.1,-0.11111075397532806,4.180623252269469e-10,2.044657245669667e-5,5.089307320244798e-5,0.11111075397532806,-0.11110993446151693
22801,0.1,-0.11111083747412098,6.44028682441911e-10,2.5377720197880484e-5,5.0605688380126895e-5,0.11111083747412098,-0.11110993694436029
22802,0.1,-0.11111092030519919,9.163652848282928e-10,3.0271525974557225e-5,5.027317081179601e-5,0.11111092030519919,-0.11110993936134472
22803,0.1,-0.11111100236430717,1.233431149697757e-9,3.512023846299676e-5,4.989584232780755e-5,0.11111100236430717,-0.11110994170389728
22804,0.1,-0.11111108354821554,1.5934317337707984e-9,3.991781223677969e-5,4.947409641223295e-5,0.11111108354821554,-0.11110994396377952
22805,0.25,-0.11111116122479096,1.983717757791956e-9,4.453894652763979e-5,4.9010572424013965e-5,0.11111116122479096,-0.11110994577901327
22806,0.625,-0.11111122908573741,2.3701737892993925e-9,4.868443066627556e-5,4.78563774487055e-5,0.11111122908573741,-0.11110994633067188
22807,1.5625,-0.11111127055563527,2.657999120185702e-9,5.155578648595812e-5,4.4836190783989575e-5,0.11111127055563527,-0.1111099435223567
22808,3.90625,-0.1111112456348834,2.613351839558818e-9,5.112095303844421e-5,3.699517232331952e-5,0.1111112456348834,-0.11110993323642315
22809,9.765625,-0.11111107825466109,1.8316389209046786e-9,4.279765088068127e-5,1.8204157865826708e-5,0.11111107825466109,-0.11110991406483495
22810,24.4140625,-0.11111072287700799,3.9240769427514e-10,1.9809283032839427e-5,2.5467432122387713e-5,0.11111072287700799,-0.11110991031147213
22811,9.765625,-0.11111058740947587,8.635795789038683e-11,9.292898250297741e-6,7.14224236650238e-5,0.11111058740947587,-0.11110991728957058
22812,3.90625,-0.11111046526431431,1.0294545573480019e-11,3.2085114264219194e-6,7.957365295851344e-5,0.11111046526431431,-0.1111099241374753
22813,1.5625,-0.11111035090005353,6.944348204534107e-11,8.333275589187067e-6,7.946104937468203e-5,0.11111035090005353,-0.11110993036586503
22814,0.625,-0.11111023941382453,2.4521334691490594e-10,1.5659289476694206e-5,7.811985498070229e-5,0.11111023941382453,-0.11110993625834674
22815,0.25,-0.1111101290540106,5.334123148275965e-10,2.309572070379265e-5,7.703123511703363e-5,0.1111101290540106,-0.11110994201675967
22816,0.1,-0.11111001919918022,9.329339878432026e-10,3.054396810899335e-5,7.633070506567863e-5,0.11111001919918022,-0.11110994773086443
22817,0.1,-0.1111099099604908,1.4404374044488741e-9,3.795309479408595e-5,7.590062051050412e-5,0.1111099099604908,-0.11110995331698867
22818,0.1,-0.1111098014205998,2.052609305675204e-9,4.530573148813739e-5,7.540253130066051e-5,0.1111098014205998,-0.11110995875508033
22819,0.1,-0.11110969366142194,2.765775135524394e-9,5.259063733711918e-5,7.483692258727929e-5,0.11110969366142194,-0.11110996402576505
22820,0.1,-0.11110958676410075,3.575914421593951e-9,5.97989500041092e-5,7.42043826471781e-5,0.11110958676410075,-0.11110996911042051
22821,0.25,-0.11110948265165327,4.4547376572045305e-9,6.674382111629908e-5,7.350884428145223e-5,0.11110948265165327,-0.1111099731957468
22822,0.625,-0.11110938608010959,5.3258825588539186e-9,7.297864453971394e-5,7.177606421640608e-5,0.11110938608010959,-0.11110997443967828
22823,1.5625,-0.11110931009307948,5.976992314994679e-9,7.731101030897655e-5,6.723877259569456e-5,0.11110931009307948,-0.11110996812207077
22824,3.90625,-0.11110928961390196,5.883532613024925e-9,7.670418901875519e-5,5.543986458489678e-5,0.11110928961390196,-0.1111099449483922
22825,9.765625,-0.11110941304337818,4.1343962996506764e-9,6.429927137729226e-5,2.6913155405517676e-5,0.11110941304337818,-0.11110990161637832
22826,24.4140625,-0.11110986422184614,8.931210502250372e-10,2.9885130921999275e-5,3.7387131584318047e-5,0.11110986422184614,-0.11110989275759449
22827,9.765625,-0.11111013631253251,1.973248189710151e-10,1.4047235278552684e-5,0.0001070706187303817,0.11111013631253251,-0.11110990845595727
22828,3.90625,-0.11111035252541396,2.132689324431446e-11,4.618104940807913e-6,0.00011948528347261261,0.11111035252541396,-0.11110992391961523
22829,1.5625,-0.11111055201762632,1.5098120662376117e-10,1.2287441012015527e-5,0.00011938202469620579,0.11111055201762632,-0.11110993799354815
22830,0.625,-0.11111074615398281,5.441586080529123e-10,2.332720746366595e-5,0.00011739287411040033,0.11111074615398281,-0.1111099513083299
22831,0.25,-0.11111093865989513,1.1913377441862579e-9,3.451576080845181e-5,0.00011576741334427607,0.11111093865989513,-0.11110996431859678
22832,0.1,-0.11111113083344631,2.090004964281702e-9,4.57165720967977e-5,0.00011471886292713583,0.11111113083344631,-0.11110997722753423
22833,0.1,-0.11111132228497822,3.232683109693711e-9,5.6856689225575835e-5,0.00011407423236655523,0.11111132228497822,-0.11110998984815455
22834,0.1,-0.11111151280867837,4.611932948134568e-9,6.791121371419133e-5,0.0001133273558282808,0.11111151280867837,-0.11111000213513174
22835,0.1,-0.11111170219728585,6.219499793307441e-9,7.886380534381688e-5,0.00011247894393658325,0.11111170219728585,-0.11111001404466149
22836,0.1,-0.11111189024252503,8.046347941212707e-9,8.970143778787889e-5,0.00011152986201196671,0.11111189024252503,-0.11111002553462838
22837,0.25,-0.11111207221117755,1.0029004344826892e-8,0.000100144916719856,0.00011048596985212878,0.11111207221117755,-0.11111003477331698
22838,0.625,-0.11111223651214037,1.1996019136353435e-8,0.00010952633992037456,0.00010788494411972532,0.11111223651214037,-0.11111003760835429
22839,1.5625,-0.11111235206742856,1.3470328655560593e-8,0.00011606174501342203,0.00010107173714105875,0.11111235206742856,-0.11111002339140609
22840,3.90625,-0.11111234084038851,1.3272328487273515e-8,0.00011520559225694522,8.333904607021628e-5,0.11111234084038851,-0.11110997111187045
22841,9.765625,-0.11111203752902511,9.346895659304606e-9,9.6679344532866e-5,4.02710362967832e-5,0.11111203752902511,-0.11110987307300559
22842,24.4140625,-0.11111155227168487,1.367651084038447e-10,1.169466153438588e-5,5.430242724803193e-5,0.11111155227168487,-0.111109927853919
22843,9.765625,-0.11110980986865829,1.3999846063306117e-10,1.183209451589452e-5,3.247827223825397e-5,0.11110980986865829,-0.11110992715651787
22844,3.90625,-0.11110914710016512,1.6349171740037914e-10,1.2786387973168152e-5,2.224892716541923e-5,0.11110914710016512,-0.11110992684977332
22845,1.5625,-0.11110861271623942,1.93328374791338e-10,1.3904257434014159e-5,1.7632520056530083e-5,0.11110861271623942,-0.11110992680051954
22846,0.625,-0.11110811181279696,2.2884073163208763e-10,1.5127482660115252e-5,1.5530243598339083e-5,0.11110811181279696,-0.1111099268765331
22847,1.5625,-0.11110780782621175,2.517733675173503e-10,1.5867368008505704e-5,1.4541213698539487e-5,0.11110780782621175,-0.11110992663166332
22848,3.90625,-0.11110803080192365,2.3052545709326964e-10,1.5183064812259402e-5,1.2123907139298947e-5,0.11110803080192365,-0.11110992574667762
22849,9.765625,-0.11110930610973806,1.335333163499148e-10,1.1555661657815826e-5,8.014877367588794e-6,0.11110930610973806,-0.11110992443027555
22850,24.4140625,-0.11111091938697093,2.3910789030561417e-11,4.889865952207833e-6,1.2148054591155499e-5,0.11111091938697093,-0.11110992458852144
22851,9.765625,-0.11111024614329734,3.862794080401024e-12,1.9653992165463544e-6,2.1984401913971344e-5,0.11111024614329734,-0.1111099252461977
22852,3.90625,-0.11111001127539331,3.3977277289552164e-12,1.8432926324800455e-6,2.3082598437685793e-5,0.11111001127539331,-0.1111099257922856
22853,1.5625,-0.11110983201516797,1.3109759850697086e-11,3.6207402351863196e-6,2.2540159199990306e-5,0.11110983201516797,-0.1111099262748163
22854,0.625,-0.11110966713576109,3.174815101173462e-11,5.634549761226235e-6,2.1943056894953223e-5,0.11110966713576109,-0.11110992672997506
22855,0.25,-0.11110950665764081,5.90539834092536e-11,7.684658965058475e-6,2.1533941246060523e-5,0.11110950665764081,-0.11110992717541239
22856,0.1,-0.1111093475790544,9.494756587216453e-11,9.744104159550253e-6,2.128132321855989e-5,0.1111093475790544,-0.11110992761773929
22857,0.1,-0.11110919325487172,1.3903426862596582e-10,1.1791279346447772e-5,2.112499172919794e-5,0.11110919325487172,-0.11110992804801499
22858,0.1,-0.1111090442119409,1.909748805230708e-10,1.381936614042304e-5,2.0952756718638995e-5,0.1111090442119409,-0.11110992846488275
22859,0.1,-0.11110890095579835,2.5040433004175994e-10,1.582416917382268e-5,2.0764505162986772e-5,0.11110890095579835,-0.11110992886703482
22860,0.1,-0.11110876396913244,3.1693332554168557e-10,1.7802621310966695e-5,2.0560215784225767e-5,0.11110876396913244,-0.11110992925321976
22861,0.25,-0.11110865086327708,3.876776769008988e-10,1.968953216561782e-5,2.034144434860054e-5,0.11110865086327708,-0.11110992955374628
22862,0.625,-0.11110860126155525,4.5514011609631534e-10,2.1334013126843138e-5,1.982489287478918e-5,0.11110860126155525,-0.11110992961596816
22863,1.5625,-0.11110871303769142,4.993383093083529e-10,2.2345879022950806e-5,1.8517245751345847e-5,0.11110871303769142,-0.11110992906101858
22864,3.90625,-0.11110919120538529,4.749244624409197e-10,2.1792761698346534e-5,1.526242788300038e-5,0.11110919120538529,-0.11110992719679429
22865,9.765625,-0.11111024902109282,3.178701994884819e-10,1.782891470304578e-5,8.537210953731302e-6,0.11111024902109282,-0.11110992395593461
22866,24.4140625,-0.11111101250798956,6.562655155684428e-11,8.101021636611291e-6,1.3188572914679829e-5,0.11111101250798956,-0.11110992355889682
22867,9.765625,-0.11111056307652363,1.3568456596495921e-11,3.6835385971231413e-6,3.060343076494376e-5,0.11111056307652363,-0.11110992483512323
22868,3.90625,-0.11111038197974986,2.698034384306083e-12,1.6425694458092428e-6,3.365041220165349e-5,0.11111038197974986,-0.11110992604736976
22869,1.5625,-0.11111023762196379,1.5452048069562075e-11,3.930909318409937e-6,3.344395866472026e-5,0.11111023762196379,-0.11110992714293075
22870,0.625,-0.111110103355603,4.860551467276446e-11,6.971765534838679e-6,3.2809245101227e-5,0.111110103355603,-0.11110992817833253
22871,0.25,-0.11110997233954038,1.0143360863951955e-10,1.0071425352923962e-5,3.231584990523867e-5,0.11110997233954038,-0.11110992919007096
22872,0.1,-0.11110984242567779,1.7373328799110645e-10,1.3180792388589787e-5,3.199973091094719e-5,0.11110984242567779,-0.11110993019379889
22873,0.1,-0.11110971477701358,2.648583226895849e-10,1.6274468430323153e-5,3.1803303109325725e-5,0.11110971477701358,-0.11110993117376787
22874,0.1,-0.1111095897079949,3.7418420542909515e-10,1.9343841537530623e-5,3.157952415619558e-5,0.1111095897079949,-0.11110993212657112
22875,0.1,-0.11110946752350064,5.010240420977329e-10,2.2383566340012327e-5,3.1328509997262766e-5,0.11110946752350064,-0.11110993304892008
22876,0.1,-0.11110934851798683,6.446313169643705e-10,2.5389590720694386e-5,3.105044159415336e-5,0.11110934851798683,-0.11110993393765825
22877,0.25,-0.11110924146350228,7.99759805883993e-10,2.8280024856495318e-5,3.0747099690642896e-5,0.11110924146350228,-0.11110993464729434
22878,0.625,-0.11110916672739442,9.523539345275624e-10,3.086023225005869e-5,3.0007556701638512e-5,0.11110916672739442,-0.11110993485066989
22879,1.5625,-0.11110917573178576,1.0636108671288505e-9,3.2613047498338e-5,2.809291969227592e-5,0.11110917573178576,-0.11110993371501063
22880,3.90625,-0.1111093808482716,1.0389941582011352e-9,3.22334323056223e-5,2.3170062314102663e-5,0.1111093808482716,-0.11110992962729688
22881,9.765625,-0.11110992558511808,7.198285800243175e-10,2.6829621317199347e-5,1.1752775694670248e-5,0.11110992558511808,-0.11110992213313398
22882,24.4140625,-0.11111048783734248,1.5024696820678495e-10,1.2257527002082637e-5,1.7189015100299623e-5,0.11111048783734248,-0.11110992089259418
22883,9.765625,-0.11111038729347338,3.2177555054061025e-11,5.672526337890467e-6,4.515351133062642e-5,0.11111038729347338,-0.1111099236790017
22884,3.90625,-0.11111038886465291,4.6300632424396965e-12,2.1517581747119485e-6,5.0040366674015466e-5,0.11111038886465291,-0.11110992637624705
22885,1.5625,-0.11111040105187757,3.0144913835803096e-11,5.490438401057159e-6,4.9874537584931056e-5,0.11111040105187757,-0.11110992882249619
22886,0.625,-0.11111041574540681,1.0147057581242163e-10,1.0073260436046594e-5,4.899183916678986e-5,0.11111041574540681,-0.11110993113583989
22887,0.25,-0.11111043121371107,2.169768622721049e-10,1.4730134496062992e-5,4.828967509672359e-5,0.11111043121371107,-0.1111099333967459
22888,0.1,-0.11111044696690066,3.7622656988755857e-10,1.939656077472392e-5,4.7840026132323975e-5,0.11111044696690066,-0.1111099356404303
22889,0.1,-0.11111046341954756,5.778586940323062e-10,2.4038691604001793e-5,4.756382976292536e-5,0.11111046341954756,-0.11110993783295767
22890,0.1,-0.11111048064128931,8.205374243656686e-10,2.8645024425991833e-5,4.7245288170745817e-5,0.11111048064128931,-0.11110993996649869
22891,0.1,-0.11111049869704319,1.102785396647671e-9,3.3208212789122976e-5,4.688469178896113e-5,0.11111049869704319,-0.11110994203349375
22892,0.1,-0.11111051764672675,1.4229898508448138e-9,3.772253770420031e-5,4.648240245146422e-5,0.11111051764672675,-0.11110994402668123
22893,0.25,-0.11111053981886553,1.7697921468976753e-9,4.206889761923499e-5,4.604097765783873e-5,0.11111053981886553,-0.11110994562338619
22894,0.625,-0.11111057037577862,2.1126138041869415e-9,4.596317878679565e-5,4.494671711756054e-5,0.11111057037577862,-0.11110994609483567
22895,1.5625,-0.11111062159336804,2.366603620277302e-9,4.864775041332643e-5,4.208961316907988e-5,0.11111062159336804,-0.11110994357807912
22896,3.90625,-0.11111071595998813,2.32294053856612e-9,4.819689345348017e-5,3.4683605377631243e-5,0.11111071595998813,-0.1111099344270134
22897,9.765625,-0.11111085358449709,1.6224300069802655e-9,4.027939928772853e-5,1.700418106023008e-5,0.11111085358449709,-0.11110991746016226
22898,24.4140625,-0.11111078521170456,3.438070278602621e-10,1.854203408098103e-5,2.435366847805708e-5,0.11111078521170456,-0.11110991431951853
22899,9.765625,-0.11111056126685692,7.480801433857728e-11,8.649162638000125e-6,6.732624309308922e-5,0.11111056126685692,-0.1111099205232372
22900,3.90625,-0.11111041962629661,9.327296915385296e-12,3.0540623627203975e-6,7.488747798342457e-5,0.11111041962629661,-0.11110992658114718
22901,1.5625,-0.1111102939090372,6.349318272766637e-11,7.968260960063141e-6,7.473359732518272e-5,0.1111102939090372,-0.11110993208449142
22902,0.625,-0.11111017312605147,2.209100317124632e-10,1.4863042478323986e-5,7.345079419984015e-5,0.11111017312605147,-0.11110993728986847
22903,0.25,-0.11111005408892624,4.778942079399071e-10,2.186079156709352e-5,7.24175092850188e-5,0.11111005408892624,-0.11110994237700324
22904,0.1,-0.11110993574521362,8.334771037895075e-10,2.8870003529433584e-5,7.175456843816225e-5,0.11110993574521362,-0.11110994742537092
22905,0.1,-0.11110981854018902,1.2846730438316612e-9,3.5842335914832076e-5,7.134837317128326e-5,0.11110981854018902,-0.1111099523600671
22906,0.1,-0.11110970262366411,1.8285317772971743e-9,4.2761335073839476e-5,7.087818421050248e-5,0.11110970262366411,-0.11110995716335366
22907,0.1,-0.11110958814209639,2.4617823304438022e-9,4.9616351442279616e-5,7.03444455242091e-5,0.11110958814209639,-0.11110996181809278
22908,0.1,-0.11110947523833421,3.180846681823293e-9,5.639899539728782e-5,6.974770152378121e-5,0.11110947523833421,-0.11110996630781389
22909,0.25,-0.11110936788594049,3.960475788353244e-9,6.29323111632907e-5,6.909163488729647e-5,0.11110936788594049,-0.11110996990974616
22910,0.625,-0.11110927550201471,4.732557244760766e-9,6.879358432848782e-5,6.745653083672783e-5,0.11110927550201471,-0.11110997098838694
22911,1.5625,-0.11110922262480898,5.307800571290655e-9,7.285465373804652e-5,6.317523504528909e-5,0.11110922262480898,-0.11110996535651738
22912,3.90625,-0.11110926775630822,5.2192643774156815e-9,7.224447644917694e-5,5.204768835166959e-5,0.11110926775630822,-0.11110994478802663
22913,9.765625,-0.11110951923750147,3.65895667188211e-9,6.0489310393507625e-5,2.5209353128031125e-5,0.11110951923750147,-0.11110990645965711
22914,24.4140625,-0.11111002753967425,7.847021865183836e-10,2.801253623859117e-5,3.5573135683847004e-5,0.11111002753967425,-0.11110989889742574
22915,9.765625,-0.11111020942834242,1.7255477590750927e-10,1.3136010654209644e-5,0.00010080531076921475,0.11111020942834242,-0.1111099128103762
22916,3.90625,-0.11111037678978224,1.9881706116608856e-11,4.4588906822895824e-6,0.00011236650605309934,0.11111037678978224,-0.11110992647178838
22917,1.5625,-0.11111053416954568,1.3739038728358967e-10,1.1721364565765783e-5,0.00011222096918631667,0.11111053416954568,-0.11110993889687425
22918,0.625,-0.11111068811960575,4.879433775215376e-10,2.2089440407614167e-5,0.00011033059608979616,0.11111068811960575,-0.11110995065094206
22919,0.25,-0.11111084104672107,1.0631773898150199e-9,3.260640105585129e-5,0.00010879461406552238,0.11111084104672107,-0.11110996213720468
22920,0.1,-0.11111099382111506,1.8608976803664816e-9,4.313812328285135e-5,0.00010780645563129016,0.11111099382111506,-0.11110997353514528
22921,0.1,-0.11111114623708894,2.874454175184831e-9,5.361393638956974e-5,0.00010720038186697855,0.11111114623708894,-0.11110998467793654
22922,0.1,-0.11111129815200226,4.0972483753734485e-9,6.400975218959567e-5,0.00010649797481806134,0.11111129815200226,-0.11110999552546916
22923,0.1,-0.1111114494205976,5.5219583398997e-9,7.43098804998346e-5,0.00010569991116299623,0.1111114494205976,-0.11111000603898284
22924,0.1,-0.11111159989528181,7.14056935348784e-9,8.450188964447978e-5,0.00010480701329453794,0.11111159989528181,-0.111110016181218
22925,0.25,-0.11111174647883856,8.896616605302241e-9,9.432187765996943e-5,0.0001038247741394738,0.11111174647883856,-0.11111002432771953
22926,0.625,-0.11111188144589901,1.0637640845286891e-8,0.00010313893951988691,0.00010137467337021763,0.11111188144589901,-0.11111002679843707
22927,1.5625,-0.11111198366276732,1.193960193468239e-8,0.00010926848555133538,9.495497901520414e-5,0.11111198366276732,-0.11111001416215421
22928,3.90625,-0.11111199782698729,1.1754923832844578e-8,0.00010842012651184547,7.825009812328629e-5,0.11111199782698729,-0.11110996784129788
22929,9.765625,-0.11111179411103642,8.263270721034569e-9,9.090253418378703e-5,3.774060646787915e-5,0.11111179411103642,-0.11110988120079696
22930,24.4140625,-0.11111115135327533,1.1940720926819588e-10,1.0927360581045905e-5,5.1510615976865035e-5,0.11111115135327533,-0.1111099299820172
22931,9.765625,-0.11110997158104052,1.2462331087047513e-10,1.1163481126892056e-5,2.9751139555383068e-5,0.11110997158104052,-0.111109929251492
22932,3.90625,-0.11110953000526595,1.4320555037489686e-10,1.1966852149788467e-5,2.0166260616523486e-5,0.11110953000526595,-0.11110992896070152
22933,1.5625,-0.11110917350021719,1.667288853945268e-10,1.2912353983473609e-5,1.6020370273395948e-5,0.11110917350021719,-0.11110992891011327
22934,3.90625,-0.11110908774505893,1.667957620231892e-10,1.2914943361207171e-5,1.4168159152375891e-5,0.11110908774505893,-0.1111099283411336
22935,9.765625,-0.1111096377506002,1.1114705612898393e-10,1.0542630417926256e-5,1.0114153048363867e-5,0.1111096377506002,-0.11110992719992185
22936,24.4140625,-0.11111064055868196,2.163220009001792e-11,4.651042903480672e-6,9.30317576904233e-6,0.11111064055868196,-0.11110992703493489
22937,9.765625,-0.11111018825806515,4.950118551780844e-12,2.224886188500626e-6,1.8390683595204658e-5,0.11111018825806515,-0.11110992748845469
22938,3.90625,-0.11111003440778583,2.3888588752356222e-12,1.5455933731857233e-6,1.970944876454164e-5,0.11111003440778583,-0.11110992789521687
22939,1.5625,-0.11110991519685344,7.404023571189803e-12,2.721033548339638e-6,1.941950557313504e-5,0.11110991519685344,-0.11110992826121505
22940,0.625,-0.11110980471997303,1.895187253128346e-11,4.353374843874975e-6,1.8973118471920445e-5,0.11110980471997303,-0.11110992860671264
22941,0.25,-0.11110969684470667,3.678151368691046e-11,6.064776474604028e-6,1.8638896181133267e-5,0.11110969684470667,-0.11110992894358827
22942,0.1,-0.11110958976708991,6.080187089945908e-11,7.79755544382078e-6,1.8418507747301312e-5,0.11110958976708991,-0.1111099292767946
22943,0.1,-0.1111094863056783,9.073427426395669e-11,9.525454018783392e-6,1.827301038552611e-5,0.1111094863056783,-0.11110992960086737
22944,0.1,-0.111109386819775,1.2633291912093355e-10,1.1239791773913498e-5,1.811639509525525e-5,0.111109386819775,-0.11110992991492327
22945,0.1,-0.11110929165246135,1.6733578300963874e-10,1.2935833293979895e-5,1.7948299251448574e-5,0.11110929165246135,-0.11110993021810063
22946,0.1,-0.11110920112954614,2.134655025233033e-10,1.4610458669162419e-5,1.7768475327752886e-5,0.11110920112954614,-0.11110993050956741
22947,0.25,-0.11110912835596552,2.6279829862102244e-10,1.6211054827525025e-5,1.7578318172187958e-5,0.11110912835596552,-0.11110993074192138
22948,0.625,-0.1111091024354143,3.1032400315143287e-10,1.761601552994981e-5,1.7150258422294546e-5,0.1111091024354143,-0.11110993081011838
22949,1.5625,-0.11110919464945818,3.4262609016254527e-10,1.8510161808113543e-5,1.608625036589882e-5,0.11110919464945818,-0.11110993045119397
22950,3.90625,-0.11110955208864697,3.2886772655789327e-10,1.813471054519187e-5,1.3451166832136661e-5,0.11110955208864697,-0.11110992917478885
22951,9.765625,-0.11111031738857086,2.23592206282497e-10,1.4952999909131846e-5,7.978837800777522e-6,0.11111031738857086,-0.11110992688948777
22952,24.4140625,-0.11111082303464537,4.753188713965081e-11,6.894337324185031e-6,1.088631365287474e-5,0.11111082303464537,-0.11110992652539876
22953,9.765625,-0.11111051755529523,1.0655779003888977e-11,3.264319072010115e-6,2.5472958188555192e-5,0.11111051755529523,-0.11110992740089931
22954,3.90625,-0.11111039412545107,2.3206481925969993e-12,1.5233673859568477e-6,2.8101851102635367e-5,0.11111039412545107,-0.11110992824746128
22955,1.5625,-0.11111029597052076,1.0385356716286922e-11,3.222631954829301e-6,2.7970804432127154e-5,0.11111029597052076,-0.11110992901617517
22956,0.625,-0.11111020476090085,3.256084118188814e-11,5.70621075512359e-6,2.7455949721980208e-5,0.11111020476090085,-0.11110992974326017
22957,0.25,-0.11111011579208663,6.831380490713923e-11,8.2652165674675e-6,2.70460263051952e-5,0.11111011579208663,-0.11110993045333427
22958,0.1,-0.11111002758500953,1.1748249191048984e-10,1.083893407630519e-5,2.6778062151499747e-5,0.11111002758500953,-0.11110993115716514
22959,0.1,-0.11110994088629134,1.7961573188893967e-10,1.3402079386757105e-5,2.660746753199449e-5,0.11110994088629134,-0.11110993184418824
22960,0.1,-0.1111098559098435,2.542745102848292e-10,1.594598727846066e-5,2.6414991218374498e-5,0.1111098559098435,-0.11110993251210195
22961,0.1,-0.11110977286329744,3.4097837362515235e-10,1.8465599736405866e-5,2.6200673765187932e-5,0.11110977286329744,-0.11110993315868281
22962,0.1,-0.11110969194741475,4.392072244854669e-10,2.09572713988598e-5,2.596461943549633e-5,0.11110969194741475,-0.11110993378179518
22963,0.25,-0.11110961903500888,5.454033178916542e-10,2.3353871582494716e-5,2.5708421215455922e-5,0.11110961903500888,-0.11110993428219162
22964,0.625,-0.11110956780448812,6.500398668928808e-10,2.549587941007097e-5,2.5096269236236995e-5,0.11110956780448812,-0.1111099344363104
22965,1.5625,-0.1111095728663873,7.267907422362495e-10,2.6959056775715457e-5,2.352469764012576e-5,0.1111095728663873,-0.1111099336741542
22966,3.90625,-0.11110971015532317,7.113058063689824e-10,2.6670316952915696e-5,1.95009147719074e-5,0.11110971015532317,-0.11110993088710995
22967,9.765625,-0.11111007810379024,4.945941093808912e-10,2.2239471877292664e-5,1.0267675862254317e-5,0.11111007810379024,-0.11110992574229481
22968,24.4140625,-0.11111046582969097,1.040750350893221e-10,1.0201717261781083e-5,1.439291675588867e-5,0.11111046582969097,-0.11110992485243514
22969,9.765625,-0.11111040289129188,2.2556383915696166e-11,4.749356158017228e-6,3.74937573244475e-5,0.11111040289129188,-0.11110992676957371
22970,3.90625,-0.11111041023824267,3.274220167699998e-12,1.80948063479552e-6,4.156507034818833e-5,0.11111041023824267,-0.11110992863140202
22971,1.5625,-0.11111042409883641,2.0463880107463522e-11,4.523702035663216e-6,4.143695344160338e-5,0.11111042409883641,-0.11110993032152887
22972,0.625,-0.11111043943074851,6.910514598056856e-11,8.312950497901967e-6,4.0706902648509004e-5,0.11111043943074851,-0.11110993191997161
22973,0.25,-0.11111045520891048,1.480534004598789e-10,1.216771960803991e-5,4.0122484902523496e-5,0.11111045520891048,-0.11110993348179288
22974,0.1,-0.11111047115263539,2.569890883286636e-10,1.6030879212590418e-5,3.974543377333919e-5,0.11111047115263539,-0.11110993503118015
22975,0.1,-0.11111048754121176,3.949697111102356e-10,1.9873844900024646e-5,3.9511326700459236e-5,0.11111048754121176,-0.11110993654501086
22976,0.1,-0.11111050441490104,5.610679159601646e-10,2.368687222830749e-5,3.9242578600841285e-5,0.11111050441490104,-0.11110993801795208
22977,0.1,-0.11111052181067314,7.542606540317787e-10,2.746380625535686e-5,3.893941743549165e-5,0.11111052181067314,-0.11110993944485517
22978,0.1,-0.11111053976203616,9.734333732320618e-10,3.119989380161512e-5,3.8602133586330875e-5,0.11111053976203616,-0.11110994082077606
22979,0.25,-0.11111055970809482,1.2108336976663953e-9,3.479703575976545e-5,3.8232967585918895e-5,0.11111055970809482,-0.11110994192496881
22980,0.625,-0.11111058479034254,1.445605834055651e-9,3.802112352437328e-5,3.73265449393749e-5,0.11111058479034254,-0.11110994225871394
22981,1.5625,-0.11111062231988886,1.619872494673204e-9,4.024763961617133e-5,3.496932830049432e-5,0.11111062231988886,-0.11110994054650669
22982,3.90625,-0.11111068473256494,1.5910550965785955e-9,3.9888031996810713e-5,2.8871207064113548e-5,0.11111068473256494,-0.11110993428801591
22983,9.765625,-0.11111076478307921,1.1130903957228261e-9,3.336300939248176e-5,1.4382972756561354e-5,0.11111076478307921,-0.11110992265251815
22984,24.4140625,-0.11111068054327503,2.367841440905524e-10,1.538779204728711e-5,2.024534151715793e-5,0.11111068054327503,-0.11110992045889215
22985,9.765625,-0.11111051507974733,5.1519563515555626e-11,7.177712972497272e-6,5.584172836206636e-5,0.11111051507974733,-0.11110992472674559
22986,3.90625,-0.11111040697940175,6.138054211517869e-12,2.4775096793994307e-6,6.212786856678738e-5,0.11111040697940175,-0.11110992889885575
22987,1.5625,-0.11111031061823147,4.29588013608563e-11,6.55429640471472e-6,6.200748215252962e-5,0.11111031061823147,-0.11110993268991416
22988,0.625,-0.11111021791980316,1.5067201891094715e-10,1.2274853111583338e-5,6.094496104060754e-5,0.11111021791980316,-0.11110993627545324
22989,0.25,-0.11111012651574263,3.267156313563388e-10,1.8075276798885786e-5,6.008607690666681e-5,0.11111012651574263,-0.11110993977888424
22990,0.1,-0.11111003562115525,5.703985734622029e-10,2.3883018516556965e-5,5.9532623000065936e-5,0.11111003562115525,-0.1111099432548689
22991,0.1,-0.1111099455672554,8.796595729954361e-10,2.9659055497359253e-5,5.91913133896986e-5,0.1111099455672554,-0.1111099466522328
22992,0.1,-0.11110985646670159,1.2524582783274572e-9,3.539008728906242e-5,5.879731127216174e-5,0.11110985646670159,-0.11110994995884593
22993,0.1,-0.11110976842987447,1.686536064094877e-9,4.106745748271832e-5,5.835098329081657e-5,0.11110976842987447,-0.11110995316299302
22994,0.1,-0.11110968156469074,2.1794254196507917e-9,4.668431663471997e-5,5.785278061145142e-5,0.11110968156469074,-0.11110995625341662
22995,0.25,-0.11110959884457038,2.7138514606736203e-9,5.209463946197939e-5,5.730588876161852e-5,0.11110959884457038,-0.11110995873486847
22996,0.625,-0.11110952733201553,3.2432348618964033e-9,5.694940615929549e-5,5.5950715531429115e-5,0.11110952733201553,-0.11110995948647555
22997,1.5625,-0.11110948549593674,3.638123842123091e-9,6.031686200494097e-5,5.241075643975325e-5,0.11110948549593674,-0.11110995563766672
22998,3.90625,-0.11110951776027254,3.578996960223368e-9,5.9824718638898486e-5,4.3219445131144334e-5,0.11110951776027254,-0.1111099415431801
22999,9.765625,-0.11110970873551128,2.5117881953033296e-9,5.0117743318143624e-5,2.1091090096716226e-5,0.11110970873551128,-0.11110991523472731
23000,24.4140625,-0.11111011084286218,5.39901592590216e-10,2.323578259044046e-5,2.9465041989232187e-5,0.11111011084286218,-0.11110990998326184
23001,9.765625,-0.11111026338492566,1.1851789206637185e-10,1.088659230734631e-5,8.357234407177916e-5,0.11111026338492566,-0.1111099195508457
23002,3.90625,-0.11111040111582483,1.3033750121714938e-11,3.610228541479741e-6,9.317720219032829e-5,0.11111040111582483,-0.11110992895012513
23003,1.5625,-0.11111053015786126,9.32330182601587e-11,9.65572463671985e-6,9.306202811205745e-5,0.11111053015786126,-0.11110993749879688
23004,0.625,-0.11111065623382144,3.335153974973584e-10,1.8262403935335524e-5,9.149370126372816e-5,0.11111065623382144,-0.11110994558467298
23005,0.25,-0.11111078139622362,7.280795293999965e-10,2.69829488640511e-5,9.021617280711941e-5,0.11111078139622362,-0.11110995348490532
23006,0.1,-0.11111090638058123,1.275372249472835e-9,3.571235429753736e-5,8.939143295818832e-5,0.11111090638058123,-0.11110996132297515
23007,0.1,-0.11111103099605835,1.9708026548994022e-9,4.439372314752844e-5,8.88828923239193e-5,0.11111103099605835,-0.1111099689846892
23008,0.1,-0.11111115512372131,2.8098098399752805e-9,5.300763944918959e-5,8.829481233134591e-5,0.11111115512372131,-0.11110997644257462
23009,0.1,-0.1111112786428925,3.787339116725812e-9,6.154136102432097e-5,8.762775946099006e-5,0.1111112786428925,-0.11110998367009169
23010,0.1,-0.11111140143138203,4.897863131359983e-9,6.998473498813855e-5,8.68824210896993e-5,0.11111140143138203,-0.11110999064173427
23011,0.25,-0.11111152084674532,6.10268474681866e-9,7.811968219865376e-5,8.606352389309979e-5,0.11111152084674532,-0.11110999624324537
23012,0.625,-0.11111163033271981,7.29736263147084e-9,8.542460202699712e-5,8.403069016265509e-5,0.11111163033271981,-0.1111099979501193
23013,1.5625,-0.111111712016315,8.191416486774344e-9,9.050644444885869e-5,7.87146752193947e-5,0.111111712016315,-0.11110998929129805
23014,3.90625,-0.11111171934995881,8.066943412625333e-9,8.981616453971597e-5,6.489149017440202e-5,0.11111171934995881,-0.11110995751172291
23015,9.765625,-0.11111154402027511,5.67466116011873e-9,7.533034687374491e-5,3.1383949094293405e-5,0.11111154402027511,-0.11110989801198956
23016,24.4140625,-0.11111103922903433,8.179553021280176e-11,9.044088136058924e-6,4.2568038434216086e-5,0.11111103922903433,-0.1111099315032534
23017,9.765625,-0.11111002683580105,8.531931263277523e-11,9.236845383180085e-6,2.473712502212335e-5,0.11111002683580105,-0.1111099310137397
23018,3.90625,-0.1111096498632263,9.805286679141823e-11,9.90216475279109e-6,1.685793821610313e-5,0.1111096498632263,-0.1111099308202048
23019,1.5625,-0.11110934564303913,1.1410896092401823e-10,1.0682179596131973e-5,1.347470707671241e-5,0.11110934564303913,-0.11110993079145164
23020,0.625,-0.11110906031514664,1.330648546973272e-10,1.1535374059705528e-5,1.198561234563618e-5,0.11110906031514664,-0.11110993084011363
23021,1.5625,-0.1111088892806376,1.4516022124415542e-10,1.2048245567058942e-5,1.129682178990166e-5,0.1111088892806376,-0.1111099307075445
23022,3.90625,-0.11110902293027486,1.3390697596655039e-10,1.15718181789445e-5,9.65679248352664e-6,0.11110902293027486,-0.111109930208166
23023,9.765625,-0.11110976089457666,8.059683272521183e-11,8.977573877457752e-6,6.9865378234058e-6,0.11110976089457666,-0.11110992942958271
23024,24.4140625,-0.111110678634155,1.4215428152797896e-11,3.770335283870374e-6,9.948625819631076e-6,0.111110678634155,-0.11110992953359444
23025,9.765625,-0.11111030978258296,2.6197833286797387e-12,1.6185744742456982e-6,1.7321643618254713e-5,0.11111030978258296,-0.11110992993049484
23026,3.90625,-0.11111018738077996,2.0815510810270015e-12,1.4427581505668236e-6,1.8212985669767043e-5,0.11111018738077996,-0.11110993027089575
23027,1.5625,-0.11111009565874638,7.637304782580286e-12,2.763567401490379e-6,1.7834353395592343e-5,0.11111009565874638,-0.11110993057454349
23028,0.625,-0.11111001179635835,1.8535084206891036e-11,4.305239157920386e-6,1.7394668242578544e-5,0.11111001179635835,-0.11110993086190239
23029,0.25,-0.11110993032698112,3.461132510694828e-11,5.88313905215135e-6,1.708892028644004e-5,0.11110993032698112,-0.11110993114332035
23030,0.1,-0.11110984961559082,5.5813263480314044e-11,7.470827496356347e-6,1.689819289942014e-5,0.11110984961559082,-0.11110993142273806
23031,0.1,-0.111109771545761,8.191961280699058e-11,9.050945409568582e-6,1.677893586973208e-5,0.111109771545761,-0.11110993169491916
23032,0.1,-0.11110969640631636,1.1273557027517487e-10,1.0617700799851862e-5,1.664788197141704e-5,0.11110969640631636,-0.11110993195905615
23033,0.1,-0.11110962447400508,1.4805142623084543e-10,1.2167638482090329e-5,1.6504926189846446e-5,0.11110962447400508,-0.11110993221436775
23034,0.1,-0.11110955601264509,1.8764337541172416e-10,1.3698298267001057e-5,1.635003413927742e-5,0.11110955601264509,-0.11110993246010478
23035,0.25,-0.11110950077431232,2.2989341859163485e-10,1.5162236595952289e-5,1.6184383635834234e-5,0.11110950077431232,-0.11110993265490245
23036,0.625,-0.11110948065364185,2.7056871489803607e-10,1.644897306515018e-5,1.57960020419417e-5,0.11110948065364185,-0.11110993270771714
23037,1.5625,-0.1111095496013931,2.982535211595892e-10,1.7270017983765656e-5,1.4814640714867786e-5,0.1111095496013931,-0.11110993239064886
23038,3.90625,-0.11110981989553637,2.8628799141260796e-10,1.6920047027493984e-5,1.2369756436439946e-5,0.11110981989553637,-0.11110993127796527
23039,9.765625,-0.11111040352805522,1.9398261122082473e-10,1.3927764042401952e-5,7.332450885495876e-6,0.11111040352805522,-0.11110992930075714
23040,24.4140625,-0.11111079308753426,3.9975118057619114e-11,6.3225879240718446e-6,1.0619479936565475e-5,0.11111079308753426,-0.11110992905792069
23041,9.765625,-0.1111105233198493,8.633929698967488e-12,2.938354930733775e-6,2.4110950574619874e-5,0.1111105233198493,-0.11110992984110812
23042,3.90625,-0.1111104084910353,2.0080858225314764e-12,1.417069448732657e-6,2.646457146132724e-5,0.1111104084910353,-0.11110993058865147
23043,1.5625,-0.11111031514076936,9.736716926959162e-12,3.1203712803061052e-6,2.6306291736328144e-5,0.11111031514076936,-0.11110993126624837
23044,0.625,-0.11111022774741809,2.986846967515338e-11,5.465205364407946e-6,2.5816175018792002e-5,0.11111022774741809,-0.11110993190760698
23045,0.25,-0.11111014228166374,6.196210570400939e-11,7.871601216017576e-6,2.5434828218810558e-5,0.11111014228166374,-0.11110993253468622
23046,0.1,-0.11111005747149034,1.0589280570504244e-10,1.029042300904304e-5,2.5190240332140634e-5,0.11111005747149034,-0.11110993315691763
23047,0.1,-0.11110997399361873,1.612689795669226e-10,1.2699172396928967e-5,2.5038009807723884e-5,0.11110997399361873,-0.11110993376468054
23048,0.1,-0.11110989203460536,2.27711854638259e-10,1.5090124407646844e-5,2.4864657865547246e-5,0.11110989203460536,-0.11110993435590326
23049,0.1,-0.11110981177557533,3.0480495256246497e-10,1.7458664111622772e-5,2.467028607401339e-5,0.11110981177557533,-0.11110993492858537
23050,0.1,-0.11110973339172903,3.9209574084875624e-10,1.980140754716079e-5,2.44550462615635e-5,0.11110973339172903,-0.11110993548080708
23051,0.25,-0.11110966205541493,4.864141811799912e-10,2.2054799504416067e-5,2.422034241332926e-5,0.11110966205541493,-0.11110993592408708
23052,0.625,-0.11110960979950851,5.792640172072938e-10,2.4067904296122127e-5,2.3649229565634734e-5,0.11110960979950851,-0.11110993605943367
23053,1.5625,-0.11110960708578997,6.471609518795274e-10,2.5439358322872992e-5,2.2172626155327207e-5,0.11110960708578997,-0.11110993537993881
23054,3.90625,-0.11110972098223906,6.327095874795041e-10,2.515371915799936e-5,1.8385742022502142e-5,0.11110972098223906,-0.11110993290176394
23055,9.765625,-0.11111004061532709,4.3885566314729523e-10,2.0948882145529753e-5,9.740186161627824e-6,0.11111004061532709,-0.11110992834222076
23056,24.4140625,-0.11111039766364657,9.162653322184282e-11,9.572174947306532e-6,1.3801451578764885e-5,0.11111039766364657,-0.11110992759445303
23057,9.765625,-0.11111036706824176,1.9834792698765302e-11,4.453626915084525e-6,3.540355262348875e-5,0.11111036706824176,-0.11110992930055351
23058,3.90625,-0.11111038900002523,3.112436513020183e-12,1.7642098834946435e-6,3.919589561484493e-5,0.11111038900002523,-0.11110993095326657
23059,1.5625,-0.11111041531996406,1.8712384000462816e-11,4.3257813167638074e-6,3.906372877823802e-5,0.11111041531996406,-0.11110993245353111
23060,0.625,-0.11111044251376585,6.221944770783382e-11,7.887930508557604e-6,3.8375616844818914e-5,0.11111044251376585,-0.1111099338730467
23061,0.25,-0.1111104699572473,1.3264028330685677e-10,1.1516956338671114e-5,3.782865663453168e-5,0.1111104699572473,-0.1111099352607062
23062,0.1,-0.11111049749705705,2.297078140109905e-10,1.5156114739965203e-5,3.747839486441443e-5,0.11111049749705705,-0.11110993663789953
23063,0.1,-0.11111052534167276,3.5259196609278545e-10,1.877743236155533e-5,3.7263156700045835e-5,0.11111052534167276,-0.11110993798388721
23064,0.1,-0.11111055351290898,5.004781091007943e-10,2.2371368065024415e-5,3.701502348982938e-5,0.11111055351290898,-0.11110993929390227
23065,0.1,-0.11111058202996228,6.724654431789953e-10,2.5931938669891137e-5,3.673422549409362e-5,0.11111058202996228,-0.11110994056334193
23066,0.1,-0.11111061090928871,8.675707450722735e-10,2.945455389362184e-5,3.642104947877017e-5,0.11111061090928871,-0.11110994178778526
23067,0.25,-0.11111064106648041,1.0788734160300723e-9,3.2846208548781885e-5,3.607749943072755e-5,0.11111064106648041,-0.11110994277054925
23068,0.625,-0.11111067443468725,1.2877435836491552e-9,3.588514433089486e-5,3.5226496940771876e-5,0.11111067443468725,-0.11110994306748823
23069,1.5625,-0.11111071529880252,1.442482719261923e-9,3.7980030532661806e-5,3.300594767867802e-5,0.11111071529880252,-0.11110994154326465
23070,3.90625,-0.1111107696005517,1.415832555828717e-9,3.762755048935177e-5,2.725812136047038e-5,0.1111107696005517,-0.11110993597585708
23071,9.765625,-0.11111082233353156,9.888021999775015e-10,3.144522539237875e-5,1.3654323195714683e-5,0.11111082233353156,-0.11110992564628974
23072,24.4140625,-0.1111107109369786,2.094838308334027e-10,1.4473556260760612e-5,1.9305879069324033e-5,0.1111107109369786,-0.11110992374748999
23073,9.765625,-0.11111054843980389,4.572299970827192e-11,6.7618784156676404e-6,5.26650526102888e-5,0.11111054843980389,-0.11110992753741582
23074,3.90625,-0.11111043871466611,5.9553467454496134e-12,2.4403579133909054e-6,5.854862003681415e-5,0.11111043871466611,-0.11110993123793851
23075,1.5625,-0.11111034010357802,3.9087349080532526e-11,6.251987610394995e-6,5.842481881578715e-5,0.11111034010357802,-0.11110993460074828
23076,0.625,-0.11111024500747702,1.3513185106583506e-10,1.1624622620362137e-5,5.742344606357803e-5,0.11111024500747702,-0.11110993778222497
23077,0.25,-0.11111015115645065,2.918452805939881e-10,1.708347975659491e-5,5.661758429272356e-5,0.11111015115645065,-0.11110994089180505
23078,0.1,-0.11111005779185418,5.086373080695158e-10,2.255298889436865e-5,5.610078439739792e-5,0.11111005779185418,-0.11110994397785381
23079,0.1,-0.1111099652014198,7.836865148562512e-10,2.7994401491302708e-5,5.578424586944611e-5,0.1111099652014198,-0.11110994699463111
23080,0.1,-0.11110987349299915,1.1151935244916533e-9,3.33945133890532e-5,5.5417833983239186e-5,0.11110987349299915,-0.11110994993132838
23081,0.1,-0.11110978277245163,1.5011635502293277e-9,3.874485191905278e-5,5.50019018428925e-5,0.11110978277245163,-0.1111099527775031
23082,0.1,-0.11110969314347326,1.9394147455841293e-9,4.403878683142997e-5,5.453688113003955e-5,0.11110969314347326,-0.11110995552311989
23083,0.25,-0.11110960738780874,2.414551852377461e-9,4.913808962889645e-5,5.402566044964708e-5,0.11110960738780874,-0.11110995772756267
23084,0.625,-0.11110953214481882,2.8850481579019033e-9,5.371264430189509e-5,5.275150407762498e-5,0.11110953214481882,-0.11110995839393106
23085,1.5625,-0.11110948484338448,3.2355025762962233e-9,5.688147832375863e-5,4.9415826664432695e-5,0.11110948484338448,-0.11110995497014452
23086,3.90625,-0.11110950772534058,3.181255306491544e-9,5.6402617904593255e-5,4.0751466986405834e-5,0.11110950772534058,-0.11110994244327072
23087,9.765625,-0.11110968312132258,2.2297946107160155e-9,4.7220701082427984e-5,1.9939410722857746e-5,0.11110968312132258,-0.11110991909763707
23088,24.4140625,-0.11111007387835624,4.778869727457919e-10,2.1860626083115548e-5,2.7984423153998646e-5,0.11111007387835624,-0.11110991451525548
23089,9.765625,-0.11111023256212196,1.0517722262370654e-10,1.025559469868552e-5,7.876281763865093e-5,0.11111023256212196,-0.11110992300339544
23090,3.90625,-0.1111103728666626,1.2432190762195288e-11,3.525931190791347e-6,8.776772463332129e-5,0.1111103728666626,-0.11110993133527713
23091,1.5625,-0.11111050416154301,8.430252971031247e-11,9.181640905105822e-6,8.764786902364422e-5,0.11111050416154301,-0.11110993891351922
23092,0.625,-0.11111063238493593,2.981624261704935e-10,1.726738040846073e-5,8.617020381139323e-5,0.11111063238493593,-0.11110994608302154
23093,0.25,-0.11111075964269992,6.48915693555429e-10,2.547382369326264e-5,8.497048295396125e-5,0.11111075964269992,-0.11110995308945847
23094,0.1,-0.11111088668720694,1.1352226648237947e-9,3.369306553022142e-5,8.41987368921663e-5,0.11111088668720694,-0.11110996004212025
23095,0.1,-0.11111101334112454,1.7530242111321002e-9,4.186913196057568e-5,8.372530643633573e-5,0.11111101334112454,-0.11110996683919376
23096,0.1,-0.11111113948585453,2.4982939146981554e-9,4.9982936235260884e-5,8.317673452145647e-5,0.11111113948585453,-0.11110997345624479
23097,0.1,-0.11111126500134993,3.3665646883702383e-9,5.8022105170100806e-5,8.255355574696403e-5,0.11111126500134993,-0.11110997986966378
23098,0.1,-0.11111138976632916,4.352947506776557e-9,6.597687099868072e-5,8.185641844766295e-5,0.11111138976632916,-0.11110998605675622
23099,0.25,-0.111111511157854,5.423010853993268e-9,7.364109487231479e-5,8.108963694555473e-5,0.111111511157854,-0.11110999102738757
23100,0.625,-0.11111162266630259,6.483799889890392e-9,8.052204598673827e-5,7.91777719986803e-5,0.11111162266630259,-0.1111099925387986
23101,1.5625,-0.11111170656555282,7.276797864082261e-9,8.530414916100073e-5,7.41696480918919e-5,0.11111170656555282,-0.11110998484381007
23102,3.90625,-0.11111171681045073,7.163416191113053e-9,8.463696704817023e-5,6.114260106226096e-5,0.11111171681045073,-0.11110995662431762
23103,9.765625,-0.11111154684224304,5.034310346127016e-9,7.095287412168035e-5,2.9611791144409968e-5,0.11111154684224304,-0.11110990385279647
23104,24.4140625,-0.11111104840518674,7.35900652865228e-11,8.57846520576512e-6,4.036784195739622e-5,0.11111104840518674,-0.11110993362855741
23105,9.765625,-0.1111100574716246,7.649051645292741e-11,8.745885687163274e-6,2.358111447890353e-5,0.1111100574716246,-0.11110993319915079
23106,3.90625,-0.11110968433549427,8.799552205824028e-11,9.380592841512752e-6,1.6199286506101147e-5,0.11110968433549427,-0.11110993303303683
23107,1.5625,-0.11110938309938011,1.0259350675313357e-10,1.0128845282317899e-5,1.3027124533249263e-5,0.11110938309938011,-0.1111099330135252
23108,0.625,-0.11110910057398582,1.1989775485021046e-10,1.094978332434987e-5,1.1628532004806502e-5,0.11110910057398582,-0.11110993306307232
23109,1.5625,-0.11110892957559709,1.3105083804194037e-10,1.1447743797008228e-5,1.0980246990872824e-5,0.11110892957559709,-0.11110993294839046
23110,3.90625,-0.11110905645621605,1.20978437563862e-10,1.0999019845598153e-5,9.437290104656809e-6,0.11110905645621605,-0.11110993250100541
23111,9.765625,-0.11110977610926154,7.255391515697922e-11,8.517858601607521e-6,6.929075767206103e-6,0.11110977610926154,-0.11110993180226733
23112,24.4140625,-0.11111067957936728,1.2662547620790899e-11,3.558447360969514e-6,9.614913862781804e-6,0.11111067957936728,-0.11110993190214687
23113,9.765625,-0.11111031242666174,2.369959972409521e-12,1.539467431422153e-6,1.646693552545442e-5,0.11111031242666174,-0.11110993225923499
23114,3.90625,-0.1111101885753014,1.9962685695252073e-12,1.412893686561451e-6,1.728099142503964e-5,0.1111101885753014,-0.11110993256469928
23115,1.5625,-0.11111009507182598,7.0596700883479344e-12,2.6570039684479086e-6,1.6913240681165955e-5,0.11111009507182598,-0.11110993283731688
23116,0.625,-0.11111000936372474,1.68918665327515e-11,4.109971597560195e-6,1.6495104271935288e-5,0.11111000936372474,-0.11110993309551367
23117,0.25,-0.11110992603176836,3.134923210774711e-11,5.5990384985055344e-6,1.6206120125116607e-5,0.11110992603176836,-0.11110993334851359
23118,0.1,-0.11110984345268071,5.038613005981319e-11,7.098318819256655e-6,1.602665059345422e-5,0.11110984345268071,-0.11110993359980408
23119,0.1,-0.11110976348871986,7.380311059555977e-11,8.590873680572878e-6,1.591493798872358e-5,0.11110976348871986,-0.11110993384464116
23120,0.1,-0.11110968642653102,1.0142528303822129e-10,1.0071012016586084e-5,1.579208182770192e-5,0.11110968642653102,-0.11110993408230187
23121,0.1,-0.11110961254087932,1.33064295989602e-10,1.1535349842531955e-5,1.5657990765072847e-5,0.11110961254087932,-0.11110993431208777
23122,0.1,-0.1111095420937988,1.6851907948390047e-10,1.2981489879204947e-5,1.5512640480550106e-5,0.1111095420937988,-0.11110993453332825
23123,0.25,-0.1111094847477374,2.063268568109946e-10,1.4364082177814028e-5,1.5357134473778218e-5,0.1111094847477374,-0.11110993470891525
23124,0.625,-0.11110946220593472,2.4266295661629623e-10,1.5577642845318295e-5,1.4991509166460607e-5,0.11110946220593472,-0.11110993475728242
23125,1.5625,-0.11110952798390565,2.6722470408327094e-10,1.634700902560682e-5,1.40673851713928e-5,0.11110952798390565,-0.11110993447457437
23126,3.90625,-0.11110979368109541,2.5602690974300334e-10,1.600084090737119e-5,1.1771342811737904e-5,0.11110979368109541,-0.11110993348166719
23127,9.765625,-0.11111037221654212,1.7282525595242415e-10,1.314630198772355e-5,7.109713628062958e-6,0.11111037221654212,-0.11110993172486247
23128,24.4140625,-0.11111076952735931,3.53589234219183e-11,5.946336975140099e-6,1.0256111109617312e-5,0.11111076952735931,-0.11110993152633687
23129,9.765625,-0.11111051153145153,7.64508699226947e-12,2.764975043697406e-6,2.282613314568007e-5,0.11111051153145153,-0.11110993222651293
23130,3.90625,-0.11111040394697089,1.9161734685895864e-12,1.3842591768124877e-6,2.5011689294996012e-5,0.11111040394697089,-0.11110993289295608
23131,1.5625,-0.11111031715784407,8.944231046728956e-12,2.9906907307056937e-6,2.485041718988102e-5,0.11111031715784407,-0.11110993349696187
23132,0.625,-0.1111102361156605,2.7000415410008276e-11,5.196192395399566e-6,2.438420608467343e-5,0.1111102361156605,-0.11110993406882604
23133,0.25,-0.11111015692947714,5.569562690635262e-11,7.462950281648178e-6,2.4023493820896647e-5,0.11111015692947714,-0.11110993462809712
23134,0.1,-0.1111100783732112,9.492055527205334e-11,9.74271806386972e-6,2.3792797687141488e-5,0.1111100783732112,-0.11110993518313425
23135,0.1,-0.11111000110246998,1.443246797216567e-10,1.2013520704675075e-5,2.3649563749274422e-5,0.11111000110246998,-0.11110993572529329
23136,0.1,-0.11110992529708748,2.0357003325013405e-10,1.4267797070681026e-5,2.3486439308007766e-5,0.11110992529708748,-0.11110993625273136
23137,0.1,-0.11110985113161632,2.722849822362348e-10,1.650106003371404e-5,2.3303521304220007e-5,0.11110985113161632,-0.11110993676366944
23138,0.1,-0.11110977877484564,3.500657058389667e-10,1.871004291387293e-5,2.31009548570522e-5,0.11110977877484564,-0.1111099372564006
23139,0.25,-0.11110971321956781,4.3407287361762017e-10,2.0834415605378045e-5,2.288005457392048e-5,0.11110971321956781,-0.11110993765199036
23140,0.625,-0.11110966607500568,5.166999863859123e-10,2.2731035752598523e-5,2.234194213874314e-5,0.11110966607500568,-0.11110993777306509
23141,1.5625,-0.11110966670581345,5.769345748480308e-10,2.4019462417964954e-5,2.0950622392724592e-5,0.11110966670581345,-0.11110993716815017
23142,3.90625,-0.11110977960026673,5.634906744420966e-10,2.373795851462582e-5,1.7386970452453466e-5,0.11110977960026673,-0.11110993496293783
23143,9.765625,-0.11111008926802719,3.89988390109141e-10,1.9748123711105848e-5,9.312597013857708e-6,0.11111008926802719,-0.11110993091609374
23144,24.4140625,-0.11111042544080965,8.096358364491028e-11,8.997976641718419e-6,1.3221455466821056e-5,0.11111042544080965,-0.11110993027863314
23145,9.765625,-0.11111038582032828,1.753656871367343e-11,4.1876686489828e-6,3.3424880270459596e-5,0.11111038582032828,-0.11110993179704537
23146,3.90625,-0.11111039968270027,2.9589035395583298e-12,1.720146371550494e-6,3.6961581564588635e-5,0.11111039968270027,-0.11110993326477389
23147,1.5625,-0.11111041838979653,1.7052496720137604e-11,4.129466880862178e-6,3.682383206500189e-5,0.11111041838979653,-0.1111099345968206
23148,0.625,-0.1111104381361374,5.59108718622437e-11,7.477357277958818e-6,3.617085112581135e-5,0.1111104381361374,-0.11110993585733697
23149,0.25,-0.1111104581891822,1.1865816759549527e-10,1.0893032984228739e-5,3.5654109534899096e-5,0.1111104581891822,-0.11110993708975236
23150,0.1,-0.11111047835628883,2.050603708505669e-10,1.4319929149635025e-5,3.5323922291985805e-5,0.11111047835628883,-0.11110993831300749
23151,0.1,-0.11111049884763251,3.14377439425187e-10,1.7730692017662115e-5,3.5121410881260234e-5,0.11111049884763251,-0.11110993950855352
23152,0.1,-0.11111051969042358,4.458849259436475e-10,2.111598744893659e-5,3.488790506910747e-5,0.11111051969042358,-0.11110994067215835
23153,0.1,-0.11111054090929008,5.987816684876248e-10,2.447001570264361e-5,3.4623622938390904e-5,0.11111054090929008,-0.11110994179973538
23154,0.1,-0.11111056252614847,7.721931302881878e-10,2.778836321714879e-5,3.4328836365882754e-5,0.11111056252614847,-0.11110994288736026
23155,0.25,-0.11111058556562371,9.599455666209857e-10,3.098298834233047e-5,3.40054195908823e-5,0.11111058556562371,-0.11110994376007188
23156,0.625,-0.11111061223761422,1.1454247164764923e-9,3.384412381014602e-5,3.32035610993843e-5,0.11111061223761422,-0.11110994402300738
23157,1.5625,-0.111110647594013,1.2825435077757075e-9,3.5812616600518144e-5,3.111097881931436e-5,0.111110647594013,-0.11110994266738226
23158,3.90625,-0.11111069964283578,1.2579551166740418e-9,3.546766297169919e-5,2.5697829225027854e-5,0.11111069964283578,-0.11110993772194899
23159,9.765625,-0.11111075860425548,8.771196904206127e-10,2.9616206550140966e-5,1.2939416144815836e-5,0.11111075860425548,-0.11110992856518272
23160,24.4140625,-0.11111067269143438,1.849713996995154e-10,1.3600419100142296e-5,1.8382851596359566e-5,0.11111067269143438,-0.1111099269264106
23161,9.765625,-0.11111052516844289,4.0347776266293134e-11,6.3519899453866525e-6,4.964165134432618e-5,0.11111052516844289,-0.1111099302909623
23162,3.90625,-0.11111042725368706,5.565106748675828e-12,2.359047847898772e-6,5.514060297625283e-5,0.11111042725368706,-0.11110993357020903
23163,1.5625,-0.11111033957943439,3.536631924390614e-11,5.9469588231217925e-6,5.500858082506286e-5,0.11111033957943439,-0.11110993654935797
23164,0.625,-0.11111025512096788,1.2092169907025737e-10,1.099644029085128e-5,5.4060056760312685e-5,0.11111025512096788,-0.11110993936798995
23165,0.25,-0.1111101717967745,2.6025340892998573e-10,1.6132371460203418e-5,5.3299481671123884e-5,0.1111101717967745,-0.11110994212319315
23166,0.1,-0.11111008891353441,4.5284409367651133e-10,2.1280133779572706e-5,5.281260819250569e-5,0.11111008891353441,-0.11110994485776972
23167,0.1,-0.1111100067473897,6.970742241669697e-10,2.6402163247866067e-5,5.251489625892122e-5,0.1111100067473897,-0.11110994753093827
23168,0.1,-0.11110992539766688,9.913469841115464e-10,3.1485663151846534e-5,5.217019886970859e-5,0.11110992539766688,-0.11110995013311512
23169,0.1,-0.11110984496182878,1.3338918909067899e-9,3.6522484730735253e-5,5.177884898337906e-5,0.11110984496182878,-0.11110995265504224
23170,0.1,-0.11110976553530706,1.7227722211946657e-9,4.1506291344742736e-5,5.134125408291221e-5,0.11110976553530706,-0.11110995508782172
23171,0.25,-0.11110968970139974,2.144288185993606e-9,4.6306459441352307e-5,5.086011347603463e-5,0.11110968970139974,-0.11110995704022517
23172,0.625,-0.11110962361323871,2.5614942796902056e-9,5.061120705624601e-5,4.965989172925991e-5,0.11110962361323871,-0.11110995762748563
23173,1.5625,-0.11110958338963489,2.87175021086123e-9,5.3588713465255255e-5,4.6517146362225435e-5,0.11110958338963489,-0.1111099545855873
23174,3.90625,-0.11110960790647673,2.822040586442902e-9,5.31228819478283e-5,3.835653625674424e-5,0.11110960790647673,-0.11110994347284758
23175,9.765625,-0.11110977176011341,1.9754854938525893e-9,4.444643398353336e-5,1.8799626141588242e-5,0.11110977176011341,-0.11110992279800294
23176,24.4140625,-0.1111101250649902,4.217889473621409e-10,2.0537501000904198e-5,2.6540157820801637e-5,0.1111101250649902,-0.11110991881897232
23177,9.765625,-0.111110263792003,9.271822636148921e-11,9.629030395709072e-6,7.417028814722379e-5,0.111110263792003,-0.1111099263429923
23178,3.90625,-0.1111103876837168,1.1437081566276677e-11,3.3818754510296023e-6,8.259739907621567e-5,0.1111103876837168,-0.11110993371722676
23179,1.5625,-0.11111050371120594,7.58626566442767e-11,8.709917143364608e-6,8.246613789896131e-5,0.11111050371120594,-0.11110994042256928
23180,0.625,-0.11111061704477171,2.660015546990838e-10,1.6309554092588915e-5,8.106859271757237e-5,0.11111061704477171,-0.11110994676629826
23181,0.25,-0.11111072953101431,5.773612813071136e-10,2.4028343290936924e-5,7.993729564017825e-5,0.11111072953101431,-0.11110995296616008
23182,0.1,-0.11111084183091784,1.0087668227982051e-9,3.176108976087258e-5,7.921066662454277e-5,0.11111084183091784,-0.111109959118827
23183,0.1,-0.11111095378432294,1.5566154703382038e-9,3.945396647155015e-5,7.876554907859815e-5,0.11111095378432294,-0.11110996513372486
23184,0.1,-0.11111106528630006,2.2173390403786733e-9,4.7088629629441047e-5,7.824966390856521e-5,0.11111106528630006,-0.11110997098920995
23185,0.1,-0.11111117623055915,2.9869782765565875e-9,5.465325494933113e-5,7.766351483315025e-5,0.11111117623055915,-0.11110997666436986
23186,0.1,-0.11111128650964487,3.8611994777037764e-9,6.21385506566075e-5,7.700771304438915e-5,0.11111128650964487,-0.11110998213910309
23187,0.25,-0.11111139379863563,4.809417756614557e-9,6.93499658011059e-5,7.628629130762266e-5,0.11111139379863563,-0.11110998653542305
23188,0.625,-0.11111149232677302,5.7490760042473956e-9,7.582266154816379e-5,7.448611378795596e-5,0.11111149232677302,-0.11110998786529824
23189,1.5625,-0.11111156636890064,6.450626123066113e-9,8.031578999839392e-5,6.976953695462252e-5,0.11111156636890064,-0.11110998103607513
23190,3.90625,-0.11111157501002801,6.347332292217239e-9,7.96701468068011e-5,5.750290321116844e-5,0.11111157501002801,-0.11110995602830881
23191,9.765625,-0.1111114231838986,4.456231961989477e-9,6.675501450819614e-5,2.7852589740837684e-5,0.1111114231838986,-0.11110990932846493
23192,24.4140625,-0.11111095459562824,9.601227707942135e-10,3.098584791149362e-5,3.894109111352242e-5,0.11111095459562824,-0.11110989990049325
23193,9.765625,-0.11111069894482348,2.119963331427747e-10,1.456009385762244e-5,0.00011116200757362046,0.11111069894482348,-0.11110991681792286
23194,3.90625,-0.11111049125965683,2.3655657416350478e-11,4.863708196052728e-6,0.0001240043930521947,0.11111049125965683,-0.11110993346590169
23195,1.5625,-0.11111029953826382,1.6451454012005332e-10,1.282632215875047e-5,0.00012388000038954187,0.11111029953826382,-0.11110994861486029
23196,0.625,-0.11111011342400974,5.892643796340153e-10,2.4274768374466838e-5,0.0001218093507230342,0.11111011342400974,-0.11110996294683947
23197,0.25,-0.1111099295114227,1.287689371231727e-9,3.5884388962774984e-5,0.00012012097171889595,0.1111099295114227,-0.11110997695190397
23198,0.1,-0.11110974662551192,2.2571092056560845e-9,4.750904340918773e-5,0.00011903345032865933,0.11110974662551192,-0.11110999084878748
23199,0.1,-0.11110956504846348,3.489464252776425e-9,5.9071687404173795e-5,0.00011836604416419198,0.11110956504846348,-0.11111000443538303
23200,0.1,-0.11110938493295384,4.976745533593357e-9,7.054605257272272e-5,0.00011759239726318218,0.11110938493295384,-0.11111001766282923
23201,0.1,-0.11110920642860901,6.710064171605658e-9,8.191498136242026e-5,0.00011671324575022123,0.11110920642860901,-0.11111003048390267
23202,0.1,-0.11110902968192586,8.67968845615444e-9,9.316484560259004e-5,0.00011572948594646258,0.11110902968192586,-0.1111100428531984
23203,0.25,-0.11110885845962774,1.0817086515132094e-8,0.00010400522349926515,0.0001146471192630467,0.11110885845962774,-0.11111005279520167
23204,0.625,-0.1111087019198738,1.2937143537234589e-8,0.00011374156468606622,0.00011194657909834115,0.1111087019198738,-0.11111005583251012
23205,1.5625,-0.11110858472843821,1.4524833106402304e-8,0.00012051901553863733,0.00010486910545200192,0.11110858472843821,-0.11111004048589597
23206,3.90625,-0.11110857061203586,1.4307151054621059e-8,0.0001196125037553393,8.644698818725867e-5,0.11110857061203586,-0.11110998412003678
23207,9.765625,-0.11110880875888222,1.0068850501287001e-8,0.00010034366198862288,4.172203978366435e-5,0.11110880875888222,-0.11110987852071427
23208,24.4140625,-0.11110955589915819,1.4588227501140575e-10,1.207817349649382e-5,5.6557766401753266e-5,0.11110955589915819,-0.11110993768059248
23209,9.765625,-0.1111109472864816,1.5102082002002107e-10,1.2289052852845132e-5,3.315416785342984e-5,0.1111109472864816,-0.11110993684956993
23210,3.90625,-0.1111114658919119,1.7459162961293741e-10,1.3213312590449732e-5,2.2591206374890895e-5,0.1111114658919119,-0.11110993650763816
23211,1.5625,-0.11111188361457443,2.0472068745924476e-10,1.4308063721525871e-5,1.793328620937357e-5,0.11111188361457443,-0.11110993645029336
23212,0.625,-0.11111227520382708,2.406009051506297e-10,1.551131539072782e-5,1.5833249758964316e-5,0.11111227520382708,-0.11110993652839615
23213,1.5625,-0.11111250899940665,2.640291408423309e-10,1.6248973531959824e-5,1.4846206644308718e-5,0.11111250899940665,-0.11110993627294012
23214,3.90625,-0.11111232224655226,2.437113695007511e-10,1.5611257780869262e-5,1.244620085263163e-5,0.11111232224655226,-0.11110993534241216
23215,9.765625,-0.11111130286426238,1.4473250308897442e-10,1.2030482246733688e-5,8.297882821922808e-6,0.11111130286426238,-0.1111099339147538
23216,24.4140625,-0.11111005146875669,2.4718626118617336e-11,4.971782991907162e-6,1.249492295606183e-5,0.11111005146875669,-0.11110993410084416
23217,9.765625,-0.1111105871856543,3.986758507609986e-12,1.996686882715962e-6,2.264290317630692e-5,0.1111105871856543,-0.11110993479386631
23218,3.90625,-0.11111076698931714,3.272855675469854e-12,1.809103555761763e-6,2.3817969838727098e-5,0.11111076698931714,-0.11110993537736087
23219,1.5625,-0.11111090261626244,1.3416691187835954e-11,3.662880176559964e-6,2.328287786299048e-5,0.11111090261626244,-0.1111099358935117
23220,0.625,-0.11111102693445368,3.3081138243215665e-11,5.7516204884550285e-6,2.2676702688566017e-5,0.11111102693445368,-0.11110993638029695
23221,0.25,-0.11111114782206703,6.198200055915416e-11,7.872864825408484e-6,2.2258465382675226e-5,0.11111114782206703,-0.11110993685655426
23222,0.1,-0.1111112676359985,1.0003035953101553e-10,1.0001517861355621e-5,2.199941465250448e-5,0.1111112676359985,-0.11110993732940048
23223,0.1,-0.11111138363945515,1.4682483449174678e-10,1.2117129795943707e-5,2.1838829653638965e-5,0.11111138363945515,-0.11110993778944732
23224,0.1,-0.11111149541401859,2.020148588490071e-10,1.421319312642332e-5,2.1661837564221285e-5,0.11111149541401859,-0.11110993823524468
23225,0.1,-0.1111116025585755,2.6522277957612724e-10,1.6285661778881668e-5,2.1468299670223513e-5,0.1111116025585755,-0.11110993866539122
23226,0.1,-0.11111170469056615,3.36045395932311e-10,1.8331541013573054e-5,2.125816955010726e-5,0.11111170469056615,-0.11110993907854501
23227,0.25,-0.11111178767249344,4.1153302770333523e-10,2.0286276831970306e-5,2.103301978240343e-5,0.11111178767249344,-0.11110993940066927
23228,0.625,-0.11111181976388035,4.839802435476236e-10,2.1999550985136575e-5,2.0500838137368564e-5,0.11111181976388035,-0.11110993946905967
23229,1.5625,-0.11111172274304601,5.326723965297195e-10,2.3079696629932542e-5,1.9149944587587292e-5,0.11111172274304601,-0.11110993887759933
23230,3.90625,-0.11111133375686681,5.096272312187819e-10,2.257492483307047e-5,1.5762829920538145e-5,0.11111133375686681,-0.11110993687374113
23231,9.765625,-0.1111104898475039,3.433007856429843e-10,1.852837784704814e-5,8.574412833967798e-6,0.1111104898475039,-0.11110993335855543
23232,24.4140625,-0.11110992218411542,6.99880658715809e-11,8.36588703435451e-6,1.3480848341298009e-5,0.11110992218411542,-0.11110993294390606
23233,9.765625,-0.11111030279154785,1.4466801691445535e-11,3.8035249034869663e-6,3.177458566747672e-5,0.11111030279154785,-0.11110993431929024
23234,3.90625,-0.11111045976822449,2.9248345895782497e-12,1.7102147787860593e-6,3.491703268306557e-5,0.11111045976822449,-0.1111099356238312
23235,1.5625,-0.11111058610115904,1.682941194175633e-11,4.102366626930891e-6,3.4694315431223184e-5,0.11111058610115904,-0.11110993680222381
23236,0.625,-0.11111070403332983,5.2727354369716627e-11,7.2613603663305835e-6,3.403203848198322e-5,0.11111070403332983,-0.11110993791579832
23237,0.25,-0.11111081929262283,1.098435128856329e-10,1.0480625596100307e-5,3.3518730057474814e-5,0.11111081929262283,-0.11110993900397233
23238,0.1,-0.11111093368088844,1.879620818026476e-10,1.3709926396689648e-5,3.319051600905701e-5,0.11111093368088844,-0.11110994008361642
23239,0.1,-0.11111104619028689,2.863876954075267e-10,1.692299309837142e-5,3.298704180764226e-5,0.11111104619028689,-0.11110994113767415
23240,0.1,-0.11111115655215113,4.0444919212333633e-10,2.0110922209668465e-5,3.2755082490293846e-5,0.11111115655215113,-0.11110994216246757
23241,0.1,-0.11111126450543003,5.414080650864036e-10,2.3268177089888318e-5,3.249475442312493e-5,0.11111126450543003,-0.11110994315444533
23242,0.1,-0.11111136979743308,6.964614075898681e-10,2.6390555272480875e-5,3.2206241253014436e-5,0.11111136979743308,-0.11110994411019788
23243,0.25,-0.11111146493221197,8.639526990202146e-10,2.9393072296379883e-5,3.189136832766716e-5,0.11111146493221197,-0.11110994487256727
23244,0.625,-0.11111153250043145,1.0287226071768648e-9,3.207370585350039e-5,3.112229843583896e-5,0.11111153250043145,-0.1111099450882061
23245,1.5625,-0.11111152851467597,1.1488960277642139e-9,3.38953688247261e-5,2.9129356587140317e-5,0.11111152851467597,-0.11110994385760549
23246,3.90625,-0.11111135666647458,1.1223131529220534e-9,3.350094256766596e-5,2.4000335124269444e-5,0.11111135666647458,-0.11110993943841913
23247,9.765625,-0.11111089274225235,7.770627182116057e-10,2.787584470848562e-5,1.2067060704769924e-5,0.11111089274225235,-0.11110993134561972
23248,24.4140625,-0.1111104034072656,1.6143609897710728e-10,1.2705750626275776e-5,1.7848774248246586e-5,0.1111104034072656,-0.11110993003540214
23249,9.765625,-0.11111047273543231,3.4502326258770616e-11,5.8738680831944645e-6,4.6895785976145554e-5,0.11111047273543231,-0.1111099330411306
23250,3.90625,-0.11111045816561448,5.089397462181721e-12,2.2559692954873567e-6,5.194806881944506e-5,0.11111045816561448,-0.11110993594653726
23251,1.5625,-0.11111043575670128,3.2895771326649e-11,5.735483530326716e-6,5.1765883349109486e-5,0.11111043575670128,-0.1111099385805981
23252,0.625,-0.11111041168846238,1.1012004304820716e-10,1.0493809748999987e-5,5.0845280404134074e-5,0.11111041168846238,-0.11110994107142905
23253,0.25,-0.11111038720172922,2.350138350163967e-10,1.5330160958593903e-5,5.011495965596095e-5,0.11111038720172922,-0.11110994350593652
23254,0.1,-0.1111103626351181,4.071120771167831e-10,2.017701853884223e-5,4.964816207087778e-5,0.1111103626351181,-0.11110994592208562
23255,0.1,-0.11111033763485621,6.249458444753753e-10,2.4998916866043923e-5,4.936206815218774e-5,0.11111033763485621,-0.11110994828311815
23256,0.1,-0.11111031214679172,8.870754719666334e-10,2.978381224703502e-5,4.903189322885487e-5,0.11111031214679172,-0.11110995058057903
23257,0.1,-0.11111028612003117,1.1919081320202662e-9,3.452402253533424e-5,4.8657938533740665e-5,0.11111028612003117,-0.11110995280630387
23258,0.1,-0.11111025950720028,1.5377044753230773e-9,3.921357514079885e-5,4.8240579217458656e-5,0.11111025950720028,-0.1111099549524502
23259,0.25,-0.11111023047460478,1.9121775090508514e-9,4.372845193979375e-5,4.7782435834743727e-5,0.11111023047460478,-0.11110995667041176
23260,0.625,-0.11111019498694098,2.2822488347961425e-9,4.777288807258927e-5,4.664482744790417e-5,0.11111019498694098,-0.11110995717305945
23261,1.5625,-0.11111014358524324,2.5561392949744807e-9,5.055827622629633e-5,4.367256665767794e-5,0.11111014358524324,-0.11110995444883423
23262,3.90625,-0.11111005995546026,2.508057109026711e-9,5.008050627765968e-5,3.596601158074229e-5,0.11111005995546026,-0.11110994456405245
23263,9.765625,-0.11110995256612904,1.750113780132835e-9,4.183436123729912e-5,1.756021442331351e-5,0.11110995256612904,-0.11110992626247838
23264,24.4140625,-0.11111005790518427,3.6984605558286524e-10,1.9231382050774856e-5,2.53426281589224e-5,0.11111005790518427,-0.11110992292210474
23265,9.765625,-0.111110278516986,8.040444094227298e-11,8.966852343061806e-6,6.991600198192841e-5,0.111110278516986,-0.1111099296114789
23266,3.90625,-0.11111042190620808,1.0292961937526436e-11,3.2082646302208982e-6,7.774169079422938e-5,0.11111042190620808,-0.11110993613723044
23267,1.5625,-0.11111055000359522,6.915111093984579e-11,8.315714698078921e-6,7.757162360568366e-5,0.11111055000359522,-0.11110994206435655
23268,0.625,-0.1111106735020841,2.3933544208505957e-10,1.5470470002073613e-5,7.623605444355994e-5,0.1111106735020841,-0.11110994767058234
23269,0.25,-0.11111079555504663,5.168930878897592e-10,2.2735282885633055e-5,7.516250618166651e-5,0.11111079555504663,-0.11110995314980057
23270,0.1,-0.11111091721559359,9.007924858738129e-10,3.0013205191612124e-5,7.447478273865347e-5,0.11111091721559359,-0.11110995858763892
23271,0.1,-0.11111103802803714,1.3878140838760186e-9,3.7253376811720285e-5,7.405418298707687e-5,0.11111103802803714,-0.11110996390307147
23272,0.1,-0.1111111578282885,1.9747797290477525e-9,4.443849377564177e-5,7.356699798456343e-5,0.1111111578282885,-0.1111099690769509
23273,0.1,-0.1111112764534757,2.6581642853805107e-9,5.155738827152236e-5,7.301368984958368e-5,0.1111112764534757,-0.1111099740907773
23274,0.1,-0.11111139374232076,3.434110417100107e-9,5.8601283408301794e-5,7.23948251099137e-5,0.11111139374232076,-0.11110997892677003
23275,0.25,-0.11111150554561261,4.275332732512781e-9,6.538602857272172e-5,7.17141912224623e-5,0.11111150554561261,-0.11110998280474138
23276,0.625,-0.11111160195159013,5.108225621953905e-9,7.147185195553495e-5,7.001552916964167e-5,0.11111160195159013,-0.11110998395963095
23277,1.5625,-0.11111165703020773,5.728255684976044e-9,7.56852408662088e-5,6.556553569823001e-5,0.11111165703020773,-0.11110997787355441
23278,3.90625,-0.11111160891989069,5.631054082108277e-9,7.504034969340347e-5,5.3997929531776405e-5,0.11111160891989069,-0.11110995567663985
23279,9.765625,-0.11111134453293522,3.944838438659316e-9,6.280794884932413e-5,2.6098726482889786e-5,0.11111134453293522,-0.11110991435645659
23280,24.4140625,-0.11111082337714263,8.442579683860795e-10,2.9056117572485135e-5,3.701648856980668e-5,0.11111082337714263,-0.11110990628568775
23281,9.765625,-0.11111064485875106,1.8556140428909113e-10,1.3622092507727699e-5,0.00010466551606308287,0.11111064485875106,-0.11110992128240466
23282,3.90625,-0.11111047794967294,2.1900761753485305e-11,4.6798249703899505e-6,0.00011663603962047717,0.11111047794967294,-0.11110993599656376
23283,1.5625,-0.11111032114497524,1.493541767004412e-10,1.222105464763337e-5,0.0001164722815032584,0.11111032114497524,-0.11110994937707278
23284,0.625,-0.11111016823613828,5.279519453998346e-10,2.29772049083398e-5,0.00011450535321727097,0.11111016823613828,-0.11110996203503586
23285,0.25,-0.1111100169406528,1.1487094462410536e-9,3.389261639710121e-5,0.00011290985854453668,0.1111100169406528,-0.11110997440518237
23286,0.1,-0.11110986644434247,2.0092802652325798e-9,4.4824995986977845e-5,0.00011188460435611706,0.11110986644434247,-0.11110998668082654
23287,0.1,-0.11110971686801917,3.1024941906745174e-9,5.5700037618250466e-5,0.00011125665395874419,0.11110971686801917,-0.1111099986817234
23288,0.1,-0.11110956831418324,4.42124355219449e-9,6.649243229266388e-5,0.00011052861244967254,0.11110956831418324,-0.11111001036462657
23289,0.1,-0.11110942088382854,5.9576401468758684e-9,7.718575093160569e-5,0.00010970118155166888,0.11110942088382854,-0.11111002168774343
23290,0.1,-0.11110927467647325,7.703048257376932e-9,8.776701121364982e-5,0.00010877521382866873,0.11110927467647325,-0.1111100326108971
23291,0.25,-0.11110913209464943,9.596509911664715e-9,9.79617778098413e-5,0.00010775635210749503,0.11110913209464943,-0.11111004138193369
23292,0.625,-0.111108999099068,1.1473433821678108e-8,0.00010711411588431334,0.00010521218863789191,0.111108999099068,-0.11111004403217759
23293,1.5625,-0.1111088921665898,1.2876080085947071e-8,0.0001134728165066289,9.854335098632751e-5,0.1111088921665898,-0.11111003039257336
23294,3.90625,-0.11110885636041264,1.267395813037605e-8,0.00011257867529144252,8.11888634899083e-5,0.11110885636041264,-0.11110998044260283
23295,9.765625,-0.11110901164407304,8.904532155624572e-9,9.436382864013399e-5,3.91151017292663e-5,0.11110901164407304,-0.11110988708647206
23296,24.4140625,-0.11110987676999014,1.283393306492536e-10,1.1328695010867474e-5,5.360739479737647e-5,0.11110987676999014,-0.11110993973504389
23297,9.765625,-0.11111080901126562,1.3459465389230546e-10,1.1601493606096822e-5,3.065188141915263e-5,0.11111080901126562,-0.11110993891192124
23298,3.90625,-0.11111114889531314,1.5384195987886044e-10,1.2403304393542086e-5,2.0745821966168255e-5,0.11111114889531314,-0.11110993859514343
23299,1.5625,-0.11111142313911053,1.7841530536249395e-10,1.3357219222671086e-5,1.651271449397674e-5,0.11111142313911053,-0.11110993854015766
23300,3.90625,-0.11111148201450284,1.7866499327412012e-10,1.3366562507769907e-5,1.462775590539099e-5,0.11111148201450284,-0.11110993793263474
23301,9.765625,-0.11111104065286644,1.2028571544183867e-10,1.0967484462803614e-5,1.0490621351966525e-5,0.11111104065286644,-0.1111099367007665
23302,24.4140625,-0.11111026724658662,2.2894490450155397e-11,4.784818747889558e-6,9.60591001770905e-6,0.11111026724658662,-0.11110993653021833
23303,9.765625,-0.1111106252884552,5.141280257939884e-12,2.2674391409561327e-6,1.8896917748950105e-5,0.1111106252884552,-0.11110993700836494
23304,3.90625,-0.11111074137662337,2.1770237167456484e-12,1.4754740650874377e-6,2.0331676781952304e-5,0.11111074137662337,-0.11110993744372695
23305,1.5625,-0.11111083018255545,7.340549518983993e-12,2.709344850509804e-6,2.006038152064574e-5,0.11111083018255545,-0.11110993783557867
23306,0.625,-0.1111109121967732,1.9497028928604414e-11,4.4155440127581575e-6,1.9608704648818074e-5,0.1111109121967732,-0.11110993820523571
23307,0.25,-0.11111099221128956,3.836961000033726e-11,6.194320786037583e-6,1.9266427268843243e-5,0.11111099221128956,-0.11110993856547324
23308,0.1,-0.11111107162598723,6.385739111518109e-11,7.991081973999585e-6,1.903955877415934e-5,0.11111107162598723,-0.11110993892167026
23309,0.1,-0.11111114817027873,9.567689803755386e-11,9.781456846377939e-6,1.8889311128903858e-5,0.11111114817027873,-0.1111099392681281
23310,0.1,-0.11111122156163712,1.3357235230017994e-10,1.1557350574425782e-5,1.87275794699769e-5,0.11111122156163712,-0.11110993960390023
23311,0.1,-0.11111129153061222,1.7727087492966392e-10,1.3314310907052754e-5,1.8553967215078283e-5,0.11111129153061222,-0.11110993992806194
23312,0.1,-0.11111135782168129,2.2648328752464193e-10,1.5049361698246272e-5,1.8368195703261906e-5,0.11111135782168129,-0.11110994023971867
23313,0.25,-0.1111114100149248,2.792398173725125e-10,1.6710470291781512e-5,1.8171688911973996e-5,0.1111114100149248,-0.1111099404884543
23314,0.625,-0.11111142501945565,3.303804134671478e-10,1.8176369644875398e-5,1.7729314285478697e-5,0.11111142501945565,-0.11110994056212985
23315,1.5625,-0.11111134642831923,3.6596040408083405e-10,1.9130091585793153e-5,1.6627162559997725e-5,0.11111134642831923,-0.11110994017847853
23316,3.90625,-0.11111105868564977,3.532658895950754e-10,1.879536883370676e-5,1.3878252389742511e-5,0.11111105868564977,-0.11110993880419093
23317,9.765625,-0.11111045520700359,2.4161227105641825e-10,1.554388211022003e-5,8.028141822874979e-6,0.11111045520700359,-0.11110993632380932
23318,24.4140625,-0.11111009066199737,5.0903404078445706e-11,7.1346621558729535e-6,1.108949522466757e-5,0.11111009066199737,-0.11110993593496722
23319,9.765625,-0.11111034699142086,1.137762426879666e-11,3.3730734158622547e-6,2.644153268460033e-5,0.11111034699142086,-0.11110993687919737
23320,3.90625,-0.11111045306888395,2.4398501837176388e-12,1.5620019794218056e-6,2.9167519132739502e-5,0.11111045306888395,-0.11110993779134032
23321,1.5625,-0.1111105382306935,1.1202529570117503e-11,3.3470180116213153e-6,2.9027904882716397e-5,0.1111105382306935,-0.11110993861913653
23322,0.625,-0.1111106176573288,3.5204104193921356e-11,5.933304660467163e-6,2.8491073745498215e-5,0.1111106176573288,-0.1111099394019225
23323,0.25,-0.11111069525644683,7.387090166229298e-11,8.594818303041257e-6,2.8064253375833045e-5,0.11111069525644683,-0.11110994016634751
23324,0.1,-0.11111077225860748,1.2702919990521578e-10,1.1270723131423989e-5,2.7785503185809706e-5,0.11111077225860748,-0.11110994092405457
23325,0.1,-0.11111084801315786,1.9419281238072986e-10,1.393530811933234e-5,2.7608226215024693e-5,0.11111084801315786,-0.11110994166361957
23326,0.1,-0.11111092233825702,2.748887589822455e-10,1.657976956963653e-5,2.740815219492354e-5,0.11111092233825702,-0.11110994238255505
23327,0.1,-0.11111099505700718,3.6859932081938446e-10,1.919894061711178e-5,2.7185318746547675e-5,0.11111099505700718,-0.11110994307845705
23328,0.1,-0.11111106599796232,4.747639553599161e-10,2.178907880934658e-5,2.6939829622760017e-5,0.11111106599796232,-0.11110994374901703
23329,0.25,-0.11111113015580822,5.895449789064306e-10,2.428054733539651e-5,2.6673331302355318e-5,0.11111113015580822,-0.11110994428695631
23330,0.625,-0.11111117587307881,7.026630034838842e-10,2.6507791373177135e-5,2.6035963089959454e-5,0.11111117587307881,-0.111109944450613
23331,1.5625,-0.11111117363093699,7.856956143527005e-10,2.803026247384602e-5,2.439860684376251e-5,0.11111117363093699,-0.11110994362372598
23332,3.90625,-0.11111105852813428,7.690768566217825e-10,2.773223497343448e-5,2.020212346508483e-5,0.11111105852813428,-0.11110994060726596
23333,9.765625,-0.11111074549339364,5.346676998222432e-10,2.3122882601921483e-5,1.0531422325192609e-5,0.11111074549339364,-0.11110993504239611
23334,24.4140625,-0.11111040772903324,1.1216646256722838e-10,1.0590866941248406e-5,1.4897336660671693e-5,0.11111040772903324,-0.11110993409058106
23335,9.765625,-0.11111044910950436,2.422902028664646e-11,4.922298272824033e-6,3.8956715823257864e-5,0.11111044910950436,-0.11110993616161699
23336,3.90625,-0.11111043309830916,3.5021488115241455e-12,1.8714028993041945e-6,4.318126008705946e-5,0.11111043309830916,-0.11110993817094637
23337,1.5625,-0.11111041247625617,2.2187487658356016e-11,4.710359610301109e-6,4.3043498019937146e-5,0.11111041247625617,-0.11110993999429761
23338,0.625,-0.11111039096086635,7.486647639231363e-11,8.65254161459589e-6,4.2282358597508146e-5,0.11111039096086635,-0.11110994171853
23339,0.25,-0.11111036924214364,1.6030541164556552e-10,1.2661177340420026e-5,4.167392553448527e-5,0.11111036924214364,-0.11110994340323699
23340,0.1,-0.11111034749794713,2.7816106854747525e-10,1.6678161425872915e-5,4.128174296206121e-5,0.11111034749794713,-0.11110994507456885
23341,0.1,-0.11111032549644247,4.274144619826231e-10,2.0674004497983043e-5,4.10384927366474e-5,0.11111032549644247,-0.11110994670748864
23342,0.1,-0.11111030320813829,6.070636604508996e-10,2.4638661904634747e-5,4.075916860358008e-5,0.11111030320813829,-0.11110994829622936
23343,0.1,-0.11111028060580136,8.160031591027412e-10,2.856576900947603e-5,4.04440063972566e-5,0.11111028060580136,-0.11110994983522351
23344,0.1,-0.11111025766462441,1.0530284073404299e-9,3.245039918614916e-5,4.0093306652163505e-5,0.11111025766462441,-0.11110995131912506
23345,0.25,-0.11111023330030265,1.3097487869855203e-9,3.619045159963496e-5,3.970938351259424e-5,0.11111023330030265,-0.11110995250916299
23346,0.625,-0.11111020517578109,1.5635910338814356e-9,3.954226895211548e-5,3.8765972168329954e-5,0.11111020517578109,-0.11110995286596874
23347,1.5625,-0.11111016798579378,1.7519139294777954e-9,4.185587090812704e-5,3.631165518888322e-5,0.11111016798579378,-0.11110995101026552
23348,3.90625,-0.11111011367497477,1.7204263758479688e-9,4.147802280543238e-5,2.9960322151916174e-5,0.11111011367497477,-0.11110994423945324
23349,9.765625,-0.11111005550791098,1.20300919694103e-9,3.468442297258281e-5,1.4849045663850027e-5,0.11111005550791098,-0.11110993166234552
23350,24.4140625,-0.11111016613143505,2.5546600262391117e-10,1.5983303870724325e-5,2.102711707089365e-5,0.11111016613143505,-0.1111099293091702
23351,9.765625,-0.11111032976903046,5.54888260354909e-11,7.449082227730534e-6,5.803839941227838e-5,0.11111032976903046,-0.1111099339206491
23352,3.90625,-0.11111043930424708,6.641959061562088e-12,2.577199848976033e-6,6.456274159191244e-5,0.11111043930424708,-0.11110993842560607
23353,1.5625,-0.11111053749295947,4.661661697846638e-11,6.82763626582922e-6,6.4432595517463e-5,0.11111053749295947,-0.1111099425182732
23354,0.625,-0.11111063223800556,1.632033517581897e-10,1.2775106721988264e-5,6.332600009027712e-5,0.11111063223800556,-0.11110994638889236
23355,0.25,-0.11111072589208332,3.536404645094751e-10,1.8805330747143883e-5,6.243253343807673e-5,0.11111072589208332,-0.11110995017092504
23356,0.1,-0.1111108192431453,6.171859250544929e-10,2.484322694527611e-5,6.185725761898592e-5,0.1111108192431453,-0.1111099539234385
23357,0.1,-0.11111091194740781,9.516119904732213e-10,3.0848208869774294e-5,6.150282209323814e-5,0.11111091194740781,-0.11110995759103671
23358,0.1,-0.11111100388168542,1.3547145960772887e-9,3.6806447751410194e-5,6.109353178004336e-5,0.11111100388168542,-0.11110996116060354
23359,0.1,-0.11111109492360387,1.8240533111104645e-9,4.2708937133935616e-5,6.0629767463222725e-5,0.11111109492360387,-0.11110996461946951
23360,0.1,-0.11111118495187661,2.3569615001408277e-9,4.854854786850815e-5,6.011199791258749e-5,0.11111118495187661,-0.11110996795546141
23361,0.25,-0.11111127084792885,2.9347467026998313e-9,5.417330249024727e-5,5.9543520575833135e-5,0.11111127084792885,-0.11110997063303542
23362,0.625,-0.11111134515387565,3.5070072769159644e-9,5.9219990517695666e-5,5.813389676423402e-5,0.11111134515387565,-0.11110997144025772
23363,1.5625,-0.11111138830273092,3.933676864090663e-9,6.271903111568819e-5,5.445069375977368e-5,0.11111138830273092,-0.11110996727375176
23364,3.90625,-0.11111135323278681,3.86909721133333e-9,6.220206758085562e-5,4.4886040919360155e-5,0.11111135323278681,-0.11110995203273683
23365,9.765625,-0.11111115150094253,2.714239925593973e-9,5.209836778243607e-5,2.1846546679433798e-5,0.11111115150094253,-0.11110992360303809
23366,24.4140625,-0.11111073751058274,5.825774680761354e-10,2.4136641607235573e-5,3.063912302806351e-5,0.11111073751058274,-0.11110991796332513
23367,9.765625,-0.11111058627688165,1.2774522386475006e-10,1.1302443269698373e-5,8.686654212517542e-5,0.11111058627688165,-0.11110992830118187
23368,3.90625,-0.11111044807547975,1.4168177381130801e-11,3.764063944878036e-6,9.683458924805312e-5,0.11111044807547975,-0.11110993845126836
23369,1.5625,-0.11111031870716358,1.0118078658334459e-10,1.0058866068466395e-5,9.670778045963955e-5,0.11111031870716358,-0.11110994768139201
23370,0.625,-0.11111019264631843,3.6114292580462387e-10,1.9003760833177833e-5,9.5074695088312e-5,0.11111019264631843,-0.11110995641158357
23371,0.25,-0.11111006791295948,7.877960805894402e-10,2.806770529611283e-5,9.374579947994243e-5,0.11111006791295948,-0.1111099649414441
23372,0.1,-0.11110994380579865,1.3794677294392675e-9,3.714118643015147e-5,9.288842532933368e-5,0.11110994380579865,-0.11110997340436428
23373,0.1,-0.11110982046182927,2.1311945191520727e-9,4.6164862386365593e-5,9.236011493787256e-5,0.11110982046182927,-0.1111099816767907
23374,0.1,-0.11110969797304236,3.0380484742881273e-9,5.511849484781063e-5,9.174909681394459e-5,0.11110969797304236,-0.1111099897290397
23375,0.1,-0.1111095764303177,4.094568067305607e-9,6.398881204793231e-5,9.105595873488792e-5,0.1111095764303177,-0.11110999753243445
23376,0.1,-0.11110945592341026,5.294781011314607e-9,7.276524590293506e-5,9.028141385735188e-5,0.11110945592341026,-0.1111100050594151
23377,0.25,-0.11110933864169864,6.596835701043061e-9,8.122090679771471e-5,8.943035015726245e-5,0.11110933864169864,-0.11111001110554888
23378,0.625,-0.11110922998498732,7.88777981882674e-9,8.881317367838366e-5,8.73166423435984e-5,0.11110922998498732,-0.11111001294231618
23379,1.5625,-0.11110914477531275,8.853481723361162e-9,9.40929419423219e-5,8.178807906628287e-5,0.11110914477531275,-0.11111000357648539
23380,3.90625,-0.11110912291078887,8.717721177182418e-9,9.336873768656411e-5,6.741130531426684e-5,0.11110912291078887,-0.1111099692280377
23381,9.765625,-0.11110926686959338,6.130462795906733e-9,7.829727195698924e-5,3.2558559241588973e-5,0.11110926686959338,-0.11110990495069509
23382,24.4140625,-0.1111099284593808,8.798514151896785e-11,9.380039526514152e-6,4.429200437917271e-5,0.1111099284593808,-0.11110994116871215
23383,9.765625,-0.1111107792781204,9.219638569115441e-11,9.601894901067934e-6,2.549425598527248e-5,0.1111107792781204,-0.11110994061784284
23384,3.90625,-0.11111108950950238,1.0546628242389302e-10,1.0269677814999506e-5,1.7320291142738702e-5,0.11111108950950238,-0.11110994040512231
23385,1.5625,-0.11111133974874497,1.222990178881169e-10,1.1058888637115254e-5,1.3845239180184451e-5,0.11111133974874497,-0.11110994037205366
23386,0.625,-0.11111157451147725,1.4220140357996303e-10,1.1924822999942726e-5,1.2320444970452888e-5,0.11111157451147725,-0.11110994042261012
23387,1.5625,-0.11111171298669094,1.5502312443749693e-10,1.2450828263111531e-5,1.1614160318281185e-5,0.11111171298669094,-0.1111099402802995
23388,3.90625,-0.11111159583400022,1.4365651376614957e-10,1.1985679528760543e-5,9.93190231642165e-6,0.11111159583400022,-0.11110993974442648
23389,9.765625,-0.11111097599819741,8.745546068362025e-11,9.35176243729599e-6,7.1417754498423405e-6,0.11111097599819741,-0.11110993889670247
23390,24.4140625,-0.11111022708473374,1.4997775476826728e-11,3.872696150852366e-6,1.0211811691816133e-5,0.11111022708473374,-0.11110993901383605
23391,9.765625,-0.1111105328236952,2.719679373648348e-12,1.6491450432416028e-6,1.7887432071559226e-5,0.1111105328236952,-0.11110993943682242
23392,3.90625,-0.11111062973133957,2.073530448833174e-12,1.4399758500867902e-6,1.882981670515501e-5,0.11111062973133957,-0.11110993980157634
23393,1.5625,-0.11111070117603007,7.982672459013297e-12,2.8253623588866077e-6,1.8445661665481523e-5,0.11111070117603007,-0.11110994012679987
23394,0.625,-0.11111076617089918,1.9636549539271373e-11,4.431314651350248e-6,1.799234008588972e-5,0.11111076617089918,-0.11110994043439591
23395,0.25,-0.11111082922133937,3.6856648634509174e-11,6.070967685180772e-6,1.767589514643502e-5,0.11111082922133937,-0.11110994073552956
23396,0.1,-0.1111108916667672,5.958497569226533e-11,7.719130501051614e-6,1.7478137683202422e-5,0.1111108916667672,-0.11110994103447211
23397,0.1,-0.11111095190192571,8.758935345140726e-11,9.358918391107343e-6,1.7354348063510668e-5,0.11111095190192571,-0.1111099413256467
23398,0.1,-0.11111100968733906,1.2066358206708754e-10,1.0984697632028272e-5,1.7218294027867548e-5,0.11111100968733906,-0.11110994160818416
23399,0.1,-0.11111106479376963,1.5858557514314304e-10,1.2593076476506566e-5,1.7069855400487258e-5,0.11111106479376963,-0.1111099418812428
23400,0.1,-0.11111111700294345,2.0111816876089667e-10,1.4181613757287872e-5,1.6908984400195356e-5,0.11111111700294345,-0.11110994214401496
23401,0.25,-0.11111115813874911,2.465589140825863e-10,1.570219456262679e-5,1.673689118002672e-5,0.11111115813874911,-0.11110994235211921
23402,0.625,-0.1111111698850191,2.904419919630985e-10,1.704235875585004e-5,1.6333219387012423e-5,0.1111111698850191,-0.11110994240770228
23403,1.5625,-0.1111111072185393,3.206676380024725e-10,1.7907195146154867e-5,1.5311616455023895e-5,0.1111111072185393,-0.1111099420651497
23404,3.90625,-0.11111087705327694,3.086786306242784e-10,1.7569252420757077e-5,1.2755002170214567e-5,0.11111087705327694,-0.11110994086256323
23405,9.765625,-0.1111103905687877,2.0976352956765034e-10,1.4483215442975719e-5,7.3987877156329824e-6,0.1111103905687877,-0.1111099387182495
23406,24.4140625,-0.11111009195856345,4.2932961257673027e-11,6.552324874246776e-6,1.0878384476359685e-5,0.11111009195856345,-0.11110993845912154
23407,9.765625,-0.11111033208830884,9.221877460120236e-12,3.0367544286820815e-6,2.5027865144136943e-5,0.11111033208830884,-0.11110993930423363
23408,3.90625,-0.11111043675834521,2.1085166135546747e-12,1.4520732121882404e-6,2.747084730350934e-5,0.11111043675834521,-0.1111099401099126
23409,1.5625,-0.11111052260953054,1.0504867587468684e-11,3.241121347229795e-6,2.730314647687062e-5,0.11111052260953054,-0.11110994083973198
23410,0.625,-0.11111060324673225,3.230796138531958e-11,5.68400927034075e-6,2.6791765738633026e-5,0.11111060324673225,-0.11110994153032912
23411,0.25,-0.1111106822163352,6.70425200137804e-11,8.187949683149037e-6,2.639438301443739e-5,0.1111106822163352,-0.11110994220549608
23412,0.1,-0.1111107606404697,1.1457444245655442e-10,1.070394518187357e-5,2.6139729441082754e-5,0.1111107606404697,-0.11110994287544117
23413,0.1,-0.1111108379049765,1.744808130804129e-10,1.3209118558042126e-5,2.598139052461821e-5,0.1111108379049765,-0.11110994352975481
23414,0.1,-0.11111091384237064,2.463527763540492e-10,1.5695629211791707e-5,2.5801028937749362e-5,0.11111091384237064,-0.11110994416619573
23415,0.1,-0.11111098828968903,3.297406969060128e-10,1.815876363924628e-5,2.55987472090079e-5,0.11111098828968903,-0.11110994478260058
23416,0.1,-0.11111106108894082,4.241559344220887e-10,2.0595046356395724e-5,2.5374699998651276e-5,0.11111106108894082,-0.1111099453768919
23417,0.25,-0.11111112760030273,5.261718378724567e-10,2.29384358200915e-5,2.5130339396784496e-5,0.11111112760030273,-0.111109945853358
23418,0.625,-0.11111117702457027,6.266031523404896e-10,2.5032042512357828e-5,2.4535221416830927e-5,0.11111117702457027,-0.11110994599674956
23419,1.5625,-0.11111118199712942,7.000542013380682e-10,2.6458537399827454e-5,2.2995703315802786e-5,0.11111118199712942,-0.11110994525872639
23420,3.90625,-0.11111108212760559,6.844200978010659e-10,2.616142384888609e-5,1.9043912679546915e-5,0.11111108212760559,-0.11110994257504588
23421,9.765625,-0.11111079623931742,4.745631169867765e-10,2.1784469628310358e-5,9.984700619936885e-6,0.11111079623931742,-0.11110993764176988
23422,24.4140625,-0.11111046908142701,9.881777150479909e-11,9.94071282679462e-6,1.4281848029542303e-5,0.11111046908142701,-0.11110993684081721
23423,9.765625,-0.1111104855729438,2.131683511399155e-11,4.617015823450419e-6,3.6785858576751024e-5,0.1111104855729438,-0.11110993868418147
23424,3.90625,-0.11111045738581844,3.3235335284302123e-12,1.8230560957990877e-6,4.072322862428026e-5,0.11111045738581844,-0.11110994046822188
23425,1.5625,-0.11111042605835283,2.0271504007094438e-11,4.502388700134012e-6,4.0581999054719734e-5,0.11111042605835283,-0.11110994208709526
23426,0.625,-0.11111039425446348,6.739258197819336e-11,8.209298507070708e-6,3.986457732052431e-5,0.11111039425446348,-0.11110994361863032
23427,0.25,-0.1111103623799312,1.4361543283340982e-10,1.1983965655550328e-5,3.929502134070387e-5,0.1111103623799312,-0.11110994511575954
23428,0.1,-0.1111103305208407,2.486529925935632e-10,1.576873465416814e-5,3.8930578711739305e-5,0.1111103305208407,-0.1111099466016185
23429,0.1,-0.11111029849310709,3.8160744848568056e-10,1.953477536307189e-5,3.87068275150586e-5,0.11111029849310709,-0.11110994805375117
23430,0.1,-0.11111026628083132,5.415982698905097e-10,2.3272263961430777e-5,3.844881514272817e-5,0.11111026628083132,-0.11110994946700148
23431,0.1,-0.11111023386995804,7.276516451153403e-10,2.6975018908526093e-5,3.815677988320722e-5,0.11111023386995804,-0.11110995083639061
23432,0.1,-0.11111020124841471,9.387045294035438e-10,3.0638285353517156e-5,3.783101858503126e-5,0.11111020124841471,-0.11110995215713637
23433,0.25,-0.11111016770425651,1.167264619223169e-9,3.4165254561076654e-5,3.747360268956403e-5,0.11111016770425651,-0.11110995321644888
23434,0.625,-0.1111101317647001,1.3931629337439636e-9,3.732509790668959e-5,3.658764333401755e-5,0.1111101317647001,-0.11110995353386333
23435,1.5625,-0.11111009029582984,1.5604326800087864e-9,3.9502312337492176e-5,3.4275119255967426e-5,0.11111009029582984,-0.11110995188136784
23436,3.90625,-0.11111003992452231,1.531333089879868e-9,3.9132251275384964e-5,2.8287259511878e-5,0.11111003992452231,-0.11110994585653887
23437,9.765625,-0.1111099996640098,1.0689823077342734e-9,3.269529488679179e-5,1.4092746563895578e-5,0.1111099996640098,-0.11110993468756217
23438,24.4140625,-0.11111012982226978,2.2611964418751447e-10,1.5037275158336183e-5,2.0043680343816048e-5,0.11111012982226978,-0.11110993264818517
23439,9.765625,-0.11111029414319472,4.927224829967846e-11,7.019419370551845e-6,5.47403683168934e-5,0.11111029414319472,-0.11110993674396634
23440,3.90625,-0.11111040682137276,6.429758862653398e-12,2.5356969185321414e-6,6.084965685986491e-5,0.11111040682137276,-0.11110994074074622
23441,1.5625,-0.1111105084643395,4.238011945840613e-11,6.5100014945010675e-6,6.071693568081494e-5,0.1111105084643395,-0.11110994437206524
23442,0.625,-0.11111060670873656,1.463370474764722e-10,1.2096985057297219e-5,5.967407476742218e-5,0.11111060670873656,-0.11110994780739064
23443,0.25,-0.11111070386166061,3.1588047938758734e-10,1.7773026736816307e-5,5.8835635074512735e-5,0.11111070386166061,-0.11110995116509816
23444,0.1,-0.1111108007008158,5.503757040832502e-10,2.3460087469641928e-5,5.829829068247046e-5,0.1111108007008158,-0.11110995449746769
23445,0.1,-0.1111108969210986,8.4785346532985e-10,2.9117923437804592e-5,5.796941311175117e-5,0.1111108969210986,-0.11110995775498886
23446,0.1,-0.11111099240314931,1.2063691714987264e-9,3.473282556168914e-5,5.758861302553559e-5,0.11111099240314931,-0.11110996092597179
23447,0.1,-0.11111108702837458,1.623766633248156e-9,4.0295987805836896e-5,5.71562576729696e-5,0.11111108702837458,-0.11110996399912206
23448,0.1,-0.1111111806792003,2.0976871066412937e-9,4.580051426175577e-5,5.6672796024333006e-5,0.1111111806792003,-0.11110996696358602
23449,0.25,-0.11111127038722741,2.6114707979053336e-9,5.11025517748902e-5,5.614122158242364e-5,0.11111127038722741,-0.11110996934282454
23450,0.625,-0.1111113490263399,3.1201807731342107e-9,5.585857833076501e-5,5.481564400584187e-5,0.1111113490263399,-0.11110997005876384
23451,1.5625,-0.11111139784597611,3.4989463722156462e-9,5.915189238068083e-5,5.134460752750706e-5,0.11111139784597611,-0.11110996635182085
23452,3.90625,-0.11111137147971342,3.439798302222105e-9,5.8649793709970585e-5,4.232733230915056e-5,0.11111137147971342,-0.11110995280320246
23453,9.765625,-0.11111118302609138,2.410166428302614e-9,4.9093445879288344e-5,2.0653311239518282e-5,0.11111118302609138,-0.11110992756789048
23454,24.4140625,-0.11111077690530419,5.159234959362162e-10,2.2713949368971838e-5,2.909058222623517e-5,0.11111077690530419,-0.11110992264001256
23455,9.765625,-0.11111061934071458,1.1343555635585322e-10,1.0650612956813952e-5,8.187590769204887e-5,0.11111061934071458,-0.11110993181360473
23456,3.90625,-0.1111104780369108,1.3482533164834791e-11,3.671856909635068e-6,9.122575230561023e-5,0.1111104780369108,-0.11110994081395427
23457,1.5625,-0.11111034584175389,9.141822207230973e-11,9.561287678566612e-6,9.109568980687023e-5,0.11111034584175389,-0.11110994899908956
23458,0.625,-0.11111021701753154,3.228039458338051e-10,1.7966745554880135e-5,8.955721208450501e-5,0.11111021701753154,-0.111109956742523
23459,0.25,-0.11111008952519177,7.02139082366656e-10,2.6497907131821866e-5,8.830916971388606e-5,0.11111008952519177,-0.11110996430989079
23460,0.1,-0.11110996264279871,1.2279800824053737e-9,3.50425467454261e-5,8.750673927042e-5,0.11110996264279871,-0.11110997181929648
23461,0.1,-0.11110983649699824,1.8959378743901703e-9,4.35423687273691e-5,8.701475373991521e-5,0.11110983649699824,-0.111109979160581
23462,0.1,-0.11110971118251049,2.7016609472928474e-9,5.1977504242632194e-5,8.644462334242932e-5,0.11110971118251049,-0.11110998630733601
23463,0.1,-0.11110958679300742,3.640321484776907e-9,6.0335076736314064e-5,8.579690281934643e-5,0.11110958679300742,-0.11110999323404276
23464,0.1,-0.11110946342108945,4.706635587857776e-9,6.860492393303687e-5,8.507226486196735e-5,0.11110946342108945,-0.11110999991617257
23465,0.25,-0.11110934328036114,5.86336002873032e-9,7.657258013630153e-5,8.427517361575104e-5,0.11110934328036114,-0.11111000528322537
23466,0.625,-0.11110923184083714,7.009950474827575e-9,8.372544699688127e-5,8.228694123552006e-5,0.11110923184083714,-0.11111000691061457
23467,1.5625,-0.11110914409605747,7.866797255065953e-9,8.869496747316587e-5,7.707793419308469e-5,0.11110914409605747,-0.1111099985857899
23468,3.90625,-0.11110912017952435,7.743310340593802e-9,8.799608139339958e-5,6.352747166924487e-5,0.11110912017952435,-0.11110996807739525
23469,9.765625,-0.11110926173698259,5.440369901680857e-9,7.37588632076231e-5,3.0724208462763686e-5,0.11110926173698259,-0.11110991104987966
23470,24.4140625,-0.11110990583821924,7.909657818028054e-11,8.893625704979975e-6,4.1993317247637587e-5,0.11110990583821924,-0.11110994325421245
23471,9.765625,-0.11111075294719311,8.260633636373904e-11,9.088802801455154e-6,2.4283373189190753e-5,0.11111075294719311,-0.11110994276954371
23472,3.90625,-0.1111110666713829,9.458857611803765e-11,9.725665844457008e-6,1.6627158297866455e-5,0.1111110666713829,-0.11110994258641231
23473,1.5625,-0.11111131986173778,1.0987461544822962e-10,1.0482109303390688e-5,1.3369357086996925e-5,0.11111131986173778,-0.11110994256311303
23474,0.625,-0.1111115573837354,1.2801679429264726e-10,1.1314450684529376e-5,1.1937335986438677e-5,0.1111115573837354,-0.11110994261439516
23475,1.5625,-0.11111169944021966,1.3981828820886552e-10,1.1824478348276744e-5,1.1272640677289786e-5,0.11111169944021966,-0.11110994249110846
23476,3.90625,-0.11111158737164506,1.2965945452447418e-10,1.1386810551004798e-5,9.690247289191595e-6,0.11111158737164506,-0.11110994201128122
23477,9.765625,-0.1111109731716807,7.867404230282236e-11,8.869838910759449e-6,7.071473512668916e-6,0.1111109731716807,-0.11110994125086521
23478,24.4140625,-0.11111022037322472,1.3355401101829986e-11,3.654504221071579e-6,9.858469051834312e-6,0.11111022037322472,-0.11110994136248004
23479,9.765625,-0.11111053126751498,2.454064685471491e-12,1.566545462305991e-6,1.699705327274182e-5,0.11111053126751498,-0.11110994174284791
23480,3.90625,-0.1111106323942265,1.9887097848712287e-12,1.4102162191916632e-6,1.7859675208772713e-5,0.1111106323942265,-0.11110994206997837
23481,1.5625,-0.11111070782632186,7.371997589223099e-12,2.7151422778968876e-6,1.7486563381364426e-5,0.11111070782632186,-0.11110994236176598
23482,0.625,-0.11111077672062043,1.7883586130309665e-11,4.228898926471247e-6,1.705541413396107e-5,0.11111077672062043,-0.11110994263793715
23483,0.25,-0.1111108436388411,3.336664723344043e-11,5.776387039788836e-6,1.6756245055086063e-5,0.1111108436388411,-0.11110994290844842
23484,0.1,-0.11111090994051225,5.37709557203518e-11,7.332868178301844e-6,1.6570091146623583e-5,0.11111090994051225,-0.11110994317708252
23485,0.1,-0.11111097401115526,7.888726065838334e-11,8.881850069573532e-6,1.6454074077174518e-5,0.11111097401115526,-0.11110994343878915
23486,0.1,-0.11111103560813272,1.0853044677586563e-10,1.0417794717494947e-5,1.6326466040658128e-5,0.11111103560813272,-0.11110994369279065
23487,0.1,-0.11111109449905626,1.425010541726925e-10,1.1937380540666889e-5,1.6187161583567486e-5,0.11111109449905626,-0.11110994393833384
23488,0.1,-0.1111111504625167,1.8058601979975053e-10,1.3438229786685094e-5,1.6036123923501073e-5,0.1111111504625167,-0.11110994417469618
23489,0.25,-0.11111119524057346,2.2124629703610714e-10,1.4874350306353119e-5,1.5874487616483752e-5,0.11111119524057346,-0.11110994436206939
23490,0.625,-0.11111121031945355,2.6044702391633637e-10,1.6138371166766996e-5,1.5494303375276433e-5,0.11111121031945355,-0.1111099444127972
23491,1.5625,-0.11111115014089175,2.872695835027122e-10,1.6949028984066083e-5,1.4531857589747636e-5,0.11111115014089175,-0.11110994410719656
23492,3.90625,-0.11111092021079402,2.760266055424116e-10,1.661404843927005e-5,1.2129460095834163e-5,0.11111092021079402,-0.11110994303391684
23493,9.765625,-0.11111042825269668,1.868892383913745e-10,1.3670743885808647e-5,7.167046614881995e-6,0.11111042825269668,-0.11110994112822146
23494,24.4140625,-0.11111011191052192,3.797650704729002e-11,6.162508178273683e-6,1.049688947436859e-5,0.11111011191052192,-0.11110994091597995
23495,9.765625,-0.11111034338474868,8.16015017110662e-12,2.856597656497432e-6,2.3688711090628303e-5,0.11111034338474868,-0.11110994167134709
23496,3.90625,-0.11111044186046586,2.0044221499677413e-12,1.4157761652068244e-6,2.5958747183245025e-5,0.11111044186046586,-0.11110994238948202
23497,1.5625,-0.11111052191693957,9.633679831297417e-12,3.1038169777384453e-6,2.5788454125717216e-5,0.11111052191693957,-0.1111099430398863
23498,0.625,-0.1111105968900279,2.918439794925661e-11,5.40225859703667e-6,2.5302041042533954e-5,0.1111105968900279,-0.11110994365548725
23499,0.25,-0.11111067023923034,6.02372600151678e-11,7.761266650178165e-6,2.49260904120001e-5,0.11111067023923034,-0.1111099442574698
23500,0.1,-0.11111074305673278,1.0267469854751005e-10,1.0132852438850082e-5,2.468581519265346e-5,0.11111074305673278,-0.1111099448548861
23501,0.1,-0.11111081474309786,1.5611814727791412e-10,1.2494724777997878e-5,2.4536752838492074e-5,0.11111081474309786,-0.11110994543838595
23502,0.1,-0.11111088513555446,2.202027525127321e-10,1.4839230185987819e-5,2.436694821897406e-5,0.11111088513555446,-0.11110994600597647
23503,0.1,-0.11111095407579911,2.945272568855807e-10,1.7161796435268095e-5,2.417649911034639e-5,0.11111095407579911,-0.11110994655573299
23504,0.1,-0.1111110214104422,3.7865558932327523e-10,1.9459074729371774e-5,2.3965553230306206e-5,0.1111110214104422,-0.11110994708580899
23505,0.25,-0.11111108262337135,4.695191572518352e-10,2.1668390739781192e-5,2.3735471594043766e-5,0.11111108262337135,-0.11110994751082479
23506,0.625,-0.11111112720950937,5.588961774310797e-10,2.364098511972544e-5,2.3174592739677865e-5,0.11111112720950937,-0.11110994763892054
23507,1.5625,-0.11111112857593021,6.240679602983102e-10,2.4981352251195494e-5,2.172365377591264e-5,0.11111112857593021,-0.1111099469817197
23508,3.90625,-0.111111028209182,6.095474486385937e-10,2.4689014736084423e-5,1.8003678231090546e-5,0.111111028209182,-0.11110994459338064
23509,9.765625,-0.11111074870742117,4.2175767919264293e-10,2.0536739741074848e-5,9.536634748163844e-6,0.11111074870742117,-0.11110994021406001
23510,24.4140625,-0.11111043923976907,8.734231402400316e-11,9.345710996173762e-6,1.3670020754102694e-5,0.11111043923976907,-0.1111099395302244
23511,9.765625,-0.11111046629017166,1.8848324906749584e-11,4.341465755565692e-6,3.472721394409611e-5,0.11111046629017166,-0.11110994117073236
23512,3.90625,-0.11111044685849801,3.148928807828724e-12,1.7745221350630496e-6,3.8401144165733314e-5,0.11111044685849801,-0.11110994275514874
23513,1.5625,-0.11111042369654717,1.844901720359741e-11,4.295231914995675e-6,3.825488832093794e-5,0.11111042369654717,-0.11110994419255056
23514,0.625,-0.11111039985012085,6.05286629674498e-11,7.780016900203354e-6,3.7574215827188115e-5,0.11111039985012085,-0.1111099455525612
23515,0.25,-0.11111037585664114,1.2844281706400363e-10,1.1333261536910001e-5,3.703610438572849e-5,0.11111037585664114,-0.1111099468822056
23516,0.1,-0.1111103518486475,2.2193975677994392e-10,1.489764265848607e-5,3.669249024259334e-5,0.1111103518486475,-0.11110994820197635
23517,0.1,-0.11111032763790336,3.4021904535574606e-10,1.8445027659392274e-5,3.648190483881651e-5,0.11111032763790336,-0.1111099494917943
23518,0.1,-0.11111030320252435,4.824975460037389e-10,2.196582677714952e-5,3.623903430394875e-5,0.11111030320252435,-0.11110995074708126
23519,0.1,-0.11111027852251842,6.479090740926105e-10,2.5454058106569382e-5,3.596410424963718e-5,0.11111027852251842,-0.11110995196341683
23520,0.1,-0.11111025357992799,8.35508006309055e-10,2.8905155358673563e-5,3.565739602277862e-5,0.11111025357992799,-0.11110995313655528
23521,0.25,-0.1111102275328373,1.0386111103078921e-9,3.22274899784003e-5,3.53208482725477e-5,0.1111102275328373,-0.11110995407720163
23522,0.625,-0.11111019858452821,1.2392327945873062e-9,3.520273845295712e-5,3.448593061431775e-5,0.11111019858452821,-0.11110995435818151
23523,1.5625,-0.11111016271639174,1.3874838116547281e-9,3.7248943765625464e-5,3.2306404241193896e-5,0.11111016271639174,-0.11110995288828095
23524,3.90625,-0.11111011422662669,1.3606835440873078e-9,3.6887444260714345e-5,2.666629802649165e-5,0.11111011422662669,-0.11110994753590996
23525,9.765625,-0.11111006648964311,9.48382105490264e-10,3.0795813116238124e-5,1.3348242962254968e-5,0.11111006648964311,-0.11110993763317104
23526,24.4140625,-0.1111101692477628,1.9972895514938395e-10,1.4132549492196514e-5,1.9074646293875785e-5,0.1111101692477628,-0.11110993587084084
23527,9.765625,-0.11111031845465899,4.3493267755429857e-11,6.594942589244417e-6,5.159803929793175e-5,0.11111031845465899,-0.11110993950716694
23528,3.90625,-0.11111041906273263,5.990527793767909e-12,2.4475554730726553e-6,5.731045715296347e-5,0.11111041906273263,-0.11110994304947774
23529,1.5625,-0.11111050949548623,3.8305873503723554e-11,6.18917389509485e-6,5.717013981619564e-5,0.11111050949548623,-0.11110994626700613
23530,0.625,-0.1111105968137052,1.3090005894054582e-10,1.1441156363783594e-5,5.618246020639499e-5,0.1111105968137052,-0.11110994931098815
23531,0.25,-0.11111068313296067,2.8163849475456475e-10,1.6782088509913323e-5,5.53910914755676e-5,0.11111068313296067,-0.11110995228645751
23532,0.1,-0.11111076916385855,4.899643108521705e-10,2.21351374708216e-5,5.488476467815343e-5,0.11111076916385855,-0.111109955239693
23533,0.1,-0.1111108546147234,7.541262980685368e-10,2.7461360091381795e-5,5.4575339318441636e-5,0.1111108546147234,-0.11110995812655967
23534,0.1,-0.11111093937598256,1.0723984104817737e-9,3.2747494720692353e-5,5.421699849389736e-5,0.11111093937598256,-0.11110996093669182
23535,0.1,-0.111111023338842,1.4428665691351755e-9,3.7985083508334894e-5,5.381008834655685e-5,0.111111023338842,-0.1111099636600749
23536,0.1,-0.11111110639552414,1.8634367036863868e-9,4.3167542247461656e-5,5.335503251454058e-5,0.11111110639552414,-0.1111099662870853
23537,0.25,-0.11111118579588913,2.3192844640461956e-9,4.815894998903315e-5,5.2854630529461514e-5,0.11111118579588913,-0.11110996839457195
23538,0.625,-0.11111125495192581,2.770432252672241e-9,5.263489576955806e-5,5.160584385845808e-5,0.11111125495192581,-0.11110996902565037
23539,1.5625,-0.11111129656353143,3.10582147980632e-9,5.5729897539887154e-5,4.833534593833047e-5,0.11111129656353143,-0.11110996573196882
23540,3.90625,-0.11111126895626526,3.0517197733205705e-9,5.5242372987776065e-5,3.984164162675918e-5,0.11111126895626526,-0.11110995371142958
23541,9.765625,-0.11111109339293006,2.1356656422496396e-9,4.621326262286228e-5,1.9469878037594508e-5,0.11111109339293006,-0.1111099313585474
23542,24.4140625,-0.11111072596576764,4.5553805743621087e-10,2.1343337542104583e-5,2.757883308889948e-5,0.11111072596576764,-0.11110992707425145
23543,9.765625,-0.11111058795802917,1.0004016563472705e-10,1.0002008080117064e-5,7.710615919939962e-5,0.11111058795802917,-0.11110993520703864
23544,3.90625,-0.11111046294689646,1.2371353232142923e-11,3.5172934526625616e-6,8.585975895764232e-5,0.11111046294689646,-0.11110994317474722
23545,1.5625,-0.11111034590639668,8.219512672004315e-11,9.06615280700933e-6,8.57192257316095e-5,0.11111034590639668,-0.1111099504188414
23546,0.625,-0.11111023183123078,2.8790898820213766e-10,1.6967881075789566e-5,8.426439522257939e-5,0.11111023183123078,-0.11110995727204387
23547,0.25,-0.11111011892980942,6.246615953494132e-10,2.4993230990598498e-5,8.308749588230638e-5,0.11111011892980942,-0.11110996396983268
23548,0.1,-0.1111100065666595,1.0911858179554343e-9,3.3033101851861174e-5,8.233186719178025e-5,0.1111100065666595,-0.111109970616707
23549,0.1,-0.11110989485755189,1.683585718521374e-9,4.103152103592279e-5,8.186918050282197e-5,0.11110989485755189,-0.11110997711467475
23550,0.1,-0.11110978388652194,2.3980042754836404e-9,4.896942184142713e-5,8.133289295600792e-5,0.11110978388652194,-0.11110998344033968
23551,0.1,-0.11110967373675584,3.2301617080927944e-9,5.68345115936857e-5,8.072352708333612e-5,0.11110967373675584,-0.11110998957109436
23552,0.1,-0.11110956449056485,4.17537343122267e-9,6.461712954954491e-5,8.004171691410575e-5,0.11110956449056485,-0.11110999548520838
23553,0.25,-0.11110945811591381,5.200555749317971e-9,7.211487883452326e-5,7.929163796300592e-5,0.11110945811591381,-0.11111000023331323
23554,0.625,-0.11110935947647024,6.216407130534082e-9,7.884419528750408e-5,7.741935976576378e-5,0.11110935947647024,-0.11111000166588743
23555,1.5625,-0.11110928191395825,6.974636692926814e-9,8.351429035157285e-5,7.251322268084374e-5,0.11110928191395825,-0.11110999427699737
23556,3.90625,-0.11110926120052077,6.8623089695869335e-9,8.283905461548275e-5,5.97526978014704e-5,0.11110926120052077,-0.11110996723638183
23557,9.765625,-0.11110938825194186,4.8167427587147375e-9,6.940275757284243e-5,2.890060931489359e-5,0.11110938825194186,-0.11110991675809043
23558,24.4140625,-0.11110997650204607,7.043883220979556e-11,8.39278453254911e-6,3.973439582674798e-5,0.11110997650204607,-0.11110994536192918
23559,9.765625,-0.11111072597127165,7.370105899317715e-11,8.584932090190182e-6,2.2960531266072452e-5,0.11111072597127165,-0.11110994492752792
23560,3.90625,-0.11111100138069896,8.428754175852414e-11,9.180824677474467e-6,1.5767523828525478e-5,0.11111100138069896,-0.11110994476685732
23561,1.5625,-0.1111112234890467,9.780477474629666e-11,9.88962965668061e-6,1.2727492588274715e-5,0.1111112234890467,-0.11110994474916601
23562,0.625,-0.11111143183211478,1.1385129909424217e-10,1.0670112421818346e-5,1.1396970538490414e-5,0.11111143183211478,-0.11110994479801059
23563,1.5625,-0.11111155548420865,1.2431087614084226e-10,1.1149478738525952e-5,1.0780459564061871e-5,0.11111155548420865,-0.11110994469180935
23564,3.90625,-0.11111145399557201,1.1541244582956752e-10,1.0743018469199777e-5,9.319006178856738e-6,0.11111145399557201,-0.11110994426829322
23565,9.765625,-0.1111109088170213,7.024329347820082e-11,8.381127220022425e-6,6.915863547909427e-6,0.1111109088170213,-0.11110994359242764
23566,24.4140625,-0.11111024658306554,1.182266495618502e-11,3.438410236749684e-6,9.471203481392786e-6,0.11111024658306554,-0.11110994369676423
23567,9.765625,-0.11111052028052443,2.225973040584881e-12,1.491969517310887e-6,1.6113890287478792e-5,0.11111052028052443,-0.1111099440365562
23568,3.90625,-0.1111106078927915,1.8432830522952545e-12,1.3576756064300687e-6,1.691568548641731e-5,0.1111106078927915,-0.11110994432951588
23569,1.5625,-0.11111067289631955,6.651437185884386e-12,2.5790380349821105e-6,1.6563669469643425e-5,0.11111067289631955,-0.11110994459122522
23570,0.625,-0.11111073216348098,1.601261734235379e-11,4.00157685698448e-6,1.6158906878466376e-5,0.11111073216348098,-0.11110994483915486
23571,0.25,-0.11111078969969675,2.9788214157422853e-11,5.457858019170419e-6,1.5878575941415463e-5,0.11111078969969675,-0.11110994508211357
23572,0.1,-0.11111084669669273,4.7934092258254686e-11,6.923445114843815e-6,1.57044504949852e-5,0.11111084669669273,-0.11110994532344073
23573,0.1,-0.11111090172549776,7.026521798495656e-11,8.38243508683226e-6,1.5596149611440093e-5,0.11111090172549776,-0.111109945558627
23574,0.1,-0.11111095457295152,9.66177586539036e-11,9.82943328243819e-6,1.547696982990582e-5,0.11111095457295152,-0.11110994578697943
23575,0.1,-0.11111100503499367,1.2681510799316821e-10,1.1261221425456842e-5,1.5346816456821142e-5,0.11111100503499367,-0.11110994600782866
23576,0.1,-0.11111105291731188,1.6066853663191393e-10,1.2675509324359079e-5,1.5205659270153536e-5,0.11111105291731188,-0.11110994622053173
23577,0.25,-0.11111109094189879,1.968134179235592e-10,1.4029020561805418e-5,1.5054555975659637e-5,0.11111109094189879,-0.11110994638967917
23578,0.625,-0.11111110280323487,2.3166990493815535e-10,1.52207064533206e-5,1.4698617779038907e-5,0.11111110280323487,-0.11110994643731227
23579,1.5625,-0.11111104841050332,2.5554130466405233e-10,1.5985659344051227e-5,1.37973311288783e-5,0.11111104841050332,-0.11110994616801075
23580,3.90625,-0.11111084479742986,2.4556761001150455e-10,1.567059698963331e-5,1.1550616302745797e-5,0.11111084479742986,-0.11110994521575407
23581,9.765625,-0.11111041216077114,1.6615530553667367e-10,1.289012434139693e-5,6.950836000970327e-6,0.11111041216077114,-0.11110994352432305
23582,24.4140625,-0.11111014159280917,3.3595913852088945e-11,5.796198224016234e-6,1.007479213784126e-5,0.11111014159280917,-0.11110994334625826
23583,9.765625,-0.11111034914004811,7.268099078576916e-12,2.6959412231309712e-6,2.2401532617471514e-5,0.11111034914004811,-0.11110994401965882
23584,3.90625,-0.11111043838522719,1.90271867071988e-12,1.3793906882097908e-6,2.4516676694785178e-5,0.11111043838522719,-0.11110994465916933
23585,1.5625,-0.1111105112228992,8.765524897227031e-12,2.9606629151639387e-6,2.4349512016219337e-5,0.1111105112228992,-0.11110994523856695
23586,0.625,-0.11111057952559046,2.62083848606797e-11,5.119412550349864e-6,2.388974293386935e-5,0.11111057952559046,-0.11110994578718779
23587,0.25,-0.11111064637835873,5.386163705991823e-11,7.3390487844078424e-6,2.3535668181842983e-5,0.11111064637835873,-0.11110994632381778
23588,0.1,-0.11111071275602602,9.162230217493662e-11,9.571953937150796e-6,2.330987137644191e-5,0.11111071275602602,-0.11110994685646203
23589,0.1,-0.11111077812369086,1.3915354023014463e-10,1.1796335881541549e-5,2.317010223036233e-5,0.11111077812369086,-0.11110994737676168
23590,0.1,-0.11111084233592255,1.961313465726054e-10,1.4004690163391884e-5,2.3010816825757547e-5,0.11111084233592255,-0.11110994788294529
23591,0.1,-0.11111090525125113,2.621993153819661e-10,1.6192569758440633e-5,2.283211021077953e-5,0.11111090525125113,-0.11110994837330423
23592,0.1,-0.11111096673256636,3.369700542072142e-10,1.835674410692741e-5,2.2634124722340007e-5,0.11111096673256636,-0.11110994884619742
23593,0.25,-0.11111102274700799,4.1770983228524564e-10,2.0437950784881677e-5,2.2418132456487315e-5,0.11111102274700799,-0.11110994922568143
23594,0.625,-0.11111106391138778,4.970950865060071e-10,2.229562931397109e-5,2.1890900993057024e-5,0.11111106391138778,-0.111109949341182
23595,1.5625,-0.1111110664638522,5.548925708211497e-10,2.355615781109368e-5,2.0526709947801187e-5,0.1111110664638522,-0.11110994875867866
23596,3.90625,-0.11111097806389925,5.417053544726691e-10,2.3274564538840874e-5,1.7032546596523383e-5,0.11111097806389925,-0.11110994663854239
23597,9.765625,-0.11111072906982353,3.7435220445116727e-10,1.934818349228597e-5,9.131844764244096e-6,0.11111072906982353,-0.1111099427554944
23598,24.4140625,-0.11111044988745944,7.724854495331504e-11,8.789115140519837e-6,1.3052670485162453e-5,0.11111044988745944,-0.11110994216589382
23599,9.765625,-0.11111046967457655,1.670716778272163e-11,4.087440248214233e-6,3.276545084979496e-5,0.11111046967457655,-0.1111099436239918
23600,3.90625,-0.1111104489043698,2.9536408972752134e-12,1.7186159830733605e-6,3.620040261686829e-5,0.1111104489043698,-0.11110994503052887
23601,1.5625,-0.11111042508954397,1.667867674454864e-11,4.083953567873738e-6,3.605452957893304e-5,0.11111042508954397,-0.11110994630657688
23602,0.625,-0.11111040075824495,5.4149076297565157e-11,7.358605594646662e-6,3.541113403072456e-5,0.11111040075824495,-0.1111099475141443
23603,0.25,-0.11111037632854913,1.145311789290932e-10,1.0701924076029188e-5,3.49040235940436e-5,0.11111037632854913,-0.11110994869493064
23604,0.1,-0.11111035189735326,1.9760431557367094e-10,1.4057180214170655e-5,3.458077653648458e-5,0.11111035189735326,-0.11110994986707025
23605,0.1,-0.11111032729841212,3.0265716474957505e-10,1.7397044713099264e-5,3.4383032280085566e-5,0.11111032729841212,-0.11110995101266022
23606,0.1,-0.11111030251505023,4.2899490463341203e-10,2.0712192173534214e-5,3.415488282279568e-5,0.11111030251505023,-0.1111099521276385
23607,0.1,-0.11111027753227921,5.758488702327373e-10,2.3996851256628177e-5,3.389654290131615e-5,0.11111027753227921,-0.11110995320808217
23608,0.1,-0.111110252336916,7.423797636063693e-10,2.7246646832341944e-5,3.360827997767089e-5,0.111110252336916,-0.11110995425022402
23609,0.25,-0.11111022623786336,9.226414115477037e-10,3.0375012947284544e-5,3.329190614150802e-5,0.11111022623786336,-0.11110995508592966
23610,0.625,-0.11111019778204588,1.1006339172805216e-9,3.317580318968211e-5,3.2506186140128745e-5,0.11111019778204588,-0.11110995533592107
23611,1.5625,-0.11111016378946477,1.2319856004530057e-9,3.509965242638459e-5,3.0454592859046266e-5,0.11111016378946477,-0.11110995403168582
23612,3.90625,-0.11111012020209288,1.207640538483098e-9,3.4751122837731414e-5,2.5148188332596656e-5,0.11111012020209288,-0.11110994928321562
23613,9.765625,-0.11111008118121572,8.408274674970056e-10,2.899702514909082e-5,1.2664674817132088e-5,0.11111008118121572,-0.11110994050847205
23614,24.4140625,-0.11111018314526762,1.765579623229839e-10,1.3287511517322719e-5,1.8119081835993447e-5,0.11111018314526762,-0.11110993897540802
23615,9.765625,-0.11111032096865173,3.8464780656304494e-11,6.201998118050705e-6,4.861999268491431e-5,0.11111032096865173,-0.11110994220149377
23616,3.90625,-0.1111104147788273,5.532869896889603e-12,2.3522053262607842e-6,5.397011122051114e-5,0.1111104147788273,-0.11110994534069554
23617,1.5625,-0.11111049924915548,3.444361006065374e-11,5.868867868733606e-6,5.3828362490347506e-5,0.11111049924915548,-0.11110994819177804
23618,0.625,-0.11111058084828293,1.167603250229944e-10,1.080556916700802e-5,5.2895465622818806e-5,0.11111058084828293,-0.11110995088930267
23619,0.25,-0.11111066152267386,2.5059951722718463e-10,1.583033534790671e-5,5.214984030196763e-5,0.11111066152267386,-0.1111099535263647
23620,0.1,-0.111110741927336,4.354724162227035e-10,2.0867975853510648e-5,5.167347398918436e-5,0.111110741927336,-0.11110995614391671
23621,0.1,-0.11111082180057634,6.698247919829044e-10,2.5880973551682795e-5,5.1382803750403246e-5,0.11111082180057634,-0.11110995870268991
23622,0.1,-0.1111109010417995,9.521267418685177e-10,3.08565510365063e-5,5.104606405474869e-5,0.1111109010417995,-0.11110996119349514
23623,0.1,-0.11111097955110298,1.2806814023347985e-9,3.5786609260096136e-5,5.066358263060564e-5,0.11111097955110298,-0.11110996360745441
23624,0.1,-0.11111105722949251,1.6536320909703484e-9,4.066487539597716e-5,5.023576035622486e-5,0.11111105722949251,-0.11110996593603595
23625,0.25,-0.11111113156401545,2.0578087107099284e-9,4.536307651284168e-5,4.976521519455123e-5,0.11111113156401545,-0.11110996780383656
23626,0.625,-0.11111119652781895,2.4576985786280876e-9,4.957518107509127e-5,4.858982163084818e-5,0.11111119652781895,-0.11110996836219283
23627,1.5625,-0.11111123627812615,2.754664195391149e-9,5.248489492597989e-5,4.551072343228658e-5,0.11111123627812615,-0.11110996544028567
23628,3.90625,-0.11111121256756942,2.705692311909921e-9,5.2016269684685395e-5,3.7515957548202577e-5,0.11111121256756942,-0.11110995478378444
23629,9.765625,-0.11111105263654046,1.8919008847671426e-9,4.3495986996125776e-5,1.837966192758872e-5,0.11111105263654046,-0.11110993498867458
23630,24.4140625,-0.11111071282806287,4.0256083941476074e-10,2.0063918844900683e-5,2.6108572796074293e-5,0.11111071282806287,-0.11110993124500657
23631,9.765625,-0.11111058236655047,8.838984302792197e-11,9.401587261091712e-6,7.260045094024748e-5,0.11111058236655047,-0.1111099384519038
23632,3.90625,-0.11111046477928772,1.1301887773262837e-11,3.361828040406415e-6,8.080655901717589e-5,0.11111046477928772,-0.11110994550576356
23633,1.5625,-0.11111035474661675,7.363439303687479e-11,8.581048481209903e-6,8.066254235491022e-5,0.11111035474661675,-0.11110995191810438
23634,0.625,-0.11111024751004889,2.562869547499581e-10,1.600896482443378e-5,7.928937753186956e-5,0.11111024751004889,-0.11110995798464499
23635,0.25,-0.11111014137270381,5.549781568155841e-10,2.3557974378447398e-5,7.818080155672758e-5,0.11111014137270381,-0.11110996391398568
23636,0.1,-0.11111003573299157,9.685945196284924e-10,3.112225119795309e-5,7.746986879646877e-5,0.11111003573299157,-0.11110996979857539
23637,0.1,-0.11110993069875347,1.4936817055264725e-9,3.8648178553800854e-5,7.703507785096717e-5,0.11110993069875347,-0.11110997555135767
23638,0.1,-0.11110982634983817,2.1268234471184747e-9,4.6117496106342055e-5,7.653098036921014e-5,0.11110982634983817,-0.11110998115160656
23639,0.1,-0.11110972276534352,2.8642284556575002e-9,5.351848704566956e-5,7.595806983421616e-5,0.11110972276534352,-0.11110998657929493
23640,0.1,-0.11110962002358521,3.701746351041792e-9,6.084197852668659e-5,7.531694483521744e-5,0.11110962002358521,-0.11110999181517289
23641,0.25,-0.11110951998531722,4.610018300703853e-9,6.789711555510921e-5,7.461151371296047e-5,0.11110951998531722,-0.1111099960177485
23642,0.625,-0.11110942725111712,5.509803972476184e-9,7.422805381037674e-5,7.28493575416825e-5,0.11110942725111712,-0.11110999728220167
23643,1.5625,-0.11110935443227159,6.180818252127477e-9,7.861818016290811e-5,6.823074897395918e-5,0.11110935443227159,-0.11110999073054734
23644,3.90625,-0.11110933525700623,6.0794529759552805e-9,7.797084696189519e-5,5.621948259875192e-5,0.11110933525700623,-0.11110996677405516
23645,9.765625,-0.11110945488203167,4.264252742970004e-9,6.530124610579804e-5,2.7212391235417936e-5,0.11110945488203167,-0.11110992209482853
23646,24.4140625,-0.11110988956577214,9.163637691337031e-10,3.02715009395587e-5,3.825793998260391e-5,0.11110988956577214,-0.11110991319203745
23647,9.765625,-0.11111015211062729,2.0216667568283572e-10,1.4218532824551052e-5,0.00010876075323543507,0.11111015211062729,-0.11110992938274915
23648,3.90625,-0.11111036080582566,2.3264497677037745e-11,4.823328485292884e-6,0.00012127635159087079,0.11111036080582566,-0.11110994529901387
23649,1.5625,-0.11111055332466983,1.591912365637399e-10,1.2617100957182672e-5,0.00012113685305181938,0.11111055332466983,-0.11110995977926935
23650,0.625,-0.11111074067386774,5.666783432715124e-10,2.3805006684970967e-5,0.00011910512178770006,0.11111074067386774,-0.1111099734787108
23651,0.25,-0.11111092646271352,1.235992791293818e-9,3.5156689140102744e-5,0.0001174520210443638,0.11111092646271352,-0.11110998686642237
23652,0.1,-0.11111111194937108,2.1645955134091118e-9,4.652521373845704e-5,0.00011638857604429363,0.11111111194937108,-0.11111000015147786
23653,0.1,-0.11111129675193333,3.3447697515680442e-9,5.783398439990145e-5,0.0001157368232239029,0.11111129675193333,-0.11111001313987486
23654,0.1,-0.11111148066956283,4.7688544067331256e-9,6.905689253603238e-5,0.00011498099055563429,0.11111148066956283,-0.11111002578483219
23655,0.1,-0.11111166349985063,6.428343909561021e-9,8.017695373086346e-5,0.00011412180175670797,0.11111166349985063,-0.11111003804113584
23656,0.1,-0.1111118450392468,8.313923824736778e-9,9.11807206855527e-5,0.00011316013781353534,0.1111118450392468,-0.11111004986531416
23657,0.25,-0.11111202067425928,1.0359881828385226e-8,0.00010178350469690669,0.0001121018398851866,0.11111202067425928,-0.11111005936549662
23658,0.625,-0.11111217910517131,1.2388732524048127e-8,0.00011130468329791036,0.00010945915024973001,0.11111217910517131,-0.1111100622548893
23659,1.5625,-0.11111229004203625,1.3906748615733487e-8,0.00011792687825823885,0.00010253145282393492,0.11111229004203625,-0.11111004754567065
23660,3.90625,-0.11111227751744997,1.3694013178757983e-8,0.00011702142187974809,8.4499766424186e-5,0.11111227751744997,-0.11110999358664654
23661,9.765625,-0.11111198130950159,9.630044680462277e-9,9.813279105611069e-5,4.0748212033909694e-5,0.11111198130950159,-0.11110989260333347
23662,24.4140625,-0.11111150912864094,1.4173116062893647e-10,1.1905089694283554e-5,5.551979322181668e-5,0.11111150912864094,-0.11110994927399355
23663,9.765625,-0.11110982699370553,1.4563906954002784e-10,1.2068101322910239e-5,3.300742396775052e-5,0.11110982699370553,-0.1111099485267672
23664,3.90625,-0.11110918937794877,1.6968290106755074e-10,1.3026238945587892e-5,2.2584062903234063e-5,0.11110918937794877,-0.11110994820553473
23665,1.5625,-0.11110867548301727,2.0026421074848986e-10,1.4151473801286207e-5,1.7905844869812697e-5,0.11110867548301727,-0.11110994815367103
23666,0.625,-0.11110819381940047,2.366783473954411e-10,1.538435398043873e-5,1.5779284109923704e-5,0.11110819381940047,-0.1111099482321099
23667,1.5625,-0.11110790249601087,2.6029291175064575e-10,1.6133595747713706e-5,1.4778211874841068e-5,0.11110790249601087,-0.11110994797937368
23668,3.90625,-0.11110812020748409,2.388934780819343e-10,1.5456179284737036e-5,1.2335577292040067e-5,0.11110812020748409,-0.11110994706329372
23669,9.765625,-0.11110935304250064,1.3923151666420247e-10,1.1799640531143416e-5,8.154549359799803e-6,0.11110935304250064,-0.11110994568945062
23670,24.4140625,-0.11111090476609241,2.426491351874789e-11,4.925942906565999e-6,1.2337426820891548e-5,0.11111090476609241,-0.11110994586628876
23671,9.765625,-0.11111025434892484,3.8179449914576136e-12,1.9539562409270106e-6,2.232877928119545e-5,0.11111025434892484,-0.11110994654462313
23672,3.90625,-0.11111002846630669,3.423037478964965e-12,1.8501452588823844e-6,2.3435558640666392e-5,0.11111002846630669,-0.11110994710757685
23673,1.5625,-0.11110985621057047,1.3551404713417174e-11,3.6812232631853742e-6,2.2879237324283695e-5,0.11110985621057047,-0.11110994760447275
23674,0.625,-0.11110969780932631,3.291471412181757e-11,5.737134661293699e-6,2.226988645944875e-5,0.11110969780932631,-0.11110994807302657
23675,0.25,-0.11110954364617678,6.124694995021007e-11,7.826043058290062e-6,2.185332706209547e-5,0.11110954364617678,-0.11110994853158057
23676,0.1,-0.11110939083036159,9.846720205942547e-11,9.923064146695086e-6,2.159680905162025e-5,0.11110939083036159,-0.11110994898698959
23677,0.1,-0.11110924260597917,1.441709442018116e-10,1.2007120562475068e-5,2.143863559525587e-5,0.11110924260597917,-0.11110994942997567
23678,0.1,-0.11110909948080284,1.9800976415821452e-10,1.4071594229447298e-5,2.126415674534245e-5,0.11110909948080284,-0.11110994985912867
23679,0.1,-0.11110896194195864,2.596083830677901e-10,1.6112367394886145e-5,2.1073255781302795e-5,0.11110896194195864,-0.11110995027308984
23680,0.1,-0.1111088304544451,3.285663143895435e-10,1.8126398274051673e-5,2.086590836269568e-5,0.1111088304544451,-0.11110995067055841
23681,0.25,-0.1111087220159147,4.0191229445266255e-10,2.0047750358897192e-5,2.0643670206457316e-5,0.1111087220159147,-0.11110995097928068
23682,0.625,-0.11110867485743672,4.719129738066139e-10,2.1723558037453576e-5,2.0117067940880878e-5,0.11110867485743672,-0.11110995104095964
23683,1.5625,-0.11110878338130643,5.179167460844114e-10,2.2757784296464615e-5,1.8781241944707286e-5,0.11110878338130643,-0.11110995046244
23684,3.90625,-0.1111092451563688,4.928507437028756e-10,2.2200241973971263e-5,1.5448224358088303e-5,0.1111092451563688,-0.11110994852466292
23685,9.765625,-0.11111026463785326,3.2954214959904673e-10,1.8153295832962308e-5,8.51496148525356e-6,0.11111026463785326,-0.11110994516155001
23686,24.4140625,-0.11111099423357293,6.719105015567594e-11,8.197014709982894e-6,1.3422926989677757e-5,0.11111099423357293,-0.11110994478097287
23687,9.765625,-0.11111055960372893,1.3797177912090802e-11,3.7144552645160236e-6,3.114241024847621e-5,0.11111055960372893,-0.11110994610273633
23688,3.90625,-0.11111038443192393,2.8754580051315086e-12,1.695717548747877e-6,3.420252086857855e-5,0.11111038443192393,-0.11110994735364273
23689,1.5625,-0.11111024473203412,1.6375441483467304e-11,4.0466580635713845e-6,3.397550456173559e-5,0.11111024473203412,-0.11110994848306577
23690,0.625,-0.11111011477411797,5.0980931247487924e-11,7.140093224005407e-6,3.3323025711554304e-5,0.11111011477411797,-0.11110994955031615
23691,0.25,-0.11110998795452869,1.0595076436232216e-10,1.0293238769324365e-5,3.281881913315192e-5,0.11110998795452869,-0.11110995059328238
23692,0.1,-0.11110986220002171,1.8107979837515475e-10,1.3456589403528472e-5,3.249694571444811e-5,0.11110986220002171,-0.11110995162814168
23693,0.1,-0.1111097386393054,2.7569700838986327e-10,1.660412624590235e-5,3.22976964694679e-5,0.1111097386393054,-0.11110995263844313
23694,0.1,-0.11110961757627158,3.891560249478178e-10,1.972703791621585e-5,3.207050667913112e-5,0.11110961757627158,-0.11110995362065605
23695,0.1,-0.11110949930555909,5.207455962654481e-10,2.2819850925574604e-5,3.181549387158534e-5,0.11110949930555909,-0.11110995457137204
23696,0.1,-0.11110938411173232,6.696924555791791e-10,2.5878416790429415e-5,3.1532841727168776e-5,0.11110938411173232,-0.11110995548731888
23697,0.25,-0.11110928048179737,8.305348976064941e-10,2.881900237007683e-5,3.1224332805385204e-5,0.11110928048179737,-0.1111099562174434
23698,0.625,-0.11110920811765441,9.886424210989351e-10,3.1442684699289516e-5,3.047024769540534e-5,0.11110920811765441,-0.11110995642230892
23699,1.5625,-0.11110921675537147,1.103634124781163e-9,3.3220989220388414e-5,2.8515993824496935e-5,0.11110921675537147,-0.11110995523844461
23700,3.90625,-0.11110941505652343,1.0771855131768733e-9,3.282050446255928e-5,2.348945242936028e-5,0.11110941505652343,-0.11110995099654496
23701,9.765625,-0.11110994166628363,7.446506581610029e-10,2.728828793019091e-5,1.182878408770737e-5,0.11110994166628363,-0.11110994324519997
23702,24.4140625,-0.11111048481425188,1.5424612450443632e-10,1.2419586325817632e-5,1.757657223059641e-5,0.11111048481425188,-0.1111099420153824
23703,9.765625,-0.11111038911305755,3.290262528823171e-11,5.736081004329673e-6,4.592104180010673e-5,0.11111038911305755,-0.11110994489701598
23704,3.90625,-0.11111039193300748,4.992499436431802e-12,2.23439017103813e-6,5.084276473169165e-5,0.11111039193300748,-0.11110994767867781
23705,1.5625,-0.11111040488345704,3.187569605495197e-11,5.645856538644244e-6,5.065492798432574e-5,0.11111040488345704,-0.11110995019986751
23706,0.625,-0.1111104202141359,1.0609035504042232e-10,1.0300017234957539e-5,4.9750178145120356e-5,0.1111104202141359,-0.11110995258393805
23707,0.25,-0.11111043628104311,2.2596761834990873e-10,1.5032219342130048e-5,4.9034095021909224e-5,0.11111043628104311,-0.11110995491421304
23708,0.1,-0.11111045262110686,3.9106518284606473e-10,1.9775368083706174e-5,4.857694180938155e-5,0.11111045262110686,-0.11110995722703013
23709,0.1,-0.11111046963328085,5.999725765495882e-10,2.4494337642597895e-5,4.829706314573128e-5,0.11111046963328085,-0.11110995948704885
23710,0.1,-0.11111048738318814,8.513091865754072e-10,2.917720320002257e-5,4.797400243616219e-5,0.11111048738318814,-0.11110996168616791
23711,0.1,-0.11111050593184894,1.1435473981925984e-9,3.381637766220088e-5,4.7608055666048176e-5,0.11111050593184894,-0.11110996381656474
23712,0.1,-0.11111052533542758,1.4750189851256738e-9,3.840597590383134e-5,4.71995914997845e-5,0.11111052533542758,-0.11110996587072508
23713,0.25,-0.11111054780954906,1.8339217322646252e-9,4.282431239686897e-5,4.675116856999633e-5,0.11111054780954906,-0.11110996751434749
23714,0.625,-0.11111057825600085,2.1884884996166796e-9,4.678128364652556e-5,4.5637099357084284e-5,0.11111057825600085,-0.11110996799282927
23715,1.5625,-0.11111062830250222,2.4505995216620856e-9,4.9503530395943335e-5,4.272597300415809e-5,0.11111062830250222,-0.1111099653783378
23716,3.90625,-0.11111071909189653,2.4035759853972335e-9,4.9026278518741695e-5,3.517909868449901e-5,0.11111071909189653,-0.11110995590413651
23717,9.765625,-0.11111084954739264,1.6757262105345469e-9,4.0935634971678976e-5,1.7173824279091485e-5,0.11111084954739264,-0.1111099383841716
23718,24.4140625,-0.1111107780161863,3.531540810595539e-10,1.8792394234358587e-5,2.489776446664415e-5,0.1111107780161863,-0.11110993523233761
23719,9.765625,-0.11111055993894532,7.665988777208771e-11,8.755563246992607e-6,6.842848435402361e-5,0.11111055993894532,-0.11110994163938247
23720,3.90625,-0.11111042164534222,1.0052047834760772e-11,3.1704964650289035e-6,7.605595826361168e-5,0.11111042164534222,-0.11110994788261534
23721,1.5625,-0.11111029885396234,6.685759463436438e-11,8.176649352538262e-6,7.587751357728239e-5,0.11111029885396234,-0.1111099535517682
23722,0.625,-0.11111018087510995,2.3021068595387788e-10,1.5172695408327351e-5,7.456602465895915e-5,0.11111018087510995,-0.11110995891388153
23723,0.25,-0.11111006460408902,4.963383091640384e-10,2.2278651421574837e-5,7.351396465078887e-5,0.11111006460408902,-0.11110996415470133
23724,0.1,-0.1111099490157861,8.642587055922504e-10,2.9398277255517036e-5,7.284068856836632e-5,0.1111099490157861,-0.1111099693561413
23725,0.1,-0.11110983454406605,1.3308844345289352e-9,3.6481288827684465e-5,7.242930964093398e-5,0.11110983454406605,-0.1111099744404073
23726,0.1,-0.11110972133475777,1.8931711601615515e-9,4.351058675956406e-5,7.195275635230824e-5,0.11110972133475777,-0.11110997938917014
23727,0.1,-0.11110960953040983,2.547742147511352e-9,5.047516366998082e-5,7.141148087979854e-5,0.11110960953040983,-0.11110998418472184
23728,0.1,-0.11110949927004081,3.290902421394002e-9,5.736638755747134e-5,7.080603759705221e-5,0.11110949927004081,-0.11110998881004264
23729,0.25,-0.11110939442413172,4.09647847655687e-9,6.400373798893991e-5,7.014011347936573e-5,0.11110939442413172,-0.1111099925176552
23730,0.625,-0.11110930416555322,4.893872152006286e-9,6.9956215964032e-5,6.847731485375445e-5,0.11110930416555322,-0.11110999361691463
23731,1.5625,-0.11110925239890278,5.486937980804663e-9,7.4073868407183e-5,6.412062368843796e-5,0.11110925239890278,-0.11110998778146944
23732,3.90625,-0.1111092961366812,5.392168480270758e-9,7.343138620692624e-5,5.279649936043797e-5,0.1111092961366812,-0.11110996652326864
23733,9.765625,-0.11110954111291088,3.774777214011664e-9,6.143921560381173e-5,2.5503884904554302e-5,0.11110954111291088,-0.11110992699052653
23734,24.4140625,-0.11111003771672794,8.061177552598411e-10,2.839221293347599e-5,3.632980452911103e-5,0.11111003771672794,-0.1111099193525829
23735,9.765625,-0.11111021727387173,1.769900931558283e-10,1.3303762368436544e-5,0.00010240147734143535,0.11111021727387173,-0.11110993370596979
23736,3.90625,-0.11111038198264585,2.1325416217201934e-11,4.617945021024171e-6,0.00011407566671467699,0.11111038198264585,-0.1111099477764653
23737,1.5625,-0.11111053677909132,1.4410491258891934e-10,1.2004370561962812e-5,0.0001139015465700868,0.11111053677909132,-0.11110996056930225
23738,0.625,-0.11111068818412578,5.071380233975293e-10,2.2519725206971985e-5,0.00011197231158619493,0.11111068818412578,-0.1111099726712263
23739,0.25,-0.1111108385859013,1.1018539073653548e-9,3.319418484260993e-5,0.00011040999894385317,0.1111108385859013,-0.11110998449839526
23740,0.1,-0.11111098884733399,1.926022317164783e-9,4.388647077590978e-5,0.00010940695925796973,0.11111098884733399,-0.11110999623564959
23741,0.1,-0.11111113875948009,2.97277643302581e-9,5.452317335799348e-5,0.00010879313920822779,0.11111113875948009,-0.1111100077100954
23742,0.1,-0.11111128818011072,4.2353141677156515e-9,6.507929138916351e-5,0.00010808130667948768,0.11111128818011072,-0.11111001888033695
23743,0.1,-0.11111143696433495,5.706084969885348e-9,7.553863230086541e-5,0.00010727215061936355,0.11111143696433495,-0.1111100297063715
23744,0.1,-0.11111158496489677,7.37682153009157e-9,8.588842489003725e-5,0.00010636650812558534,0.11111158496489677,-0.11111004014974309
23745,0.25,-0.1111117290895792,9.189100148914476e-9,9.585979422528757e-5,0.00010536988940781136,0.1111117290895792,-0.11111004853279684
23746,0.625,-0.11111186162984779,1.0985186652965096e-8,0.00010481024116452121,0.00010288016059182768,0.11111186162984779,-0.11111005105634635
23747,1.5625,-0.11111196151762169,1.2326464867185272e-8,0.00011102461378984965,9.635320557143272e-5,0.11111196151762169,-0.11111003798752728
23748,3.90625,-0.11111197375717194,1.212996587799465e-8,0.00011013612430984964,7.936878837992161e-5,0.11111197375717194,-0.11110999017505806
23749,9.765625,-0.11111177009239716,8.517204667415647e-9,9.228870281575989e-5,3.82099317481814e-5,0.11111177009239716,-0.11110990088923227
23750,24.4140625,-0.11111114340258316,1.2388568060948194e-10,1.1130394449860343e-5,5.2578522247434016e-5,0.11111114340258316,-0.1111099513245725
23751,9.765625,-0.11110997660860897,1.2945300082797055e-10,1.1377741464278864e-5,3.0302522296332044e-5,0.11110997660860897,-0.11110995055964458
23752,3.90625,-0.11110954050700414,1.4868464107985742e-10,1.2193631168764186e-5,2.0531257437815647e-5,0.11110954050700414,-0.11110995025717715
23753,1.5625,-0.11110918853818867,1.7306480684548942e-10,1.3155409793901876e-5,1.6307907159263952e-5,0.11110918853818867,-0.11110995020432587
23754,3.90625,-0.11110910471468861,1.7318850649221548e-10,1.3160110428572227e-5,1.4419997319986048e-5,0.11110910471468861,-0.1111099496132657
23755,9.765625,-0.1111096502011969,1.1548890706063322e-10,1.0746576527463675e-5,1.0280469340504007e-5,0.1111096502011969,-0.11110994842678368
23756,24.4140625,-0.1111106421681938,2.2189326664366428e-11,4.7105548149200455e-6,9.42934956438207e-6,0.1111106421681938,-0.11110994826100669
23757,9.765625,-0.11111019359414266,4.98552980376616e-12,2.232829998850374e-6,1.8664264361759635e-5,0.11111019359414266,-0.11110994872931342
23758,3.90625,-0.11111004140039629,2.3734289675501102e-12,1.5405937061893088e-6,2.0004264885409722e-5,0.11111004140039629,-0.11110994914867123
23759,1.5625,-0.11110992352530838,7.607134741897975e-12,2.758103468308971e-6,1.970643389677811e-5,0.11110992352530838,-0.1111099495255138
23760,0.625,-0.11110981429864554,1.9605563966812495e-11,4.42781706564448e-6,1.9250400078656866e-5,0.11110981429864554,-0.11110994988105861
23761,0.25,-0.11110970764744056,3.8109441929777535e-11,6.173284533356416e-6,1.8909520066819926e-5,0.11110970764744056,-0.11110995022768186
23762,0.1,-0.1111096017858156,6.302514721685735e-11,7.938837900905734e-6,1.868512664349877e-5,0.1111096017858156,-0.11110995057053254
23763,0.1,-0.11110949950794179,9.406550539695917e-11,9.698737309410909e-6,1.8537290216159395e-5,0.11110949950794179,-0.11110995090394739
23764,0.1,-0.11110940116958795,1.3097681698427733e-10,1.1444510342704808e-5,1.8378058030256377e-5,0.11110940116958795,-0.1111099512270087
23765,0.1,-0.11110930711041368,1.7348851810406038e-10,1.317150401829876e-5,1.8207056884126628e-5,0.11110930711041368,-0.11110995153882222
23766,0.1,-0.11110921765292936,2.2131407557165624e-10,1.4876628501500474e-5,1.802403081557462e-5,0.11110921765292936,-0.11110995183852353
23767,0.25,-0.11110914578093584,2.724640602593863e-10,1.6506485399968894e-5,1.7830386903747366e-5,0.11110914578093584,-0.11110995207696538
23768,0.625,-0.1111091203250501,3.21753321935923e-10,1.79374837124922e-5,1.7393453765142212e-5,0.1111091203250501,-0.11110995214522672
23769,1.5625,-0.111109211884815,3.5528316428331415e-10,1.8848956583411034e-5,1.6305824052232447e-5,0.111109211884815,-0.11110995177058668
23770,3.90625,-0.11110956606945627,3.410450036234759e-10,1.8467403813841182e-5,1.3607583105443066e-5,0.11110956606945627,-0.11110995044443292
23771,9.765625,-0.11111032361718555,2.316622117605049e-10,1.5220453730441314e-5,7.975529156684764e-6,0.11111032361718555,-0.11110994807444352
23772,24.4140625,-0.1111108214228164,4.888120568023767e-11,6.991509542311851e-6,1.1031989082386214e-5,0.1111108214228164,-0.11110994770966466
23773,9.765625,-0.11111051838953494,1.0864784009477032e-11,3.2961771811413643e-6,2.5906311396488967e-5,0.11111051838953494,-0.11110994861651328
23774,3.90625,-0.1111103959320648,2.3648441534889414e-12,1.5378049790168262e-6,2.8565286301699814e-5,0.1111103959320648,-0.11110994949102757
23775,1.5625,-0.11111029852306321,1.0841326689169007e-11,3.2926169970357937e-6,2.8423568987413573e-5,0.11111029852306321,-0.11110995028442827
23776,0.625,-0.11111020799645689,3.393079658621538e-11,5.825014728411884e-6,2.789582334005926e-5,0.11111020799645689,-0.11110995103467013
23777,0.25,-0.11111011969060142,7.108414391610002e-11,8.431141317526353e-6,2.7477122437889266e-5,0.11111011969060142,-0.11110995176734353
23778,0.1,-0.11111003214005455,1.2213560913935033e-10,1.1051498049556464e-5,2.7203973912153218e-5,0.11111003214005455,-0.11110995249360915
23779,0.1,-0.11110994608762577,1.866168512416924e-10,1.3660777841751633e-5,2.703042161458873e-5,0.11110994608762577,-0.11110995320247458
23780,0.1,-0.11110986174545677,2.6407293433010943e-10,1.6250321053139517e-5,2.6834534223904786e-5,0.11110986174545677,-0.1111099538915541
23781,0.1,-0.11110977931945294,3.540058966078259e-10,1.881504442215925e-5,2.661635071099065e-5,0.11110977931945294,-0.11110995455854306
23782,0.1,-0.1111096990087046,4.5587661027405866e-10,2.1351267181927603e-5,2.6375975075826533e-5,0.1111096990087046,-0.1111099552012283
23783,0.25,-0.11110962664205207,5.659869770535575e-10,2.379048080753219e-5,2.6115016432337766e-5,0.11110962664205207,-0.11110995571663047
23784,0.625,-0.1111095757936575,6.74435511582246e-10,2.5969896256670837e-5,2.5490622528095535e-5,0.1111095757936575,-0.11110995587286891
23785,1.5625,-0.11110958080754199,7.538651635064523e-10,2.7456605097980564e-5,2.388663451399536e-5,0.11110958080754199,-0.111109955078967
23786,3.90625,-0.11110971702279553,7.374329275779643e-10,2.715571629653625e-5,1.9778061355090523e-5,0.11110971702279553,-0.11110995218681162
23787,9.765625,-0.11111008204966999,5.120926476555096e-10,2.262946414866047e-5,1.0335850046580926e-5,0.11111008204966999,-0.11110994685930772
23788,24.4140625,-0.11111046654837375,1.072245008954674e-10,1.035492640705222e-5,1.4651008778027614e-5,0.11111046654837375,-0.11110994595977454
23789,9.765625,-0.11111040475572218,2.3118738898047394e-11,4.808194972965156e-6,3.813980409187699e-5,0.11111040475572218,-0.11110994794475709
23790,3.90625,-0.11111041257719288,3.395904552251929e-12,1.8427980226416374e-6,4.226058050179872e-5,0.11111041257719288,-0.11110994986868301
23791,1.5625,-0.11111042680469349,2.1408573411470576e-11,4.6269399619479155e-6,4.212031955681932e-5,0.11111042680469349,-0.11110995161420327
23792,0.625,-0.11111044247416388,7.197228359078429e-11,8.483648011957138e-6,4.137336273125205e-5,0.11111044247416388,-0.11110995326482408
23793,0.25,-0.11111045858123302,1.539081655222099e-10,1.2405972977651124e-5,4.077722642298036e-5,0.11111045858123302,-0.1111099548776598
23794,0.1,-0.11111047485182657,2.668889013837687e-10,1.6336734722207147e-5,4.039327746885073e-5,0.11111047485182657,-0.11110995647774312
23795,0.1,-0.11111049156188353,4.099370061534189e-10,2.0246901149396144e-5,4.015530082465365e-5,0.11111049156188353,-0.11110995804103821
23796,0.1,-0.1111105087506049,5.820921419755253e-10,2.4126585791933457e-5,3.9882006804664635e-5,0.1111105087506049,-0.11110995956202112
23797,0.1,-0.11111052645391774,7.822946611219256e-10,2.796953094211495e-5,3.95736265465387e-5,0.11111052645391774,-0.1111099610353597
23798,0.1,-0.11111054470430252,1.0093899546372543e-9,3.177089791990863e-5,3.923045479589165e-5,0.11111054470430252,-0.11110996245593371
23799,0.25,-0.11111056491341254,1.255327508283242e-9,3.5430601297229515e-5,3.885475425158046e-5,0.11111056491341254,-0.11110996359491174
23800,0.625,-0.11111059015811205,1.4984519835591268e-9,3.870984349695988e-5,3.7931248457142074e-5,0.11111059015811205,-0.11110996393548543
23801,1.5625,-0.11111062758528681,1.6786794145553997e-9,4.09716904039289e-5,3.552856858255222e-5,0.11111062758528681,-0.1111099621563546
23802,3.90625,-0.11111068927245589,1.6480689543374276e-9,4.0596415535579337e-5,2.9311775841767266e-5,0.11111068927245589,-0.11110995567004321
23803,9.765625,-0.11111076754521783,1.151705469459961e-9,3.393678637496427e-5,1.453463344961938e-5,0.11111076754521783,-0.11110994363135576
23804,24.4140625,-0.11111068177806387,2.4407185151732246e-10,1.5622799093546664e-5,2.0638279679453873e-5,0.11111068177806387,-0.11110994140196637
23805,9.765625,-0.111110517085524,5.2930856071967746e-11,7.275359514963349e-6,5.6800234499688905e-5,0.111110517085524,-0.11110994581870524
23806,3.90625,-0.11111040938992127,6.429312614686343e-12,2.535608923845778e-6,6.316588777865976e-5,0.11111040938992127,-0.11110995012965183
23807,1.5625,-0.11111031337741796,4.4930137752569524e-11,6.702994685405138e-6,6.303117105904383e-5,0.11111031337741796,-0.11110995404531715
23808,0.625,-0.11111022101367574,1.5675621753146048e-10,1.2520232327375578e-5,6.194552440390808e-5,0.11111022101367574,-0.11110995774845896
23809,0.25,-0.11111012994171793,3.392684806370037e-10,1.8419242129821836e-5,6.107026184654238e-5,0.11111012994171793,-0.11110996136692364
23810,0.1,-0.11111003938036838,5.917587042228791e-10,2.4326091018140975e-5,6.050709437507169e-5,0.11111003938036838,-0.11110996495723265
23811,0.1,-0.11110994965974146,9.12091195447285e-10,3.020084759484881e-5,6.016032181918277e-5,0.11110994965974146,-0.1111099684662465
23812,0.1,-0.11110986089192432,1.298154596422164e-9,3.602991252309897e-5,5.975987330446456e-5,0.11110986089192432,-0.11110997188141139
23813,0.1,-0.11110977318671471,1.747611258292857e-9,4.1804440652792584e-5,5.930612144376989e-5,0.11110977318671471,-0.11110997519060223
23814,0.1,-0.11110968665145761,2.2579069705033134e-9,4.75174385936712e-5,5.879952497926568e-5,0.11110968665145761,-0.11110997838216816
23815,0.25,-0.11110960424654942,2.8111226905831213e-9,5.302002160111896e-5,5.82433020454714e-5,0.11110960424654942,-0.11110998094316285
23816,0.625,-0.11110953300301205,3.358946971168676e-9,5.795642303635272e-5,5.6863681344151354e-5,0.11110953300301205,-0.11110998171299795
23817,1.5625,-0.11110949130710655,3.767137621258714e-9,6.137701215649645e-5,5.3258620937388696e-5,0.11110949130710655,-0.1111099777202888
23818,3.90625,-0.11110952338545019,3.7044920090282323e-9,6.086453818955856e-5,4.3897650375248025e-5,0.11110952338545019,-0.11110996312649524
23819,9.765625,-0.11110971349485847,2.5974624345498545e-9,5.096530618518694e-5,2.136180432248982e-5,0.11110971349485847,-0.11110993592321317
23820,24.4140625,-0.11111011408502051,5.566031087656959e-10,2.3592437533364286e-5,3.004790258005246e-5,0.11111011408502051,-0.1111099305694292
23821,9.765625,-0.11111026667200878,1.219089706776779e-10,1.1041239544438745e-5,8.499213123470382e-5,0.11111026667200878,-0.11110994046572563
23822,3.90625,-0.11111040424082559,1.3704105148756481e-11,3.7019056104601696e-6,9.472182757689367e-5,0.11111040424082559,-0.11110995017545515
23823,1.5625,-0.11111053309903135,9.741502014716541e-11,9.869904768900529e-6,9.458901775595511e-5,0.11111053309903135,-0.11110995900379811
23824,0.625,-0.11111065899015098,3.466163402718361e-10,1.8617635195476253e-5,9.298809709760197e-5,0.11111065899015098,-0.1111099673538749
23825,0.25,-0.11111078397197321,7.553317184195414e-10,2.7483298899869015e-5,9.168701949323777e-5,0.11111078397197321,-0.11110997551254251
23826,0.1,-0.1111109087817697,1.3219681176229863e-9,3.635887948800109e-5,9.084814948370641e-5,0.1111109087817697,-0.11110998360740307
23827,0.1,-0.11111103322580529,2.041772501321807e-9,4.518597682159596e-5,9.033156268542508e-5,0.11111103322580529,-0.1111099915199932
23828,0.1,-0.11111115718441104,2.9100279285408313e-9,5.394467470048208e-5,8.973399836141442e-5,0.11111115718441104,-0.11110999922189743
23829,0.1,-0.11111128053613238,3.921505961971405e-9,6.262192876278568e-5,8.905603288441607e-5,0.11111128053613238,-0.11111000668566286
23830,0.1,-0.11111140315796152,5.070488537444743e-9,7.120736294404352e-5,8.829836575550465e-5,0.11111140315796152,-0.11111001388490797
23831,0.25,-0.1111115223901296,6.316872628594314e-9,7.94787558319474e-5,8.746577603014381e-5,0.1111115223901296,-0.11111001966637334
23832,0.625,-0.11111163163504609,7.552431908716532e-9,8.690472892033282e-5,8.539730292626268e-5,0.11111163163504609,-0.11111002141785686
23833,1.5625,-0.11111171291573833,8.476204324296252e-9,9.20663039569649e-5,7.998660519562963e-5,0.11111171291573833,-0.1111100124452404
23834,3.90625,-0.11111171947682065,8.344656390923967e-9,9.134909080513045e-5,6.591694469131438e-5,0.11111171947682065,-0.11110997956339176
23835,9.765625,-0.11111154292431379,5.8653888635420896e-9,7.658582677977753e-5,3.182032724326553e-5,0.11111154292431379,-0.11110991807034457
23836,24.4140625,-0.11111104104133822,8.482186481276548e-11,9.209878653530972e-6,4.341786495724186e-5,0.11111104104133822,-0.11110995276461817
23837,9.765625,-0.11111002868338217,8.856219254329612e-11,9.410748776972857e-6,2.5163346176506897e-5,0.11111002868338217,-0.11110995225150422
23838,3.90625,-0.11110965174496784,1.0174589237127006e-10,1.0086916891264151e-5,1.712100005148401e-5,0.11110965174496784,-0.11110995204896007
23839,1.5625,-0.11110934760038378,1.1837360752859172e-10,1.087996358121624e-5,1.3666700396837303e-5,0.11110934760038378,-0.11110995201761624
23840,0.625,-0.11110906235418777,1.3800608927387907e-10,1.1747599298319596e-5,1.2144805721097931e-5,0.11110906235418777,-0.1111099520666238
23841,1.5625,-0.11110889146293917,1.5055392716014378e-10,1.2270041856495184e-5,1.1439976767250241e-5,0.11110889146293917,-0.11110995192770665
23842,3.90625,-0.11110902540908568,1.3896888800715055e-10,1.178850660631577e-5,9.75991630910984e-6,0.11110902540908568,-0.11110995140802968
23843,9.765625,-0.11110976391027623,8.371489056347743e-11,9.149584174347894e-6,7.005781245341663e-6,0.11110976391027623,-0.11110995059748417
23844,24.4140625,-0.11111068171211592,1.458149373977435e-11,3.818572212198474e-6,1.0053080559135477e-5,0.11111068171211592,-0.11110995070841495
23845,9.765625,-0.11111031214932011,2.6081812300059515e-12,1.6149864488613988e-6,1.758869353099392e-5,0.11111031214932011,-0.11110995111890819
23846,3.90625,-0.11111018970049763,2.0801226570805717e-12,1.4422630332503749e-6,1.8493739767231526e-5,0.11111018970049763,-0.11110995147013124
23847,1.5625,-0.11111009794714614,7.871358436603385e-12,2.8055941325507838e-6,1.8104652645173732e-5,0.11111009794714614,-0.11110995178297815
23848,0.625,-0.11111001405496772,1.9203244995324977e-11,4.3821507271344485e-6,1.7654660386456112e-5,0.11111001405496772,-0.1111099520788658
23849,0.25,-0.11110993255587892,3.590682838008882e-11,5.9922306681309274e-6,1.734216781011193e-5,0.11110993255587892,-0.11110995236858606
23850,0.1,-0.11110985181477061,5.792789412240805e-11,7.611037650833692e-6,1.714749178381097e-5,0.11110985181477061,-0.11110995265624377
23851,0.1,-0.11110977371877567,8.503721060106493e-11,9.221562264663452e-6,1.7025967821171394e-5,0.11110977371877567,-0.11110995293640595
23852,0.1,-0.11110969855684354,1.1703296608847914e-10,1.0818177577044996e-5,1.689235747774826e-5,0.11110969855684354,-0.11110995320823357
23853,0.1,-0.1111096266058178,1.53697843522347e-10,1.2397493437076182e-5,1.6746550760570023e-5,0.1111096266058178,-0.11110995347091507
23854,0.1,-0.111109558129581,1.9479985772460353e-10,1.3957071961002548e-5,1.658850966433955e-5,0.111109558129581,-0.11110995372367242
23855,0.25,-0.11110950289061415,2.3865951071795624e-10,1.544860869845425e-5,1.641942664181705e-5,0.11110950289061415,-0.11110995392356296
23856,0.625,-0.11110948280409287,2.808817459386524e-10,1.6759527020135513e-5,1.6022343772324057e-5,0.11110948280409287,-0.11110995397607362
23857,1.5625,-0.11110955186384268,3.096089808152984e-10,1.759570915920408e-5,1.5017979292382172e-5,0.11110955186384268,-0.11110995364463934
23858,3.90625,-0.11110982239892515,2.9713059984696013e-10,1.723747660903301e-5,1.2512276444915035e-5,0.11110982239892515,-0.11110995248757888
23859,9.765625,-0.11111040622829775,2.0111387085378979e-10,1.4181462225517854e-5,7.324738561164377e-6,0.11111040622829775,-0.11110995043589672
23860,24.4140625,-0.11111079469832176,4.117858405911574e-11,6.417054157408657e-6,1.07576655362232e-5,0.11111079469832176,-0.11110995019278579
23861,9.765625,-0.11111052487450741,8.808868326297203e-12,2.96797377452989e-6,2.4520384044220107e-5,0.11111052487450741,-0.11110995100413007
23862,3.90625,-0.11111041009815144,2.0335114889342956e-12,1.4260124434710574e-6,2.690537563233925e-5,0.11111041009815144,-0.11110995177676336
23863,1.5625,-0.11111031681137234,1.0129644904838577e-11,3.1827103080297107e-6,2.6737932164595355e-5,0.11111031681137234,-0.1111099524765134
23864,0.625,-0.11111022948338821,3.107955654535641e-11,5.574904173647867e-6,2.6235926172325704e-5,0.11111022948338821,-0.11110995313865535
23865,0.25,-0.1111101440837082,6.442812930302233e-11,8.026713480810332e-6,2.584638266031876e-5,0.1111101440837082,-0.11110995378602435
23866,0.1,-0.11111005934013625,1.1004721806267643e-10,1.0490339273001441e-5,2.5596932684652475e-5,0.11111005934013625,-0.1111099544284058
23867,0.1,-0.11110997593128141,1.6753011582592013e-10,1.2943342529112028e-5,2.544192332453558e-5,0.11110997593128141,-0.11110995505579668
23868,0.1,-0.11110989404382636,2.36483994160134e-10,1.5378036095683155e-5,2.5265348944307124e-5,0.11110989404382636,-0.11110995566604817
23869,0.1,-0.11110981385901623,3.164768619213223e-10,1.778979656773293e-5,2.5067311462623276e-5,0.11110981385901623,-0.11110995625708625
23870,0.1,-0.11110973555216362,4.070392795494791e-10,2.017521448583581e-5,2.4847964010863297e-5,0.11110973555216362,-0.11110995682692004
23871,0.25,-0.11110966430204797,5.048757127040883e-10,2.2469439528036482e-5,2.4608727762860597e-5,0.11110966430204797,-0.11110995728371897
23872,0.625,-0.11110961215533598,6.011545839695451e-10,2.4518453947374927e-5,2.402595483234564e-5,0.11110961215533598,-0.11110995742102042
23873,1.5625,-0.1111096096066226,6.714688324538446e-10,2.5912715651854104e-5,2.251845489954274e-5,0.1111096096066226,-0.11110995671305916
23874,3.90625,-0.11110972378610537,6.561918386185318e-10,2.561624169581736e-5,1.86505645451261e-5,0.11110972378610537,-0.11110995414040657
23875,9.765625,-0.11111004384092589,4.54635271855862e-10,2.1322177934157243e-5,9.802995417129488e-6,0.11111004384092589,-0.11110994941594872
23876,24.4140625,-0.11111040092289497,9.451433743143185e-11,9.721848457543033e-6,1.403420233224118e-5,0.11111040092289497,-0.11110994865724441
23877,9.765625,-0.11111037013223593,2.035554779443047e-11,4.511712290741783e-6,3.601837549260766e-5,0.11111037013223593,-0.11110995042439793
23878,3.90625,-0.11111039199379515,3.2080789445750313e-12,1.791111092192506e-6,3.9861941536816425e-5,0.11111039199379515,-0.11110995213334245
23879,1.5625,-0.11111041824360932,1.9525685064078276e-11,4.418787736933997e-6,3.971965988456403e-5,0.11111041824360932,-0.11110995368384392
23880,0.625,-0.1111104453676039,6.474395626940617e-11,8.04636292180549e-6,3.9015929685495714e-5,0.1111104453676039,-0.11110995515068937
23881,0.25,-0.1111104727421494,1.3783825518174724e-10,1.1740453789430255e-5,3.845793228382035e-5,0.1111104727421494,-0.1111099565846177
23882,0.1,-0.11111050021414343,2.3853435958272397e-10,1.5444557603982186e-5,3.810109013131888e-5,0.11111050021414343,-0.11110995800778446
23883,0.1,-0.11111052799151545,3.6597098464708745e-10,1.9130368126282555e-5,3.788210566185834e-5,0.11111052799151545,-0.11110995939863859
23884,0.1,-0.1111105560959158,5.193039325228173e-10,2.2788241101998578e-5,3.762958080321563e-5,0.1111105560959158,-0.1111099607522405
23885,0.1,-0.11111058454636814,6.975995752423565e-10,2.6412110389788175e-5,3.7343749323208305e-5,0.11111058454636814,-0.11110996206382041
23886,0.1,-0.11111061335914113,8.998387424716858e-10,2.9997312254128466e-5,3.702490253321375e-5,0.11111061335914113,-0.11110996332879806
23887,0.25,-0.11111064344633242,1.1188342947491264e-9,3.344898047398645e-5,3.6675068538498834e-5,0.11111064344633242,-0.11110996434322534
23888,0.625,-0.11111067673233288,1.335241068776439e-9,3.654095057297277e-5,3.5807774994939064e-5,0.11111067673233288,-0.11110996464667719
23889,1.5625,-0.11111071747823854,1.4953850898361765e-9,3.8670209332717306e-5,3.3543977227156584e-5,0.11111071747823854,-0.11110996306255494
23890,3.90625,-0.11111077156755471,1.4672011956415724e-9,3.830406239084273e-5,2.7683156596449393e-5,0.11111077156755471,-0.11110995729004394
23891,9.765625,-0.11111082389639067,1.0237270872000249e-9,3.1995735453338544e-5,1.3801844230261706e-5,0.11111082389639067,-0.11110994659549736
23892,24.4140625,-0.11111071202247476,2.1617816885005658e-10,1.4702998634634248e-5,1.9666338105313835e-5,0.11111071202247476,-0.11110994465951911
23893,9.765625,-0.11111054963771938,4.703841161612468e-11,6.858455483279357e-6,5.3581175354944494e-5,0.11111054963771938,-0.11110994858367945
23894,3.90625,-0.11111044003518988,6.201934881801184e-12,2.4903684229047683e-6,5.95456882842121e-5,0.11111044003518988,-0.11110995241015469
23895,1.5625,-0.11111034155058888,4.080220404694454e-11,6.387660295205479e-6,5.940999106355285e-5,0.11111034155058888,-0.11110995588617725
23896,0.625,-0.1111102465833608,1.4051739524605136e-10,1.1854003342586477e-5,5.838711366444926e-5,0.1111102465833608,-0.11110995917452295
23897,0.25,-0.11111015286373008,3.030331725692932e-10,1.7407848016607142e-5,5.756573307086651e-5,0.11111015286373008,-0.1111099623886214
23898,0.1,-0.111110059633258,5.2774310006735e-10,2.297265983875942e-5,5.703960547925372e-5,0.111110059633258,-0.11110996557852304
23899,0.1,-0.11110996718117572,8.127589698155259e-10,2.850892789663487e-5,5.671773359797712e-5,0.11110996718117572,-0.1111099686967363
23900,0.1,-0.1111098756153152,1.1562173962190223e-9,3.400319685292873e-5,5.6345051165716605e-5,0.1111098756153152,-0.11110997173206859
23901,0.1,-0.11110978504150089,1.5560523642574337e-9,3.944682958435866e-5,5.5921917398578696e-5,0.11110978504150089,-0.11110997467370685
23902,0.1,-0.11110969556337419,2.010003888621624e-9,4.4833066910725884e-5,5.544877153859731e-5,0.11110969556337419,-0.11110997751125883
23903,0.25,-0.1111096099662392,2.502099586158164e-9,5.002099145516974e-5,5.4928537675457935e-5,0.1111096099662392,-0.11110997978817254
23904,0.625,-0.1111095348962911,2.989260209801888e-9,5.46741274260677e-5,5.3631003956053294e-5,0.1111095348962911,-0.1111099804717435
23905,1.5625,-0.11110948779768637,3.3517883792473565e-9,5.789463169627523e-5,5.023327581584336e-5,0.11110948779768637,-0.11110997691890008
23906,3.90625,-0.11110951093944832,3.294533184035607e-9,5.7398024217176734e-5,4.1407164788514226e-5,0.11110951093944832,-0.11110996394169119
23907,9.765625,-0.11110968666010963,2.3074042989168043e-9,4.8035448357611946e-5,2.020391130258065e-5,0.11110968666010963,-0.11110993978488144
23908,24.4140625,-0.11111007761074632,4.932240401967352e-10,2.220864786961906e-5,2.852473874771992e-5,0.11111007761074632,-0.11110993510019222
23909,9.765625,-0.11111023642802902,1.0832711973090594e-10,1.040803150124489e-5,8.012415625762584e-5,0.11111023642802902,-0.1111099438854154
23910,3.90625,-0.11111037676762049,1.3005649549872847e-11,3.606334641969994e-6,8.925504150018798e-5,0.11111037676762049,-0.11110995249943836
23911,1.5625,-0.11111050807686654,8.79555388022993e-11,9.378461430442591e-6,8.912062018831639e-5,0.11111050807686654,-0.11110996033218484
23912,0.625,-0.11111063631249238,3.097983967684354e-10,1.7601090783483717e-5,8.761250330998161e-5,0.11111063631249238,-0.1111099677421514
23913,0.25,-0.11111076358605465,6.732771120359298e-10,2.5947583934461603e-5,8.639039531304329e-5,0.11111076358605465,-0.11110997498376873
23914,0.1,-0.11111089065192019,1.1770146158728942e-9,3.430764660936238e-5,8.560505342953016e-5,0.11111089065192019,-0.11110998217006993
23915,0.1,-0.11111101732937016,1.8168058897026566e-9,4.262400602597856e-5,8.512376752247466e-5,0.11111101732937016,-0.11110998919542381
23916,0.1,-0.1111111434990209,2.588483532116759e-9,5.0877141548211595e-5,8.456596798344848e-5,0.1111111434990209,-0.11110999603454173
23917,0.1,-0.11111126903999462,3.487423503842476e-9,5.905441138342229e-5,8.393219908377816e-5,0.11111126903999462,-0.1111100026629874
23918,0.1,-0.11111139383014036,4.508564538911905e-9,6.714584528406732e-5,8.322312090408745e-5,0.11111139383014036,-0.11111000905727286
23919,0.25,-0.11111151522705039,5.61621254824502e-9,7.494139409061603e-5,8.244310305671656e-5,0.11111151522705039,-0.11111001419206783
23920,0.625,-0.11111162667460481,6.7140121364519664e-9,8.193907576029867e-5,8.049709073575953e-5,0.11111162667460481,-0.11111001574539031
23921,1.5625,-0.11111171032664716,7.534024015839423e-9,8.679875584269295e-5,7.539850829798425e-5,0.11111171032664716,-0.11111000776834086
23922,3.90625,-0.11111171987178821,7.414588069758149e-9,8.610800235610015e-5,6.213595273882573e-5,0.11111171987178821,-0.11110997855271068
23923,9.765625,-0.11111154842703808,5.207378497727122e-9,7.216216805035116e-5,3.0039184000786943e-5,0.11111154842703808,-0.11110992397133349
23924,24.4140625,-0.1111110510815844,7.628019731742186e-11,8.73385352049265e-6,4.115913499953467e-5,0.1111110510815844,-0.11110995482778002
23925,9.765625,-0.11111005798714502,7.937022648146857e-11,8.908996940254754e-6,2.397648351938586e-5,0.11111005798714502,-0.11110995437756785
23926,3.90625,-0.11110968406010917,9.127605253694238e-11,9.55385014206013e-6,1.643645065521727e-5,0.11110968406010917,-0.1111099542032169
23927,1.5625,-0.1111093822203552,1.0638041135737101e-10,1.0314088004150974e-5,1.3195427177735176e-5,0.1111093822203552,-0.11110995418118351
23928,0.625,-0.11110909913637734,1.2428193769573451e-10,1.1148180914200061e-5,1.1765297640125396e-5,0.11110909913637734,-0.1111099542308267
23929,1.5625,-0.11110892788433366,1.358267818701312e-10,1.165447475736814e-5,1.1101742392078845e-5,0.11110892788433366,-0.11110995411032615
23930,3.90625,-0.11110905531605252,1.2544197842559502e-10,1.1200088322222956e-5,9.520820921298126e-6,0.11110905531605252,-0.11110995364487654
23931,9.765625,-0.11110977708942979,7.529100995400038e-11,8.677039238934003e-6,6.935487168767444e-6,0.11110977708942979,-0.11110995291802822
23932,24.4140625,-0.11111068290985641,1.2991690709998365e-11,3.6043988000772562e-6,9.70525898442953e-6,0.11111068290985641,-0.11110995302383135
23933,9.765625,-0.11111031459414543,2.357368473938352e-12,1.5353724219023708e-6,1.6714660321115657e-5,0.11111031459414543,-0.1111099533930063
23934,3.90625,-0.11111019055116743,1.9888284728316123e-12,1.4102583000399651e-6,1.7542757072683314e-5,0.11111019055116743,-0.11110995370808417
23935,1.5625,-0.11111009692619887,7.258307154488566e-12,2.6941245617989835e-6,1.7165578296067526e-5,0.11111009692619887,-0.11110995398886495
23936,0.625,-0.11111001111243737,1.7473572800844503e-11,4.18014028482831e-6,1.673783853510319e-5,0.11111001111243737,-0.11110995425462046
23937,0.25,-0.11110992767932777,3.2486095842430046e-11,5.699657519748888e-6,1.6442486656639404e-5,0.11110992767932777,-0.11110995451497246
23938,0.1,-0.11110984500050454,5.2248872678991873e-11,7.228338168555195e-6,1.62592416388375e-5,0.11110984500050454,-0.11110995477355587
23939,0.1,-0.11110976494436768,7.65553474015485e-11,8.749591270542214e-6,1.614532549472849e-5,0.11110976494436768,-0.11110995502545377
23940,0.1,-0.11110968779818668,1.0522436409151785e-10,1.0257892770521529e-5,1.601999474611583e-5,0.11110968779818668,-0.11110995526991614
23941,0.1,-0.11110961383729777,1.3806077979945285e-10,1.1749926799748705e-5,1.5883153148288983e-5,0.11110961383729777,-0.1111099555062167
23942,0.1,-0.11110954332426114,1.7485622998288735e-10,1.3223321442923762e-5,1.573477276723329e-5,0.11110954332426114,-0.11110995573366042
23943,0.25,-0.11110948594723746,2.1409343201542216e-10,1.463193193038507e-5,1.5575972309843823e-5,0.11110948594723746,-0.11110995591373969
23944,0.625,-0.11110946346494228,2.5180408186328185e-10,1.5868335825261633e-5,1.5202093607322863e-5,0.11110946346494228,-0.11110995596181122
23945,1.5625,-0.11110952952330234,2.7729460654532943e-10,1.665216522093537e-5,1.4256230939459913e-5,0.11110952952330234,-0.11110995566632971
23946,3.90625,-0.11110979596001225,2.6565123697339034e-10,1.629881090673152e-5,1.1902652980962535e-5,0.11110979596001225,-0.11110995463398099
23947,9.765625,-0.11111037573209753,1.7917728166166753e-10,1.33857118474016e-5,7.098424402677732e-6,0.11111037573209753,-0.11110995281072128
23948,24.4140625,-0.11111077271933621,3.6446944900564426e-11,6.037130518761743e-6,1.0375596107262528e-5,0.11111077271933621,-0.11110995261104681
23949,9.765625,-0.11111051391300862,7.800275800386557e-12,2.7928973845070926e-6,2.3209531292390817e-5,0.11111051391300862,-0.11110995333631665
23950,3.90625,-0.11111040595061536,1.9269636382067012e-12,1.3881511582701291e-6,2.5427353575447016e-5,0.11111040595061536,-0.11110995402521177
23951,1.5625,-0.11111031884754016,9.273719313068136e-12,3.045278199617916e-6,2.5258323996668258e-5,0.11111031884754016,-0.11110995464904627
23952,0.625,-0.11111023750915812,2.8051730040296756e-11,5.296388395906852e-6,2.4781154239983695e-5,0.11111023750915812,-0.11110995523950282
23953,0.25,-0.11111015803276997,5.785917834306446e-11,7.606522092458843e-6,2.441274541697986e-5,0.11111015803276997,-0.11110995581691405
23954,0.1,-0.11111007918862363,9.858359499249264e-11,9.928927182354226e-6,2.417742240842148e-5,0.11111007918862363,-0.11110995638995924
23955,0.1,-0.11111000163517241,1.4986101454272123e-10,1.224177334142081e-5,2.40315022099047e-5,0.11111000163517241,-0.11110995694965817
23956,0.1,-0.11110992555284627,2.1134090311935922e-10,1.4537568679781335e-5,2.3865273378723507e-5,0.11110992555284627,-0.11110995749409944
23957,0.1,-0.11110985111677756,2.826377709813868e-10,1.681183425392324e-5,2.3678833072856622e-5,0.11110985111677756,-0.11110995802143867
23958,0.1,-0.11110977849631491,3.6333270763821236e-10,1.9061288194616134e-5,2.3472327513017908e-5,0.11110977849631491,-0.11110995852990466
23959,0.25,-0.11110971270216391,4.5047539821681425e-10,2.122440572116954e-5,2.3247089455540678e-5,0.11110971270216391,-0.11110995893758686
23960,0.625,-0.11110966538480942,5.361627373689437e-10,2.3155188130718e-5,2.269792326078917e-5,0.11110966538480942,-0.11110995906046146
23961,1.5625,-0.11110966601315467,5.985655856220441e-10,2.4465600046229075e-5,2.127738903367123e-5,0.11110966601315467,-0.11110995843024937
23962,3.90625,-0.11110977930540089,5.844202656762472e-10,2.4174785742095984e-5,1.763698510868077e-5,0.11110977930540089,-0.11110995614080912
23963,9.765625,-0.11111009008279836,4.0410813285314105e-10,2.0102440967532798e-5,9.368861797188514e-6,0.11111009008279836,-0.11110995194618827
23964,24.4140625,-0.11111042755892768,8.358184180460174e-11,9.142310528777818e-6,1.3428971412283835e-5,0.11111042755892768,-0.11110995129711634
23965,9.765625,-0.11111038802792832,1.800866898490538e-11,4.24366221380842e-6,3.4005752777610975e-5,0.11111038802792832,-0.11110995287012572
23966,3.90625,-0.11111040211840463,3.0293795183436694e-12,1.7405112807286454e-6,3.759428920932066e-5,0.11111040211840463,-0.1111099543883705
23967,1.5625,-0.11111042104675257,1.774748177859692e-11,4.212776018090318e-6,3.744809369103862e-5,0.11111042104675257,-0.11110995576558139
23968,0.625,-0.11111044101106624,5.8121579564612014e-11,7.6237510166985395e-6,3.678067347917974e-5,0.11111044101106624,-0.11110995706864064
23969,0.25,-0.1111104612814731,1.2324718567112915e-10,1.1101674903866044e-5,3.6253548566549275e-5,0.1111104612814731,-0.11110995834263077
23970,0.1,-0.11111048166644423,2.1288353673164985e-10,1.4590529007943812e-5,3.591709713218801e-5,0.11111048166644423,-0.11110995960718288
23971,0.1,-0.11111050237597496,3.262627487874682e-10,1.8062744774465154e-5,3.5710970270341165e-5,0.11111050237597496,-0.11110996084303114
23972,0.1,-0.1111105234370265,4.626338738553225e-10,2.1508925446319314e-5,3.547323969253905e-5,0.1111105234370265,-0.11110996204578961
23973,0.1,-0.11111054487396138,6.211663524851601e-10,2.492320911289636e-5,3.5204126652106e-5,0.11111054487396138,-0.11110996321122277
23974,0.1,-0.11111056670841453,8.00953479482113e-10,2.8301121523397494e-5,3.490390717525402e-5,0.11111056670841453,-0.11110996433526277
23975,0.25,-0.11111058996044063,9.955848617255833e-10,3.1552889910839916e-5,3.457448072674743e-5,0.11111058996044063,-0.11110996523646646
23976,0.625,-0.11111061682787543,1.1878109985320974e-9,3.446463402579661e-5,3.375716546610312e-5,0.11111061682787543,-0.11110996550543115
23977,1.5625,-0.1111106523280663,1.3297894458463043e-9,3.6466278201186154e-5,3.162364090188077e-5,0.1111106523280663,-0.11110996409647587
23978,3.90625,-0.11111070437279104,1.3038955682270036e-9,3.610949415634348e-5,2.6103385362669568e-5,0.11111070437279104,-0.11110995896767152
23979,9.765625,-0.11111076293521362,9.084601147566405e-10,3.0140672101939606e-5,1.3079207930545697e-5,0.11111076293521362,-0.11110994948308447
23980,24.4140625,-0.11111067577245787,1.9104586527335449e-10,1.3821934208834684e-5,1.8711595292941763e-5,0.11111067577245787,-0.11110994780753568
23981,9.765625,-0.11111052764630742,4.1544667511555677e-11,6.4455153022513005e-6,5.051197420544459e-5,0.11111052764630742,-0.11110995129246969
23982,3.90625,-0.1111104293031886,5.763534865797162e-12,2.4007363174237114e-6,5.609183288686074e-5,0.1111104293031886,-0.11110995468513489
23983,1.5625,-0.11111034124569902,3.684891679700146e-11,6.0703308638822525e-6,5.5949882526751306e-5,0.11111034124569902,-0.11110995776630607
23984,0.625,-0.11111025641995406,1.2566823450391307e-10,1.1210184409897684e-5,5.498135077631431e-5,0.11111025641995406,-0.11110996068123515
23985,0.25,-0.11111017273560377,2.7017895840831095e-10,1.643712135406656e-5,5.420610713114885e-5,0.11111017273560377,-0.1111099635305918
23986,0.1,-0.11111008949641771,4.698485754429729e-10,2.1675990760354483e-5,5.371032031419542e-5,0.11111008949641771,-0.11110996635869884
23987,0.1,-0.11111000698028912,7.229977633829756e-10,2.6888617729124262e-5,5.340744557847009e-5,0.11111000698028912,-0.11110996912322124
23988,0.1,-0.11110992528693191,1.0279721724708363e-9,3.206200512243169e-5,5.305669915129079e-5,0.11110992528693191,-0.11110997181423109
23989,0.1,-0.11110984451417664,1.3829373538269124e-9,3.718786567990844e-5,5.2658419540895503e-5,0.11110984451417664,-0.1111099744221376
23990,0.1,-0.11110976475780428,1.7858864602947227e-9,4.225974988443167e-5,5.221302117014273e-5,0.11110976475780428,-0.11110997693772437
23991,0.25,-0.11110968861331832,2.2226054736812026e-9,4.7144516899435955e-5,5.172324018933293e-5,0.11110968861331832,-0.1111099789555011
23992,0.625,-0.11110962226221349,2.6547652920908407e-9,5.1524414524483833e-5,5.0500781235247345e-5,0.11110962226221349,-0.11110997955863318
23993,1.5625,-0.11110958189691074,2.975894979087699e-9,5.455176421608837e-5,4.729915034821049e-5,0.11110958189691074,-0.11110997640152873
23994,3.90625,-0.11110960657071212,2.923612902558607e-9,5.407044389089669e-5,3.898494139183066e-5,0.11110960657071212,-0.11110996488516998
23995,9.765625,-0.11110977123082545,2.0452779160772995e-9,4.5224748933269926e-5,1.905370969219714e-5,0.11110977123082545,-0.11110994348036837
23996,24.4140625,-0.11111012633405713,4.3571285297828873e-10,2.0873735961209454e-5,2.703953117312503e-5,0.11111012633405713,-0.11110993940285058
23997,9.765625,-0.11111026598518603,9.55871428357944e-11,9.776867741551708e-6,7.546835994763286e-5,0.11111026598518603,-0.11110994719389523
23998,3.90625,-0.11111039058860622,1.1914122704422811e-11,3.4516840389037365e-6,8.402049331462168e-5,0.11111039058860622,-0.11110995482264613
23999,1.5625,-0.1111105072660452,7.904494865131049e-11,8.890722616936742e-6,8.387710258244305e-5,0.1111105072660452,-0.11110996175773813
24000,0.625,-0.1111106212326784,2.7630478383865815e-10,1.6622418110451265e-5,8.245110258783286e-5,0.1111106212326784,-0.11110996831853709
24001,0.25,-0.11111073434998332,5.990542416883095e-10,2.4475584603606703e-5,8.129859369094296e-5,0.11111073434998332,-0.11110997473065772
24002,0.1,-0.1111108472842005,1.0460834086575056e-9,3.234321271391427e-5,8.055896592361506e-5,0.1111108472842005,-0.11110998109415202
24003,0.1,-0.11111095987190618,1.6136587241059844e-9,4.017037122190912e-5,8.010626061890972e-5,0.11111095987190618,-0.1111099873150455
24004,0.1,-0.11111107200700567,2.2980851194056455e-9,4.793834706584746e-5,7.95814860267353e-5,0.11111107200700567,-0.11110999337092703
24005,0.1,-0.11111118358200578,3.095262176596731e-9,5.563508044926987e-5,7.898515473377659e-5,0.11111118358200578,-0.11110999924014145
24006,0.1,-0.11111129448821126,4.000701364305632e-9,6.325109773202069e-5,7.83178888028246e-5,0.11111129448821126,-0.1111100049018742
24007,0.25,-0.11111140237363817,4.982689450572353e-9,7.058816792191418e-5,7.758377730630521e-5,0.11111140237363817,-0.11111000944656503
24008,0.625,-0.1111115014017056,5.955629652887342e-9,7.717272609469839e-5,7.575105804289808e-5,0.1111115014017056,-0.11111001081505484
24009,1.5625,-0.11111157567334216,6.681547618243457e-9,8.17407341430419e-5,7.094843371620995e-5,0.11111157567334216,-0.11111000373343566
24010,3.90625,-0.11111158385878353,6.573052181967514e-9,8.10743620509438e-5,5.845768008462701e-5,0.11111158385878353,-0.11110997783091492
24011,9.765625,-0.11111143016753117,4.612154243949984e-9,6.791284299710906e-5,2.8265851656303105e-5,0.11111143016753117,-0.11110992949967968
24012,24.4140625,-0.11111097029025942,6.787222872745441e-11,8.2384603371901e-6,3.894255247931914e-5,0.11111097029025942,-0.11110995691417706
24013,9.765625,-0.11111008989573665,7.079284530926537e-11,8.41384842442894e-6,2.2643266746351363e-5,0.11111008989573665,-0.11110995650873982
24014,3.90625,-0.11110976043853384,8.126993999079491e-11,9.014984192487245e-6,1.5560696440149674e-5,0.11110976043853384,-0.11110995635542362
24015,1.5625,-0.11110949463619642,9.45704076671212e-11,9.724731752964768e-6,1.254075316007237e-5,0.11110949463619642,-0.11110995633853354
24016,0.625,-0.11110924536711662,1.1033303685605846e-10,1.0503953391750102e-5,1.1215090160275127e-5,0.11110924536711662,-0.11110995638559842
24017,1.5625,-0.11110909544220952,1.2051496927706458e-10,1.0977931010762665e-5,1.0601340275651734e-5,0.11110909544220952,-0.11110995628195802
24018,3.90625,-0.11110921055843091,1.11456169130223e-10,1.0557280385128691e-5,9.146027161449688e-6,0.11110921055843091,-0.11110995587200895
24019,9.765625,-0.11110985195407205,6.717914032126555e-11,8.196288203892391e-6,6.782483610260547e-6,0.11110985195407205,-0.11110995522660133
24020,24.4140625,-0.11111065121647376,1.1488924048717952e-11,3.3895315382391637e-6,9.322619632837568e-6,0.11111065121647376,-0.11110995532560734
24021,9.765625,-0.11111032611478852,2.139398247773448e-12,1.462668194695382e-6,1.584260437943477e-5,0.11111032611478852,-0.11110995565510792
24022,3.90625,-0.11111021795231625,1.8320614284336406e-12,1.3535366372705396e-6,1.6614154513165606e-5,0.11111021795231625,-0.11110995593729321
24023,1.5625,-0.11111013662993086,6.525780810388545e-12,2.554560786199566e-6,1.6259816522104255e-5,0.11111013662993086,-0.1111099561891929
24024,0.625,-0.11111006218458025,1.5607771662933637e-11,3.950667242749462e-6,1.585898216310342e-5,0.11111006218458025,-0.11110995642783794
24025,0.25,-0.11110998983251245,2.8946547288409585e-11,5.380199558418776e-6,1.558255123906028e-5,0.11110998983251245,-0.1111099566617332
24026,0.1,-0.111109918142963,4.6500657760807865e-11,6.819139077684797e-6,1.541127524697293e-5,0.111109918142963,-0.11110995689408698
24027,0.1,-0.11110984877245055,6.808795546885675e-11,8.251542611467068e-6,1.530497385121631e-5,0.11110984877245055,-0.11110995712051755
24028,0.1,-0.11110978197412469,9.354842460942305e-11,9.672043455724496e-6,1.5187973636939527e-5,0.11110978197412469,-0.11110995734035774
24029,0.1,-0.1111097179905291,1.227096247176498e-10,1.1077437642237026e-5,1.5060187521188252e-5,0.1111097179905291,-0.11110995755296246
24030,0.1,-0.11110965705285288,1.5538735739798974e-10,1.2465446538250835e-5,1.4921592518775657e-5,0.11110965705285288,-0.11110995775771274
24031,0.25,-0.11110960772064192,1.9024029441885547e-10,1.379276239260488e-5,1.4773231243485863e-5,0.11110960772064192,-0.11110995792039384
24032,0.625,-0.1111095892071413,2.2375742945488647e-10,1.4958523638878485e-5,1.4423489262839982e-5,0.1111095892071413,-0.11110995796579037
24033,1.5625,-0.11110964885102896,2.4646472981697933e-10,1.5699195196473585e-5,1.3538478185979472e-5,0.11110964885102896,-0.11110995770582532
24034,3.90625,-0.11110988516544798,2.3622288765984203e-10,1.5369544159142847e-5,1.1338764786293189e-5,0.11110988516544798,-0.11110995679043231
24035,9.765625,-0.11111039651668705,1.5930283434892585e-10,1.2621522663645852e-5,6.883546729146737e-6,0.11111039651668705,-0.11110995517189447
24036,24.4140625,-0.11111073950540201,3.2249090178261955e-11,5.678828239897907e-6,9.949999299582448e-6,0.11111073950540201,-0.11110995500383893
24037,9.765625,-0.11111050747766907,6.950639752386995e-12,2.6364065984568835e-6,2.1950374095461323e-5,0.11111050747766907,-0.11110995565050785
24038,3.90625,-0.11111040978000354,1.824594090353447e-12,1.3507753663557266e-6,2.40180514509191e-5,0.11111040978000354,-0.11110995626418335
24039,1.5625,-0.11111033067725788,8.427106515913934e-12,2.9029479009989025e-6,2.3852776400891093e-5,0.11111033067725788,-0.11110995682012209
24040,0.625,-0.1111102567195914,2.5175846200830977e-11,5.0175538064709355e-6,2.3401981232354997e-5,0.1111102567195914,-0.11110995734653781
24041,0.25,-0.11111018442467069,5.1716403998077027e-11,7.1914118223111815e-6,2.3055100061209883e-5,0.11111018442467069,-0.11110995786146162
24042,0.1,-0.11111011269439934,8.795017542716528e-11,9.378175484984555e-6,2.2833985278693366e-5,0.11111011269439934,-0.11110995837257105
24043,0.1,-0.1111100421170147,1.3355341495946632e-10,1.1556531268484775e-5,2.269716415246907e-5,0.1111100421170147,-0.11110995887183998
24044,0.1,-0.11110997285381606,1.8821487427537494e-10,1.3719142621730227e-5,2.2541237807042433e-5,0.11110997285381606,-0.11110995935757095
24045,0.1,-0.11110990506139595,2.515921985461632e-10,1.5861658127262837e-5,2.2366300468280064e-5,0.11110990506139595,-0.11110995982812451
24046,0.1,-0.11110983889121256,3.2331329081559664e-10,1.798091462678127e-5,2.217249282625464e-5,0.11110983889121256,-0.11110996028192745
24047,0.25,-0.11110977882091096,4.0075071110809047e-10,2.001875898021879e-5,2.196106095397815e-5,0.11110977882091096,-0.11110996064612395
24048,0.625,-0.11110973526351738,4.768669640027004e-10,2.1837283805517123e-5,2.1444901920011112e-5,0.11110973526351738,-0.11110996075710336
24049,1.5625,-0.11110973456615474,5.322260081199489e-10,2.3070024016458e-5,2.0109478271680984e-5,0.11110973456615474,-0.11110996019867588
24050,3.90625,-0.11110983464371785,5.194162530383934e-10,2.279070540896866e-5,1.6690477017844808e-5,0.11110983464371785,-0.11110995816628413
24051,9.765625,-0.11111011178184498,3.5875842241488266e-10,1.8940919260027553e-5,8.975796849424931e-6,0.11111011178184498,-0.111109954446214
24052,24.4140625,-0.11111041601880202,7.395348451571814e-11,8.599621184431216e-6,1.2820613281490739e-5,0.11111041601880202,-0.11110995388574266
24053,9.765625,-0.11111038491065951,1.5969692033521295e-11,3.9962097084013615e-6,3.2088816645278895e-5,0.11111038491065951,-0.11110995528422321
24054,3.90625,-0.11111040078710463,2.8351679949768177e-12,1.6837957105827351e-6,3.5445418797033826e-5,0.11111040078710463,-0.11110995663250242
24055,1.5625,-0.11111042071019343,1.6032276973333698e-11,4.004032588945012e-6,3.5300246013969264e-5,0.11111042071019343,-0.11110995785558156
24056,0.625,-0.11111044146733676,5.1984349634140653e-11,7.210017311639457e-6,3.466950575582093e-5,0.11111044146733676,-0.11110995901302458
24057,0.25,-0.11111046246586152,1.0989304545857912e-10,1.048298838397616e-5,3.4172763503137636e-5,0.11111046246586152,-0.11110996014481711
24058,0.1,-0.11111048355525772,1.8954709667775412e-10,1.3767610420031288e-5,3.385623463235805e-5,0.11111048355525772,-0.11110996126833758
24059,0.1,-0.11111050492126918,2.902640360869971e-10,1.7037136968604705e-5,3.366264771956249e-5,0.11111050492126918,-0.11110996236640878
24060,0.1,-0.11111052658524427,4.113774559358417e-10,2.0282442060458148e-5,3.34392976114848e-5,0.11111052658524427,-0.11110996343513832
24061,0.1,-0.11111054856622071,5.52150158142153e-10,2.3497875609130136e-5,3.318639485412218e-5,0.11111054856622071,-0.11110996447076668
24062,0.1,-0.11111057088081694,7.117772366993327e-10,2.6679153597881115e-5,3.2904201814647e-5,0.11111057088081694,-0.11110996546968395
24063,0.25,-0.11111059438197016,8.84555076602355e-10,2.974147065298478e-5,3.2594494922953315e-5,0.11111059438197016,-0.11110996627070352
24064,0.625,-0.11111062088789447,1.0551379193371876e-9,3.2482886561036835e-5,3.182531174292312e-5,0.11111062088789447,-0.11110996651025976
24065,1.5625,-0.11111065448889675,1.1809718609651878e-9,3.4365271146394116e-5,2.9816981083033356e-5,0.11111065448889675,-0.1111099652600607
24066,3.90625,-0.11111070126016544,1.1574845258747594e-9,3.402182425847796e-5,2.4623245427763956e-5,0.11111070126016544,-0.11110996070910235
24067,9.765625,-0.11111075010189152,8.056564553524712e-10,2.8384088066247103e-5,1.2414911595406356e-5,0.11111075010189152,-0.11110995230250002
24068,24.4140625,-0.11111066232711146,1.68955251965237e-10,1.2998278807797477e-5,1.7773466183050873e-5,0.11111066232711146,-0.11110995084337173
24069,9.765625,-0.11111052549621211,3.6757187817208617e-11,6.062770638677388e-6,4.760378690275592e-5,0.11111052549621211,-0.11110995393612436
24070,3.90625,-0.11111043376932966,5.314811077165666e-12,2.305387402838331e-6,5.283167840993982e-5,0.11111043376932966,-0.11110995694383487
24071,1.5625,-0.11111035147980358,3.312051329488596e-11,5.755042423378472e-6,5.268905835097322e-5,0.11111035147980358,-0.11110995967514603
24072,0.625,-0.11111027216441277,1.1209397511594357e-10,1.058744422020459e-5,5.1774307719731806e-5,0.11111027216441277,-0.11110996225930823
24073,0.25,-0.11111019389929737,2.404320294002213e-10,1.5505870804318642e-5,5.1043837460450805e-5,0.11111019389929737,-0.11110996478557572
24074,0.1,-0.11111011604234096,4.176669645460802e-10,2.043690202907672e-5,5.057733708741482e-5,0.11111011604234096,-0.11110996729318473
24075,0.1,-0.1111100388434866,6.423080444256276e-10,2.5343796961497848e-5,5.029277560048221e-5,0.1111100388434866,-0.11110996974446345
24076,0.1,-0.11110996239461303,9.128884994233243e-10,3.0214044737891752e-5,4.996312298678522e-5,0.11110996239461303,-0.11110997213060733
24077,0.1,-0.11110988678592841,1.227781604202166e-9,3.503971467067285e-5,4.9588699742704386e-5,0.11110988678592841,-0.11110997444311231
24078,0.1,-0.11110981210581404,1.5852075182986298e-9,3.981466461366502e-5,4.916989804331053e-5,0.11110981210581404,-0.11110997667380482
24079,0.25,-0.11110974073133528,1.9725359842120642e-9,4.441324109105374e-5,4.8709277859169454e-5,0.11110974073133528,-0.11110997846285472
24080,0.625,-0.1111096783313889,2.3557119855049375e-9,4.8535677449737294e-5,4.755854008608218e-5,0.1111096783313889,-0.11110997899689494
24081,1.5625,-0.11110963977205301,2.6401529153191834e-9,5.138241834829481e-5,4.454397881833462e-5,0.11110963977205301,-0.11110997619561264
24082,3.90625,-0.11110966098374613,2.592868530145772e-9,5.0920217302617354e-5,3.671738434892453e-5,0.11110966098374613,-0.11110996598325135
24083,9.765625,-0.11110981134326699,1.8124288162427238e-9,4.257262989577604e-5,1.7992902940840193e-5,0.11110981134326699,-0.1111099470213808
24084,24.4140625,-0.11111014009998404,3.8520155270941185e-10,1.962655223694197e-5,2.5598611935010064e-5,0.11111014009998404,-0.11110994345569077
24085,9.765625,-0.11111027185966964,8.448964698631868e-11,9.19182500846914e-6,7.107020554748468e-5,0.11111027185966964,-0.11110995036214548
24086,3.90625,-0.11111038895989618,1.0873342819801997e-11,3.297475218982244e-6,7.908982249693336e-5,0.11111038895989618,-0.11110995711848227
24087,1.5625,-0.11111049855616197,7.080393830313547e-11,8.41450760907229e-6,7.894375168810925e-5,0.11111049855616197,-0.11110996325966298
24088,0.625,-0.11111060558505974,2.459935996821853e-10,1.5684183105351242e-5,7.759772800926195e-5,0.11111060558505974,-0.11110996906959925
24089,0.25,-0.11111071180288128,5.323458775785279e-10,2.307262181847845e-5,7.651198892524994e-5,0.11111071180288128,-0.11110997474822142
24090,0.1,-0.11111081783759073,9.287967770110382e-10,3.047616736092382e-5,7.58159946702122e-5,0.11111081783759073,-0.11110998038407816
24091,0.1,-0.11111092353915157,1.4320348551223591e-9,3.784223639166109e-5,7.539049583034681e-5,0.11111092353915157,-0.11110998589366387
24092,0.1,-0.11111102880832058,2.038786105837616e-9,4.515291912864124e-5,7.489712600061884e-5,0.11111102880832058,-0.11110999125711926
24093,0.1,-0.11111113354461695,2.745416877896651e-9,5.239672583183658e-5,7.43363692529745e-5,0.11111113354461695,-0.11110999645525459
24094,0.1,-0.11111123764650577,3.547949169682684e-9,5.9564663767058103e-5,7.370881286653968e-5,0.11111123764650577,-0.11111000146962614
24095,0.25,-0.11111133891563357,4.4182331093590475e-9,6.646979095317697e-5,7.301828582299224e-5,0.11111133891563357,-0.11111000549377927
24096,0.625,-0.11111143189617084,5.280296116938932e-9,7.266564605739725e-5,7.129311977517098e-5,0.11111143189617084,-0.11111000670239561
24097,1.5625,-0.11111150172918029,5.922950224585545e-9,7.696070571782425e-5,6.677135522188092e-5,0.11111150172918029,-0.1111100004215377
24098,3.90625,-0.11111150980627989,5.825096538881855e-9,7.632232005699155e-5,5.501244165515837e-5,0.11111150980627989,-0.11110997746604888
24099,9.765625,-0.11111136672905787,4.0845766225433415e-9,6.391069255252474e-5,2.6622008065870105e-5,0.11111136672905787,-0.11110993467191925
24100,24.4140625,-0.1111109268683858,8.766133191150102e-10,2.9607656427265737e-5,3.749445728797544e-5,0.1111109268683858,-0.11110992619214957
24101,9.765625,-0.11111068735869063,1.931680670676063e-10,1.3898491539286063e-5,0.00010645551349727356,0.11111068735869063,-0.11110994170502729
24102,3.90625,-0.11111049255345995,2.238647408424459e-11,4.73143467504779e-6,0.00011868429559802298,0.11111049255345995,-0.11110995694599567
24103,1.5625,-0.11111031268616683,1.531059114280194e-10,1.2373597351943346e-5,0.0001185387926693434,0.11111031268616683,-0.11110997080990334
24104,0.625,-0.11111013806543833,5.439001343375857e-10,2.332166662864354e-5,0.00011654651238847645,0.11111013806543833,-0.11110998392587802
24105,0.25,-0.11110996550075733,1.1854528952846281e-9,3.443040655125391e-5,0.00011492703577434149,0.11110996550075733,-0.11110999674346274
24106,0.1,-0.11110979389056203,2.075333693856172e-9,4.555583051439378e-5,0.00011388562090790129,0.11110979389056203,-0.1111100094628843
24107,0.1,-0.1111096234963912,3.2061423705448517e-9,5.6622807865248535e-5,0.00011324755354984533,0.1111096234963912,-0.11111002189809689
24108,0.1,-0.11110945446169491,4.570536112750625e-9,6.76057402352095e-5,0.00011250764969822032,0.11110945446169491,-0.11111003400430734
24109,0.1,-0.11110928692713884,6.160363906645424e-9,7.848798574715383e-5,0.00011166661637929707,0.11110928692713884,-0.11111004573822421
24110,0.1,-0.11110912103053017,7.966700593377953e-9,8.925637564554116e-5,0.0001107253143030595,0.11110912103053017,-0.11111005705822541
24111,0.25,-0.11110896029877139,9.92655396481023e-9,9.963209304641868e-5,0.00010968944925623883,0.11110896029877139,-0.11111006615166708
24112,0.625,-0.11110881331209403,1.1869796868413165e-8,0.00010894859736780995,0.0001071024713562417,0.11110881331209403,-0.11111006891173686
24113,1.5625,-0.1111087031838271,1.3323203410812086e-8,0.00011542618165222346,0.00010032060482904721,0.1111087031838271,-0.11111005481303152
24114,3.90625,-0.111108689619111,1.3117681251721648e-8,0.00011453244628366953,8.26691623328621e-5,0.111108689619111,-0.1111100031213943
24115,9.765625,-0.1111089122478888,9.22198462404688e-9,9.603116485832544e-5,3.985113141879486e-5,0.1111089122478888,-0.11110990642325198
24116,24.4140625,-0.11110961858394149,1.3430591734696258e-10,1.1589042986673342e-5,5.441066816649714e-5,0.11110961858394149,-0.11110996078648526
24117,9.765625,-0.11111091320477329,1.3928427011664204e-10,1.1801875703321148e-5,3.1792925128482355e-5,0.11111091320477329,-0.11110996000967413
24118,3.90625,-0.11111139543095087,1.6082385483073732e-10,1.2681634548855968e-5,2.1661329002255542e-5,0.11111139543095087,-0.11110995969418301
24119,1.5625,-0.1111117837745861,1.8834643868263256e-10,1.3723936704992215e-5,1.7212645040492923e-5,0.1111117837745861,-0.11110995964212637
24120,0.625,-0.1111121478091076,2.211093598047351e-10,1.4869746460674274e-5,1.521232713901138e-5,0.1111121478091076,-0.11110995971508654
24121,1.5625,-0.11111236498578346,2.4250215673431053e-10,1.5572480750808797e-5,1.4273065899078463e-5,0.11111236498578346,-0.11110995948212202
24122,3.90625,-0.11111219081674104,2.2400608454445046e-10,1.4966832816078705e-5,1.1994968262179779e-5,0.11111219081674104,-0.11110995862916304
24123,9.765625,-0.11111124217586012,1.3335879830446428e-10,1.1548107996744067e-5,8.071016415854473e-6,0.11111124217586012,-0.11110995731590297
24124,24.4140625,-0.11111007991750803,2.2539101353793173e-11,4.747536345705336e-6,1.2063773751807637e-5,0.11111007991750803,-0.11110995749479563
24125,9.765625,-0.11111057946674706,3.617632713885497e-12,1.9020075483250578e-6,2.174336222728443e-5,0.11111057946674706,-0.11110995813274896
24126,3.90625,-0.11111074672203697,3.0184518117728135e-12,1.7373692214877105e-6,2.2859876168869807e-5,0.11111074672203697,-0.11110995866995371
24127,1.5625,-0.11111087287196199,1.2396289006268666e-11,3.52083640720052e-6,2.2344063868666447e-5,0.11111087287196199,-0.11110995914516311
24128,0.625,-0.11111098850580312,3.052505874267584e-11,5.5249487547556346e-6,2.1762410022265577e-5,0.11111098850580312,-0.11110995959340668
24129,0.25,-0.111111100950838,5.714466381232722e-11,7.559408959192989e-6,2.136176667199683e-5,0.111111100950838,-0.11110996003202148
24130,0.1,-0.11111121239829795,9.217417850757354e-11,9.600738435535756e-6,2.111401597599575e-5,0.11111121239829795,-0.11110996046754451
24131,0.1,-0.11111132029449183,1.352457096312468e-10,1.1629518890790229e-5,2.0960738344093363e-5,0.11111132029449183,-0.1111099608913194
24132,0.1,-0.11111142425002403,1.8603776639910945e-10,1.363956621007829e-5,2.0791719788601296e-5,0.11111142425002403,-0.11110996130201059
24133,0.1,-0.111111523891653,2.442038996166885e-10,1.5627024656558538e-5,2.0606827163806558e-5,0.111111523891653,-0.11110996169832846
24134,0.1,-0.11111161886344965,3.0937410116622427e-10,1.758903354838532e-5,2.0406015935010968e-5,0.11111161886344965,-0.11110996207903667
24135,0.25,-0.11111169599404629,3.7883850199242265e-10,1.9463774094260924e-5,2.0190780268748245e-5,0.11111169599404629,-0.11110996237598407
24136,0.625,-0.11111172571830875,4.455145344252141e-10,2.110721522193807e-5,1.968118920850212e-5,0.11111172571830875,-0.1111099624394086
24137,1.5625,-0.11111163519086399,4.903475893824254e-10,2.214379347317043e-5,1.8386765462338368e-5,0.11111163519086399,-0.1111099618954637
24138,3.90625,-0.11111127282782125,4.691291086778134e-10,2.1659388465000886e-5,1.5141009537904925e-5,0.11111127282782125,-0.11110996005143906
24139,9.765625,-0.11111048738276412,3.1572462979642363e-10,1.7768641754406093e-5,8.268621046399645e-6,0.11111048738276412,-0.11110995681978787
24140,24.4140625,-0.11110996135301622,6.392562274273206e-11,7.995350070055223e-6,1.3023557952915163e-5,0.11110996135301622,-0.11110995645783446
24141,9.765625,-0.11111031528946662,1.3170096862202043e-11,3.6290628076959544e-6,3.0499519112306862e-5,0.11111031528946662,-0.11110995772425725
24142,3.90625,-0.11111046105387208,2.761653725375961e-12,1.6618224109019475e-6,3.3484613423125636e-5,0.11111046105387208,-0.111109958922878
24143,1.5625,-0.11111057831475246,1.5719282757504815e-11,3.964755069043334e-6,3.326069161534275e-5,0.11111057831475246,-0.11110996000517656
24144,0.625,-0.11111068776470684,4.8880432177149324e-11,6.991454224776797e-6,3.262205991837408e-5,0.11111068776470684,-0.11110996102797259
24145,0.25,-0.11111079472971112,1.0153724635188358e-10,1.0076569175661107e-5,3.212887594359061e-5,0.11111079472971112,-0.11110996202754429
24146,0.1,-0.1111109008848063,1.734936808550271e-10,1.3171699998672423e-5,3.181417206895824e-5,0.1111109008848063,-0.11110996301937542
24147,0.1,-0.11111100528984925,2.6410887297796e-10,1.6251426798221748e-5,3.161945332741979e-5,0.11111100528984925,-0.11110996398770057
24148,0.1,-0.11111110769488715,3.727654422551607e-10,1.9307134491041405e-5,3.139740945455436e-5,0.11111110769488715,-0.11110996492913919
24149,0.1,-0.11111120785705647,4.987839933347532e-10,2.2333472487160458e-5,3.1148152422134336e-5,0.11111120785705647,-0.11110996584042698
24150,0.1,-0.11111130554127685,6.414258269710684e-10,2.532638598322051e-5,3.087185903705746e-5,0.11111130554127685,-0.11110996671842964
24151,0.25,-0.1111113937687478,7.954738269033377e-10,2.8204145562369686e-5,3.0570268517593665e-5,0.1111113937687478,-0.11110996741847201
24152,0.625,-0.11111145633339102,9.469487680457269e-10,3.0772532688190076e-5,2.983281866938807e-5,0.11111145633339102,-0.11110996761542148
24153,1.5625,-0.11111145229307857,1.0572430746001497e-9,3.251527448139028e-5,2.7921225355044517e-5,0.11111145229307857,-0.11110996648195204
24154,3.90625,-0.11111129203493134,1.0322101761070937e-9,3.212802789010078e-5,2.3002958989441705e-5,0.11111129203493134,-0.11110996241751842
24155,9.765625,-0.11111086016137595,7.136774238766231e-10,2.6714741695861916e-5,1.1588606319412881e-5,0.11111086016137595,-0.11110995498808357
24156,24.4140625,-0.11111040582429102,1.4752776508567562e-10,1.214610081819164e-5,1.7231994816607182e-5,0.11111040582429102,-0.11110995382019703
24157,9.765625,-0.11111047067195536,3.1440786840528126e-11,5.607208471291943e-6,4.4968040048593714e-5,0.11111047067195536,-0.11110995658304738
24158,3.90625,-0.11111045722798293,4.814362677609415e-12,2.194165599404342e-6,4.9775160280729644e-5,0.11111045722798293,-0.11110995924852086
24159,1.5625,-0.11111043649339145,3.068487749705473e-11,5.539393242680531e-6,4.9587137896457584e-5,0.11111043649339145,-0.11110996166412242
24160,0.625,-0.1111104142165258,1.0190876054049939e-10,1.009498690145259e-5,4.869993628438257e-5,0.1111104142165258,-0.11110996394834768
24161,0.25,-0.11111039155051733,2.168894759039942e-10,1.47271679525968e-5,4.799848174500941e-5,0.11111039155051733,-0.1111099661810863
24162,0.1,-0.11111036880984354,3.752046330616213e-10,1.9370199613365407e-5,4.755092826726586e-5,0.11111036880984354,-0.11110996839715172
24163,0.1,-0.11111034566527678,5.755019868863772e-10,2.398962248319838e-5,4.727708590001884e-5,0.11111034566527678,-0.11110997056262512
24164,0.1,-0.11111032206660743,8.164585131000561e-10,2.857373817161584e-5,4.696096633337743e-5,0.11111032206660743,-0.11110997266974251
24165,0.1,-0.1111102979666771,1.0966102583145388e-9,3.3115106195127e-5,4.6602858790150076e-5,0.1111102979666771,-0.11110997471100749
24166,0.1,-0.11111027332161798,1.4143584534287838e-9,3.760795731529145e-5,4.6203123667628456e-5,0.11111027332161798,-0.11110997667921829
24167,0.25,-0.11111024642781189,1.758383386903917e-9,4.193308224903003e-5,4.576425680150776e-5,0.11111024642781189,-0.11110997825385832
24168,0.625,-0.11111021353789041,2.09821650006861e-9,4.58062932365042e-5,4.467353848815832e-5,0.11111021353789041,-0.11110997871152127
24169,1.5625,-0.11111016587215038,2.3493410735176568e-9,4.8470001789948976e-5,4.182309718924916e-5,0.11111016587215038,-0.11110997620425984
24170,3.90625,-0.11111008830884375,2.303950457653469e-9,4.799948393111606e-5,3.443383922557454e-5,0.11111008830884375,-0.11110996712250958
24171,9.765625,-0.11110998884410844,1.6056886017694667e-9,4.007104443072911e-5,1.6813929184326225e-5,0.11110998884410844,-0.11110995033641109
24172,24.4140625,-0.11111008749402072,3.3792143101209753e-10,1.838263939188542e-5,2.4421092371726627e-5,0.11111008749402072,-0.11110994733820588
24173,9.765625,-0.11111029283218168,7.328084577762251e-11,8.560423224211669e-6,6.699440237520374e-5,0.11111029283218168,-0.11110995347931553
24174,3.90625,-0.11111042626248525,9.699282078678197e-12,3.1143670430246654e-6,7.444691603545597e-5,0.11111042626248525,-0.11110995946004508
24175,1.5625,-0.1111105454473665,6.434778601098233e-11,8.021707175594378e-6,7.426675695211668e-5,0.1111105454473665,-0.11110996489019648
24176,0.625,-0.11111066034693423,2.2107854109506356e-10,1.4868710135551892e-5,7.298094375564518e-5,0.11111066034693423,-0.11110997002622516
24177,0.25,-0.11111077389814007,4.762824752563736e-10,2.1823896885212173e-5,7.195050265011276e-5,0.11111077389814007,-0.11110997504618514
24178,0.1,-0.11111088708171296,8.290223645360071e-10,2.8792748471377424e-5,7.129142252093732e-5,0.11111088708171296,-0.11110998002854099
24179,0.1,-0.1111109994713646,1.276338218917461e-9,3.572587604128779e-5,7.088893333290733e-5,0.1111109994713646,-0.1111099848986415
24180,0.1,-0.11111111091418431,1.8153124667441413e-9,4.2606483858024954e-5,7.042260896298924e-5,0.11111111091418431,-0.11110998963892027
24181,0.1,-0.1111112212584003,2.44270864753834e-9,4.942376601937918e-5,6.989289281622715e-5,0.1111112212584003,-0.11110999423240513
24182,0.1,-0.11111133035373189,3.1549850055656092e-9,5.616925320462797e-5,6.930032864971964e-5,0.11111133035373189,-0.1111099986627849
24183,0.25,-0.11111143432986713,3.927038235650848e-9,6.266608521082874e-5,6.86485239603331e-5,0.11111143432986713,-0.11111000221352836
24184,0.625,-0.11111152394273208,4.691160377925341e-9,6.849204609241383e-5,6.702052715499964e-5,0.11111152394273208,-0.11111000326417335
24185,1.5625,-0.11111157501172979,5.259247901199955e-9,7.252067223350839e-5,6.275469504016284e-5,0.11111157501172979,-0.11110999766842665
24186,3.90625,-0.1111115298624864,5.1676799208584e-9,7.188657677799381e-5,5.166713378378017e-5,0.1111115298624864,-0.11110997729404053
24187,9.765625,-0.11111128313830632,3.6163466935776188e-9,6.013606815861525e-5,2.4953419505751558e-5,0.11111128313830632,-0.11110993942323016
24188,24.4140625,-0.11111079746419691,7.712169608638622e-10,2.7770793306347266e-5,3.561674471946627e-5,0.11111079746419691,-0.11110993215231271
24189,9.765625,-0.11111063071485448,1.6913927221882478e-10,1.3005355520662431e-5,0.00010024059261447379,0.11111063071485448,-0.11110994590685938
24190,3.90625,-0.11111047488479096,2.0562760983611603e-11,4.534618063697493e-6,0.00011164637104249601,0.11111047488479096,-0.11110995938213904
24191,1.5625,-0.11111032851184192,1.386801640292202e-10,1.1776254244420005e-5,0.00011146704378728433,0.11111032851184192,-0.1111099716320741
24192,0.625,-0.1111101857798995,4.869257927717657e-10,2.206639510141531e-5,0.00010957509029301133,0.1111101857798995,-0.11110998322016587
24193,0.25,-0.11111004455185632,1.0570971796698698e-9,3.2513030920999504e-5,0.00010804452200975545,0.11111004455185632,-0.11110999454528604
24194,0.1,-0.11110990406543796,1.847061114057477e-9,4.297744890122583e-5,0.00010706231946118422,0.11110990406543796,-0.11111000578446975
24195,0.1,-0.11110976443639677,2.8502321546945133e-9,5.3387565543809106e-5,0.00010646149234685936,0.11110976443639677,-0.11111001677186316
24196,0.1,-0.11110962576121558,4.060090673387285e-9,6.37188408038571e-5,0.00010576474476198086,0.11110962576121558,-0.11111002746782046
24197,0.1,-0.11110948813501452,5.4694003711008e-9,7.395539446923937e-5,0.0001049727500396543,0.11110948813501452,-0.1111100378340299
24198,0.1,-0.11110935165156771,7.070238615300196e-9,8.4084710948544e-5,0.00010408632631978012,0.11110935165156771,-0.1111100478336613
24199,0.25,-0.11110921857244774,8.806585030757752e-9,9.384340696478231e-5,0.00010311085161785914,0.11110921857244774,-0.1111100558589802
24200,0.625,-0.1111090945072476,1.0527202893523172e-8,0.00010260215832780114,0.00010067343094103981,0.1111090945072476,-0.11111005826957608
24201,1.5625,-0.11110899495378135,1.1811574755913444e-8,0.00010868106898587925,9.428319490919006e-5,0.11110899495378135,-0.11111004574041876
24202,3.90625,-0.11110896223245745,1.1621595756545992e-8,0.00010780350530732288,7.765517292574183e-5,0.11110896223245745,-0.1111099999285432
24203,9.765625,-0.1111091085996875,8.157539165585271e-9,9.031909635057955e-5,3.737250222474038e-5,0.1111091085996875,-0.11110991441928968
24204,24.4140625,-0.11110991760238012,1.1817485413711784e-10,1.0870825825902917e-5,5.154117300259532e-5,0.11110991760238012,-0.11110996279334757
24205,9.765625,-0.11111078841578668,1.2406494004190413e-10,1.1138444237949218e-5,2.9418460038685326e-5,0.11111078841578668,-0.11110996202994033
24206,3.90625,-0.11111110566206467,1.4172101598377565e-10,1.1904663623293841e-5,1.9913908760137187e-5,0.11111110566206467,-0.11110996173830757
24207,1.5625,-0.11111136154933277,1.642476431350395e-10,1.2815913667586853e-5,1.586416142326801e-5,0.11111136154933277,-0.11110996168847653
24208,3.90625,-0.11111141600749727,1.6442715746084259e-10,1.2822915326119977e-5,1.4064568986629522e-5,0.11111141600749727,-0.11110996113069642
24209,9.765625,-0.11111100271606379,1.1072593840595548e-10,1.052263932699185e-5,1.0126332705931411e-5,0.11111100271606379,-0.11110995999883018
24210,24.4140625,-0.11111027966315931,2.096574204385356e-11,4.5788363198364665e-6,9.304575525811996e-6,0.11111027966315931,-0.11110995984731645
24211,9.765625,-0.11111061506122094,4.688180368087845e-12,2.165220628039518e-6,1.8153592685421724e-5,0.11111061506122094,-0.11110996028812692
24212,3.90625,-0.111110723369745,1.9896029045846885e-12,1.4105328442062909e-6,1.9523086570668954e-5,0.111110723369745,-0.11110996068944752
24213,1.5625,-0.11111080614993454,6.763033050507751e-12,2.6005832135326394e-6,1.9261623338441408e-5,0.11111080614993454,-0.11110996105067471
24214,0.625,-0.11111088258003443,1.796512212169263e-11,4.238528296672399e-6,1.8828570150041562e-5,0.11111088258003443,-0.11110996139149189
24215,0.25,-0.11111095714137026,3.534161194236489e-11,5.944881154603925e-6,1.8500828749620442e-5,0.11111095714137026,-0.11110996172366548
24216,0.1,-0.11111103114241917,5.880005009042716e-11,7.668119071221258e-6,1.828384058874301e-5,0.11111103114241917,-0.11110996205214255
24217,0.1,-0.11111110245533327,8.808037853527464e-11,9.385114732131657e-6,1.8140318244043784e-5,0.11111110245533327,-0.11110996237167507
24218,0.1,-0.11111117081583938,1.2294775509209889e-10,1.108818087388995e-5,1.7985804050575643e-5,0.11111117081583938,-0.11110996268139178
24219,0.1,-0.11111123597193351,1.631515915195293e-10,1.2773080737219557e-5,1.7819915699452784e-5,0.11111123597193351,-0.11110996298044239
24220,0.1,-0.11111129768467837,2.0842628056006447e-10,1.4436976157078894e-5,1.7642384564780633e-5,0.11111129768467837,-0.11110996326800386
24221,0.25,-0.11111134619861146,2.5696147305947214e-10,1.6030017874583677e-5,1.7454565693542386e-5,0.11111134619861146,-0.11110996349768348
24222,0.625,-0.11111135989935422,3.04012753644047e-10,1.7435961506152937e-5,1.7031253505082455e-5,0.11111135989935422,-0.11110996356629933
24223,1.5625,-0.11111128599904659,3.367518581488817e-10,1.8350799932125075e-5,1.5976134637145763e-5,0.11111128599904659,-0.11110996321412014
24224,3.90625,-0.11111101642387361,3.250526953716356e-10,1.8029217824732044e-5,1.3345215942335165e-5,0.11111101642387361,-0.1111099619504963
24225,9.765625,-0.11111045191911369,2.2215427364811732e-10,1.4904840611295288e-5,7.76369241161322e-6,0.11111045191911369,-0.11110995967113084
24226,24.4140625,-0.11111011345559797,4.658018680929766e-11,6.824967898041547e-6,1.0721976945096096e-5,0.11111011345559797,-0.1111099593240615
24227,9.765625,-0.11111035402027299,1.0379835397573126e-11,3.2217751935188038e-6,2.5386689586085632e-5,0.11111035402027299,-0.11110996019404946
24228,3.90625,-0.11111045373244599,2.2667065924011863e-12,1.5055585649190755e-6,2.7982426795856534e-5,0.11111045373244599,-0.11110996103303959
24229,1.5625,-0.111110533842869,1.0414520055491345e-11,3.2271535531318222e-6,2.7842171376248444e-5,0.111110533842869,-0.1111099617942534
24230,0.625,-0.11111060857776205,3.256558730999822e-11,5.706626613858508e-6,2.7325324718539784e-5,0.11111060857776205,-0.11110996251410932
24231,0.25,-0.11111068159942568,6.819465901912976e-11,8.258005753154315e-6,2.6915549867804395e-5,0.11111068159942568,-0.11110996321714162
24232,0.1,-0.11111075406121722,1.1714305607663593e-10,1.082326457574774e-5,2.664833254652297e-5,0.11111075406121722,-0.1111099639140448
24233,0.1,-0.11111082535223694,1.789628596997155e-10,1.3377700090064641e-5,2.647861970564443e-5,0.11111082535223694,-0.1111099645942743
24234,0.1,-0.11111089530196237,2.5321889458558346e-10,1.5912853125243867e-5,2.628705727250546e-5,0.11111089530196237,-0.11110996525554345
24235,0.1,-0.11111096374450313,3.394348175991918e-10,1.842375688070139e-5,2.6073680957946216e-5,0.11111096374450313,-0.11110996589564269
24236,0.1,-0.11111103051907878,4.3709487853800067e-10,2.0906814165195056e-5,2.5838590312359472e-5,0.11111103051907878,-0.11110996651245073
24237,0.25,-0.11111109093051574,5.426619783898467e-10,2.3295106318492018e-5,2.5583358203108118e-5,0.11111109093051574,-0.11110996700723315
24238,0.625,-0.11111113404402635,6.466632301797741e-10,2.5429573928396324e-5,2.4972474287131356e-5,0.11111113404402635,-0.11110996715765371
24239,1.5625,-0.11111113217066335,7.229103773407327e-10,2.688699271656711e-5,2.3402888560760327e-5,0.11111113217066335,-0.11110996639691713
24240,3.90625,-0.11111102443000725,7.073279852833921e-10,2.65956384635412e-5,1.9381595407172228e-5,0.11111102443000725,-0.1111099636232462
24241,9.765625,-0.11111073099205528,4.912311552286832e-10,2.2163735137126216e-5,1.013971667005221e-5,0.11111073099205528,-0.11110995851273814
24242,24.4140625,-0.11111041397090178,1.0265658604711108e-10,1.0131958648114938e-5,1.4378211595896802e-5,0.11111041397090178,-0.11110995765743609
24243,9.765625,-0.11111045183903241,2.210933694111597e-11,4.702056671406244e-6,3.7367366118220596e-5,0.11111045183903241,-0.11110995956256564
24244,3.90625,-0.11111043605752882,3.2712082661308967e-12,1.8086481874955385e-6,4.139424290946397e-5,0.11111043605752882,-0.11110996140804007
24245,1.5625,-0.11111041601742928,2.06207487972665e-11,4.5410074650088935e-6,4.125351748217767e-5,0.11111041601742928,-0.11110996308219628
24246,0.625,-0.11111039516112572,6.918934044700265e-11,8.318013010749783e-6,4.052073269596055e-5,0.11111039516112572,-0.11110996466533231
24247,0.25,-0.11111037412122944,1.4784778542887295e-10,1.2159267470899428e-5,3.993649561328322e-5,0.11111037412122944,-0.11110996621226267
24248,0.1,-0.11111035305946253,2.5628286929127954e-10,1.6008837224835524e-5,3.956040045293602e-5,0.11111035305946253,-0.11110996774699336
24249,0.1,-0.11111033175868301,3.935564155410216e-10,1.9838256363426238e-5,3.932739685446905e-5,0.11111033175868301,-0.11110996924643607
24250,0.1,-0.11111031019195168,5.587470873179078e-10,2.3637831696623695e-5,3.9059804667519926e-5,0.11111031019195168,-0.11110997070529313
24251,0.1,-0.11111028833445245,7.508382675437512e-10,2.7401428202627525e-5,3.875785015393745e-5,0.11111028833445245,-0.11110997211844974
24252,0.1,-0.11111026616364827,9.687222257376936e-10,3.1124302815287184e-5,3.842182191723161e-5,0.11111026616364827,-0.1111099734809948
24253,0.25,-0.11111024267703898,1.204670752606039e-9,3.470836718438421e-5,3.8053931123272184e-5,0.11111024267703898,-0.11110997457334194
24254,0.625,-0.11111021571915636,1.4378959038953888e-9,3.791959788678394e-5,3.7149406808655325e-5,0.11111021571915636,-0.11110997489961713
24255,1.5625,-0.11111018041281884,1.6107217648182549e-9,4.0133798285463276e-5,3.479596315418678e-5,0.11111018041281884,-0.11110997319216738
24256,3.90625,-0.11111012945034052,1.5811468157982238e-9,3.9763636853263605e-5,2.8707038789708734e-5,0.11111012945034052,-0.1111099669692801
24257,9.765625,-0.11111007578075204,1.1045674255528706e-9,3.323503310593914e-5,1.4243227365661821e-5,0.11111007578075204,-0.11110995542459329
24258,24.4140625,-0.11111018180856005,2.33771754670651e-10,1.5289596288674564e-5,2.025487554864496e-5,0.11111018180856005,-0.11110995330092648
24259,9.765625,-0.11111033622495997,5.0640208349802477e-11,7.116193389010902e-6,5.563738277351385e-5,0.11111033622495997,-0.1111099575386082
24260,3.90625,-0.11111043976096137,6.200995499840299e-12,2.4901798127525447e-6,6.1860385971386e-5,0.11111043976096137,-0.11110996167248346
24261,1.5625,-0.11111053260496281,4.32727110074453e-11,6.578199678289289e-6,6.172403386351001e-5,0.11111053260496281,-0.1111099654268775
24262,0.625,-0.11111062219998452,1.5066399003570625e-10,1.227452606155147e-5,6.065916573043774e-5,0.11111062219998452,-0.11110996897747633
24263,0.25,-0.11111071076360655,3.258476781547188e-10,1.8051251429048314e-5,5.980147227642798e-5,0.11111071076360655,-0.11110997244695367
24264,0.1,-0.1111107990387662,5.681467726555633e-10,2.383582959864337e-5,5.9249887218311366e-5,0.1111107990387662,-0.11110997588950579
24265,0.1,-0.11111088670281928,8.755118364321513e-10,2.958904926543182e-5,5.8910407259549005e-5,0.11111088670281928,-0.11110997925409627
24266,0.1,-0.11111097363975542,1.2459174833911015e-9,3.5297556337388305e-5,5.851833460266523e-5,0.11111097363975542,-0.11110998252868191
24267,0.1,-0.11111105973433681,1.6771210413757682e-9,4.095266830593299e-5,5.8074034501332414e-5,0.11111105973433681,-0.11110998570163141
24268,0.1,-0.11111114487235298,2.1666718982254926e-9,4.654752300848556e-5,5.757795684457835e-5,0.11111114487235298,-0.11110998876176874
24269,0.25,-0.11111122611846189,2.6973677059089662e-9,5.193618878882976e-5,5.7033252322339164e-5,0.11111122611846189,-0.11110999121692362
24270,0.625,-0.11111129645189304,3.222831379881005e-9,5.6769986611597905e-5,5.5681880217944245e-5,0.11111129645189304,-0.11110999195364102
24271,1.5625,-0.11111133745021444,3.6142034349409226e-9,6.011824544130444e-5,5.2150424014408525e-5,0.11111133745021444,-0.11110998812152025
24272,3.90625,-0.11111130479254187,3.553604163065919e-9,5.961211423079976e-5,4.298103183116776e-5,0.11111130479254187,-0.11110997412147718
24273,9.765625,-0.11111111510810254,2.4907943649058935e-9,4.99078587489575e-5,2.091494218204358e-5,0.11111111510810254,-0.11110994803732528
24274,24.4140625,-0.11111072482062058,5.330216895046249e-10,2.3087262494817892e-5,2.947406046917893e-5,0.11111072482062058,-0.11110994293501539
24275,9.765625,-0.11111058136994272,1.166065059612567e-10,1.0798449238722044e-5,8.323873659479249e-5,0.11111058136994272,-0.11110995242767019
24276,3.90625,-0.11111045045979552,1.32141982304872e-11,3.6351338669280393e-6,9.274969757361702e-5,0.11111045045979552,-0.11110996173581758
24277,1.5625,-0.11111032792999487,9.381399311721116e-11,9.685762392151232e-6,9.261241396509223e-5,0.11111032792999487,-0.11110997019784166
24278,0.625,-0.11111020853239305,3.3307919747255187e-10,1.8250457459268023e-5,9.104170499317663e-5,0.11111020853239305,-0.11110997820125268
24279,0.25,-0.11111009038766269,7.252836469697594e-10,2.693109071259015e-5,8.976641104451648e-5,0.11111009038766269,-0.11110998602125705
24280,0.1,-0.11110997283011266,1.2689010180519624e-9,3.5621636936726563e-5,8.894449241427344e-5,0.11110997283011266,-0.11110999378018843
24281,0.1,-0.11110985598963664,1.9593681789473405e-9,4.426475097577462e-5,8.843849458324648e-5,0.11110985598963664,-0.11111000136430854
24282,0.1,-0.11110973995385821,2.792159087826316e-9,5.284088462380542e-5,8.785321363232713e-5,0.11110973995385821,-0.11111000874637746
24283,0.1,-0.1111096248093899,3.762257518324799e-9,6.13372441370233e-5,8.718921363561131e-5,0.1111096248093899,-0.1111100159000806
24284,0.1,-0.11110951064181153,4.864178016560656e-9,6.974365932872074e-5,8.64471791141886e-5,0.11110951064181153,-0.11111002280012855
24285,0.25,-0.11110939953190914,6.05943363002734e-9,7.7842363980209e-5,8.563178256220683e-5,0.11110939953190914,-0.11111002834032079
24286,0.625,-0.11110929661265281,7.244167298474229e-9,8.511267413537321e-5,8.36057988517681e-5,0.11110929661265281,-0.1111100300153402
24287,1.5625,-0.11110921596947029,8.129589319076463e-9,9.01642352547642e-5,7.830611911875939e-5,0.11110921596947029,-0.11111002140566616
24288,3.90625,-0.11110919547357127,8.002348696527547e-9,8.945584774919718e-5,6.452582187433893e-5,0.11110919547357127,-0.11110998987069229
24289,9.765625,-0.11110933210211535,5.623071775526375e-9,7.498714406834264e-5,3.1140565849476416e-5,0.11110933210211535,-0.11110993092223971
24290,24.4140625,-0.11110995736774072,8.103557876991934e-11,9.001976381324233e-6,4.2578906628240884e-5,0.11110995736774072,-0.11110996422889709
24291,9.765625,-0.11111076170380917,8.497754067920043e-11,9.218326349137376e-6,2.4474037733656528e-5,0.11111076170380917,-0.11110996371865942
24292,3.90625,-0.11111105523417283,9.715630054010819e-11,9.856789565579058e-6,1.6636455678197952e-5,0.11111105523417283,-0.11110996352319413
24293,1.5625,-0.11111129196649062,1.125934237572708e-10,1.0611004842015237e-5,1.3314205166598776e-5,0.11111129196649062,-0.11110996349362186
24294,0.625,-0.11111151404743073,1.3083632811929284e-10,1.1438370868235251e-5,1.1859846817071644e-5,0.11111151404743073,-0.11110996354117603
24295,1.5625,-0.11111164507876693,1.4257669427521869e-10,1.194054832389278e-5,1.1186974897659343e-5,0.11111164507876693,-0.11110996341150128
24296,3.90625,-0.11111153435639196,1.3213898673078333e-10,1.1495172322796355e-5,9.587679759724332e-6,0.11111153435639196,-0.11110996292006478
24297,9.765625,-0.11111094814757634,8.049789885719261e-11,8.972062129588304e-6,6.947871619693848e-6,0.11111094814757634,-0.1111099621414619
24298,24.4140625,-0.11111023975015762,1.3740558633846819e-11,3.7068259513830453e-6,9.873075235527157e-6,0.11111023975015762,-0.11110996225283874
24299,9.765625,-0.11111052968844103,2.482596395224928e-12,1.575625715461933e-6,1.7197300532338244e-5,0.11111052968844103,-0.11110996264330923
24300,3.90625,-0.11111062152713905,1.9130687741417554e-12,1.3831372940318526e-6,1.8094516069674563e-5,0.11111062152713905,-0.1111099629799893
24301,1.5625,-0.11111068926200414,7.373686159078814e-12,2.7154532143049e-6,1.772449136718903e-5,0.11111068926200414,-0.1111099632802405
24302,0.625,-0.11111075089203434,1.811968197486911e-11,4.256721975284398e-6,1.7289648982577527e-5,0.11111075089203434,-0.11110996356427873
24303,0.25,-0.11111081068180774,3.3987287765485975e-11,5.829861727818763e-6,1.6986501086818292e-5,0.11111081068180774,-0.1111099638423877
24304,0.1,-0.11111086989901438,5.4923447122082884e-11,7.411035495940016e-6,1.6797258101255116e-5,0.11111086989901438,-0.11110996411849623
24305,0.1,-0.11111092702165482,8.071454135069165e-11,8.984127189142618e-6,1.6678940592310767e-5,0.11111092702165482,-0.11110996438746205
24306,0.1,-0.11111098182296016,1.1117088580357506e-10,1.054376051527988e-5,1.6548879770723653e-5,0.11111098182296016,-0.11110996464848444
24307,0.1,-0.11111103408586731,1.4608815685178766e-10,1.208669337957192e-5,1.640696036473672e-5,0.11111103408586731,-0.11110996490078916
24308,0.1,-0.11111108360370951,1.8524813305196249e-10,1.3610589004593537e-5,1.625313692129825e-5,0.11111108360370951,-0.11110996514363217
24309,0.25,-0.11111112263003117,2.2708275898827679e-10,1.50692653765297e-5,1.6088564104169706e-5,0.11111112263003117,-0.11110996533614048
24310,0.625,-0.11111113381284378,2.6747816109935133e-10,1.635475958549533e-5,1.5702198800750082e-5,0.11111113381284378,-0.1111099653882096
24311,1.5625,-0.11111107450255969,2.952860980404145e-10,1.7183890654924878e-5,1.4724229210154273e-5,0.11111107450255969,-0.11110996507370273
24312,3.90625,-0.11111085653610327,2.8418657571377443e-10,1.6857834253360497e-5,1.2278390745378845e-5,0.11111085653610327,-0.1111099639675723
24313,9.765625,-0.11111039586372691,1.9296151505832456e-10,1.3891058817034955e-5,7.176343404906811e-6,0.11111039586372691,-0.11110996199649774
24314,24.4140625,-0.1111101133538082,3.9331283969295844e-11,6.271465854909508e-6,1.0520544761842115e-5,0.1111101133538082,-0.11110996176633832
24315,9.765625,-0.1111103402125521,8.422733351367644e-12,2.9021945750358717e-6,2.403573473069101e-5,0.1111103402125521,-0.11110996254536408
24316,3.90625,-0.11111043899366543,1.958223876786737e-12,1.3993655265107602e-6,2.6363882423410673e-5,0.11111043899366543,-0.11110996328699549
24317,1.5625,-0.11111051998137067,9.750414582015737e-12,3.1225653847462887e-6,2.6197956256554078e-5,0.11111051998137067,-0.11110996395867868
24318,0.625,-0.11111059604050293,2.986885249556649e-11,5.465240387720058e-6,2.5705902597907607e-5,0.11111059604050293,-0.11110996459430342
24319,0.25,-0.11111067052324973,6.187799304729761e-11,7.866256609550544e-6,2.532443215238243e-5,0.11111067052324973,-0.1111099652157778
24320,0.1,-0.11111074449012116,1.0565526934043119e-10,1.027887490635192e-5,2.508028422538996e-5,0.11111074449012116,-0.11110996583248466
24321,0.1,-0.11111081736020058,1.6081092268204938e-10,1.2681124661560952e-5,2.4928652729916828e-5,0.11111081736020058,-0.11110996643481681
24322,0.1,-0.11111088897518896,2.2696858582684565e-10,1.5065476621296972e-5,2.4755910504488516e-5,0.11111088897518896,-0.1111099670207132
24323,0.1,-0.1111109591810646,3.0371434692827733e-10,1.742740218530224e-5,2.4562156285538963e-5,0.1111109591810646,-0.1111099675881839
24324,0.1,-0.11111102782851108,3.9059838366974284e-10,1.976356201876936e-5,2.434753911630034e-5,0.11111102782851108,-0.1111099681353193
24325,0.25,-0.11111109053117792,4.844617687236103e-10,2.2010492241738036e-5,2.4113447687490657e-5,0.11111109053117792,-0.11110996857400482
24326,0.625,-0.11111113708036159,5.768380573208276e-10,2.4017453181401806e-5,2.3543006891930377e-5,0.11111113708036159,-0.11110996870613739
24327,1.5625,-0.11111114160958506,6.443226444571958e-10,2.5383511271240545e-5,2.2067201646897755e-5,0.11111114160958506,-0.11110996802720284
24328,3.90625,-0.11111104704648009,6.296994534263367e-10,2.5093813050756887e-5,1.828058169200575e-5,0.11111104704648009,-0.11110996555883315
24329,9.765625,-0.11111077675720835,4.3621778923915177e-10,2.088582747317309e-5,9.624816714008207e-6,0.11111077675720835,-0.11110996102624335
24330,24.4140625,-0.11111046807752523,9.052259041099243e-11,9.514336046776591e-6,1.3783471388803934e-5,0.11111046807752523,-0.1111099603052869
24331,9.765625,-0.11111048411108233,1.9475812971271917e-11,4.413140941695825e-6,3.52939759537848e-5,0.11111048411108233,-0.11110996200179382
24332,3.90625,-0.11111045773042987,3.0969996583859054e-12,1.7598294401406932e-6,3.9049931165650945e-5,0.11111045773042987,-0.11110996364144514
24333,1.5625,-0.1111104283609342,1.8818041483697792e-11,4.337976657809236e-6,3.8907300937314455e-5,0.1111104283609342,-0.11110996512892195
24334,0.625,-0.11111039853432474,6.226359248144386e-11,7.890728260524745e-6,3.821683317430983e-5,0.11111039853432474,-0.11110996653615218
24335,0.25,-0.11111036863810998,1.324521731098665e-10,1.150878677836489e-5,3.766992733970627e-5,0.11111036863810998,-0.11110996791183984
24336,0.1,-0.11111033875494271,2.2912151252292334e-10,1.5136760304732428e-5,3.73203705964428e-5,0.11111033875494271,-0.1111099692772352
24337,0.1,-0.1111103087102069,3.5144471594201204e-10,1.8746858828668125e-5,3.7105967923678516e-5,0.1111103087102069,-0.11110997061163025
24338,0.1,-0.1111102784887415,4.986116971161005e-10,2.2329614799993764e-5,3.685871203019187e-5,0.1111102784887415,-0.11110997191028593
24339,0.1,-0.11111024807714427,6.697265332802566e-10,2.5879075201410434e-5,3.6578831841505455e-5,0.11111024807714427,-0.11110997316862659
24340,0.1,-0.11111021746389664,8.638111925687688e-10,2.9390665058293062e-5,3.626661270289182e-5,0.11111021746389664,-0.11110997438225721
24341,0.25,-0.11111018597157636,1.0739636098763698e-9,3.277138400916827e-5,3.5924035733003765e-5,0.11111018597157636,-0.11110997535541854
24342,0.625,-0.11111015219791667,1.2816064624597186e-9,3.5799531595535136e-5,3.507448982018199e-5,0.11111015219791667,-0.11110997564622674
24343,1.5625,-0.11111011315463414,1.435198614485377e-9,3.78840152899e-5,3.285685311765428e-5,0.11111011315463414,-0.1111099741255931
24344,3.90625,-0.11111006558990623,1.407938964288797e-9,3.752251276618874e-5,2.7116099463354663e-5,0.11111006558990623,-0.11110996858634281
24345,9.765625,-0.11111002733479354,9.820120754973666e-10,3.133707190369525e-5,1.3529738121659802e-5,0.11111002733479354,-0.11110995832889457
24346,24.4140625,-0.11111014966904922,2.0709577203451629e-10,1.439082249332943e-5,1.930641928458307e-5,0.11111014966904922,-0.1111099564850116
24347,9.765625,-0.11111030463102026,4.5018793257799844e-11,6.709604553012036e-6,5.2489136936963645e-5,0.11111030463102026,-0.11110996025064543
24348,3.90625,-0.11111041083771936,5.988371825938472e-12,2.4471150005544225e-6,5.832014830421606e-5,0.11111041083771936,-0.11110996392055186
24349,1.5625,-0.11111050663097692,3.930654572420603e-11,6.269493258964877e-6,5.818307009200739e-5,0.11111050663097692,-0.1111099672539872
24350,0.625,-0.11111059921643893,1.3507951256045042e-10,1.1622371210749139e-5,5.717971052254269e-5,0.11111059921643893,-0.11110997040743552
24351,0.25,-0.11111069077037862,2.9109077158081535e-10,1.7061382463939298e-5,5.637476564006398e-5,0.11111069077037862,-0.11110997348974687
24352,0.1,-0.11111078202628678,5.067605460617795e-10,2.2511342609044435e-5,5.5859421946030147e-5,0.11111078202628678,-0.11110997654891826
24353,0.1,-0.11111087269597626,7.802764909719796e-10,2.7933429631392913e-5,5.554429362202742e-5,0.11111087269597626,-0.11110997953932955
24354,0.1,-0.1111109626669148,1.1098507596446981e-9,3.331442269715473e-5,5.517937706836078e-5,0.1111109626669148,-0.11110998245024248
24355,0.1,-0.11111105182730409,1.4935009186172694e-9,3.864583960295428e-5,5.476502478307443e-5,0.11111105182730409,-0.11110998527128275
24356,0.1,-0.11111114006632371,1.9290582689492626e-9,4.392104585445641e-5,5.430166786810898e-5,0.11111114006632371,-0.11110998799248026
24357,0.25,-0.11111122458357849,2.401186949291669e-9,4.9001907608701e-5,5.37921689327778e-5,0.11111122458357849,-0.11110999017571394
24358,0.625,-0.11111129865709345,2.8685267176303733e-9,5.355862878780947e-5,5.2521126408558236e-5,0.11111129865709345,-0.11110999083008066
24359,1.5625,-0.11111134460158402,3.2161641639742105e-9,5.671123490080436e-5,4.919259902982665e-5,0.11111134460158402,-0.11110998741977547
24360,3.90625,-0.11111131963713389,3.1607851565471824e-9,5.622086051055411e-5,4.054676866274163e-5,0.11111131963713389,-0.11110997496892729
24361,9.765625,-0.1111111418645432,2.212972550186019e-9,4.704224218918587e-5,1.978565960130784e-5,0.1111111418645432,-0.11110995180265515
24362,24.4140625,-0.11111075910307276,4.724284147577722e-10,2.1735418439905227e-5,2.798348413025032e-5,0.11111075910307276,-0.11110994733690835
24363,9.765625,-0.1111106104370827,1.0365129100773243e-10,1.0180927806822541e-5,7.847750761945535e-5,0.1111106104370827,-0.11110995576494252
24364,3.90625,-0.11111047711074895,1.2546344975680904e-11,3.54208201142787e-6,8.74041609539295e-5,0.11111047711074895,-0.11110996402407705
24365,1.5625,-0.11111035237888658,8.470837135327437e-11,9.203715084316462e-6,8.726600358461611e-5,0.11111035237888658,-0.11110997153315276
24366,0.625,-0.11111023082509942,2.977283123968814e-10,1.7254805487077545e-5,8.578641061222054e-5,0.11111023082509942,-0.11110997863678214
24367,0.25,-0.11111011052410404,6.465690483090154e-10,2.5427722043254592e-5,8.458853896055973e-5,0.11111011052410404,-0.11110998557908776
24368,0.1,-0.11110999079410304,1.12991169011733e-9,3.36141590719942e-5,8.381908701583271e-5,0.11110999079410304,-0.11110999246844998
24369,0.1,-0.11110987175528132,1.7437192857012803e-9,4.17578649562125e-5,8.334769565785729e-5,0.11110987175528132,-0.11110999920343738
24370,0.1,-0.1111097534973803,2.483993081404047e-9,4.9839673769037126e-5,8.280138155263719e-5,0.1111097534973803,-0.11111000575980293
24371,0.1,-0.11110963610919056,3.3462965536741237e-9,5.7847182763503045e-5,8.21806772789409e-5,0.11110963610919056,-0.11111001211411729
24372,0.1,-0.11110951967852288,4.325774011833159e-9,6.577061662956459e-5,8.148622872940324e-5,0.11110951967852288,-0.11111001824386003
24373,0.25,-0.11110940630041291,5.3881645665000334e-9,7.340411818488139e-5,8.072230625868992e-5,0.11110940630041291,-0.11111002316538399
24374,0.625,-0.11110930115241449,6.440987420381688e-9,8.0255762536915e-5,7.881616019746156e-5,0.11110930115241449,-0.11111002465135014
24375,1.5625,-0.11110921842444238,7.227095657970303e-9,8.501232650604442e-5,7.382183206623164e-5,0.11110921842444238,-0.11111001699594193
24376,3.90625,-0.11110919607477668,7.1115783511024935e-9,8.433017461800072e-5,6.083107838910003e-5,0.11110919607477668,-0.1111099889726317
24377,9.765625,-0.11110933007067858,4.9930468859511914e-9,7.066149507299709e-5,2.9402402821035047e-5,0.11110933007067858,-0.11110993664151024
24378,24.4140625,-0.11110993893639141,7.283783123963024e-11,8.534508259977855e-6,4.036787462611298e-5,0.11110993893639141,-0.11110996626913232
24379,9.765625,-0.11111073721191754,7.614199394205179e-11,8.72593799783449e-6,2.330745283729277e-5,0.11111073721191754,-0.11110996581986199
24380,3.90625,-0.11111103286486226,8.712824755308457e-11,9.334251311866666e-6,1.5963796120617746e-5,0.11111103286486226,-0.11110996565142212
24381,1.5625,-0.11111127143357244,1.0112997101933472e-10,1.0056339842076475e-5,1.2849699911532511e-5,0.11111127143357244,-0.11110996563066405
24382,0.625,-0.11111149523028181,1.1773623318763953e-10,1.0850632847333815e-5,1.1484569407015947e-5,0.11111149523028181,-0.11110996567871365
24383,1.5625,-0.11111162902634876,1.2851987488322952e-10,1.1336660658378618e-5,1.0851830129345228e-5,0.11111162902634876,-0.11110996556648216
24384,3.90625,-0.11111152324556593,1.1918904065884206e-10,1.0917373340636567e-5,9.349026707918283e-6,0.11111152324556593,-0.11110996512681716
24385,9.765625,-0.11111094410098526,7.238517339628916e-11,8.507947660645848e-6,6.875089664980931e-6,0.11111094410098526,-0.11110996442889748
24386,24.4140625,-0.11111023458376613,1.223800663777581e-11,3.4982862429732374e-6,9.533435168069358e-6,0.11111023458376613,-0.11110996453478415
24387,9.765625,-0.11111052799795584,2.2426828434728142e-12,1.4975589616014503e-6,1.6344663329148948e-5,0.11111052799795584,-0.11110996488599464
24388,3.90625,-0.11111062322658712,1.8313554297338833e-12,1.353275814360799e-6,1.7166630876200074e-5,0.11111062322658712,-0.11110996518813028
24389,1.5625,-0.11111069423485456,6.7999884211154684e-12,2.607678741930353e-6,1.6808015125362286e-5,0.11111069423485456,-0.1111099654577104
24390,0.625,-0.11111075908267996,1.6486639379777697e-11,4.0603742906015076e-6,1.6394828710727868e-5,0.11111075908267996,-0.11110996571292633
24391,0.25,-0.11111082206892338,3.074732051501649e-11,5.545026646916721e-6,1.6108410270625448e-5,0.11111082206892338,-0.11110996596294609
24392,0.1,-0.11111088447446045,4.953601324315419e-11,7.038182524143161e-6,1.5930344658445374e-5,0.11111088447446045,-0.11110996621124936
24393,0.1,-0.11111094477477508,7.266033379884623e-11,8.524103108177788e-6,1.581947831232473e-5,0.11111094477477508,-0.11110996645318286
24394,0.1,-0.11111100274112551,9.995007956063182e-11,9.99750366644753e-6,1.5697520587497588e-5,0.11111100274112551,-0.1111099666880301
24395,0.1,-0.1111110581544522,1.3122183964610816e-10,1.1455210152856566e-5,1.556437030972217e-5,0.1111110581544522,-0.11110996691509843
24396,0.1,-0.11111111080606455,1.6627967294748027e-10,1.2894947574437061e-5,1.5419992496111137e-5,0.11111111080606455,-0.11110996713372288
24397,0.25,-0.11111115290555369,2.0370732549056074e-10,1.4272607522473277e-5,1.5265469814124948e-5,0.11111115290555369,-0.11110996730725177
24398,0.625,-0.11111116698970065,2.397911536130278e-10,1.548519142965394e-5,1.4901759160265474e-5,0.11111116698970065,-0.1111099673549865
24399,1.5625,-0.11111111009150437,2.6447890703440836e-10,1.6262807477013566e-5,1.3980913087552535e-5,0.11111111009150437,-0.11110996707468564
24400,3.90625,-0.11111089312251303,2.5410750765658837e-10,1.594074990885273e-5,1.1683850729700207e-5,0.11111089312251303,-0.11110996608773525
24401,9.765625,-0.11111042926820562,1.7194947258158375e-10,1.3112950567343101e-5,6.958800192179889e-6,0.11111042926820562,-0.11110996433571674
24402,24.4140625,-0.11111013201128234,3.4810753089940055e-11,5.9000638208361826e-6,1.0150448787907386e-5,0.11111013201128234,-0.11110996414703857
24403,9.765625,-0.1111103503789531,7.459243750009001e-12,2.731161611843759e-6,2.2754269016669597e-5,0.1111103503789531,-0.11110996484358461
24404,3.90625,-0.11111044333848202,1.856703665239809e-12,1.3626091388361553e-6,2.4918962487906542e-5,0.11111044333848202,-0.11110996550500182
24405,1.5625,-0.11111051892394205,8.929141932152343e-12,2.9881669853193183e-6,2.4751522796626994e-5,0.11111051892394205,-0.11110996610397084
24406,0.625,-0.11111058971433574,2.6965174283547314e-11,5.192800235282243e-6,2.42837901993941e-5,0.11111058971433574,-0.11110996667093406
24407,0.25,-0.11111065897270635,5.558028164378285e-11,7.455218416906566e-6,2.3923008676960908e-5,0.11111065897270635,-0.11110996722540155
24408,0.1,-0.11111072772922544,9.466690276522224e-11,9.729691812448236e-6,2.36926868712076e-5,0.11111072772922544,-0.11110996777569564
24409,0.1,-0.11111079541850033,1.4387619825597628e-10,1.199484048480747e-5,2.3549948873022806e-5,0.11111079541850033,-0.11110996831318999
24410,0.1,-0.11111086188699637,2.0287229147595978e-10,1.4243324453088884e-5,2.3387329546990023e-5,0.11111086188699637,-0.11110996883605131
24411,0.1,-0.1111109269853916,2.7128578948058844e-10,1.6470755583171903e-5,2.3204923163255858e-5,0.1111109269853916,-0.1111099693425091
24412,0.1,-0.11111099056899791,3.48715246551177e-10,1.8673918885739463e-5,2.3002872171828256e-5,0.11111099056899791,-0.11110996983086482
24413,0.25,-0.11111104837803537,4.3233229035324424e-10,2.0792601817791927e-5,2.278247873193702e-5,0.11111104837803537,-0.11110997022250887
24414,0.625,-0.11111109050358366,5.145596021835411e-10,2.268390623732035e-5,2.2244930173574273e-5,0.11111109050358366,-0.11110997034084005
24415,1.5625,-0.11111109186164879,5.74461793507861e-10,2.3967932608129994e-5,2.0854253576040757e-5,0.11111109186164879,-0.11110996973643257
24416,3.90625,-0.11111099725843876,5.609204397895641e-10,2.368375898774441e-5,1.729036901028405e-5,0.11111099725843876,-0.11110996753948896
24417,9.765625,-0.11111073368100119,3.8780345274039106e-10,1.9692725883949916e-5,9.202336398474497e-6,0.11111073368100119,-0.11110996351460105
24418,24.4140625,-0.11111044178428138,8.006368895177962e-11,8.94783152231755e-6,1.319231297263431e-5,0.11111044178428138,-0.1111099628981014
24419,9.765625,-0.11111046705670327,1.723479286557583e-11,4.151480803951264e-6,3.3325569969660624e-5,0.11111046705670327,-0.111109964408502
24420,3.90625,-0.111110448484526,2.925982926677243e-12,1.7105504747528625e-6,3.683233886053656e-5,0.111110448484526,-0.11110996586547416
24421,1.5625,-0.1111104264141001,1.7107240919614653e-11,4.136090052164562e-6,3.6686066098892514e-5,0.1111104264141001,-0.11110996718697932
24422,0.625,-0.11111040370469202,5.5904204504783924e-11,7.4769114281756694e-6,3.603121948375178e-5,0.11111040370469202,-0.11110996843734805
24423,0.25,-0.11111038085852568,1.1845046272099894e-10,1.0883494968115662e-5,3.551456873525396e-5,0.11111038085852568,-0.11110996965985988
24424,0.1,-0.11111035799892721,2.0451579808071763e-10,1.4300902002346482e-5,3.518498971388093e-5,0.11111035799892721,-0.11110997087334563
24425,0.1,-0.1111103349480717,3.133629233896428e-10,1.770205986289852e-5,3.4983183796278964e-5,0.1111103349480717,-0.11110997205929045
24426,0.1,-0.11111031168555896,4.4427117706922024e-10,2.1077741270573093e-5,3.475041867112305e-5,0.11111031168555896,-0.11110997321348551
24427,0.1,-0.11111028819278951,5.964434636678892e-10,2.4422192032409564e-5,3.448691110522961e-5,0.11111028819278951,-0.11110997433186619
24428,0.1,-0.11111026445308851,7.690095773813673e-10,2.7731021931789087e-5,3.4192931574384555e-5,0.11111026445308851,-0.11110997541052955
24429,0.25,-0.11111023967625804,9.558123639559404e-10,3.091621522689898e-5,3.3870335122299844e-5,0.11111023967625804,-0.11110997627528882
24430,0.625,-0.11111021217809956,1.140284136977799e-9,3.376809347561391e-5,3.306971402778394e-5,0.11111021217809956,-0.11110997653316254
24431,1.5625,-0.11111017819747525,1.2764756126272867e-9,3.572779887744677e-5,3.097959846058898e-5,0.11111017819747525,-0.1111099751805302
24432,3.90625,-0.11111013243190372,1.2514313239739338e-9,3.537557524583783e-5,2.5572233915588375e-5,0.11111013243190372,-0.11110997025825549
24433,9.765625,-0.11111008765481051,8.715790298066149e-10,2.9522517335190352e-5,1.2825300796882089e-5,0.11111008765481051,-0.11110996115997268
24434,24.4140625,-0.11111018525437642,1.8305126154104098e-10,1.3529643806879802e-5,1.8372270465934554e-5,0.11111018525437642,-0.11110995956418768
24435,9.765625,-0.11111032629718418,3.977167270135135e-11,6.306478629263033e-6,4.9486740546628604e-5,0.11111032629718418,-0.11110996290882781
24436,3.90625,-0.11111042147116847,5.566998433678078e-12,2.3594487563153555e-6,5.4942046181174834e-5,0.11111042147116847,-0.11110996616321489
24437,1.5625,-0.11111050703055916,3.550029078852095e-11,5.95821204628712e-6,5.479916135493826e-5,0.11111050703055916,-0.11110996911851218
24438,0.625,-0.11111058964493763,1.2081653198709073e-10,1.099165738126379e-5,5.3849110757503326e-5,0.11111058964493763,-0.11110997191436119
24439,0.25,-0.11111067131327584,2.595592709932227e-10,1.6110843273808566e-5,5.308936224421973e-5,0.11111067131327584,-0.11110997464737711
24440,0.1,-0.11111075270708885,4.5121934361127045e-10,2.124192419747492e-5,5.2603723876926456e-5,0.11111075270708885,-0.11110997736006932
24441,0.1,-0.11111083355155738,6.941847031033087e-10,2.634738512838245e-5,5.230718693767837e-5,0.11111083355155738,-0.11110998001176663
24442,0.1,-0.11111091374323641,9.868678853602048e-10,3.1414453446784726e-5,5.1963739852381335e-5,0.11111091374323641,-0.11110998259294323
24443,0.1,-0.11111099317942245,1.3275084585313113e-9,3.643498948169618e-5,5.157371486012004e-5,0.11111099317942245,-0.11110998509439587
24444,0.1,-0.11111107175837844,1.7141804242847844e-9,4.140266204345784e-5,5.1137518759071834e-5,0.11111107175837844,-0.11110998750728111
24445,0.25,-0.11111114688426992,2.1332346902464213e-9,4.618695368008612e-5,5.065782992306357e-5,0.11111114688426992,-0.1111099894424289
24446,0.625,-0.11111121233830595,2.5478674810641403e-9,5.04764051915758e-5,4.946028561065708e-5,0.11111121233830595,-0.11110999002000166
24447,1.5625,-0.11111125178915608,2.855851621884651e-9,5.344016861766672e-5,4.632374046147101e-5,0.11111125178915608,-0.11110998698930055
24448,3.90625,-0.11111122589164561,2.805298842706566e-9,5.296507191259695e-5,3.817906900368201e-5,0.11111122589164561,-0.1111099759386867
24449,9.765625,-0.1111110602781421,1.961858375445585e-9,4.4292870480988074e-5,1.8663448729208712e-5,0.1111110602781421,-0.11110995540867
24450,24.4140625,-0.11111071321153412,4.174275067637059e-10,2.0431042723358635e-5,2.6528786314173788e-5,0.11111071321153412,-0.11110995152072638
24451,9.765625,-0.11111058235379773,9.148775838002233e-11,9.564923333724236e-6,7.392308865121678e-5,0.11111058235379773,-0.11110995899602488
24452,3.90625,-0.11111046388917079,1.1494512407848772e-11,3.390355793696109e-6,8.228498402797883e-5,0.11111046388917079,-0.11110996631170741
24453,1.5625,-0.1111103529819488,7.612360080268524e-11,8.724883999382757e-6,8.213870428417471e-5,0.1111103529819488,-0.11110997296140174
24454,0.625,-0.11111024488286844,2.655545662698785e-10,1.6295845061544937e-5,8.073973193806864e-5,0.11111024488286844,-0.11110997925210495
24455,0.25,-0.11111013789231554,5.753416474157152e-10,2.3986280399755925e-5,7.961007526900563e-5,0.11111013789231554,-0.1111099854003143
24456,0.1,-0.11111003140734572,1.004326080048676e-9,3.169110411532984e-5,7.88854030943269e-5,0.11111003140734572,-0.11110999150197688
24457,0.1,-0.11110992553766663,1.5489233333241324e-9,3.93563633142613e-5,7.84419996200658e-5,0.11110992553766663,-0.11110999746684622
24458,0.1,-0.11110982036323032,2.2055875998147096e-9,4.6963683839906655e-5,7.792801824337646e-5,0.11110982036323032,-0.11111000327342987
24459,0.1,-0.11110971596321695,2.970384371876879e-9,5.4501232755570574e-5,7.734396059278996e-5,0.11110971596321695,-0.11111000890096114
24460,0.1,-0.11110961241600707,3.839006962896975e-9,6.195972048756334e-5,7.669043544355629e-5,0.11110961241600707,-0.11111001432947978
24461,0.25,-0.11110951159064286,4.781011768006594e-9,6.91448607490578e-5,7.597143871336676e-5,0.11110951159064286,-0.11111001868628068
24462,0.625,-0.11110941810724569,5.714233370046755e-9,7.559254837645543e-5,7.417616691968298e-5,0.11110941810724569,-0.11111001999585274
24463,1.5625,-0.11110934463757258,6.410252601881807e-9,8.006405311924826e-5,6.947147633854959e-5,0.11110934463757258,-0.11111001319904665
24464,3.90625,-0.11110932513259308,6.3053489849217775e-9,7.940622762051965e-5,5.7236022936618566e-5,0.11110932513259308,-0.1111099883501931
24465,9.765625,-0.11110944570550545,4.423007009044624e-9,6.650569155376571e-5,2.767148381369497e-5,0.11110944570550545,-0.11110994200437058
24466,24.4140625,-0.11110988639790755,9.50293057815443e-10,3.0826823673798166e-5,3.892053145130122e-5,0.11110988639790755,-0.11110993276890119
24467,9.765625,-0.11111015375426,2.093648249629617e-10,1.4469444528486976e-5,0.00011076560009926396,0.11111015375426,-0.11110994956712181
24468,3.90625,-0.11111036591042692,2.3810789613468413e-11,4.87963006932579e-6,0.00012351442240743284,0.11111036591042692,-0.11110996607786328
24469,1.5625,-0.11111056157840263,1.6487802385767918e-10,1.2840483785966914e-5,0.0001233713975721655,0.11111056157840263,-0.11110998109771886
24470,0.625,-0.11111075198699237,5.876684323340818e-10,2.4241873531847365e-5,0.00012130099677219082,0.11111075198699237,-0.11110999530706493
24471,0.25,-0.11111094081472078,1.2820789241894158e-9,3.5806129701343255e-5,0.00011961642896105244,0.11111094081472078,-0.11111000919277592
24472,0.1,-0.11111112934344447,2.2454705070582696e-9,4.738639580151955e-5,0.00011853259112756662,0.11111112934344447,-0.11111002297183067
24473,0.1,-0.11111131717827198,3.4698344999206763e-9,5.890530111900521e-5,0.00011786816476223752,0.11111131717827198,-0.11111003644300031
24474,0.1,-0.11111150411394609,4.9472190998823045e-9,7.033647062429493e-5,0.00011709773324802566,0.11111150411394609,-0.11111004955776038
24475,0.1,-0.11111168994357369,6.668796777414842e-9,8.166270126205012e-5,0.0001162220325276593,0.11111168994357369,-0.11111006226921366
24476,0.1,-0.11111187445907385,8.624901209891304e-9,9.287034623544431e-5,0.00011524195895093043,0.11111187445907385,-0.1111100745322706
24477,0.25,-0.11111205293883505,1.0747364534858846e-8,0.00010366949664611498,0.0001141634782712452,0.11111205293883505,-0.11111008438431326
24478,0.625,-0.11111221382280353,1.2852074053345656e-8,0.00011336698837556573,0.00011147112014609528,0.11111221382280353,-0.11111008737826077
24479,1.5625,-0.11111232613325116,1.4426866539109787e-8,0.00012011189174727783,0.00010441393319820162,0.11111232613325116,-0.11111007211542019
24480,3.90625,-0.11111231223238197,1.4206234902629573e-8,0.00011918991107736247,8.604514514701305e-5,0.11111231223238197,-0.11111001613470459
24481,9.765625,-0.1111120087021807,9.99023140076853e-9,9.995114506982164e-5,4.1463216907814985e-5,0.1111120087021807,-0.11110991137100726
24482,24.4140625,-0.11111153483657044,1.4684098956538602e-10,1.211779639890793e-5,5.651608953457284e-5,0.11111153483657044,-0.11110997016956997
24483,9.765625,-0.11110981466780492,1.5090647511230738e-10,1.2284399664302175e-5,3.356302208512516e-5,0.11110981466780492,-0.11110996939229945
24484,3.90625,-0.11110916213784851,1.7584396544411319e-10,1.3260617083835623e-5,2.29245533750479e-5,0.11110916213784851,-0.11110996905617682
24485,1.5625,-0.11110863623082896,2.0752243621717126e-10,1.4405639042304623e-5,1.814430491398895e-5,0.11110863623082896,-0.11110996899937292
24486,0.625,-0.11110814331484993,2.4521620893082773e-10,1.5659380860392524e-5,1.596993827194366e-5,0.11110814331484993,-0.11110996907770622
24487,1.5625,-0.11110784509720233,2.6961353800349083e-10,1.6419912850057727e-5,1.4946147105748834e-5,0.11110784509720233,-0.11110996881313154
24488,3.90625,-0.11110806764127461,2.4734544512299065e-10,1.572721987901837e-5,1.2445263512355284e-5,0.11110806764127461,-0.11110996786216847
24489,9.765625,-0.11110932905161264,1.4407821133080283e-10,1.2003258363078036e-5,8.152421414492228e-6,0.11110932905161264,-0.11110996643893077
24490,24.4140625,-0.11111091857487627,2.514381813757236e-11,5.0143611893811914e-6,1.247862747286726e-5,0.11111091857487627,-0.11110996662063005
24491,9.765625,-0.11111025318161756,3.892878489329911e-12,1.9730378833995843e-6,2.269975451042252e-5,0.11111025318161756,-0.11110996732333289
24492,3.90625,-0.11111002212577813,3.4617822122620574e-12,1.8605865237236503e-6,2.3832869974642227e-5,0.11111002212577813,-0.11110996790602141
24493,1.5625,-0.11110984594595782,1.3950426195222423e-11,3.735026933667604e-6,2.3266724598431346e-5,0.11110984594595782,-0.11110996842001122
24494,0.625,-0.11110968394517845,3.402112901635888e-11,5.83276341165651e-6,2.2645509502877972e-5,0.11110968394517845,-0.11110996890450693
24495,0.25,-0.11110952628220788,6.33974502171008e-11,7.962251579616209e-6,2.222059824281165e-5,0.11110952628220788,-0.11110996937858121
24496,0.1,-0.11110936999850789,1.0199517938087176e-10,1.0099266279332957e-5,2.1958832925746074e-5,0.11110936999850789,-0.11110996984936801
24497,0.1,-0.11110921841269701,1.4939453301810775e-10,1.222270563411014e-5,2.179736633278519e-5,0.11110921841269701,-0.11110997030726369
24498,0.1,-0.11110907204439242,2.0523394095876486e-10,1.4325988306527576e-5,2.161927231173846e-5,0.11110907204439242,-0.11110997075080761
24499,0.1,-0.11110893139208894,2.6912398690467297e-10,1.640499883891105e-5,2.1424427330830312e-5,0.11110893139208894,-0.11110997117858964
24500,0.1,-0.11110879693164478,3.406491278476371e-10,1.8456682471333713e-5,2.1212802384955736e-5,0.11110879693164478,-0.11110997158926106
24501,0.25,-0.11110868605471204,4.167272997280401e-10,2.0413899669784803e-5,2.0985982969747062e-5,0.11110868605471204,-0.11110997190790067
24502,0.625,-0.11110863787950526,4.893371908785591e-10,2.2120967222943917e-5,2.0448588494885464e-5,0.11110863787950526,-0.1111099719703483
24503,1.5625,-0.11110874900071811,5.370602126069969e-10,2.3174559598986922e-5,1.908521174901931e-5,0.11110874900071811,-0.11110997136887994
24504,3.90625,-0.11110922158281276,5.110855979124319e-10,2.2607202345987702e-5,1.5681225182076298e-5,0.11110922158281276,-0.11110996935774133
24505,9.765625,-0.11111026487056867,3.4178703136787965e-10,1.8487483099867318e-5,8.573468586777132e-6,0.11111026487056867,-0.1111099658677104
24506,24.4140625,-0.11111101162372561,6.968987950528179e-11,8.348046448438209e-6,1.3592816855558639e-5,0.11111101162372561,-0.11110996546965579
24507,9.765625,-0.11111056646180414,1.4233696600299856e-11,3.7727571615861862e-6,3.169067869512191e-5,0.11111056646180414,-0.1111099668401884
24508,3.90625,-0.11111038677034539,2.870044009566704e-12,1.6941204235728652e-6,3.481512504698146e-5,0.11111038677034539,-0.11110996813700383
24509,1.5625,-0.11111024340744836,1.6853859267460553e-11,4.105345206856611e-6,3.458534396885751e-5,0.11111024340744836,-0.11110996930756414
24510,0.625,-0.11111011002452927,5.2741212108067566e-11,7.26231451453788e-6,3.392076946466663e-5,0.11111011002452927,-0.11110997041350099
24511,0.25,-0.11110997985739446,1.0976200563047786e-10,1.0476736401689118e-5,3.3406954167497846e-5,0.11110997985739446,-0.11110997149418489
24512,0.1,-0.11110985078211995,1.8770287386791678e-10,1.3700469841137448e-5,3.3078872374495834e-5,0.11110985078211995,-0.11110997256642986
24513,0.1,-0.11110972395247247,2.8586779866352117e-10,1.6907625459050162e-5,3.287574771500704e-5,0.11110972395247247,-0.1111099736131927
24514,0.1,-0.11110959967960606,4.035860550444465e-10,2.008945133756635e-5,3.264413809532411e-5,0.11110959967960606,-0.11110997463081004
24515,0.1,-0.11110947826520345,5.40119621839496e-10,2.324047378689806e-5,3.238416151604696e-5,0.11110947826520345,-0.11110997561574447
24516,0.1,-0.11110936000063232,6.946661544495024e-10,2.6356520150609836e-5,3.209600338086919e-5,0.11110936000063232,-0.11110997656460049
24517,0.25,-0.11110925357215609,8.615611909315089e-10,2.9352362612428815e-5,3.178148197724173e-5,0.11110925357215609,-0.11110997732067475
24518,0.625,-0.1111091791460263,1.0256305041947686e-9,3.202546649456911e-5,3.101271749637095e-5,0.1111091791460263,-0.11110997753180109
24519,1.5625,-0.11110918763510232,1.1449904994634232e-9,3.383770824780282e-5,2.902025320794999e-5,0.11110918763510232,-0.11110997630206097
24520,3.90625,-0.11110939029797894,1.1176466952200394e-9,3.343122335811299e-5,2.389362857352201e-5,0.11110939029797894,-0.11110997189910564
24521,9.765625,-0.11110992926160759,7.727464408790942e-10,2.7798317231068038e-5,1.1974996501507837e-5,0.11110992926160759,-0.11110996385297722
24522,24.4140625,-0.11111048629190058,1.6004496984791187e-10,1.2650888105105975e-5,1.7839424486401643e-5,0.11111048629190058,-0.11110996257342366
24523,9.765625,-0.11111038890922961,3.404695421004114e-11,5.834976796015657e-6,4.6763560497624705e-5,0.11111038890922961,-0.11110996556384857
24524,3.90625,-0.11111039222905167,5.052339739195809e-12,2.2477410302781343e-6,5.178288213069317e-5,0.11111039222905167,-0.11110996845010067
24525,1.5625,-0.11111040589387797,3.2940822467240466e-11,5.739409592217693e-6,5.1592304865794444e-5,0.11111040589387797,-0.11110997106570798
24526,0.625,-0.1111104219879437,1.0996380710806032e-10,1.0486362911327279e-5,5.067042350974522e-5,0.1111104219879437,-0.1111099735388482
24527,0.25,-0.1111104388338947,2.3438778601374004e-10,1.530972847615986e-5,4.994062132302078e-5,0.1111104388338947,-0.11110997595608287
24528,0.1,-0.11111045595964385,4.057529590329745e-10,2.0143310528137485e-5,4.9474650341082765e-5,0.11111045595964385,-0.1111099783551636
24529,0.1,-0.11111047377372929,6.22595405780004e-10,2.4951861769815974e-5,4.918933527368336e-5,0.11111047377372929,-0.11110998069943227
24530,0.1,-0.11111049234306937,8.834818349663883e-10,2.9723422329307712e-5,4.886000823274982e-5,0.11111049234306937,-0.11110998298047997
24531,0.1,-0.11111051172986884,1.1868264072036345e-9,3.445034698234017e-5,4.848696956046629e-5,0.11111051172986884,-0.11110998519018625
24532,0.1,-0.11111053199136145,1.5308973648074753e-9,3.9126683539593224e-5,4.807059367281934e-5,0.11111053199136145,-0.11110998732075138
24533,0.25,-0.11111055539104744,1.9034468606378065e-9,4.362850972286134e-5,4.7613491125341275e-5,0.11111055539104744,-0.1111099890251937
24534,0.625,-0.11111058693509639,2.2715077257145362e-9,4.766033702896504e-5,4.6477952336833825e-5,0.11111058693509639,-0.11110998952025934
24535,1.5625,-0.1111106384950106,2.54362862730006e-9,5.043439924595176e-5,4.3510695866811e-5,0.1111106384950106,-0.11110998680484456
24536,3.90625,-0.1111107316353614,2.494921762423414e-9,4.994919180951194e-5,3.581709311435975e-5,0.1111107316353614,-0.1111099769687147
24537,9.765625,-0.11111086508796673,1.7395263853772808e-9,4.170762982209947e-5,1.744206189168885e-5,0.11111086508796673,-0.11110995877925182
24538,24.4140625,-0.11111079125295907,3.6650797094646405e-10,1.9144397899815603e-5,2.5319693256754333e-5,0.11111079125295907,-0.11110995550616133
24539,9.765625,-0.11111056766447801,7.94252763317156e-11,8.912085969721993e-6,6.971035644778612e-5,0.11111056766447801,-0.11110996215812345
24540,3.90625,-0.11111042574996217,1.0278530009048739e-11,3.2060146613901718e-6,7.748443693140512e-5,0.11111042574996217,-0.11110996863889593
24541,1.5625,-0.11111029971474468,6.927257134673462e-11,8.323014558844327e-6,7.730239979300197e-5,0.11111029971474468,-0.11110997452316489
24542,0.625,-0.11111017861219727,2.3889306070946255e-10,1.54561657829315e-5,7.596561591042251e-5,0.11111017861219727,-0.11110998008846877
24543,0.25,-0.1111100592620733,5.152211946550399e-10,2.2698484413172608e-5,7.489327046032586e-5,0.1111100592620733,-0.11110998552776612
24544,0.1,-0.11110994061418816,8.972365795092725e-10,2.9953907583306597e-5,7.420699005717366e-5,0.11110994061418816,-0.11110999092614336
24545,0.1,-0.11110982311055835,1.3817331707610738e-9,3.7171671616448376e-5,7.378763650974891e-5,0.11110982311055835,-0.11110999620284664
24546,0.1,-0.11110970690029172,1.9655493364947337e-9,4.4334516310598604e-5,7.330186087794831e-5,0.11110970690029172,-0.11111000133884712
24547,0.1,-0.11110959212911732,2.645178409830617e-9,5.1431297959808644e-5,7.275012305531922e-5,0.11110959212911732,-0.11111000631575908
24548,0.1,-0.11110947893913575,3.4167833878069278e-9,5.845325814535002e-5,7.21329871464805e-5,0.11110947893913575,-0.11111001111591258
24549,0.25,-0.11110937128613796,4.253190800591404e-9,6.521649178383796e-5,7.145421527834571e-5,0.11110937128613796,-0.11111001496323447
24550,0.625,-0.11110927854614744,5.081105878419045e-9,7.128187622684356e-5,6.975946774357192e-5,0.11110927854614744,-0.11111001610239359
24551,1.5625,-0.11110922515574616,5.696889442682582e-9,7.547774137242437e-5,6.531912844990752e-5,0.11110922515574616,-0.11111001004147382
24552,3.90625,-0.11110926941432213,5.598544153478012e-9,7.482341981945233e-5,5.377680046793358e-5,0.11110926941432213,-0.11110998796741281
24553,9.765625,-0.11110951956918755,3.919265242896063e-9,6.260403535632559e-5,2.5943891332389596e-5,0.11110951956918755,-0.1111099469189968
24554,24.4140625,-0.11111002800398394,8.367012548398606e-10,2.8925788750522614e-5,3.698785768330942e-5,0.11111002800398394,-0.11110993899376209
24555,9.765625,-0.11111021229628869,1.8348814995234435e-10,1.3545779783842064e-5,0.0001043405354354797,0.11111021229628869,-0.11110995389947668
24556,3.90625,-0.11111038123350175,2.1945696296804504e-11,4.684623389004126e-6,0.00011623568209751434,0.11111038123350175,-0.11110996850859287
24557,1.5625,-0.11111054001148833,1.4954640646139728e-10,1.2228916814722279e-5,0.00011605679752755875,0.11111054001148833,-0.11110998179011414
24558,0.625,-0.11111069531747754,5.266314226191041e-10,2.2948451420936972e-5,0.0001140899788930965,0.11111069531747754,-0.11110999435394855
24559,0.25,-0.11111084960014571,1.1443004682097354e-9,3.3827510523385183e-5,0.0001124974801833516,0.11111084960014571,-0.11111000663242328
24560,0.1,-0.1111110037443873,2.0002372069796396e-9,4.472401152602078e-5,0.00011147512435736769,0.1111110037443873,-0.11111001881752722
24561,0.1,-0.11111115753718503,3.0873098749645095e-9,5.556356607494257e-5,0.00011084950706783249,0.11111115753718503,-0.1111100307297071
24562,0.1,-0.1111113108325923,4.398453723116558e-9,6.632083928235949e-5,0.00011012399462960272,0.1111113108325923,-0.11111004232597682
24563,0.1,-0.11111146348191718,5.925826804692876e-9,7.69793920779638e-5,0.00010929928818664685,0.11111146348191718,-0.11111005356479624
24564,0.1,-0.11111161533400615,7.660842897097014e-9,8.752624119141079e-5,0.00010837624002054393,0.11111161533400615,-0.11111006440623224
24565,0.25,-0.11111176322048083,9.542827573417828e-9,9.768739720873838e-5,0.00010736046962651281,0.11111176322048083,-0.11111007310805973
24566,0.625,-0.1111118992412428,1.1407971375491806e-8,0.0001068081053829334,0.0001048229157817943,0.1111118992412428,-0.11111007572492423
24567,1.5625,-0.11111200180414547,1.2800764971682537e-8,0.00011314046566848899,9.817057338669143e-5,0.11111200180414547,-0.11111006214961838
24568,3.90625,-0.11111201455380192,1.2596523664905346e-8,0.00011223423570776141,8.085931098344094e-5,0.11111201455380192,-0.11111001249487817
24569,9.765625,-0.11111180613718155,8.844380696901762e-9,9.404456760973364e-5,3.889810151681993e-5,0.11111180613718155,-0.1111099197770776
24570,24.4140625,-0.11111116612659414,1.2853443039517466e-10,1.1337302606668601e-5,5.356300120464666e-5,0.11111116612659414,-0.11110997216054003
24571,9.765625,-0.11110997003509142,1.3433074668333617e-10,1.1590114179046562e-5,3.083182714708116e-5,0.11110997003509142,-0.11110997136386642
24572,3.90625,-0.11110952238860716,1.5429535741766707e-10,1.2421568235036471e-5,2.084998836742866e-5,0.11110952238860716,-0.11110997104710846
24573,1.5625,-0.11110916106937094,1.7957724458599796e-10,1.340064343925313e-5,1.6530643995678513e-5,0.11110916106937094,-0.11110997098955697
24574,3.90625,-0.11110907445834133,1.7965775645284222e-10,1.3403647132509951e-5,1.4598246043578513e-5,0.11110907445834133,-0.11110997037387484
24575,9.765625,-0.1111096328789824,1.1974615295473543e-10,1.0942858536723183e-5,1.035281409554112e-5,0.1111096328789824,-0.11110996914158475
24576,24.4140625,-0.11111065023731276,2.297987595168765e-11,4.793732987108027e-6,9.494867411758692e-6,0.11111065023731276,-0.1111099689693892
24577,9.765625,-0.11111019028518031,5.1016832525606955e-12,2.258690605762705e-6,1.8970164866565122e-5,0.11111019028518031,-0.1111099694547288
24578,3.90625,-0.11111003390699849,2.3843840739864185e-12,1.544145094862014e-6,2.0340090984461595e-5,0.11111003390699849,-0.11110996988871495
24579,1.5625,-0.11110991272416584,7.816400333080033e-12,2.7957825976066224e-6,2.003601958500123e-5,0.11110991272416584,-0.11110997027835272
24580,0.625,-0.11110980041445934,2.027479232423995e-11,4.502753860054972e-6,1.95701630761992e-5,0.11110980041445934,-0.11110997064578966
24581,0.25,-0.11110969074787472,3.949022540833232e-11,6.2841248721148375e-6,1.922187621487227e-5,0.11110969074787472,-0.1111099710039258
24582,0.1,-0.11110958189189946,6.53654224551045e-11,8.084888524593552e-6,1.899258331149082e-5,0.11110958189189946,-0.11110997135812861
24583,0.1,-0.11110947671022751,9.760189271162707e-11,9.879367019785584e-6,1.8841515016435384e-5,0.11110947671022751,-0.11110997170253062
24584,0.1,-0.11110937556779484,1.3593600943596907e-10,1.1659159894090528e-5,1.86788095851139e-5,0.11110937556779484,-0.11110997203617946
24585,0.1,-0.11110927881303818,1.8008663913619454e-10,1.3419636326525192e-5,1.8504080660377836e-5,0.11110927881303818,-0.11110997235814662
24586,0.1,-0.1111091867768274,2.2975607000031067e-10,1.515770662073622e-5,1.831706204670305e-5,0.1111091867768274,-0.11110997266753544
24587,0.25,-0.11110911277209377,2.8287690588978673e-10,1.681894485066726e-5,1.8119187076625984e-5,0.11110911277209377,-0.11110997291331731
24588,0.625,-0.11110908636290481,3.340611793644305e-10,1.827734059879693e-5,1.7672635154502123e-5,0.11110908636290481,-0.1111099729823966
24589,1.5625,-0.11110917995310768,3.688684361038677e-10,1.92059479355711e-5,1.6560749966577637e-5,0.11110917995310768,-0.11110997259161944
24590,3.90625,-0.11110954292047008,3.540528617195304e-10,1.8816292454134803e-5,1.380009636512579e-5,0.11110954292047008,-0.11110997121305688
24591,9.765625,-0.11111031995092943,2.4044645893078074e-10,1.550633608983053e-5,8.014702726406974e-6,0.11111031995092943,-0.11110996875141499
24592,24.4140625,-0.11111083243909518,5.0666543836533007e-11,7.118043539943613e-6,1.1159379754987033e-5,0.11111083243909518,-0.11110996837290298
24593,9.765625,-0.11111052242667531,1.1187916155906177e-11,3.3448342493920646e-6,2.6362053409056226e-5,0.11111052242667531,-0.11110996931354171
24594,3.90625,-0.11111039735079936,2.3649829049389253e-12,1.53785009182915e-6,2.9074807350197587e-5,0.11111039735079936,-0.11110997022001674
24595,1.5625,-0.11111029792527573,1.1170161384933414e-11,3.3421791371698517e-6,2.8930110632091835e-5,0.11111029792527573,-0.11110997104204266
24596,0.625,-0.11111020554651087,3.514889335909746e-11,5.928650213927068e-6,2.83916738432607e-5,0.11111020554651087,-0.11110997181917057
24597,0.25,-0.11111011544159828,7.373092590853444e-11,8.586671410304138e-6,2.7964520771417938e-5,0.11111011544159828,-0.11110997257802684
24598,0.1,-0.11111002611028503,1.2674411580899334e-10,1.1258068920067657e-5,2.768588209812284e-5,0.11111002611028503,-0.11110997333021981
24599,0.1,-0.11110993831257532,1.937021076187166e-10,1.3917690455629361e-5,2.750886471475406e-5,0.11110993831257532,-0.11110997406434817
24600,0.1,-0.1111098522655672,2.7413245170508923e-10,1.6556945723927744e-5,2.7309055041420744e-5,0.1111098522655672,-0.11110997477793466
24601,0.1,-0.1111097681799681,3.675180241479444e-10,1.917075961322202e-5,2.708649098600414e-5,0.1111097681799681,-0.11110997546858592
24602,0.1,-0.11110968625950224,4.732989576027274e-10,2.1755435127864656e-5,2.684127675813989e-5,0.11110968625950224,-0.1111099761340037
24603,0.25,-0.11110961246928124,5.876349055069732e-10,2.4241182015466434e-5,2.6575052738231105e-5,0.11110961246928124,-0.11110997666726785
24604,0.625,-0.1111095607004989,7.002435658097302e-10,2.6462115671460025e-5,2.5937954689646862e-5,0.1111095607004989,-0.11110997682761642
24605,1.5625,-0.11110956609750429,7.827159894161992e-10,2.7977061843878444e-5,2.430104817418436e-5,0.11110956609750429,-0.11110997600144512
24606,3.90625,-0.1111097057433265,7.656404218228001e-10,2.7670208199845552e-5,2.010630026985004e-5,0.1111097057433265,-0.11110997299675311
24607,9.765625,-0.11111007942292422,5.316317146711094e-10,2.305714021016287e-5,1.0441730680971885e-5,0.11111007942292422,-0.11110996746407377
24608,24.4140625,-0.11111047231936115,1.1121388925992079e-10,1.0545799602681666e-5,1.4867588395654126e-5,0.11111047231936115,-0.11110996653146094
24609,9.765625,-0.11111040816924171,2.3898056736694762e-11,4.8885638726209526e-6,3.884099447344398e-5,0.11111040816924171,-0.11110996859178084
24610,3.90625,-0.1111104154618244,3.4379914591019497e-12,1.8541821537006416e-6,4.304097652137435e-5,0.1111104154618244,-0.11110997058785665
24611,1.5625,-0.11111042937350833,2.216110367233743e-11,4.7075581432774075e-6,4.28971894993945e-5,0.11111042937350833,-0.11110997239840592
24612,0.625,-0.11111044478218697,7.468415575684773e-11,8.641999523076111e-6,4.2135279042142036e-5,0.11111044478218697,-0.11110997411032532
24613,0.25,-0.11111046064661968,1.5978318952599695e-10,1.2640537548933469e-5,4.1527335582037315e-5,0.11111046064661968,-0.1111099757829834
24614,0.1,-0.1111104766817214,2.7711837421115587e-10,1.6646872805760123e-5,4.113581933855829e-5,0.1111104766817214,-0.11110997744239308
24615,0.1,-0.11111049317039869,4.256744722177729e-10,2.063187999717362e-5,4.089317134740593e-5,0.11111049317039869,-0.11110997906360114
24616,0.1,-0.1111105101533587,6.044540906229162e-10,2.4585648061885947e-5,4.061450880894301e-5,0.1111105101533587,-0.11110998064087177
24617,0.1,-0.11111052766794467,8.123567104264545e-10,2.8501872051261027e-5,4.030006608539522e-5,0.11111052766794467,-0.11110998216866788
24618,0.1,-0.11111054574796515,1.0481832019977266e-9,3.237565755313283e-5,3.995014238395641e-5,0.11111054574796515,-0.11110998364167297
24619,0.25,-0.11111056585112218,1.303572350679999e-9,3.61050183586714e-5,3.9567044445423635e-5,0.11111056585112218,-0.11110998482226099
24620,0.625,-0.11111059115843877,1.5560333744171647e-9,3.9446588881894015e-5,3.8625313783977057e-5,0.11111059115843877,-0.11110998517376737
24621,1.5625,-0.11111062907070705,1.743165040116628e-9,4.175122800728893e-5,3.617506866745731e-5,0.11111062907070705,-0.1111099833241594
24622,3.90625,-0.11111069216851319,1.7113238161358091e-9,4.13681497789762e-5,2.9833969730667776e-5,0.11111069216851319,-0.11110997658682012
24623,9.765625,-0.11111077308210629,1.1957842783428973e-9,3.4580113914544834e-5,1.4742493295229807e-5,0.11111077308210629,-0.11110996408555379
24624,24.4140625,-0.11111068758787646,2.5322637886855797e-10,1.5913088288216024e-5,2.099117505589798e-5,0.11111068758787646,-0.11110996177544442
24625,9.765625,-0.1111105199829759,5.480732726525766e-11,7.403197097555735e-6,5.786585892196524e-5,0.1111105199829759,-0.11110996636141288
24626,3.90625,-0.11111041056322443,6.581515587846677e-12,2.5654464694954515e-6,6.435077789762764e-5,0.11111041056322443,-0.11110997083595732
24627,1.5625,-0.111110313045589,4.6619651527595784e-11,6.8278584876662305e-6,6.421176908898085e-5,0.111110313045589,-0.11110997489961214
24628,0.625,-0.11111021924447115,1.6279750279838544e-10,1.2759212467796962e-5,6.310445036645665e-5,0.11111021924447115,-0.1111099787424759
24629,0.25,-0.1111101267603125,3.5237527152411047e-10,1.877166139488219e-5,6.221199746760121e-5,0.1111101267603125,-0.1111099824973932
24630,0.1,-0.11111003479812792,6.146177148629239e-10,2.479148472485914e-5,6.163784355211258e-5,0.11111003479812792,-0.11110998622307704
24631,0.1,-0.11110994369470369,9.473063211550767e-10,3.0778341754472035e-5,6.12843372797277e-5,0.11110994369470369,-0.11110998986433566
24632,0.1,-0.11110985356400643,1.3482480476542862e-9,3.671849735016789e-5,6.08761121919159e-5,0.11110985356400643,-0.11110999340813422
24633,0.1,-0.11110976451766656,1.8150148566288718e-9,4.260299116997387e-5,6.0413547116628036e-5,0.11110976451766656,-0.11110999684188114
24634,0.1,-0.1111096766647799,2.3449538202063463e-9,4.842472323314142e-5,5.989710873515794e-5,0.1111096766647799,-0.1111100001534787
24635,0.25,-0.11110959301915285,2.9194524247710197e-9,5.4031957439750595e-5,5.9330077743748664e-5,0.11110959301915285,-0.11111000281021938
24636,0.625,-0.11110952073697798,3.4883308369740456e-9,5.906209306292866e-5,5.792362453967875e-5,0.11110952073697798,-0.11111000360684176
24637,1.5625,-0.11110947852856039,3.9121579560583846e-9,6.254724579114882e-5,5.424837059947676e-5,0.11110947852856039,-0.11110999945768918
24638,3.90625,-0.11110951138742318,3.8469399066665235e-9,6.202370439329243e-5,4.470436318030615e-5,0.11110951138742318,-0.11110998430025099
24639,9.765625,-0.11110970497304333,2.697033500923658e-9,5.1932971231421544e-5,2.171473808819177e-5,0.11110970497304333,-0.1111099560525561
24640,24.4140625,-0.11111011229295811,5.775680739922531e-10,2.4032646004804656e-5,3.059945850306075e-5,0.11111011229295811,-0.11110995050569152
24641,9.765625,-0.11111026719358671,1.2633427838333356e-10,1.1239852240280277e-5,8.660166958620822e-5,0.11111026719358671,-0.11110996078281245
24642,3.90625,-0.11111040691737314,1.4127609008259339e-11,3.7586711758624666e-6,9.651175794011242e-5,0.11111040691737314,-0.11110997086305949
24643,1.5625,-0.11111053780819131,1.012035142543298e-10,1.0059995738285867e-5,9.63736306155558e-5,0.11111053780819131,-0.11110998002731654
24644,0.625,-0.11111066569279948,3.6012598242174987e-10,1.89769855989235e-5,9.474088597368552e-5,0.11111066569279948,-0.1111099886948094
24645,0.25,-0.11111079266004308,7.846915099346954e-10,2.801234566998443e-5,9.341444901060944e-5,0.11111079266004308,-0.11110999716356285
24646,0.1,-0.11111091945853639,1.3732470874129133e-9,3.705734862902247e-5,9.255938637255588e-5,0.11111091945853639,-0.111110005566104
24647,0.1,-0.11111104589085324,2.120855578323075e-9,4.6052747782549036e-5,9.203291214387964e-5,0.11111104589085324,-0.11111001377936643
24648,0.1,-0.11111117183518526,3.0226178540663188e-9,5.497833986277067e-5,9.14238924186353e-5,0.11111117183518526,-0.11111002177384045
24649,0.1,-0.11111129716787221,4.07310352699026e-9,6.382087062231492e-5,9.073291384477497e-5,0.11111129716787221,-0.11111002952101741
24650,0.1,-0.11111142176363842,5.266373664979568e-9,7.256978479353214e-5,8.996068868724902e-5,0.11111142176363842,-0.11111003699350072
24651,0.25,-0.11111154291689317,6.560769943999232e-9,8.099857988878097e-5,8.911208697308467e-5,0.11111154291689317,-0.11111004299352012
24652,0.625,-0.11111165391576967,7.843870901029101e-9,8.856563047271272e-5,8.700368585383112e-5,0.11111165391576967,-0.11111004480816075
24653,1.5625,-0.11111173647155885,8.803054684935988e-9,9.382459530920444e-5,8.148838416927814e-5,0.11111173647155885,-0.11111003548548236
24654,3.90625,-0.11111174302325531,8.66601310638752e-9,9.309142337717004e-5,6.714618508850535e-5,0.11111174302325531,-0.11111000133399537
24655,9.765625,-0.11111156336125676,6.090498721702642e-9,7.804164735384975e-5,3.2380550754062465e-5,0.11111156336125676,-0.11110993747984595
24656,24.4140625,-0.11111105355202645,8.800145346043622e-11,9.380908989028526e-6,4.4242341040343414e-5,0.11111105355202645,-0.11110997351886952
24657,9.765625,-0.1111100239367751,9.192323720521356e-11,9.587660674284085e-6,2.5595986938971687e-5,0.1111100239367751,-0.11110997298315417
24658,3.90625,-0.11110964048514178,1.0560240501335421e-10,1.0276303081038151e-5,1.737530733536234e-5,0.11110964048514178,-0.11110997277050351
24659,1.5625,-0.11110933108884131,1.2284021936254558e-10,1.1083330698059388e-5,1.384012171085647e-5,0.11110933108884131,-0.11110997273570511
24660,3.90625,-0.11110925898989261,1.227185017680995e-10,1.1077838316571491e-5,1.227114317445712e-5,0.11110925898989261,-0.11110997232030588
24661,9.765625,-0.1111097431645475,8.169864269156747e-11,9.038730148177202e-6,8.875504205941778e-6,0.1111097431645475,-0.1111099714864969
24662,24.4140625,-0.11111062007564487,1.6115904665618758e-11,4.014461939739715e-6,8.268575709346507e-6,0.11111062007564487,-0.1111099713670082
24663,9.765625,-0.11111022452747954,3.7550429944725964e-12,1.937793331207587e-6,1.5972104117072086e-5,0.11111022452747954,-0.11110997170680033
24664,3.90625,-0.11111009024080483,1.837337510945279e-12,1.3554842348567831e-6,1.7100462147576893e-5,0.11111009024080483,-0.1111099720125919
24665,1.5625,-0.11110998638969753,5.512354143152602e-12,2.3478403146620944e-6,1.6855488622717276e-5,0.11110998638969753,-0.11110997228848904
24666,0.625,-0.11110989021354241,1.4008721088146249e-11,3.742822609762083e-6,1.6476078753436955e-5,0.11110989021354241,-0.11110997254929164
24667,0.25,-0.11110979632372056,2.714052774399844e-11,5.209657161848411e-6,1.619158572451091e-5,0.11110979632372056,-0.11110997280371725
24668,0.1,-0.11110970313464676,4.4839843573772905e-11,6.696255936997398e-6,1.600368798338742e-5,0.11110970313464676,-0.11110997305540894
24669,0.1,-0.1111096131114231,6.689995847141898e-11,8.179239480013957e-6,1.5879392421758972e-5,0.1111096131114231,-0.11110997330033788
24670,0.1,-0.11110952656924585,9.313866017634675e-11,9.650837278513546e-6,1.5745753708436682e-5,0.11110952656924585,-0.11110997353785572
24671,0.1,-0.11110944380910885,1.2336184307941682e-10,1.1106837672326755e-5,1.5602462817292537e-5,0.11110944380910885,-0.1111099737673298
24672,0.1,-0.11110936511687879,1.5736415771094328e-10,1.2544487144197777e-5,1.5449310892800115e-5,0.11110936511687879,-0.11110997398814887
24673,0.25,-0.11110930197297225,1.937237069313596e-10,1.391846640012324e-5,1.5287497005637452e-5,0.11110930197297225,-0.11110997416537327
24674,0.625,-0.11110927987770584,2.287397075833535e-10,1.5124143201628101e-5,1.4924277296505825e-5,0.11110927987770584,-0.11110997422158518
24675,1.5625,-0.11110936128983988,2.525095093962001e-10,1.589054780038121e-5,1.4023587660446546e-5,0.11110936128983988,-0.11110997396303253
24676,3.90625,-0.1111096750800998,2.423090764996046e-10,1.5566280111176356e-5,1.1803265748417189e-5,0.1111096750800998,-0.11110997302862276
24677,9.765625,-0.11111034599573696,1.647757392575592e-10,1.2836500272954432e-5,7.277041504550527e-6,0.11111034599573696,-0.11110997135062449
24678,24.4140625,-0.11111078699579563,3.5218884398072654e-11,5.934550058603656e-6,9.639564208241867e-6,0.11111078699579563,-0.11110997108146752
24679,9.765625,-0.11111051524179066,7.982922173230008e-12,2.8254065500791225e-6,2.198498661263007e-5,0.11111051524179066,-0.11110997173071702
24680,3.90625,-0.11111040462707283,1.8067946834763248e-12,1.344170630342861e-6,2.4236317472478217e-5,0.11111040462707283,-0.11110997235974683
24681,1.5625,-0.1111103164148111,7.716892534114505e-12,2.7779295408837325e-6,2.412708531835095e-5,0.1111103164148111,-0.11110997293175422
24682,0.625,-0.11111023436098634,2.4023619492070282e-11,4.901389547064208e-6,2.368845298210217e-5,0.11111023436098634,-0.11110997347319274
24683,0.25,-0.11111015429267233,5.033308851369857e-11,7.0945816306318284e-6,2.3338843890461087e-5,0.11111015429267233,-0.1111099740021265
24684,0.1,-0.11111007489744708,8.652567032749772e-11,9.30191756185238e-6,2.3110207953994544e-5,0.11111007489744708,-0.11110997452646569
24685,0.1,-0.11110999683987142,1.3226910471999452e-10,1.1500830610003546e-5,2.2964595666934545e-5,0.11110999683987142,-0.11110997503842672
24686,0.1,-0.11110992030997575,1.872398715867293e-10,1.3683562094232966e-5,2.2800307828374727e-5,0.11110992030997575,-0.11110997553631301
24687,0.1,-0.1111098454922259,2.510839306658628e-10,1.5845628124686722e-5,2.26173853143698e-5,0.1111098454922259,-0.11110997601848616
24688,0.1,-0.11110977256500554,3.2341804667611766e-10,1.7983827364499405e-5,2.2415924004750312e-5,0.11110977256500554,-0.11110997648337283
24689,0.25,-0.11110970674725787,4.0162310045793955e-10,2.004053643139174e-5,2.21972953684913e-5,0.11110970674725787,-0.11110997685788791
24690,0.625,-0.11110966019423252,4.786856462389721e-10,2.187888585460814e-5,2.1675169848870125e-5,0.11110966019423252,-0.1111099769773969
24691,1.5625,-0.11110966366639449,5.352252235750835e-10,2.3134935132286055e-5,2.0335634865812388e-5,0.11110966366639449,-0.11110997642211624
24692,3.90625,-0.11110978468645918,5.238714576877719e-10,2.2888238413817956e-5,1.6912443460922592e-5,0.11110978468645918,-0.11110997437540356
24693,9.765625,-0.11111011105788003,3.6438709055409405e-10,1.908892586171611e-5,9.138690057470463e-6,0.11111011105788003,-0.11110997059063883
24694,24.4140625,-0.11111045720655906,7.678725401044841e-11,8.76283367469955e-6,1.256813842021042e-5,0.11111045720655906,-0.11110996993598209
24695,9.765625,-0.11111040312284334,1.6680777757998648e-11,4.084210787655144e-6,3.2269664421314746e-5,0.11111040312284334,-0.11110997135376799
24696,3.90625,-0.11111041101236863,2.4535981327742753e-12,1.5663965439103457e-6,3.575935603252478e-5,0.11111041101236863,-0.11110997273131788
24697,1.5625,-0.11111042460483019,1.5105503858058042e-11,3.88657996933783e-6,3.565054979286209e-5,0.11111042460483019,-0.11110997398246684
24698,0.625,-0.11111043947194318,5.093422676311212e-11,7.136821895151379e-6,3.5025462673201174e-5,0.11111043947194318,-0.11110997516607866
24699,0.25,-0.11111045471981355,1.0909496905945858e-10,1.0444853711730891e-5,3.452488976146393e-5,0.11111045471981355,-0.11110997632269962
24700,0.1,-0.11111047010487303,1.893513318776042e-10,1.3760498969063738e-5,3.420182956549512e-5,0.11111047010487303,-0.11110997747014427
24701,0.1,-0.11111048587791822,2.9100869588042586e-10,1.7058976988097084e-5,3.400115038019267e-5,0.11111048587791822,-0.11110997859137565
24702,0.1,-0.1111105020745282,4.133832810504228e-10,2.0331829259818774e-5,3.377081957797613e-5,0.1111105020745282,-0.11110997968246439
24703,0.1,-0.1111105187274204,5.55720852062443e-10,2.3573732247195034e-5,3.351103601142232e-5,0.1111105187274204,-0.11110998073961732
24704,0.1,-0.11111053586629506,7.171998087461407e-10,2.6780586415277405e-5,3.3222052476293664e-5,0.11111053586629506,-0.11110998175919254
24705,0.25,-0.11111055476776652,8.921107871637518e-10,2.9868223702854373e-5,3.290580192216817e-5,0.11111055476776652,-0.11110998257855062
24706,0.625,-0.11111057821676984,1.065094503295881e-9,3.2635785624003e-5,3.2129738408088035e-5,0.11111057821676984,-0.1111099828302457
24707,1.5625,-0.11111061268897153,1.193525905185413e-9,3.454744426416248e-5,3.0112402363191484e-5,0.11111061268897153,-0.1111099815744546
24708,3.90625,-0.11111066915350444,1.1723874058185503e-9,3.4240143192144364e-5,2.4898085714136924e-5,0.11111066915350444,-0.11110997696851085
24709,9.765625,-0.11111074078385774,8.203645763207649e-10,2.864200719783383e-5,1.2572058717340214e-5,0.11111074078385774,-0.11110996839826139
24710,24.4140625,-0.11111066418669233,1.7457442443021058e-10,1.3212661519550502e-5,1.7525551810176822e-5,0.11111066418669233,-0.11110996678342841
24711,9.765625,-0.11111051583517571,3.7976893144977145e-11,6.1625395045368385e-6,4.800205586207152e-5,0.11111051583517571,-0.11110996993535491
24712,3.90625,-0.1111104188668191,4.5181037515307996e-12,2.125583155637718e-6,5.3395324199685164e-5,0.1111104188668191,-0.11110997301671362
24713,1.5625,-0.11111033237335183,3.16630199203463e-11,5.626990307468665e-6,5.329223522525079e-5,0.11111033237335183,-0.11110997581710735
24714,0.625,-0.11111024913914914,1.1107042214041754e-10,1.0538995309820454e-5,5.238070720694958e-5,0.11111024913914914,-0.11110997846595669
24715,0.25,-0.11111016704691486,2.4084963822213445e-10,1.5519331113876475e-5,5.1643809291938484e-5,0.11111016704691486,-0.11110998105424932
24716,0.1,-0.11111008539439791,4.2048971113161494e-10,2.0505845779475055e-5,5.116888149516425e-5,0.11111008539439791,-0.11110998362228422
24717,0.1,-0.11111000447532964,6.484705480396439e-10,2.5465084881846436e-5,5.08759084747693e-5,0.11111000447532964,-0.11110998613233684
24718,0.1,-0.11110992439090293,9.232870070607475e-10,3.038563817102987e-5,5.053774709166151e-5,0.11110992439090293,-0.1111099885754663
24719,0.1,-0.11110984524036123,1.2432731231698155e-9,3.526007832052866e-5,5.015471478251499e-5,0.11110984524036123,-0.11110999094303696
24720,0.1,-0.1111097671208265,1.6066090344937304e-9,4.008252779570832e-5,4.972720184827192e-5,0.1111097671208265,-0.11110999322675154
24721,0.25,-0.11110969268946133,2.0005633434277065e-9,4.472765747753516e-5,4.9257957088867496e-5,0.11110969268946133,-0.11110999506153228
24722,0.625,-0.1111096282620005,2.390808740951171e-9,4.889589697460484e-5,4.809563708217092e-5,0.1111096282620005,-0.11110999562111651
24723,1.5625,-0.11110959035768418,2.6819423725881596e-9,5.1787473124184765e-5,4.5060199413389026e-5,0.11110959035768418,-0.11110999278937304
24724,3.90625,-0.11110961870071537,2.6384638387650017e-9,5.136597939069206e-5,3.718194914339237e-5,0.11110961870071537,-0.11110998240428714
24725,9.765625,-0.1111097888127824,1.851883938650948e-9,4.3033521104494204e-5,1.825740920058097e-5,0.1111097888127824,-0.11110996301273253
24726,24.4140625,-0.11111014651649684,3.980106853643907e-10,1.9950205145922453e-5,2.5395141631037756e-5,0.11111014651649684,-0.11110995914563208
24727,9.765625,-0.11111028084876562,8.72929754782425e-11,9.34307098754165e-6,7.180292275237347e-5,0.11111028084876562,-0.11110996620752803
24728,3.90625,-0.11111040248323498,9.553284126170634e-12,3.09083874153451e-6,8.00461841061963e-5,0.11111040248323498,-0.111109973144113
24729,1.5625,-0.11111051650267732,6.87443791957613e-11,8.291223021711652e-6,7.994596986504149e-5,0.11111051650267732,-0.11110997945300922
24730,0.625,-0.11111062789751218,2.459818850873865e-10,1.5683809648404512e-5,7.859874057530428e-5,0.11111062789751218,-0.11110998542046156
24731,0.25,-0.11111073846222572,5.36983912797852e-10,2.3172913342906454e-5,7.75013824207813e-5,0.11111073846222572,-0.11110999125092039
24732,0.1,-0.11111084883992696,9.406016018513393e-10,3.0669228908652715e-5,7.679280929789857e-5,0.11111084883992696,-0.11110999703545886
24733,0.1,-0.11111095887224746,1.4534467979574098e-9,3.8124097339575266e-5,7.635570625252262e-5,0.11111095887224746,-0.11111000268985972
24734,0.1,-0.11111106845704939,2.072153009410528e-9,4.5520907387820465e-5,7.585034066836713e-5,0.11111106845704939,-0.11111000819386872
24735,0.1,-0.11111117749086259,2.7929898499966316e-9,5.2848745018180245e-5,7.527720088369999e-5,0.11111117749086259,-0.11111001352792022
24736,0.1,-0.11111128586906488,3.6118786228202568e-9,6.009890700187697e-5,7.463687935435812e-5,0.11111128586906488,-0.11111001867321134
24737,0.25,-0.11111139132207605,4.500284508793374e-9,6.7084159894817e-5,7.393345616760048e-5,0.11111139132207605,-0.11111002280807558
24738,0.625,-0.11111148821546062,5.3811988412094516e-9,7.335665505739375e-5,7.218816767927088e-5,0.11111148821546062,-0.11111002407096258
24739,1.5625,-0.11111156116942747,6.040441651018768e-9,7.772027824846466e-5,6.762525211417951e-5,0.11111156116942747,-0.11111001769017706
24740,3.90625,-0.11111156997259317,5.948659966858011e-9,7.712755646886534e-5,5.576291890022539e-5,0.11111156997259317,-0.11110999426013751
24741,9.765625,-0.11111142000629676,4.18454285570879e-9,6.46880426022367e-5,2.7035783250799713e-5,0.11111142000629676,-0.1111099503894748
24742,24.4140625,-0.11111095068547348,9.057212982579421e-10,3.0095203907897717e-5,3.73782925814519e-5,0.11111095068547348,-0.11110994131250468
24743,61.03515625,-0.11111018552053945,2.802252288075186e-10,1.6739929175701987e-5,0.00010704210413848783,0.11111018552053945,-0.11110997437167666
24744,24.4140625,-0.1111102155306498,8.535667047356799e-11,9.23886738045135e-6,2.270036105973944e-5,0.1111102155306498,-0.11110997266266039
24745,9.765625,-0.1111103762588294,4.1367796132948994e-11,6.431780168269823e-6,2.395953430815325e-5,0.1111103762588294,-0.11110997309914762
24746,3.90625,-0.11111042370839165,2.7201323519305134e-11,5.215488809239757e-6,2.585923398503853e-5,0.11111042370839165,-0.11110997374159773
24747,1.5625,-0.11111046337039678,2.82193770246156e-11,5.312191358057012e-6,2.5705093743857233e-5,0.11111046337039678,-0.11110997437881807
24748,0.625,-0.11111050101394225,4.1414534478968234e-11,6.435412533705064e-6,2.5128119004531548e-5,0.11111050101394225,-0.11110997499165463
24749,0.25,-0.1111105380426837,6.586468063569495e-11,8.115705800218176e-6,2.4599643647898576e-5,0.1111105380426837,-0.11110997558612043
24750,0.1,-0.11111057488473002,1.011531844441215e-10,1.0057493944523233e-5,2.418989022925505e-5,0.11111057488473002,-0.11110997616743824
24751,0.1,-0.11111061096593837,1.4669634799385915e-10,1.211182678186322e-5,2.3876285334780746e-5,0.11111061096593837,-0.11110997672700164
24752,0.1,-0.11111064620352103,2.0199835246157847e-10,1.42126124432343e-5,2.3563509041237003e-5,0.11111064620352103,-0.11110997726426083
24753,0.1,-0.11111068051787247,2.6655326055245534e-10,1.6326458910383946e-5,2.3248948915589387e-5,0.11111068051787247,-0.11110997777857397
24754,0.1,-0.11111071383284604,3.3984364773749426e-10,1.8434848731071656e-5,2.2930429595123085e-5,0.11111071383284604,-0.11110997826923633
24755,0.25,-0.11111074329398549,4.1896048151221317e-10,2.046852416546472e-5,2.2610183337847225e-5,0.11111074329398549,-0.1111099786612753
24756,0.625,-0.1111107625189326,4.963581130589149e-10,2.2279095876155185e-5,2.200840454970681e-5,0.1111107625189326,-0.11110997878662418
24757,1.5625,-0.11111075590228832,5.514845508408098e-10,2.3483708200384575e-5,2.0628507794772085e-5,0.11111075590228832,-0.11110997821883443
24758,3.90625,-0.11111069171319231,5.349111497857244e-10,2.3128146267821043e-5,1.7272004592527662e-5,0.11111069171319231,-0.11110997614225976
24759,9.765625,-0.11111054206532843,3.662214558328303e-10,1.913691343536962e-5,1.0081069742958754e-5,0.11111054206532843,-0.11110997237064789
24760,24.4140625,-0.1111104507352553,7.780728720812167e-11,8.820843905665811e-6,1.315406159191379e-5,0.1111104507352553,-0.11110997172604396
24761,9.765625,-0.11111045952184417,2.2508363906091236e-11,4.744298041448412e-6,3.088492866203276e-5,0.11111045952184417,-0.1111099729672503
24762,3.90625,-0.11111044779210533,1.0164699839536387e-11,3.1882126402635674e-6,3.380721244830768e-5,0.11111044779210533,-0.11110997417735856
24763,1.5625,-0.11111043474488547,2.2265774697517833e-11,4.718662384354048e-6,3.342948282855896e-5,0.11111043474488547,-0.11110997527222176
24764,0.625,-0.11111042157122199,5.5035115979380355e-11,7.418565628164272e-6,3.262225392077646e-5,0.11111042157122199,-0.11110997630029007
24765,0.25,-0.11111040840652268,1.0739127758860511e-10,1.0362976290072516e-5,3.196738872621973e-5,0.11111040840652268,-0.11110997729597107
24766,0.1,-0.11111039526816646,1.7883453589147274e-10,1.3372903046514349e-5,3.150249978403421e-5,0.11111039526816646,-0.11110997827464926
24767,0.1,-0.11111038206963121,2.6842780038232246e-10,1.6383766367423652e-5,3.1169467119809785e-5,0.11111038206963121,-0.11110997922079255
24768,0.1,-0.11111036880793668,3.7530262425268197e-10,1.9372728879863106e-5,3.081992959421205e-5,0.11111036880793668,-0.11110998013204533
24769,0.1,-0.11111035548104713,4.985562574386068e-10,2.232837337198137e-5,3.0452921633293285e-5,0.11111035548104713,-0.11110998100610905
24770,0.1,-0.11111034208791902,6.372527086165122e-10,2.5243864771791823e-5,3.0067718069060903e-5,0.11111034208791902,-0.11110998184076587
24771,0.25,-0.11111032837119955,7.859204639899612e-10,2.8034273024103213e-5,2.966787373853143e-5,0.11111032837119955,-0.11110998249445372
24772,0.625,-0.11111031383715542,9.303315155968287e-10,3.0501336291986105e-5,2.8851379659699975e-5,0.11111031383715542,-0.11110998265184732
24773,1.5625,-0.11111029752963744,1.0317244597313175e-9,3.212046792516132e-5,2.6906725042830932e-5,0.11111029752963744,-0.11110998151731355
24774,3.90625,-0.11111027895590365,9.966021177131661e-10,3.1569005649737624e-5,2.2096940603176598e-5,0.11111027895590365,-0.1111099775866149
24775,9.765625,-0.1111102677576594,6.720735883256876e-10,2.5924382120422613e-5,1.1522196435098718e-5,0.1111102677576594,-0.11110997064474656
24776,24.4140625,-0.11111032933595934,1.269491605852463e-10,1.1267171809520182e-5,1.8207123307982738e-5,0.11111032933595934,-0.11110997007636002
24777,9.765625,-0.1111103917945893,2.814990277419071e-11,5.305648195479107e-6,4.308169407128096e-5,0.1111103917945893,-0.11110997259506072
24778,3.90625,-0.11111043316966328,1.0828079552716163e-11,3.2906047396665804e-6,4.686835233953456e-5,0.11111043316966328,-0.11110997492446348
24779,1.5625,-0.11111047050433281,4.056845015054578e-11,6.369336711977612e-6,4.6257393068929837e-5,0.11111047050433281,-0.11110997700482708
24780,0.625,-0.11111050660145258,1.1064685653289606e-10,1.051888095440271e-5,4.515284752965153e-5,0.11111050660145258,-0.11110997895818024
24781,0.25,-0.1111105423091144,2.1933775014206304e-10,1.4810055710295727e-5,4.4304825944745636e-5,0.1111105423091144,-0.11110998085800294
24782,0.1,-0.11111057791410787,3.659479039347493e-10,1.9129764868778427e-5,4.3735904475643586e-5,0.11111057791410787,-0.11110998273481675
24783,0.1,-0.11111061327915929,5.488255577860682e-10,2.342702622583729e-5,4.335156456248842e-5,0.11111061327915929,-0.11110998455539113
24784,0.1,-0.11111064835719754,7.664222970947858e-10,2.7684333062127138e-5,4.2932690570100325e-5,0.11111064835719754,-0.11110998631377052
24785,0.1,-0.11111068310119698,1.0170900903616841e-9,3.189184990497861e-5,4.247926454512405e-5,0.11111068310119698,-0.11110998800425267
24786,0.1,-0.11111071746430451,1.29908683022777e-9,3.604284714375059e-5,4.199140319126543e-5,0.11111071746430451,-0.11110998962141756
24787,0.25,-0.1111107502506659,1.6014087907741945e-9,4.001760601003257e-5,4.147403942644119e-5,0.1111107502506659,-0.11110999087602838
24788,0.625,-0.111110778600338,1.8951828121909934e-9,4.3533697433034486e-5,4.033963361919765e-5,0.111110778600338,-0.11110999112501709
24789,1.5625,-0.11111079502779421,2.101464447284447e-9,4.584173259470509e-5,3.754203248898007e-5,0.11111079502779421,-0.11110998874670941
24790,3.90625,-0.11111078170582979,2.0294155029264467e-9,4.504903442834759e-5,3.0488951669491262e-5,0.11111078170582979,-0.11110998067739555
24791,9.765625,-0.11111070632793449,1.3658970919995094e-9,3.695804502404733e-5,1.4276782447593493e-5,0.11111070632793449,-0.11110996651069775
24792,24.4140625,-0.11111055745923505,2.4958523386541016e-10,1.579826679941221e-5,2.508221501280711e-5,0.11111055745923505,-0.11110996560212451
24793,9.765625,-0.11111049747164924,4.725228762898776e-11,6.8740299409435044e-6,6.176793985104227e-5,0.11111049747164924,-0.11110997088735139
24794,3.90625,-0.11111044148965175,1.2753344027898607e-11,3.571182441138874e-6,6.72747695805592e-5,0.11111044148965175,-0.11110997571727688
24795,1.5625,-0.11111038913225263,7.557314051802534e-11,8.693281343544873e-6,6.64243674887586e-5,0.11111038913225263,-0.11110998001305085
24796,0.625,-0.11111033815399243,2.2208198094923233e-10,1.4902415272338652e-5,6.486602337376833e-5,0.11111033815399243,-0.11110998404280238
24797,0.25,-0.11111028773619296,4.489098317760835e-10,2.1187492342797047e-5,6.367994267642472e-5,0.11111028773619296,-0.11110998796405927
24798,0.1,-0.11111023758671523,7.547917836951997e-10,2.747347418320442e-5,6.289660109073658e-5,0.11111023758671523,-0.11110999184176232
24799,0.1,-0.11111018774209651,1.1364644566748796e-9,3.371148849687417e-5,6.237836883480443e-5,0.11111018774209651,-0.11110999560734194
24800,0.1,-0.11111013824057199,1.5908484779959633e-9,3.988544193055862e-5,6.180745914413191e-5,0.11111013824057199,-0.11110999924788766
24801,0.1,-0.11111008912004387,2.1146414936806095e-9,4.5985231256139287e-5,6.118408613940209e-5,0.11111008912004387,-0.11111000275104056
24802,0.1,-0.11111004041808055,2.704330568626114e-9,5.200317844734218e-5,6.050861341980124e-5,0.11111004041808055,-0.11111000610504754
24803,0.25,-0.11110999299285675,3.337150958817445e-9,5.7768079064630887e-5,5.97876247885002e-5,0.11110999299285675,-0.11111000870630552
24804,0.625,-0.111109948988083,3.95311282219837e-9,6.287378485663456e-5,5.8166012915245837e-5,0.111109948988083,-0.1111100092106677
24805,1.5625,-0.11110991432578039,4.387840229494923e-9,6.624077467462863e-5,5.411601888423846e-5,0.11110991432578039,-0.11111000422448145
24806,3.90625,-0.11110990502646712,4.243150000061875e-9,6.513946576432658e-5,4.382706409577558e-5,0.11110990502646712,-0.11110998731836315
24807,9.765625,-0.11110996225298314,2.8625977982639937e-9,5.3503250352329e-5,1.9667959148158077e-5,0.11110996225298314,-0.11110995755733001
24808,24.4140625,-0.11111017294956385,5.247050594011883e-10,2.2906441439062253e-5,3.545723924812389e-5,0.11111017294956385,-0.11110995548532203
24809,9.765625,-0.11111030048543914,9.686451634910846e-11,9.841977258107665e-6,8.940400659276629e-5,0.11111030048543914,-0.11110996660122822
24810,3.90625,-0.11111040298310604,2.2336980549909043e-11,4.7262014927327255e-6,9.756384516888288e-5,0.11111040298310604,-0.11110997677832599
24811,1.5625,-0.11111049762386443,1.5307312050743313e-10,1.2372272245122685e-5,9.64129687196708e-5,0.11111049762386443,-0.11110998583481373
24812,0.625,-0.11111058975009779,4.6055406387257716e-10,2.1460523383006695e-5,9.420376188756974e-5,0.11111058975009779,-0.11110999433448268
24813,0.25,-0.11111068113825102,9.378739422598828e-10,3.0624727627521566e-5,9.252240127930688e-5,0.11111068113825102,-0.11111000261007517
24814,0.1,-0.11111077241394655,1.5825627894383512e-9,3.978143774976404e-5,9.141991879770286e-5,0.11111077241394655,-0.11111001079902803
24815,0.1,-0.11111086339080252,2.387964453896749e-9,4.886680318883924e-5,9.069894470283493e-5,0.11111086339080252,-0.11111001875738019
24816,0.1,-0.11111095396434702,3.347768959837165e-9,5.785990805244306e-5,8.989903979552658e-5,0.11111095396434702,-0.11111002645718526
24817,0.1,-0.11111104402852863,4.45517579742823e-9,6.674710328866887e-5,8.90206944098901e-5,0.11111104402852863,-0.11111003387168258
24818,0.1,-0.11111113347602075,5.702920729938757e-9,7.55176848820113e-5,8.806458239652241e-5,0.11111113347602075,-0.11111004097540793
24819,0.25,-0.11111121996402974,7.0432246232950615e-9,8.39239216391552e-5,8.703973534784775e-5,0.11111121996402974,-0.1111100464931141
24820,0.625,-0.11111129772472102,8.349805897979378e-9,9.137727232731002e-5,8.470033197529267e-5,0.11111129772472102,-0.11111004758106033
24821,1.5625,-0.11111135129871534,9.276096307018861e-9,9.631249299555515e-5,7.881563351306183e-5,0.11111135129871534,-0.11111003705171632
24822,3.90625,-0.1111113422279546,8.981181506579143e-9,9.476909573578901e-5,6.380427808687433e-5,0.1111113422279546,-0.11111000125280904
24823,9.765625,-0.11111119209591877,6.073335093839071e-9,7.793160523073467e-5,2.819661568445296e-5,0.11111119209591877,-0.11110993802627218
24824,24.4140625,-0.111110905853645,1.0431155937563343e-10,1.021330305903205e-5,4.9359543350460334e-5,0.111110905853645,-0.11110997791451863
24825,9.765625,-0.11111013810127673,1.1011045328514621e-10,1.0493352814288968e-5,2.7588431704145753e-5,0.11111013810127673,-0.11110997719725485
24826,3.90625,-0.11110985380494558,1.2492157617027704e-10,1.1176832116940696e-5,1.846676969365277e-5,0.11110985380494558,-0.11110997693147451
24827,1.5625,-0.1111096255062642,1.4351780463850367e-10,1.1979891678913615e-5,1.4653597534232152e-5,0.1111096255062642,-0.11110997688444871
24828,3.90625,-0.11110957603871396,1.4199816313416904e-10,1.1916298214385583e-5,1.2965216814109469e-5,0.11110957603871396,-0.11110997640434964
24829,9.765625,-0.11110994441853848,9.356419071522005e-11,9.672858456279615e-6,9.418579233664675e-6,0.11110994441853848,-0.11110997546166461
24830,24.4140625,-0.1111105942797827,1.6475540779134668e-11,4.059007363769456e-6,9.043425090080127e-6,0.1111105942797827,-0.11110997540703833
24831,9.765625,-0.11111027387045193,3.5633939296006425e-12,1.8876954017003492e-6,1.672057711500796e-5,0.11111027387045193,-0.11110997578252166
24832,3.90625,-0.11111016330733184,2.025020691558377e-12,1.4230322173297333e-6,1.7745162319041008e-5,0.11111016330733184,-0.11110997611216189
24833,1.5625,-0.11111007733547194,6.6183645595635705e-12,2.5726182304344284e-6,1.7378445964739488e-5,0.11111007733547194,-0.11110997640488574
24834,0.625,-0.11110999757576008,1.6449079896482906e-11,4.055746527642341e-6,1.6905123875566023e-5,0.11110999757576008,-0.11110997667915573
24835,0.25,-0.11110991966999824,3.1280525991168193e-11,5.592899604960579e-6,1.6551941242264547e-5,0.11110991966999824,-0.11110997694513919
24836,0.1,-0.11110984233430811,5.100880885376109e-11,7.142045145038016e-6,1.631205584533482e-5,0.11110984233430811,-0.1111099772070115
24837,0.1,-0.11110976752822022,7.537968915462337e-11,8.682147727067501e-6,1.6146429339790595e-5,0.11110976752822022,-0.11110997746031968
24838,0.1,-0.11110969550443713,1.0416807143166218e-10,1.0206276080513507e-5,1.5974648267404076e-5,0.11110969550443713,-0.11110997770453453
24839,0.1,-0.11110962650421413,1.3713923067344701e-10,1.171064603996923e-5,1.5795929188726915e-5,0.11110962650421413,-0.11110997793912764
24840,0.1,-0.11110956075663318,1.7404916811253122e-10,1.319276953912753e-5,1.560966277524819e-5,0.11110956075663318,-0.11110997816358005
24841,0.25,-0.11110950743499881,2.133166340185639e-10,1.4605363193654716e-5,1.541741144789558e-5,0.11110950743499881,-0.11110997833967177
24842,0.625,-0.11110948692331872,2.5085262976226684e-10,1.5838327871409496e-5,1.5014056524690807e-5,0.11110948692331872,-0.11110997838327547
24843,1.5625,-0.11110954916447277,2.757010416805309e-10,1.6604247699926995e-5,1.4044245015927692e-5,0.11110954916447277,-0.11110997808493828
24844,3.90625,-0.11110979729400983,2.625067563295062e-10,1.6202060249533273e-5,1.1682407882587171e-5,0.11110979729400983,-0.11110997706145637
24845,9.765625,-0.11111033181600947,1.7381670132362064e-10,1.3183956209105847e-5,6.977771202426516e-6,0.11111033181600947,-0.11110997529650868
24846,24.4140625,-0.1111106881426687,3.29356149930208e-11,5.738955914887376e-6,1.0486959893553751e-5,0.1111106881426687,-0.11110997519575085
24847,9.765625,-0.11111047935920038,7.137989908416096e-12,2.671701687766824e-6,2.2519069559989315e-5,0.11111047935920038,-0.1111099758775727
24848,3.90625,-0.11111039892899126,2.8865430478656354e-12,1.6989829451367766e-6,2.4406490986280143e-5,0.11111039892899126,-0.11110997650625408
24849,1.5625,-0.11111033586229246,1.0959747734081111e-11,3.3105509713763827e-6,2.4096289729521256e-5,0.11111033586229246,-0.11110997706973859
24850,0.625,-0.1111102775160316,2.96380366197147e-11,5.4440827160977905e-6,2.3547973952997608e-5,0.1111102775160316,-0.11110997760064936
24851,0.25,-0.11111022068630462,5.850493687841415e-11,7.648851997418577e-6,2.313417001184011e-5,0.11111022068630462,-0.11110997811835607
24852,0.1,-0.11111016437160488,9.741084113364611e-11,9.869693061774825e-6,2.2863409779292e-5,0.11111016437160488,-0.11110997863086355
24853,0.1,-0.11111010911617576,1.459465265523678e-10,1.2080833023942008e-5,2.2686653845741214e-5,0.11111010911617576,-0.11110997912928594
24854,0.1,-0.11111005506692695,2.0372877232561703e-10,1.4273358831249813e-5,2.249237169806786e-5,0.11111005506692695,-0.11110997961202147
24855,0.1,-0.11111000236628787,2.7034579333754475e-10,1.644219551451523e-5,2.2280490166627366e-5,0.11111000236628787,-0.11110998007752802
24856,0.1,-0.11110995115178517,3.4535860882852867e-10,1.858382653891627e-5,2.205101588568666e-5,0.11110995115178517,-0.11110998052433065
24857,0.25,-0.11110990551985929,4.258442117820965e-10,2.0635993113540634e-5,2.1805849822574953e-5,0.11110990551985929,-0.11110998087544914
24858,0.625,-0.11110987497669242,5.040825641114035e-10,2.2451783094253416e-5,2.1245997540838046e-5,0.11110987497669242,-0.11110998095963491
24859,1.5625,-0.11110988347627047,5.589383033167682e-10,2.3641876053240113e-5,1.98407271627166e-5,0.11110988347627047,-0.11110998034519834
24860,3.90625,-0.11110998299763027,5.394705555385193e-10,2.3226505452575496e-5,1.6298090325601266e-5,0.11110998299763027,-0.11110997821816622
24861,9.765625,-0.1111102371743138,3.6292724628008737e-10,1.9050649497591606e-5,8.521969898323807e-6,0.1111102371743138,-0.11110997447424464
24862,24.4140625,-0.11111047912578081,6.708281841436777e-11,8.190410149337319e-6,1.3835694363918728e-5,0.11111047912578081,-0.11110997424295675
24863,9.765625,-0.11111041866249628,1.2927925270199916e-11,3.595542416687629e-6,3.2363576920860424e-5,0.11111041866249628,-0.11110997567812717
24864,3.90625,-0.11111041374577162,3.693342298292939e-12,1.9218070398177178e-6,3.523424141504318e-5,0.11111041374577162,-0.11110997699752034
24865,1.5625,-0.11111041450433336,2.0627767063330997e-11,4.5417801645754495e-6,3.4839446444521904e-5,0.11111041450433336,-0.11110997817725628
24866,0.625,-0.11111041662249344,6.017467767281048e-11,7.757233893135522e-6,3.407784931032871e-5,0.11111041662249344,-0.11110997928837797
24867,0.25,-0.11111041916085898,1.2151185151112797e-10,1.1023241424877166e-5,3.35053610540582e-5,0.11111041916085898,-0.11110998037287144
24868,0.1,-0.11111042185135768,2.04376308617193e-10,1.4296024224139836e-5,3.313817480461721e-5,0.11111042185135768,-0.11110998144803572
24869,0.1,-0.11111042494476686,3.0796189593047226e-10,1.7548843150774136e-5,3.290567489362534e-5,0.11111042494476686,-0.11110998249512341
24870,0.1,-0.11111042848086113,4.31504685080193e-10,2.0772690848327594e-5,3.264442955555472e-5,0.11111042848086113,-0.11110998351044603
24871,0.1,-0.11111043249680926,5.741740387428626e-10,2.3961928944533295e-5,3.23546396831202e-5,0.11111043249680926,-0.11110998449046211
24872,0.1,-0.11111043702703853,7.350760248883421e-10,2.7112285497322835e-5,3.203656846664022e-5,0.11111043702703853,-0.11110998543179158
24873,0.25,-0.11111044342710795,9.080968395150393e-10,3.0134645169887752e-5,3.169285133499775e-5,0.11111044342710795,-0.11110998616986731
24874,0.625,-0.1111104547023229,1.0769975638130685e-9,3.281764104583187e-5,3.088035175685181e-5,0.1111104547023229,-0.11110998633743184
24875,1.5625,-0.11111047804853406,1.1971234035694166e-9,3.4599471145805345e-5,2.8806271239560697e-5,0.11111047804853406,-0.11110998500554761
24876,3.90625,-0.11111052707236307,1.1600301839362226e-9,3.405921584441167e-5,2.3504956041802044e-5,0.11111052707236307,-0.11110998040675389
24877,9.765625,-0.111110605646037,7.860809073583916e-10,2.803713443557297e-5,1.1270238230679069e-5,0.111110605646037,-0.11110997224454892
24878,24.4140625,-0.11111058977887203,1.471961702164205e-10,1.2132442879174025e-5,1.9019989673086015e-5,0.11111058977887203,-0.11110997158207166
24879,9.765625,-0.11111048723004807,2.7923203547699538e-11,5.284241056925728e-6,4.7264316665326136e-5,0.11111048723004807,-0.11110997466586012
24880,3.90625,-0.1111104233440978,6.114493643419026e-12,2.472750218566167e-6,5.1691771341059096e-5,0.1111104233440978,-0.11110997751939304
24881,1.5625,-0.11111036678152637,4.1267447299480013e-11,6.42397441616014e-6,5.1190258309252944e-5,0.11111036678152637,-0.11110998007276832
24882,0.625,-0.11111031247750527,1.2565580079903451e-10,1.1209629824353457e-5,5.010564970002081e-5,0.11111031247750527,-0.11110998247736677
24883,0.25,-0.11111025897457973,2.5751494272788776e-10,1.604727212730836e-5,4.928365270195508e-5,0.11111025897457973,-0.11110998482437738
24884,0.1,-0.1111102057923245,4.3630693597425013e-10,2.0887961508348538e-5,4.875803394103928e-5,0.1111102057923245,-0.11110998715174213
24885,0.1,-0.11111015312848987,6.603441313575641e-10,2.5697161931963696e-5,4.842829983827528e-5,0.11111015312848987,-0.11110998941957259
24886,0.1,-0.11111010105144932,9.280156384440047e-10,3.0463349100911488e-5,4.805519061919577e-5,0.11111010105144932,-0.11110999161970754
24887,0.1,-0.11111004962806485,1.2375621164230303e-9,3.5179001071989384e-5,4.763904301536095e-5,0.11111004962806485,-0.11110999374430411
24888,0.1,-0.11110999892356084,1.5870831983716834e-9,3.983821279088312e-5,4.718027351322037e-5,0.11110999892356084,-0.1111099957858701
24889,0.25,-0.11110995073760387,1.963463367526248e-9,4.431098472756217e-5,4.66825299635253e-5,0.11110995073760387,-0.11110999738809448
24890,0.625,-0.11110990933848358,2.3317615646014963e-9,4.828831706118465e-5,4.5490625063368333e-5,0.11110990933848358,-0.11110999775387755
24891,1.5625,-0.11110988583026532,2.595708348870635e-9,5.0948094653977345e-5,4.2428142367973226e-5,0.11110988583026532,-0.11110999486317784
24892,3.90625,-0.11110990651252148,2.520893590976175e-9,5.020850118233141e-5,3.455791978489159e-5,0.11110990651252148,-0.11110998485392734
24893,9.765625,-0.1111100188888766,1.7163186230869257e-9,4.14284759928111e-5,1.6007260113503085e-5,0.1111100188888766,-0.11110996698110358
24894,24.4140625,-0.11111023908247833,3.2679449461644347e-10,1.807745819014508e-5,2.7102171812575833e-5,0.11111023908247833,-0.11110996523822722
24895,9.765625,-0.11111032047079467,6.280392450785358e-11,7.92489271270303e-6,6.95337321135916e-5,0.11111032047079467,-0.11110997192475741
24896,3.90625,-0.11111039783689651,1.2116767422867861e-11,3.480914739385017e-6,7.62767714064739e-5,0.11111039783689651,-0.11110997815351183
24897,1.5625,-0.11111047089141886,8.616602483666179e-11,9.28256563869396e-6,7.561860194497351e-5,0.11111047089141886,-0.11110998373474262
24898,0.625,-0.1111105424247356,2.6800205601191926e-10,1.6370768339082906e-5,7.405253215367249e-5,0.1111105424247356,-0.11110998899178968
24899,0.25,-0.11111061350151318,5.537661450797515e-10,2.3532236295765677e-5,7.285625546081928e-5,0.11111061350151318,-0.1111099941229352
24900,0.1,-0.11111068451312651,9.423067239837545e-10,3.069701490346829e-5,7.209068951646146e-5,0.11111068451312651,-0.11110999921134418
24901,0.1,-0.11111075540357503,1.4300134460421682e-9,3.781551858750807e-5,7.161155267729008e-5,0.11111075540357503,-0.11111000417106026
24902,0.1,-0.11111082610886373,2.013422840699062e-9,4.4871180513766984e-5,7.106763014459047e-5,0.11111082610886373,-0.11111000898408654
24903,0.1,-0.11111089656343089,2.688743937729699e-9,5.1853099596163964e-5,7.045944515739278e-5,0.11111089656343089,-0.111110013633122
24904,0.1,-0.11111096670029376,3.451874416936143e-9,5.8752654552251026e-5,6.978762995956952e-5,0.11111096670029376,-0.11111001810162817
24905,0.25,-0.11111103521793617,4.274428063593677e-9,6.5379110299802e-5,6.905742180136762e-5,0.11111103521793617,-0.11111002161327993
24906,0.625,-0.11111109881796298,5.0806532604939644e-9,7.127870131037717e-5,6.730048101538237e-5,0.11111109881796298,-0.11111002242857701
24907,1.5625,-0.11111114840288684,5.661584599374052e-9,7.524350204086764e-5,6.27744910308016e-5,0.11111114840288684,-0.11111001613312228
24908,3.90625,-0.11111115996879492,5.5074339085220716e-9,7.421208734783082e-5,5.111298026312088e-5,0.11111115996879492,-0.11110999425655056
24909,9.765625,-0.11111107652614434,3.763323730739073e-9,6.134593491617088e-5,2.3315246357731747e-5,0.11111107652614434,-0.11110995500241215
24910,24.4140625,-0.11111079753076726,7.25661164702329e-10,2.6938098758121908e-5,3.921351213482264e-5,0.11111079753076726,-0.11110995070468882
24911,9.765625,-0.11111062939968744,1.40404281756754e-10,1.1849231272819093e-5,0.0001027454045393713,0.11111062939968744,-0.11110996532247404
24912,3.90625,-0.11111049204002565,2.3849567147360044e-11,4.883601862084997e-6,0.00011295521579877741,0.11111049204002565,-0.11110997901027243
24913,1.5625,-0.11111036502244301,1.8149593088675285e-10,1.3472042565504047e-5,0.00011207522608037058,0.11111036502244301,-0.1111099912891463
24914,0.625,-0.11111024171954251,5.759879574487641e-10,2.399974911220457e-5,0.00010979782110179819,0.11111024171954251,-0.11111000285669838
24915,0.25,-0.11111011993240553,1.1988134233519917e-9,3.462388515681035e-5,0.00010804650961607799,0.11111011993240553,-0.11111001414682234
24916,0.1,-0.11110999889858876,2.0474520003224753e-9,4.5248778992614546e-5,0.0001069243028531831,0.11110999889858876,-0.11111002534271205
24917,0.1,-0.1111098787455685,3.114094136542018e-9,5.5804069175482335e-5,0.00010622264505202186,0.1111098787455685,-0.11111003625810033
24918,0.1,-0.11110975956727469,4.391218700409469e-9,6.62662712125065e-5,0.00010542480369635378,0.11110975956727469,-0.1111100468533425
24919,0.1,-0.11110964145541254,5.8705856501215546e-9,7.661974712906298e-5,0.00010453153963822486,0.11110964145541254,-0.11111005709030608
24920,0.1,-0.11110952449944154,7.5432709714346e-9,8.685200614513518e-5,0.00010354377248577493,0.11110952449944154,-0.11111006693251888
24921,0.25,-0.11110941095190885,9.347525961092693e-9,9.668260423205765e-5,0.00010246905250309039,0.11110941095190885,-0.11111007468125793
24922,0.625,-0.11110930633001842,1.1118381394034443e-8,0.00010544373567943447,9.987561365926093e-5,0.11110930633001842,-0.1111100765252766
24923,1.5625,-0.11110922555567991,1.2400353250924187e-8,0.00011135687338877734,9.318395850719876e-5,0.11110922555567991,-0.11111006278105637
24924,3.90625,-0.11110920744523425,1.2080540221491778e-8,0.00010991151086893392,7.591610442267582e-5,0.11110920744523425,-0.11111001480654184
24925,9.765625,-0.11110934440537777,8.284052546490103e-9,9.101677068809959e-5,3.450869929563486e-5,0.11110934440537777,-0.11110992830811692
24926,24.4140625,-0.11110994891816403,1.3362782079560528e-10,1.1559750031709392e-5,5.591499626164895e-5,0.11110994891816403,-0.11110998110765316
24927,9.765625,-0.11111072688910473,1.4154120295432646e-10,1.189710901666142e-5,3.092792425598932e-5,0.11111072688910473,-0.11110998015479832
24928,3.90625,-0.11111101630005336,1.6061044718850302e-10,1.2673217712503128e-5,2.0455151066897764e-5,0.11111101630005336,-0.11110997979181704
24929,1.5625,-0.111111248619316,1.844893334660047e-10,1.3582685060988666e-5,1.6074240053773076e-5,0.111111248619316,-0.11110997971281306
24930,3.90625,-0.11111130018933907,1.8300230149976908e-10,1.3527834324080446e-5,1.4151616190862905e-5,0.11111130018933907,-0.1111099790777111
24931,9.765625,-0.11111092866261946,1.2196516067787944e-10,1.104378380256873e-5,1.0002259157598073e-5,0.11111092866261946,-0.11110997783332123
24932,24.4140625,-0.11111027044898752,2.1825696021205984e-11,4.671797943105629e-6,9.60383763193635e-6,0.11111027044898752,-0.1111099777288449
24933,9.765625,-0.11111059755383758,4.57656039351488e-12,2.139289693686874e-6,1.883963911783696e-5,0.11111059755383758,-0.11110997820889215
24934,3.90625,-0.11111070768758936,2.150994016733492e-12,1.466626747585592e-6,2.0174979935902436e-5,0.11111070768758936,-0.11110997863722229
24935,1.5625,-0.11111079284429715,7.875360200952553e-12,2.8063072178492064e-6,1.9832907358854606e-5,0.11111079284429715,-0.11110997901894729
24936,0.625,-0.11111087173046728,2.058898363039685e-11,4.537508526757481e-6,1.9336867651469002e-5,0.11111087173046728,-0.11110997937747974
24937,0.25,-0.11111094876060834,3.9999907317520615e-11,6.324547993139163e-6,1.8965853220219864e-5,0.11111094876060834,-0.11110997972610216
24938,0.1,-0.11111102523147509,6.599246811457939e-11,8.123574835906873e-6,1.8718675874703897e-5,0.11111102523147509,-0.11110998007028636
24939,0.1,-0.11111109911548833,9.826152805656603e-11,9.912695297272383e-6,1.8552775853106158e-5,0.11111109911548833,-0.11110998040416455
24940,0.1,-0.11111117015466897,1.3653226638247247e-10,1.1684702237646985e-5,1.837643089460544e-5,0.11111117015466897,-0.11110998072686068
24941,0.1,-0.11111123810272722,1.805140822392012e-10,1.3435552918998206e-5,1.8189117193831884e-5,0.11111123810272722,-0.11110998103751688
24942,0.1,-0.11111130272582563,2.2990130515415751e-10,1.5162496666253797e-5,1.799044992544123e-5,0.11111130272582563,-0.11110998133530368
24943,0.25,-0.11111135460412645,2.8266297567340743e-10,1.681258384881418e-5,1.7782118283451956e-5,0.11111135460412645,-0.11110998156934633
24944,0.625,-0.11111137282517976,3.335001073177794e-10,1.8261985306033388e-5,1.7324437919401956e-5,0.11111137282517976,-0.1111099816270572
24945,1.5625,-0.11111130620119322,3.681057925683827e-10,1.918608330453047e-5,1.6197210859826352e-5,0.11111130620119322,-0.11110998122645528
24946,3.90625,-0.11111104930083524,3.529139651260445e-10,1.8786004501384653e-5,1.3400835293201516e-5,0.11111104930083524,-0.11110997984338583
24947,9.765625,-0.11111050115919963,2.364478705010766e-10,1.5376861529618994e-5,7.5301349775654075e-6,0.11111050115919963,-0.1111099774215452
24948,24.4140625,-0.11111014663581241,4.524448854842935e-11,6.726402348092876e-6,1.1477103748621641e-5,0.11111014663581241,-0.11110997722999814
24949,9.765625,-0.11111036585510764,9.085942707031998e-12,3.014289751671527e-6,2.6184581792821624e-5,0.11111036585510764,-0.11110997816566696
24950,3.90625,-0.11111045257571092,2.5296662105315508e-12,1.5904924427772522e-6,2.8549943126385705e-5,0.11111045257571092,-0.11110997903362085
24951,1.5625,-0.1111105212451461,1.302911374560206e-11,3.609586367660713e-6,2.8251541575461866e-5,0.1111105212451461,-0.11110997981171007
24952,0.625,-0.11111058500956958,3.8221348896752713e-11,6.182341700096551e-6,2.7641183316869868e-5,0.11111058500956958,-0.1111099805446038
24953,0.25,-0.11111064721794973,7.754660437275037e-11,8.806054983518464e-6,2.7175919504480437e-5,0.11111064721794973,-0.11110998125936435
24954,0.1,-0.11111070892088,1.308176171667937e-10,1.1437552936130773e-5,2.687328375016059e-5,0.11111070892088,-0.11110998196730555
24955,0.1,-0.11111076955787551,1.97505006586505e-10,1.4053647447780416e-5,2.6678486395413923e-5,0.11111076955787551,-0.11110998265655522
24956,0.1,-0.11111082897349768,2.771063203405683e-10,1.6646510755728008e-5,2.646195256726288e-5,0.11111082897349768,-0.11110998332480676
24957,0.1,-0.11111088701662997,3.690776006448e-10,1.921139247021933e-5,2.622366891499736e-5,0.11111088701662997,-0.11110998396983811
24958,0.1,-0.11111094354093198,4.728353178034414e-10,2.1744776793598995e-5,2.596369983943538e-5,0.11111094354093198,-0.11110998458952152
24959,0.25,-0.11111099426033656,5.844396625259296e-10,2.417518691811771e-5,2.5684068194139358e-5,0.11111099426033656,-0.1111099850779533
24960,0.625,-0.11111102920645508,6.934301943295104e-10,2.633306276014073e-5,2.503218294996636e-5,0.11111102920645508,-0.11110998519855138
24961,1.5625,-0.1111110232177561,7.710617089092831e-10,2.776799792763755e-5,2.3378373097777495e-5,0.1111110232177561,-0.11110998435264381
24962,3.90625,-0.1111109215300145,7.476457784005397e-10,2.734311208331158e-5,1.917189553780495e-5,0.1111109215300145,-0.1111099813996785
24963,9.765625,-0.11111065621124093,5.081085309368222e-10,2.254126285142033e-5,9.640727752816832e-6,0.11111065621124093,-0.11110997613231008
24964,24.4140625,-0.11111039693124261,9.712841490378348e-11,9.855374924566973e-6,1.5518118226621584e-5,0.11111039693124261,-0.11110997563913463
24965,9.765625,-0.11111045089832139,1.8862778625918552e-11,4.34313004939048e-6,3.813451360276791e-5,0.11111045089832139,-0.11110997763990574
24966,3.90625,-0.11111044842169981,3.924365007263677e-12,1.9810010114241934e-6,4.176577168877064e-5,0.11111044842169981,-0.11110997950473425
24967,1.5625,-0.11111044063814353,2.5969466070852036e-11,5.09602453593505e-6,4.139909330920802e-5,0.11111044063814353,-0.11110998117753587
24968,0.625,-0.11111043169231997,7.996086914985276e-11,8.942084161416328e-6,4.05443727550103e-5,0.11111043169231997,-0.1111099827540784
24969,0.25,-0.11111042244759059,1.6474367024090023e-10,1.2835251078218151e-5,3.9891753972397816e-5,0.11111042244759059,-0.11110998429307709
24970,0.1,-0.11111041314422088,2.799666516293511e-10,1.673220402784257e-5,3.947334549365668e-5,0.11111041314422088,-0.11110998581915833
24971,0.1,-0.1111104035116135,4.2455194991543934e-10,2.0604658451802578e-5,3.9210621757585276e-5,0.1111104035116135,-0.1111099873068027
24972,0.1,-0.11111039350973669,5.974665467865073e-10,2.4443128825633334e-5,3.891326214966477e-5,0.11111039350973669,-0.11110998875072046
24973,0.1,-0.11111038310079523,7.975817250462322e-10,2.8241489426838527e-5,3.8581498830679287e-5,0.11111038310079523,-0.1111099901458237
24974,0.1,-0.11111037224939872,1.023677714993862e-9,3.199496390049319e-5,3.821563411941242e-5,0.11111037224939872,-0.11110999148724504
24975,0.25,-0.1111103595824449,1.2673487701056554e-9,3.559984227641543e-5,3.781847896518752e-5,0.1111103595824449,-0.11110999254487113
24976,0.625,-0.11111034206764951,1.5061750093961153e-9,3.880947061473675e-5,3.686639308116664e-5,0.11111034206764951,-0.11110999280319836
24977,1.5625,-0.11111031249432748,1.6783245273592091e-9,4.0967359291992557e-5,3.441878766791888e-5,0.11111031249432748,-0.11110999095391351
24978,3.90625,-0.11111025761102743,1.6329671553843956e-9,4.040998831210417e-5,2.8129894458894306e-5,0.11111025761102743,-0.1111099844851054
24979,9.765625,-0.11111017688834093,1.1170569197701761e-9,3.342240146623483e-5,1.3370057812346804e-5,0.11111017688834093,-0.11110997285173026
24980,24.4140625,-0.11111021343493015,2.1697362664506066e-10,1.4730024665460022e-5,2.1779982925110234e-5,0.11111021343493015,-0.11110997154431014
24981,9.765625,-0.1111103408609544,4.2484438215139403e-11,6.518008761511402e-6,5.619136897651825e-5,0.1111103408609544,-0.11110997590272922
24982,3.90625,-0.1111104237756707,7.290245757507337e-12,2.700045510265954e-6,6.178096218615613e-5,0.1111104237756707,-0.1111099799962624
24983,1.5625,-0.11111049786062233,5.366007181113737e-11,7.325303530307626e-6,6.13234076009212e-5,0.11111049786062233,-0.11110998367381454
24984,0.625,-0.11111056929557656,1.7050011906762254e-10,1.3057569416534707e-5,6.0096809406727076e-5,0.11111056929557656,-0.11110998714071506
24985,0.25,-0.11111063990303816,3.5529338689633007e-10,1.8849227753314724e-5,5.915224863273563e-5,0.11111063990303816,-0.11110999052555381
24986,0.1,-0.1111107102935348,6.073083017611216e-10,2.464362598647207e-5,5.854804556229842e-5,0.1111107102935348,-0.11110999388277687
24987,0.1,-0.11111078022901728,9.242516390757448e-10,3.0401507184278624e-5,5.817175263620447e-5,0.11111078022901728,-0.11110999715715837
24988,0.1,-0.11111084961463025,1.3039112586718225e-9,3.610971141773114e-5,5.774314947855132e-5,0.11111084961463025,-0.11111000033687823
24989,0.1,-0.11111091835597751,1.7438599413423216e-9,4.175954910367594e-5,5.726261600355492e-5,0.11111091835597751,-0.11111000341055562
24990,0.1,-0.11111098635935816,2.241465583701162e-9,4.7344118786826756e-5,5.6730625107291316e-5,0.11111098635935816,-0.11111000636729718
24991,0.25,-0.11111105128864726,2.7784310660032782e-9,5.271082494140343e-5,5.6151096049879555e-5,0.11111105128864726,-0.11111000870202635
24992,0.625,-0.11111110753744535,3.3058194653642933e-9,5.749625609867388e-5,5.4746101747388266e-5,0.11111110753744535,-0.1111100092808869
24993,1.5625,-0.11111114042729549,3.68843354786253e-9,6.073247523246957e-5,5.111429574097498e-5,0.11111114042729549,-0.11111000522142067
24994,3.90625,-0.1111111150473022,3.595727691312924e-9,5.9964386858475623e-5,4.174360059673839e-5,0.1111111150473022,-0.11110999096635402
24995,9.765625,-0.11111096862490558,2.4699150866989053e-9,4.969824027768896e-5,1.9422170922644556e-5,0.11111096862490558,-0.1111099651885078
24996,24.4140625,-0.11111068354683719,4.870868848646342e-10,2.2070044967435707e-5,3.143029784253018e-5,0.11111068354683719,-0.11110996191888402
24997,9.765625,-0.11111057892736506,9.676867847453527e-11,9.837107220851834e-6,8.326814283746622e-5,0.11111057892736506,-0.1111099714968239
24998,3.90625,-0.11111047824035371,1.4909531630215e-11,3.861286266286792e-6,9.179039296440621e-5,0.11111047824035371,-0.11110998055106613
24999,1.5625,-0.11111038331746607,1.1375031953182165e-10,1.0665379483723102e-5,9.120089046721224e-5,0.11111038331746607,-0.11110998869736838
25000,0.625,-0.11111029068712149,3.6866037872145193e-10,1.9200530688537022e-5,8.941840907195707e-5,0.11111029068712149,-0.1111099963793256
25001,0.25,-0.1111101990296942,7.740565409045168e-10,2.782187162835234e-5,8.803492413155126e-5,0.1111101990296942,-0.11111000387975123
25002,0.1,-0.11111010786785484,1.3283388288758106e-9,3.6446382932683606e-5,8.714910069555641e-5,0.11111010786785484,-0.11111001131929404
25003,0.1,-0.11111001721065288,2.0265262297717093e-9,4.501695491447316e-5,8.659853412357854e-5,0.11111001721065288,-0.11111001857742567
25004,0.1,-0.11110992711507019,2.8637926381158673e-9,5.3514415236605804e-5,8.596966379797727e-5,0.11110992711507019,-0.11111002562782844
25005,0.1,-0.11110983763740827,3.834834439252312e-9,6.192604007404569e-5,8.526308508105058e-5,0.11110983763740827,-0.11111003244515694
25006,0.1,-0.11110974883330547,4.93389293770445e-9,7.024167521994653e-5,8.447952194993187e-5,0.11110974883330547,-0.11111003900513786
25007,0.25,-0.11110966192352706,6.120888026310251e-9,7.82361043656332e-5,8.362464992956416e-5,0.11110966192352706,-0.11111004419428891
25008,0.625,-0.11110958000800196,7.288477173662321e-9,8.537257858154644e-5,8.154347201417701e-5,0.11110958000800196,-0.11111004550930631
25009,1.5625,-0.11110951178749788,8.139797356091506e-9,9.02208255121372e-5,7.615202256088035e-5,0.11110951178749788,-0.11111003657807016
25010,3.90625,-0.11110948160303315,7.947771804860192e-9,8.915027652711006e-5,6.221318371647489e-5,0.11110948160303315,-0.11111000507236309
25011,9.765625,-0.11110955686930497,5.479248569123212e-9,7.402194653697788e-5,2.8750054210354404e-5,0.11110955686930497,-0.11110994781472501
25012,24.4140625,-0.11111016007377254,8.568450388984037e-11,9.256592455641567e-6,4.486847320892281e-5,0.11111016007377254,-0.1111099822810404
25013,9.765625,-0.1111106361960415,9.129980247595343e-11,9.555093012417693e-6,2.4786085105799493e-5,0.1111106361960415,-0.11110998165887176
25014,3.90625,-0.11111080576235992,1.0333012196018852e-10,1.0165142495813255e-5,1.6469376485802082e-5,0.11111080576235992,-0.11110998142822719
25015,1.5625,-0.11111094181205741,1.1830676924097792e-10,1.0876891524740785e-5,1.3050933133305299e-5,0.11111094181205741,-0.11110998138268852
25016,3.90625,-0.1111109672559029,1.1735836555648958e-10,1.0833206614686604e-5,1.1575077012605325e-5,0.1111109672559029,-0.1111099809827357
25017,9.765625,-0.11111073777569588,7.902732473928839e-11,8.889731421099762e-6,8.451678268959646e-6,0.11111073777569588,-0.11110998018651538
25018,24.4140625,-0.1111103522296717,1.4534679927321077e-11,3.8124375309401567e-6,8.210416740996308e-6,0.1111103522296717,-0.11110998011444255
25019,9.765625,-0.11111054408750351,3.2478007842546045e-12,1.8021655818083433e-6,1.5423404810413378e-5,0.11111054408750351,-0.1111099804299718
25020,3.90625,-0.1111106031229102,1.4297376558812555e-12,1.1957163776921581e-6,1.6552779350120792e-5,0.1111106031229102,-0.11110998071836499
25021,1.5625,-0.11111064769276538,4.903700075738783e-12,2.214429966320629e-6,1.631929317483462e-5,0.11111064769276538,-0.11110998097776166
25022,0.625,-0.11111068869951651,1.2915124596937059e-11,3.593761900423713e-6,1.5945231853036645e-5,0.11111068869951651,-0.1111099812223815
25023,0.25,-0.11111072866565372,2.52743650753791e-11,5.0273616415948336e-6,1.5661754060209535e-5,0.11111072866565372,-0.11110998146063893
25024,0.1,-0.1111107683231553,4.190824493085714e-11,6.4736577706005695e-6,1.5472440112034667e-5,0.1111107683231553,-0.1111099816960582
25025,0.1,-0.111110806440338,6.263004341524356e-11,7.913914544348047e-6,1.534557281117786e-5,0.111110806440338,-0.1111099819249202
25026,0.1,-0.11111084286779087,8.726879961308356e-11,9.341777112149678e-6,1.5210302364938914e-5,0.11111084286779087,-0.11110998214664279
25027,0.1,-0.11111087746326002,1.1564309406935862e-10,1.0753747908025305e-5,1.506623763706817e-5,0.11111087746326002,-0.11110998236065528
25028,0.1,-0.11111091009210322,1.4756146959428206e-10,1.2147488201034899e-5,1.4913094871205927e-5,0.11111091009210322,-0.11110998256640459
25029,0.25,-0.11111093517609759,1.817575128069019e-10,1.3481747394418199e-5,1.4752116246981564e-5,0.11111093517609759,-0.11110998273112509
25030,0.625,-0.11111094038192948,2.1490889469094643e-10,1.465977130418297e-5,1.4396160795152364e-5,0.11111094038192948,-0.11110998278200884
25031,1.5625,-0.1111108956564842,2.379863226672181e-10,1.5426805329270804e-5,1.3516973517898488e-5,0.1111108956564842,-0.11110998253575098
25032,3.90625,-0.11111073982434397,2.2951421020239525e-10,1.5149726406849572e-5,1.133808233329291e-5,0.11111073982434397,-0.11110998164688626
25033,9.765625,-0.11111041885409638,1.5537982499787123e-10,1.2465144403410304e-5,6.831675548885218e-6,0.11111041885409638,-0.11110998005954298
25034,24.4140625,-0.11111023849282498,3.050989410947357e-11,5.523576206541697e-6,9.605308377276292e-6,0.11111023849282498,-0.1111099799064342
25035,9.765625,-0.1111103777217603,6.539239407189924e-12,2.557193658522937e-6,2.1414933630879383e-5,0.1111103777217603,-0.11110998052420992
25036,3.90625,-0.11111043664148752,1.910737728701084e-12,1.3822943712180427e-6,2.337637594019036e-5,0.11111043664148752,-0.11110998110518527
25037,1.5625,-0.11111048443330412,8.504405091100974e-12,2.9162313164598197e-6,2.3170165315113964e-5,0.11111048443330412,-0.11110998162918304
25038,0.625,-0.11111052916884821,2.477209322518057e-11,4.977157142906036e-6,2.2698234867934805e-5,0.11111052916884821,-0.11110998212411724
25039,0.25,-0.11111057292983437,5.035045727284018e-11,7.095805611263613e-6,2.2335776755187025e-5,0.11111057292983437,-0.1111099826074136
25040,0.1,-0.1111106163734879,8.512257822441176e-11,9.226189799934302e-6,2.2100597001371195e-5,0.1111106163734879,-0.11110998308643129
25041,0.1,-0.11111065916035949,1.2875278849345142e-10,1.1346928592947583e-5,2.195034557786101e-5,0.11111065916035949,-0.11110998355343334
25042,0.1,-0.11111070119317455,1.8092061514741272e-10,1.345067340869641e-5,2.1782331332401114e-5,0.11111070119317455,-0.11110998400687337
25043,0.1,-0.11111074237720237,2.412777328295869e-10,1.553311729272611e-5,2.1596578418114324e-5,0.11111074237720237,-0.111109984445261
25044,0.1,-0.11111078262052416,3.094492299201878e-10,1.7591169089068178e-5,2.1393169384142187e-5,0.11111078262052416,-0.11110998486716822
25045,0.25,-0.11111081926745658,3.828836632274947e-10,1.956741329934784e-5,2.1173629023358983e-5,0.11111081926745658,-0.11110998520313922
25046,0.625,-0.11111084612424003,4.5478739788184495e-10,2.132574495490943e-5,2.0656421329761082e-5,0.11111084612424003,-0.11110998529769942
25047,1.5625,-0.11111084750312213,5.064499727094371e-10,2.2504443399236452e-5,1.933881399914596e-5,0.11111084750312213,-0.11110998475656665
25048,3.90625,-0.11111078894461206,4.923430282239599e-10,2.218880411883344e-5,1.5988906271501827e-5,0.11111078894461206,-0.11110998282414565
25049,9.765625,-0.11111062555011963,3.3654435388076003e-10,1.8345145240110803e-5,8.50510711336557e-6,0.11111062555011963,-0.1111099793403168
25050,24.4140625,-0.11111044932107321,6.581941194634401e-11,8.112916365052952e-6,1.2796270899934754e-5,0.11111044932107321,-0.11110997895823721
25051,9.765625,-0.11111046460722195,1.3277020336719272e-11,3.6437645830540798e-6,3.115179278137032e-5,0.11111046460722195,-0.11110998028538173
25052,3.90625,-0.1111104490962054,2.7140055884616576e-12,1.647423924939072e-6,3.418277154799775e-5,0.1111104490962054,-0.11110998153503977
25053,1.5625,-0.11111043152714462,1.6715899034853157e-11,4.088508167394698e-6,3.3929582625351284e-5,0.11111043152714462,-0.11110998266039507
25054,0.625,-0.11111041364169784,5.193912660024397e-11,7.2068805040907934e-6,3.325971531902216e-5,0.11111041364169784,-0.11110998372268613
25055,0.25,-0.11111039571207604,1.0762292901475276e-10,1.0374147146380408e-5,3.274428270911275e-5,0.11111039571207604,-0.11110998476038499
25056,0.1,-0.11111037779688426,1.835444451692393e-10,1.354785758595208e-5,3.24145052671178e-5,0.11111037779688426,-0.1111099857897841
25057,0.1,-0.11111035974557458,2.790111320762631e-10,1.670362631515274e-5,3.2208963970059436e-5,0.11111035974557458,-0.11110998679417088
25058,0.1,-0.1111103415457097,3.933554756392809e-10,1.983319126210608e-5,3.197513147044921e-5,0.1111103415457097,-0.11110998776999756
25059,0.1,-0.1111103231861521,5.25845655164223e-10,2.2931324758160462e-5,3.1713206294449614e-5,0.1111103231861521,-0.11110998871384675
25060,0.1,-0.11111030465714584,6.756885714835683e-10,2.599401030013584e-5,3.1423442241756786e-5,0.11111030465714584,-0.11110998962244677
25061,0.25,-0.11111028539043008,8.373786140131708e-10,2.8937494950551106e-5,3.110796413432725e-5,0.11111028539043008,-0.11110999034360539
25062,0.625,-0.11111026420074589,9.961940210260975e-10,3.1562541422168424e-5,3.034410188645094e-5,0.11111026420074589,-0.11110999053573585
25063,1.5625,-0.11111023848326793,1.1114659465491808e-9,3.333865544003208e-5,2.8372134001757663e-5,0.11111023848326793,-0.11110998933037165
25064,3.90625,-0.11111020474086576,1.0837528399076717e-9,3.292040157573525e-5,2.3301108981484155e-5,0.11111020474086576,-0.11110998505212488
25065,9.765625,-0.11111017288153217,7.451350445175894e-10,2.7297161839971376e-5,1.1476556292738035e-5,0.11111017288153217,-0.11110997729354366
25066,24.4140625,-0.11111024459515029,1.4793168339111658e-10,1.2162716941173817e-5,1.776608235188498e-5,0.11111024459515029,-0.11110997629407543
25067,9.765625,-0.11111034549312424,2.9888176130275673e-11,5.467007968740824e-6,4.594880878024521e-5,0.11111034549312424,-0.11110997919710917
25068,3.90625,-0.1111104157505321,4.894436239669166e-12,2.2123372798172447e-6,5.063744303393452e-5,0.1111104157505321,-0.11110998195002612
25069,1.5625,-0.11111047928202542,3.445372998818283e-11,5.869729975746996e-6,5.032991129704945e-5,0.11111047928202542,-0.11110998443131702
25070,0.625,-0.11111054073732717,1.1114376751836441e-10,1.0542474449500194e-5,4.936363435031592e-5,0.11111054073732717,-0.11110998677333035
25071,0.25,-0.11111060152983891,2.3329028022123585e-10,1.5273843007613895e-5,4.861302969382422e-5,0.11111060152983891,-0.11110998906102262
25072,0.1,-0.11111066213843168,4.0042261692118644e-10,2.001056263379884e-5,4.813353878978628e-5,0.11111066213843168,-0.1111099913307218
25073,0.1,-0.11111072239751463,6.110541152584568e-10,2.4719508798891147e-5,4.7836913329526945e-5,0.11111072239751463,-0.11110999354608285
25074,0.1,-0.11111078223385944,8.637426921789484e-10,2.9389499692559387e-5,4.749739291062426e-5,0.11111078223385944,-0.11110999569913581
25075,0.1,-0.11111084157448718,1.1569012396893252e-9,3.4013250942674166e-5,4.7115294452838345e-5,0.11111084157448718,-0.11110999778219986
25076,0.1,-0.11111090034683545,1.4888043145444883e-9,3.858502707715116e-5,4.669100859322052e-5,0.11111090034683545,-0.11110999978791525
25077,0.25,-0.11111095678235182,1.8473836901537154e-9,4.2981201590389666e-5,4.62275236553347e-5,0.11111095678235182,-0.11111000138013137
25078,0.625,-0.11111100661043591,2.2002876515295257e-9,4.6907223873615945e-5,4.5093476812279496e-5,0.11111100661043591,-0.11111000180279505
25079,1.5625,-0.11111103856326182,2.458002816995844e-9,4.9578249434563985e-5,4.2150359186317714e-5,0.11111103856326182,-0.11110999913059787
25080,3.90625,-0.11111102532142653,2.401198391553439e-9,4.9002024361789776e-5,3.454621910728306e-5,0.11111102532142653,-0.11110998963462689
25081,9.765625,-0.11111091447105301,1.657508324415329e-9,4.071250820589821e-5,1.6474673354021377e-5,0.11111091447105301,-0.11110997232997084
25082,24.4140625,-0.1111106710341429,3.338613233522497e-10,1.827187246431656e-5,2.5525384243580632e-5,0.1111106710341429,-0.11110996984741271
25083,9.765625,-0.11111056810418246,6.838656532860109e-11,8.26961700011561e-6,6.820072678443715e-5,0.11111056810418246,-0.1111099762515358
25084,3.90625,-0.11111047449408369,1.0148521449571911e-11,3.185674410477617e-6,7.536510486305482e-5,0.11111047449408369,-0.11110998236238927
25085,1.5625,-0.11111038676293251,7.344043243412524e-11,8.569739344584831e-6,7.497611331374358e-5,0.11111038676293251,-0.11110998787683043
25086,0.625,-0.11111030124164983,2.416815654473468e-10,1.554611094284827e-5,7.356454966808048e-5,0.11111030124164983,-0.11110999308226228
25087,0.25,-0.11111021660776352,5.111294846636767e-10,2.2608172961645458e-5,7.24587314696037e-5,0.11111021660776352,-0.11110999816657557
25088,0.1,-0.11111013238960561,8.807419018896041e-10,2.9677296067694646e-5,7.175095219909062e-5,0.11111013238960561,-0.11111000321071396
25089,0.1,-0.11111004862846192,1.347263728008515e-9,3.670509130908838e-5,7.131332154626891e-5,0.11111004862846192,-0.1111100081349235
25090,0.1,-0.11110996538391972,1.9075242579209134e-9,4.367521331282668e-5,7.081130690294273e-5,0.11110996538391972,-0.11111001292138642
25091,0.1,-0.1111098827149876,2.558029497247075e-9,5.0576966073965676e-5,7.024539842931866e-5,0.1111098827149876,-0.11111001755292813
25092,0.1,-0.1111098006800836,3.2949769689905788e-9,5.7401889942671566e-5,6.961618909372712e-5,0.1111098006800836,-0.11111002201308329
25093,0.25,-0.11110972059640496,4.0917701372302776e-9,6.396694566125756e-5,6.892805053223817e-5,0.11110972059640496,-0.11111002555682123
25094,0.625,-0.11110964576320886,4.877028167310832e-9,6.98357227163207e-5,6.7239879658469e-5,0.11110964576320886,-0.11111002650617427
25095,1.5625,-0.11110958529863774,5.453066092050457e-9,7.384487857699041e-5,6.28516365203122e-5,0.11110958529863774,-0.11111002058308321
25096,3.90625,-0.11110956389817532,5.334733877115764e-9,7.303926257237106e-5,5.149013756083129e-5,0.11110956389817532,-0.11110999947565965
25097,9.765625,-0.11110964547816543,3.6945686259476346e-9,6.07829632869905e-5,2.422074240724563e-5,0.11110964547816543,-0.11110996084709301
25098,24.4140625,-0.11110997093716996,7.529032227008724e-10,2.7439082030943974e-5,3.722906653335002e-5,0.11110997093716996,-0.11110995487442323
25099,9.765625,-0.1111101824555808,1.5550219037024306e-10,1.2470051738875948e-5,0.00010158901595431834,0.1111101824555808,-0.11110996909472266
25100,3.90625,-0.11111035204369925,2.077113014032417e-11,4.557535533632642e-6,0.00011248705391085056,0.11111035204369925,-0.11110998273213044
25101,1.5625,-0.11111050886663461,1.5747093578708554e-10,1.2548742398626467e-5,0.0001119903374134247,0.11111050886663461,-0.11110999505164959
25102,0.625,-0.11111066160029831,5.284875676830925e-10,2.298885746797984e-5,0.00010991881947681723,0.11111066160029831,-0.11111000668237872
25103,0.25,-0.1111108131174352,1.1254395508240535e-9,3.3547571459407514e-5,0.00010828428310648859,0.1111108131174352,-0.11111001804183677
25104,0.1,-0.11111096442592094,1.946012539050978e-9,4.411363212263277e-5,0.00010723619175409012,0.11111096442592094,-0.11111002931102756
25105,0.1,-0.11111111527355966,2.9830480705306267e-9,5.4617287286450125e-5,0.00010658825085964557,0.11111111527355966,-0.11111004031417927
25106,0.1,-0.11111126550005712,4.2295462169757676e-9,6.50349614974574e-5,0.00010584397067782815,0.11111126550005712,-0.11111005101143391
25107,0.1,-0.11111141494335808,5.677784322766768e-9,7.535107379969291e-5,0.00010500406203518469,0.11111141494335808,-0.11111006136435388
25108,0.1,-0.11111156344002966,7.319349593546042e-9,8.555319744782214e-5,0.00010406938832970873,0.11111156344002966,-0.1111100713360705
25109,0.25,-0.11111170743854953,9.095379281938966e-9,9.536969792307704e-5,0.00010304633261263713,0.11111170743854953,-0.11111007926959213
25110,0.625,-0.1111118381773007,1.0847718484945063e-8,0.0001041523810814955,0.00010053150979774505,0.1111118381773007,-0.11111008142867665
25111,1.5625,-0.11111193209891873,1.2138005868809838e-8,0.00011017261850754859,9.398681741171448e-5,0.11111193209891873,-0.11111006827807875
25112,3.90625,-0.11111193001280632,1.1889035849389899e-8,0.00010903685546359955,7.702070377129244e-5,0.11111193001280632,-0.1111100212429363
25113,9.765625,-0.1111117070549197,8.256831387829144e-9,9.086710839368195e-5,3.6086277396593746e-5,0.1111117070549197,-0.11110993483432467
25114,24.4140625,-0.11111124371854679,1.2652244384293777e-10,1.1248219585469416e-5,5.3629430414074855e-5,0.11111124371854679,-0.11110998550524848
25115,9.765625,-0.11110997980616785,1.3248408131501906e-10,1.1510172948962108e-5,3.0556918480813395e-5,0.11110997980616785,-0.11110998470015895
25116,3.90625,-0.11110950250537623,1.523026101801432e-10,1.2341094367200309e-5,2.0443611667404258e-5,0.11110950250537623,-0.11110998437386885
25117,1.5625,-0.11110911853185504,1.7703657150620815e-10,1.3305509066030062e-5,1.6067805908894687e-5,0.11110911853185504,-0.11110998430554014
25118,3.90625,-0.11110902566075996,1.7631785687998877e-10,1.3278473439367522e-5,1.411638520868551e-5,0.11110902566075996,-0.11110998369175341
25119,9.765625,-0.11110961893994242,1.1609303038043687e-10,1.0774647575695313e-5,9.843388017236814e-6,0.11110961893994242,-0.11110998249401195
25120,24.4140625,-0.11111070234396064,2.1992830467704622e-11,4.6896514228356695e-6,9.258522298454486e-6,0.11111070234396064,-0.11110998235178078
25121,9.765625,-0.11111018443553554,4.746344904771216e-12,2.178610774041847e-6,1.8722044635528293e-5,0.11111018443553554,-0.11110998282824407
25122,3.90625,-0.11111000113549017,2.488332121475353e-12,1.577444807743001e-6,1.999493849835667e-5,0.11111000113549017,-0.11110998324617949
25123,1.5625,-0.11110985776933459,8.16084010186764e-12,2.8567184148717983e-6,1.9646191297869914e-5,0.11110985776933459,-0.11110998361938527
25124,0.625,-0.11110972456295296,2.0669117570222273e-11,4.5463301211221204e-6,1.9160608305298168e-5,0.11110972456295296,-0.1111099839707037
25125,0.25,-0.11110959440165263,3.9750252555110894e-11,6.3047801353505495e-6,1.880245713119431e-5,0.11110959440165263,-0.11110998431290847
25126,0.1,-0.11110946517999548,6.530577911607449e-11,8.081199113750044e-6,1.856717457650693e-5,0.11110946517999548,-0.1111099846512241
25127,0.1,-0.11110934005376183,9.702612271297149e-11,9.850183892342897e-6,1.8411777146476902e-5,0.11110934005376183,-0.11110998497976961
25128,0.1,-0.11110921943624157,1.34641264088849e-10,1.1603502233758952e-5,1.824522595236453e-5,0.11110921943624157,-0.11110998529764549
25129,0.1,-0.11110910372259153,1.7786445791828233e-10,1.33365834424819e-5,1.8067110479532994e-5,0.11110910372259153,-0.1111099856039756
25130,0.1,-0.11110899328864103,2.2639320270396007e-10,1.5046368422445334e-5,1.78771473527522e-5,0.11110899328864103,-0.11110998589791403
25131,0.25,-0.11110890302502087,2.781263314101988e-10,1.667711999747555e-5,1.7676891808404554e-5,0.11110890302502087,-0.1111099861293874
25132,0.625,-0.1111088660734048,3.2761555534507075e-10,1.8100153461920447e-5,1.722900756620216e-5,0.1111088660734048,-0.11110998618794776
25133,1.5625,-0.11110896378747474,3.603445572789499e-10,1.8982743671001562e-5,1.6120199463586647e-5,0.11110896378747474,-0.11110998579879781
25134,3.90625,-0.11110936499360764,3.4332336718795296e-10,1.852898721430702e-5,1.3385814172524675e-5,0.11110936499360764,-0.11110998445863812
25135,9.765625,-0.11111023933930987,2.2970798984518083e-10,1.5156120540731419e-5,7.789326257808235e-6,0.11111023933930987,-0.11110998211641926
25136,24.4140625,-0.11111085284870004,4.653082688123316e-11,6.82135081059706e-6,1.1282722378213641e-5,0.11111085284870004,-0.11110998184193797
25137,9.765625,-0.1111105202231528,9.683045169327861e-12,3.111759175985163e-6,2.5804397108420138e-5,0.1111105202231528,-0.11110998274917355
25138,3.90625,-0.11111039224645566,2.2501587696090974e-12,1.5000529222694437e-6,2.8307855123337207e-5,0.11111039224645566,-0.11110998360601851
25139,1.5625,-0.11111029215312208,1.1580790789654901e-11,3.4030560955786346e-6,2.809235204677507e-5,0.11111029215312208,-0.11110998437840876
25140,0.625,-0.11111019965479807,3.5338221883478905e-11,5.944596023572914e-6,2.752914281670407e-5,0.11111019965479807,-0.11110998510723949
25141,0.25,-0.1111101095969727,7.29772555986872e-11,8.542672626215241e-6,2.7091754637521165e-5,0.1111101095969727,-0.11110998581850849
25142,0.1,-0.11111002036683103,1.2432593226305267e-10,1.1150153912079091e-5,2.680720103031989e-5,0.11111002036683103,-0.11110998652330913
25143,0.1,-0.11110993280168509,1.8889348899823154e-10,1.3743852771265834e-5,2.6625519801012143e-5,0.11110993280168509,-0.11110998721040763
25144,0.1,-0.11110984713509786,2.6620868687919025e-10,1.6315902882745726e-5,2.6421875065283523e-5,0.11110984713509786,-0.11110998787748848
25145,0.1,-0.11110976359345427,3.5575833281803077e-10,1.886155700937838e-5,2.6196288681080988e-5,0.11110976359345427,-0.11110998852231721
25146,0.1,-0.11110968239532377,4.569891934186972e-10,2.1377305569661888e-5,2.5948852642345918e-5,0.11110968239532377,-0.11110998914275254
25147,0.25,-0.11110961000257821,5.661285664180575e-10,2.379345637813173e-5,2.5681356560156933e-5,0.11110961000257821,-0.11110998963599082
25148,0.625,-0.1111095614303441,6.731192645441019e-10,2.5944542095479387e-5,2.5048514546524808e-5,0.1111095614303441,-0.11110998977148805
25149,1.5625,-0.11110957454881101,7.502720525428552e-10,2.739109440206534e-5,2.343194108227546e-5,0.11110957454881101,-0.1111099889640322
25150,3.90625,-0.11110973170121607,7.30340407458502e-10,2.702481096064322e-5,1.9306178895904832e-5,0.11110973170121607,-0.11110998608903688
25151,9.765625,-0.11111013466483467,5.014969154765076e-10,2.2394126807636585e-5,9.898428933117785e-6,0.11111013466483467,-0.11110998088139647
25152,24.4140625,-0.11111052352571463,1.0051281572358588e-10,1.0025607997701979e-5,1.4946698994215306e-5,0.11111052352571463,-0.11110998019399726
25153,9.765625,-0.11111042499255185,2.051966807994188e-11,4.529864024442884e-6,3.7819833534821465e-5,0.11111042499255185,-0.11110998215603886
25154,3.90625,-0.11111041289614591,3.455520125455602e-12,1.8589029359962832e-6,4.1671302233284726e-5,0.11111041289614591,-0.11110998402031985
25155,1.5625,-0.11111041004214901,2.316731225258357e-11,4.813243423366781e-6,4.142200755779503e-5,0.11111041004214901,-0.11110998570201586
25156,0.625,-0.11111040945003135,7.462222548596568e-11,8.638415681475724e-6,4.062864615612229e-5,0.11111040945003135,-0.11110998728955221
25157,0.25,-0.11111040956380548,1.5667255340751307e-10,1.2516890724437642e-5,4.0010025220233316e-5,0.11111040956380548,-0.11110998884001116
25158,0.1,-0.11111040993204611,2.6898556975566794e-10,1.6400779547194332e-5,3.9612715196925344e-5,0.11111040993204611,-0.1111099903778623
25159,0.1,-0.11111041093354442,4.1055113560854384e-10,2.026206148466991e-5,3.936497907801781e-5,0.11111041093354442,-0.11110999187873431
25160,0.1,-0.11111041263448213,5.803890138079269e-10,2.409126426337827e-5,3.908249805010137e-5,0.11111041263448213,-0.11110999333730155
25161,0.1,-0.11111041509711182,7.774228191906605e-10,2.7882302975017333e-5,3.876550450426205e-5,0.11111041509711182,-0.11110999474843136
25162,0.1,-0.1111104183795321,1.000484460666121e-9,3.163043566987532e-5,3.8414296906748667e-5,0.1111104183795321,-0.1111099961072037
25163,0.25,-0.11111042464924901,1.2414744463184658e-9,3.5234563234393385e-5,3.803138627116542e-5,0.11111042464924901,-0.11110999718774997
25164,0.625,-0.1111104387486378,1.4786975182131827e-9,3.845383619631704e-5,3.7101350008109555e-5,0.1111104387486378,-0.11110999748199678
25165,1.5625,-0.11111047235888051,1.6521421751584466e-9,4.064655182372112e-5,3.469543639630308e-5,0.11111047235888051,-0.11110999569572663
25166,3.90625,-0.11111054800691905,1.614750006850362e-9,4.018395210591365e-5,2.8491213878884335e-5,0.11111054800691905,-0.11110998931924512
25167,9.765625,-0.1111106751154968,1.1165137094440057e-9,3.341427403736322e-5,1.383173039241095e-5,0.1111106751154968,-0.11110997766880497
25168,24.4140625,-0.11111066599383145,2.2663001970681282e-10,1.5054235938991152e-5,2.1035849610944187e-5,0.11111066599383145,-0.11110997593482991
25169,9.765625,-0.11111051077620168,4.668809566581488e-11,6.832868772764108e-6,5.606025938248599e-5,0.11111051077620168,-0.11110998025777946
25170,3.90625,-0.11111041514181214,6.579516610068478e-12,2.5650568434380707e-6,6.199083551896778e-5,0.11111041514181214,-0.1111099843952859
25171,1.5625,-0.1111103307611068,4.848740058258579e-11,6.963289494383082e-6,6.16958429473226e-5,0.1111103307611068,-0.1111099881325083
25172,0.625,-0.11111024983562875,1.6119921482261493e-10,1.2696425277321761e-5,6.054805411910906e-5,0.11111024983562875,-0.11110999166115995
25173,0.25,-0.11111017013083271,3.4217637959554493e-10,1.8498010152325708e-5,5.964497308323806e-5,0.11111017013083271,-0.11110999510768073
25174,0.1,-0.11111009091224718,5.907096668182179e-10,2.430451947309837e-5,5.906581444426666e-5,0.11111009091224718,-0.11110999852675095
25175,0.1,-0.11111001248862999,9.046169048997309e-10,3.0076849982997402e-5,5.8707193552927414e-5,0.11111001248862999,-0.11111000186498497
25176,0.1,-0.1111099349641785,1.2817676590657691e-9,3.580178290345006e-5,5.829596445405642e-5,0.1111099349641785,-0.11111000511038036
25177,0.1,-0.11110985844069467,1.71981415238155e-9,4.147064205412728e-5,5.7832502095820654e-5,0.11110985844069467,-0.11111000825136341
25178,0.1,-0.11110978301739534,2.2162010979996264e-9,4.707654509412969e-5,5.731727016546195e-5,0.11110978301739534,-0.11111001127683354
25179,0.25,-0.11110971145697196,2.7530886361205074e-9,5.246988313423718e-5,5.675380671762036e-5,0.11110971145697196,-0.1111100136853848
25180,0.625,-0.11110965030240888,3.282575160960821e-9,5.729376197249419e-5,5.537201792007777e-5,0.11110965030240888,-0.11111001434700461
25181,1.5625,-0.11110961656526486,3.671946064594334e-9,6.05965845951266e-5,5.178061945713617e-5,0.11110961656526486,-0.1111100103788024
25182,3.90625,-0.11110965052729935,3.59525290925999e-9,5.996042786088163e-5,4.248436542339955e-5,0.11110965052729935,-0.11110999616920801
25183,9.765625,-0.11110982496115547,2.4952314851885585e-9,4.995229209144019e-5,2.021815119061035e-5,0.11110982496115547,-0.1111099700802364
25184,24.4140625,-0.11111016359532336,5.131804684308026e-10,2.265348689342995e-5,3.052366183654945e-5,0.11111016359532336,-0.11110996586034587
25185,9.765625,-0.11111028326827732,1.0712228399760323e-10,1.0349989565096346e-5,8.35170850020606e-5,0.11111028326827732,-0.11110997545946598
25186,3.90625,-0.11111039728191732,1.3878392256037934e-11,3.7253714252458017e-6,9.256999967117101e-5,0.11111039728191732,-0.11110998470129264
25187,1.5625,-0.11111050489687666,1.0420468268694159e-10,1.0208069488739855e-5,9.220883402350372e-5,0.11111050489687666,-0.1111099930598943
25188,0.625,-0.11111061026821316,3.52962852826764e-10,1.8787305629780017e-5,9.052886470824503e-5,0.11111061026821316,-0.11111000095391523
25189,0.25,-0.11111071497203655,7.544690199065495e-10,2.7467599456569727e-5,8.919674097840636e-5,0.11111071497203655,-0.11111000866436944
25190,0.1,-0.11111081958494867,1.3071583233518027e-9,3.6154644561270446e-5,8.834149469427224e-5,0.11111081958494867,-0.1111100163136151
25191,0.1,-0.11111092400660726,2.0062364173951202e-9,4.479103054625022e-5,8.781280327274711e-5,0.11111092400660726,-0.11111002378374991
25192,0.1,-0.11111102814276798,2.847003065322542e-9,5.335731501230681e-5,8.720497780735463e-5,0.11111102814276798,-0.11111003104779311
25193,0.1,-0.11111113189705564,3.824269769969575e-9,6.184068054258116e-5,8.651859851645832e-5,0.11111113189705564,-0.11111003807971857
25194,0.1,-0.11111123517114989,4.932381622936802e-9,7.023091643241458e-5,8.575437099035762e-5,0.11111123517114989,-0.11111004485455497
25195,0.25,-0.11111133600556844,6.1317943613360244e-9,7.830577476365344e-5,8.491746400904785e-5,0.11111133600556844,-0.11111005025483224
25196,0.625,-0.1111114294584532,7.316188884510229e-9,8.55347232678649e-5,8.285778757926061e-5,0.1111114294584532,-0.11111005175891438
25197,1.5625,-0.11111150190673892,8.190716426791718e-9,9.050257690691308e-5,7.749448084750541e-5,0.11111150190673892,-0.11111004292658629
25198,3.90625,-0.11111151728647939,8.03011752533392e-9,8.961092302467327e-5,6.35868935478887e-5,0.11111151728647939,-0.11111001118655627
25199,9.765625,-0.11111138896330487,5.589253690378827e-9,7.47613114543801e-5,3.004079942119079e-5,0.11111138896330487,-0.11110995268182382
25200,24.4140625,-0.11111087404093523,8.368076477920224e-11,9.14771910255241e-6,4.387609486657692e-5,0.11111087404093523,-0.11110998682043587
25201,9.765625,-0.11111012257638486,8.857296513317328e-11,9.411321115187456e-6,2.4628675605406982e-5,0.11111012257638486,-0.111109986246567
25202,3.90625,-0.11110984625212708,1.0082431458596182e-10,1.0041131140761076e-5,1.6469334006322825e-5,0.11110984625212708,-0.11110998602744436
25203,1.5625,-0.11110962376336057,1.1606216684026681e-10,1.0773215250809147e-5,1.3057647501012184e-5,0.11110962376336057,-0.11110998598539251
25204,3.90625,-0.11110957467669087,1.1535614503198738e-10,1.0740397806039932e-5,1.1572555903629446e-5,0.11110957467669087,-0.11110998559203532
25205,9.765625,-0.11110993047632946,7.735100127302461e-11,8.79494180043419e-6,8.410553180955852e-6,0.11110993047632946,-0.11110998480908868
25206,24.4140625,-0.11111056292625425,1.4804161634552492e-11,3.847617657012258e-6,8.097124492967978e-6,0.11111056292625425,-0.11110998471915182
25207,9.765625,-0.11111027130871749,3.3747694959314434e-12,1.8370545707548928e-6,1.543259481436493e-5,0.11111027130871749,-0.11110998503563074
25208,3.90625,-0.11111017495493064,1.5353809732322983e-12,1.2391049080817566e-6,1.6553766522293276e-5,0.11111017495493064,-0.11110998532339071
25209,1.5625,-0.11111010097509198,4.9579779573672024e-12,2.226651736883701e-6,1.6323666202451155e-5,0.11111010097509198,-0.11110998558272346
25210,0.625,-0.11111003260956986,1.2903183954841427e-11,3.592100215033181e-6,1.5955459664918144e-5,0.11111003260956986,-0.11110998582759016
25211,0.25,-0.11110996591172748,2.5188446452498563e-11,5.018809266399607e-6,1.5677226016478268e-5,0.11110996591172748,-0.11110998606627362
25212,0.1,-0.1111098997241718,4.174507041517423e-11,6.461042517672689e-6,1.5492250438870403e-5,0.1111098997241718,-0.11110998630224647
25213,0.1,-0.1111098358811421,6.238443220452791e-11,7.898381619327337e-6,1.5369013769403164e-5,0.1111098358811421,-0.11110998653178693
25214,0.1,-0.11110977461403114,8.69365521106436e-11,9.323977268882824e-6,1.5237079393640037e-5,0.11110977461403114,-0.11110998675430069
25215,0.1,-0.11110971614360847,1.1522069039331054e-10,1.0734090105514791e-5,1.5096099093134591e-5,0.11110971614360847,-0.11110998696920675
25216,0.1,-0.11110966067933252,1.470458479010472e-10,1.212624624115176e-5,1.4945827096279678e-5,0.11110966067933252,-0.11110998717594209
25217,0.25,-0.11110961670300057,1.81122577367819e-10,1.3458178828051699e-5,1.4787457140430586e-5,0.11110961670300057,-0.11110998734184147
25218,0.625,-0.11110960303202236,2.140791341810179e-10,1.463144333895388e-5,1.4434627127380558e-5,0.11110960303202236,-0.11110998739437823
25219,1.5625,-0.1111096656984122,2.368130262570244e-10,1.5388730495301567e-5,1.3561230170581944e-5,0.1111096656984122,-0.11110998715135362
25220,3.90625,-0.11110989937869101,2.28002126266125e-10,1.5099739278084407e-5,1.1401274212799482e-5,0.11110989937869101,-0.11110998627065337
25221,9.765625,-0.11111039387301472,1.54829028811232e-10,1.2443031335298967e-5,6.960701299724916e-6,0.11111039387301472,-0.11110998469107557
25222,24.4140625,-0.11111070814159668,3.1648300153420144e-11,5.625682194491629e-6,9.478918516363923e-6,0.11111070814159668,-0.11110998449088753
25223,9.765625,-0.11111050402982185,6.957426791482264e-12,2.637693460484418e-6,2.135852570157776e-5,0.11111050402982185,-0.11110998510470985
25224,3.90625,-0.11111041918015006,1.7789430997796285e-12,1.333770257495506e-6,2.3423234127678622e-5,0.11111041918015006,-0.11110998569011823
25225,1.5625,-0.11111035096462789,7.869762971412522e-12,2.8053097817197517e-6,2.326525082568954e-5,0.11111035096462789,-0.11110998622018556
25226,0.625,-0.11111028733762664,2.366538558696063e-11,4.8647081707909915e-6,2.2816240142576983e-5,0.11111028733762664,-0.11110998672137037
25227,0.25,-0.11111022519518896,4.8799658561540346e-11,6.985675240199787e-6,2.2465499063272444e-5,0.11111022519518896,-0.11110998721087306
25228,0.1,-0.11111016355901743,8.31578486995555e-11,9.11909253706505e-6,2.223709897148222e-5,0.11111016355901743,-0.11110998769608307
25229,0.1,-0.11111010291268913,1.264160431342193e-10,1.1243488921781322e-5,2.2091394582708425e-5,0.11111010291268913,-0.11110998816947878
25230,0.1,-0.11111004339746887,1.7826206492224002e-10,1.3351481750062051e-5,2.1927781010866418e-5,0.11111004339746887,-0.11110998862949302
25231,0.1,-0.11110998515054653,2.383555408631565e-10,1.5438767465803626e-5,2.1746291214067436e-5,0.11110998515054653,-0.11110998907461388
25232,0.1,-0.11110992830465372,3.063291569029145e-10,1.7502261479674975e-5,2.1547013946241543e-5,0.11110992830465372,-0.11110998950339204
25233,0.25,-0.11110987671713132,3.796795488927184e-10,1.948536755857375e-5,2.1331381290269428e-5,0.11110987671713132,-0.11110998984684858
25234,0.625,-0.11110983938248263,4.5172324075996446e-10,2.125378179901084e-5,2.0820123826834224e-5,0.11110983938248263,-0.11110998995011133
25235,1.5625,-0.11110983907949826,5.040224248000366e-10,2.2450443755080577e-5,1.9513376695121677e-5,0.11110983907949826,-0.11110998941938319
25236,3.90625,-0.111109925876459,4.916049635035414e-10,2.2172166414302898e-5,1.618326488210777e-5,0.111109925876459,-0.11110998749444119
25237,9.765625,-0.11111016529231119,3.388649429989495e-10,1.8408284629452834e-5,8.689001783752753e-6,0.11111016529231119,-0.1111099839811509
25238,24.4140625,-0.11111042342807403,6.866168672122679e-11,8.286234773479857e-6,1.2515040943493124e-5,0.11111042342807403,-0.1111099834914138
25239,9.765625,-0.11111039115250926,1.4339653582255525e-11,3.7867735055394484e-6,3.120363796670224e-5,0.11111039115250926,-0.11110998482052069
25240,3.90625,-0.11111040404572761,2.4885845775629776e-12,1.5775248262905333e-6,3.439731264542528e-5,0.11111040404572761,-0.11110998609036653
25241,1.5625,-0.11111042071136501,1.55052813415873e-11,3.93767461093312e-6,3.421331425983218e-5,0.11111042071136501,-0.11110998723847428
25242,0.625,-0.11111043816145015,4.9985762521624117e-11,7.070060998437292e-6,3.35737325875674e-5,0.11111043816145015,-0.11110998832335058
25243,0.25,-0.11111045583954304,1.0515458773113414e-10,1.0254491100543904e-5,3.307275574290354e-5,0.11111045583954304,-0.11110998938328784
25244,0.1,-0.11111047360397903,1.807895498854016e-10,1.3445800455361578e-5,3.275099700979321e-5,0.11111047360397903,-0.11110999043478205
25245,0.1,-0.11111049165409592,2.762174512422307e-10,1.66197909506176e-5,3.255079226282862e-5,0.11111049165409592,-0.1111099914614621
25246,0.1,-0.11111051001152232,3.9078303600184925e-10,1.9768233001506464e-5,3.2322101332831605e-5,0.11111051001152232,-0.11110999245971512
25247,0.1,-0.11111052869565523,5.237658847153287e-10,2.288593202636346e-5,3.206511856107858e-5,0.11111052869565523,-0.11110999342605879
25248,0.1,-0.11111054772355351,6.743833801637474e-10,2.5968892547887893e-5,3.178009246626253e-5,0.11111054772355351,-0.11110999435715321
25249,0.25,-0.11111056797903607,8.371998963033955e-10,2.893440679024534e-5,3.1469027397900124e-5,0.11111056797903607,-0.11110999510062028
25250,0.625,-0.11111059134872547,9.976395673148324e-10,3.1585432834058684e-5,3.071106102802151e-5,0.11111059134872547,-0.11110999531339971
25251,1.5625,-0.11111062211915214,1.115349509102354e-9,3.3396848790003435e-5,2.8747937573207047e-5,0.11111062211915214,-0.11110999412082345
25252,3.90625,-0.11111066700553057,1.0913062777658799e-9,3.3034925121239186e-5,2.3687730551898204e-5,0.11111066700553057,-0.11110998982260531
25253,9.765625,-0.11111071739360215,7.565275798447784e-10,2.75050464432398e-5,1.181554065973733e-5,0.11111071739360215,-0.11110998193320719
25254,24.4140625,-0.1111106448331031,1.5516647342232178e-10,1.2456583537323618e-5,1.7414503984376445e-5,0.1111106448331031,-0.11110998069857549
25255,9.765625,-0.11111052276802776,3.2454444079186874e-11,5.696880205795702e-6,4.621333813967071e-5,0.11111052276802776,-0.11110998362875563
25256,3.90625,-0.11111044010630308,4.540744172064785e-12,2.130902196738458e-6,5.114920514783391e-5,0.11111044010630308,-0.11110998644652381
25257,1.5625,-0.11111036583403161,3.226110119083594e-11,5.679885667056683e-6,5.093730661385309e-5,0.11111036583403161,-0.1111099889960067
25258,0.625,-0.11111029421614942,1.0800405773517897e-10,1.0392500071454365e-5,5.000934951658268e-5,0.11111029421614942,-0.11110999140475969
25259,0.25,-0.11111022354189193,2.3004839606037392e-10,1.5167346375037855e-5,4.927569184139155e-5,0.11111022354189193,-0.1111099937580115
25260,0.1,-0.11111015323918572,3.9791869960063855e-10,1.994789962879898e-5,4.880519816980913e-5,0.11111015323918572,-0.1111099960927992
25261,0.1,-0.11111008350999317,6.101549833151261e-10,2.4701315416696457e-5,4.851454969790766e-5,0.11111008350999317,-0.11110999837319667
25262,0.1,-0.1111100144347411,8.65327775313612e-10,2.9416454159426013e-5,4.818060639419334e-5,0.1111100144347411,-0.1111100005910401
25263,0.1,-0.11110994609239051,1.1618599197213526e-9,3.4086066357404054e-5,4.780367986022188e-5,0.11110994609239051,-0.111110002738454
25264,0.1,-0.11110987856030714,1.4980331795184547e-9,3.8704433589944894e-5,4.7384154235427455e-5,0.11110987856030714,-0.11111000480788129
25265,0.25,-0.11110981388800842,1.8618312898991463e-9,4.314894309133361e-5,4.6924865705729894e-5,0.11110981388800842,-0.1111100064600918
25266,0.625,-0.11110975697886476,2.2209574511744676e-9,4.712703524702639e-5,4.579462524216602e-5,0.11110975697886476,-0.1111100069299006
25267,1.5625,-0.11110972071876951,2.4858677371647637e-9,4.9858477084290926e-5,4.2852808003971906e-5,0.11110972071876951,-0.11111000426355935
25268,3.90625,-0.11110973637067523,2.4363983689304955e-9,4.935988623295738e-5,3.5236181870551164e-5,0.11110973637067523,-0.11110999464965553
25269,9.765625,-0.11110986494977161,1.6949780404320772e-9,4.117011100825546e-5,1.704684863927897e-5,0.11110986494977161,-0.11110997692921849
25270,24.4140625,-0.11111015391181948,3.5201663523264733e-10,1.876210636449563e-5,2.5119345365500312e-5,0.11111015391181948,-0.1111099739250683
25271,9.765625,-0.11111027562464847,7.448030408756509e-11,8.630197221823212e-6,6.885127782732817e-5,0.11111027562464847,-0.11110998043722567
25272,3.90625,-0.11111038455944093,9.543652340923276e-12,3.0892802302353984e-6,7.639586461417971e-5,0.11111038455944093,-0.11110998673484107
25273,1.5625,-0.1111104866466989,6.941550048798217e-11,8.331596514953312e-6,7.614151462495718e-5,0.1111104866466989,-0.1111099924386615
25274,0.625,-0.11111058638301387,2.369857182395748e-10,1.5394340461337564e-5,7.477907193725255e-5,0.11111058638301387,-0.11110999782802722
25275,0.25,-0.11111068537856401,5.083872502256424e-10,2.254744442782025e-5,7.369324130933004e-5,0.11111068537856401,-0.11111000309286775
25276,0.1,-0.11111078421139485,8.82564542443218e-10,2.9707987855848096e-5,7.299576009986985e-5,0.11111078421139485,-0.11111000831627252
25277,0.1,-0.11111088277257834,1.3562973510355635e-9,3.6827942530578106e-5,7.256522405394897e-5,0.11111088277257834,-0.11111001341872691
25278,0.1,-0.1111109809720127,1.9264201457288274e-9,4.389100301575287e-5,7.206944822454951e-5,0.1111109809720127,-0.11111001838184847
25279,0.1,-0.11111107871832375,2.5894351150289707e-9,5.088649246144767e-5,7.150891246908497e-5,0.11111107871832375,-0.1111100231878988
25280,0.1,-0.11111117591903201,3.3415268905190527e-9,5.780594165411591e-5,7.088419913359695e-5,0.11111117591903201,-0.11111002781985185
25281,0.25,-0.11111127063954876,4.155988285994052e-9,6.446695499241493e-5,7.019947436108162e-5,0.11111127063954876,-0.11111003152001277
25282,0.625,-0.11111135804558242,4.960952286925946e-9,7.043402790502575e-5,6.850993322574393e-5,0.11111135804558242,-0.11111003257719579
25283,1.5625,-0.11111142491913335,5.5569901591826775e-9,7.454522224249303e-5,6.410540935781774e-5,0.11111142491913335,-0.11111002661776846
25284,3.90625,-0.11111143673324862,5.453071682236932e-9,7.38449164278553e-5,5.267935008617003e-5,0.11111143673324862,-0.11111000508715395
25285,9.765625,-0.11111131272773171,3.803835075739033e-9,6.167523875704928e-5,2.5143062174639467e-5,0.11111131272773171,-0.11110996526530018
25286,24.4140625,-0.11111091689637884,7.972247862795376e-10,2.8235169315581192e-5,3.679948226786483e-5,0.11111091689637884,-0.11110995814831098
25287,9.765625,-0.11111069402692238,1.6970629833214124e-10,1.3027136996751866e-5,0.00010290614459541456,0.11111069402692238,-0.1111099727074033
25288,3.90625,-0.1111105113211028,1.9784006906240546e-11,4.4479216389501e-6,0.0001143771666005693,0.1111105113211028,-0.11110998684507521
25289,1.5625,-0.11111034231502182,1.5029687406318802e-10,1.225956255594742e-5,0.00011406514172452117,0.11111034231502182,-0.11110999966004002
25290,0.625,-0.11111017815634289,5.22704734029336e-10,2.286273680094612e-5,0.0001120527107365863,0.11111017815634289,-0.11111001176914961
25291,0.25,-0.11111001591071658,1.1282771276570237e-9,3.3589836672080196e-5,0.00011043829970832024,0.11111001591071658,-0.11111002359739747
25292,0.1,-0.11110985456128213,1.9646331586985786e-9,4.4324182549693784e-5,0.00010939910872735092,0.11110985456128213,-0.11111003533169302
25293,0.1,-0.11110969430345076,3.0246145887043592e-9,5.499649614933991e-5,0.00010875719323417049,0.11110969430345076,-0.11111004679546102
25294,0.1,-0.11110953526656443,4.301163714848211e-9,6.558325788528816e-5,0.00010801750714924383,0.11110953526656443,-0.11111005794739269
25295,0.1,-0.1111093775774488,5.786478489772241e-9,7.606890619545046e-5,0.00010718075260539015,0.1111093775774488,-0.11111006874761388
25296,0.1,-0.11110922136035366,7.472045191758682e-9,8.644099254265121e-5,0.00010624778359913961,0.11110922136035366,-0.11111007915784017
25297,0.25,-0.11110906972165345,9.298335688657054e-9,9.642787817149692e-5,0.00010522473990536787,0.11110906972165345,-0.11111008748213685
25298,0.625,-0.11110893025985255,1.110504564351653e-8,0.00010538048037239405,0.0001026981284745409,0.11110893025985255,-0.11111008988672781
25299,1.5625,-0.11110882352081317,1.2447060148845862e-8,0.00011156639345629965,9.61069077813844e-5,0.11110882352081317,-0.11111007656447076
25300,3.90625,-0.11110880292956526,1.2227219552628642e-8,0.00011057675864587749,7.899086882414714e-5,0.11110880292956526,-0.11111002828904848
25301,9.765625,-0.11110899534238927,8.550514885774963e-9,9.246899418602412e-5,3.754804453521479e-5,0.11110899534238927,-0.11110993870343838
25302,24.4140625,-0.1111097087887633,1.2632567860798033e-10,1.1239469676456283e-5,5.323747991770178e-5,0.1111097087887633,-0.11110999008421063
25303,9.765625,-0.11111085838560493,1.321071026734858e-10,1.1493785393571859e-5,3.05015002543113e-5,0.11111085838560493,-0.11110998929210873
25304,3.90625,-0.11111128617744968,1.5169952372865696e-10,1.231663605570356e-5,2.0480604186636408e-5,0.11111128617744968,-0.11110998897139665
25305,1.5625,-0.11111163044764635,1.763794151762379e-10,1.3280791210475297e-5,1.6148611840699106e-5,0.11111163044764635,-0.11110998890705101
25306,3.90625,-0.11111170912289658,1.7601296020677478e-10,1.3266987608601087e-5,1.4213620179189598e-5,0.11111170912289658,-0.11110998829739364
25307,9.765625,-0.1111111657787623,1.1668009160631846e-10,1.0801855933418037e-5,9.959395986161835e-6,0.1111111657787623,-0.11110998709387115
25308,24.4140625,-0.11111019468866784,2.2354764400669263e-11,4.7280825289613195e-6,9.251952788733763e-6,0.11111019468866784,-0.11110998693504986
25309,9.765625,-0.11111066352260779,4.87294575916243e-12,2.207474973620863e-6,1.8740125115012125e-5,0.11111066352260779,-0.11110998741099318
25310,3.90625,-0.11111082550691803,2.3014427324364146e-12,1.5170506690405614e-6,2.00858010194784e-5,0.11111082550691803,-0.11110998783440243
25311,1.5625,-0.11111095141676659,7.715772742364859e-12,2.7777279820682333e-6,1.9771589586552693e-5,0.11111095141676659,-0.11110998821365833
25312,0.625,-0.11111106821347626,2.000931629866429e-11,4.473177427585932e-6,1.9301580046208704e-5,0.11111106821347626,-0.11110998857092874
25313,0.25,-0.11111118229838486,3.891461808578746e-11,6.238158228659117e-6,1.8950889066733082e-5,0.11111118229838486,-0.11110998891896416
25314,0.1,-0.11111129555917654,6.433240849480415e-11,8.020748624337017e-6,1.8719600548113597e-5,0.11111129555917654,-0.11110998926304805
25315,0.1,-0.11111140510744842,9.596296591170399e-11,9.796068900926738e-6,1.8566648398900623e-5,0.11111140510744842,-0.11110998959741455
25316,0.1,-0.11111151056974498,1.3354198769005116e-10,1.1556036850497282e-5,1.8402410257800846e-5,0.11111151056974498,-0.11110998992114769
25317,0.1,-0.11111161158914346,1.767883888688453e-10,1.3296179483928657e-5,1.82264854571114e-5,0.11111161158914346,-0.11110999023335408
25318,0.1,-0.11111170782635134,2.2540522047513663e-10,1.5013501273025445e-5,1.8038596362381785e-5,0.11111170782635134,-0.11110999053317162
25319,0.25,-0.11111178574936624,2.773442089968998e-10,1.665365452376444e-5,1.784025217879017e-5,0.11111178574936624,-0.11110999077060546
25320,0.625,-0.11111181527298096,3.272776483391563e-10,1.809081668524548e-5,1.7395467916940334e-5,0.11111181527298096,-0.11110999083500764
25321,1.5625,-0.11111172264580832,3.609499334105227e-10,1.899868241248647e-5,1.629163707573587e-5,0.11111172264580832,-0.11110999044988051
25322,3.90625,-0.11111135540006949,3.456469083659977e-10,1.859158165315683e-5,1.3557733823843326e-5,0.11111135540006949,-0.11110998910257994
25323,9.765625,-0.1111105641809165,2.3354620504569535e-10,1.528221859043036e-5,7.866530768395385e-6,0.1111105641809165,-0.11110998671424974
25324,24.4140625,-0.1111100336691218,4.848729867977024e-11,6.963282177232964e-6,1.110193539955715e-5,0.1111100336691218,-0.11110998637787031
25325,9.765625,-0.11111034679382088,1.0351138895133661e-11,3.217318587758082e-6,2.5993770122578708e-5,0.11111034679382088,-0.11110998729697129
25326,3.90625,-0.11111046932025301,2.1325297789761513e-12,1.4603183827426645e-6,2.8618674562610325e-5,0.11111046932025301,-0.11110998817520268
25327,1.5625,-0.1111105657997452,1.1038985310865974e-11,3.3224968488872903e-6,2.8447721119802717e-5,0.1111105657997452,-0.11110998896936769
25328,0.625,-0.11111065520044579,3.467809421086087e-11,5.888810933529864e-6,2.7901364500462056e-5,0.11111065520044579,-0.11110998971935802
25329,0.25,-0.11111074235264633,7.249128780411419e-11,8.514181569834776e-6,2.747108318687363e-5,0.11111074235264633,-0.1111099904513892
25330,0.1,-0.11111082876955643,1.243054891196563e-10,1.1149237154157961e-5,2.7190248659316088e-5,0.11111082876955643,-0.1111099911767983
25331,0.1,-0.11111091364047497,1.8963592170399276e-10,1.3770835911592033e-5,2.7011080574801954e-5,0.11111091364047497,-0.11110999188440097
25332,0.1,-0.11111099674276269,2.6801331187718533e-10,1.6371112114856014e-5,2.680962697194725e-5,0.11111099674276269,-0.11110999257181484
25333,0.1,-0.11111107786021208,3.58925372973077e-10,1.894532588722287e-5,2.658591436248049e-5,0.11111107786021208,-0.11110999323673913
25334,0.1,-0.11111115678368393,4.618187112827157e-10,2.1489967689196644e-5,2.634003767476293e-5,0.11111115678368393,-0.11110999387696688
25335,0.25,-0.11111122734724012,5.729195158451256e-10,2.3935737211231362e-5,2.607372029333439e-5,0.11111122734724012,-0.11110999438833712
25336,0.625,-0.11111127522131727,6.821432158220025e-10,2.6117871579093167e-5,2.544068575238072e-5,0.11111127522131727,-0.11110999453666001
25337,1.5625,-0.11111126423610816,7.616682695031826e-10,2.7598338165606685e-5,2.381938755460597e-5,0.11111126423610816,-0.11110999372599181
25338,3.90625,-0.11111111556638442,7.436814526788482e-10,2.7270523513105653e-5,1.9672111462541146e-5,0.11111111556638442,-0.11110999080336115
25339,9.765625,-0.11111073058593153,5.142404158230761e-10,2.26768696213361e-5,1.0146278037372005e-5,0.11111073058593153,-0.1111099854553459
25340,24.4140625,-0.11111035023360595,1.0578200167522214e-10,1.0285037757598274e-5,1.4784014692067005e-5,0.11111035023360595,-0.11110998462827197
25341,9.765625,-0.11111043451255379,2.2168091736526926e-11,4.708300302288176e-6,3.8236676946884905e-5,0.11111043451255379,-0.1111099866309127
25342,3.90625,-0.11111043888852083,3.256199876187542e-12,1.804494354712018e-6,4.228061920522644e-5,0.11111043888852083,-0.1111099885553203
25343,1.5625,-0.11111043522770404,2.2198218436176754e-11,4.711498534031052e-6,4.209413021712867e-5,0.11111043522770404,-0.11110999029652152
25344,0.625,-0.11111042971162938,7.379072879817045e-11,8.590153013664567e-6,4.132123966521283e-5,0.11111042971162938,-0.11110999194147612
25345,0.25,-0.11111042368176266,1.568445316406311e-10,1.2523758686617652e-5,4.070979268257683e-5,0.11111042368176266,-0.11110999354818102
25346,0.1,-0.1111104175228587,2.710193969667505e-10,1.6462666763521348e-5,4.031573528635886e-5,0.1111104175228587,-0.11110999514182585
25347,0.1,-0.11111041088658537,4.153067621147424e-10,2.0379076576595477e-5,4.007018836459378e-5,0.11111041088658537,-0.11110999669796476
25348,0.1,-0.11111040371249443,5.88720321431519e-10,2.4263559537535274e-5,3.978938641230682e-5,0.11111040371249443,-0.11110999821109502
25349,0.1,-0.11111039594323224,7.901748984292125e-10,2.811004977635601e-5,3.947356323216901e-5,0.11111039594323224,-0.11110999967590782
25350,0.1,-0.11111038752478579,1.018490904254085e-9,3.191380428990071e-5,3.9123017731568876e-5,0.11111038752478579,-0.11111000108731128
25351,0.25,-0.11111037650756653,1.265494484209387e-9,3.557378928662769e-5,3.8740184965315096e-5,0.11111037650756653,-0.11111000221481518
25352,0.625,-0.11111035854007727,1.5092448226460943e-9,3.884900027859268e-5,3.780636432147772e-5,0.11111035854007727,-0.1111100025387186
25353,1.5625,-0.1111103231913192,1.6889489176078447e-9,4.109682369244422e-5,3.538520641385614e-5,0.1111103231913192,-0.11111000073227602
25354,3.90625,-0.11111025092539575,1.6552029432846338e-9,4.068418541994707e-5,2.913067058180334e-5,0.11111025092539575,-0.11110999420732325
25355,9.765625,-0.11111013842175996,1.1518620312288169e-9,3.393909296414412e-5,1.4282035717215213e-5,0.11111013842175996,-0.11110998217355737
25356,24.4140625,-0.11111017976068913,2.396868139045668e-10,1.5481822047309766e-5,2.0879352434009867e-5,0.11111017976068913,-0.11110998012494261
25357,9.765625,-0.11111034565411813,5.066503522039354e-11,7.117937567890965e-6,5.685631716490045e-5,0.11111034565411813,-0.11110998456410448
25358,3.90625,-0.1111104501383753,6.287051779593899e-12,2.5073994056779027e-6,6.308282928630998e-5,0.1111104501383753,-0.111109988859215
25359,1.5625,-0.111110542816613,4.6817895602599066e-11,6.8423603823972224e-6,6.287648714846774e-5,0.111110542816613,-0.11110999275018195
25360,0.625,-0.1111106319819861,1.6060111908898476e-10,1.2672849683042277e-5,6.175385917079155e-5,0.1111106319819861,-0.11110999642673527
25361,0.25,-0.11111072004152535,3.4499319276768885e-10,1.8573992375568825e-5,6.085781914268086e-5,0.11111072004152535,-0.11111000001810815
25362,0.1,-0.11111080779372005,5.992659316894897e-10,2.447990873531782e-5,6.028125844009289e-5,0.11111080779372005,-0.11111000358089343
25363,0.1,-0.1111108948786012,9.212265423602125e-10,3.0351713993779865e-5,5.992450958084489e-5,0.1111108948786012,-0.1111100070611623
25364,0.1,-0.11111098117186143,1.3087179489775487e-9,3.6176206945692205e-5,5.9514237476474e-5,0.11111098117186143,-0.11111001044644547
25365,0.1,-0.11111106655031179,1.7593580292491091e-9,4.194470204029478e-5,5.9050816294601784e-5,0.11111106655031179,-0.11111001372470865
25366,0.1,-0.11111115089217379,2.2705495466751257e-9,4.7650283804769995e-5,5.853470873353832e-5,0.11111115089217379,-0.11111001688439973
25367,0.25,-0.11111123101800582,2.8241618752514303e-9,5.3142844064383966e-5,5.796935765629659e-5,0.11111123101800582,-0.11111001941063416
25368,0.625,-0.11111129935409536,3.3714111464284512e-9,5.8063854043875276e-5,5.657721030022625e-5,0.11111129935409536,-0.11111002014042033
25369,1.5625,-0.11111133614273407,3.776921023084927e-9,6.145665971304434e-5,5.295118634077829e-5,0.11111133614273407,-0.11111001610068884
25370,3.90625,-0.11111129454249702,3.707315040630128e-9,6.088772487644885e-5,4.355060528843661e-5,0.11111129454249702,-0.1111100014725898
25371,9.765625,-0.11111109069164084,2.588224872954812e-9,5.087459948692286e-5,2.095133848683771e-5,0.11111109069164084,-0.11110997438239602
25372,24.4140625,-0.11111070525675046,5.445056768954241e-10,2.333464542039206e-5,3.0412170628639354e-5,0.11111070525675046,-0.11110996946758304
25373,9.765625,-0.1111105791268582,1.163796566433329e-10,1.0787940333693586e-5,8.493654434227595e-5,0.1111105791268582,-0.1111099793791952
25374,3.90625,-0.11111045728476106,1.344084149682773e-11,3.6661753227072668e-6,9.443444746764446e-5,0.11111045728476106,-0.11110998901870744
25375,1.5625,-0.11111034244173892,1.0145839343483268e-10,1.0072655728993852e-5,9.419466904508747e-5,0.11111034244173892,-0.11110999776066695
25376,0.625,-0.11111023034442669,3.541671107791104e-10,1.8819328117101056e-5,9.254274792838057e-5,0.11111023034442669,-0.11111000602233517
25377,0.25,-0.11111011938395761,7.656095890784874e-10,2.7669651047284415e-5,9.121465642420412e-5,0.11111011938395761,-0.11111001409254277
25378,0.1,-0.11111000898124379,1.334158540767885e-9,3.652613503736585e-5,9.035897431520919e-5,0.11111000898124379,-0.1111100220985308
25379,0.1,-0.11110989920438875,2.0549540957474606e-9,4.533160151315482e-5,8.983003953078362e-5,0.11110989920438875,-0.11111002992045993
25380,0.1,-0.11110979012655368,2.9231991672203843e-9,5.4066617863709435e-5,8.922051435723946e-5,0.11110979012655368,-0.1111100375302029
25381,0.1,-0.11110968182013974,3.933590382283925e-9,6.271834167358003e-5,8.853097990534377e-5,0.11110968182013974,-0.11111004490060813
25382,0.1,-0.11110957435680192,5.080340281180046e-9,7.127650581488999e-5,8.776214257821015e-5,0.11110957435680192,-0.11111005200560481
25383,0.25,-0.11110946940531488,6.323028120192684e-9,7.951747053442209e-5,8.691906861552697e-5,0.11110946940531488,-0.11111005769179572
25384,0.625,-0.11110937113991791,7.552785171740293e-9,8.69067613695292e-5,8.483750637654812e-5,0.11110937113991791,-0.11111005935111316
25385,1.5625,-0.11110929119019443,8.467258052195094e-9,9.201770510176339e-5,7.940786821297233e-5,0.11110929119019443,-0.11111005030989694
25386,3.90625,-0.11110926180843639,8.32086758804687e-9,9.121878966554462e-5,6.530948618468854e-5,0.11110926180843639,-0.11111001747376657
25387,9.765625,-0.11110937108011916,5.824201033873819e-9,7.631645323174957e-5,3.119856937483518e-5,0.11110937108011916,-0.11110995645178119
25388,24.4140625,-0.11111005519761429,8.465725666887401e-11,9.200937814640093e-6,4.386755162212741e-5,0.11111005519761429,-0.11110999141678776
25389,9.765625,-0.1111107251181919,8.945913681358782e-11,9.458284031133123e-6,2.4745517118697836e-5,0.1111107251181919,-0.11110999084401178
25390,3.90625,-0.11111096595091646,1.0173943143240873e-10,1.0086596622865849e-5,1.6601016156256714e-5,0.11111096595091646,-0.111109990625448
25391,1.5625,-0.11111116002102733,1.1715849835147627e-10,1.0823977935651766e-5,1.319599797828548e-5,0.11111116002102733,-0.1111099905851015
25392,3.90625,-0.11111119869465753,1.1665589238269927e-10,1.0800735733397947e-5,1.1710166177622267e-5,0.11111119869465753,-0.11110999018889459
25393,9.765625,-0.11111087787545643,7.865214011882305e-11,8.86860418097589e-6,8.529429666206044e-6,0.11111087787545643,-0.11110998939242711
25394,24.4140625,-0.11111032424255005,1.5183713499460553e-11,3.896628478500427e-6,8.122315195355808e-6,0.11111032424255005,-0.11110998929166332
25395,9.765625,-0.11111057916711904,3.480875053076788e-12,1.8657103347188673e-6,1.552823773911158e-5,0.11111057916711904,-0.11110998961146933
25396,3.90625,-0.11111065952187667,1.4435112449252e-12,1.2014621279612604e-6,1.6705452533524468e-5,0.11111065952187667,-0.11110998990549657
25397,1.5625,-0.11111072034641088,4.764501925187153e-12,2.1827739061082695e-6,1.649638217587566e-5,0.11111072034641088,-0.1111099901710418
25398,0.625,-0.11111077632704919,1.2688445439985847e-11,3.5620844234781756e-6,1.6135623814290717e-5,0.11111077632704919,-0.1111099904218741
25399,0.25,-0.11111083088485997,2.502779484002666e-11,5.002778711878695e-6,1.586010866820341e-5,0.11111083088485997,-0.11110999066636966
25400,0.1,-0.11111088501679933,4.1712372389085956e-11,6.4585116233607534e-6,1.5676234880303087e-5,0.11111088501679933,-0.11110999090807917
25401,0.1,-0.1111109370869519,6.255651534658759e-11,7.909267687124239e-6,1.5553527771702895e-5,0.1111109370869519,-0.11110999114330032
25402,0.1,-0.1111109868933536,8.739115593613485e-11,9.348323696585118e-6,1.5421969930511677e-5,0.1111109868933536,-0.11110999137142208
25403,0.1,-0.1111110342434889,1.1603631036391057e-10,1.0772015148704099e-5,1.5281217505755826e-5,0.1111110342434889,-0.11110999159184719
25404,0.1,-0.11111107895490263,1.483015577199895e-10,1.2177912699637385e-5,1.5131026885578244e-5,0.11111107895490263,-0.11110999180399705
25405,0.25,-0.11111111355138524,1.8291078084816247e-10,1.3524451221700733e-5,1.4972574988740963e-5,0.11111111355138524,-0.11110999197484935
25406,0.625,-0.1111111214774728,2.165175621227714e-10,1.4714535742685578e-5,1.4619004118386652e-5,0.1111111214774728,-0.11110999203087824
25407,1.5625,-0.11111106232683948,2.4005228641312543e-10,1.5493620829655197e-5,1.3742153356198501e-5,0.11111106232683948,-0.11110999178671131
25408,3.90625,-0.1111108535272033,2.3208536991360308e-10,1.5234348358679575e-5,1.1565360859205881e-5,0.1111108535272033,-0.11110999089086655
25409,9.765625,-0.1111104202967008,1.58860262906402e-10,1.260397805878771e-5,7.023331159252198e-6,0.1111104202967008,-0.11110998926591426
25410,24.4140625,-0.11111016739720153,3.313041896022279e-11,5.755902966539897e-6,9.394812732355957e-6,0.11111016739720153,-0.11110998902814227
25411,9.765625,-0.11111035804316016,7.40512193235597e-12,2.721235368790427e-6,2.160522109696395e-5,0.11111035804316016,-0.11110998965581427
25412,3.90625,-0.1111104397447073,1.7154238381973995e-12,1.3097418975498186e-6,2.376606177085133e-5,0.1111104397447073,-0.11110999026004233
25413,1.5625,-0.11111050611713352,7.635443276711601e-12,2.7632305869600533e-6,2.3637010157820766e-5,0.11111050611713352,-0.11110999080842482
25414,0.625,-0.11111056826057242,2.3549129768220174e-11,4.852744560372014e-6,2.319606943666152e-5,0.11111056826057242,-0.11110999132719028
25415,0.25,-0.11111062905109363,4.9077520185680945e-11,7.005534967843708e-6,2.2847388472554272e-5,0.11111062905109363,-0.1111099918338784
25416,0.1,-0.11111068939767631,8.410314519996382e-11,9.170776695567493e-6,2.2619554264978117e-5,0.11111068939767631,-0.11110999233611099
25417,0.1,-0.11111074883867426,1.2830106389708793e-10,1.1327005954668159e-5,2.2474157154939804e-5,0.11111074883867426,-0.11110999282631066
25418,0.1,-0.1111108072405859,1.8135595196905765e-10,1.3466846400292001e-5,2.231053828825526e-5,0.1111108072405859,-0.11110999330285572
25419,0.1,-0.11111086447345704,2.4292341603102236e-10,1.5586000642596622e-5,2.212873214930358e-5,0.11111086447345704,-0.11110999376418071
25420,0.1,-0.11111092041124677,3.126312589957688e-10,1.7681381704939485e-5,2.192882837254162e-5,0.11111092041124677,-0.11110999420878288
25421,0.25,-0.11111097141266571,3.87946173236382e-10,1.969634923625142e-5,2.1712232652111025e-5,0.11111097141266571,-0.11110999456611428
25422,0.625,-0.11111100898058192,4.620919240333098e-10,2.149632350038745e-5,2.1197198097462527e-5,0.11111100898058192,-0.11110999467743846
25423,1.5625,-0.11111101156162084,5.163435694185206e-10,2.2723194524945664e-5,1.987843077160824e-5,0.11111101156162084,-0.11110999413830518
25424,3.90625,-0.11111093157491234,5.048897036252695e-10,2.246975085810409e-5,1.6511032207221765e-5,0.11111093157491234,-0.11110999216355115
25425,9.765625,-0.11111070539194783,3.5004560899998913e-10,1.8709505845959406e-5,8.876704527844975e-6,0.11111070539194783,-0.11110998852925143
25426,24.4140625,-0.11111045134344769,7.24466650091092e-11,8.511560668238768e-6,1.2460264411218053e-5,0.11111045134344769,-0.11110998795411199
25427,9.765625,-0.1111104715269724,1.5425840369640095e-11,3.927574362076432e-6,3.1663973257938114e-5,0.1111104715269724,-0.11110998932160808
25428,3.90625,-0.11111045177457747,2.381611993049497e-12,1.5432472235677266e-6,3.500879502684153e-5,0.11111045177457747,-0.11110999064014385
25429,1.5625,-0.111110429219862,1.5108090852504866e-11,3.886912766258701e-6,3.4866246160658366e-5,0.111110429219862,-0.11110999183508935
25430,0.625,-0.11111040620329739,5.0063118213491073e-11,7.075529535906912e-6,3.4236274781770365e-5,0.11111040620329739,-0.11110999296482432
25431,0.25,-0.11111038310426259,1.0643747833014042e-10,1.0316854090765286e-5,3.3736640129647914e-5,0.11111038310426259,-0.1111099940686206
25432,0.1,-0.11111036000856402,1.840010856280111e-10,1.3564699982970913e-5,3.3414642256585015e-5,0.11111036000856402,-0.11110999516358235
25433,0.1,-0.11111033674064401,2.8207303094065236e-10,1.6795029947596175e-5,3.321422873997938e-5,0.11111033674064401,-0.11110999623311271
25434,0.1,-0.11111031328427684,3.9998621438027186e-10,1.9999655356537317e-5,3.29848254795423e-5,0.11111031328427684,-0.11110999727345926
25435,0.1,-0.11111028962488577,5.370061451438894e-10,2.317339304339978e-5,3.272662800606273e-5,0.11111028962488577,-0.11110999828100147
25436,0.1,-0.11111026574965921,6.92333951672868e-10,2.631223957919333e-5,3.243988577963077e-5,0.11111026574965921,-0.11110999925226549
25437,0.25,-0.11111024095921772,8.604292829146424e-10,2.93330748970278e-5,3.212657400026463e-5,0.11111024095921772,-0.11111000003050564
25438,0.625,-0.11111021378813246,1.0264106569466551e-9,3.203764437262289e-5,3.1361050220775536e-5,0.11111021378813246,-0.11111000026213654
25439,1.5625,-0.11111018102953087,1.1490225830299416e-9,3.38972356251943e-5,2.9375257040537058e-5,0.11111018102953087,-0.1111099990440163
25440,3.90625,-0.11111013855330404,1.126782736207058e-9,3.356758460489908e-5,2.4249120243368418e-5,0.11111013855330404,-0.11110999461181596
25441,9.765625,-0.11111010015381491,7.852870482347583e-10,2.8022973579453666e-5,1.2164792963353782e-5,0.11111010015381491,-0.11110998641372427
25442,24.4140625,-0.11111019916773508,1.6435167802994927e-10,1.281997184201078e-5,1.7392775456708668e-5,0.11111019916773508,-0.11110998498580138
25443,9.765625,-0.1111103301541432,3.505842955093767e-11,5.921015922199303e-6,4.7019331333587586e-5,0.1111103301541432,-0.11110998801564075
25444,3.90625,-0.1111104204012837,4.392922184889019e-12,2.095929909345496e-6,5.2186492207018034e-5,0.1111104204012837,-0.11110999095507974
25445,1.5625,-0.11111050179572611,3.16449728049113e-11,5.625386458272116e-6,5.203331665019832e-5,0.11111050179572611,-0.11110999362081425
25446,0.625,-0.11111058046289259,1.0886037419350688e-10,1.0433617502741169e-5,5.111639427127116e-5,0.11111058046289259,-0.11110999614078632
25447,0.25,-0.11111065825128404,2.342361749675907e-10,1.5304776214227725e-5,5.038254674109038e-5,0.11111065825128404,-0.11110999860281184
25448,0.1,-0.11111073578395457,4.072786201504319e-10,2.0181145164495298e-5,4.9910403328900566e-5,0.11111073578395457,-0.11111000104544962
25449,0.1,-0.11111081282474246,6.265033127681448e-10,2.503004819747946e-5,4.9618694614072944e-5,0.11111081282474246,-0.11111000343206448
25450,0.1,-0.11111088927865438,8.904476168258063e-10,2.984036891236109e-5,4.928283264703399e-5,0.11111088927865438,-0.11111000575413782
25451,0.1,-0.1111109650512989,1.197495302511619e-9,3.4604845072787406e-5,4.89031301460496e-5,0.1111109650512989,-0.11111000800344684
25452,0.1,-0.11111104004908562,1.5458832854492657e-9,3.9317722282060865e-5,4.847997267720534e-5,0.11111104004908562,-0.11111001017209625
25453,0.25,-0.11111111192217246,1.923293875219824e-9,4.385537453060712e-5,4.80161634844933e-5,0.11111111192217246,-0.11111001190936279
25454,0.625,-0.11111117502233792,2.2965660407910235e-9,4.7922500360384195e-5,4.6871740008800086e-5,0.11111117502233792,-0.11111001242268118
25455,1.5625,-0.11111121447199347,2.573640016286018e-9,5.0731055737940426e-5,4.388863011768701e-5,0.11111121447199347,-0.11111000968499253
25456,3.90625,-0.11111119419885426,2.5276613637218493e-9,5.0275852690151854e-5,3.615540104618113e-5,0.11111119419885426,-0.11110999972393774
25457,9.765625,-0.11111104468897808,1.7670683590615453e-9,4.203651221333123e-5,1.762231365577046e-5,0.11111104468897808,-0.1111099812328227
25458,24.4140625,-0.11111071919058914,3.7380107094563846e-10,1.933393573346199e-5,2.517106173951575e-5,0.11111071919058914,-0.11110997779878612
25459,9.765625,-0.11111059017639173,8.052723686427815e-11,8.973696945199239e-6,7.02134725728643e-5,0.11111059017639173,-0.11110998456322818
25460,3.90625,-0.11111047366603591,9.3255945950394e-12,3.05378365229749e-6,7.810622617096985e-5,0.11111047366603591,-0.11110999115870406
25461,1.5625,-0.11111036458915242,6.855826772222856e-11,8.279992012208017e-6,7.79326999863652e-5,0.11111036458915242,-0.11110999714517938
25462,0.625,-0.11111025826294985,2.4027397741153854e-10,1.550077344559098e-5,7.658072262625358e-5,0.11111025826294985,-0.1111100028044959
25463,0.25,-0.11111015301637606,5.204022775431532e-10,2.281232731536073e-5,7.549056544654997e-5,0.11111015301637606,-0.1111100083332422
25464,0.1,-0.11111004825630698,9.078368050289405e-10,3.013033031728893e-5,7.478799463171786e-5,0.11111004825630698,-0.11111001381825261
25465,0.1,-0.11110994407277837,1.3992810971732e-9,3.7406965891036926e-5,7.435408601644366e-5,0.11110994407277837,-0.11111001917802964
25466,0.1,-0.11110984054347582,1.9914760856413082e-9,4.462595753192651e-5,7.385359115504522e-5,0.11110984054347582,-0.1111100243933363
25467,0.1,-0.11110973774537965,2.6808166331630505e-9,5.177660314430689e-5,7.328699247632858e-5,0.11110973774537965,-0.11111002944560054
25468,0.1,-0.11110963575474293,3.4633666248367517e-9,5.8850374891216724e-5,7.265487553636385e-5,0.11110963575474293,-0.11111003431698481
25469,0.25,-0.1111095363526915,4.311619397487259e-9,6.566292254756301e-5,7.196137744687185e-5,0.1111095363526915,-0.11111003822082552
25470,0.625,-0.11110944395980833,5.15145202318705e-9,7.177361648396332e-5,7.024656353144311e-5,0.11110944395980833,-0.11111003937750613
25471,1.5625,-0.11110937072842145,5.776934440949631e-9,7.60061473892055e-5,6.5770764439278e-5,0.11110937072842145,-0.11111003323134534
25472,3.90625,-0.11110934932164843,5.679974540290626e-9,7.53656058178439e-5,5.414747918454093e-5,0.11110934932164843,-0.1111100108336624
25473,9.765625,-0.11110946303980294,3.9804922133166265e-9,6.309114211453639e-5,2.605701865138523e-5,0.11110946303980294,-0.1111099691288674
25474,24.4140625,-0.11110988786868649,8.489717175744734e-10,2.913711923945937e-5,3.698401475634294e-5,0.11110988786868649,-0.11110996103640808
25475,9.765625,-0.11111014729774567,1.8385913025297329e-10,1.3559466444258538e-5,0.00010515887200969668,0.11111014729774567,-0.11110997622073117
25476,3.90625,-0.11111035454337947,1.9483397097063515e-11,4.414000124270899e-6,0.00011716362199577771,0.11111035454337947,-0.11110999108188857
25477,1.5625,-0.1111105459512637,1.493016541382722e-10,1.2218905603132884e-5,0.00011696790684318508,0.1111105459512637,-0.11111000458069213
25478,0.625,-0.11111073227564588,5.327550748927687e-10,2.3081487709694294e-5,0.00011496578219199507,0.11111073227564588,-0.11111001734252085
25479,0.25,-0.11111091705448138,1.1606404483350105e-9,3.406817353975717e-5,0.00011334151925977496,0.11111091705448138,-0.11111002980907964
25480,0.1,-0.11111110152300495,2.0304694372746714e-9,4.506073054528379e-5,0.00011229299578333101,0.11111110152300495,-0.11111004217641515
25481,0.1,-0.11111128533389429,3.1348918872981147e-9,5.59901052624311e-5,0.00011164531390830322,0.11111128533389429,-0.1111100542626342
25482,0.1,-0.11111146829210229,4.4666189536928524e-9,6.68327685622319e-5,0.0001108975407105891,0.11111146829210229,-0.1111100660243111
25483,0.1,-0.11111165020106102,6.017580896784988e-9,7.757306811506805e-5,0.00011005038094358155,0.11111165020106102,-0.1111100774195039
25484,0.1,-0.11111183086309817,7.778960753234722e-9,8.819841695424427e-5,0.00010910469379732125,0.11111183086309817,-0.11111008840791824
25485,0.25,-0.11111200584344566,9.689146290041364e-9,9.843346123164299e-5,0.0001080665846105027,0.11111200584344566,-0.11111009722102
25486,0.625,-0.11111216425577841,1.1581972951847562e-8,0.00010761957513318644,0.0001054964187908529,0.11111216425577841,-0.11111009985446152
25487,1.5625,-0.1111122768691749,1.2995517108348038e-8,0.0001139978820344836,9.878276595262117e-5,0.1111122768691749,-0.11111008604981391
25488,3.90625,-0.1111122701277563,1.2788968072999661e-8,0.00011308831979032875,8.133084290510506e-5,0.1111122701277563,-0.11111003561771292
25489,9.765625,-0.11111198747155104,8.980959065415838e-9,9.476792213305005e-5,3.897255187372087e-5,0.11111198747155104,-0.11110994145263017
25490,24.4140625,-0.11111149072866842,1.318390461639333e-10,1.1482118539883365e-5,5.366100432101774e-5,0.11111149072866842,-0.11110999465415969
25491,9.765625,-0.11110985347689939,1.3584703647931396e-10,1.1655343687738855e-5,3.165493888716487e-5,0.11110985347689939,-0.11110999393544732
25492,3.90625,-0.11110923197717819,1.5804202972870332e-10,1.2571476831649625e-5,2.147252822708331e-5,0.11110923197717819,-0.11110999362161988
25493,1.5625,-0.1111087310717003,1.85991952594151e-10,1.3637886661581808e-5,1.692010299820141e-5,0.1111087310717003,-0.11110999356222198
25494,3.90625,-0.11110860628565958,1.8611546774867427e-10,1.3642414293250087e-5,1.4849294751293439e-5,0.11110860628565958,-0.11110999291547634
25495,9.765625,-0.11110936973824578,1.2114455657661553e-10,1.1006568792162957e-5,1.0238530200667654e-5,0.11110936973824578,-0.11110999165113085
25496,24.4140625,-0.11111078057874152,2.39621959493481e-11,4.895119605213758e-6,9.288521557461803e-6,0.11111078057874152,-0.11110999145890553
25497,9.765625,-0.11111012371195851,5.28597274645298e-12,2.2991243434083724e-6,1.934326415396115e-5,0.11111012371195851,-0.11110999197030645
25498,3.90625,-0.11110988881944692,2.966840549144634e-12,1.7224519003863747e-6,2.0611309913137392e-5,0.11110988881944692,-0.11110999241232929
25499,1.5625,-0.11110970475393539,9.038960379537419e-12,3.0064863843924885e-6,2.023808520307321e-5,0.11110970475393539,-0.11110999280735498
25500,0.625,-0.11110953364855004,2.2369948072998096e-11,4.7296879466829626e-6,1.9736702712883304e-5,0.11110953364855004,-0.11110999317961275
25501,0.25,-0.11110936643176696,4.26959326853e-11,6.534212476289702e-6,1.9370171124890126e-5,0.11110936643176696,-0.11110999354250743
25502,0.1,-0.11110920041511411,6.992119000039974e-11,8.361889140642786e-6,1.913103033857093e-5,0.11110920041511411,-0.11110999390149626
25503,0.1,-0.11110903959753206,1.0370383967824461e-10,1.0183508220561547e-5,1.897421190444739e-5,0.11110903959753206,-0.11110999425023946
25504,0.1,-0.11110888450589083,1.437532771794115e-10,1.1989715475331828e-5,1.88054769076667e-5,0.11110888450589083,-0.111109994587761
25505,0.1,-0.11110873564419788,1.8976042159896074e-10,1.3775355588839104e-5,1.8624463193917537e-5,0.11110873564419788,-0.11110999491311312
25506,0.1,-0.1111085934920736,2.413989631227834e-10,1.553701911959895e-5,1.8430934560806802e-5,0.1111085934920736,-0.11110999522538473
25507,0.25,-0.11110847697780263,2.9633901035768713e-10,1.7214500003127804e-5,1.8226448947893182e-5,0.11110847697780263,-0.11110999547122627
25508,0.625,-0.11110842825397269,3.4857352681930053e-10,1.867012391012177e-5,1.7765934569311923e-5,0.11110842825397269,-0.11110999553329781
25509,1.5625,-0.11110855085990462,3.82268939370223e-10,1.955169914279122e-5,1.6624914034467955e-5,0.11110855085990462,-0.11110999512124795
25510,3.90625,-0.11110906000457424,3.62371329829682e-10,1.9036053420540773e-5,1.3826348116340604e-5,0.11110906000457424,-0.11110999370965645
25511,9.765625,-0.1111101739780226,2.424403109112873e-10,1.5570494883313353e-5,8.18899049302538e-6,0.1111101739780226,-0.11110999124487846
25512,24.4140625,-0.11111096699002516,5.175329929894259e-11,7.193976598442797e-6,1.142436636093026e-5,0.11111096699002516,-0.11110999086028267
25513,9.765625,-0.1111105441016771,1.1096358627331232e-11,3.3311197257575766e-6,2.6444634878455434e-5,0.1111105441016771,-0.11110999181297583
25514,3.90625,-0.1111103812822423,2.1063484399353862e-12,1.4513264415476575e-6,2.9191769868742855e-5,0.1111103812822423,-0.11110999272863323
25515,1.5625,-0.11111025407077578,1.0992134762276178e-11,3.315438849123322e-6,2.904584246183817e-5,0.11111025407077578,-0.11110999355788198
25516,0.625,-0.11111013656489847,3.523591446661899e-11,5.935984709095787e-6,2.8500930311636237e-5,0.11111013656489847,-0.111109994341229
25517,0.25,-0.11111002217481136,7.425185705999852e-11,8.616951726683777e-6,2.806787996839435e-5,0.11111002217481136,-0.11110999510581009
25518,0.1,-0.11110990883793481,1.2786058157979537e-10,1.1307545338392208e-5,2.778454837725242e-5,0.11110990883793481,-0.11110999586345383
25519,0.1,-0.1111097976194848,1.955631355620542e-10,1.3984388994949125e-5,2.7603749133549905e-5,0.1111097976194848,-0.11110999660269018
25520,0.1,-0.111109688817714,2.768746320349401e-10,1.6639550235356126e-5,2.7400125105641455e-5,0.111109688817714,-0.1111099973210263
25521,0.1,-0.11110958272174247,3.7126507183664336e-10,1.9268239977658658e-5,2.717371090495403e-5,0.11110958272174247,-0.1111099980160557
25522,0.1,-0.1111094796107319,4.78161362998381e-10,2.1866901083564196e-5,2.6924609767269414e-5,0.1111094796107319,-0.11110999868546872
25523,0.25,-0.11110938772881261,5.936525657727222e-10,2.4364986471835403e-5,2.665454065327873e-5,0.11110938772881261,-0.11110999922126304
25524,0.625,-0.11110932623794714,7.072809006714985e-10,2.6594753254570693e-5,2.6011281647152448e-5,0.11110932623794714,-0.11110999938033006
25525,1.5625,-0.11110934349442984,7.902065613220897e-10,2.8110612965961622e-5,2.4362218049753883e-5,0.11110934349442984,-0.11110999854364284
25526,3.90625,-0.11110954482788835,7.722461622022505e-10,2.778931741159272e-5,2.0141954079852607e-5,0.11110954482788835,-0.11110999551128561
25527,9.765625,-0.11111006164697197,5.357464459057868e-10,2.3146197223427153e-5,1.0427317799881775e-5,0.11111006164697197,-0.11110998993656497
25528,24.4140625,-0.11111056737365155,1.122080394601164e-10,1.0592829624803583e-5,1.4865269602268549e-5,0.11111056737365155,-0.11110998899015138
25529,9.765625,-0.11111043995651498,2.3867418124362918e-11,4.885429164808647e-6,3.897751537053195e-5,0.11111043995651498,-0.11110999107012944
25530,3.90625,-0.11111042132375394,3.1816916452347002e-12,1.7837297007211322e-6,4.320384260520341e-5,0.11111042132375394,-0.111109993083289
25531,1.5625,-0.11111041455959872,2.2042671303846687e-11,4.6949623325269274e-6,4.305713012898236e-5,0.11111041455959872,-0.11110999490819595
25532,0.625,-0.11111041072728765,7.49937690646304e-11,8.659894287150993e-6,4.228778029462883e-5,0.11111041072728765,-0.11110999663295554
25533,0.25,-0.1111104078099969,1.607857448469512e-10,1.2680131893909906e-5,4.167289056018479e-5,0.1111104078099969,-0.11110999831764565
25534,0.1,-0.11111040521705721,2.7906348639967633e-10,1.6705193396057297e-5,4.127548377893122e-5,0.11111040521705721,-0.11110999998858692
25535,0.1,-0.11111040340315241,4.2879289343985775e-10,2.0707314974179e-5,4.102775379890547e-5,0.11111040340315241,-0.11111000162068757
25536,0.1,-0.11111040245398052,6.089574824014605e-10,2.467706389345095e-5,4.074399206224337e-5,0.11111040245398052,-0.11111000320818717
25537,0.1,-0.11111040245046556,8.184375762657914e-10,2.8608348017069974e-5,4.042443643518649e-5,0.11111040245046556,-0.11111000474552737
25538,0.1,-0.11111040346846601,1.0560149034761133e-9,3.2496382929121716e-5,4.0069390253256054e-5,0.11111040346846601,-0.11111000622737327
25539,0.25,-0.11111040823194636,1.3132571812811457e-9,3.623889045322919e-5,3.9681286859486084e-5,0.11111040823194636,-0.11111000741436654
25540,0.625,-0.11111042285573919,1.5675017992017814e-9,3.959168851162806e-5,3.873271872080472e-5,0.11111042285573919,-0.11111000776599252
25541,1.5625,-0.11111046213294468,1.7558963061935977e-9,4.1903416402408026e-5,3.627053263650111e-5,0.11111046213294468,-0.11111000590048907
25542,3.90625,-0.11111055472219296,1.7237275998387253e-9,4.151779859095043e-5,2.990340185411857e-5,0.11111055472219296,-0.1111099991123935
25543,9.765625,-0.11111071326339125,1.2044458082895833e-9,3.47051265419042e-5,1.4737302829926731e-5,0.11111071326339125,-0.1111099865192373
25544,24.4140625,-0.11111070326940403,2.5460807367167255e-10,1.5956443014396178e-5,2.1005273491401583e-5,0.11111070326940403,-0.11110998420060922
25545,9.765625,-0.11111051252232637,5.464220413506298e-11,7.392036535019492e-6,5.807260971073139e-5,0.11111051252232637,-0.11110998882762119
25546,3.90625,-0.11111039692559516,6.197776308452197e-12,2.489533351544461e-6,6.457365784890612e-5,0.11111039692559516,-0.11110999333568544
25547,1.5625,-0.11111029533681578,4.672574451963659e-11,6.835623199067997e-6,6.442310267645069e-5,0.11111029533681578,-0.11110999742693115
25548,0.625,-0.11111019801009578,1.6396952207336707e-10,1.2805058456460364e-5,6.330234131156081e-5,0.11111019801009578,-0.11111000129432069
25549,0.25,-0.11111010217116231,3.551413358438564e-10,1.8845193972041157e-5,6.239878550765084e-5,0.11111010217116231,-0.11111000507217053
25550,0.1,-0.11111000691161295,6.194755106005153e-10,2.4889264967059902e-5,6.18156575249242e-5,0.11111000691161295,-0.111110008819783
25551,0.1,-0.1111099126469382,9.54713555735792e-10,3.0898439373790255e-5,6.145457713464686e-5,0.1111099126469382,-0.11111001248158328
25552,0.1,-0.1111098195080397,1.3586228796919013e-9,3.685950189153268e-5,6.103877646893976e-5,0.1111098195080397,-0.11111001604449093
25553,0.1,-0.11110972762280132,1.8287357693907867e-9,4.2763720247316964e-5,6.056863482815537e-5,0.11110972762280132,-0.11111001949587729
25554,0.1,-0.11110963711584891,2.3623596396246177e-9,4.8604111344871e-5,6.004462068478233e-5,0.11110963711584891,-0.11111002282361324
25555,0.25,-0.11110955150978068,2.9407302433752326e-9,5.4228500286982234e-5,5.947018121771224e-5,0.11110955150978068,-0.11111002549121847
25556,0.625,-0.11110947912257291,3.513300017034771e-9,5.927309690774366e-5,5.805349269096082e-5,0.11110947912257291,-0.11111002628518661
25557,1.5625,-0.1111094415475873,3.939661574185007e-9,6.276672346223759e-5,5.436015160457491e-5,0.1111094415475873,-0.11111002209918824
25558,3.90625,-0.11110948980952329,3.873446667128105e-9,6.223702006947396e-5,4.477649866718411e-5,0.11110948980952329,-0.1111100068316207
25559,9.765625,-0.11110971552837123,2.714829787993677e-9,5.210402851981483e-5,2.1676455786036846e-5,0.11110971552837123,-0.1111099783962623
25560,24.4140625,-0.11111014315797922,5.796172848107579e-10,2.4075242154768828e-5,3.0673146740371484e-5,0.11111014315797922,-0.11110997286810026
25561,9.765625,-0.11111028145052827,1.2565221620878707e-10,1.1209469934336193e-5,8.690773690725359e-5,0.11111028145052827,-0.11110998323496724
25562,3.90625,-0.111110414188045,1.3349297963958566e-11,3.6536691098070944e-6,9.682434167137329e-5,0.111110414188045,-0.11110999338407401
25563,1.5625,-0.11111053948774982,1.0176775589458629e-10,1.0088000589541334e-5,9.666456137248116e-5,0.11111053948774982,-0.11111000260408889
25564,0.625,-0.11111066216737996,3.632208320551444e-10,1.905835334059961e-5,9.501162269529042e-5,0.11111066216737996,-0.11111001132114018
25565,0.25,-0.11111078405553139,7.914171675484899e-10,2.8132137628493323e-5,9.366988225326644e-5,0.11111078405553139,-0.11111001983646698
25566,0.1,-0.11111090581910878,1.3846481949387416e-9,3.721086124962363e-5,9.280312705637098e-5,0.11111090581910878,-0.11111002828380791
25567,0.1,-0.11111102730885265,2.1378946457752323e-9,4.623737282518582e-5,9.226715570374387e-5,0.11111102730885265,-0.11111003653914235
25568,0.1,-0.1111111484150845,3.046177808639049e-9,5.519218974310631e-5,9.164860530336798e-5,0.1111111484150845,-0.11111004457285899
25569,0.1,-0.11111126902588664,4.103987056386597e-9,6.406236848873601e-5,9.094806305516948e-5,0.11111126902588664,-0.11111005235636029
25570,0.1,-0.11111138902730644,5.305302850228041e-9,7.283750991232499e-5,9.016624363729059e-5,0.11111138902730644,-0.11111005986217386
25571,0.25,-0.11111150605984028,6.608123315291795e-9,8.129036422167017e-5,8.930822823649255e-5,0.11111150605984028,-0.11111006588414718
25572,0.625,-0.11111161421246915,7.899183813847962e-9,8.887735264873702e-5,8.718606299373066e-5,0.11111161421246915,-0.11111006769120658
25573,1.5625,-0.11111169721398427,8.863617070812688e-9,9.414678470777793e-5,8.164510149010326e-5,0.11111169721398427,-0.11111005828629372
25574,3.90625,-0.11111171189278166,8.723692887420663e-9,9.340071138605242e-5,6.72454931734944e-5,0.11111171189278166,-0.1111100238950332
25575,9.765625,-0.11111155350907216,6.127972154840294e-9,7.828136531027224e-5,3.232916516338106e-5,0.11111155350907216,-0.11110995964929042
25576,24.4140625,-0.1111109780695019,8.775661026588798e-11,9.367849820844053e-6,4.435459735429974e-5,0.1111109780695019,-0.11110999601324946
25577,9.765625,-0.11111005027682351,9.218227715770186e-11,9.601160198522982e-6,2.5344800728534978e-5,0.11111005027682351,-0.11110999545039557
25578,3.90625,-0.11110970761204898,1.0545585252733141e-10,1.0269170001871204e-5,1.7052777898235134e-5,0.11110970761204898,-0.11110999522784107
25579,1.5625,-0.11110943106873816,1.2206862406998383e-10,1.104846704615549e-5,1.3524851505073125e-5,0.11110943106873816,-0.11110999518646623
25580,3.90625,-0.11110936827994351,1.216486562298012e-10,1.1029444964720628e-5,1.1971346068034002e-5,0.11110936827994351,-0.11110999477108208
25581,9.765625,-0.11110980527729002,8.140017520275546e-11,9.022204564448506e-6,8.626585358554341e-6,0.11110980527729002,-0.11110999394163276
25582,24.4140625,-0.11111059101750585,1.6083324476324786e-11,4.0104020342510285e-6,8.153444132992573e-6,0.11111059101750585,-0.11110999382442563
25583,9.765625,-0.11111024121608203,3.708396237348151e-12,1.9257196673836385e-6,1.5893341810754863e-5,0.11111024121608203,-0.1111099941612637
25584,3.90625,-0.11111012494571967,1.6481706880666036e-12,1.2838110016924624e-6,1.7066535705108148e-5,0.11111012494571967,-0.11110999446722927
25585,1.5625,-0.1111100356217702,5.186477173826219e-12,2.2773838442006696e-6,1.6839314795261682e-5,0.1111100356217702,-0.11110999474338286
25586,0.625,-0.11110995306869106,1.354402143458521e-11,3.6802202970182656e-6,1.646582186620202e-5,0.11110995306869106,-0.111109995004276
25587,0.25,-0.11110987252798124,2.6530112822133028e-11,5.150739055915474e-6,1.6182773119896033e-5,0.11110987252798124,-0.11110999525864412
25588,0.1,-0.11110979260290822,4.407419550988145e-11,6.638839921995518e-6,1.599467161821295e-5,0.11110979260290822,-0.11110999551017191
25589,0.1,-0.11110971549790749,6.597483115563552e-11,8.122489221638617e-6,1.5869588706086792e-5,0.11110971549790749,-0.11110999575492841
25590,0.1,-0.11110964149207159,9.205216586165516e-11,9.594381994774606e-6,1.5735282296911935e-5,0.11110964149207159,-0.11110999599226908
25591,0.1,-0.11110957085177685,1.2211468306440214e-10,1.1050551256132074e-5,1.5591422676760817e-5,0.11110957085177685,-0.11110999622156517
25592,0.1,-0.11110950382985896,1.5595979328555254e-10,1.2488386336334753e-5,1.5437781565686107e-5,0.11110950382985896,-0.11110999644220809
25593,0.25,-0.11110945063800323,1.9220475939729982e-10,1.3863793110015016e-5,1.5275560402221432e-5,0.11110945063800323,-0.11110999661951036
25594,0.625,-0.11110943393986922,2.2724091091643992e-10,1.507451196279468e-5,1.4912664793817967e-5,0.11110943393986922,-0.11110999667642003
25595,1.5625,-0.111109509198611,2.5136618127253225e-10,1.585453188437086e-5,1.4012953374823442e-5,0.111109509198611,-0.11110999641945583
25596,3.90625,-0.11110979059746352,2.4206605578709883e-10,1.5558472154652553e-5,1.178731044932796e-5,0.11110979059746352,-0.11110999548506129
25597,9.765625,-0.11111038704473583,1.653008838638983e-10,1.2856939132775666e-5,7.186292863134789e-6,0.11111038704473583,-0.11110999379715064
25598,24.4140625,-0.11111076907309592,3.51231684638216e-11,5.926480276169119e-6,9.52808374327223e-6,0.11111076907309592,-0.11110999352737219
25599,9.765625,-0.11111052140700568,7.887195384032624e-12,2.8084151018025494e-6,2.2000147274038826e-5,0.11111052140700568,-0.11110999417889526
25600,3.90625,-0.1111104177455635,1.697742303142894e-12,1.3029744061733885e-6,2.425534633655272e-5,0.1111104177455635,-0.11110999480948643
25601,1.5625,-0.11111033431175085,7.6342104560951e-12,2.7630075019976147e-6,2.41441702662099e-5,0.11111033431175085,-0.11110999538250527
25602,0.625,-0.11111025646739106,2.4000560070449607e-11,4.899036647183771e-6,2.3702903737180134e-5,0.11111025646739106,-0.11110999592467538
25603,0.25,-0.11111018043088954,5.039920047761213e-11,7.099239429517231e-6,2.3351013369166204e-5,0.11111018043088954,-0.11110999645419624
25604,0.1,-0.11111010500935459,8.670776206163645e-11,9.311700277695607e-6,2.3120501690120534e-5,0.11111010500935459,-0.11110999697903337
25605,0.1,-0.11111003078793204,1.3259167240113166e-10,1.1514845739354551e-5,2.29733035516911e-5,0.11111003078793204,-0.11110999749139681
25606,0.1,-0.11110995793861145,1.8772495833369513e-10,1.3701275792191584e-5,2.2807444560536553e-5,0.11110995793861145,-0.11110999798958995
25607,0.1,-0.11110988662845604,2.5175124042087686e-10,1.586667074155372e-5,2.2622962895219418e-5,0.11110988662845604,-0.111109998471974
25608,0.1,-0.11110981701913564,3.2428505580196956e-10,1.800791647587165e-5,2.2419952044672854e-5,0.11110981701913564,-0.11110999893697536
25609,0.25,-0.11110975379977293,4.027045332051718e-10,2.0067499425817152e-5,2.2199821564914748e-5,0.11110975379977293,-0.11110999931131738
25610,0.625,-0.11110970791000267,4.799907019145899e-10,2.190869010038231e-5,2.167561028658204e-5,0.11110970791000267,-0.1111099994299234
25611,1.5625,-0.1111097070801315,5.367417293654758e-10,2.316768718205328e-5,2.0332140743833483e-5,0.1111097070801315,-0.11110999887179103
25612,3.90625,-0.11110981243122121,5.254796022911722e-10,2.2923341865687303e-5,1.6898282395169867e-5,0.11110981243122121,-0.11110999681744356
25613,9.765625,-0.11111010506732188,3.6554968235353457e-10,1.9119353607105407e-5,9.07815090599471e-6,0.11111010506732188,-0.11110999301893565
25614,24.4140625,-0.11111042758766573,7.676723932215902e-11,8.761691578808228e-6,1.2539762761952793e-5,0.11111042758766573,-0.11110999236869351
25615,9.765625,-0.11111038988952379,1.6534569470956588e-11,4.066272183580016e-6,3.231379035106439e-5,0.11111038988952379,-0.11110999379262802
25616,3.90625,-0.11111040549107543,2.3389985104670728e-12,1.5293784719509663e-6,3.5801975916262236e-5,0.11111040549107543,-0.11110999517394954
25617,1.5625,-0.11111042555877329,1.511839022901488e-11,3.888237419321881e-6,3.568692561164813e-5,0.11111042555877329,-0.11110999642767568
25618,0.625,-0.11111044655563615,5.1153590440472394e-11,7.152173826220416e-6,3.5056659327674296e-5,0.11111044655563615,-0.11110999761334504
25619,0.25,-0.11111046782136359,1.0959327910681688e-10,1.0468680867560004e-5,3.45523246207302e-5,0.11111046782136359,-0.11110999877177988
25620,0.1,-0.111110489186842,1.9019649486127462e-10,1.3791174527982546e-5,3.422645326323683e-5,0.111110489186842,-0.11110999992089295
25621,0.1,-0.11111051087326586,2.9226190879162914e-10,1.7095669299317566e-5,3.4023517802467214e-5,0.11111051087326586,-0.11111000104357727
25622,0.1,-0.11111053290590812,4.1509929299135314e-10,2.03739856923321e-5,3.37909214549337e-5,0.11111053290590812,-0.11111000213589901
25623,0.1,-0.11111055530748393,5.57947965020923e-10,2.3620922188198388e-5,3.352886276645253e-5,0.11111055530748393,-0.11111000319406138
25624,0.1,-0.11111057809802126,7.199799012628706e-10,2.6832441209529754e-5,3.323759468402464e-5,0.11111057809802126,-0.11111000421441994
25625,0.25,-0.11111060228392027,8.954600875053688e-10,2.9924239129932256e-5,3.291910137592911e-5,0.11111060228392027,-0.11111000503374899
25626,0.625,-0.11111063001648247,1.068967527823119e-9,3.26950688609631e-5,3.2139732361497135e-5,0.11111063001648247,-0.11111000528335792
25627,1.5625,-0.11111066616449682,1.197713582204872e-9,3.460799881826269e-5,3.0116138780485402e-5,0.11111066616449682,-0.11111000402039105
25628,3.90625,-0.11111071816339463,1.1762826700651464e-9,3.4296977564577706e-5,2.488715784545115e-5,0.11111071816339463,-0.11110999939694047
25629,9.765625,-0.11111077454674999,8.226821468439982e-10,2.8682436208313933e-5,1.2515018772821754e-5,0.11111077454674999,-0.11110999080178807
25630,24.4140625,-0.11111068096679343,1.7446342400275503e-10,1.3208460319157377e-5,1.7540828832140268e-5,0.11111068096679343,-0.11110998920309956
25631,9.765625,-0.11111053464551078,3.766590677376548e-11,6.1372556386193885e-6,4.8073490675198964e-5,0.11111053464551078,-0.11110999236846213
25632,3.90625,-0.11111043600288004,4.352707452890094e-12,2.0863143226489373e-6,5.345709974353229e-5,0.11111043600288004,-0.11110999545734833
25633,1.5625,-0.11111034748417689,3.182735079537374e-11,5.641573432596064e-6,5.3342609102688357e-5,0.11111034748417689,-0.11110999826275011
25634,0.625,-0.11111026215337887,1.1171653379008412e-10,1.056960423999329e-5,5.2422935927182964e-5,0.11111026215337887,-0.1111100009155989
25635,0.25,-0.11111017794693605,2.4211728370641287e-10,1.5560118370578445e-5,5.1680500335222993e-5,0.11111017794693605,-0.11111000350744177
25636,0.1,-0.11111009417614287,4.225095087818415e-10,2.0555036092934538e-5,5.120157845790825e-5,0.11111009417614287,-0.1111100060787567
25637,0.1,-0.11111001110167645,6.513578946375813e-10,2.5521714179059002e-5,5.090545906658657e-5,0.11111001110167645,-0.11111000859164114
25638,0.1,-0.11110992882145011,9.271432226296323e-10,3.0449026628607233e-5,5.0564152040772034e-5,0.11110992882145011,-0.11111001103714711
25639,0.1,-0.11110984743159662,1.2481854991804359e-9,3.5329668823531816e-5,5.017797468850604e-5,0.11110984743159662,-0.11111001340663419
25640,0.1,-0.11110976702631203,1.6126509355507531e-9,4.0157825333934024e-5,4.974731791477697e-5,0.11110976702631203,-0.11111001569180316
25641,0.25,-0.11110969012868004,2.0077481030036347e-9,4.4807902238373476e-5,4.9275002656187585e-5,0.11110969012868004,-0.11111001752633017
25642,0.625,-0.11110962276213963,2.3990064074602705e-9,4.897965299448609e-5,4.810819801590176e-5,0.11110962276213963,-0.11111001808138288
25643,1.5625,-0.11110958074447046,2.690650170217496e-9,5.187147742466467e-5,4.50644513103432e-5,0.11110958074447046,-0.11111001523473872
25644,3.90625,-0.11110960244176994,2.6463120354169695e-9,5.1442317554878585e-5,3.716767918436515e-5,0.11110960244176994,-0.11111000481474638
25645,9.765625,-0.11110976274104956,1.856198593410414e-9,4.3083623262330364e-5,1.819274916233906e-5,0.11110976274104956,-0.11110998537854958
25646,24.4140625,-0.11111011865787311,3.9754078631195316e-10,1.993842487038415e-5,2.5451283795916374e-5,0.11111011865787311,-0.11110998155492281
25647,9.765625,-0.11111026172438758,8.662112577004235e-11,9.307047102601466e-6,7.190141913349312e-5,0.11111026172438758,-0.11110998864342875
25648,3.90625,-0.11111038942995416,9.31293440483117e-12,3.0517100787642277e-6,8.012397830724213e-5,0.11111038942995416,-0.1111099955933792
25649,1.5625,-0.11111050900883977,6.926783608021822e-11,8.3227300857482e-6,8.000602170317019e-5,0.11111050900883977,-0.11111000191060962
25650,0.625,-0.11111062580078533,2.475471948163892e-10,1.573363260078197e-5,7.864727535525016e-5,0.11111062580078533,-0.11111000788456056
25651,0.25,-0.11111074170665033,5.398487731069898e-10,2.3234645964743895e-5,7.754255302114362e-5,0.11111074170665033,-0.11111001372077327
25652,0.1,-0.11111085740616648,9.450078392956364e-10,3.074097980376742e-5,7.682891068847703e-5,0.11111085740616648,-0.11111001951063507
25653,0.1,-0.11111097274722548,1.4596058850736992e-9,3.820478877148386e-5,7.638794560389698e-5,0.11111097274722548,-0.11111002516952176
25654,0.1,-0.11111108762362777,2.0802489849749373e-9,4.5609746600643786e-5,7.587871303001613e-5,0.11111108762362777,-0.11111003067716725
25655,0.1,-0.11111120192790269,2.8031793099066587e-9,5.294505935313189e-5,7.53017016581933e-5,0.11111120192790269,-0.11111003601399674
25656,0.1,-0.11111131555148734,3.6242908204453454e-9,6.0202083190246376e-5,7.465750530863715e-5,0.11111131555148734,-0.11111004116120346
25657,0.25,-0.11111142615548222,4.514920457867369e-9,6.719315782032698e-5,7.395029511691121e-5,0.11111142615548222,-0.11111004529459795
25658,0.625,-0.1111115279260098,5.397751546262536e-9,7.34693919007265e-5,7.219929324048901e-5,0.1111115279260098,-0.11111004654751754
25659,1.5625,-0.11111160499734055,6.057805396362675e-9,7.783190474582178e-5,6.76255596447468e-5,0.11111160499734055,-0.11111004013641122
25660,3.90625,-0.11111161594504548,5.963909053985843e-9,7.72263494798624e-5,5.573938629488066e-5,0.11111161594504548,-0.1111100166384359
25661,9.765625,-0.11111146365775222,4.1922306066528915e-9,6.474743706628774e-5,2.6954278037755383e-5,0.11111146365775222,-0.11110997269055875
25662,24.4140625,-0.11111098465846929,9.041776913130637e-10,3.0069547574133266e-5,3.7484031882739466e-5,0.11111098465846929,-0.11110996372232947
25663,61.03515625,-0.11111019870999825,2.822127709576102e-10,1.679918959228719e-5,0.00010715334955873997,0.11111019870999825,-0.11110999673333033
25664,24.4140625,-0.11111019709400893,8.52463066585453e-11,9.23289264849025e-6,2.2544582206787727e-5,0.11111019709400893,-0.1111099950406803
25665,9.765625,-0.11111036158650452,4.081585010861043e-11,6.388728363971224e-6,2.411054174570921e-5,0.11111036158650452,-0.11110999549649707
25666,3.90625,-0.11111040786571146,2.659798790101656e-11,5.1573237149723845e-6,2.6043142371192727e-5,0.11111040786571146,-0.11110999615189611
25667,1.5625,-0.11111044576176377,2.7781923462036024e-11,5.270856046415613e-6,2.5884543111859845e-5,0.11111044576176377,-0.11110999679915154
25668,0.625,-0.11111048147751088,4.133222825745637e-11,6.429014563481433e-6,2.530036417461196e-5,0.11111048147751088,-0.11110999742070417
25669,0.25,-0.1111105165249227,6.63201198392016e-11,8.143716586375143e-6,2.4766596502216148e-5,0.1111105165249227,-0.11110999802330984
25670,0.1,-0.11111055136689589,1.023262266983019e-10,1.0115642673518174e-5,2.4353324545030392e-5,0.11111055136689589,-0.11110999861249343
25671,0.1,-0.11111058545697627,1.4876041884712862e-10,1.2196738041260402e-5,2.403729798897446e-5,0.11111058545697627,-0.11110999917958725
25672,0.1,-0.11111061871022672,2.0511939529727512e-10,1.432198992100173e-5,2.3721897432291758e-5,0.11111061871022672,-0.11110999972402089
25673,0.1,-0.11111065104497823,2.7088916845873676e-10,1.6458711020573172e-5,2.340450731487298e-5,0.11111065104497823,-0.11111000024513133
25674,0.1,-0.11111068238311839,3.4554371921412336e-10,1.858880628803591e-5,2.308295105558354e-5,0.11111068238311839,-0.11111000074219331
25675,0.25,-0.11111070988109127,4.261245817268711e-10,2.064278522212715e-5,2.2759475231570598e-5,0.11111070988109127,-0.11111000113892702
25676,0.625,-0.11111072716004183,5.049543534568057e-10,2.2471189409036756e-5,2.215092211067866e-5,0.11111072716004183,-0.11111000126428631
25677,1.5625,-0.11111071862580288,5.611188496444083e-10,2.3687947349747472e-5,2.0754581909927133e-5,0.11111071862580288,-0.11111000068424619
25678,3.90625,-0.11111065273014117,5.443100198121105e-10,2.3330452627673354e-5,1.7355573236571887e-5,0.11111065273014117,-0.1111099985686501
25679,9.765625,-0.11111050326472723,3.7264336381216147e-10,1.930397274687678e-5,1.005195750964607e-5,0.11111050326472723,-0.11110999472839776
25680,24.4140625,-0.11111042388338017,7.895790947248247e-11,8.885826324685987e-6,1.321211874146397e-5,0.11111042388338017,-0.11110999407797179
25681,9.765625,-0.11111044608628377,2.2633220962974144e-11,4.7574384875659865e-6,3.117319093481679e-5,0.11111044608628377,-0.11110999534564488
25682,3.90625,-0.1111104440648519,1.0110821344480982e-11,3.179751774035354e-6,3.4124746901631954e-5,0.1111104440648519,-0.11110999657934166
25683,1.5625,-0.11111043986331934,2.2524662290834325e-11,4.746015411988706e-6,3.3742374919742546e-5,0.11111043986331934,-0.11110999769484461
25684,0.625,-0.11111043526634475,5.602948242730933e-11,7.48528439187913e-6,3.292698265343507e-5,0.11111043526634475,-0.11110999874208716
25685,0.25,-0.11111043058827828,1.0952693671823034e-10,1.0465511775265953e-5,3.226603743711241e-5,0.11111043058827828,-0.11110999975632795
25686,0.1,-0.11111042590664921,1.825109883191601e-10,1.350966277592302e-5,3.179721432636171e-5,0.11111042590664921,-0.11111000075330117
25687,0.1,-0.11111042111126655,2.740284931651769e-10,1.6553806002402498e-5,3.146160417896571e-5,0.11111042111126655,-0.11111000171714511
25688,0.1,-0.1111104161902372,3.831953734613006e-10,1.95753767131389e-5,3.110906590344714e-5,0.1111104161902372,-0.11111000264543618
25689,0.1,-0.11111041113272087,5.090919393783751e-10,2.2563065824004837e-5,3.073864912222493e-5,0.11111041113272087,-0.11111000353581124
25690,0.1,-0.11111040592900168,6.50764032704877e-10,2.5510077081515786e-5,3.0349642834829252e-5,0.11111040592900168,-0.11111000438599125
25691,0.25,-0.11111040009538993,8.026265197622982e-10,2.833066394849048e-5,2.994564119233942e-5,0.11111040009538993,-0.11111000505138795
25692,0.625,-0.1111103925967114,9.501517610920729e-10,3.082453180653476e-5,2.9119755625542057e-5,0.1111103925967114,-0.11111000520992044
25693,1.5625,-0.11111038105217787,1.0537559025869261e-9,3.246160659281863e-5,2.715156636481797e-5,0.11111038105217787,-0.1111100040488833
25694,3.90625,-0.11111036150179082,1.0179388620096272e-9,3.1905154160568277e-5,2.2280694638529396e-5,0.11111036150179082,-0.111110000031651
25695,9.765625,-0.11111033677198184,6.86457133948396e-10,2.6200326981707613e-5,1.1546364507749472e-5,0.11111033677198184,-0.11110999293890178
25696,24.4140625,-0.11111036710851581,1.2939613371714465e-10,1.1375242138835755e-5,1.8364551997629513e-5,0.11111036710851581,-0.11110999236575167
25697,9.765625,-0.1111104189006977,2.8447930934291794e-11,5.333660181741221e-6,4.355710527829805e-5,0.1111104189006977,-0.11110999494369907
25698,3.90625,-0.11111045072418482,1.0829672027510057e-11,3.290846703739033e-6,4.738390332001321e-5,0.11111045072418482,-0.11110999732530985
25699,1.5625,-0.11111047906165036,4.1352905493369235e-11,6.430622481017622e-6,4.676324158128923e-5,0.11111047906165036,-0.11110999945137823
25700,0.625,-0.11111050636226952,1.1314696376127429e-10,1.0637056160483233e-5,4.5644631302519896e-5,0.11111050636226952,-0.11111000144733053
25701,0.25,-0.11111053334722351,2.2445168789308368e-10,1.4981711781137817e-5,4.4786287153342094e-5,0.11111053334722351,-0.11111000338851083
25702,0.1,-0.11111056025787054,3.745615694616774e-10,1.9353593192523123e-5,4.4210638256039734e-5,0.11111056025787054,-0.111110005306186
25703,0.1,-0.11111058696170277,5.617889045512472e-10,2.370208650206237e-5,4.3821839355550504e-5,0.11111058696170277,-0.1111100071663355
25704,0.1,-0.111110613417708,7.845508381291122e-10,2.8009834668007452e-5,4.3397952196275805e-5,0.111110613417708,-0.11111000896285145
25705,0.1,-0.11111063958489527,1.0411619229014229e-9,3.226704081414072e-5,4.293897140281978e-5,0.11111063958489527,-0.11111001068988702
25706,0.1,-0.11111066542241797,1.329839854264446e-9,3.6466969359468935e-5,4.2445025961358623e-5,0.11111066542241797,-0.11111001234188611
25707,0.25,-0.11111068986606168,1.639319943995357e-9,4.04885161989836e-5,4.192110600260849e-5,0.11111068986606168,-0.11111001362275573
25708,0.625,-0.11111071038484131,1.940040951132052e-9,4.4045895962416884e-5,4.077213097420642e-5,0.11111071038484131,-0.11111001387420244
25709,1.5625,-0.1111107203970278,2.151173153590276e-9,4.63807411927653e-5,3.793833433888754e-5,0.1111107203970278,-0.11111001143622912
25710,3.90625,-0.11111070448742344,2.0773120684482498e-9,4.557753907845673e-5,3.0792406199269275e-5,0.11111070448742344,-0.11111000317323275
25711,9.765625,-0.11111063636745377,1.3978082967596496e-9,3.7387274529706625e-5,1.4343278942633384e-5,0.11111063636745377,-0.11110998867358349
25712,24.4140625,-0.11111051643163354,2.5479652594395506e-10,1.5962347131420086e-5,2.537128613310973e-5,0.11111051643163354,-0.11110998776609493
25713,9.765625,-0.11111047157695061,4.788258412706804e-11,6.919724281145026e-6,6.250981464330436e-5,0.11111047157695061,-0.11110999318284999
25714,3.90625,-0.1111104273236175,1.2853260585033755e-11,3.585144430149747e-6,6.806979060363626e-5,0.1111104273236175,-0.11110999812746446
25715,1.5625,-0.11111038578805142,7.750242210809261e-11,8.803545996250182e-6,6.720174464887561e-5,0.11111038578805142,-0.11111000252358406
25716,0.625,-0.11111034533595995,2.2788446757149768e-10,1.509584272478677e-5,6.562105033964791e-5,0.11111034533595995,-0.11111000664701319
25717,0.25,-0.11111030534586151,4.605562208273183e-10,2.1460573636958502e-5,6.44190562572076e-5,0.11111030534586151,-0.11111001065937864
25718,0.1,-0.11111026559385229,7.742274115970732e-10,2.7824942256850656e-5,6.36255512237016e-5,0.11111026559385229,-0.1111100146272298
25719,0.1,-0.11111022609942707,1.1655548833948007e-9,3.414022383340216e-5,6.310071258772708e-5,0.11111022609942707,-0.1111100184801957
25720,0.1,-0.11111018689093627,1.63138361918684e-9,4.039039018364195e-5,6.252237253547568e-5,0.11111018689093627,-0.1111100222050279
25721,0.1,-0.11111014799644969,2.1683291095183655e-9,4.656532088924509e-5,6.189076477219675e-5,0.11111014799644969,-0.11111002578904622
25722,0.1,-0.11111010944376497,2.7727901802522345e-9,5.265728990607316e-5,6.120627205825164e-5,0.11111010944376497,-0.11111002922019532
25723,0.25,-0.11111007186151252,3.4214186092793236e-9,5.849289366478054e-5,6.047556743941738e-5,0.11111007186151252,-0.1111100318796468
25724,0.625,-0.11111003683346647,4.052687143413019e-9,6.36607189985553e-5,5.883211531034976e-5,0.11111003683346647,-0.1111100323895269
25725,1.5625,-0.11111000878586723,4.498012268758596e-9,6.706722201462198e-5,5.472768226793633e-5,0.11111000878586723,-0.11111002727145956
25726,3.90625,-0.11110999999371224,4.3490466984726356e-9,6.594730243514616e-5,4.429973226883115e-5,0.11110999999371224,-0.11111000993795381
25727,9.765625,-0.11111004367906513,2.9327624781448427e-9,5.415498571825906e-5,1.9795878649696904e-5,0.11111004367906513,-0.11110997944687687
25728,24.4140625,-0.11111021760892208,5.359348029718945e-10,2.315026572141008e-5,3.5931546735951074e-5,0.11111021760892208,-0.11110997738917698
25729,9.765625,-0.11111033076701439,9.819697710525864e-11,9.909438788612534e-6,9.053416490919785e-5,0.11111033076701439,-0.11110998879444518
25730,3.90625,-0.11111042149989547,2.2620732594176e-11,4.756125796714801e-6,9.876717132084526e-5,0.11111042149989547,-0.11110999922260274
25731,1.5625,-0.11111050522449721,1.5746362084688415e-10,1.2548450934154548e-5,9.758713526051183e-5,0.11111050522449721,-0.11111000849864475
25732,0.625,-0.11111058673055382,4.735219936294269e-10,2.1760560508163085e-5,9.534338498461164e-5,0.11111058673055382,-0.11111001720340902
25733,0.25,-0.11111066761016027,9.637343378631985e-10,3.1044070897084335e-5,9.363787773989112e-5,0.11111066761016027,-0.11111002567863597
25734,0.1,-0.11111074842481734,1.6255788457068056e-9,4.031846779959285e-5,9.25202103667761e-5,0.11111074842481734,-0.11111003406527467
25735,0.1,-0.11111082900327156,2.452226050812773e-9,4.951995608653922e-5,9.178955128761103e-5,0.11111082900327156,-0.11111004221536687
25736,0.1,-0.11111090924959371,3.4372025636392956e-9,5.862766039711371e-5,9.09787674122012e-5,0.11111090924959371,-0.11111005010022801
25737,0.1,-0.11111098906613688,4.573530185281863e-9,6.762788023649613e-5,9.008837164418837e-5,0.11111098906613688,-0.1111100576923929
25738,0.1,-0.11111106835383548,5.853753596158479e-9,7.650982679472277e-5,8.911906070967963e-5,0.11111106835383548,-0.11111006496573268
25739,0.25,-0.11111114497695222,7.228804344026695e-9,8.502237554918526e-5,8.807999257098872e-5,0.11111114497695222,-0.1111100706114772
25740,0.625,-0.11111121367180062,8.568998058757588e-9,9.25688827779486e-5,8.570808575399799e-5,0.11111121367180062,-0.11111007171168145
25741,1.5625,-0.11111126033531961,9.518451822343225e-9,9.756255338162908e-5,7.974178807103418e-5,0.11111126033531961,-0.1111100608926005
25742,3.90625,-0.11111124999710072,9.213784537072215e-9,9.59884604370349e-5,6.45221992681477e-5,0.11111124999710072,-0.11111002415568344
25743,9.765625,-0.11111111227273618,6.226855318298157e-9,7.891042591633984e-5,2.8407686287712122e-5,0.11111111227273618,-0.11110995933387029
25744,24.4140625,-0.11111085184349109,1.0674129747670477e-10,1.0331568006682469e-5,5.008163044673801e-5,0.11111085184349109,-0.1111100003436816
25745,9.765625,-0.11111014800104084,1.1305505948108167e-10,1.0632735277485359e-5,2.781566068119018e-5,0.11111014800104084,-0.11110999959211532
25746,3.90625,-0.11110989120380178,1.2809891548280152e-10,1.1318079142805174e-5,1.8512710401009498e-5,0.11110989120380178,-0.11110999931250788
25747,1.5625,-0.11110968553016193,1.4689917608342243e-10,1.2120197031542946e-5,1.4636896829225112e-5,0.11110968553016193,-0.11110999925904501
25748,3.90625,-0.11110964503450434,1.4520046904857135e-10,1.2049915727861807e-5,1.2926672427948034e-5,0.11110964503450434,-0.11110999876440941
25749,9.765625,-0.11110998883127701,9.586519156306828e-11,9.791077140083632e-6,9.335898965545938e-6,0.11110998883127701,-0.11110999779738995
25750,24.4140625,-0.11111058362990647,1.6811724238703834e-11,4.100210267620897e-6,9.027796513485246e-6,0.11111058362990647,-0.11110999774309671
25751,9.765625,-0.11111028741739783,3.560669182634598e-12,1.886973551122166e-6,1.6862167801997377e-5,0.11111028741739783,-0.11110999812623866
25752,3.90625,-0.11111018708679062,1.9251793209686142e-12,1.3875083138376557e-6,1.7924310518837975e-5,0.11111018708679062,-0.11110999846343438
25753,1.5625,-0.11111010956779739,6.5883980613859805e-12,2.5667874982915863e-6,1.7561233605846117e-5,0.11111010956779739,-0.11110999876267683
25754,0.625,-0.11111003779776842,1.6629918952064014e-11,4.077979763567251e-6,1.7084704231939234e-5,0.11111003779776842,-0.11110999904290789
25755,0.25,-0.11110996774161769,3.180609009589109e-11,5.639688829704268e-6,1.6728170249000075e-5,0.11110996774161769,-0.11110999931460575
25756,0.1,-0.11110989821237427,5.201036438017129e-11,7.211821155586936e-6,1.6485881316122537e-5,0.11110989821237427,-0.11110999958208384
25757,0.1,-0.111109831029772,7.69851072932372e-11,8.774115755632428e-6,1.6318628671137892e-5,0.111109831029772,-0.11110999984081035
25758,0.1,-0.11110976642757286,1.0650100878193836e-10,1.0319932595804024e-5,1.614498849385608e-5,0.11110976642757286,-0.11111000009023564
25759,0.1,-0.11110970462885113,1.403187801443835e-10,1.1845622826360103e-5,1.5964175096315832e-5,0.11110970462885113,-0.11111000032981184
25760,0.1,-0.11110964584531453,1.781895111246674e-10,1.3348764404418388e-5,1.577557708865701e-5,0.11110964584531453,-0.1111100005590006
25761,0.25,-0.11110959857893214,2.1850587113835697e-10,1.4781944091977787e-5,1.5580773013360807e-5,0.11110959857893214,-0.11111000073863447
25762,0.625,-0.11110958171265153,2.5710531399475896e-10,1.6034503858702925e-5,1.517138005997583e-5,0.11110958171265153,-0.11111000078240747
25763,1.5625,-0.11110964147778264,2.828104691088868e-10,1.6816969676754693e-5,1.4185550747329736e-5,0.11110964147778264,-0.1111100004751629
25764,3.90625,-0.11110987314098185,2.696300039129746e-10,1.6420414243038287e-5,1.1777898345608142e-5,0.11110987314098185,-0.11110999942207139
25765,9.765625,-0.11111036816111712,1.787134547493856e-10,1.3368375172375498e-5,6.933523944497853e-6,0.11111036816111712,-0.11110999760408033
25766,24.4140625,-0.11111068927980189,3.3601235468096017e-11,5.7966572667439996e-6,1.0542678994966465e-5,0.11111068927980189,-0.11110999750572925
25767,9.765625,-0.11111049015407484,7.1756257804669e-12,2.6787358549261442e-6,2.2810182959694612e-5,0.11111049015407484,-0.11110999820699062
25768,3.90625,-0.11111041127167963,2.8662707046293216e-12,1.6930064100969381e-6,2.4718083198119492e-5,0.11111041127167963,-0.11110999885209383
25769,1.5625,-0.11111034873886469,1.1231587847521932e-11,3.3513561206654734e-6,2.4398954418717008e-5,0.11111034873886469,-0.1111099994297168
25770,0.625,-0.11111029066692903,3.0506387512633586e-11,5.523258776540674e-6,2.384042327137935e-5,0.11111029066692903,-0.11110999997374103
25771,0.25,-0.11111023403197245,6.02636584801658e-11,7.76296711832311e-6,2.341959472299771e-5,0.11111023403197245,-0.11111000050418209
25772,0.1,-0.11111017788671386,1.0035021684261363e-10,1.0017495537439168e-5,2.314451975242674e-5,0.11111017788671386,-0.11111000102929414
25773,0.1,-0.11111012273638325,1.503448933886395e-10,1.2261520843216778e-5,2.2965110608330666e-5,0.11111012273638325,-0.11111000153992229
25774,0.1,-0.11111006871955968,2.0985335901431584e-10,1.4486316267923873e-5,2.2767832620327296e-5,0.11111006871955968,-0.11111000203441533
25775,0.1,-0.11111001597064411,2.7845181201330354e-10,1.6686875441894554e-5,2.255261566767222e-5,0.11111001597064411,-0.1111100025111843
25776,0.1,-0.11110996461945812,3.556883952079443e-10,1.8859702945909414e-5,2.231946972164726e-5,0.11110996461945812,-0.11111000296870958
25777,0.25,-0.11110991851328006,4.385521500158566e-10,2.09416367558951e-5,2.2070328733239672e-5,0.11110991851328006,-0.11111000332771602
25778,0.625,-0.11110988658863562,5.190906737108098e-10,2.2783561479953256e-5,2.1501025408383693e-5,0.11110988658863562,-0.11111000341187606
25779,1.5625,-0.11110989138397064,5.755304795736569e-10,2.3990216330280494e-5,2.0071441871677236e-5,0.11110989138397064,-0.1111100027767516
25780,3.90625,-0.11110998191421993,5.553799057513791e-10,2.356649964995606e-5,1.646491065025036e-5,0.11110998191421993,-0.1111100005847217
25781,9.765625,-0.11111021892806268,3.733390564569086e-10,1.9321983760911007e-5,8.521386600947975e-6,0.11111021892806268,-0.11110999673185712
25782,24.4140625,-0.11111045053753084,6.860064952604071e-11,8.28255090693928e-6,1.4002444331656061e-5,0.11111045053753084,-0.11110999650772786
25783,9.765625,-0.11111040088873196,1.3057218078193918e-11,3.613477283475561e-6,3.281339603242054e-5,0.11111040088873196,-0.1111099979851954
25784,3.90625,-0.11111040239562044,3.715558978806359e-12,1.9275785272736252e-6,3.570977164467542e-5,0.11111040239562044,-0.11110999934039012
25785,1.5625,-0.11111040884482283,2.1292675120982636e-11,4.614398673823344e-6,3.530050797132351e-5,0.11111040884482283,-0.11111000055114051
25786,0.625,-0.111110416435677,6.213397705724978e-11,7.882510834578648e-6,3.452351371540542e-5,0.111110416435677,-0.11111000169115326
25787,0.25,-0.11111042437425,1.2539544144373473e-10,1.1198010602054935e-5,3.3940597227438724e-5,0.11111042437425,-0.1111100028037704
25788,0.1,-0.11111043244073825,2.108070989780287e-10,1.4519197601039414e-5,3.356703325733875e-5,0.11111043244073825,-0.11111000390681147
25789,0.1,-0.11111044088113631,3.1753706521780656e-10,1.781956972594475e-5,3.333061396239595e-5,0.11111044088113631,-0.11111000498093224
25790,0.1,-0.11111044972917818,4.4479762294453463e-10,2.1090225767983962e-5,3.306499204617941e-5,0.11111044972917818,-0.11111000602233868
25791,0.1,-0.11111045901611499,5.917323300816893e-10,2.4325548916349025e-5,3.2770370558364144e-5,0.11111045901611499,-0.11111000702738807
25792,0.1,-0.11111046877059229,7.574195464300202e-10,2.752125626547633e-5,3.244701589673208e-5,0.11111046877059229,-0.11111000799260418
25793,0.25,-0.11111048021625415,9.355524171350808e-10,3.05868013550793e-5,3.209761023934945e-5,0.11111048021625415,-0.11111000874846527
25794,0.625,-0.11111049603701373,1.1093823875429576e-9,3.330739238581966e-5,3.127165201379558e-5,0.11111049603701373,-0.1111100089167716
25795,1.5625,-0.11111052259286074,1.2328609003408217e-9,3.511211899531017e-5,2.916318031144244e-5,0.11111052259286074,-0.11111000754120512
25796,3.90625,-0.11111057156198534,1.1941941816527422e-9,3.455711477616067e-5,2.377303037450018e-5,0.11111057156198534,-0.11111000280386041
25797,9.765625,-0.11111064375011165,8.083908709418685e-10,2.8432215371684782e-5,1.1315727873736621e-5,0.11111064375011165,-0.11110999440964546
25798,24.4140625,-0.11111061661195473,1.5057964183512538e-10,1.2271089675946688e-5,1.930503650992021e-5,0.11111061661195473,-0.11110999375990159
25799,9.765625,-0.11111051188062925,2.8316060700179753e-11,5.321283745505379e-6,4.792933421454616e-5,0.11111051188062925,-0.11110999693361182
25800,3.90625,-0.11111044441380681,6.258584212321655e-12,2.5017162533592124e-6,5.239169312326821e-5,0.11111044441380681,-0.11110999986407409
25801,1.5625,-0.11111038423783347,4.2758442599492934e-11,6.538994005158051e-6,5.1869013847132805e-5,0.11111038423783347,-0.11111000248449049
25802,0.625,-0.11111032633877137,1.2988010988148882e-10,1.1396495508773248e-5,5.076224498687489e-5,0.11111032633877137,-0.11111000495171486
25803,0.25,-0.11111026925387243,2.6581244999107626e-10,1.630375570201775e-5,4.992525545463044e-5,0.11111026925387243,-0.11111000735975249
25804,0.1,-0.11111021249755741,4.500026072304007e-10,2.1213264888517294e-5,4.939043041758766e-5,0.11111021249755741,-0.1111100097476311
25805,0.1,-0.11111015624133068,6.807081487954361e-10,2.6090384220923922e-5,4.905499156341867e-5,0.11111015624133068,-0.1111100120741864
25806,0.1,-0.11111010055273314,9.562676072327024e-10,3.092357688290121e-5,4.867553862579922e-5,0.11111010055273314,-0.11111001433103201
25807,0.1,-0.11111004549786761,1.274866788724469e-9,3.570527676302858e-5,4.8252411981588084e-5,0.11111004549786761,-0.1111100165101096
25808,0.1,-0.11110999114128045,1.634546439177632e-9,4.0429524350128484e-5,4.7786033407415546e-5,0.11110999114128045,-0.11111001860372183
25809,0.25,-0.11110993921332413,2.0217806448862113e-9,4.4964215159237586e-5,4.728012066004249e-5,0.11110993921332413,-0.11111002024503339
25810,0.625,-0.11110989384108294,2.400545368116378e-9,4.899536067952126e-5,4.606910131191697e-5,0.11110989384108294,-0.11111002061370458
25811,1.5625,-0.11110986580571622,2.671610956209987e-9,5.1687628657252084e-5,4.295811781427627e-5,0.11110986580571622,-0.11111001763153956
25812,3.90625,-0.11110988085099734,2.593460345264833e-9,5.092602817091505e-5,3.496381394804697e-5,0.11110988085099734,-0.11111000732929349
25813,9.765625,-0.11110998670031896,1.7637577807292118e-9,4.1997116338258415e-5,1.6113817582736074e-5,0.11110998670031896,-0.11110998896429412
25814,24.4140625,-0.11111020749340818,3.3411159186675236e-10,1.8278719645170783e-5,2.7543405304194595e-5,0.11111020749340818,-0.11110998724526101
25815,9.765625,-0.11111029634449435,6.37499928040085e-11,7.984359260705176e-6,7.049792337614021e-5,0.11111029634449435,-0.11110999412220418
25816,3.90625,-0.11111037959156617,1.2511034094241849e-11,3.5370940182926788e-6,7.728886935607774e-5,0.11111037959156617,-0.11111000051474723
25817,1.5625,-0.11111045814511994,8.939370972892495e-11,9.454824679967627e-6,7.659992741279665e-5,0.11111045814511994,-0.11111000623910089
25818,0.625,-0.11111053505038043,2.770043792352543e-10,1.6643448537945924e-5,7.500206017569116e-5,0.11111053505038043,-0.11111001163001329
25819,0.25,-0.11111061145722416,5.713860989988251e-10,2.3903683795574794e-5,7.378434790565408e-5,0.11111061145722416,-0.11111001689167539
25820,0.1,-0.11111068778775939,9.713563648211698e-10,3.1166590522884755e-5,7.300565068478196e-5,0.11111068778775939,-0.11111002210953444
25821,0.1,-0.11111076400178967,1.4731895393265358e-9,3.838215131186025e-5,7.251839864472517e-5,0.11111076400178967,-0.11111002719492585
25822,0.1,-0.111110840032224,2.07331571791258e-9,4.5533676744938794e-5,7.196546040514908e-5,0.111110840032224,-0.11111003212937426
25823,0.1,-0.11111091581036807,2.7678283719636556e-9,5.261015464683273e-5,7.134736333426665e-5,0.11111091581036807,-0.11111003689511958
25824,0.1,-0.11111099126608844,3.552501001888032e-9,5.960286068544053e-5,7.066474638561214e-5,0.11111099126608844,-0.11111004147518797
25825,0.25,-0.11111106506990771,4.3980774513352935e-9,6.631800246792189e-5,6.992294522212625e-5,0.11111106506990771,-0.1111100450709378
25826,0.625,-0.11111113383463829,5.226508371036907e-9,7.229459434174112e-5,6.813882696395951e-5,0.11111113383463829,-0.11111004589357533
25827,1.5625,-0.11111118820095457,5.8225456086512605e-9,7.630560666590143e-5,6.354388100260954e-5,0.11111118820095457,-0.11111003940535152
25828,3.90625,-0.11111120344271828,5.661318826980974e-9,7.524173593811465e-5,5.170658291985523e-5,0.11111120344271828,-0.11111001690858134
25829,9.765625,-0.1111111207815917,3.86391587975947e-9,6.216040443690396e-5,2.349402782891047e-5,0.1111111207815917,-0.11110997661179127
25830,24.4140625,-0.11111083582650172,7.412201827189513e-10,2.7225359184388207e-5,3.9870432785237304e-5,0.11111083582650172,-0.11110997236385875
25831,9.765625,-0.11111066219356563,1.4246578745293516e-10,1.1935903294386025e-5,0.00010413031365124557,0.11111066219356563,-0.11110998738491507
25832,3.90625,-0.111110519257483,2.473151981879076e-11,4.973079510604145e-6,0.00011440524186676564,0.111110519257483,-0.11111000142000148
25833,1.5625,-0.11111038685043202,1.8835807714258883e-10,1.372436071890377e-5,0.00011348005235379104,0.11111038685043202,-0.11111001400252937
25834,0.625,-0.11111025824932504,5.950467651400702e-10,2.4393580408379377e-5,0.00011115665558303127,0.11111025824932504,-0.11111002585414702
25835,0.25,-0.11111013120862911,1.2360742080487275e-9,3.515784703375233e-5,0.00010937437735712392,0.11111013120862911,-0.11111003742122051
25836,0.1,-0.11111000494705608,2.1088515199702727e-9,4.5922233394841246e-5,0.00010823313901806468,0.11111000494705608,-0.11111004889176199
25837,0.1,-0.11110987956133757,3.2053229943254314e-9,5.661557201270187e-5,0.00010751964214367458,0.11110987956133757,-0.11111006007378219
25838,0.1,-0.11110975514545222,4.517740309405397e-9,6.721413771971933e-5,0.00010670870381922878,0.11110975514545222,-0.11111007092663173
25839,0.1,-0.11110963179113381,6.037617306141155e-9,7.770210618857866e-5,0.00010580109058166798,0.11110963179113381,-0.11111008141121566
25840,0.1,-0.11110950958785071,7.755765994211476e-9,8.806682686580387e-5,0.00010479773159605425,0.11110950958785071,-0.1111100914901472
25841,0.25,-0.11110939073260218,9.608603004702179e-9,9.802348190460375e-5,0.00010370632502749708,0.11110939073260218,-0.11111009941759256
25842,0.625,-0.11110928063773239,1.1426318927425693e-8,0.00010689396113637895,0.00010107411170647217,0.11110928063773239,-0.11111010127826516
25843,1.5625,-0.11110919399867271,1.2740200480054897e-8,0.00011287249656162876,9.428451390254779e-5,0.11110919399867271,-0.11111008712822779
25844,3.90625,-0.11110916930715835,1.2405582242741194e-8,0.00011138034944612625,7.676778194794124e-5,0.11110916930715835,-0.11111003784493315
25845,9.765625,-0.11110929963406153,8.496859830325826e-9,9.217841303866012e-5,3.4779118914751486e-5,0.11110929963406153,-0.11110994914144268
25846,24.4140625,-0.11110994206519377,1.376725359719719e-10,1.1733394051678819e-5,5.684565403182494e-5,0.11110994206519377,-0.11111000348633972
25847,9.765625,-0.1111107146538542,1.460025250477114e-10,1.2083150460360551e-5,3.134438471095072e-5,0.1111107146538542,-0.11111000249498097
25848,3.90625,-0.11111100273980495,1.6555459162204115e-10,1.2866801918971208e-5,2.066129728168382e-5,0.11111100273980495,-0.11111000211626734
25849,1.5625,-0.11111123410631565,1.8999046080540458e-10,1.3783702724790774e-5,1.6198051002609918e-5,0.11111123410631565,-0.11111000203135311
25850,3.90625,-0.11111128704708773,1.8829434265043028e-10,1.372203857487765e-5,1.4241204180086907e-5,0.11111128704708773,-0.1111100013752753
25851,9.765625,-0.11111092210292142,1.254568236735815e-10,1.1200751031675577e-5,1.0019740553467317e-5,0.11111092210292142,-0.11111000009442669
25852,24.4140625,-0.11111027465837825,2.232225084545044e-11,4.724642933116792e-6,9.66342719793492e-6,0.11111027465837825,-0.1111099999913238
25853,9.765625,-0.11111060105647529,4.61046049145263e-12,2.147198288806283e-6,1.9062132039983946e-5,0.11111060105647529,-0.11111000048405402
25854,3.90625,-0.11111071214532037,2.1267493647306117e-12,1.4583378774243683e-6,2.041846783436471e-5,0.11111071214532037,-0.11111000092322566
25855,1.5625,-0.11111079835581779,8.029897108317633e-12,2.8337073081596893e-6,2.0069432330217613e-5,0.11111079835581779,-0.11111000131417628
25856,0.625,-0.1111108783108845,2.112423795091854e-11,4.59611117695368e-6,1.956406008779024e-5,0.1111108783108845,-0.11111000168115127
25857,0.25,-0.11111095641306346,4.1108621841837076e-11,6.411600567864243e-6,1.9186035230625257e-5,0.11111095641306346,-0.11111000203787785
25858,0.1,-0.11111103395680698,6.786354319118822e-11,8.237933186861145e-6,1.893410223826891e-5,0.11111103395680698,-0.11111000239000943
25859,0.1,-0.11111110892423047,1.01075285306943e-10,1.0053620507406423e-5,1.8764935874117137e-5,0.11111110892423047,-0.11111000273151866
25860,0.1,-0.11111118105793705,1.4046096239775406e-10,1.1851622774867333e-5,1.858519210405867e-5,0.11111118105793705,-0.1111100030615072
25861,0.1,-0.11111125011212424,1.8572148386447942e-10,1.3627966974735425e-5,1.83943268613475e-5,0.11111125011212424,-0.11111000337909553
25862,0.1,-0.11111131585333427,2.365422719077375e-10,1.5379930816090736e-5,1.8191938560486694e-5,0.11111131585333427,-0.11111000368343125
25863,0.25,-0.11111136889465915,2.908361882243864e-10,1.7053920025155107e-5,1.7979742095479148e-5,0.11111136889465915,-0.11111000392217019
25864,0.625,-0.11111138838987808,3.4315609633771045e-10,1.8524472903100655e-5,1.751379528878857e-5,0.11111138838987808,-0.11111000397946251
25865,1.5625,-0.11111132328701934,3.7878666792723143e-10,1.9462442496439942e-5,1.6366096438951547e-5,0.11111132328701934,-0.11111000356512668
25866,3.90625,-0.11111106827189896,3.6315909985927945e-10,1.9056733714340435e-5,1.3516013351402173e-5,0.11111106827189896,-0.11111000213978416
25867,9.765625,-0.11111052137528571,2.431226243730986e-10,1.559238995064896e-5,7.504558283842795e-6,0.11111052137528571,-0.11110999964772743
25868,24.4140625,-0.11111016023156788,4.618513064523481e-11,6.795964291050594e-6,1.1595821015523243e-5,0.11111016023156788,-0.11110999946179394
25869,9.765625,-0.1111103736132009,9.172278266879582e-12,3.0285769375862952e-6,2.6529085559876488e-5,0.1111103736132009,-0.11111000042369376
25870,3.90625,-0.11111045656379144,2.561842690877178e-12,1.6005757373136637e-6,2.8910677856847218e-5,0.11111045656379144,-0.11111000131358983
25871,1.5625,-0.11111052183171267,1.347583453030279e-11,3.6709446373246753e-6,2.8598759732560648e-5,0.11111052183171267,-0.1111100021105589
25872,0.625,-0.11111058230642692,3.948904380964718e-11,6.284030856834424e-6,2.7975008472841263e-5,0.11111058230642692,-0.1111100028609666
25873,0.25,-0.11111064126293858,8.00270760106516e-11,8.945785376961131e-6,2.7500658651770624e-5,0.11111064126293858,-0.11111000359272764
25874,0.1,-0.11111069972749547,1.3489730436369577e-10,1.1614529881303666e-5,2.7192324209592414e-5,0.11111069972749547,-0.11111000431748201
25875,0.1,-0.11111075715262403,2.035529499659214e-10,1.426719839232361e-5,2.6993875037706665e-5,0.11111075715262403,-0.11111000502298116
25876,0.1,-0.11111081338656503,2.8547569711638516e-10,1.689602607468351e-5,2.6773367223893806e-5,0.11111081338656503,-0.1111100057068574
25877,0.1,-0.11111086828180218,3.801045780407912e-10,1.9496270875241533e-5,2.653078454882627e-5,0.11111086828180218,-0.11111000636683002
25878,0.1,-0.11111092169551069,4.868379681216007e-10,2.2064405002664375e-5,2.626619003591205e-5,0.11111092169551069,-0.11111000700071526
25879,0.25,-0.11111096944267371,6.016131123901505e-10,2.452780284473419e-5,2.598164870539288e-5,0.11111096944267371,-0.1111100074995178
25880,0.625,-0.11111100179257472,7.136468625652633e-10,2.671416969634773e-5,2.5318694475219062e-5,0.11111100179257472,-0.11111000761985178
25881,1.5625,-0.11111099420038063,7.933143277375256e-10,2.816583618033602e-5,2.3637190203263683e-5,0.11111099420038063,-0.11111000674608029
25882,3.90625,-0.11111089336385696,7.688216838393144e-10,2.772763393871382e-5,1.935971651532962e-5,0.11111089336385696,-0.11111000370674123
25883,9.765625,-0.11111063402826905,5.217734163646541e-10,2.2842360131226678e-5,9.652575549994234e-6,0.11111063402826905,-0.11110999829735681
25884,24.4140625,-0.11111038697656539,9.907780475709894e-11,9.953783439330943e-6,1.574002387810601e-5,0.11111038697656539,-0.11110999781737001
25885,9.765625,-0.11111044492633021,1.9056873078717752e-11,4.3654178584320825e-6,3.8636511861239396e-5,0.11111044492633021,-0.11110999987306477
25886,3.90625,-0.11111044608774544,4.02507832676225e-12,2.0062597854620547e-6,4.228705114851624e-5,0.11111044608774544,-0.111110001783961
25887,1.5625,-0.11111044173061699,2.694355075540074e-11,5.190717749541073e-6,4.190078312521277e-5,0.11111044173061699,-0.11111000349661551
25888,0.625,-0.1111104361358093,8.264903771835606e-11,9.091151616729096e-6,4.102746092863822e-5,0.1111104361358093,-0.11111000511028761
25889,0.25,-0.11111043021647492,1.6995842980831313e-10,1.3036810568858977e-5,4.036247205552933e-5,0.11111043021647492,-0.11111000668543293
25890,0.1,-0.11111042423076467,2.88511030474805e-10,1.6985612455098726e-5,3.99364467809057e-5,0.11111042423076467,-0.11111000824733681
25891,0.1,-0.11111041790495683,4.3719404292333324e-10,2.0909185611193308e-5,3.9668934276992935e-5,0.11111041790495683,-0.11111000976968136
25892,0.1,-0.11111041119642968,6.149425552717826e-10,2.4798035310721343e-5,3.936631036347822e-5,0.11111041119642968,-0.11111001124704281
25893,0.1,-0.11111040406478685,8.205933989721675e-10,2.8646001448233006e-5,3.9028808779240716e-5,0.11111040406478685,-0.11111001267420507
25894,0.1,-0.11111039647202899,1.0528899431724496e-9,3.244826564197923e-5,3.865673486663757e-5,0.11111039647202899,-0.11111001404617944
25895,0.25,-0.11111038698794554,1.3031704194659808e-9,3.609945178899509e-5,3.825295823605428e-5,0.11111038698794554,-0.11111001512639894
25896,0.625,-0.1111103724381396,1.5483416653584599e-9,3.934897286281384e-5,3.728573828361526e-5,0.1111103724381396,-0.1111100153851647
25897,1.5625,-0.1111103452221007,1.7247362965565874e-9,4.152994457685427e-5,3.480016109117449e-5,0.1111103452221007,-0.11111001347877028
25898,3.90625,-0.1111102910520501,1.6771375176471614e-9,4.095286946780606e-5,2.841463909852509e-5,0.1111102910520501,-0.11111000683078898
25899,9.765625,-0.11111020684657255,1.1456017960857346e-9,3.384673981472565e-5,1.342271422253383e-5,0.11111020684657255,-0.11110999490163474
25900,24.4140625,-0.11111023098133455,2.211214279821732e-10,1.4870152251479243e-5,2.212552932911975e-5,0.11111023098133455,-0.11110999361985734
25901,9.765625,-0.11111035253345712,4.2946756848747214e-11,6.553377514591023e-6,5.691026457026721e-5,0.11111035253345712,-0.1111099980933149
25902,3.90625,-0.11111043101375048,7.544765155305961e-12,2.7467735901063927e-6,6.252530831836154e-5,0.11111043101375048,-0.11111000228391729
25903,1.5625,-0.11111050102905662,5.572855161437565e-11,7.46515583322784e-6,6.204003108551224e-5,0.11111050102905662,-0.11111000604575387
25904,0.625,-0.11111056851543966,1.7614195891570572e-10,1.3271848360936985e-5,6.078746253129931e-5,0.11111056851543966,-0.11111000959134106
25905,0.25,-0.11111063521852511,3.6621033578856696e-10,1.913662289403663e-5,5.982576208035427e-5,0.11111063521852511,-0.11111001305287013
25906,0.1,-0.11111070172267083,6.251836440030737e-10,2.5003672610300146e-5,5.921109310657744e-5,0.11111070172267083,-0.1111100164861514
25907,0.1,-0.11111076779917317,9.50697079387829e-10,3.083337606211537e-5,5.882828686069069e-5,0.11111076779917317,-0.11111001983428417
25908,0.1,-0.11111083335683876,1.3404730469159619e-9,3.661247119378808e-5,5.839249640824773e-5,0.11111083335683876,-0.11111002308516216
25909,0.1,-0.11111089830485364,1.7920133991246995e-9,4.233217923902217e-5,5.790410548306442e-5,0.11111089830485364,-0.1111100262271336
25910,0.1,-0.11111096255302798,2.302609940887893e-9,4.798551803292211e-5,5.7363592671533235e-5,0.11111096255302798,-0.11111002924904573
25911,0.25,-0.11111102385929798,2.8534310025778555e-9,5.341751587801379e-5,5.677495769475257e-5,0.11111102385929798,-0.11111003163230561
25912,0.625,-0.11111107684260949,3.394131266550153e-9,5.8259173239500686e-5,5.534896740675566e-5,0.11111107684260949,-0.11111003221330289
25913,1.5625,-0.11111110742163313,3.785670594212236e-9,6.152780342424258e-5,5.1664339609354214e-5,0.11111110742163313,-0.11111002803536597
25914,3.90625,-0.11111108217353034,3.688313754955548e-9,6.07314889901075e-5,4.2159621482177225e-5,0.11111108217353034,-0.11111001340578497
25915,9.765625,-0.11111094149183157,2.5298104576666277e-9,5.0297221172412975e-5,1.9523464475867008e-5,0.11111094149183157,-0.11110998700798913
25916,24.4140625,-0.11111067153800933,4.958499794360525e-10,2.226768913551769e-5,3.194166366350987e-5,0.11111067153800933,-0.11110998379025099
25917,9.765625,-0.11111057283375594,9.778246107530887e-11,9.888501457516647e-6,8.42895991617954e-5,0.11111057283375594,-0.11110999360973656
25918,3.90625,-0.11111047682434251,1.5468605303743208e-11,3.933014785599364e-6,9.284571990284034e-5,0.11111047682434251,-0.11111000286832874
25919,1.5625,-0.1111103862172017,1.1809336259327073e-10,1.086707700319045e-5,9.221656335576518e-5,0.1111103862172017,-0.11111001119230528
25920,0.625,-0.1111102977878077,3.804745330525456e-10,1.9505756408110545e-5,9.039730094990329e-5,0.1111102977878077,-0.11111001904023518
25921,0.25,-0.11111021029715108,7.969071730762048e-10,2.8229544329942784e-5,8.898959266196653e-5,0.11111021029715108,-0.11111002670245618
25922,0.1,-0.11111012329579834,1.3657518924174512e-9,3.6956080587874186e-5,8.808897547716023e-5,0.11111012329579834,-0.11111003430247009
25923,0.1,-0.11111003678097296,2.0818776050881045e-9,4.56275969681519e-5,8.752918769930515e-5,0.11111003678097296,-0.11111004171624217
25924,0.1,-0.11110995080508257,2.9403208274587752e-9,5.4224725240970795e-5,8.689016045993988e-5,0.11110995080508257,-0.11111004891685775
25925,0.1,-0.1111098654198474,3.9356291876003556e-9,6.273459322893833e-5,8.617249463341078e-5,0.1111098654198474,-0.11111005587840202
25926,0.1,-0.11110978067631762,5.061884506178491e-9,7.11469219726229e-5,8.537692243346768e-5,0.11110978067631762,-0.11111006257605986
25927,0.25,-0.11110969768325246,6.277890205817324e-9,7.923313830599747e-5,8.450923481064699e-5,0.11110969768325246,-0.11111006786805334
25928,0.625,-0.11110961927014476,7.473363016703298e-9,8.644861489175693e-5,8.239860638455023e-5,0.11110961927014476,-0.11111006918877989
25929,1.5625,-0.11110955341794619,8.34341570765823e-9,9.134229966263292e-5,7.693322398241694e-5,0.11110955341794619,-0.1111100600106644
25930,3.90625,-0.1111095226735349,8.14177285481504e-9,9.023177297834195e-5,6.280730307398504e-5,0.1111095226735349,-0.11111002772131338
25931,9.765625,-0.11110959069775769,5.604991360689277e-9,7.486649023888643e-5,2.8910033497127736e-5,0.11110959069775769,-0.11110996916263578
25932,24.4140625,-0.11111019122073211,8.810131484482953e-11,9.386230065624298e-6,4.558983863406014e-5,0.11111019122073211,-0.11111000456809797
25933,9.765625,-0.11111063085127015,9.402606112285601e-11,9.696703621481685e-6,2.5084865492253362e-5,0.11111063085127015,-0.11111000392023311
25934,3.90625,-0.11111078541538937,1.0632715642020188e-10,1.0311506020955516e-5,1.660127697669022e-5,0.11111078541538937,-0.11111000367929728
25935,1.5625,-0.11111090920034418,1.216100740735045e-10,1.1027695773528779e-5,1.3118785306102863e-5,0.11111090920034418,-0.11111000362962468
25936,3.90625,-0.11111093045485713,1.2053106376425514e-10,1.097866402456397e-5,1.1616528453952003e-5,0.11111093045485713,-0.11111000321667426
25937,9.765625,-0.11111071633101532,8.115408521514867e-11,9.008556222566892e-6,8.436895945473736e-6,0.11111071633101532,-0.11111000239802414
25938,24.4140625,-0.11111036279129685,1.480162285145213e-11,3.84728772662666e-6,8.228651258822944e-6,0.11111036279129685,-0.11111000232743577
25939,9.765625,-0.11111054086192346,3.2405759741800213e-12,1.800159985717942e-6,1.5570753487460578e-5,0.11111054086192346,-0.1111100026502311
25940,3.90625,-0.11111059436064778,1.3798457270062787e-12,1.1746683476651095e-6,1.671915687075565e-5,0.11111059436064778,-0.11111000294490736
25941,1.5625,-0.11111063443794884,4.953634706000493e-12,2.225676235664229e-6,1.6481244386120902e-5,0.11111063443794884,-0.11111000320957067
25942,0.625,-0.11111067122250018,1.3185768317905195e-11,3.6312213259322536e-6,1.6100285409872184e-5,0.11111067122250018,-0.11111000345895924
25943,0.25,-0.11111070704831912,2.5880829279146766e-11,5.087320441956332e-6,1.5811503062229983e-5,0.11111070704831912,-0.11111000370176817
25944,0.1,-0.11111074259103176,4.2963254365325724e-11,6.554636097093852e-6,1.561856829085069e-5,0.11111074259103176,-0.11111000394163936
25945,0.1,-0.11111077669976689,6.42417161214341e-11,8.01509302013608e-6,1.5489217363181582e-5,0.11111077669976689,-0.11111000417476617
25946,0.1,-0.11111080923606147,8.954069251294862e-11,9.462594385946627e-6,1.5351367704399504e-5,0.11111080923606147,-0.111110004400554
25947,0.1,-0.11111084006815787,1.1867395969638093e-10,1.0893757831730102e-5,1.5204610193367116e-5,0.11111084006815787,-0.11111000461841891
25948,0.1,-0.11111086907142803,1.5144501110968994e-10,1.2306299651385462e-5,1.5048645958530891e-5,0.11111086907142803,-0.11111000482779412
25949,0.25,-0.11111089105593172,1.8655670377469049e-10,1.365857619866326e-5,1.4884734467505249e-5,0.11111089105593172,-0.11111000499504906
25950,0.625,-0.1111108945557432,2.2060441910795332e-10,1.485275796301661e-5,1.4522430528067187e-5,0.1111108945557432,-0.11111000504543835
25951,1.5625,-0.1111108516577915,2.4432701501913896e-10,1.563096334264587e-5,1.362732165505174e-5,0.1111108516577915,-0.11111000479073842
25952,3.90625,-0.11111070569149921,2.356550210958121e-10,1.5351059282532008e-5,1.1405861519001048e-5,0.11111070569149921,-0.11111000387615745
25953,9.765625,-0.11111040757337755,1.5940202722963997e-10,1.2625451565375394e-5,6.785941670242229e-6,0.11111040757337755,-0.11111000224589707
25954,24.4140625,-0.11111024590141039,3.1027549100585727e-11,5.570237795694698e-6,9.672687512286242e-6,0.11111024590141039,-0.11111000209725767
25955,9.765625,-0.11111037800756592,6.5619122659010205e-12,2.5616229749713404e-6,2.166299105668837e-5,0.11111037800756592,-0.11111000273079256
25956,3.90625,-0.111110434927984,1.912036649178274e-12,1.3827641336027899e-6,2.3634916826857375e-5,0.111110434927984,-0.11111000332467796
25957,1.5625,-0.11111048139133443,8.76609294160095e-12,2.960758845566614e-6,2.3417602620573386e-5,0.11111048139133443,-0.11111000385967236
25958,0.625,-0.1111105249757501,2.55392089655842e-11,5.0536332440714575e-6,2.293520417756884e-5,0.1111105249757501,-0.1111100043647701
25959,0.25,-0.11111056764149595,5.185959955291826e-11,7.2013609514395446e-6,2.2565800974450067e-5,0.11111056764149595,-0.11111000485792558
25960,0.1,-0.11111061000858569,8.760737254593715e-11,9.359881011312972e-6,2.232636484898652e-5,0.11111061000858569,-0.11111000534669968
25961,0.1,-0.11111065176168067,1.3243644811735473e-10,1.1508103584750822e-5,2.2173464249998334e-5,0.11111065176168067,-0.11111000582312547
25962,0.1,-0.11111069280908792,1.8601692060318967e-10,1.3638802022288823e-5,2.2002551099121592e-5,0.11111069280908792,-0.11111000628561944
25963,0.1,-0.11111073306145121,2.4799033356208706e-10,1.574770883532227e-5,2.181364655816324e-5,0.11111073306145121,-0.11111000673265531
25964,0.1,-0.11111077243202984,3.179709811793388e-10,1.7831740834235418e-5,2.160683136001007e-5,0.11111077243202984,-0.11111000716277121
25965,0.25,-0.11111080842815396,3.9333258083245807e-10,1.9832614069568793e-5,2.1383659307645447e-5,0.11111080842815396,-0.1111100075046292
25966,0.625,-0.11111083523087731,4.67084755892454e-10,2.1612143713487887e-5,2.085802427906625e-5,0.11111083523087731,-0.11111000759861778
25967,1.5625,-0.1111108380904504,5.199801169049391e-10,2.280307253211591e-5,1.951902606518567e-5,0.1111108380904504,-0.11111000704014416
25968,3.90625,-0.11111078455342245,5.052032002307174e-10,2.2476725745328596e-5,1.6113754252544868e-5,0.11111078455342245,-0.11111000505488446
25969,9.765625,-0.11111063198301524,3.4479777335856265e-10,1.8568731064845616e-5,8.491384859467231e-6,0.11111063198301524,-0.11111000148497996
25970,24.4140625,-0.11111046439109153,6.693443096598878e-11,8.181346525235854e-6,1.295162578321821e-5,0.11111046439109153,-0.11111000111291339
25971,9.765625,-0.11111047483313152,1.335437247257654e-11,3.6543634839157065e-6,3.152061080627033e-5,0.11111047483313152,-0.11111000247337104
25972,3.90625,-0.11111045687965801,2.7560780055441067e-12,1.6601439713302297e-6,3.456343459852499e-5,0.11111045687965801,-0.11111000375054944
25973,1.5625,-0.11111043722314173,1.730714411383835e-11,4.160185586465867e-6,3.429434656634681e-5,0.11111043722314173,-0.11111000489956775
25974,0.625,-0.11111041735210615,5.35889203056571e-11,7.320445362521129e-6,3.361008387836668e-5,0.11111041735210615,-0.11111000598386707
25975,0.25,-0.11111039747124145,1.1082434436676595e-10,1.0527314204808648e-5,3.308529065558351e-5,0.11111039747124145,-0.11111000704299613
25976,0.1,-0.11111037761732827,1.8878540354770184e-10,1.3739920070644582e-5,3.274988409735246e-5,0.11111037761732827,-0.1111100080936501
25977,0.1,-0.11111035764367234,2.867585819143325e-10,1.6933947617561963e-5,3.254090925233302e-5,0.11111035764367234,-0.11111000911862592
25978,0.1,-0.11111033754054066,4.0405731667709316e-10,2.0101176997307723e-5,3.230327738257597e-5,0.11111033754054066,-0.1111100101142935
25979,0.1,-0.11111031729941039,5.399291585108722e-10,2.3236375761096486e-5,3.203718758447495e-5,0.11111031729941039,-0.11111001107715669
25980,0.1,-0.11111029691305008,6.935588871799376e-10,2.6335506207019025e-5,3.1742895351751706e-5,0.11111029691305008,-0.11111001200386952
25981,0.25,-0.1111102758766471,8.592839484367661e-10,2.9313545477078785e-5,3.142256536770807e-5,0.1111102758766471,-0.11111001273829356
25982,0.625,-0.1111102531564988,1.021969225076465e-9,3.196825339421072e-5,3.06472978969965e-5,0.1111102531564988,-0.11111001293016746
25983,1.5625,-0.11111022653386811,1.139818596637335e-9,3.3761199573435405e-5,2.8646337187924083e-5,0.11111022653386811,-0.11111001168942097
25984,3.90625,-0.11111019335851341,1.1106982694237283e-9,3.332714013268658e-5,2.35009889998865e-5,0.11111019335851341,-0.11111000730142301
25985,9.765625,-0.11111016461279959,7.624710374198229e-10,2.761287810822738e-5,1.149541412697712e-5,0.11111016461279959,-0.11110999936295567
25986,24.4140625,-0.11111023963446107,1.503698545712691e-10,1.2262538667472944e-5,1.801992697392069e-5,0.11111023963446107,-0.11110999838199986
25987,9.765625,-0.11111033985155722,3.011869690113761e-11,5.488050373414735e-6,4.648209606172934e-5,0.11111033985155722,-0.11111000135517954
25988,3.90625,-0.11111041058249942,5.027816849251735e-12,2.242279386974722e-6,5.1186764476338015e-5,0.11111041058249942,-0.11111000416675082
25989,1.5625,-0.11111047471596927,3.571804136384128e-11,5.976457258597378e-6,5.085722824782721e-5,0.11111047471596927,-0.11111000669881226
25990,0.625,-0.111110536802649,1.1460958046625045e-10,1.0705586413935972e-5,4.98711109754131e-5,0.111110536802649,-0.11111000908819704
25991,0.25,-0.11111059823573312,2.3999444744300356e-10,1.5491754175786666e-5,4.910765592350808e-5,0.11111059823573312,-0.11111001142207998
25992,0.1,-0.11111065948893929,4.1139181682558754e-10,2.0282796080067156e-5,4.8620477443296106e-5,0.11111065948893929,-0.11111001373762396
25993,0.1,-0.111110720411073,6.272719328413856e-10,2.5045397438279666e-5,4.831919499045705e-5,0.111110720411073,-0.11111001599745325
25994,0.1,-0.11111078093018933,8.861534673666786e-10,2.9768329939159815e-5,4.7974505730824865e-5,0.11111078093018933,-0.11111001819342348
25995,0.1,-0.111110840974518,1.1864066853474277e-9,3.444425475093673e-5,4.758672858169437e-5,0.111110840974518,-0.11111002031768671
25996,0.1,-0.11111090047262488,1.526260319069899e-9,3.906738177904809e-5,4.71562576853602e-5,0.11111090047262488,-0.11111002236272277
25997,0.25,-0.11111095771231096,1.8933182954735053e-9,4.351227752569963e-5,4.668613593155016e-5,0.11111095771231096,-0.11111002398410334
25998,0.625,-0.11111100854597358,2.2543639165337043e-9,4.74801423390211e-5,4.553640277235146e-5,0.11111100854597358,-0.11111002440755592
25999,1.5625,-0.11111104200710915,2.517522856293924e-9,5.0174922583835883e-5,4.255338328320877e-5,0.11111104200710915,-0.11111002166236224
26000,3.90625,-0.11111103141079572,2.45782165633246e-9,4.957642238335134e-5,3.4847500799225094e-5,0.11111103141079572,-0.1111100119369195
26001,9.765625,-0.11111092504985291,1.6940387470605151e-9,4.11587019603451e-5,1.6535389576503198e-5,0.11111092504985291,-0.11110999425396163
26002,24.4140625,-0.1111106852702448,3.391180022316053e-10,1.841515686144447e-5,2.590912688651955e-5,0.1111106852702448,-0.11110999180653232
26003,9.765625,-0.11111058057792844,6.896273619302801e-11,8.304380542402186e-6,6.89614371175885e-5,0.11111058057792844,-0.11110999835809078
26004,3.90625,-0.11111048563735741,1.0486151586973302e-11,3.2382327876441036e-6,7.614779495534554e-5,0.11111048563735741,-0.11111000459313701
26005,1.5625,-0.1111103966572485,7.612319234947551e-11,8.724860591979422e-6,7.57279846318635e-5,0.1111103966572485,-0.11111001021545479
26006,0.625,-0.11111030991834911,2.489606552800241e-10,1.57784871036492e-5,7.42886895360581e-5,0.11111030991834911,-0.11111001552169138
26007,0.25,-0.11111022408160712,5.25184648576281e-10,2.2916907482823267e-5,7.316491891201333e-5,0.11111022408160712,-0.11111002070434733
26008,0.1,-0.11111013866922755,9.037312174274017e-10,3.0062122636756735e-5,7.244639745220467e-5,0.11111013866922755,-0.11111002584610624
26009,0.1,-0.11111005371221887,1.3812550777273995e-9,3.716524018121502e-5,7.200225282898626e-5,0.11111005371221887,-0.11111003086505418
26010,0.1,-0.11110996927009464,1.9545032239450862e-9,4.420976389831873e-5,7.14930099222819e-5,0.11110996927009464,-0.11111003574300479
26011,0.1,-0.11110988540176343,2.61989227102761e-9,5.118488322764456e-5,7.091916275563525e-5,0.11110988540176343,-0.11111004046242953
26012,0.1,-0.1111098021655162,3.3735236529631194e-9,5.808204243105712e-5,7.028131022055377e-5,0.1111098021655162,-0.1111100450065283
26013,0.25,-0.111109720858466,4.188115350444774e-9,6.471564996540461e-5,6.958390202511941e-5,0.111109720858466,-0.1111100486129017
26014,0.625,-0.11110964473965633,4.990477850690401e-9,7.064331426745492e-5,6.787386851317069e-5,0.11110964473965633,-0.11111004956534727
26015,1.5625,-0.11110958282992789,5.57798830422904e-9,7.468593109969936e-5,6.343011458395033e-5,0.11110958282992789,-0.11111004349043023
26016,3.90625,-0.11110955961150491,5.453686156957602e-9,7.384907688629291e-5,5.192757209728364e-5,0.11110955961150491,-0.11111002190217847
26017,9.765625,-0.11110963869029346,3.771516830310024e-9,6.141267646268174e-5,2.4330560198919936e-5,0.11110963869029346,-0.11110998247735573
26018,24.4140625,-0.11110996162710447,7.641509375669584e-10,2.764328015209046e-5,3.778758873226634e-5,0.11110996162710447,-0.11110997657203121
26019,9.765625,-0.11111017379263402,1.5680504216300922e-10,1.2522182004866773e-5,0.00010266854980997407,0.11111017379263402,-0.11110999110311921
26020,3.90625,-0.1111103443264554,2.150488314310148e-11,4.637335780715203e-6,0.00011359785757154274,0.1111103443264554,-0.11111000500360566
26021,1.5625,-0.11111050213112922,1.6309048263240624e-10,1.2770688416542243e-5,0.00011305808164227912,0.11111050213112922,-0.11111001755209318
26022,0.625,-0.11111065585579752,5.43745413635875e-10,2.3318349290545312e-5,0.00011094774785642091,0.11111065585579752,-0.11111002939694459
26023,0.25,-0.11111080837141266,1.1549380033361405e-9,3.398437881345105e-5,0.00010928810334709929,0.11111080837141266,-0.11111004096535348
26024,0.1,-0.11111096068676307,1.9943094636341068e-9,4.465769209928013e-5,0.00010822502415129074,0.11111096068676307,-0.1111100524419899
26025,0.1,-0.11111111256453608,3.054513689243284e-9,5.5267655000400406e-5,0.00010756803268900965,0.11111111256453608,-0.1111100636465451
26026,0.1,-0.11111126384475589,4.328379162794814e-9,6.57904184725619e-5,0.00010681369528407472,0.11111126384475589,-0.1111100745383803
26027,0.1,-0.11111141436559795,5.807996568719778e-9,7.62102130210891e-5,0.00010596272756637733,0.11111141436559795,-0.11111008507830987
26028,0.1,-0.1111115639637565,7.484752188652888e-9,8.651446230921677e-5,0.00010501600073802963,0.1111115639637565,-0.11111009522875348
26029,0.25,-0.11111170912859047,9.298343222207715e-9,9.642791723462513e-5,0.00010398000502501491,0.11111170912859047,-0.11111010329611629
26030,0.625,-0.11111184118228518,1.1086809898035991e-8,0.00010529392146765164,0.00010143452206171679,0.11111184118228518,-0.1111101054635174
26031,1.5625,-0.11111193677024467,1.2401394925614854e-8,0.0001113615504813706,9.481184748613255e-5,0.11111193677024467,-0.11111009199443563
26032,3.90625,-0.11111193714984548,1.214000722024626e-8,0.00011018170093189821,7.764773694276396e-5,0.11111193714984548,-0.11111004394606494
26033,9.765625,-0.11111171817999042,8.419427550165566e-9,9.175743866393376e-5,3.6257583845589715e-5,0.11111171817999042,-0.11110995585505234
26034,24.4140625,-0.11111124278144284,1.296718721515209e-10,1.1387355801568726e-5,5.4415124384760473e-5,0.11111124278144284,-0.11111000774138284
26035,9.765625,-0.11110999173456752,1.3601905591198057e-10,1.1662720776558983e-5,3.08751183016007e-5,0.11110999173456752,-0.11111000690307249
26036,3.90625,-0.11110951919162015,1.561922188491836e-10,1.2497688540253497e-5,2.0592796044630033e-5,0.11110951919162015,-0.11111000656394726
26037,1.5625,-0.11110913906284138,1.8132901149737436e-10,1.3465846111454503e-5,1.6154343052373975e-5,0.11110913906284138,-0.11111000649073187
26038,3.90625,-0.1111090467065113,1.8045679725688794e-10,1.3433420906712033e-5,1.4177377050795388e-5,0.1111090467065113,-0.11111000586045351
26039,9.765625,-0.11110963270110767,1.1888065774337198e-10,1.0903240699139499e-5,9.84926947000542e-6,0.11110963270110767,-0.11111000463367805
26040,24.4140625,-0.1111107025645955,2.236254069307901e-11,4.72890480905241e-6,9.298988903804057e-6,0.1111107025645955,-0.11111000449302574
26041,9.765625,-0.11111018856425052,4.757363321832597e-12,2.1811380794971685e-6,1.8888118189135385e-5,0.11111018856425052,-0.1111100049790573
26042,3.90625,-0.11111000613352243,2.4466162928579015e-12,1.5641663251898441e-6,2.0181118574680275e-5,0.11111000613352243,-0.11111000540534301
26043,1.5625,-0.11110986333001616,8.252585888547396e-12,2.872731433417923e-6,1.9827995314902954e-5,0.11110986333001616,-0.11111000578561697
26044,0.625,-0.11110973061358635,2.1052274611764488e-11,4.588275777649431e-6,1.93353248620079e-5,0.11110973061358635,-0.1111100061433765
26045,0.25,-0.11110960092156125,4.057528634074931e-11,6.369873337889013e-6,1.8971700528325688e-5,0.11110960092156125,-0.11111000649175218
26046,0.1,-0.11110947216328783,6.672008675446814e-11,8.168236453143858e-6,1.8732685310513608e-5,0.11110947216328783,-0.1111100068361151
26047,0.1,-0.1111093474677537,9.917101033626366e-11,9.958464255911333e-6,1.857473637119123e-5,0.1111093474677537,-0.11111000717046701
26048,0.1,-0.11110922724515532,1.376520649610324e-10,1.1732521679546662e-5,1.8405540387298894e-5,0.11110922724515532,-0.11111000749389051
26049,0.1,-0.11110911188771914,1.8187021566750466e-10,1.3485926578011043e-5,1.8224666868393118e-5,0.11110911188771914,-0.11111000780549175
26050,0.1,-0.11110900176851886,2.3151635176222492e-10,1.5215661397462317e-5,1.8031815630447504e-5,0.11110900176851886,-0.11111000810440869
26051,0.25,-0.11110891165993377,2.8444851931951714e-10,1.6865601658983802e-5,1.7828559239647053e-5,0.11110891165993377,-0.1111100083394275
26052,0.625,-0.1111088744439618,3.3510935168567197e-10,1.8305992234393412e-5,1.7374141675707658e-5,0.1111088744439618,-0.11111000839755655
26053,1.5625,-0.11110897084921093,3.6867606612388374e-10,1.920093919900492e-5,1.6248867501537894e-5,0.11110897084921093,-0.11111000799754993
26054,3.90625,-0.1111093684798995,3.513784716407985e-10,1.874509193471183e-5,1.3470179269562282e-5,0.1111093684798995,-0.11111000662392147
26055,9.765625,-0.11111023626033643,2.3497927595378156e-10,1.532903375799602e-5,7.753802738657955e-6,0.11111023626033643,-0.11111000422578526
26056,24.4140625,-0.11111084846992104,4.7227600456841654e-11,6.872234022269734e-6,1.136931261971505e-5,0.11111084846992104,-0.11111000395693009
26057,9.765625,-0.11111052042697091,9.727713583342486e-12,3.118928274799292e-6,2.6078530119751986e-5,0.11111052042697091,-0.11111000488490047
26058,3.90625,-0.11111039477836533,2.264671739350049e-12,1.5048826330814138e-6,2.859186867790219e-5,0.11111039477836533,-0.11111000575885586
26059,1.5625,-0.11111029667557216,1.1933844582131356e-11,3.4545397062606413e-6,2.8364160554591684e-5,0.11111029667557216,-0.1111100065458866
26060,0.625,-0.1111102060723327,3.635021402421832e-11,6.029113867246025e-6,2.7789666195892405e-5,0.1111102060723327,-0.11111000728827655
26061,0.25,-0.1111101178790871,7.495741618914658e-11,8.657795111294017e-6,2.7344812401506183e-5,0.1111101178790871,-0.1111100080127091
26062,0.1,-0.1111100305038041,1.275795114042711e-10,1.1295110066053854e-5,2.7055672682787776e-5,0.1111100305038041,-0.11111000873053661
26063,0.1,-0.1111099447722128,1.9371208289440475e-10,1.3918048817790687e-5,2.6871120129143182e-5,0.1111099447722128,-0.11111000943022521
26064,0.1,-0.11110986091472791,2.728715100670537e-10,1.6518822901982264e-5,2.666434681742084e-5,0.11110986091472791,-0.11111001010941068
26065,0.1,-0.11110977915467046,3.6453131441337607e-10,1.909270317198107e-5,2.6435371096943966e-5,0.11110977915467046,-0.11111001076581219
26066,0.1,-0.11110969970761965,4.681241187957139e-10,2.163617615928734e-5,2.6184282813692396e-5,0.11110969970761965,-0.1111100113972437
26067,0.25,-0.1111096289483946,5.797795501137283e-10,2.4078611880956268e-5,2.5912903363682888e-5,0.1111096289483946,-0.11111001189844426
26068,0.625,-0.11110958168879707,6.891837518801572e-10,2.625230945802973e-5,2.5271132868582106e-5,0.11110958168879707,-0.11111001203346565
26069,1.5625,-0.11110959527883746,7.679472388846692e-10,2.7711860978372946e-5,2.3632018030824518e-5,0.11110959527883746,-0.11111001120362853
26070,3.90625,-0.1111097508785377,7.471457556292638e-10,2.733396706717237e-5,1.9448245945772555e-5,0.1111097508785377,-0.11111000825985912
26071,9.765625,-0.11111014842948076,5.123024240569373e-10,2.263409870211176e-5,9.896495814780654e-6,0.11111014842948076,-0.1111100029397798
26072,24.4140625,-0.11111052933878982,1.0200568773756175e-10,1.0099786519405336e-5,1.5127538900064658e-5,0.11111052933878982,-0.11111000226458229
26073,9.765625,-0.11111042992655513,2.0645762354913607e-11,4.543760816208706e-6,3.822027205069818e-5,0.11111042992655513,-0.1111100042702036
26074,3.90625,-0.1111104165557773,3.5270184997231643e-12,1.8780358089565716e-6,4.208332792196211e-5,0.1111104165557773,-0.11111000617072365
26075,1.5625,-0.11111041245771425,2.394902734000411e-11,4.893774345022879e-6,4.1816797029174696e-5,0.11111041245771425,-0.11111000788368211
26076,0.625,-0.11111041063936651,7.67805844526259e-11,8.762453107014376e-6,4.100800316515015e-5,0.11111041063936651,-0.11111000950033478
26077,0.25,-0.11111040953478768,1.608526328438172e-10,1.2682769131535005e-5,4.0379372654786004e-5,0.11111040953478768,-0.11111001107915766
26078,0.1,-0.11111040868850636,2.758257556376261e-10,1.660800275883967e-5,3.997604404572013e-5,0.11111040868850636,-0.11111001264514325
26079,0.1,-0.11111040847956703,4.206625713590301e-10,2.0510060247571924e-5,3.972463168643665e-5,0.11111040847956703,-0.11111001417328034
26080,0.1,-0.11111040897469603,5.943580728252517e-10,2.437946006016646e-5,3.94380873275457e-5,0.11111040897469603,-0.11111001565813547
26081,0.1,-0.1111104102366966,7.958090338316945e-10,2.8210087448139797e-5,3.911664386021244e-5,0.1111104102366966,-0.11111001709447206
26082,0.1,-0.11111041232422571,1.0238185638366222e-9,3.199716493435977e-5,3.87606015158913e-5,0.11111041232422571,-0.11111001847727334
26083,0.25,-0.11111041741646306,1.2700825657802968e-9,3.56382177694157e-5,3.837251352776336e-5,0.11111041741646306,-0.1111100195755158
26084,0.625,-0.11111043038624653,1.5123665572077582e-9,3.888915732190347e-5,3.743034166029804e-5,0.11111043038624653,-0.1111100198697903
26085,1.5625,-0.11111046300615338,1.6891879318473972e-9,4.1099731530113395e-5,3.499364824165744e-5,0.11111046300615338,-0.11111001803763695
26086,3.90625,-0.1111105380974031,1.6499733368457554e-9,4.0619863821112885e-5,2.8710846937934587e-5,0.1111105380974031,-0.11111001151800291
26087,9.765625,-0.11111066610731,1.1392032903223e-9,3.375208571810489e-5,1.386297507069738e-5,0.11111066610731,-0.11110999963233548
26088,24.4140625,-0.11111066254685709,2.29853067632865e-10,1.5160905897500486e-5,2.132090384895232e-5,0.11111066254685709,-0.11110999792157393
26089,9.765625,-0.11111051061485971,4.70138692502266e-11,6.8566660448228485e-6,5.6634236747725706e-5,0.11111051061485971,-0.1111100023362805
26090,3.90625,-0.11111041722780142,6.769209918950164e-12,2.601770535414329e-6,6.258039817692654e-5,0.11111041722780142,-0.11111000655075903
26091,1.5625,-0.11111033487236946,5.0147566399704406e-11,7.081494644473327e-6,6.22614039786889e-5,0.11111033487236946,-0.11111001035470722
26092,0.625,-0.11111025590526716,1.6572996927576266e-10,1.2873615237211444e-5,6.1092241858167e-5,0.11111025590526716,-0.11111001394565541
26093,0.25,-0.11111017813841141,3.5093347136944806e-10,1.873321839325662e-5,6.017535108475669e-5,0.11111017813841141,-0.11111001745292902
26094,0.1,-0.11111010085284485,6.050353432552457e-10,2.4597466195835003e-5,5.958792366174331e-5,0.11111010085284485,-0.111110020932296
26095,0.1,-0.11111002434846333,9.257970894099349e-10,3.042691389888128e-5,5.9224275737311314e-5,0.11111002434846333,-0.11111002432902461
26096,0.1,-0.11110994872691614,1.311036924408526e-9,3.620824387357838e-5,5.8807473613281895e-5,0.11110994872691614,-0.11111002763088386
26097,0.1,-0.1111098740874805,1.758351311917648e-9,4.193269979285436e-5,5.833789503847621e-5,0.1111098740874805,-0.11111003082608038
26098,0.1,-0.11110980052687232,2.265125039480074e-9,4.759332977928812e-5,5.7816008068081146e-5,0.11110980052687232,-0.11111003390330519
26099,0.25,-0.11110973073976796,2.8130908107383405e-9,5.303857851355314e-5,5.7245410208912084e-5,0.11110973073976796,-0.11111003635033725
26100,0.625,-0.11110967110809933,3.3532194680201896e-9,5.790698980278797e-5,5.5846853929030284e-5,0.11110967110809933,-0.11111003701336078
26101,1.5625,-0.11110963822196922,3.749718571627601e-9,6.123494567342736e-5,5.2212940033857796e-5,0.11110963822196922,-0.11111003295013072
26102,3.90625,-0.11110967134658531,3.6692800683797915e-9,6.057458269257652e-5,4.280861193454936e-5,0.11110967134658531,-0.11111001844084416
26103,9.765625,-0.11110984130883211,2.54306567052265e-9,5.042881785767588e-5,2.028946591052783e-5,0.11110984130883211,-0.1111099918566249
26104,24.4140625,-0.11111017075397182,5.20119128242256e-10,2.2806120411903818e-5,3.0945197075463075e-5,0.11111017075397182,-0.11110998768058782
26105,9.765625,-0.11111028789387803,1.078966259753171e-10,1.0387330069624104e-5,8.433350892660287e-5,0.11111028789387803,-0.1111099974731663
26106,3.90625,-0.11111039977342277,1.431800318573253e-11,3.783913739203436e-6,9.340860663028174e-5,0.11111039977342277,-0.11111000687837623
26107,1.5625,-0.11111050542036521,1.0770268133104275e-10,1.0377990235640172e-5,9.301410127858169e-5,0.11111050542036521,-0.1111100153790465
26108,0.625,-0.11111060888311847,3.624766431373205e-10,1.9038819373514747e-5,9.130439627740335e-5,0.11111060888311847,-0.11111002340588337
26109,0.25,-0.11111071170269972,7.728632433946621e-10,2.780041804352341e-5,8.99530982782216e-5,0.11111071170269972,-0.11111003124593878
26110,0.1,-0.11111081444381711,1.3372704150871205e-9,3.6568708140801483e-5,8.908642309950834e-5,0.11111081444381711,-0.11111003902385491
26111,0.1,-0.1111109170126446,2.050787095392146e-9,4.5285616871056824e-5,8.855083389593765e-5,0.1111109170126446,-0.11111004661889831
26112,0.1,-0.1111110193165795,2.908606367801826e-9,5.39314969920345e-5,8.793533905475856e-5,0.1111110193165795,-0.11111005400360181
26113,0.1,-0.1111111212608239,3.905423624680516e-9,6.249338864776431e-5,8.724052302156726e-5,0.1111111212608239,-0.11111006115147186
26114,0.1,-0.11111122274857886,5.035458921870519e-9,7.096096759395632e-5,8.646709779216569e-5,0.11111122274857886,-0.11111006803709247
26115,0.25,-0.11111132186896679,6.258270124931926e-9,7.910922907557579e-5,8.562031271871611e-5,0.11111132186896679,-0.11111007352018594
26116,0.625,-0.11111141379467795,7.465165667989334e-9,8.640119020007383e-5,8.353724483730963e-5,0.11111141379467795,-0.11111007502887509
26117,1.5625,-0.11111148520809419,8.354814742559768e-9,9.140467571497515e-5,7.811446174170423e-5,0.11111148520809419,-0.1111100659975654
26118,3.90625,-0.11111150083538116,8.186443606516635e-9,9.047896775779791e-5,6.405583249445314e-5,0.11111150083538116,-0.11111003362589864
26119,9.765625,-0.11111137593030411,5.690462575622476e-9,7.543515477297357e-5,3.0160842777203662e-5,0.11111137593030411,-0.11110997407365811
26120,24.4140625,-0.11111086357225955,8.56207711722257e-11,9.253149256994923e-6,4.447396801313897e-5,0.11111086357225955,-0.11111000897065026
26121,9.765625,-0.1111101303280206,9.076526088953138e-11,9.527080396928085e-6,2.4867523781599244e-5,0.1111101303280206,-0.11111000837562378
26122,3.90625,-0.11110986132282354,1.0323986329310264e-10,1.016070190946977e-5,1.657373748188843e-5,0.11110986132282354,-0.11111000814816123
26123,1.5625,-0.1111096448402111,1.1872935642232363e-10,1.0896300125378506e-5,1.311014946002533e-5,0.1111096448402111,-0.11111000810271089
26124,3.90625,-0.11110959768900609,1.1792996577849224e-10,1.0859556426415042e-5,1.1603331506791142e-5,0.11110959768900609,-0.1111100076987368
26125,9.765625,-0.11110994567409449,7.908300208675317e-11,8.892862423694249e-6,8.393326429814281e-6,0.11110994567409449,-0.11111000689738561
26126,24.4140625,-0.11111056218711747,1.5017073252342e-11,3.875186866764234e-6,8.104134933140837e-6,0.11111056218711747,-0.11111000680855736
26127,9.765625,-0.11111027675643187,3.361341378343768e-12,1.8333961324121332e-6,1.554829911018957e-5,0.11111027675643187,-0.11111000713091128
26128,3.90625,-0.11111018271207966,1.4876051560990504e-12,1.2196742008007919e-6,1.668540304954974e-5,0.11111018271207966,-0.1111100074236826
26129,1.5625,-0.11111011057767473,4.992640141375638e-12,2.2344216570234986e-6,1.6451560507054523e-5,0.11111011057767473,-0.11111000768717687
26130,0.625,-0.1111100439397276,1.3119333714807866e-11,3.622062080474031e-6,1.6077581234596117e-5,0.1111100439397276,-0.1111100079357926
26131,0.25,-0.11110997893434878,2.5680451185831098e-11,5.067588300743372e-6,1.5794939144048595e-5,0.11110997893434878,-0.11111000817804732
26132,0.1,-0.11110991442863094,4.260539467242043e-11,6.527280802326527e-6,1.5606983074927384e-5,0.11110991442863094,-0.11111000841751148
26133,0.1,-0.11110985221896423,6.370177191160666e-11,7.9813389798709e-6,1.548172793083264e-5,0.11110985221896423,-0.11111000865039285
26134,0.1,-0.11110979253184668,8.879589226855076e-11,9.423157234629526e-6,1.5347695441613273e-5,0.11110979253184668,-0.11111000887608649
26135,0.1,-0.11110973558335802,1.177031062396419e-10,1.0849106241513256e-5,1.5204521363227076e-5,0.11110973558335802,-0.11111000909400007
26136,0.1,-0.11110968157849337,1.502283038553212e-10,1.2256765635979225e-5,1.5051946452066276e-5,0.11110968157849337,-0.11111000930355999
26137,0.25,-0.11110963882186665,1.8505659807515013e-10,1.3603550936250068e-5,1.4891177447534382e-5,0.11110963882186665,-0.11111000947139134
26138,0.625,-0.11110962573658531,2.187481092578315e-10,1.479013553885939e-5,1.4533063485665907e-5,0.11110962573658531,-0.11111000952337821
26139,1.5625,-0.11110968738626548,2.420087340000345e-10,1.555662990496446e-5,1.3646289657264977e-5,0.11110968738626548,-0.1111100092732926
26140,3.90625,-0.11110991643413054,2.330280108010298e-10,1.5265255019194073e-5,1.1450374257676559e-5,0.11110991643413054,-0.11111000837140132
26141,9.765625,-0.11111040063015702,1.5811502431993665e-10,1.2574379679329579e-5,6.913744203011634e-6,0.11111040063015702,-0.11111000675662608
26142,24.4140625,-0.11111070748737846,3.2068348356527854e-11,5.662892225402833e-6,9.526875118366858e-6,0.11111070748737846,-0.11111000656000723
26143,9.765625,-0.11111050705051238,6.967535095387635e-12,2.639608890610053e-6,2.1559261541385366e-5,0.11111050705051238,-0.11111000718670402
26144,3.90625,-0.11111042343434695,1.7694885351511341e-12,1.3302212354157988e-6,2.363244228501927e-5,0.11111042343434695,-0.11111000778262237
26145,1.5625,-0.11111035612485835,8.072217146169582e-12,2.8411647516766046e-6,2.3465170671506116e-5,0.11111035612485835,-0.11111000832161576
26146,0.625,-0.11111029331625119,2.428107480149803e-11,4.9275830588127105e-6,2.3007482234726647e-5,0.11111029331625119,-0.11111000883103662
26147,0.25,-0.11111023196480185,5.0023053484136305e-11,7.072697751504464e-6,2.2651017404411778e-5,0.11111023196480185,-0.1111100093285257
26148,0.1,-0.11111017111086817,8.51810706607463e-11,9.229359168476774e-6,2.241913548802265e-5,0.11111017111086817,-0.11111000982163864
26149,0.1,-0.11111011122634358,1.2942278469112647e-10,1.1376413524970269e-5,2.2271286000745765e-5,0.11111011122634358,-0.11111001030266836
26150,0.1,-0.1111100524496784,1.8242837635481375e-10,1.3506604915922201e-5,2.2105317514504285e-5,0.1111100524496784,-0.11111001077001653
26151,0.1,-0.11110999491532964,2.438492515193091e-10,1.5615673265002348e-5,2.1921260365701854e-5,0.11110999491532964,-0.11111001122214126
26152,0.1,-0.11110993875339498,3.133093249113539e-10,1.770054589303262e-5,2.171920167079441e-5,0.11110993875339498,-0.1111100116575648
26153,0.25,-0.11110988774020589,3.8824395176713217e-10,1.9703907017825987e-5,2.150059621773332e-5,0.11110988774020589,-0.11111001200576552
26154,0.625,-0.1111098506831842,4.6180836120848147e-10,2.1489726876079218e-5,2.098236922275601e-5,0.1111098506831842,-0.11111001210847318
26155,1.5625,-0.11110984989004864,5.151243898514818e-10,2.2696351906231136e-5,1.9657847222918264e-5,0.11110984989004864,-0.11111001156342147
26156,3.90625,-0.11110993440406074,5.02164396914584e-10,2.2409024898789863e-5,1.6281599266810022e-5,0.11110993440406074,-0.1111100095949775
26157,9.765625,-0.11111016846632558,3.456541317307706e-10,1.859177591653822e-5,8.67081750244466e-6,0.11111016846632558,-0.11111000601070557
26158,24.4140625,-0.1111104214566061,6.958692341919746e-11,8.341877691455171e-6,1.2638430915041212e-5,0.1111104214566061,-0.11111000552861314
26159,9.765625,-0.11111039080572846,1.4399961433214578e-11,3.7947281105784875e-6,3.1505035290837084e-5,0.11111039080572846,-0.11111000688509574
26160,3.90625,-0.11111040435171976,2.5122938731906343e-12,1.5850217264096521e-6,3.4708329872801526e-5,0.11111040435171976,-0.11111000817761062
26161,1.5625,-0.11111042154832322,1.5975447162079868e-11,3.996929716930217e-6,3.4511194758036665e-5,0.11111042154832322,-0.11111000934521319
26162,0.625,-0.11111043949677683,5.1323501877545134e-11,7.164042286136028e-6,3.3859777675809636e-5,0.11111043949677683,-0.11111001044821846
26163,0.25,-0.11111045766318625,1.0776773696423862e-10,1.0381124070361486e-5,3.335114317254114e-5,0.11111045766318625,-0.11111001152580943
26164,0.1,-0.1111104759130686,1.850819363384903e-10,1.3604482215008784e-5,3.302481512469302e-5,0.1111104759130686,-0.11111001259481706
26165,0.1,-0.11111049444495369,2.825759706644222e-10,1.680999615301628e-5,3.2821855485149554e-5,0.11111049444495369,-0.11111001363846913
26166,0.1,-0.11111051327957977,3.995791758475267e-10,1.998947662765403e-5,3.259010282203849e-5,0.11111051327957977,-0.11111001465308443
26167,0.1,-0.1111105324354771,5.353544027889534e-10,2.3137726828471143e-5,3.232975179210389e-5,0.1111105324354771,-0.11111001563511437
26168,0.1,-0.11111055192886636,6.891010534128272e-10,2.6250734340448978e-5,3.204105215542682e-5,0.11111055192886636,-0.11111001658115674
26169,0.25,-0.11111057262400507,8.552546910057732e-10,2.9244737834451058e-5,3.172603870951191e-5,0.11111057262400507,-0.11111001733557845
26170,0.625,-0.11111059636071353,1.0188995032246105e-9,3.1920205250352175e-5,3.095868034105455e-5,0.11111059636071353,-0.11111001754815406
26171,1.5625,-0.11111062730901794,1.1387544627044724e-9,3.374543617594048e-5,2.8971554204812495e-5,0.11111062730901794,-0.11111001632635087
26172,3.90625,-0.11111067195140019,1.1135766295840447e-9,3.337029561727083e-5,2.3849651118112303e-5,0.11111067195140019,-0.11111001193734169
26173,9.765625,-0.11111072154505125,7.708949177913235e-10,2.7764994467698413e-5,1.1826214642906318e-5,0.11111072154505125,-0.11111000389859554
26174,24.4140625,-0.11111064930357709,1.572125527290725e-10,1.2538442994609519e-5,1.7621691645764434e-5,0.11111064930357709,-0.1111100026778584
26175,9.765625,-0.11111052829194974,3.2648244097886996e-11,5.71386420016148e-6,4.665198964504595e-5,0.11111052829194974,-0.11111000566612751
26176,3.90625,-0.11111044599087541,4.6360618807508975e-12,2.1531516158298974e-6,5.160098899405077e-5,0.11111044599087541,-0.11111000853268166
26177,1.5625,-0.11111037197480175,3.327928148256049e-11,5.768819765130515e-6,5.1370983355897996e-5,0.11111037197480175,-0.11111001112444585
26178,0.625,-0.11111030058657964,1.1083554459269545e-10,1.0527846151644478e-5,5.042675122799219e-5,0.11111030058657964,-0.1111100135726659
26179,0.25,-0.11111023013514149,2.355558236444944e-10,1.5347827978072156e-5,4.968259764946416e-5,0.11111023013514149,-0.11111001596441
26180,0.1,-0.11111016005438112,4.0695658833300113e-10,2.0173165054918902e-5,4.9205868885001086e-5,0.11111016005438112,-0.11111001833741106
26181,0.1,-0.1111100905377509,6.235427647807761e-10,2.497083828750601e-5,4.8911482495015655e-5,0.1111100905377509,-0.11111002065489559
26182,0.1,-0.11111002166441493,8.838528409795894e-10,2.9729662644900454e-5,4.857337152733263e-5,0.11111002166441493,-0.11111002290855322
26183,0.1,-0.11110995351209357,1.1862747906323605e-9,3.444234008647439e-5,4.819184955775946e-5,0.11110995351209357,-0.11111002509036694
26184,0.1,-0.11110988615693944,1.5290528272226635e-9,3.9103105084157496e-5,4.776730388921791e-5,0.11110988615693944,-0.11111002719264595
26185,0.25,-0.11110982160636561,1.8999005271886978e-9,4.358784838907167e-5,4.730261311453203e-5,0.11110982160636561,-0.11111002886929376
26186,0.625,-0.11110976466806313,2.265807227419665e-9,4.760049608375595e-5,4.615947543648645e-5,0.11110976466806313,-0.11111002933999442
26187,1.5625,-0.11110972798535605,2.5352785228677715e-9,5.0351549359158464e-5,4.3184708913569054e-5,0.11110972798535605,-0.11111002661323409
26188,3.90625,-0.11110974227222421,2.4834814835286385e-9,4.983454106870694e-5,3.548390167890392e-5,0.11110974227222421,-0.11111001680855921
26189,9.765625,-0.11110986769819278,1.725479340717682e-9,4.153888949788718e-5,1.7094715125827776e-5,0.11110986769819278,-0.11110999877182508
26190,24.4140625,-0.11111015252410988,3.564981422638143e-10,1.8881158393059845e-5,2.5435730542971446e-5,0.11111015252410988,-0.1111099957926274
26191,9.765625,-0.11111027429603508,7.49887891867552e-11,8.65960675705053e-6,6.948079166397589e-5,0.11111027429603508,-0.11111000242785966
26192,3.90625,-0.1111103832002555,9.802609650590404e-12,3.1309119519064098e-6,7.704429335329417e-5,0.1111103832002555,-0.11111000882987977
26193,1.5625,-0.11111048527159982,7.159409235447819e-11,8.461329230947002e-6,7.676493028200288e-5,0.11111048527159982,-0.1111100146246073
26194,0.625,-0.11111058499856372,2.429749289090407e-10,1.5587653091759538e-5,7.537990255543478e-5,0.11111058499856372,-0.111110020099001
26195,0.25,-0.111110683988956,5.20019375758716e-10,2.2803933339639372e-5,7.427951954494244e-5,0.111110683988956,-0.1111100254468357
26196,0.1,-0.11111078282034598,9.016553150740773e-10,3.002757591072042e-5,7.357342379595281e-5,0.11111078282034598,-0.1111100307526636
26197,0.1,-0.11111088138957671,1.3845894029816702e-9,3.721007125741189e-5,7.313775428252317e-5,0.11111088138957671,-0.11111003593517614
26198,0.1,-0.11111097960680168,1.965589160954613e-9,4.433496544438276e-5,7.263623676773805e-5,0.11111097960680168,-0.11111004097567735
26199,0.1,-0.11111107738086919,2.6410837502280923e-9,5.139147546264937e-5,7.206935459271675e-5,0.11111107738086919,-0.11111004585612703
26200,0.1,-0.11111117461949223,3.4071790148733025e-9,5.837104603202946e-5,7.143769520402103e-5,0.11111117461949223,-0.11111005055921218
26201,0.25,-0.11111126940644735,4.236598077374693e-9,6.508915483684431e-5,7.074548289058086e-5,0.11111126940644735,-0.11111005431269115
26202,0.625,-0.11111135694690129,5.055966283358334e-9,7.110531824946945e-5,6.90379599612827e-5,0.11111135694690129,-0.11111005537329367
26203,1.5625,-0.11111142412435472,5.661731803361379e-9,7.524448021856074e-5,6.458741843807524e-5,0.11111142412435472,-0.11111004928723318
26204,3.90625,-0.11111143667059618,5.552983535988875e-9,7.45183436208084e-5,5.3044067297618144e-5,0.11111143667059618,-0.11111002735303398
26205,9.765625,-0.11111131445577577,3.868728532957397e-9,6.21991039562259e-5,2.523460750801791e-5,0.11111131445577577,-0.11110998685879843
26206,24.4140625,-0.11111092251476551,8.069120692780013e-10,2.8406197726517382e-5,3.72638366299798e-5,0.11111092251476551,-0.11110997978906628
26207,9.765625,-0.11111070082350627,1.7087660171524452e-10,1.3071977727767307e-5,0.00010380453202216455,0.11111070082350627,-0.11110999460982257
26208,3.90625,-0.11111051874505597,2.0361585316413992e-11,4.5123813354385275e-6,0.00011530272959853292,0.11111051874505597,-0.11111000897064133
26209,1.5625,-0.11111035025625204,1.548962503107112e-10,1.2445732212718992e-5,0.00011495562272210305,0.11111035025625204,-0.1111100219803127
26210,0.625,-0.11111018658894456,5.353455409223835e-10,2.3137535325146098e-5,0.00011291137748428443,0.11111018658894456,-0.1111100342716611
26211,0.25,-0.11111002483198472,1.1528521920921528e-9,3.395367715126232e-5,0.00011127641605434391,0.11111002483198472,-0.11111004627780566
26212,0.1,-0.11110986397584395,2.0049986732197725e-9,4.47772115391275e-5,0.00011022502000108856,0.11110986397584395,-0.11111005818875859
26213,0.1,-0.11110970420396334,3.0844715048015298e-9,5.553801855307344e-5,0.0001095757958190782,0.11110970420396334,-0.11111006982415583
26214,0.1,-0.11110954564376659,4.384070485257397e-9,6.621231369811357e-5,0.00010882794781192266,0.11110954564376659,-0.111110081142022
26215,0.1,-0.11110938842014402,5.895838292878898e-9,7.678436229388702e-5,0.00010798218353749516,0.11110938842014402,-0.11111009210184401
26216,0.1,-0.11110923265540122,7.611093834123746e-9,8.724158317066321e-5,0.00010703936471442694,0.11110923265540122,-0.11111010266472741
26217,0.25,-0.1111090813964016,9.469106546972442e-9,9.730933432601644e-5,0.00010600571586838813,0.1111090813964016,-0.11111011110391532
26218,0.625,-0.11110894210453473,1.1306390860799278e-8,0.00010633151395893542,0.00010345376356864585,0.11110894210453473,-0.11111011351761539
26219,1.5625,-0.11110883497232343,1.2669130366846753e-8,0.00011255723151733411,9.679785779484407e-5,0.11110883497232343,-0.11111009992861375
26220,3.90625,-0.11110881259688149,1.243929219405026e-8,0.00011153157487478719,7.9517308024729e-5,0.11110881259688149,-0.11111005079800204
26221,9.765625,-0.11110900039994749,8.688714291372591e-9,9.321327315019353e-5,3.769477794949505e-5,0.11110900039994749,-0.11110995978066507
26222,24.4140625,-0.11110972408125673,1.2891643695700262e-10,1.1354137437824268e-5,5.389326221051932e-5,0.11110972408125673,-0.1111100121829652
26223,9.765625,-0.11111085162239033,1.3504960346520033e-10,1.1621084435851946e-5,3.075121246109455e-5,0.11111085162239033,-0.11111001136164274
26224,3.90625,-0.1111112710554158,1.5490179596177209e-10,1.2445955004007209e-5,2.058885196558425e-5,0.1111112710554158,-0.11111001102984856
26225,1.5625,-0.11111160853910568,1.7987413198935414e-10,1.3411716220877705e-5,1.620655494837308e-5,0.11111160853910568,-0.11111001096118114
26226,3.90625,-0.11111168560113403,1.7937366004858793e-10,1.3393045211922041e-5,1.4251622076327319e-5,0.11111168560113403,-0.11111001033797822
26227,9.765625,-0.11111115283548892,1.1898814111066852e-10,1.0908168549791872e-5,9.954564726108482e-6,0.11111115283548892,-0.11111000911049741
26228,24.4140625,-0.11111020169116208,2.264747674019548e-11,4.758936513570598e-6,9.27876422715694e-6,0.11111020169116208,-0.11111000895322015
26229,9.765625,-0.11111066280414492,4.8707816483151814e-12,2.20698474129641e-6,1.8871761730830873e-5,0.11111066280414492,-0.11111000943686508
26230,3.90625,-0.11111082208567859,2.2457786507635687e-12,1.4985922229758062e-6,2.0236443479461163e-5,0.11111082208567859,-0.11111000986718476
26231,1.5625,-0.111110945905662,7.761146161449309e-12,2.78588337183187e-6,1.9919639946957236e-5,0.111110945905662,-0.1111100102522894
26232,0.625,-0.11111106076818873,2.0286519703802713e-11,4.504055917037744e-6,1.9444197864922298e-5,0.11111106076818873,-0.11111001061487856
26233,0.25,-0.11111117296568071,3.95480373120081e-11,6.288723027134213e-6,1.9089189573203408e-5,0.11111117296568071,-0.11111001096800333
26234,0.1,-0.11111128435361396,6.544383827687602e-11,8.089736601205012e-6,1.8854942776806902e-5,0.11111128435361396,-0.11111001131707264
26235,0.1,-0.11111139209141256,9.766978977419059e-11,9.882802728689397e-6,1.869997787816079e-5,0.11111139209141256,-0.11111001165623051
26236,0.1,-0.11111149581192344,1.3595701531239704e-10,1.1660060690768168e-5,1.8533647005988398e-5,0.11111149581192344,-0.11111001198454575
26237,0.1,-0.11111159516424962,1.8001960413759045e-10,1.3417138448178525e-5,1.8355531984266842e-5,0.11111159516424962,-0.11111001230111038
26238,0.1,-0.111111689814831,2.295555213376747e-10,1.515108977392962e-5,1.8165340316390756e-5,0.111111689814831,-0.11111001260504728
26239,0.25,-0.11111176645808267,2.8248629115132316e-10,1.680732849537139e-5,1.7964593073578765e-5,0.11111176645808267,-0.11111001284543288
26240,0.625,-0.11111179551279898,3.3340204501937476e-10,1.8259300233562477e-5,1.7514479706301234e-5,0.11111179551279898,-0.11111001290952495
26241,1.5625,-0.11111170446382694,3.6781081698633843e-10,1.9178394536205018e-5,1.6397009804547605e-5,0.11111170446382694,-0.11111001251545168
26242,3.90625,-0.11111134339975927,3.5236904148662984e-10,1.877149545152516e-5,1.3625599488724478e-5,0.11111134339975927,-0.11111001114010521
26243,9.765625,-0.11111056545651213,2.380299931446962e-10,1.542822067332122e-5,7.826874203218737e-6,0.11111056545651213,-0.11111000870373532
26244,24.4140625,-0.11111004361074679,4.908139410034677e-11,7.00581145195521e-6,1.1162600607307487e-5,0.11111004361074679,-0.11111000837126568
26245,9.765625,-0.11111035088834459,1.038608351747821e-11,3.222744718012615e-6,2.6224200937969712e-5,0.11111035088834459,-0.11111000930801052
26246,3.90625,-0.1111104710201798,2.1310887952613223e-12,1.459824919386336e-6,2.8858547356472403e-5,0.1111104710201798,-0.1111100102009243
26247,1.5625,-0.1111105655866289,1.1316950878865549e-11,3.364067609140094e-6,2.867778545170618e-5,0.1111105655866289,-0.11111001100767565
26248,0.625,-0.11111065320664873,3.5510211454615344e-11,5.959044508527802e-6,2.812215925651302e-5,0.11111065320664873,-0.11111001176932724
26249,0.25,-0.11111073862084356,7.414286041235203e-11,8.610624856092154e-6,2.768574228246823e-5,0.11111073862084356,-0.11111001251268146
26250,0.1,-0.1111108233143087,1.2703858664905144e-10,1.1271139545274534e-5,2.7401168740347725e-5,0.1111108233143087,-0.11111001324929973
26251,0.1,-0.11111090649205967,1.9370141016182815e-10,1.3917665399118782e-5,2.721969466057939e-5,0.11111090649205967,-0.11111001396774739
26252,0.1,-0.11111098793557288,2.736518352066233e-10,1.6542425312106543e-5,2.7015710682360422e-5,0.11111098793557288,-0.11111001466559899
26253,0.1,-0.11111106743262633,3.6636657257956457e-10,1.914070459987209e-5,2.6789240269020927e-5,0.11111106743262633,-0.11111001534051335
26254,0.1,-0.11111114477792945,4.712804816835832e-10,2.17089954093593e-5,2.654037641449967e-5,0.11111114477792945,-0.11111001599024406
26255,0.25,-0.11111121392157867,5.845380381636104e-10,2.417722147318857e-5,2.6270866959422242e-5,0.11111121392157867,-0.11111001650853605
26256,0.625,-0.11111126080314662,6.958391669373969e-10,2.637876355967802e-5,2.5630350132539614e-5,0.11111126080314662,-0.11111001665657794
26257,1.5625,-0.11111124993343935,7.767723137698488e-10,2.7870635331291763e-5,2.3989973000707644e-5,0.11111124993343935,-0.11111001582686908
26258,3.90625,-0.11111110398576642,7.581011708006943e-10,2.753363707904741e-5,1.979322499497309e-5,0.11111110398576642,-0.11111001284521589
26259,9.765625,-0.11111072632900396,5.235946676258488e-10,2.2882191058241096e-5,1.0141924993009766e-5,0.11111072632900396,-0.11111000739952336
26260,24.4140625,-0.11111035403551313,1.0712083822075214e-10,1.0349919720497939e-5,1.4930749056520135e-5,0.11111035403551313,-0.1111100065805397
26261,9.765625,-0.11111043703365513,2.2289774083132175e-11,4.72120472794097e-6,3.857823820526278e-5,0.11111043703365513,-0.11111000862081409
26262,3.90625,-0.11111044137235015,3.301017785986621e-12,1.8168703272348913e-6,4.263416106162683e-5,0.11111044137235015,-0.11111001057690277
26263,1.5625,-0.11111043780240554,2.2833008821250782e-11,4.778389772847207e-6,4.2433863731165656e-5,0.11111043780240554,-0.11111001234553265
26264,0.625,-0.1111104324083476,7.559627277845015e-11,8.694611709469845e-6,4.16482297587489e-5,0.1111104324083476,-0.11111001401605722
26265,0.25,-0.11111042651064551,1.6038299031009768e-10,1.2664240613242378e-5,4.1028479477527744e-5,0.11111042651064551,-0.11111001564767709
26266,0.1,-0.11111042048799306,2.768473100221404e-10,1.663872921896803e-5,4.062944950543157e-5,0.11111042048799306,-0.11111001726604074
26267,0.1,-0.11111041399546662,4.2395781978667706e-10,2.0590236030378017e-5,4.038089659321766e-5,0.11111041399546662,-0.11111001884615868
26268,0.1,-0.11111040697339325,6.0070729362799e-10,2.4509330746227852e-5,4.0096750561795004e-5,0.11111040697339325,-0.11111002038243244
26269,0.1,-0.11111039936514307,8.059878227220502e-10,2.83899246691859e-5,3.977724575002685e-5,0.11111039936514307,-0.11111002186946285
26270,0.1,-0.1111103911173698,1.0385953685389748e-9,3.2227245748573904e-5,3.942268263474543e-5,0.1111103911173698,-0.11111002330207141
26271,0.25,-0.11111038030404051,1.2901816773123262e-9,3.5919099060420856e-5,3.9035529367626294e-5,0.11111038030404051,-0.1111100244453131
26272,0.625,-0.11111036262638137,1.538345076982485e-9,3.9221742401154044e-5,3.809143949843083e-5,0.11111036262638137,-0.11111002476966267
26273,1.5625,-0.11111032777745002,1.7210325681681313e-9,4.1485329553567866e-5,3.5644057850231414e-5,0.11111032777745002,-0.11111002292382258
26274,3.90625,-0.11111025643425296,1.6858185236019777e-9,4.105872043308191e-5,2.9322270403385092e-5,0.11111025643425296,-0.11111001627459206
26275,9.765625,-0.11111014515358457,1.1717633703061036e-9,3.4231029349204556e-5,1.431039627862581e-5,0.11111014515358457,-0.1111100040339979
26276,24.4140625,-0.11111018496433904,2.4264936701768785e-10,1.557720665002836e-5,2.111663503200841e-5,0.11111018496433904,-0.1111100019994184
26277,9.765625,-0.11111034846660832,5.0996027635906236e-11,7.141150302010611e-6,5.735175913963912e-5,0.11111034846660832,-0.11111000651885979
26278,3.90625,-0.11111045160298609,6.424351877433696e-12,2.5346305208912985e-6,6.359546650194626e-5,0.11111045160298609,-0.11111001088235664
26279,1.5625,-0.11111054311917057,4.818287114924872e-11,6.941388272474659e-6,6.337011928051947e-5,0.11111054311917057,-0.1111100148328969
26280,0.625,-0.11111063117799375,1.6443197749047565e-10,1.282310327067811e-5,6.222988721170066e-5,0.11111063117799375,-0.1111100185651499
26281,0.25,-0.11111071815058302,3.5248916099044055e-10,1.877469469766261e-5,6.132241016253873e-5,0.11111071815058302,-0.11111002221086658
26282,0.1,-0.11111080482396159,6.116151168277764e-10,2.473085354021928e-5,6.073904417670217e-5,0.11111080482396159,-0.111110025827605
26283,0.1,-0.11111089084616982,9.395696553555157e-10,3.0652400482760165e-5,6.0378221746838316e-5,0.11111089084616982,-0.11111002936028057
26284,0.1,-0.11111097609462749,1.3341521430796592e-9,3.652604746040364e-5,5.996339335016028e-5,0.11111097609462749,-0.11111003279621846
26285,0.1,-0.11111106044781116,1.7929329509763792e-9,4.234303899079965e-5,5.9494935435683344e-5,0.11111106044781116,-0.11111003612318747
26286,0.1,-0.11111114378554605,2.313263591011889e-9,4.809639894016899e-5,5.8973314293796764e-5,0.11111114378554605,-0.11111003932944732
26287,0.25,-0.11111122298066972,2.8766443670831464e-9,5.363435808400382e-5,5.840201807050542e-5,0.11111122298066972,-0.11111004189063733
26288,0.625,-0.11111129058039997,3.433314153937973e-9,5.859448910894243e-5,5.699561362923911e-5,0.11111129058039997,-0.11111004262284026
26289,1.5625,-0.11111132713783381,3.845222191681272e-9,6.200985560119675e-5,5.333309553332375e-5,0.11111132713783381,-0.11111003850063751
26290,3.90625,-0.11111128653912071,3.772572975175864e-9,6.142127461373513e-5,4.383927353794017e-5,0.11111128653912071,-0.11111002360886667
26291,9.765625,-0.11111108620899504,2.630790591160006e-9,5.1291233082857405e-5,2.1019797844723705e-5,0.11111108620899504,-0.11110999607697376
26292,24.4140625,-0.11111070692444533,5.510012487514034e-10,2.3473415787895108e-5,3.076828020418669e-5,0.11111070692444533,-0.11110999118657346
26293,9.765625,-0.11111058193222387,1.1719264451671792e-10,1.0825555159746679e-5,8.56488321674566e-5,0.11111058193222387,-0.11111000126949383
26294,3.90625,-0.11111046113092223,1.3785143487980064e-11,3.712834966434687e-6,9.517186939478013e-5,0.11111046113092223,-0.1111100110561575
26295,1.5625,-0.11111034725673344,1.0437316146031806e-10,1.0216318390707979e-5,9.490568213444268e-5,0.11111034725673344,-0.11111001992677197
26296,0.625,-0.1111102361067896,3.6229861112921997e-10,1.903414329906182e-5,9.322911028068032e-5,0.1111102361067896,-0.11111002830890628
26297,0.25,-0.11111012608969624,7.815202706877303e-10,2.7955684049719306e-5,9.18849807251249e-5,0.11111012608969624,-0.11111003649670725
26298,0.1,-0.11111001663244463,1.3603869890434055e-9,3.688342431287265e-5,9.10197557026944e-5,0.11111001663244463,-0.11111004461946297
26299,0.1,-0.11110990779736263,2.0939386190595754e-9,4.5759574069909956e-5,9.048511192066044e-5,0.11110990779736263,-0.11111005255487919
26300,0.1,-0.111109799656279,2.9772856471049762e-9,5.456450904301235e-5,8.986919227235069e-5,0.111109799656279,-0.1111100602743868
26301,0.1,-0.11110969228023625,4.005023839491246e-9,6.328525767895116e-5,8.917258230422247e-5,0.11110969228023625,-0.11111006775041149
26302,0.1,-0.11110958573951195,5.171256882142703e-9,7.191145167595147e-5,8.839599460503209e-5,0.11110958573951195,-0.11111007495647866
26303,0.25,-0.11110948166667341,6.434781665035866e-9,8.021709085373183e-5,8.754456000413596e-5,0.11110948166667341,-0.11111008071900653
26304,0.625,-0.111109384149954,7.68465691706591e-9,8.766217495057894e-5,8.544293929321695e-5,0.111109384149954,-0.11111008238531354
26305,1.5625,-0.11110930459008819,8.612854661282967e-9,9.280546676399493e-5,7.996198043395072e-5,0.11110930459008819,-0.11111007317002346
26306,3.90625,-0.11110927466315684,8.460160526549772e-9,9.197913092951995e-5,6.573276641064872e-5,0.11110927466315684,-0.11111003977254254
26307,9.765625,-0.11110938121002797,5.915389890615853e-9,7.691157189016392e-5,3.1317171040084655e-5,0.11110938121002797,-0.11110997780469872
26308,24.4140625,-0.11111006685776627,8.635148621596271e-11,9.292550038388963e-6,4.4376854445530304e-5,0.11111006685776627,-0.11111001343427711
26309,9.765625,-0.11111072282500703,9.135465142343252e-11,9.557962723479963e-6,2.495437379700296e-5,0.11111072282500703,-0.111110012843795
26310,3.90625,-0.1111109582757624,1.0383668330929467e-10,1.0190028621613125e-5,1.669489015961764e-5,0.1111109582757624,-0.11111001261812052
26311,1.5625,-0.11111114792760332,1.1948876186948255e-10,1.0931091522326695e-5,1.3244226161422203e-5,0.11111114792760332,-0.11111001257486353
26312,3.90625,-0.1111111853283036,1.189139475868159e-10,1.090476719544328e-5,1.1738806545072701e-5,0.1111111853283036,-0.11111001216932474
26313,9.765625,-0.11111087065933326,8.016567513889717e-11,8.953528641764495e-6,8.513535392770153e-6,0.11111087065933326,-0.11111001135661058
26314,24.4140625,-0.11111032899354344,1.537033228618705e-11,3.920501535031844e-6,8.123029812333571e-6,0.11111032899354344,-0.11111001125656232
26315,9.765625,-0.1111105794757607,3.46498615242649e-12,1.8614473273306687e-6,1.5628564304772188e-5,0.1111105794757607,-0.11111001158159496
26316,3.90625,-0.11111065821435856,1.3976900909623922e-12,1.1822394389303683e-6,1.6819314682284153e-5,0.11111065821435856,-0.11111001188000912
26317,1.5625,-0.11111071776664815,4.792065407573726e-12,2.18907866637399e-6,1.6606741869051278e-5,0.11111071776664815,-0.1111100121491811
26318,0.625,-0.1111107725622801,1.2877245575450977e-11,3.58848792326949e-6,1.624086196553823e-5,0.1111107725622801,-0.11111001240327462
26319,0.25,-0.1111108259612303,2.5461662812319784e-11,5.0459550941640165e-6,1.5961492875671298e-5,0.1111108259612303,-0.11111001265087624
26320,0.1,-0.11111087894241996,4.247354001312457e-11,6.517172700882229e-6,1.5775047891378692e-5,0.11111087894241996,-0.11111001289562365
26321,0.1,-0.11111092989771333,6.372384463418951e-11,7.982721630759118e-6,1.5650625098731957e-5,0.11111092989771333,-0.11111001313375143
26322,0.1,-0.11111097862873591,8.904024222934147e-11,9.43611372490505e-6,1.551727382072804e-5,0.11111097862873591,-0.11111001336463967
26323,0.1,-0.11111102494641019,1.1823930088134557e-10,1.0873789628337747e-5,1.5374636564827013e-5,0.11111102494641019,-0.1111100135876804
26324,0.1,-0.11111106867154774,1.511269690480282e-10,1.2293370939169948e-5,1.522245829917874e-5,0.11111106867154774,-0.11111001380228533
26325,0.25,-0.1111111024579898,1.8640412662375236e-10,1.3652989658816576e-5,1.5061926477401752e-5,0.1111111024579898,-0.11111001397480162
26326,0.625,-0.11111111003957111,2.2066293257058335e-10,1.4854727616842504e-5,1.4703694008148845e-5,0.11111111003957111,-0.11111001403029207
26327,1.5625,-0.11111105171998376,2.446621415553164e-10,1.564167962705145e-5,1.3814965304403902e-5,0.11111105171998376,-0.11111001377981122
26328,3.90625,-0.11111084639955786,2.3654054446654186e-10,1.5379874657049123e-5,1.1606242389202494e-5,0.11111084639955786,-0.11111001286513238
26329,9.765625,-0.11111042076787295,1.6178576551283732e-10,1.271950335165793e-5,6.978118800213023e-6,0.11111042076787295,-0.11111001120878301
26330,24.4140625,-0.11111017310822581,3.352583012900582e-11,5.7901494047222835e-6,9.430492168225074e-6,0.11111017310822581,-0.11111001097321267
26331,9.765625,-0.11111036073452468,7.41710858924327e-12,2.723436907520215e-6,2.1780472942468687e-5,0.11111036073452468,-0.11111001161233887
26332,3.90625,-0.11111044130602434,1.6973912280834048e-12,1.302839678580371e-6,2.3950782027601062e-5,0.11111044130602434,-0.11111001222605514
26333,1.5625,-0.11111050680757832,7.796213320856302e-12,2.792170002141041e-6,2.381436154530982e-5,0.11111050680757832,-0.11111001278252707
26334,0.625,-0.11111056815076562,2.4070132614609748e-11,4.906132144022391e-6,2.336613361480355e-5,0.11111056815076562,-0.1111100133087612
26335,0.25,-0.11111062816370439,5.013398210534892e-11,7.080535439170467e-6,2.3012589292450387e-5,0.11111062816370439,-0.11111001382269148
26336,0.1,-0.11111068774043481,8.586824742655919e-11,9.266512150024905e-6,2.2781795988841295e-5,0.11111068774043481,-0.11111001433209063
26337,0.1,-0.11111074642812085,1.309407280253511e-10,1.1442933541070275e-5,2.2634587768141867e-5,0.11111074642812085,-0.11111001482922016
26338,0.1,-0.11111080409546224,1.850294567061602e-10,1.3602553315688941e-5,2.2468966987711515e-5,0.11111080409546224,-0.11111001531243082
26339,0.1,-0.11111086061463797,2.4778287020193057e-10,1.5741120360442283e-5,2.2284965942927738e-5,0.11111086061463797,-0.11111001578012926
26340,0.1,-0.11111091586165717,3.188210992608784e-10,1.785556213791317e-5,2.2082672902985997e-5,0.11111091586165717,-0.11111001623078658
26341,0.25,-0.11111096625817635,3.9555706836905833e-10,1.988861655241657e-5,2.1863511971884755e-5,0.11111096625817635,-0.11111001659248072
26342,0.625,-0.11111100345267393,4.710725782713126e-10,2.170420646490704e-5,2.1342387092153626e-5,0.11111100345267393,-0.11111001670343948
26343,1.5625,-0.11111100625927382,5.262542633981253e-10,2.29402324181366e-5,2.0007983980722975e-5,0.11111100625927382,-0.11111001615161567
26344,3.90625,-0.11111092790277474,5.143565347361192e-10,2.2679429770964684e-5,1.6599775461620296e-5,0.11111092790277474,-0.11111001413788468
26345,9.765625,-0.11111070580400806,3.5620123519887406e-10,1.887329423282735e-5,8.860271901924209e-6,0.11111070580400806,-0.11111001043900477
26346,24.4140625,-0.1111104560269722,7.33418943276861e-11,8.563988225569096e-6,1.2561328324192898e-5,0.1111104560269722,-0.11111000986816066
26347,9.765625,-0.11111047524674718,1.5499564900336432e-11,3.936948678905585e-6,3.1931422014233946e-5,0.11111047524674718,-0.11111001126032571
26348,3.90625,-0.11111045522818157,2.391088158694424e-12,1.5463143789975e-6,3.528796386707561e-5,0.11111045522818157,-0.11111001259970381
26349,1.5625,-0.11111043248828747,1.5495399967685962e-11,3.936419688966861e-6,3.513507762370623e-5,0.11111043248828747,-0.11111001381268173
26350,0.625,-0.1111104093079514,5.121307777994927e-11,7.156331307307485e-6,3.449517001329821e-5,0.1111104093079514,-0.11111001495921027
26351,0.25,-0.11111038605243119,1.0872255169538545e-10,1.0427010678779679e-5,3.3989003707882284e-5,0.11111038605243119,-0.11111001607936116
26352,0.1,-0.1111103628032039,1.877901017452832e-10,1.3703652861382735e-5,3.3663092537574425e-5,0.1111103628032039,-0.11111001719054632
26353,0.1,-0.111110339385591,2.8772004063790415e-10,1.6962312361170107e-5,3.3460324760494086e-5,0.111110339385591,-0.1111100182758167
26354,0.1,-0.11111031578386243,4.0783167761456814e-10,2.0194842846988637e-5,3.3228289122125344e-5,0.11111031578386243,-0.1111100193313571
26355,0.1,-0.11111029198390848,5.473757248571138e-10,2.3396062165610558e-5,3.296718160394074e-5,0.11111029198390848,-0.11111002035348579
26356,0.1,-0.1111102679733557,7.055373694684485e-10,2.6561953419664912e-5,3.2677252880628925e-5,0.1111102679733557,-0.11111002133867097
26357,0.25,-0.11111024306514183,8.766622215702058e-10,2.960848225712027e-5,3.236050326679461e-5,0.11111024306514183,-0.11111002212723523
26358,0.625,-0.11111021582242962,1.0455669503594695e-9,3.233522769920555e-5,3.1586731072984274e-5,0.11111021582242962,-0.11111002235911237
26359,1.5625,-0.11111018310730444,1.1701699082161388e-9,3.420774631886963e-5,2.957975623674378e-5,0.11111018310730444,-0.11111002111493747
26360,3.90625,-0.11111014091566837,1.1470042336444857e-9,3.386745094695622e-5,2.4398931072589642e-5,0.11111014091566837,-0.11111001660048046
26361,9.765625,-0.11111010302958758,7.984998762637767e-10,2.8257740112467888e-5,1.217844779083431e-5,0.11111010302958758,-0.11111000826463213
26362,24.4140625,-0.11111020138413003,1.6636846067679445e-10,1.2898389848225027e-5,1.756801777257937e-5,0.11111020138413003,-0.11111000684335103
26363,9.765625,-0.111110331368143,3.52871273338127e-11,5.940296906200287e-6,4.741396816139942e-5,0.111110331368143,-0.11111000992628237
26364,3.90625,-0.11111042114418762,4.459621615364726e-12,2.111781621135274e-6,5.259786670038112e-5,0.11111042114418762,-0.11111001291132008
26365,1.5625,-0.11111050215704343,3.2498446286032877e-11,5.700740854137546e-6,5.243055384172533e-5,0.11111050215704343,-0.11111001561684927
26366,0.625,-0.11111058046842032,1.1132667644507638e-10,1.0551145740869869e-5,5.149995968424355e-5,0.11111058046842032,-0.11111001817403386
26367,0.25,-0.11111065791012369,2.391152528693647e-10,1.546335192865262e-5,5.0757146754719795e-5,0.11111065791012369,-0.11111002067236256
26368,0.1,-0.11111073510006762,4.1536315075184893e-10,2.038046002306741e-5,5.0279665906225626e-5,0.11111073510006762,-0.11111002315104138
26369,0.1,-0.11111081180754977,6.385551882500866e-10,2.5269649547433115e-5,4.998477833154186e-5,0.11111081180754977,-0.11111002557268225
26370,0.1,-0.11111088793842705,9.072002900493242e-10,3.011976577016037e-5,4.964534305204556e-5,0.11111088793842705,-0.11111002792862858
26371,0.1,-0.1111109633991219,1.2196511466347015e-9,3.492350421470763e-5,4.9261674589794176e-5,0.1111109633991219,-0.11111003021052453
26372,0.1,-0.11111103809682142,1.574111087010984e-9,3.967506883435722e-5,4.883416131818225e-5,0.11111103809682142,-0.11111003241034857
26373,0.25,-0.11111110971071046,1.9580200608132365e-9,4.42495204585681e-5,4.836564064875714e-5,0.11111110971071046,-0.11111003417110092
26374,0.625,-0.11111117265849624,2.337574130897429e-9,4.834846565194628e-5,4.720981244495425e-5,0.11111117265849624,-0.11111003468632448
26375,1.5625,-0.11111121223037933,2.618951740778911e-9,5.117569482458359e-5,4.419736075407083e-5,0.11111121223037933,-0.1111100318941384
26376,3.90625,-0.1111111927416587,2.571060430668786e-9,5.070562523693782e-5,3.638879489041085e-5,0.1111111927416587,-0.11111002175774727
26377,9.765625,-0.11111104533935116,1.7955512570679782e-9,4.237394549800594e-5,1.7674591712090963e-5,0.11111104533935116,-0.11111000297043509
26378,24.4140625,-0.1111107231383046,3.7828820700324296e-10,1.9449632567306844e-5,2.5443898128279847e-5,0.1111107231383046,-0.1111099995461164
26379,9.765625,-0.11111059447125833,8.112150329818999e-11,9.006747653742165e-6,7.078710269464718e-5,0.11111059447125833,-0.11111000642464149
26380,3.90625,-0.11111047827034982,9.52830522770761e-12,3.086795300584023e-6,7.87043706174341e-5,0.11111047827034982,-0.11111001311917577
26381,1.5625,-0.11111036947259065,7.041240609318995e-11,8.391210049402288e-6,7.851126913862386e-5,0.11111036947259065,-0.11111001919252722
26382,0.625,-0.11111026341806261,2.4555739307315515e-10,1.5670270995523823e-5,7.714015358941306e-5,0.11111026341806261,-0.11111002493325042
26383,0.25,-0.1111101584429997,5.308362901641039e-10,2.3039884768898128e-5,7.603742179114886e-5,0.1111101584429997,-0.1111100305414709
26384,0.1,-0.11111005395667221,9.251270651914302e-10,3.0415901518637092e-5,7.532736489614426e-5,0.11111005395667221,-0.11111003610540136
26385,0.1,-0.11110995004435853,1.4250678181415493e-9,3.77500704388952e-5,7.488900140995555e-5,0.11110995004435853,-0.11111004154193069
26386,0.1,-0.11110984678302328,2.0273388259946104e-9,4.5025979456249596e-5,7.438348963839955e-5,0.11110984678302328,-0.11111004683152403
26387,0.1,-0.11110974424891402,2.728268611055917e-9,5.2232830777738985e-5,7.381131570280877e-5,0.11110974424891402,-0.11111005195532177
26388,0.1,-0.11110964251753906,3.5238493217859403e-9,5.936201918555281e-5,7.317307018727328e-5,0.11110964251753906,-0.1111100568952137
26389,0.25,-0.111109543347342,4.38605746681522e-9,6.622731662097763e-5,7.247293912902268e-5,0.111109543347342,-0.11111006085107579
26390,0.625,-0.11110945110643215,5.239398258261719e-9,7.23836877912539e-5,7.074205835717678e-5,0.11110945110643215,-0.11111006201347445
26391,1.5625,-0.11110937780979831,5.874179910608308e-9,7.664319872375049e-5,6.622494829401434e-5,0.11110937780979831,-0.11111005575190253
26392,3.90625,-0.1111093557837856,5.773249504695982e-9,7.598190248141976e-5,5.449593636089318e-5,0.1111093557837856,-0.11111003297872771
26393,9.765625,-0.11110946764792165,4.041950377332817e-9,6.357633504168683e-5,2.6156330507693294e-5,0.11110946764792165,-0.11110999063539918
26394,24.4140625,-0.1111098889172499,8.588680985126755e-10,2.9306451482782343e-5,3.738850367882796e-5,0.1111098889172499,-0.11110998255577005
26395,9.765625,-0.11111014760190606,1.852561464481473e-10,1.3610883382357932e-5,0.00010598831218139612,0.11111014760190606,-0.11110999798614318
26396,3.90625,-0.11111035434884327,1.9949781403436554e-11,4.4665178163124516e-6,0.0001180298388151767,0.11111035434884327,-0.11111001306255312
26397,1.5625,-0.1111105453314781,1.5325566608337695e-10,1.2379647251976809e-5,0.00011780696419754275,0.1111105453314781,-0.11111002675067656
26398,0.625,-0.11111073125634713,5.440404487939251e-10,2.3324674677129477e-5,0.00011577787075650977,0.11111073125634713,-0.1111100396900876
26399,0.25,-0.11111091564828625,1.1829787149840672e-9,3.4394457620146695e-5,0.00011413583988988562,0.11111091564828625,-0.1111100523300668
26400,0.1,-0.11111109973861201,2.0675490041594083e-9,4.5470309039629455e-5,0.0001130767462833997,0.11111109973861201,-0.11111006486963107
26401,0.1,-0.11111128318585549,3.190262240711289e-9,5.648240647061073e-5,0.00011242279445968851,0.11111128318585549,-0.111110077123431
26402,0.1,-0.11111146579547711,4.543700355110119e-9,6.740697556714824e-5,0.0001116679452955435,0.11111146579547711,-0.11111008904739224
26403,0.1,-0.1111116473713536,6.119652026995927e-9,7.822820480489072e-5,0.00011081290856760044,0.1111116473713536,-0.11111010059895188
26404,0.1,-0.11111182771619249,7.909146968237708e-9,8.893338500382018e-5,0.00010985855044944884,0.11111182771619249,-0.11111011173722081
26405,0.25,-0.11111200242048405,9.84946484990077e-9,9.924447012252506e-5,0.00010881104419228435,0.11111200242048405,-0.11111012066466186
26406,0.625,-0.11111216065355829,1.1771495446291827e-8,0.00010849652273825105,0.00010621801561808989,0.11111216065355829,-0.11111012331260267
26407,1.5625,-0.11111227332757305,1.320523012996883e-8,0.00011491401189571631,9.944548110465551e-5,0.11111227332757305,-0.11111010926103515
26408,3.90625,-0.11111226724398025,1.2990359256187192e-8,0.00011397525721044543,8.184295584475147e-5,0.11111226724398025,-0.11111005801970904
26409,9.765625,-0.11111198666411135,9.114041412329042e-9,9.546748877146105e-5,3.913306411804065e-5,0.11111198666411135,-0.11110996247199599
26410,24.4140625,-0.11111148550359379,1.3416386251677891e-10,1.1582912523056492e-5,5.424037522965625e-5,0.11111148550359379,-0.1111100166213645
26411,9.765625,-0.11110986117667465,1.3847929168250055e-10,1.1767722450946087e-5,3.1870465115440694e-5,0.11110986117667465,-0.11111001587653092
26412,3.90625,-0.11110924452782052,1.609255564217606e-10,1.2685643713338343e-5,2.1568392092788085e-5,0.11110924452782052,-0.11111001555287471
26413,1.5625,-0.11110874758851626,1.8915934767650782e-10,1.3753521282802736e-5,1.6972812020616193e-5,0.11110874758851626,-0.11111001548962954
26414,3.90625,-0.11110862378531727,1.8918877609162303e-10,1.37545910914001e-5,1.4884525491665691e-5,0.11110862378531727,-0.11111001483049085
26415,9.765625,-0.11110938124140703,1.2326897872171777e-10,1.1102656381322345e-5,1.0233884721334423e-5,0.11110938124140703,-0.11111001354389523
26416,24.4140625,-0.11111078087589829,2.424880274234625e-11,4.924307336300837e-6,9.307139609580984e-6,0.11111078087589829,-0.11111001335222827
26417,9.765625,-0.1111101281768993,5.2865531644635625e-12,2.2992505658286924e-6,1.9461273507455527e-5,0.1111101281768993,-0.11111001387082481
26418,3.90625,-0.11110989469834497,2.9127645499734163e-12,1.7066823225115494e-6,2.0748377278480767e-5,0.11110989469834497,-0.11111001431931544
26419,1.5625,-0.11110971172357678,9.075142241215957e-12,3.012497674889718e-6,2.0373613862269023e-5,0.11110971172357678,-0.11111001471982956
26420,0.625,-0.11110954162807266,2.2619155634787183e-11,4.75596001189951e-6,1.986768649470527e-5,0.11110954162807266,-0.11111001509708543
26421,0.25,-0.11110937539730864,4.327505829405177e-11,6.578378089928533e-6,1.9497447467932607e-5,0.11110937539730864,-0.11111001546476697
26422,0.1,-0.11110921035954895,7.094481674470575e-11,8.42287461290418e-6,1.9255759708345204e-5,0.11110921035954895,-0.11111001582844883
26423,0.1,-0.11110905048725439,1.0528244567193647e-10,1.0260723447785565e-5,1.909721876353074e-5,0.11110905048725439,-0.11111001618170777
26424,0.1,-0.11110889630392408,1.4599311869791214e-10,1.2082761219932807e-5,1.892667886161305e-5,0.11110889630392408,-0.1111100165235539
26425,0.1,-0.11110874831034173,1.9276328595539406e-10,1.3883921850665756e-5,1.874376270481545e-5,0.11110874831034173,-0.11111001685302478
26426,0.1,-0.11110860698306503,2.452619158981252e-10,1.5660840204092667e-5,1.8548221213952347e-5,0.11110860698306503,-0.1111100171691944
26427,0.25,-0.11110849112750293,3.0113048023174674e-10,1.7353111543228977e-5,1.834162187807615e-5,0.11110849112750293,-0.11111001741784693
26428,0.625,-0.11110844262338783,3.5428420350046657e-10,1.882243882977088e-5,1.7876335325110865e-5,0.11110844262338783,-0.1111100174796856
26429,1.5625,-0.11110856434248013,3.8866723813562007e-10,1.971464527034712e-5,1.6722975678453866e-5,0.11110856434248013,-0.11111001705934231
26430,3.90625,-0.11110907012274597,3.6864122476652027e-10,1.9200031894934975e-5,1.389019860496829e-5,0.11110907012274597,-0.11111001562162494
26431,9.765625,-0.11111017697692255,2.466502312192132e-10,1.570510207605201e-5,8.154716422629786e-6,0.11111017697692255,-0.11111001311171519
26432,24.4140625,-0.11111096567468676,5.235839997747487e-11,7.235910445650559e-6,1.1473075872088977e-5,0.11111096567468676,-0.11111001272885056
26433,9.765625,-0.11111054592624853,1.1142606439074959e-11,3.338054289413963e-6,2.6656163965415793e-5,0.11111054592624853,-0.11111001369806271
26434,3.90625,-0.11111038436822342,2.0949243331420206e-12,1.4473853436946295e-6,2.9415112696358978e-5,0.11111038436822342,-0.11111001462776975
26435,1.5625,-0.11111025816136494,1.1223624971638453e-11,3.35016790200707e-6,2.9261500335514132e-5,0.11111025816136494,-0.11111001546914466
26436,0.625,-0.11111014159027514,3.5971323207025466e-11,5.997609791160598e-6,2.8708658684423398e-5,0.11111014159027514,-0.11111001626374638
26437,0.25,-0.11111002811304999,7.574309584980617e-11,8.703050950661279e-6,2.82702567777061e-5,0.11111002811304999,-0.11111001703925825
26438,0.1,-0.11110991568210721,1.303565574625524e-10,1.1417379623300278e-5,2.798365120981011e-5,0.11110991568210721,-0.1111100178077245
26439,0.1,-0.11110980535377764,1.9930264547686308e-10,1.4117458888796634e-5,2.7800840974978933e-5,0.11110980535377764,-0.11111001855744616
26440,0.1,-0.11110969742406378,2.8208713557585027e-10,1.6795449847379803e-5,2.7594993007400463e-5,0.11110969742406378,-0.11111001928589027
26441,0.1,-0.1111095921799017,3.7816994245924957e-10,1.9446592052574392e-5,2.7366139464548927e-5,0.1111095921799017,-0.11111001999061083
26442,0.1,-0.11110948989833669,4.86967172943266e-10,2.2067332710213666e-5,2.711438207341117e-5,0.11110948989833669,-0.11111002066926007
26443,0.25,-0.11110939875975495,6.04492776373773e-10,2.4586434804049425e-5,2.6841460372098092e-5,0.11110939875975495,-0.1111100212118773
26444,0.625,-0.11110933777839214,7.20090224109389e-10,2.6834496904346633e-5,2.619143226642968e-5,0.11110933777839214,-0.11111002137101307
26445,1.5625,-0.11110935493707076,8.043743555404902e-10,2.836149424026333e-5,2.4524993122235895e-5,0.11110935493707076,-0.11111002051674158
26446,3.90625,-0.11110955474362809,7.858418194409549e-10,2.8032870338960205e-5,2.0259419001432336e-5,0.11110955474362809,-0.11111001742888646
26447,9.765625,-0.11111006751587714,5.446899941074415e-10,2.3338594518681744e-5,1.0427893190158276e-5,0.11111006751587714,-0.11111001176050611
26448,24.4140625,-0.11111056881356941,1.1359593031864123e-10,1.0658139158344726e-5,1.4991382078926358e-5,0.11111056881356941,-0.11111001081702936
26449,9.765625,-0.11111044208898709,2.4024038681747025e-11,4.901432309207894e-6,3.92961580353705e-5,0.11111044208898709,-0.11111001293274068
26450,3.90625,-0.11111042348937322,3.208891810153791e-12,1.7913379943924014e-6,4.353856820616679e-5,0.11111042348937322,-0.11111001497676998
26451,1.5625,-0.11111041669509511,2.258530940495215e-11,4.752400383485397e-6,4.3381113244413274e-5,0.11111041669509511,-0.11111001682862054
26452,0.625,-0.11111041281838292,7.661248228526955e-11,8.752855664597101e-6,4.260083118515472e-5,0.11111041281838292,-0.11111001857855109
26453,0.25,-0.11111040985305216,1.6402286669948464e-10,1.2807141238367157e-5,4.197865651334061e-5,0.11111040985305216,-0.1111100202877746
26454,0.1,-0.11111040721156751,2.8445604144622817e-10,1.686582465953646e-5,4.157686478759009e-5,0.11111040721156751,-0.11111002198305517
26455,0.1,-0.11111040534720007,4.3685714001562504e-10,2.0901127721145216e-5,4.132649540729266e-5,0.11111040534720007,-0.11111002363880243
26456,0.1,-0.11111040434519258,6.201904061562545e-10,2.4903622350097074e-5,4.1039772522201846e-5,0.11111040434519258,-0.1111100252491628
26457,0.1,-0.11111040428603121,8.33315136030698e-10,2.8867198271233355e-5,4.071693462227067e-5,0.11111040428603121,-0.11111002680848873
26458,0.1,-0.11111040524515375,1.074990364052583e-9,3.278704567436022e-5,4.035828655558926e-5,0.11111040524515375,-0.11111002831136046
26459,0.25,-0.11111040993471377,1.33662187068839e-9,3.655983958783723e-5,3.9966289346764406e-5,0.11111040993471377,-0.11111002951419417
26460,0.625,-0.1111104244425502,1.5951173694857967e-9,3.993892048473264e-5,3.900834129419076e-5,0.1111104244425502,-0.11111002986710738
26461,1.5625,-0.11111046349812886,1.7864458852824112e-9,4.226636825281315e-5,3.65220309162485e-5,0.11111046349812886,-0.11111002796481599
26462,3.90625,-0.11111055565479612,1.7530522959306868e-9,4.186946734710972e-5,3.009268760085877e-5,0.11111055565479612,-0.11111002105810149
26463,9.765625,-0.11111071365748433,1.2237980059027102e-9,3.498282444146999e-5,1.4773301456665849e-5,0.11111071365748433,-0.11111000826320733
26464,24.4140625,-0.11111070478759288,2.5772818687907697e-10,1.6053915001614933e-5,2.1214235680162042e-5,0.11111070478759288,-0.11111000594752167
26465,9.765625,-0.11111051536201638,5.5059283352718817e-11,7.420194293461514e-6,5.854152380783971e-5,0.11111051536201638,-0.1111100106519256
26466,3.90625,-0.11111040048189148,6.301599455414965e-12,2.510298678527112e-6,6.50661227720932e-5,0.11111040048189148,-0.11111001522771645
26467,1.5625,-0.11111029950524286,4.791197543497425e-11,6.921847689379928e-6,6.490077505826749e-5,0.11111029950524286,-0.11111001937845137
26468,0.625,-0.11111020276212653,1.6745141986942832e-10,1.2940302155260066e-5,6.376477152783967e-5,0.11111020276212653,-0.11111002330157811
26469,0.25,-0.11111010749906863,3.620928455588367e-10,1.9028737361129262e-5,6.285105754072052e-5,0.11111010749906863,-0.11111002713381836
26470,0.1,-0.11111001281432602,6.310595653064781e-10,2.5120898974886987e-5,6.226183601119284e-5,0.11111001281432602,-0.11111003093542338
26471,0.1,-0.11110991911764545,9.72049183239677e-10,3.11777033028361e-5,6.189710945713806e-5,0.11110991911764545,-0.11111003464974258
26472,0.1,-0.1111098265387213,1.3827881843036752e-9,3.7185860004895345e-5,6.147720032477511e-5,0.1111098265387213,-0.11111003826349211
26473,0.1,-0.1111097352042373,1.86076408792902e-9,4.313657482843324e-5,6.1002490350340955e-5,0.1111097352042373,-0.11111004176384802
26474,0.1,-0.11110964523763812,2.403235889101303e-9,4.902280988582053e-5,6.0473451575171355e-5,0.11110964523763812,-0.11111004513849468
26475,0.25,-0.11110956012625879,2.9910922947783597e-9,5.469087944784175e-5,5.98935702875121e-5,0.11110956012625879,-0.11111004784183845
26476,0.625,-0.1111094881061733,3.572863568889836e-9,5.977343531109648e-5,5.846370512880637e-5,0.1111094881061733,-0.1111100486401427
26477,1.5625,-0.11110945056013387,4.005610879080551e-9,6.328989555277012e-5,5.4736450837448515e-5,0.11110945056013387,-0.11111004437621647
26478,3.90625,-0.1111094980241197,3.936854629707759e-9,6.274435934574326e-5,4.5065728633010694e-5,0.1111094980241197,-0.11111002885347591
26479,9.765625,-0.11110972129813473,2.756864650285216e-9,5.2505853485923035e-5,2.1757210507420555e-5,0.11110972129813473,-0.11110999998061415
26480,24.4140625,-0.11111014509965006,5.86591750337441e-10,2.4219656280332324e-5,3.099115445505723e-5,0.11111014509965006,-0.11110999445183925
26481,9.765625,-0.11111028302872529,1.266821044982195e-10,1.1255314500191433e-5,8.759162476633007e-5,0.11111028302872529,-0.11111000498638249
26482,3.90625,-0.11111041536298669,1.362970479284167e-11,3.691843007610382e-6,9.754371088072942e-5,0.11111041536298669,-0.11111001528372774
26483,1.5625,-0.1111105402905006,1.0433411721969701e-10,1.0214407335704652e-5,9.736360368714637e-5,0.1111105402905006,-0.1111100246344994
26484,0.625,-0.11111066261135552,3.7071156586230125e-10,1.9253871451277046e-5,9.568927021455087e-5,0.11111066261135552,-0.11111003347427086
26485,0.25,-0.11111078414812824,8.063856860254462e-10,2.8396930926166056e-5,9.433323767970443e-5,0.11111078414812824,-0.11111004210943244
26486,0.1,-0.11111090556583014,1.4096249346739737e-9,3.7544972162381126e-5,9.34579340504629e-5,0.11111090556583014,-0.11111005067576737
26487,0.1,-0.1111110267181011,2.1753168108196664e-9,4.664029171027628e-5,9.291688285813743e-5,0.1111110267181011,-0.11111005904693544
26488,0.1,-0.11111114749547503,3.0983953449210376e-9,5.566323153501814e-5,9.229258237277133e-5,0.11111114749547503,-0.1111100671928794
26489,0.1,-0.11111126778620613,4.173254196607961e-9,6.460072907179888e-5,9.15856239878174e-5,0.11111126778620613,-0.11111007508457321
26490,0.1,-0.11111138747648375,5.393770071789638e-9,7.344229075804783e-5,9.079672812507517e-5,0.11111138747648375,-0.11111008269413544
26491,0.25,-0.11111150421894947,6.717193439324066e-9,8.195848607267014e-5,8.993102983038116e-5,0.11111150421894947,-0.11111008879566266
26492,0.625,-0.11111161212940779,8.02826938403288e-9,8.960061039989003e-5,8.779011557893791e-5,0.11111161212940779,-0.11111009061418435
26493,1.5625,-0.1111116950079652,9.006661038942734e-9,9.490343006942759e-5,8.220076423045879e-5,0.1111116950079652,-0.11111008104214778
26494,3.90625,-0.11111170987980425,8.86141507431955e-9,9.413508949546683e-5,6.767704493665112e-5,0.11111170987980425,-0.1111100460981748
26495,9.765625,-0.1111115525745817,6.219580994328048e-9,7.886432016018428e-5,3.246782880452835e-5,0.1111115525745817,-0.11110998089929165
26496,24.4140625,-0.11111097657523081,8.933601907787369e-11,9.451773329797626e-6,4.481626401729042e-5,0.11111097657523081,-0.11111001790262647
26497,9.765625,-0.11111005517992908,9.393773106427659e-11,9.692147907676429e-6,2.5535758594655732e-5,0.11111005517992908,-0.11111001732368049
26498,3.90625,-0.11110971491273723,1.0741221425138618e-10,1.0363986407333145e-5,1.7141934972911265e-5,0.11110971491273723,-0.11111001709463617
26499,1.5625,-0.11110944036676712,1.2425857691342094e-10,1.114713312531168e-5,1.357242080006752e-5,0.11110944036676712,-0.11111001705060165
26500,3.90625,-0.11110937814789683,1.2378754179244982e-10,1.1125984980775851e-5,1.2000623779716548e-5,0.11110937814789683,-0.11111001662638871
26501,9.765625,-0.1111098124095365,8.283983733158328e-11,9.101639266175258e-6,8.612453189973118e-6,0.1111098124095365,-0.11111001578135708
26502,24.4140625,-0.1111105929493495,1.627439578835547e-11,4.0341536644450556e-6,8.150273744590821e-6,0.1111105929493495,-0.11111001566419434
26503,9.765625,-0.11111024472416407,3.696599619356397e-12,1.922654316136002e-6,1.5987810607380083e-5,0.11111024472416407,-0.11111001600609371
26504,3.90625,-0.11111012896262895,1.604153843681194e-12,1.2665519506444234e-6,1.7174691835793368e-5,0.11111012896262895,-0.11111001631631767
26505,1.5625,-0.11111004002959347,5.2103368564844615e-12,2.2826162306626277e-6,1.6944624674170795e-5,0.11111004002959347,-0.11111001659600864
26506,0.625,-0.11110995783883074,1.3720993318538318e-11,3.70418591846283e-6,1.6566547664905254e-5,0.11110995783883074,-0.11111001686009063
26507,0.25,-0.111109877652213,2.694162651143866e-11,5.190532391907275e-6,1.628001154470981e-5,0.111109877652213,-0.11111001711749957
26508,0.1,-0.11110979807887507,4.4800206722224465e-11,6.693295654774594e-6,1.6089585732749268e-5,0.11110979807887507,-0.11111001737200397
26509,0.1,-0.1111097213125035,6.709203623947505e-11,8.190972850612744e-6,1.5962961359155942e-5,0.1111097213125035,-0.11111001761961375
26510,0.1,-0.11110964763092847,9.363413551791095e-11,9.676473299602027e-6,1.582703196768587e-5,0.11110964763092847,-0.11111001785967392
26511,0.1,-0.11110957729932706,1.2423167950258746e-10,1.1145926587887947e-5,1.56814558871449e-5,0.11110957729932706,-0.11111001809154551
26512,0.1,-0.1111095105693916,1.5867858792707227e-10,1.2596768947911693e-5,1.552599484520407e-5,0.1111095105693916,-0.1111100183146107
26513,0.25,-0.11110945760513209,1.9556960520704005e-10,1.3984620309720248e-5,1.53618595140022e-5,0.11110945760513209,-0.11111001849357338
26514,0.625,-0.11110944096494063,2.3123608334852892e-10,1.5206448742179383e-5,1.4994617130673086e-5,0.11110944096494063,-0.11111001855001923
26515,1.5625,-0.11110951585575764,2.558093874373e-10,1.599404224820292e-5,1.4083763787485233e-5,0.11110951585575764,-0.11111001828701925
26516,3.90625,-0.11110979594131301,2.4636158146507684e-10,1.569590970492239e-5,1.1828087754179485e-5,0.11110979594131301,-0.11111001733450546
26517,9.765625,-0.11111038968696021,1.6814459552452944e-10,1.2967058090582052e-5,7.145740390403244e-6,0.11111038968696021,-0.11111001561607071
26518,24.4140625,-0.11111077031829106,3.5543926922305904e-11,5.9618727697180775e-6,9.556935205782722e-6,0.11111077031829106,-0.11111001534695047
26519,9.765625,-0.11111052388431124,7.910758780672416e-12,2.812607114524248e-6,2.2166573218051192e-5,0.11111052388431124,-0.11111001600955757
26520,3.90625,-0.1111104207055897,1.674370490985032e-12,1.2939746871500354e-6,2.4433652519179546e-5,0.1111104207055897,-0.1111100166495694
26521,1.5625,-0.1111103376527711,7.769660464056559e-12,2.7874110683673045e-6,2.4316704172619953e-5,0.1111103376527711,-0.11111001723068728
26522,0.625,-0.11111026016183496,2.4473205273337248e-11,4.947040051721559e-6,2.3869051466922112e-5,0.11111026016183496,-0.11111001778035202
26523,0.25,-0.11111018447021198,5.138118929740885e-11,7.168067333487378e-6,2.351279144273306e-5,0.11111018447021198,-0.1111100183171417
26524,0.1,-0.1111101093909516,8.83692503287246e-11,9.400492025884846e-6,2.3279599771536268e-5,0.1111101093909516,-0.11111001884917193
26525,0.1,-0.11111003550528793,1.3509605179406604e-10,1.1623082714756272e-5,2.3130760759884817e-5,0.11111003550528793,-0.1111100193685021
26526,0.1,-0.11110996298429542,1.912293458899189e-10,1.3828569914850881e-5,2.296307511056211e-5,0.11110996298429542,-0.11111001987340773
26527,0.1,-0.11110989199414296,2.564059574128841e-10,1.601268114379613e-5,2.2776579210478787e-5,0.11110989199414296,-0.11111002036222192
26528,0.1,-0.11110982269563818,3.3023313040630795e-10,1.8172317694953168e-5,2.2571365473060406e-5,0.11110982269563818,-0.11111002083334556
26529,0.25,-0.1111097597513662,4.1003804607907235e-10,2.0249396190481147e-5,2.234885955820685e-5,0.1111097597513662,-0.11111002121217566
26530,0.625,-0.11110971403961538,4.886667604736463e-10,2.2105808297224654e-5,2.1818959700798703e-5,0.11110971403961538,-0.11111002133068762
26531,1.5625,-0.11110971313543026,5.463472442916719e-10,2.337407205199111e-5,2.046081181047383e-5,0.11110971313543026,-0.11111002076047383
26532,3.90625,-0.11110981781595759,5.347075049532329e-10,2.3123743316194134e-5,1.6988447995235222e-5,0.11110981781595759,-0.1111100186682606
26533,9.765625,-0.11111010871156322,3.716430133279686e-10,1.9278044852317587e-5,9.06722983624618e-6,0.11111010871156322,-0.11111001480564454
26534,24.4140625,-0.11111042922105714,7.773455300942604e-11,8.816720082288314e-6,1.2628092318623759e-5,0.11111042922105714,-0.11111001415608338
26535,9.765625,-0.1111103917596764,1.6639633734230432e-11,4.079170716485207e-6,3.257170194937042e-5,0.1111103917596764,-0.11111001560422963
26536,3.90625,-0.11111040737723986,2.339036574987736e-12,1.5293909163414485e-6,3.607564263206022e-5,0.11111040737723986,-0.11111001700660218
26537,1.5625,-0.11111042744273494,1.5455909137977114e-11,3.931400404178785e-6,3.5952575976418196e-5,0.11111042744273494,-0.11111001827870742
26538,0.625,-0.11111044843356793,5.2212975083480636e-11,7.225854626511707e-6,3.531359321625424e-5,0.11111044843356793,-0.11111001948153335
26539,0.25,-0.11111046969249493,1.1174626153801979e-10,1.057101043127003e-5,3.4803365210197e-5,0.11111046969249493,-0.11111002065668112
26540,0.1,-0.1111104910513382,1.9381119575947104e-10,1.39216089500988e-5,3.4473931130926845e-5,0.1111104910513382,-0.11111002182237115
26541,0.1,-0.11111051273168289,2.976925694737633e-10,1.725376971776786e-5,3.426885258114753e-5,0.11111051273168289,-0.1111100229611639
26542,0.1,-0.11111053475869731,4.226871974398464e-10,2.055935790436672e-5,3.4033841076994026e-5,0.11111053475869731,-0.1111100240690609
26543,0.1,-0.11111055715499403,5.680202358902783e-10,2.383317511139207e-5,3.3769095722578235e-5,0.11111055715499403,-0.11111002514220468
26544,0.1,-0.11111057994049899,7.328483546464337e-10,2.7071172022031733e-5,3.347487069391165e-5,0.11111057994049899,-0.11111002617689138
26545,0.25,-0.11111060412053154,9.11327324992549e-10,3.0188198439001772e-5,3.315317204807341e-5,0.11111060412053154,-0.11111002700702242
26546,0.625,-0.11111063184356285,1.08774589025392e-9,3.29809928633739e-5,3.2366032856455486e-5,0.11111063184356285,-0.11111002725752375
26547,1.5625,-0.11111066797290292,1.218518319822886e-9,3.4907281759296094e-5,3.0322368396804546e-5,0.11111066797290292,-0.1111100259694753
26548,3.90625,-0.11111071994777906,1.1963029783584943e-9,3.458761307691663e-5,2.5041296853778205e-5,0.11111071994777906,-0.1111100212649164
26549,9.765625,-0.11111077642330805,8.359764102995398e-10,2.8913256653299015e-5,1.2537480756505097e-5,0.11111077642330805,-0.11111001253074444
26550,24.4140625,-0.11111068373611026,1.766696558495884e-10,1.3291713804080661e-5,1.769859956146296e-5,0.11111068373611026,-0.11111001093089258
26551,9.765625,-0.11111053792695476,3.7968630852619496e-11,6.161869103820649e-6,4.8459386300396664e-5,0.11111053792695476,-0.1111100141491505
26552,3.90625,-0.11111043953899111,4.401312532108273e-12,2.0979305355774467e-6,5.3865887772796994e-5,0.11111043953899111,-0.11111001728479504
26553,1.5625,-0.1111103512299959,3.258582050827547e-11,5.70839911956719e-6,5.37404334970588e-5,0.1111103512299959,-0.11111002013136367
26554,0.625,-0.11111026609732529,1.140222143216054e-10,1.0678118482279797e-5,5.28086482584895e-5,0.11111026609732529,-0.11111002282279331
26555,0.25,-0.11111018208635746,2.467801598556069e-10,1.570923804185317e-5,5.2058020731892964e-5,0.11111018208635746,-0.1111100254522796
26556,0.1,-0.11111009851118252,4.303320356127532e-10,2.0744445897944663e-5,5.15741651205044e-5,0.11111009851118252,-0.1111100280609584
26557,0.1,-0.11111001562897964,6.631130805457649e-10,2.5750982127790098e-5,5.127509797446351e-5,0.11111001562897964,-0.11111003061020447
26558,0.1,-0.11110993353707377,9.435764502200376e-10,3.071768953258102e-5,5.093045435260184e-5,0.11110993353707377,-0.11111003309092907
26559,0.1,-0.11110985233101384,1.2700118707830663e-9,3.5637225913124414e-5,5.054055353111641e-5,0.11110985233101384,-0.11111003549435618
26560,0.1,-0.11110977210441837,1.6405527480637184e-9,4.050373745796452e-5,5.010578927286744e-5,0.11110977210441837,-0.11111003781205647
26561,0.25,-0.11110969536193578,2.0421724621609117e-9,4.519040232351237e-5,4.962901314400983e-5,0.11110969536193578,-0.11111003967146998
26562,0.625,-0.11110962808465251,2.439774258260319e-9,4.9394071084091855e-5,4.845133110731277e-5,0.11110962808465251,-0.111110040229886
26563,1.5625,-0.11110958598180024,2.73586101740922e-9,5.2305458772571915e-5,4.5379471150119794e-5,0.11110958598180024,-0.11111003733011238
26564,3.90625,-0.11110960716778358,2.689898983211573e-9,5.186423607083761e-5,3.74101779815853e-5,0.11110960716778358,-0.11111002673478433
26565,9.765625,-0.11110976610619293,1.88528876807424e-9,4.3419912114999034e-5,1.825844990971852e-5,0.11110976610619293,-0.11111000699517608
26566,24.4140625,-0.11111011997084178,4.025251357375676e-10,2.006302907682605e-5,2.5700946590310697e-5,0.11111011997084178,-0.11111000316380247
26567,9.765625,-0.11111026294583755,8.739303438944982e-11,9.34842416610681e-6,7.247020706621926e-5,0.11111026294583755,-0.11111001036769719
26568,3.90625,-0.11111039055523103,9.479843400379766e-12,3.0789354329670127e-6,8.072701250197983e-5,0.11111039055523103,-0.11111001742085949
26569,1.5625,-0.11111051005418672,7.093930808083129e-11,8.42254760038976e-6,8.059401674652042e-5,0.11111051005418672,-0.11111002382942252
26570,0.625,-0.1111106267728052,2.525552894796994e-10,1.5891988216698984e-5,7.921823568461046e-5,0.1111106267728052,-0.11111002988915074
26571,0.25,-0.1111107426093154,5.499658706471999e-10,2.345135114758209e-5,7.810195810757496e-5,0.1111107426093154,-0.11111003580912383
26572,0.1,-0.11111085824276534,9.619903777653963e-10,3.1015969721506315e-5,7.738137194012361e-5,0.11111085824276534,-0.11111004168215206
26573,0.1,-0.11111097352351822,1.4851473169704264e-9,3.853760912369145e-5,7.693628225326405e-5,0.11111097352351822,-0.11111004742204099
26574,0.1,-0.11111108834546331,2.115983418874688e-9,4.599981977002397e-5,7.642236059827004e-5,0.11111108834546331,-0.11111005300821317
26575,0.1,-0.11111120260118885,2.8506756471878715e-9,5.3391718900854574e-5,7.58400992810831e-5,0.11111120260118885,-0.11111005842079427
26576,0.1,-0.11111131618216936,3.6850471732605105e-9,6.0704589392075706e-5,7.519009695201891e-5,0.11111131618216936,-0.1111100636406925
26577,0.25,-0.11111142675769851,4.589925409774832e-9,6.774898825646646e-5,7.447656748943294e-5,0.11111142675769851,-0.11111006783012045
26578,0.625,-0.11111152853126487,5.4866348867239795e-9,7.407182248820384e-5,7.271005728554758e-5,0.11111152853126487,-0.11111006909212373
26579,1.5625,-0.11111160568177401,6.156457250601662e-9,7.84630948319123e-5,6.809616549631478e-5,0.11111160568177401,-0.11111006256672844
26580,3.90625,-0.11111161690166996,6.059154805818737e-9,7.78405730054625e-5,5.610663658795643e-5,0.11111161690166996,-0.11111003868699866
26581,9.765625,-0.11111146539010568,4.256026716093865e-9,6.523823047948085e-5,2.707463009668953e-5,0.11111146539010568,-0.11110999407428447
26582,24.4140625,-0.11111098828940277,9.153171971881915e-10,3.0254209577977597e-5,3.7859842277007503e-5,0.11111098828940277,-0.1111099850811203
26583,9.765625,-0.11111072670212228,1.9971361266326497e-10,1.4132006675036103e-5,0.00010866832101816448,0.11111072670212228,-0.11111000128884363
26584,3.90625,-0.11111051338322277,2.0006200127112245e-11,4.472829096568775e-6,0.00012121999828474518,0.11111051338322277,-0.11111001721183131
26585,1.5625,-0.11111031625724985,1.5521309958192992e-10,1.2458454943608774e-5,0.0001210796901438865,0.11111031625724985,-0.11111003168909335
26586,0.625,-0.11111012481703544,5.618332924412152e-10,2.3703022854505608e-5,0.00011903730149391709,0.11111012481703544,-0.11111004537892143
26587,0.25,-0.11110993559762024,1.2299771815571201e-9,3.5071030517467266e-5,0.00011737077373806359,0.11110993559762024,-0.11111005875207414
26588,0.1,-0.11110974740135961,2.1569728053411676e-9,4.644322130667906e-5,0.00011629318175057075,0.11110974740135961,-0.11111007201844177
26589,0.1,-0.11110956049550362,3.3350268440030465e-9,5.7749691289244535e-5,0.0001156273054948729,0.11110956049550362,-0.1111100849851568
26590,0.1,-0.1111093750350211,4.756390046039737e-9,6.896658644618956e-5,0.00011485799032824241,0.1111093750350211,-0.111110097605721
26591,0.1,-0.11110919117192723,6.412479579709505e-9,8.007795938777102e-5,0.00011398595640868951,0.11110919117192723,-0.11111010983521394
26592,0.1,-0.11110900905521125,8.29391468752492e-9,9.107093217665513e-5,0.00011301208253952503,0.11110900905521125,-0.11111012163046671
26593,0.25,-0.11110883246441956,1.0335208095565572e-8,0.00010166222550960397,0.00011194259418867742,0.11110883246441956,-0.1111101311043549
26594,0.625,-0.11110867061164216,1.2359627836798908e-8,0.00011117386310099558,0.00010929229350143741,0.11110867061164216,-0.1111101339805861
26595,1.5625,-0.11110854835471093,1.387559729173461e-8,0.00011779472522882597,0.00010236550328129728,0.11110854835471093,-0.11111011929583094
26596,3.90625,-0.1111085301333369,1.3667840942974902e-8,0.00011690954171056741,8.43501122595189e-5,0.1111085301333369,-0.11111006542953215
26597,9.765625,-0.11110876791806959,9.61939281755012e-9,9.807850334069194e-5,4.056004440035663e-5,0.11110876791806959,-0.11110996453110371
26598,24.4140625,-0.1111095328005847,1.3834270154620898e-10,1.176191742643218e-5,5.503591935855217e-5,0.1111095328005847,-0.11111002114826408
26599,9.765625,-0.1111109605107668,1.4330020336597526e-10,1.197080629556653e-5,3.217862153874672e-5,0.1111109605107668,-0.11111002035471612
26600,3.90625,-0.11111149457489822,1.6570866284984485e-10,1.2872787687592958e-5,2.1756352354230374e-5,0.11111149457489822,-0.11111002001786807
26601,1.5625,-0.11111192498686749,1.9411540683301652e-10,1.3932530525106217e-5,1.715411512009252e-5,0.11111192498686749,-0.11111001995265714
26602,3.90625,-0.11111202619654005,1.9430389472597964e-10,1.3939293193199562e-5,1.5069516160154771e-5,0.11111202619654005,-0.1111100192780366
26603,9.765625,-0.11111135484726432,1.280000237697043e-10,1.1313709549467155e-5,1.0423151594806381e-5,0.11111135484726432,-0.11111001794587538
26604,24.4140625,-0.11111014131563876,2.508807437026854e-11,5.0087996935661685e-6,9.432866211505483e-6,0.11111014131563876,-0.11111001774206626
26605,9.765625,-0.11111071422535773,5.472150554144481e-12,2.339262822802192e-6,1.9675754447068645e-5,0.11111071422535773,-0.11111001827020739
26606,3.90625,-0.11111091473163029,2.62969292267287e-12,1.621632795263117e-6,2.1080033693366085e-5,0.11111091473163029,-0.1111100187360806
26607,1.5625,-0.11111107092301463,8.619582074188018e-12,2.935912477269719e-6,2.0743685652092646e-5,0.11111107092301463,-0.11111001915318348
26608,0.625,-0.11111121588521393,2.2231313893319253e-11,4.715009426641611e-6,2.02479957721246e-5,0.11111121588521393,-0.11111001954609925
26609,0.25,-0.1111113574984613,4.317661691549955e-11,6.570891637783988e-6,1.9879391565250277e-5,0.1111113574984613,-0.1111100199289026
26610,0.1,-0.11111149809076526,7.135018483201386e-11,8.446903860706233e-6,1.9636954873034656e-5,0.11111149809076526,-0.11111002030742011
26611,0.1,-0.11111163414011062,1.0641272052821549e-10,1.0315654149311884e-5,1.9477113587316538e-5,0.11111163414011062,-0.11111002067524248
26612,0.1,-0.11111176518756287,1.4806929147172365e-10,1.2168372589287512e-5,1.9305126863033678e-5,0.11111176518756287,-0.11111002103134443
26613,0.1,-0.11111189079429246,1.9600598921315078e-10,1.4000213898835645e-5,1.9120600201063678e-5,0.11111189079429246,-0.11111002137472688
26614,0.1,-0.1111120105429239,2.4989106896267866e-10,1.5807943223666977e-5,1.8923266229473415e-5,0.1111120105429239,-0.11111002170442784
26615,0.25,-0.11111210786370698,3.0740195475177873e-10,1.7532882100549777e-5,1.8714692271913717e-5,0.11111210786370698,-0.11111002196502902
26616,0.625,-0.11111214589186716,3.625174094194986e-10,1.903988995292511e-5,1.82454147010736e-5,0.11111214589186716,-0.11111002203403691
26617,1.5625,-0.11111203418502062,3.992250706445158e-10,1.9980617373958087e-5,1.7080103452519445e-5,0.11111203418502062,-0.1111100216062151
26618,3.90625,-0.11111158539006563,3.8131447995626034e-10,1.9527275282441744e-5,1.4198893367264077e-5,0.11111158539006563,-0.11111002011905394
26619,9.765625,-0.1111106136801029,2.5775722057458697e-10,1.605481923207443e-5,8.212962445951815e-6,0.1111106136801029,-0.11111001748420657
26620,24.4140625,-0.11110994921530744,5.5136392005321215e-11,7.425388340371244e-6,1.142689889656236e-5,0.11110994921530744,-0.11111001705052516
26621,9.765625,-0.11111033255352401,1.1896716725152131e-11,3.4491617423878706e-6,2.7218863754394577e-5,0.11111033255352401,-0.11111001806020888
26622,3.90625,-0.11111048254221259,2.075847083208522e-12,1.4407800259611189e-6,3.00918880863997e-5,0.11111048254221259,-0.1111100190347229
26623,1.5625,-0.11111060049780559,1.1278641272823585e-11,3.3583688410928876e-6,2.9959155396696608e-5,0.11111060049780559,-0.11111001991794381
26624,0.625,-0.11111070973868947,3.6829368737414165e-11,6.068720518973844e-6,2.9404983968222478e-5,0.11111070973868947,-0.1111100207523237
26625,0.25,-0.11111081620894468,7.810361552702998e-11,8.837624993573215e-6,2.8961982217256604e-5,0.11111081620894468,-0.1111100215666627
26626,0.1,-0.11111092177104524,1.349107673586379e-10,1.161510944238744e-5,2.867166538366769e-5,0.11111092177104524,-0.11111002237357925
26627,0.1,-0.11111102543394198,2.0672737802831684e-10,1.4378017179997973e-5,2.8486372589944796e-5,0.11111102543394198,-0.11111002316099727
26628,0.1,-0.11111112692434744,2.9304287012202715e-10,1.7118494972456754e-5,2.8277479431512445e-5,0.11111112692434744,-0.1111100239262585
26629,0.1,-0.11111122597690902,3.9329871766640455e-10,1.9831760326970587e-5,2.804501828102022e-5,0.11111122597690902,-0.1111100246667938
26630,0.1,-0.11111132233498304,5.068905493335391e-10,2.2514229929836355e-5,2.7789091391153293e-5,0.11111132233498304,-0.11111002538013592
26631,0.25,-0.11111140843527266,6.296996079571989e-10,2.5093816129819692e-5,2.7511445724292048e-5,0.11111140843527266,-0.11111002595167083
26632,0.625,-0.11111146669732039,7.506996308933542e-10,2.7398898351819808e-5,2.6849210492141502e-5,0.11111146669732039,-0.11111002612310357
26633,1.5625,-0.11111145272956964,8.394400518865505e-10,2.897309185928472e-5,2.5149672710448147e-5,0.11111145272956964,-0.11111002523589648
26634,3.90625,-0.11111126967603206,8.215998822024268e-10,2.8663563668923423e-5,2.0792835517497203e-5,0.11111126967603206,-0.11111002200923988
26635,9.765625,-0.11111079561265037,5.716580050910138e-10,2.3909370654431993e-5,1.069294368960936e-5,0.11111079561265037,-0.11111001605392189
26636,24.4140625,-0.11111032333151395,1.206306203752812e-10,1.0983197183665656e-5,1.5126463944029e-5,0.11111032333151395,-0.11111001499707711
26637,9.765625,-0.11111042937850851,2.579597181249047e-11,5.078973499880706e-6,4.021355402709263e-5,0.11111042937850851,-0.11111001721171337
26638,3.90625,-0.11111043803888462,3.1812443313910433e-12,1.783604309086251e-6,4.46342335207622e-5,0.11111043803888462,-0.11111001936296996
26639,1.5625,-0.11111043664341065,2.282218783333472e-11,4.777257354731344e-6,4.4506146882318995e-5,0.11111043664341065,-0.11111002131461226
26640,0.625,-0.11111043288738053,7.887978171169614e-11,8.881429035447851e-6,4.372162073547933e-5,0.11111043288738053,-0.11111002315938084
26641,0.25,-0.11111042846445272,1.700154678382066e-10,1.3038997961431184e-5,4.3091150448824424e-5,0.11111042846445272,-0.1111100249612413
26642,0.1,-0.11111042386505769,2.9584991358383045e-10,1.7200288183162234e-5,4.2683068639618584e-5,0.11111042386505769,-0.11111002674834161
26643,0.1,-0.11111041867855449,4.552897688238617e-10,2.1337520212617533e-5,4.242864847979767e-5,0.11111041867855449,-0.11111002849413203
26644,0.1,-0.11111041282932316,6.472571743044171e-10,2.5441249464293555e-5,4.21369604216785e-5,0.11111041282932316,-0.11111003019245005
26645,0.1,-0.11111040624548725,8.705641082398031e-10,2.9505323388158333e-5,4.1808248416526875e-5,0.11111040624548725,-0.11111003183734884
26646,0.1,-0.11111039885921901,1.1239172514662671e-9,3.352487511484968e-5,4.144282327655098e-5,0.11111039885921901,-0.11111003342311808
26647,0.25,-0.11111038828338263,1.3983710559509217e-9,3.739479985172968e-5,4.1043165137446726e-5,0.11111038828338263,-0.11111003469478847
26648,0.625,-0.11111036916881595,1.6698654122088555e-9,4.086398673904512e-5,4.006522274121054e-5,0.11111036916881595,-0.11111003507610157
26649,1.5625,-0.11111032865160181,1.8716292946312126e-9,4.326233112802883e-5,3.752497216569689e-5,0.11111032865160181,-0.111110033092767
26650,3.90625,-0.11111024244423626,1.8391167718133474e-9,4.288492476166126e-5,3.095049668653147e-5,0.11111024244423626,-0.11111002585208044
26651,9.765625,-0.11111010505991328,1.2879241318162147e-9,3.588765988214075e-5,1.5239112298268792e-5,0.11111010505991328,-0.11111001237792537
26652,24.4140625,-0.11111014910174909,2.74378870620583e-10,1.656438560951124e-5,2.1481560299993715e-5,0.11111014910174909,-0.11111000980039314
26653,9.765625,-0.11111034524532593,5.925326927056382e-11,7.697614518184437e-6,6.000414685890635e-5,0.11111034524532593,-0.11111001473974416
26654,3.90625,-0.11111046723827148,6.315144321534145e-12,2.512995089834866e-6,6.680138688220071e-5,0.11111046723827148,-0.11111001956892123
26655,1.5625,-0.11111057512500101,4.864149640214599e-11,6.974345589526375e-6,6.667834326498675e-5,0.11111057512500101,-0.11111002395529959
26656,0.625,-0.11111067882809472,1.730893717154717e-10,1.3156343402156684e-5,6.553386172406078e-5,0.11111067882809472,-0.11111002810239591
26657,0.25,-0.11111078121179647,3.7666684873098374e-10,1.9407906861147695e-5,6.460629931239252e-5,0.11111078121179647,-0.11111003215347406
26658,0.1,-0.11111088322320262,6.585552122465961e-10,2.5662330608239698e-5,6.400684558435728e-5,0.11111088322320262,-0.11111003617205364
26659,0.1,-0.11111098441599959,1.0163602839186164e-9,3.1880405955988334e-5,6.363561866424637e-5,0.11111098441599959,-0.11111004009914996
26660,0.1,-0.11111108464251784,1.4477087149788444e-9,3.804876758817353e-5,6.320775156146579e-5,0.11111108464251784,-0.11111004392074367
26661,0.1,-0.1111111837566016,1.949975377631525e-9,4.4158525537335654e-5,6.272363288831951e-5,0.1111111837566016,-0.11111004762329472
26662,0.1,-0.11111128161395455,2.520294255061077e-9,5.020253235705423e-5,6.218374316137949e-5,0.11111128161395455,-0.11111005119379633
26663,0.25,-0.11111137439250897,3.1387017905175068e-9,5.602411793609523e-5,6.159160565530251e-5,0.11111137439250897,-0.11111005405944831
26664,0.625,-0.11111145300887335,3.751382557597685e-9,6.124853106481562e-5,6.012972518432993e-5,0.11111145300887335,-0.11111005492360128
26665,1.5625,-0.11111149379637938,4.2087695097957706e-9,6.48750299406156e-5,5.6316265723063556e-5,0.11111149379637938,-0.11111005046480954
26666,3.90625,-0.11111144072541329,4.141550201368559e-9,6.435487705969579e-5,4.6414972904387525e-5,0.11111144072541329,-0.11111003414695028
26667,9.765625,-0.11111119379726607,2.9084418522613676e-9,5.392997174356174e-5,2.250055305509619e-5,0.11111119379726607,-0.11111000367010945
26668,24.4140625,-0.11111073291101514,6.253123704864449e-10,2.500624662932134e-5,3.145992839855307e-5,0.11111073291101514,-0.11110999754962933
26669,9.765625,-0.11111058979458704,1.3636864261907629e-10,1.167769851550708e-5,8.989924151195028e-5,0.11111058979458704,-0.11111000863952837
26670,3.90625,-0.11111045102272574,1.3758814534795094e-11,3.70928760475581e-6,0.00010026151020849028,0.11111045102272574,-0.11111001953104667
26671,1.5625,-0.11111032020188001,1.064019903621726e-10,1.031513404479906e-5,0.0001001396479623758,0.11111032020188001,-0.1111100294333555
26672,0.625,-0.11111019249413666,3.8455758288126853e-10,1.9610139797596256e-5,9.844815105453272e-5,0.11111019249413666,-0.11111003879706538
26673,0.25,-0.11111006606819386,8.414569566830763e-10,2.9007877493589156e-5,9.706835657559945e-5,0.11111006606819386,-0.11111004794406579
26674,0.1,-0.11110994026577954,1.4752633703780584e-9,3.840915737656918e-5,9.617574910258787e-5,0.11110994026577954,-0.11111005701781229
26675,0.1,-0.11110981518919037,2.2806377476356178e-9,4.7756023155572926e-5,9.562360727631028e-5,0.11110981518919037,-0.11111006588637849
26676,0.1,-0.11110969092316701,3.2522718234813482e-9,5.702869298415797e-5,9.498601949574527e-5,0.11110969092316701,-0.11111007451799967
26677,0.1,-0.11110956755157801,4.384288144819932e-9,6.621395732638197e-5,9.426358741242282e-5,0.11110956755157801,-0.11111008288199305
26678,0.1,-0.11110944515744241,5.6702645157127544e-9,7.530115879395718e-5,9.34570438688106e-5,0.11110944515744241,-0.11111009094887558
26679,0.25,-0.11110932571826843,7.065426528498537e-9,8.405609156092458e-5,9.257158699931223e-5,0.11110932571826843,-0.11111009742863523
26680,0.625,-0.11110921415602651,8.448964568170631e-9,9.191824937503233e-5,9.037989014387763e-5,0.11110921415602651,-0.11111009939832299
26681,1.5625,-0.11110912415471964,9.484876618179152e-9,9.739033123559624e-5,8.465473803120114e-5,0.11110912415471964,-0.11111008936454338
26682,3.90625,-0.11110909359530394,9.342522217515693e-9,9.665672360221866e-5,6.976957696394167e-5,0.11110909359530394,-0.11111005255054174
26683,9.765625,-0.11110922570407351,6.5749251172081686e-9,8.10859119527441e-5,3.36248386581511e-5,0.11110922570407351,-0.11110998359479102
26684,24.4140625,-0.11110998166908595,9.285033768945384e-11,9.63588800731172e-6,4.5580172927779925e-5,0.11110998166908595,-0.11111002238659752
26685,9.765625,-0.11111078639014156,9.769470647546612e-11,9.88406325735859e-6,2.5964153247988786e-5,0.11111078639014156,-0.11111002178138236
26686,3.90625,-0.11111107710727205,1.1144659165237276e-10,1.055682677950021e-5,1.744147016173487e-5,0.11111107710727205,-0.11111002154387979
26687,1.5625,-0.11111131180805804,1.2878815785896318e-10,1.1348487029510285e-5,1.3832119168990123e-5,0.11111131180805804,-0.11111002149894694
26688,3.90625,-0.11111136016633066,1.284640247840836e-10,1.1334197138927999e-5,1.224215314955736e-5,0.11111136016633066,-0.11111002105974137
26689,9.765625,-0.11111097673493697,8.653539217088306e-11,9.302440119177499e-6,8.799439370402726e-6,0.11111097673493697,-0.11111002017710313
26690,24.4140625,-0.11111030774469392,1.6957948757595882e-11,4.118003006020744e-6,8.255581091370565e-6,0.11111030774469392,-0.11111002005028103
26691,9.765625,-0.11111060759990694,3.8444650985997986e-12,1.960730756274252e-6,1.6236794632562267e-5,0.11111060759990694,-0.11111002040240453
26692,3.90625,-0.11111070325909292,1.4953432287947458e-12,1.2228422747005214e-6,1.7499603276943242e-5,0.11111070325909292,-0.11111002072580697
26693,1.5625,-0.11111077581592334,5.083425677078519e-12,2.254645355056648e-6,1.728805811080678e-5,0.11111077581592334,-0.11111002101776414
26694,0.625,-0.1111108426273907,1.377516232475606e-11,3.7114905799093794e-6,1.6911780081709733e-5,0.1111108426273907,-0.11111002129340641
26695,0.25,-0.11111090774782498,2.736443367296093e-11,5.231102529387178e-6,1.6623334075828446e-5,0.11111090774782498,-0.11111002156201145
26696,0.1,-0.1111109723606387,4.5774857359875556e-11,6.765711888624549e-6,1.6430689505022824e-5,0.1111109723606387,-0.11111002182753221
26697,0.1,-0.11111103454260508,6.880107729708417e-11,8.29464148092515e-6,1.63021916719784e-5,0.11111103454260508,-0.11111002208591347
26698,0.1,-0.11111109405471342,9.62568341036644e-11,9.811056727165754e-6,1.616418046295289e-5,0.11111109405471342,-0.11111002233647203
26699,0.1,-0.11111115066903525,1.2794365543168733e-10,1.1311218123247705e-5,1.6016304703283937e-5,0.11111115066903525,-0.11111002257853957
26700,0.1,-0.11111120416943565,1.636514158525629e-10,1.2792631310741465e-5,1.5858316502526854e-5,0.11111120416943565,-0.111110022811469
26701,0.25,-0.11111124573626967,2.0196463513966028e-10,1.4211426217648259e-5,1.5691436738460815e-5,0.11111124573626967,-0.11111002299877605
26702,0.625,-0.11111125582720362,2.39174401811635e-10,1.54652643628111e-5,1.5318133234032803e-5,0.11111125582720362,-0.11111002305916534
26703,1.5625,-0.11111118671314206,2.652480666023122e-10,1.6286438118947683e-5,1.4390956094582904e-5,0.11111118671314206,-0.11111002278764584
26704,3.90625,-0.11111094068493602,2.5658446811966876e-10,1.6018254215727406e-5,1.208433717782236e-5,0.11111094068493602,-0.11111002179503629
26705,9.765625,-0.11111042821632866,1.7628221093899923e-10,1.3277131126075362e-5,7.213597854224462e-6,0.11111042821632866,-0.1111100199877918
26706,24.4140625,-0.11111012342395615,3.7558505452898944e-11,6.128499445451467e-6,9.582966742871095e-6,0.11111012342395615,-0.11111001968639729
26707,9.765625,-0.11111034904202602,8.42554106709273e-12,2.902678257591208e-6,2.2661660810518466e-5,0.11111034904202602,-0.11111002037899513
26708,3.90625,-0.11111044591017016,1.6711522104522048e-12,1.29273052507172e-6,2.502199229225999e-5,0.11111044591017016,-0.11111002105123335
26709,1.5625,-0.11111052456947246,7.868219273322508e-12,2.805034629611996e-6,2.4919061834869256e-5,0.11111052456947246,-0.11111002166223918
26710,0.625,-0.1111105981989971,2.5205429641338976e-11,5.020500935299084e-6,2.4467933547785782e-5,0.1111105981989971,-0.11111002224026095
26711,0.25,-0.11111067021810668,5.325746800280358e-11,7.297771440844361e-6,2.4106410841826718e-5,0.11111067021810668,-0.11111002280471863
26712,0.1,-0.11111074170781692,9.189384489972241e-11,9.586127732287027e-6,2.3869272336415813e-5,0.11111074170781692,-0.1111100233641464
26713,0.1,-0.11111081212220286,1.4076118564648295e-10,1.1864281927132503e-5,2.3717824384820564e-5,0.11111081212220286,-0.11111002391030673
26714,0.1,-0.11111088130284417,1.9951417130426079e-10,1.4124948541650011e-5,2.354702761320017e-5,0.11111088130284417,-0.11111002444138397
26715,0.1,-0.11111094909554435,2.677750197583311e-10,1.636383267325632e-5,2.3356918926849135e-5,0.11111094909554435,-0.11111002495562372
26716,0.1,-0.11111101535076158,3.451348796004283e-10,1.8577806102993653e-5,2.3147591752987977e-5,0.11111101535076158,-0.11111002545134113
26717,0.25,-0.11111107574988832,4.2881538011935794e-10,2.070785793169728e-5,2.292048615080568e-5,0.11111107574988832,-0.11111002585047675
26718,0.625,-0.11111112021301382,5.113721402315626e-10,2.2613538870145085e-5,2.237899706227966e-5,0.11111112021301382,-0.11111002597701362
26719,1.5625,-0.1111111231596069,5.722077720189829e-10,2.3920864784095555e-5,2.098990283903697e-5,0.1111111231596069,-0.11111002538163205
26720,3.90625,-0.111111028030143,5.60822771939946e-10,2.368169698184541e-5,1.7433578814222328e-5,0.111111028030143,-0.11111002318760159
26721,9.765625,-0.11111075860462326,3.9101001769272e-10,1.977397323991109e-5,9.274830367396553e-6,0.11111075860462326,-0.11111001911963157
26722,24.4140625,-0.11111045267376847,8.262198058244288e-11,9.089663392141807e-6,1.2770529001285498e-5,0.11111045267376847,-0.11111001839649753
26723,9.765625,-0.1111104772475308,1.7836532856159452e-11,4.223331961397239e-6,3.336952157108979e-5,0.1111104772475308,-0.11111001991629606
26724,3.90625,-0.11111045513582397,2.3333719906272764e-12,1.5275378851692275e-6,3.701794352213563e-5,0.11111045513582397,-0.1111100213948227
26725,1.5625,-0.11111042965156245,1.5722619465090062e-11,3.9651758428965115e-6,3.691535165225524e-5,0.11111042965156245,-0.11111002273746973
26726,0.625,-0.11111040359080636,5.401525709450499e-11,7.349507268824556e-6,3.627028182492964e-5,0.11111040359080636,-0.11111002400725668
26727,0.25,-0.11111037741826327,1.1629720553855882e-10,1.0784118208669582e-5,3.575165885820943e-5,0.11111037741826327,-0.11111002524780107
26728,0.1,-0.11111035124211353,2.0231040433049355e-10,1.422358619794929e-5,3.541611919529331e-5,0.11111035124211353,-0.11111002647831243
26729,0.1,-0.11111032486665644,3.1131030643051803e-10,1.764398782675045e-5,3.520712905600491e-5,0.11111032486665644,-0.11111002768062667
26730,0.1,-0.11111029827244273,4.4256233427151085e-10,2.1037165547466484e-5,3.496741010781472e-5,0.11111029827244273,-0.11111002885052647
26731,0.1,-0.11111027144193354,5.952565054495672e-10,2.4397879117857094e-5,3.469716589522955e-5,0.11111027144193354,-0.11111002998394057
26732,0.1,-0.11111024435962957,7.685107405963188e-10,2.7722026271474437e-5,3.4396655652452585e-5,0.11111024435962957,-0.1111100310769602
26733,0.25,-0.11111021621788696,9.56219254703851e-10,3.092279506616197e-5,3.406790925915301e-5,0.11111021621788696,-0.11111003195522583
26734,0.625,-0.11111018531712383,1.1419538124191832e-9,3.3792807110673466e-5,3.3262671802176254e-5,0.11111018531712383,-0.11111003222461115
26735,1.5625,-0.11111014793167007,1.2801072029846233e-9,3.577858581588467e-5,3.117057422520086e-5,0.11111014793167007,-0.11111003087655229
26736,3.90625,-0.11111009926245043,1.2582169103552984e-9,3.547135337642614e-5,2.575990663503392e-5,0.11111009926245043,-0.11111002593090694
26737,9.765625,-0.11111005543324536,8.816153556735862e-10,2.969200827956213e-5,1.2908999751921888e-5,0.11111005543324536,-0.11111001671409028
26738,24.4140625,-0.11111017192319338,1.881622516337041e-10,1.3717224633055481e-5,1.795883013994925e-5,0.11111017192319338,-0.11111001494358268
26739,9.765625,-0.1111103238658412,4.0797838348202974e-11,6.38731855696919e-6,4.9721258947047074e-5,0.1111103238658412,-0.11111001833026368
26740,3.90625,-0.11111042801382433,4.435735059830533e-12,2.106118481907068e-6,5.5348094888171586e-5,0.11111042801382433,-0.11111002164458064
26741,1.5625,-0.11111052182463137,3.329246662076308e-11,5.769962445351189e-6,5.525234368879722e-5,0.11111052182463137,-0.11111002465665647
26742,0.625,-0.11111061245646864,1.183723787178991e-10,1.0879907109801035e-5,5.4310119248971185e-5,0.11111061245646864,-0.1111100275052393
26743,0.25,-0.11111070206299435,2.5762926706630053e-10,1.6050833843333516e-5,5.3546017702356195e-5,0.11111070206299435,-0.11111003028825596
26744,0.1,-0.11111079136867781,4.505053455320035e-10,2.1225111201876033e-5,5.305249894161307e-5,0.11111079136867781,-0.11111003304915867
26745,0.1,-0.11111088008753482,6.953669880818079e-10,2.636981206003956e-5,5.274729108757486e-5,0.11111088008753482,-0.11111003574759339
26746,0.1,-0.11111096810889558,9.905938337321598e-10,3.14737006678935e-5,5.239525594203337e-5,0.11111096810889558,-0.11111003837395203
26747,0.1,-0.11111105532288161,1.3343930396987783e-9,3.652934491198519e-5,5.199671930261002e-5,0.11111105532288161,-0.11111004091895489
26748,0.1,-0.11111114162063689,1.724806723797051e-9,4.153079247735409e-5,5.1552082886964155e-5,0.11111114162063689,-0.1111100433736863
26749,0.25,-0.11111122423883854,2.148185556599193e-9,4.634852270136766e-5,5.106424061337743e-5,0.11111122423883854,-0.11111004534608132
26750,0.625,-0.1111112965472225,2.5677262429002495e-9,5.0672736682561855e-5,4.9858130796827283e-5,0.1111112965472225,-0.11111004594848634
26751,1.5625,-0.11111134109406555,2.881124667746938e-9,5.367610891026787e-5,4.6710324894324306e-5,0.11111134109406555,-0.11111004290673883
26752,3.90625,-0.11111131558009682,2.8356991080109024e-9,5.325128268887898e-5,3.853888796307343e-5,0.11111131558009682,-0.11111003174353767
26753,9.765625,-0.11111113846883408,1.992361427346209e-9,4.4635876011860784e-5,1.8859441475052296e-5,0.11111113846883408,-0.11111001087241013
26754,24.4140625,-0.11111075549990393,4.2920466712739007e-10,2.071725529908318e-5,2.614255974732921e-5,0.11111075549990393,-0.11111000665268346
26755,9.765625,-0.11111060795899605,9.394245699621824e-11,9.692391706705742e-6,7.444735614106442e-5,0.11111060795899605,-0.11111001425141297
26756,3.90625,-0.11111047500657628,9.62095283181326e-12,3.101766082704055e-6,8.3036319291857e-5,0.11111047500657628,-0.11111002172139536
26757,1.5625,-0.11111035059322885,7.276658739450324e-11,8.5303333694823e-6,8.294465684248929e-5,0.11111035059322885,-0.11111002851563426
26758,0.625,-0.1111102293259009,2.630040630540256e-10,1.6217400009065128e-5,8.155035134807405e-5,0.1111102293259009,-0.11111003494146457
26759,0.25,-0.11111010928689395,5.756986685699605e-10,2.399372144061776e-5,8.041194156001164e-5,0.11111010928689395,-0.1111100412190678
26760,0.1,-0.11110998979694249,1.009596562970843e-9,3.17741492879171e-5,7.967563238486513e-5,0.11110998979694249,-0.11111004744665848
26761,0.1,-0.11110987097788076,1.5610506590744764e-9,3.951013362511542e-5,7.922052152548478e-5,0.11110987097788076,-0.11111005353395557
26762,0.1,-0.11110975291974262,2.2264328188194295e-9,4.7185091065075094e-5,7.86946930255953e-5,0.11110975291974262,-0.11111005945918083
26763,0.1,-0.11110963571171441,3.001724650625189e-9,5.478799732263618e-5,7.809864816667528e-5,0.11110963571171441,-0.11111006520129536
26764,0.1,-0.11110951944211996,3.882534236064494e-9,6.230998504304502e-5,7.743299664327714e-5,0.11110951944211996,-0.11111007074008228
26765,0.25,-0.11110940620953043,4.83822410062501e-9,6.95573439733362e-5,7.670201749825103e-5,0.11110940620953043,-0.11111007519210449
26766,0.625,-0.11110930120300741,5.786111242344466e-9,7.606649224424948e-5,7.489102658243086e-5,0.11110930120300741,-0.11111007655534344
26767,1.5625,-0.11110921866023385,6.496201479841728e-9,8.059901661832933e-5,7.015872213530036e-5,0.11110921866023385,-0.11111006969661275
26768,3.90625,-0.11110919676321745,6.399806631085589e-9,7.999879143515599e-5,5.7855169328143806e-5,0.11110919676321745,-0.11111004448963646
26769,9.765625,-0.1111093325163947,4.505745640309248e-9,6.712485113807887e-5,2.801579079275587e-5,0.1111093325163947,-0.11110999723967922
26770,24.4140625,-0.11110992734118386,6.433694152313786e-11,8.021031200733349e-6,3.7774117521206025e-5,0.11110992734118386,-0.1111100238014496
26771,9.765625,-0.11111075893422538,6.720111313880917e-11,8.197628507001837e-6,2.1899801685239588e-5,0.11111075893422538,-0.11111002341188891
26772,3.90625,-0.11111106647769171,7.699446974781135e-11,8.774649266370215e-6,1.4927061683619895e-5,0.11111106647769171,-0.11111002325993904
26773,1.5625,-0.11111131482405333,8.937724418877989e-11,9.453953891826419e-6,1.1963913246158498e-5,0.11111131482405333,-0.11111002323861148
26774,0.625,-0.11111154782560023,1.0399382664560076e-10,1.0197736349092417e-5,1.0668224552169812e-5,0.11111154782560023,-0.11111002327830762
26775,1.5625,-0.11111168720112632,1.1330731275472465e-10,1.0644590774413296e-5,1.0070596800695628e-5,0.11111168720112632,-0.11111002317696331
26776,3.90625,-0.11111157734175234,1.0464920117017436e-10,1.022981921493114e-5,8.653851621533372e-6,0.11111157734175234,-0.11111002278946176
26777,9.765625,-0.11111097472497208,6.333417992921928e-11,7.9582774473638e-6,6.363592568360606e-6,0.11111097472497208,-0.11111002218032064
26778,24.4140625,-0.11111023316456195,1.1157104546463078e-11,3.3402252239127647e-6,8.942787725854386e-6,0.11111023316456195,-0.11111002226431417
26779,9.765625,-0.11111053507428251,2.0266228321845803e-12,1.4235950379881845e-6,1.5444381524304747e-5,0.11111053507428251,-0.11111002257913641
26780,3.90625,-0.11111063464063249,1.5096247335979153e-12,1.2286678695228891e-6,1.625164092420806e-5,0.11111063464063249,-0.1111100228509408
26781,1.5625,-0.11111070893928746,5.798923434845015e-12,2.4080953957111034e-6,1.5927920948438507e-5,0.11111070893928746,-0.11111002309380158
26782,0.625,-0.11111077678711612,1.429765182637749e-11,3.7812235885196593e-6,1.5543796703018553e-5,0.11111077678711612,-0.1111100233237026
26783,0.25,-0.11111084268008908,2.68739368619398e-11,5.184007799178142e-6,1.527506666372085e-5,0.11111084268008908,-0.11111002354881677
26784,0.1,-0.1111109079609447,4.3484447039711135e-11,6.594273806850239e-6,1.5106691934772366e-5,0.1111109079609447,-0.1111100237722801
26785,0.1,-0.11111097106692586,6.395734062172828e-11,7.997333344417268e-6,1.5000937207064118e-5,0.11111097106692586,-0.11111002399002988
26786,0.1,-0.11111103175975949,8.814040396900454e-11,9.38831209371549e-6,1.4884885401932944e-5,0.11111103175975949,-0.11111002420143305
26787,0.1,-0.11111108981108485,1.1586985520153608e-10,1.0764286098090113e-5,1.4758432920098985e-5,0.11111108981108485,-0.11111002440587656
26788,0.1,-0.11111114500316716,1.469709487292997e-10,1.2123157539572754e-5,1.4621540097264028e-5,0.11111114500316716,-0.1111100246027715
26789,0.25,-0.11111118927524428,1.8019120468060315e-10,1.3423531751391031e-5,1.4475252876023474e-5,0.11111118927524428,-0.11111002475968303
26790,0.625,-0.11111120453471884,2.1224975141543904e-10,1.4568793752930922e-5,1.4133401842390118e-5,0.11111120453471884,-0.1111100248051048
26791,1.5625,-0.11111114620779011,2.3427569409131986e-10,1.530606723137331e-5,1.327062015984311e-5,0.11111114620779011,-0.11111002455965499
26792,3.90625,-0.11111092158106797,2.25424247807588e-10,1.5014134933707903e-5,1.1121537625349686e-5,0.11111092158106797,-0.11111002368629885
26793,9.765625,-0.11111043860330971,1.533531550467536e-10,1.238358409535598e-5,6.694850460548901e-6,0.11111043860330971,-0.11111002212339229
26794,24.4140625,-0.11111011989937787,3.172545093814582e-11,5.632535036566201e-6,9.483120878675054e-6,0.11111011989937787,-0.11111002192422532
26795,9.765625,-0.1111103479077513,6.79615642530535e-12,2.6069438861059805e-6,2.1497556724605538e-5,0.1111103479077513,-0.11111002254724511
26796,3.90625,-0.11111044553128636,1.4323294372157066e-12,1.19679966461213e-6,2.3608776063272864e-5,0.11111044553128636,-0.1111100231430521
26797,1.5625,-0.1111105250675565,7.44944948515227e-12,2.729367964410858e-6,2.3476908158873932e-5,0.1111105250675565,-0.11111002368340976
26798,0.625,-0.111110599599134,2.329574996776922e-11,4.8265670996857814e-6,2.304486868070273e-5,0.111110599599134,-0.11111002419490591
26799,0.25,-0.11111067252863886,4.8618436988440905e-11,6.9726922338821825e-6,2.2707164006018382e-5,0.11111067252863886,-0.11111002469496734
26800,0.1,-0.11111074493153822,8.331668009328743e-11,9.12779711065531e-6,2.2489964932741675e-5,0.11111074493153822,-0.11111002519110404
26801,0.1,-0.11111081622944237,1.2708148061254846e-10,1.1273042207520934e-5,2.2354389445995946e-5,0.11111081622944237,-0.11111002567576593
26802,0.1,-0.11111088626295067,1.7961304673273453e-10,1.3401979209532245e-5,2.2200100437659404e-5,0.11111088626295067,-0.11111002614731344
26803,0.1,-0.11111095487705769,2.4058184765405083e-10,1.551070106907005e-5,2.2027187970020253e-5,0.11111095487705769,-0.11111002660416312
26804,0.1,-0.11111102192158345,3.0962991322967067e-10,1.75963039650283e-5,2.1835787284620597e-5,0.11111102192158345,-0.11111002704479402
26805,0.25,-0.11111108298944475,3.8426139317400824e-10,1.9602586389913148e-5,2.1627165468436162e-5,0.11111108298944475,-0.11111002739929066
26806,0.625,-0.1111111278226249,4.5778515608878827e-10,2.1395914471898326e-5,2.1120594240980856e-5,0.1111111278226249,-0.11111002751030212
26807,1.5625,-0.11111113043983878,5.116965213538763e-10,2.2620710009941693e-5,1.9812050386904006e-5,0.11111113043983878,-0.11111002697671006
26808,3.90625,-0.1111110335958418,5.007099937822066e-10,2.2376550086691347e-5,1.6458082036078814e-5,0.1111110335958418,-0.11111002501847388
26809,9.765625,-0.1111107610425518,3.4795019385830543e-10,1.8653423113688958e-5,8.816838295423663e-6,0.1111107610425518,-0.11111002140397505
26810,24.4140625,-0.11111045542627476,7.292552890361874e-11,8.539644541994634e-6,1.2299107117031855e-5,0.11111045542627476,-0.11111002079711287
26811,9.765625,-0.11111047988208596,1.5713252396693947e-11,3.963994500083715e-6,3.156132192280268e-5,0.11111047988208596,-0.11111002215402783
26812,3.90625,-0.11111045982772726,2.254090020829135e-12,1.5013627212732887e-6,3.4960663993650154e-5,0.11111045982772726,-0.11111002347027933
26813,1.5625,-0.11111043614680488,1.4473263017657425e-11,3.8043741952727815e-6,3.485200437188649e-5,0.11111043614680488,-0.11111002466547129
26814,0.625,-0.11111041179913762,4.885358596446711e-11,6.989534030567926e-6,3.424251473388132e-5,0.11111041179913762,-0.11111002579631468
26815,0.25,-0.11111038730497952,1.0460036496830273e-10,1.0227431983069001e-5,3.37562695966764e-5,0.11111038730497952,-0.11111002690166162
26816,0.1,-0.11111036279202403,1.814977654769239e-10,1.3472110654122608e-5,3.3444126501352776e-5,0.11111036279202403,-0.11111002799854827
26817,0.1,-0.11111033807618236,2.7888787114342766e-10,1.6699936261657636e-5,3.325177035438259e-5,0.11111033807618236,-0.11111002907061776
26818,0.1,-0.1111103131362901,3.961235503677905e-10,1.9902852819829384e-5,3.303018938047717e-5,0.1111103131362901,-0.11111003011409015
26819,0.1,-0.11111028795303197,5.324895211354762e-10,2.3075734465786267e-5,3.277958785955772e-5,0.11111028795303197,-0.11111003112531413
26820,0.1,-0.11111026250906726,6.87205313937566e-10,2.6214601159231204e-5,3.250022082997157e-5,0.11111026250906726,-0.11111003210078374
26821,0.25,-0.1111102359853525,8.547989772383502e-10,2.9236945415661162e-5,3.2193899245968855e-5,0.1111102359853525,-0.11111003288464134
26822,0.625,-0.11111020663452421,1.0205386771975429e-9,3.194587105085011e-5,3.1436727448678615e-5,0.11111020663452421,-0.11111003312477392
26823,1.5625,-0.1111101705487572,1.1435316829592615e-9,3.381614530012641e-5,2.9462693262987022e-5,0.1111101705487572,-0.11111003192069788
26824,3.90625,-0.11111012219051071,1.1230447081000465e-9,3.351185921580667e-5,2.435479310757337e-5,0.11111012219051071,-0.11111002750780848
26825,9.765625,-0.11111007467818546,7.85334872415431e-10,2.8023826869566387e-5,1.227560036558633e-5,0.11111007467818546,-0.11111001930358382
26826,24.4140625,-0.11111017482383302,1.6684644771275803e-10,1.2916905500651385e-5,1.7176478600878553e-5,0.11111017482383302,-0.11111001777120415
26827,9.765625,-0.11111032195958138,3.6293058163392126e-11,6.024372014027033e-6,4.6960980981066186e-5,0.11111032195958138,-0.11111002078696439
26828,3.90625,-0.11111042155070239,4.3878781295850914e-12,2.0947262660273996e-6,5.2230064113963046e-5,0.11111042155070239,-0.11111002373425855
26829,1.5625,-0.11111051117847442,3.047156643024786e-11,5.520105653902637e-6,5.212885396405934e-5,0.11111051117847442,-0.11111002641293519
26830,0.625,-0.11111059774283898,1.065828934311121e-10,1.0323899138945135e-5,5.123914626216349e-5,0.11111059774283898,-0.11111002894701538
26831,0.25,-0.11111068331537496,2.3092720680056484e-10,1.5196289244436118e-5,5.052117506578995e-5,0.11111068331537496,-0.11111003142357251
26832,0.1,-0.11111076859240769,4.0302798403848574e-10,2.00755568799096e-5,5.0059814485832054e-5,0.11111076859240769,-0.11111003388114783
26833,0.1,-0.11111085329948596,6.214379944680779e-10,2.492865809601628e-5,4.977653035762614e-5,0.11111085329948596,-0.11111003628354807
26834,0.1,-0.1111109373306346,8.847249788924698e-10,2.9744326835423084e-5,4.944885641641881e-5,0.1111109373306346,-0.11111003862218734
26835,0.1,-0.11111102058072392,1.191301731574113e-9,3.451523912091749e-5,4.9077105360426605e-5,0.11111102058072392,-0.11111004088877081
26836,0.1,-0.11111110294569583,1.5394327334145764e-9,3.923560542943841e-5,4.86616607578789e-5,0.11111110294569583,-0.11111004307532711
26837,0.25,-0.11111118177496355,1.916914457370084e-9,4.3782581666344026e-5,4.820513817764679e-5,0.11111118177496355,-0.1111100448320158
26838,0.625,-0.11111125071383691,2.2908289268857238e-9,4.78626046813765e-5,4.706954528707673e-5,0.11111125071383691,-0.11111004536707532
26839,1.5625,-0.11111129305969267,2.5696815891682674e-9,5.069202687966094e-5,4.4098888097982826e-5,0.11111129305969267,-0.11111004265292589
26840,3.90625,-0.11111126847080542,2.5276571464652863e-9,5.027581074896044e-5,3.638426051763089e-5,0.11111126847080542,-0.11111003270316923
26841,9.765625,-0.11111109999523619,1.7733615138412411e-9,4.21112991231717e-5,1.7852028891250643e-5,0.11111109999523619,-0.11111001413432042
26842,24.4140625,-0.11111074028934476,3.8075742912455533e-10,1.9513006665415643e-5,2.488960972213623e-5,0.11111074028934476,-0.11111001045045414
26843,9.765625,-0.11111060290040803,8.354324461544113e-11,9.140199375037786e-6,7.02617471736003e-5,0.11111060290040803,-0.11111001721033119
26844,3.90625,-0.1111104789608832,9.28970683354207e-12,3.047902038048807e-6,7.832014833122185e-5,0.1111104789608832,-0.11111002384914906
26845,1.5625,-0.11111036286919561,6.611139301885797e-11,8.130891280718122e-6,7.822199336468274e-5,0.11111036286919561,-0.11111002988760318
26846,0.625,-0.11111024967801718,2.359613625739916e-10,1.536103390315872e-5,7.69062172898026e-5,0.11111024967801718,-0.11111003559991173
26847,0.25,-0.11111013761741105,5.147626882594955e-10,2.268838223098984e-5,7.583588095119403e-5,0.11111013761741105,-0.11111004118178226
26848,0.1,-0.11111002605896364,9.014348384366754e-10,3.002390445023224e-5,7.514631807019346e-5,0.11111002605896364,-0.11111004672036229
26849,0.1,-0.11110991511144319,1.3927464814076567e-9,3.7319518772455474e-5,7.472248057766343e-5,0.11110991511144319,-0.11111005213489519
26850,0.1,-0.11110980485840886,1.985488480936326e-9,4.455882046168105e-5,7.423172030679055e-5,0.11110980485840886,-0.11111005740595294
26851,0.1,-0.11110969538271588,2.6761021380118994e-9,5.1731055837010515e-5,7.36745094668593e-5,0.11110969538271588,-0.1111100625147637
26852,0.1,-0.1111095867664838,3.4606940558113628e-9,5.882766403497051e-5,7.30514225266131e-5,0.1111095867664838,-0.11111006744328288
26853,0.25,-0.11110948094424611,4.311919930127116e-9,6.566521095775994e-5,7.236635117327066e-5,0.11110948094424611,-0.11111007140419449
26854,0.625,-0.1111093827055468,5.155958971144981e-9,7.180500658829425e-5,7.066086903365247e-5,0.1111093827055468,-0.11111007261377279
26855,1.5625,-0.11110930519788433,5.78748126733909e-9,7.60754971547284e-5,6.619597053076085e-5,0.11110930519788433,-0.11111006650004634
26856,3.90625,-0.11110928368302206,5.69907007520046e-9,7.549218552406905e-5,5.458324952063986e-5,0.11110928368302206,-0.11111004405303324
26857,9.765625,-0.11110940773146413,4.008076139539093e-9,6.330936849739613e-5,2.646494976495896e-5,0.11110940773146413,-0.11111000203412474
26858,24.4140625,-0.11110986477700928,8.674324424461306e-10,2.9452206070957243e-5,3.6632973802040786e-5,0.11110986477700928,-0.11110999335544933
26859,61.03515625,-0.11111070805074677,2.6826430401828003e-10,1.6378776023203933e-5,0.0001047788127644566,0.11111070805074677,-0.11111002501496801
26860,24.4140625,-0.11111055085858555,8.144379398411297e-11,9.024621542431183e-6,2.2361458847469784e-5,0.11111055085858555,-0.11111002339597914
26861,9.765625,-0.11111046651683903,3.977411553657412e-11,6.306672302932357e-6,2.354389707143895e-5,0.11111046651683903,-0.11111002381475207
26862,3.90625,-0.11111044117913312,2.639282401507259e-11,5.137394671920057e-6,2.5336625312506503e-5,0.11111044117913312,-0.11111002442909836
26863,1.5625,-0.11111041869954474,2.7556744411124756e-11,5.249451820059382e-6,2.5168400868162778e-5,0.11111041869954474,-0.11111002503876047
26864,0.625,-0.11111039693427568,4.039505777161173e-11,6.355710642533353e-6,2.4598543391366687e-5,0.11111039693427568,-0.11111002562539654
26865,0.25,-0.11111037538362817,6.402720478788767e-11,8.001700118592778e-6,2.408008678630365e-5,0.11111037538362817,-0.1111100261946775
26866,0.1,-0.11111035390218886,9.805541714695597e-11,9.902293529630192e-6,2.36792310452662e-5,0.11111035390218886,-0.11111002675152672
26867,0.1,-0.11111033292709814,1.419191302671234e-10,1.1912981585947466e-5,2.337295581224007e-5,0.11111033292709814,-0.11111002728754688
26868,0.1,-0.11111031250098173,1.9514432529769767e-10,1.3969406762554294e-5,2.3067292554357938e-5,0.11111031250098173,-0.11111002780220071
26869,0.1,-0.11111029266435025,2.572471839639725e-10,1.603892714504223e-5,2.27596965577009e-5,0.11111029266435025,-0.11111002829486152
26870,0.1,-0.11111027345547797,3.277327688359938e-10,1.810339108664434e-5,2.2448050423118347e-5,0.11111027345547797,-0.11111002876484373
26871,0.25,-0.11111025662405885,4.0380955403483724e-10,2.009501316334073e-5,2.2134552037248835e-5,0.11111025662405885,-0.11111002913990473
26872,0.625,-0.11111024598790568,4.782382931299458e-10,2.1868660067090207e-5,2.1544370980428945e-5,0.11111024598790568,-0.11111002925821753
26873,1.5625,-0.11111025074841567,5.31288622118789e-10,2.3049698959396172e-5,2.01895956877198e-5,0.11111025074841567,-0.11111002870911309
26874,3.90625,-0.11111028918205734,5.15407694318875e-10,2.2702592237867353e-5,1.689078903897579e-5,0.11111028918205734,-0.11111002670661309
26875,9.765625,-0.11111037543314,3.528476846101497e-10,1.878424032560672e-5,9.806618747464126e-6,0.11111037543314,-0.11111002307182793
26876,24.4140625,-0.11111041911336966,7.478518581821501e-11,8.647842841900805e-6,1.2907826700403932e-5,0.11111041911336966,-0.11111002245985245
26877,9.765625,-0.1111104157188315,2.1573654404369532e-11,4.644744815850439e-6,3.033696228381177e-5,0.1111104157188315,-0.11111002365807172
26878,3.90625,-0.1111104248447568,9.699907601920479e-12,3.114467466826468e-6,3.320142293920417e-5,0.1111104248447568,-0.111110024825364
26879,1.5625,-0.11111043438058545,2.1390798263815102e-11,4.625018731185324e-6,3.282986953461783e-5,0.11111043438058545,-0.11111002588133251
26880,0.625,-0.11111044387325346,5.301362691867781e-11,7.281045729747741e-6,3.203748647048373e-5,0.11111044387325346,-0.11111002687286033
26881,0.25,-0.11111045333836148,1.0352921508864264e-10,1.0174930716650735e-5,3.1394842223439913e-5,0.11111045333836148,-0.11111002783317304
26882,0.1,-0.11111046280187276,1.7245789249904095e-10,1.3132322433562198e-5,3.093866921815556e-5,0.11111046280187276,-0.11111002877711465
26883,0.1,-0.1111104723102158,2.588970500934411e-10,1.609027812355775e-5,3.061184085691216e-5,0.1111104723102158,-0.11111002968969663
26884,0.1,-0.11111048185796794,3.62010294935563e-10,1.90265681334171e-5,3.026862084900079e-5,0.11111048185796794,-0.11111003056863446
26885,0.1,-0.11111049143866958,4.809277554525986e-10,2.1930065103701783e-5,2.99080781639223e-5,0.11111049143866958,-0.11111003141169852
26886,0.1,-0.1111105010448612,6.147471461391162e-10,2.479409498528059e-5,2.9529516096375015e-5,0.1111105010448612,-0.11111003221673932
26887,0.25,-0.11111051069104466,7.581903515785358e-10,2.7535256519207077e-5,2.913643660381795e-5,0.11111051069104466,-0.11111003284717805
26888,0.625,-0.11111052031322846,8.975321790767073e-10,2.995884141746318e-5,2.833388393827852e-5,0.11111052031322846,-0.11111003299878312
26889,1.5625,-0.11111052950498727,9.953806329990397e-10,3.154965345291513e-5,2.642274323868923e-5,0.11111052950498727,-0.1111100319038986
26890,3.90625,-0.11111053615933403,9.615386552529095e-10,3.100868677085358e-5,2.1695851711832306e-5,0.11111053615933403,-0.1111100281110522
26891,9.765625,-0.11111053028273873,6.485129786927479e-10,2.5465917982526133e-5,1.1296643863988918e-5,0.11111053028273873,-0.1111100214118209
26892,24.4140625,-0.11111047507017668,1.2277652984004091e-10,1.108045711331626e-5,1.7858999984654402e-5,0.11111047507017668,-0.11111002085377542
26893,9.765625,-0.11111043906914737,2.7410537344804363e-11,5.235507362692212e-6,4.228548897433693e-5,0.11111043906914737,-0.11111002327831125
26894,3.90625,-0.11111041326278542,1.056579699713975e-11,3.250507190753429e-6,4.6010577839246167e-5,0.11111041326278542,-0.11111002552322055
26895,1.5625,-0.11111038988207503,3.908140381706556e-11,6.251512122444102e-6,4.541445803770722e-5,0.11111038988207503,-0.11111002752878237
26896,0.625,-0.1111103673082,1.0647314146701758e-10,1.0318582338045163e-5,4.433108534104521e-5,0.1111103673082,-0.11111002941198032
26897,0.25,-0.11111034503993424,2.1107456160554611e-10,1.4528405335946066e-5,4.3498161195472676e-5,0.11111034503993424,-0.11111003124347185
26898,0.1,-0.11111032290797496,3.522145820323248e-10,1.8767380798404577e-5,4.293858168044086e-5,0.11111032290797496,-0.11111003305264061
26899,0.1,-0.11111030099030911,5.28298802942528e-10,2.2984751531015688e-5,4.255990935833612e-5,0.11111030099030911,-0.11111003480750826
26900,0.1,-0.11111027931239975,7.378329919411912e-10,2.7163081414692097e-5,4.2147318792796294e-5,0.11111027931239975,-0.11111003650233753
26901,0.1,-0.11111025789930827,9.79226961641826e-10,3.129260234690982e-5,4.170079423405355e-5,0.11111025789930827,-0.11111003813163428
26902,0.1,-0.11111023677566384,1.2507999334338298e-9,3.536665001712531e-5,4.122045249137775e-5,0.11111023677566384,-0.11111003969017916
26903,0.25,-0.11111021661643741,1.541950737301896e-9,3.926768056941861e-5,4.071115596768695e-5,0.11111021661643741,-0.11111004089946636
26904,0.625,-0.11111019903208019,1.8248693758256825e-9,4.2718489858908665e-5,3.9596529323810306e-5,0.11111019903208019,-0.11111004114025887
26905,1.5625,-0.11111018826898343,2.0235282884687005e-9,4.498364467746806e-5,3.6850325896720995e-5,0.11111018826898343,-0.11111003885098343
26906,3.90625,-0.11111019473724457,1.9541636299552454e-9,4.420592301892638e-5,2.9929959591311428e-5,0.11111019473724457,-0.11111003108148575
26907,9.765625,-0.11111023942859473,1.315330894046486e-9,3.626749087056459e-5,1.4031309719291494e-5,0.11111023942859473,-0.1111100174394744
26908,24.4140625,-0.11111034295890662,2.4081022426698127e-10,1.55180612277108e-5,2.460901800031389e-5,0.11111034295890662,-0.11111001654949887
26909,9.765625,-0.11111039535875432,4.6000375359516585e-11,6.7823576549395116e-6,6.057465652570805e-5,0.11111039535875432,-0.1111100216279506
26910,3.90625,-0.11111044187810817,1.265790054770067e-11,3.5577943374653728e-6,6.597910702417122e-5,0.11111044187810817,-0.11111002627267137
26911,1.5625,-0.11111048503347726,7.294645354322707e-11,8.54086960111364e-6,6.514632990397177e-5,0.11111048503347726,-0.11111003040469451
26912,0.625,-0.11111052706795943,2.137491935701205e-10,1.4620163937867471e-5,6.361746451578891e-5,0.11111052706795943,-0.11111003428098043
26913,0.25,-0.11111056876689622,4.3182030104917196e-10,2.0780286356284216e-5,6.24528205713067e-5,0.11111056876689622,-0.11111003805277034
26914,0.1,-0.11111061041111762,7.259395546004861e-10,2.6943265477675236e-5,6.168277305712641e-5,0.11111061041111762,-0.11111004178244853
26915,0.1,-0.11111065192642715,1.0929629460809597e-9,3.305999011011588e-5,6.117255850239703e-5,0.11111065192642715,-0.1111100454040536
26916,0.1,-0.11111069326556379,1.5299242445474352e-9,3.9114246056231676e-5,6.061062271790192e-5,0.11111069326556379,-0.11111004890516478
26917,0.1,-0.11111073438025088,2.0336423071158025e-9,4.509592339797249e-5,5.999717801952115e-5,0.11111073438025088,-0.1111100522738935
26918,0.1,-0.1111107752213246,2.6007330707330353e-9,5.0997382979257235e-5,5.933258392697422e-5,0.1111107752213246,-0.11111005549893621
26919,0.25,-0.11111081475236441,3.209287313174139e-9,5.665057204630981e-5,5.8623331042910706e-5,0.11111081475236441,-0.1111100579998211
26920,0.625,-0.11111085039534285,3.801579426274799e-9,6.165694953754036e-5,5.703083761652812e-5,0.11111085039534285,-0.1111100584839656
26921,1.5625,-0.11111087515588651,4.219455787126869e-9,6.49573382084493e-5,5.305695286286928e-5,0.11111087515588651,-0.11111005368819203
26922,3.90625,-0.11111087118788425,4.079873396525191e-9,6.38738866558564e-5,4.296554336545716e-5,0.11111087118788425,-0.11111003743202287
26923,9.765625,-0.11111079969748527,2.7516869367772262e-9,5.245652425368294e-5,1.9283101308466e-5,0.11111079969748527,-0.1111100088255256
26924,24.4140625,-0.11111061195162107,5.040940621848565e-10,2.245203915426963e-5,3.47897810015545e-5,0.11111061195162107,-0.11111000684878854
26925,9.765625,-0.111110519089184,9.322347561719869e-11,9.655230479755452e-6,8.762804173620639e-5,0.111110519089184,-0.1111100175254763
26926,3.90625,-0.1111104393501515,2.1764069239279493e-11,4.665197663473595e-6,9.561224863900751e-5,0.1111104393501515,-0.11111002729842663
26927,1.5625,-0.111110365468015,1.4746113586458382e-10,1.2143357684947925e-5,9.447650863348145e-5,0.111110365468015,-0.11111003599436645
26928,0.625,-0.11111029374450154,4.429020223600802e-10,2.1045237522063754e-5,9.230571146913474e-5,0.11111029374450154,-0.11111004415496165
26929,0.25,-0.11111022291973773,9.014330466386321e-10,3.002387461069327e-5,9.065317826426155e-5,0.11111022291973773,-0.11111005209976227
26930,0.1,-0.11111015255373163,1.5206602220001018e-9,3.899564362848883e-5,8.956840311011338e-5,0.11111015255373163,-0.11111005996072341
26931,0.1,-0.11111008273068063,2.2941647009730987e-9,4.78974393989188e-5,8.885773977288812e-5,0.11111008273068063,-0.11111006759951061
26932,0.1,-0.11111001350667538,3.215864117911307e-9,5.670858945443192e-5,8.806978204586951e-5,0.11111001350667538,-0.11111007498932347
26933,0.1,-0.11110994493666293,4.27920645429343e-9,6.541564380401243e-5,8.720501226310929e-5,0.11110994493666293,-0.11111008210450353
26934,0.1,-0.11110987707443513,5.477195888188511e-9,7.400807988448633e-5,8.626409349241303e-5,0.11110987707443513,-0.1111100889206404
26935,0.25,-0.11110981127160606,6.763917595108764e-9,8.224303979735163e-5,8.525594883351539e-5,0.11110981127160606,-0.1111100942131671
26936,0.625,-0.11110975084525128,8.018067890399678e-9,8.954366471392422e-5,8.295973568415662e-5,0.11110975084525128,-0.1111100952517584
26937,1.5625,-0.11110970480901385,8.906811441759907e-9,9.437590498511739e-5,7.718976823201626e-5,0.11110970480901385,-0.1111100851362955
26938,3.90625,-0.1111096968373634,8.622701238845501e-9,9.285850116626642e-5,6.247778669163437e-5,0.1111096968373634,-0.11111005076343446
26939,9.765625,-0.11110978436698825,5.8298288963263106e-9,7.635331621040642e-5,2.75906333703098e-5,0.11110978436698825,-0.11110999007586228
26940,24.4140625,-0.1111101764379221,9.960588024478277e-11,9.980274557585215e-6,4.840246174661428e-5,0.1111101764379221,-0.11111002839577579
26941,9.765625,-0.111110651582656,1.0567153335720715e-10,1.027966601389399e-5,2.6763683373313118e-5,0.111110651582656,-0.11111002768100155
26942,3.90625,-0.11111081749526577,1.192416406828941e-10,1.0919782080375694e-5,1.7826150513865286e-5,0.11111081749526577,-0.11111002742074137
26943,1.5625,-0.11111095002888606,1.3632442803794846e-10,1.1675805241521822e-5,1.414336378392829e-5,0.11111095002888606,-0.11111002737300876
26944,3.90625,-0.11111096948175167,1.3473328749539165e-10,1.1607466885388544e-5,1.2524906330177794e-5,0.11111096948175167,-0.11111002691750257
26945,9.765625,-0.11111073007582828,8.949368558514928e-11,9.460110231130992e-6,9.139963874815956e-6,0.11111073007582828,-0.11111002601917873
26946,24.4140625,-0.11111034015745355,1.5476348410678436e-11,3.933999035419103e-6,8.829288786664968e-6,0.11111034015745355,-0.11111002597444325
26947,9.765625,-0.1111105400809521,3.250926067578401e-12,1.803032464371732e-6,1.624774586971007e-5,0.1111105400809521,-0.11111002632881417
26948,3.90625,-0.11111060282963253,1.642476045484886e-12,1.2815912162171236e-6,1.7297776924551868e-5,0.11111060282963253,-0.11111002664374106
26949,1.5625,-0.1111106502858974,5.882791881376493e-12,2.4254467385157097e-6,1.696239059763537e-5,0.1111106502858974,-0.11111002692352838
26950,0.625,-0.11111069396003634,1.5111706282727945e-11,3.887377815794079e-6,1.6509423465407926e-5,0.11111069396003634,-0.1111100271855623
26951,0.25,-0.11111073652490161,2.909959202775169e-11,5.394403769440297e-6,1.616848008061704e-5,0.11111073652490161,-0.11111002743958184
26952,0.1,-0.11111077875855048,4.774602131422891e-11,6.909849586946804e-6,1.593609076824332e-5,0.11111077875855048,-0.11111002768962149
26953,0.1,-0.11111081940221967,7.081867862690409e-11,8.415383450972634e-6,1.577535392923263e-5,0.11111081940221967,-0.11111002793154237
26954,0.1,-0.11111085830011337,9.810828030328139e-11,9.904962407969118e-6,1.5608599920285372e-5,0.11111085830011337,-0.11111002816483723
26955,0.1,-0.11111089530386871,1.2939644025833962e-10,1.1375255612879194e-5,1.5435050823178593e-5,0.11111089530386871,-0.11111002838899936
26956,0.1,-0.11111093027302658,1.6445593025569526e-10,1.2824037205798151e-5,1.525409792127142e-5,0.11111093027302658,-0.11111002860353045
26957,0.25,-0.11111095744051265,2.018371358208043e-10,1.4206939706383085e-5,1.5067235222484768e-5,0.11111095744051265,-0.11111002877223286
26958,0.625,-0.11111096404132165,2.3777322641950665e-10,1.5419897094971373e-5,1.4674849800742982e-5,0.11111096404132165,-0.11111002881516065
26959,1.5625,-0.11111091895348697,2.620922682019838e-10,1.618926397962501e-5,1.3729218435547553e-5,0.11111091895348697,-0.11111002853228526
26960,3.90625,-0.11111075878482957,2.5083811197332527e-10,1.5837869552857332e-5,1.1412144433588059e-5,0.11111075878482957,-0.11111002755314348
26961,9.765625,-0.11111042746123795,1.6706547551477257e-10,1.2925381058784015e-5,6.697737410110757e-6,0.11111042746123795,-0.11111002585036067
26962,24.4140625,-0.11111024212718117,3.135900789572135e-11,5.5999114185602395e-6,1.0146804773428302e-5,0.11111024212718117,-0.11111002575597541
26963,9.765625,-0.11111038831799075,6.732236419227485e-12,2.594655356541112e-6,2.207115494028747e-5,0.11111038831799075,-0.11111002641178254
26964,3.90625,-0.11111044889692392,2.657117379621292e-12,1.6300666795015754e-6,2.3920951533971704e-5,0.11111044889692392,-0.11111002701609905
26965,1.5625,-0.11111049780710622,1.0424078306813173e-11,3.2286341240241472e-6,2.361715343642774e-5,0.11111049780710622,-0.1111100275575236
26966,0.625,-0.11111054353383527,2.8386872200080145e-11,5.327933201540739e-6,2.3080027273985316e-5,0.11111054353383527,-0.11111002806756387
26967,0.25,-0.11111058824878982,5.61465297427434e-11,7.493098807752598e-6,2.267483685992435e-5,0.11111058824878982,-0.11111002856490401
26968,0.1,-0.11111063263495152,9.355995808505825e-11,9.672639664799793e-6,2.2409929043105598e-5,0.11111063263495152,-0.11111002905726187
26969,0.1,-0.1111106763122192,1.4023539913894418e-10,1.1842102817445226e-5,2.2237195586831152e-5,0.1111106763122192,-0.11111002953610748
26970,0.1,-0.11111071917803304,1.9580583294973475e-10,1.3993063744217517e-5,2.2047218343491725e-5,0.11111071917803304,-0.11111002999989668
26971,0.1,-0.11111076113259516,2.59876775175994e-10,1.6120694004167253e-5,2.1839925947472883e-5,0.11111076113259516,-0.11111003044714346
26972,0.1,-0.11111080207917091,3.3202757881031903e-10,1.8221623934499336e-5,2.1615324808505994e-5,0.11111080207917091,-0.11111003087642567
26973,0.25,-0.1111108391721154,4.094564000132802e-10,2.0235029034159556e-5,2.137527408711894e-5,0.1111108391721154,-0.11111003121371715
26974,0.625,-0.11111086579586975,4.847602779568073e-10,2.2017272264220364e-5,2.0826343213962845e-5,0.11111086579586975,-0.11111003129429378
26975,1.5625,-0.1111108652377145,5.376571151625161e-10,2.318743442389684e-5,1.9447330506746464e-5,0.1111108652377145,-0.111110030702725
26976,3.90625,-0.11111080099365225,5.191791809783503e-10,2.2785503746425056e-5,1.5967242467307975e-5,0.11111080099365225,-0.11111002865481333
26977,9.765625,-0.11111062673728789,3.4945351274088787e-10,1.869367574183547e-5,8.298785254824643e-6,0.11111062673728789,-0.1111100250479087
26978,24.4140625,-0.11111044739778712,6.446663685124081e-11,8.029111834520728e-6,1.35279129126692e-5,0.11111044739778712,-0.11111002482667044
26979,9.765625,-0.11111047051984026,1.2357689040961256e-11,3.515350486219156e-6,3.174440769826031e-5,0.11111047051984026,-0.11111002620847553
26980,3.90625,-0.11111045853593568,3.4639294304634115e-12,1.8611634615109474e-6,3.456279859034143e-5,0.11111045853593568,-0.11111002747844301
26981,1.5625,-0.11111044387754862,1.9767008852991538e-11,4.446010442294478e-6,3.417584960586797e-5,0.11111044387754862,-0.11111002861377131
26982,0.625,-0.11111042873200933,5.7844319827843426e-11,7.60554533402066e-6,3.342873758693232e-5,0.11111042873200933,-0.11111002968297427
26983,0.25,-0.11111041348709903,1.169048132452444e-10,1.0812252921812568e-5,3.2867172587864656e-5,0.11111041348709903,-0.11111003072652734
26984,0.1,-0.11111039823767221,1.9669574829472598e-10,1.4024826141336867e-5,3.250708396933591e-5,0.11111039823767221,-0.11111003176110616
26985,0.1,-0.11111038280677717,2.9644147409040533e-10,1.721747583388475e-5,3.227916920865698e-5,0.11111038280677717,-0.11111003276867065
26986,0.1,-0.11111036717626165,4.1540692613475745e-10,2.0381533949503346e-5,3.202300548934602e-5,0.11111036717626165,-0.11111003374566679
26987,0.1,-0.11111035132942433,5.527927556226718e-10,2.351154515600095e-5,3.1738790929265035e-5,0.11111035132942433,-0.11111003468868158
26988,0.1,-0.11111033525113177,7.077386178110795e-10,2.6603357265786578e-5,3.142678458422076e-5,0.11111033525113177,-0.11111003559445777
26989,0.25,-0.11111031820264225,8.743590922302384e-10,2.9569563612441736e-5,3.1089568276011466e-5,0.11111031820264225,-0.11111003630453575
26990,0.625,-0.11111029860600015,1.0370209983132916e-9,3.220281041016904e-5,3.0292099066861235e-5,0.11111029860600015,-0.11111003646526676
26991,1.5625,-0.11111027286577793,1.1527322912662242e-9,3.395191145232068e-5,2.8255933481507665e-5,0.11111027286577793,-0.11111003518209356
26992,3.90625,-0.11111023530830182,1.1170718990571917e-9,3.3422625556009085e-5,2.305016523450065e-5,0.11111023530830182,-0.11111003075278733
26993,9.765625,-0.11111019291694861,7.570087456548193e-10,2.7513791917051695e-5,1.1020809521497228e-5,0.11111019291694861,-0.11111002289129433
26994,24.4140625,-0.11111025203548743,1.417121437569982e-10,1.1904290980860566e-5,1.863722550508234e-5,0.11111025203548743,-0.11111002225302131
26995,9.765625,-0.1111103503164546,2.6830376964348426e-11,5.179804722607642e-6,4.6373288979634884e-5,0.1111103503164546,-0.11111002522260449
26996,3.90625,-0.1111104168992593,5.8112992140686e-12,2.4106636459839433e-6,5.0720845617685035e-5,0.1111104168992593,-0.11111002797031397
26997,1.5625,-0.11111047691329629,3.965585612621888e-11,6.2972895857042245e-6,5.022967079719896e-5,0.11111047691329629,-0.11111003042885988
26998,0.625,-0.11111053491968789,1.209248302794303e-10,1.0996582663692857e-5,4.916580293725285e-5,0.11111053491968789,-0.11111003274409731
26999,0.25,-0.11111059228674597,2.4792070197893017e-10,1.5745497832044884e-5,4.83595393500442e-5,0.11111059228674597,-0.11111003500388675
27000,0.1,-0.11111064947617656,4.201273832904224e-10,2.049700913036881e-5,4.7844112059864885e-5,0.11111064947617656,-0.11111003724478698
27001,0.1,-0.11111070632250912,6.359212733262111e-10,2.521747951969449e-5,4.7520912152083635e-5,0.11111070632250912,-0.11111003942839
27002,0.1,-0.11111076275501773,8.937524249577638e-10,2.9895692414757076e-5,4.715509209890419e-5,0.11111076275501773,-0.11111004154682964
27003,0.1,-0.11111081870327959,1.191927629243665e-9,3.452430490601751e-5,4.6746981197756436e-5,0.11111081870327959,-0.11111004359254564
27004,0.1,-0.11111087409736474,1.5286175677560891e-9,3.909753915217797e-5,4.629698733924203e-5,0.11111087409736474,-0.11111004555831519
27005,0.25,-0.11111092721627226,1.891189024084275e-9,4.348780316461473e-5,4.580868609824876e-5,0.11111092721627226,-0.11111004710093024
27006,0.625,-0.11111097391468355,2.2459823997111792e-9,4.7391796755463697e-5,4.463886360734194e-5,0.11111097391468355,-0.11111004745257397
27007,1.5625,-0.1111110032941873,2.50025456679028e-9,5.000254560310185e-5,4.163250471156899e-5,0.1111110032941873,-0.11111004466740763
27008,3.90625,-0.11111098916338381,2.4281760238014097e-9,4.927652609307407e-5,3.3905368162530255e-5,0.11111098916338381,-0.11111003502534977
27009,9.765625,-0.1111108826857059,1.6530675354223028e-9,4.06579332409101e-5,1.5681313519655344e-5,0.1111108826857059,-0.11111001781000875
27010,24.4140625,-0.11111065915620558,3.1455863730515293e-10,1.7735801005456532e-5,2.6580300381071714e-5,0.11111065915620558,-0.11111001613603991
27011,9.765625,-0.11111056974416494,6.035435231165731e-11,7.768806363377665e-6,6.823052422364758e-5,0.11111056974416494,-0.11111002257589707
27012,3.90625,-0.11111048633372625,1.1575316798325617e-11,3.4022517247149155e-6,7.484592613350252e-5,0.11111048633372625,-0.1111100285735681
27013,1.5625,-0.11111040786442458,8.291599542593702e-11,9.105822062062108e-6,7.419851746316419e-5,0.11111040786442458,-0.11111003394722131
27014,0.625,-0.11111033130152165,2.580482303830882e-10,1.6063879680297913e-5,7.266063878187998e-5,0.11111033130152165,-0.11111003900850679
27015,0.25,-0.11111025551899778,5.332509074140786e-10,2.309222612512875e-5,7.148593594516845e-5,0.11111025551899778,-0.1111100439484513
27016,0.1,-0.11111018011118264,9.07409831450317e-10,3.012324403928496e-5,7.073404527831279e-5,0.11111018011118264,-0.111110048847165
27017,0.1,-0.11111010509083817,1.3770431225339961e-9,3.7108531667717547e-5,7.026330476119159e-5,0.11111010509083817,-0.11111005362188264
27018,0.1,-0.11111003050803155,1.9388110427547244e-9,4.403193208064716e-5,6.972900706063628e-5,0.11111003050803155,-0.1111100582552818
27019,0.1,-0.11110995641239607,2.58905906468826e-9,5.088279733552647e-5,6.913166552239933e-5,0.11110995641239607,-0.11111006273071075
27020,0.1,-0.11110988285312379,3.3238334370150237e-9,5.7652696702019274e-5,6.847190079951961e-5,0.11110988285312379,-0.11111006703225147
27021,0.25,-0.11110981089456047,4.1158004683950264e-9,6.415450466175409e-5,6.775486582447325e-5,0.11110981089456047,-0.1111100704124065
27022,0.625,-0.11110974323239285,4.892028597373765e-9,6.994303823379255e-5,6.603035486597508e-5,0.11110974323239285,-0.11111007119631885
27023,1.5625,-0.11110968738362377,5.451344770924754e-9,7.383322267736085e-5,6.158872199198494e-5,0.11110968738362377,-0.11111006513365165
27024,3.90625,-0.11110966403436497,5.302976455372074e-9,7.28215384029483e-5,5.014498215566961e-5,0.11110966403436497,-0.11111004406849231
27025,9.765625,-0.1111097284450293,3.623848388154351e-9,6.019840851845131e-5,2.2859303948392933e-5,0.1111097284450293,-0.11111000626853411
27026,24.4140625,-0.11111001021094818,6.98860893361679e-10,2.6435977253766862e-5,3.846518642997137e-5,0.11111001021094818,-0.11111000212520457
27027,9.765625,-0.11111020040262577,1.3510298665972863e-10,1.1623381033921612e-5,0.00010082930043148247,0.11111020040262577,-0.11111001620457614
27028,3.90625,-0.11111035219322911,2.2808000908704573e-11,4.775772284008585e-6,0.00011085336756821587,0.11111035219322911,-0.11111002938833209
27029,1.5625,-0.11111049257917656,1.746525103925645e-10,1.3215616156372146e-5,0.00010999156289174542,0.11111049257917656,-0.11111004121494841
27030,0.625,-0.11111062931909486,5.546672042918886e-10,2.3551373724092795e-5,0.0001077576537791462,0.11111062931909486,-0.11111005235648619
27031,0.25,-0.11111076498383146,1.1546667811893958e-9,3.398038818479559e-5,0.00010603991303461413,0.11111076498383146,-0.11111006323096971
27032,0.1,-0.11111090047741622,1.9722377774633835e-9,4.440988378124158e-5,0.00010493956597792069,0.11111090047741622,-0.11111007401489763
27033,0.1,-0.1111110355839041,2.9998704691015174e-9,5.4771073287836135e-5,0.00010425193721604524,0.1111110355839041,-0.11111008452883413
27034,0.1,-0.11111117015854914,4.230330356368227e-9,6.504098981694718e-5,0.00010346979307789629,0.11111117015854914,-0.11111009473455678
27035,0.1,-0.11111130405480228,5.6556882878351885e-9,7.520431030090755e-5,0.00010259387386415705,0.11111130405480228,-0.11111010459529626
27036,0.1,-0.11111143712467553,7.267354105007432e-9,8.524877773321699e-5,0.00010162507729532366,0.11111143712467553,-0.11111011407588191
27037,0.25,-0.11111156619697725,9.005832696031493e-9,9.489906583329202e-5,0.00010057080175089784,0.11111156619697725,-0.11111012153962867
27038,0.625,-0.11111168343343927,1.0712148860848612e-8,0.0001034995114039125,9.802538144517564e-5,0.11111168343343927,-0.11111012331437331
27039,1.5625,-0.11111176776823505,1.1947338336732105e-8,0.00010930388070298376,9.145621520720667e-5,0.11111176776823505,-0.11111011007009058
27040,3.90625,-0.11111176646250813,1.1638852480074326e-8,0.00010788351347668616,7.45028167458525e-5,0.11111176646250813,-0.11111006384694155
27041,9.765625,-0.11111156971171658,7.980002133313804e-9,8.933085767703008e-5,3.3841289176717575e-5,0.11111156971171658,-0.11110998052098578
27042,24.4140625,-0.11111114301928836,1.2936364423028837e-10,1.1373813970269092e-5,5.486969941616705e-5,0.11111114301928836,-0.11111003137586871
27043,9.765625,-0.111110062668421,1.3634647395802828e-10,1.1676749288994274e-5,3.0637923890084017e-5,0.111110062668421,-0.11111003048975024
27044,3.90625,-0.11110965059999856,1.5560102775471276e-10,1.2474014099507534e-5,2.0330322193417464e-5,0.11110965059999856,-0.11111003014427367
27045,1.5625,-0.11110931906654174,1.7962380336517235e-10,1.3402380511132057e-5,1.5950744137650545e-5,0.11110931906654174,-0.1111100300690434
27046,3.90625,-0.11110923576629038,1.7833438160614788e-10,1.335418966490097e-5,1.4012526661999147e-5,0.11110923576629038,-0.11111002944779917
27047,9.765625,-0.11110973958013201,1.178009026963426e-10,1.0853612426116136e-5,9.805152985209723e-6,0.11110973958013201,-0.11111002823932757
27048,24.4140625,-0.11111066987269641,2.1266714004831295e-11,4.611584760668646e-6,9.356224575089499e-6,0.11111066987269641,-0.11111002813236726
27049,9.765625,-0.11111022235474059,4.399270157729719e-12,2.0974437198003e-6,1.861081592581536e-5,0.11111022235474059,-0.11111002860409677
27050,3.90625,-0.11111006263459006,2.2536992526829005e-12,1.501232577811613e-6,1.9869577459677703e-5,0.11111006263459006,-0.11111002901815213
27051,1.5625,-0.11110993739252474,8.027883167356267e-12,2.833351931433204e-6,1.9503448986226497e-5,0.11110993739252474,-0.11111002938625612
27052,0.625,-0.11110982093439328,2.0605351349857034e-11,4.5393117705062996e-6,1.9002011806510778e-5,0.11110982093439328,-0.11111002973184218
27053,0.25,-0.11110970711095053,3.970926216557717e-11,6.3015285578641285e-6,1.863090682111401e-5,0.11110970711095053,-0.11111003006790011
27054,0.1,-0.11110959410144032,6.523035999950195e-11,8.076531433697386e-6,1.838493131243083e-5,0.11110959410144032,-0.11111003039972923
27055,0.1,-0.11110948462514604,9.68588655660072e-11,9.841690178318315e-6,1.8220433040015804e-5,0.11110948462514604,-0.1111100307215018
27056,0.1,-0.11110937903873674,1.3432089608585502e-10,1.1589689214377364e-5,1.8045544507052044e-5,0.11110937903873674,-0.11111003103236577
27057,0.1,-0.11110927768323418,1.77326934377619e-10,1.331641597343741e-5,1.7859755606812745e-5,0.11110927768323418,-0.11111003133148871
27058,0.1,-0.111109180882998,2.2557263404516813e-10,1.501907567213003e-5,1.76626960447665e-5,0.111109180882998,-0.11111003161806575
27059,0.25,-0.11110910148190987,2.7700036415648314e-10,1.66433279171109e-5,1.7456043308924444e-5,0.11110910148190987,-0.11111003184227998
27060,0.625,-0.11110906807138901,3.2626675783801235e-10,1.8062855749798047e-5,1.7001459925851146e-5,0.11110906807138901,-0.11111003189424293
27061,1.5625,-0.11110915086343594,3.590570487494175e-10,1.8948800720610726e-5,1.588301608643028e-5,0.11110915086343594,-0.11111003150013966
27062,3.90625,-0.11110949575992748,3.4238048072787745e-10,1.8503526170108157e-5,1.3121213579218898e-5,0.11110949575992748,-0.11111003015753147
27063,9.765625,-0.11111025077733103,2.2787032082516667e-10,1.5095374153202255e-5,7.415111246423973e-6,0.11111025077733103,-0.11111002783004566
27064,24.4140625,-0.11111078995862513,4.3794937664643045e-11,6.617774373960104e-6,1.1348755462381468e-5,0.11111078995862513,-0.11111002764716814
27065,9.765625,-0.11111050851080889,8.673141237952781e-12,2.945019734730615e-6,2.5688147814122726e-5,0.11111050851080889,-0.1111100285498949
27066,3.90625,-0.11111040149393234,2.3361009918642706e-12,1.5284308920799365e-6,2.8016555017897443e-5,0.11111040149393234,-0.11111002938628939
27067,1.5625,-0.11111031821653271,1.2463762542514e-11,3.5304054359965512e-6,2.7723315093786192e-5,0.11111031821653271,-0.11111003013569012
27068,0.625,-0.11111024139969022,3.676793627320229e-11,6.063657004910674e-6,2.7123075918408652e-5,0.11111024139969022,-0.11111003084137573
27069,0.25,-0.11111016666035915,7.470746626984192e-11,8.643348093756373e-6,2.666546447921429e-5,0.11111016666035915,-0.1111100315295194
27070,0.1,-0.1111100926276057,1.261013552901872e-10,1.122948597622292e-5,2.63677401600498e-5,0.1111100926276057,-0.11111003221106006
27071,0.1,-0.11111002000776297,1.9043718858095993e-10,1.3799898136615355e-5,2.6176032619706644e-5,0.11111002000776297,-0.11111003287455998
27072,0.1,-0.11110994899921252,2.672287347316995e-10,1.634713230911463e-5,2.5962935859716965e-5,0.11110994899921252,-0.1111100335177937
27073,0.1,-0.11110987979425895,3.5594962636806086e-10,1.886662731831158e-5,2.5728439687458095e-5,0.11110987979425895,-0.11111003413861721
27074,0.1,-0.11110981257856457,4.560352568858034e-10,2.1354982015581363e-5,2.5472610388144765e-5,0.11110981257856457,-0.11111003473497906
27075,0.25,-0.11110975282943557,5.636736883704483e-10,2.3741813080943257e-5,2.5197444136879925e-5,0.11110975282943557,-0.11111003520473696
27076,0.625,-0.1111097132766254,6.687477733685871e-10,2.5860158030618976e-5,2.455629041115368e-5,0.1111097132766254,-0.11111003531974639
27077,1.5625,-0.11110972601299361,7.434750961652288e-10,2.726673974213325e-5,2.2930212398449166e-5,0.11110972601299361,-0.11111003450290174
27078,3.90625,-0.11110986068723339,7.206087223814343e-10,2.684415620542829e-5,1.8795315322857793e-5,0.11110986068723339,-0.11111003165580655
27079,9.765625,-0.11111020234125953,4.895114155068115e-10,2.2124904870005917e-5,9.42475638817224e-6,0.11111020234125953,-0.11111002658128706
27080,24.4140625,-0.11111052425040728,9.362209900222792e-11,9.67585133216855e-6,1.5207105872207623e-5,0.11111052425040728,-0.11111002610419171
27081,9.765625,-0.11111043478797843,1.8106701728163188e-11,4.2551970257748565e-6,3.741964582642487e-5,0.11111043478797843,-0.11111002803222804
27082,3.90625,-0.11111042105577991,3.676462875857443e-12,1.9174104609752817e-6,4.098926474408469e-5,0.11111042105577991,-0.11111002982899465
27083,1.5625,-0.111110415582456,2.48941981317164e-11,4.9894085953864715e-6,4.063034261724192e-5,0.111110415582456,-0.11111003144050578
27084,0.625,-0.11111041215231349,7.690187315652408e-11,8.769371309080491e-6,3.97912616326996e-5,0.11111041215231349,-0.11111003295912786
27085,0.25,-0.11111040936409176,1.585853879175358e-10,1.2593069042832084e-5,3.915028484543329e-5,0.11111040936409176,-0.11111003444149398
27086,0.1,-0.111110406809101,2.696056441927458e-10,1.6419672475197116e-5,3.873915443413808e-5,0.111110406809101,-0.11111003591136301
27087,0.1,-0.11111040482773042,4.0892355018381583e-10,2.0221858227764722e-5,3.848084307092462e-5,0.11111040482773042,-0.11111003734416687
27088,0.1,-0.11111040347976502,5.755430271505552e-10,2.3990477843314317e-5,3.81885061266203e-5,0.11111040347976502,-0.11111003873480844
27089,0.1,-0.11111040282147498,7.683757215474776e-10,2.7719590933985257e-5,3.786237114025043e-5,0.11111040282147498,-0.11111004007838297
27090,0.1,-0.11111040290542529,9.862454931364041e-10,3.140454574001038e-5,3.750273477084896e-5,0.11111040290542529,-0.1111100413702
27091,0.25,-0.11111040568717842,1.2210515211298503e-9,3.494354763228614e-5,3.711236771884465e-5,0.11111040568717842,-0.11111004238854628
27092,0.625,-0.1111104155421316,1.4511883051769979e-9,3.80944655452337e-5,3.6177101997301456e-5,0.1111104155421316,-0.11111004263671741
27093,1.5625,-0.11111044306832416,1.6170727528580804e-9,4.0212843133233946e-5,3.377330158646336e-5,0.11111044306832416,-0.1111100408541139
27094,3.90625,-0.11111050902565009,1.573371376789197e-9,3.9665745635109355e-5,2.75968834824415e-5,0.11111050902565009,-0.11111003462046384
27095,9.765625,-0.1111106246386984,1.0762894541746594e-9,3.28068507201569e-5,1.3089217847573996e-5,0.1111106246386984,-0.11111002341048119
27096,24.4140625,-0.11111063270762739,2.0898808480931928e-10,1.4456420193440674e-5,2.13485142587311e-5,0.11111063270762739,-0.11111002215036565
27097,9.765625,-0.11111050320113243,4.08123417891607e-11,6.388453787041173e-6,5.5147510321659245e-5,0.11111050320113243,-0.11111002635040514
27098,3.90625,-0.1111104237304678,6.884419931209736e-12,2.623817815933442e-6,6.063583039295932e-5,0.1111104237304678,-0.11111003029441
27099,1.5625,-0.11111035368206282,5.155206725740483e-11,7.179976828472696e-6,6.0186027151785705e-5,0.11111035368206282,-0.11111003383714481
27100,0.625,-0.11111028653464812,1.6411801203290288e-10,1.2810855242055579e-5,5.8980910505996616e-5,0.11111028653464812,-0.11111003717664676
27101,0.25,-0.11111022042084888,3.421514155889483e-10,1.8497335364558548e-5,5.805260213311871e-5,0.11111022042084888,-0.11111004043690118
27102,0.1,-0.1111101547265322,5.849423470192999e-10,2.418558138683666e-5,5.745841763118858e-5,0.1111101547265322,-0.11111004367040413
27103,0.1,-0.1111100896985057,8.902773321417289e-10,2.983751551556746e-5,5.708798398106246e-5,0.1111100896985057,-0.11111004682397797
27104,0.1,-0.11111002542317687,1.2560210585556952e-9,3.5440387392855844e-5,5.6666223397289026e-5,0.11111002542317687,-0.11111004988624112
27105,0.1,-0.1111099619849439,1.6798313995474222e-9,4.0985746297309536e-5,5.619350907094769e-5,0.1111099619849439,-0.11111005284623726
27106,0.1,-0.11110989946603379,2.159169250331654e-9,4.6466861851556687e-5,5.5670305616994454e-5,0.11110989946603379,-0.1111100556934784
27107,0.25,-0.11110984014043732,2.6764095746144037e-9,5.17340272414047e-5,5.510048276773482e-5,0.11110984014043732,-0.1111100579414436
27108,0.625,-0.11110978940031754,3.1844212013411907e-9,5.643067606666777e-5,5.372047531896676e-5,0.11110978940031754,-0.11111005849794138
27109,1.5625,-0.11110976126114668,3.5530032791220563e-9,5.960707406945971e-5,5.015480364021568e-5,0.11110976126114668,-0.11111005458639074
27110,3.90625,-0.11110978883283261,3.4638177190531048e-9,5.885420731819523e-5,4.0955545618141044e-5,0.11110978883283261,-0.11111004085315943
27111,9.765625,-0.11110993135987964,2.3795568710664487e-9,4.87807018304006e-5,1.90309666897665e-5,0.11110993135987964,-0.11111001601691596
27112,24.4140625,-0.11111020559565078,4.692690210418753e-10,2.1662618056040117e-5,3.082185175966135e-5,0.11111020559565078,-0.11111001286314062
27113,9.765625,-0.11111030573638316,9.3038435348525e-11,9.645643335129337e-6,8.173471071276871e-5,0.11111030573638316,-0.11111002209472298
27114,3.90625,-0.11111040198100915,1.411130659090009e-11,3.7565019088109206e-6,9.01047255719813e-5,0.11111040198100915,-0.1111100308207873
27115,1.5625,-0.11111049294763957,1.0935332466125105e-10,1.045721400093022e-5,8.952667161648292e-5,0.11111049294763957,-0.11111003867123809
27116,0.625,-0.11111058205711108,3.550244309122257e-10,1.8842091999356806e-5,8.77766567324749e-5,0.11111058205711108,-0.11111004607387498
27117,0.25,-0.11111067062603901,7.457450512901578e-10,2.7308333000938703e-5,8.641816121827994e-5,0.11111067062603901,-0.11111005330140813
27118,0.1,-0.11111075913964519,1.2799753415360124e-9,3.577674302582632e-5,8.554820340158536e-5,0.11111075913964519,-0.11111006047017902
27119,0.1,-0.11111084753087848,1.9529179461712114e-9,4.4191831215409156e-5,8.500737408391405e-5,0.11111084753087848,-0.11111006746405964
27120,0.1,-0.1111109357195842,2.759923092733678e-9,5.253497018875787e-5,8.43896196307428e-5,0.1111109357195842,-0.11111007425767716
27121,0.1,-0.11111102362348689,3.6958800417796725e-9,6.0793750022347464e-5,8.369552048338456e-5,0.11111102362348689,-0.11111008082659485
27122,0.1,-0.1111111111583759,4.755238704596665e-9,6.895823884494633e-5,8.292578439366323e-5,0.1111111111583759,-0.11111008714740848
27123,0.25,-0.1111111967092546,5.8993693706118386e-9,7.680735232132298e-5,8.208599403851294e-5,0.1111111967092546,-0.11111009214691396
27124,0.625,-0.11111127617430318,7.0248069577182425e-9,8.381412146958436e-5,8.004201590389074e-5,0.11111127617430318,-0.11111009341230281
27125,1.5625,-0.1111113382189673,7.845400282040362e-9,8.857426421958222e-5,7.474743951977536e-5,0.1111113382189673,-0.11111008480179983
27126,3.90625,-0.11111135284819718,7.66027981166252e-9,8.75230244659228e-5,6.105889935964426e-5,0.11111135284819718,-0.11111005443315769
27127,9.765625,-0.11111124844135081,5.280692144653519e-9,7.266837100591645e-5,2.818439632643507e-5,0.11111124844135081,-0.11110999924767571
27128,24.4140625,-0.1111107864780456,8.243388434474029e-11,9.079310785777756e-6,4.402314919193207e-5,0.1111107864780456,-0.11111003247207236
27129,9.765625,-0.1111101819620245,8.779506016600539e-11,9.369901822644962e-6,2.435784110657737e-5,0.1111101819620245,-0.11111003187796331
27130,3.90625,-0.11110996154743799,9.960342058156301e-11,9.980151330594292e-6,1.616240642395102e-5,0.11110996154743799,-0.1111100316548008
27131,1.5625,-0.11110978457216425,1.1421739641428758e-10,1.0687253922981692e-5,1.2770293672663896e-5,0.11110978457216425,-0.11111003160920531
27132,3.90625,-0.11110974770539643,1.1328027663807804e-10,1.0643320752381657e-5,1.1301774996681109e-5,0.11110974770539643,-0.11111003122088067
27133,9.765625,-0.11111003713066847,7.600400248834688e-11,8.718027442509394e-6,8.189243313672708e-6,0.11111003713066847,-0.11111003045272595
27134,24.4140625,-0.11111054337643159,1.4032312384265136e-11,3.745972822147157e-6,7.967843966126201e-6,0.11111054337643159,-0.11111003038179197
27135,9.765625,-0.11111030267913488,3.0653660251538193e-12,1.7508186728367445e-6,1.5150218070569386e-5,0.11111030267913488,-0.11111003068823465
27136,3.90625,-0.11111022447192902,1.3489354106032574e-12,1.1614367871749444e-6,1.624735434258183e-5,0.11111022447192902,-0.11111003096610064
27137,1.5625,-0.11111016466720341,4.75095542792191e-12,2.1796686509471824e-6,1.600962267539111e-5,0.11111016466720341,-0.11111003121561189
27138,0.625,-0.11111010946583212,1.254451671467196e-11,3.541823924854532e-6,1.563797393337607e-5,0.11111010946583212,-0.11111003145077253
27139,0.25,-0.11111005562943398,2.4547949870702262e-11,4.954588769080867e-6,1.5357455034466072e-5,0.11111005562943398,-0.11111003167977744
27140,0.1,-0.11111000221032617,4.069132479492082e-11,6.37897521510476e-6,1.5170505665743414e-5,0.11111000221032617,-0.11111003190604851
27141,0.1,-0.11110995072490089,6.079060700285053e-11,7.796833139348983e-6,1.5045435105263846e-5,0.11110995072490089,-0.11111003212597349
27142,0.1,-0.11110990136296606,8.467874821814679e-11,9.202105640457883e-6,1.4912061093830448e-5,0.11110990136296606,-0.11111003233898939
27143,0.1,-0.11110985430547983,1.1217851503955391e-10,1.0591435929068065e-5,1.4769996835881653e-5,0.11110985430547983,-0.1111100325445444
27144,0.1,-0.11110980972399342,1.4310292516092804e-10,1.1962563486181716e-5,1.4618962654313427e-5,0.11110980972399342,-0.11111003274210407
27145,0.25,-0.11110977460297532,1.762053260215534e-10,1.3274235421354911e-5,1.4460179784220909e-5,0.11110977460297532,-0.11111003289990955
27146,0.625,-0.11110976442572147,2.0822238723688697e-10,1.4429912932408393e-5,1.41087002046651e-5,0.11110976442572147,-0.11111003294747025
27147,1.5625,-0.11110981703435836,2.303169861621615e-10,1.5176198014066683e-5,1.3240601744555568e-5,0.11110981703435836,-0.11111003270767947
27148,3.90625,-0.11111001008391462,2.2163729080508873e-10,1.4887487726446283e-5,1.1091962736049e-5,0.11111001008391462,-0.11111003184845512
27149,9.765625,-0.11111041615706771,1.4966191135521441e-10,1.2233638516615342e-5,6.6635299966327215e-6,0.11111041615706771,-0.11111003032037788
27150,24.4140625,-0.11111066814331814,2.9386659964416376e-11,5.420946408554172e-6,9.408180105982974e-6,0.11111066814331814,-0.11111003017333038
27151,9.765625,-0.1111104992666191,6.204574554121813e-12,2.4908983427915746e-6,2.0999022174623655e-5,0.1111104992666191,-0.11111003076897116
27152,3.90625,-0.11111042856304072,1.7313750572243786e-12,1.315817258294015e-6,2.2930042690264622e-5,0.11111042856304072,-0.11111003132851309
27153,1.5625,-0.11111037152341698,8.081843275426177e-12,2.8428582932369627e-6,2.2728257834638466e-5,0.11111037152341698,-0.11111003183287818
27154,0.625,-0.11111031825567134,2.3760859246596695e-11,4.874511180271997e-6,2.226476578455778e-5,0.11111031825567134,-0.11111003230912296
27155,0.25,-0.11111026621043182,4.841775035470586e-11,6.958286452475628e-6,2.1908705378665316e-5,0.11111026621043182,-0.11111003277410873
27156,0.1,-0.11111021458368385,8.193973296736734e-11,9.05205683628684e-6,2.167768833579318e-5,0.11111021458368385,-0.11111003323495719
27157,0.1,-0.11111016377068277,1.240029901385076e-10,1.11356629860331e-5,2.1530123011938867e-5,0.11111016377068277,-0.11111003368422655
27158,0.1,-0.11111011388758778,1.7429831796924323e-10,1.320220882917867e-5,2.136508236797123e-5,0.11111011388758778,-0.11111003412042574
27159,0.1,-0.11111006504722916,2.3248963486099092e-10,1.5247610791891001e-5,2.118259023081192e-5,0.11111006504722916,-0.11111003454211685
27160,0.1,-0.11111001735879072,2.9821520962675423e-10,1.726890875610715e-5,2.0982727807966333e-5,0.11111001735879072,-0.11111003494792282
27161,0.25,-0.1111099739882085,3.6901338330083194e-10,1.920972106254622e-5,2.0766993448979165e-5,0.1111099739882085,-0.11111003527089904
27162,0.625,-0.11110994231997327,4.3833019241420664e-10,2.093633665219889e-5,2.0258626659291368e-5,0.11110994231997327,-0.111110035361184
27163,1.5625,-0.1111099410538804,4.881192817644889e-10,2.2093421685300105e-5,1.8963340558001214e-5,0.1111099410538804,-0.11111003483875634
27164,3.90625,-0.11111001126285214,4.744907632478982e-10,2.1782808892516553e-5,1.5669186954594e-5,0.11111001126285214,-0.11111003297549263
27165,9.765625,-0.1111102064849699,3.2432970970338726e-10,1.8009156274056463e-5,8.295698203310066e-6,0.1111102064849699,-0.111110029617161
27166,24.4140625,-0.11111041630865473,6.341018919410759e-11,7.963051500154171e-6,1.2517480898017456e-5,0.11111041630865473,-0.11111002924780838
27167,9.765625,-0.11111039229385533,1.2706197388342021e-11,3.564575344741926e-6,3.057070759350793e-5,0.11111039229385533,-0.11111003052745355
27168,3.90625,-0.1111104057521598,2.4966419327455363e-12,1.5800765591405805e-6,3.355234028453922e-5,0.1111104057521598,-0.11111003173206638
27169,1.5625,-0.11111042217745627,1.5977471294397e-11,3.997182919807023e-6,3.330520268163011e-5,0.11111042217745627,-0.11111003281661787
27170,0.625,-0.11111043919243663,4.9923419102548136e-11,7.065650649625138e-6,3.2647838858930447e-5,0.11111043919243663,-0.11111003384025958
27171,0.25,-0.11111045637553033,1.0360078341932706e-10,1.0178447004299186e-5,3.214183533197706e-5,0.11111045637553033,-0.11111003484014549
27172,0.1,-0.11111047362457781,1.767948339252973e-10,1.3296421846696099e-5,3.1818072407101574e-5,0.11111047362457781,-0.1111100358320137
27173,0.1,-0.11111049111716864,2.688384481016391e-10,1.6396293730646543e-5,3.161629346922651e-5,0.11111049111716864,-0.11111003679977303
27174,0.1,-0.11111050886959666,3.7908836022987165e-10,1.9470191581745458e-5,3.138670221713748e-5,0.11111050886959666,-0.11111003774000128
27175,0.1,-0.11111052689621485,5.068392471851315e-10,2.251309057382241e-5,3.112949256555332e-5,0.11111052689621485,-0.11111003864940146
27176,0.1,-0.11111054520935586,6.513266485406059e-10,2.5521102024415126e-5,3.084491284886471e-5,0.11111054520935586,-0.11111003952481664
27177,0.25,-0.11111056453742023,8.072438245922406e-10,2.84120366146505e-5,3.053505024873649e-5,0.11111056453742023,-0.1111100402195233
27178,0.625,-0.11111058641624631,9.603997253643758e-10,3.09903166386595e-5,2.9784674657708675e-5,0.11111058641624631,-0.11111004040417359
27179,1.5625,-0.11111061429831466,1.0715895639482341e-9,3.273514264438501e-5,2.7847305436465673e-5,0.11111061429831466,-0.11111003924136917
27180,3.90625,-0.11111065341814434,1.0449435747364485e-9,3.232558699755425e-5,2.2864040509305284e-5,0.11111065341814434,-0.11111003511543183
27181,9.765625,-0.11111069562514692,7.185319505552255e-10,2.680544628532093e-5,1.1227626093733866e-5,0.11111069562514692,-0.11111002763240575
27182,24.4140625,-0.11111063158693389,1.426076288949194e-10,1.194184361373567e-5,1.7404819470834077e-5,0.11111063158693389,-0.11111002666703794
27183,9.765625,-0.11111052587909985,2.8709100421154622e-11,5.358087384613527e-6,4.511281717899856e-5,0.11111052587909985,-0.11111002946728624
27184,3.90625,-0.11111045318276132,4.572887843978442e-12,2.1384311641898697e-6,4.9721543697226015e-5,0.11111045318276132,-0.11111003212231182
27185,1.5625,-0.11111038764804834,3.30580419307783e-11,5.749612328738199e-6,4.94203528488969e-5,0.11111038764804834,-0.11111003451504915
27186,0.625,-0.11111032439963896,1.0700162659232468e-10,1.0344159056797448e-5,4.847135837453553e-5,0.11111032439963896,-0.11111003677328765
27187,0.25,-0.11111026197135124,2.2478634023683687e-10,1.4992876316332261e-5,4.77339470958244e-5,0.11111026197135124,-0.11111003897904259
27188,0.1,-0.11111019987071957,3.859562996416365e-10,1.964577052807134e-5,4.7262742731102325e-5,0.11111019987071957,-0.11111004116738789
27189,0.1,-0.11111013825259398,5.89076875466257e-10,2.4270905946549607e-5,4.69711233676128e-5,0.11111013825259398,-0.11111004330330311
27190,0.1,-0.11111007718521537,8.327561919818388e-10,2.8857515346644778e-5,4.663737836193557e-5,0.11111007718521537,-0.11111004537910393
27191,0.1,-0.1111100167356185,1.1154626901671523e-9,3.339854323420637e-5,4.626181821798835e-5,0.1111100167356185,-0.11111004738738398
27192,0.1,-0.11110995696952629,1.4355315795622166e-9,3.788840956760018e-5,4.58448259711417e-5,0.11110995696952629,-0.11111004932104658
27193,0.25,-0.1111098995929377,1.7813288927321998e-9,4.220579217041424e-5,4.538934365299474e-5,0.1111098995929377,-0.11111005085595659
27194,0.625,-0.11110984870389903,2.1216689490276482e-9,4.6061577795681815e-5,4.4275299696681126e-5,0.11110984870389903,-0.11111005126305123
27195,1.5625,-0.11110981509790353,2.3702642554469535e-9,4.868535976499458e-5,4.1384466096326976e-5,0.11110981509790353,-0.11111004868565053
27196,3.90625,-0.11110982506486697,2.3156685457579433e-9,4.812139384679067e-5,3.391488251825295e-5,0.11110982506486697,-0.11111003952710079
27197,9.765625,-0.11110993043727571,1.5987684761319898e-9,3.998460298830026e-5,1.6148709960310968e-5,0.11110993043727571,-0.11111002283397287
27198,24.4140625,-0.1111101753208879,3.220995559474614e-10,1.794713224856443e-5,2.503055415427213e-5,0.1111101753208879,-0.11111002043268714
27199,9.765625,-0.11111028506257827,6.584524350499968e-11,8.114508210914552e-6,6.698167062999904e-5,0.11111028506257827,-0.11111002661231036
27200,3.90625,-0.1111103830356493,9.576792091391771e-12,3.0946392506060816e-6,7.402595563631017e-5,0.1111103830356493,-0.11111003250909007
27201,1.5625,-0.11111047487468954,7.05910618501129e-11,8.401848716211981e-6,7.364626538120634e-5,0.11111047487468954,-0.11111003783013772
27202,0.625,-0.11111056460762614,2.3288742446331784e-10,1.526064954264129e-5,7.226068535179725e-5,0.11111056460762614,-0.11111004285286918
27203,0.25,-0.11111065367950251,4.928562849066578e-10,2.2200366774147174e-5,7.117497236040082e-5,0.11111065367950251,-0.11111004775867798
27204,0.1,-0.11111074261046877,8.494945278102561e-10,2.914608940853397e-5,7.048009856953731e-5,0.11111074261046877,-0.11111005262572193
27205,0.1,-0.11111083132096285,1.2996655466451235e-9,3.6050874422753236e-5,7.005053207729731e-5,0.11111083132096285,-0.11111005737708969
27206,0.1,-0.11111091973045939,1.840312740334175e-9,4.289886642248458e-5,6.955767151248165e-5,0.11111091973045939,-0.11111006199557852
27207,0.1,-0.11111100775718503,2.468067072167624e-9,4.967964444485915e-5,6.90019945720347e-5,0.11111100775718503,-0.11111006646460533
27208,0.1,-0.11111109531827708,3.1792613441266434e-9,5.6384938983088766e-5,6.83840807239944e-5,0.11111109531827708,-0.11111007076827147
27209,0.25,-0.11111118072615446,3.948237043898048e-9,6.283499855890862e-5,6.770822104595066e-5,0.11111118072615446,-0.11111007418765097
27210,0.625,-0.11111125974275382,4.7061222060036175e-9,6.860118224931417e-5,6.60497956958913e-5,0.11111125974275382,-0.1111100751034688
27211,1.5625,-0.11111132076271596,5.262165517836744e-9,7.254078520278606e-5,6.17384010403906e-5,0.11111132076271596,-0.11111006938713656
27212,3.90625,-0.11111133347933416,5.148190927549942e-9,7.175089495992326e-5,5.057464105761189e-5,0.11111133347933416,-0.11111004901654897
27213,9.765625,-0.1111112272671444,3.565536535407147e-9,5.971211380789619e-5,2.3766306255784356e-5,0.1111112272671444,-0.111110011734291
27214,24.4140625,-0.11111088372403903,7.263738089917569e-10,2.6951322954388655e-5,3.65388627526282e-5,0.11111088372403903,-0.11111000597109595
27215,9.765625,-0.11111068593329451,1.497635013631174e-10,1.2237789888828677e-5,9.979480843310135e-5,0.11111068593329451,-0.1111100196979599
27216,3.90625,-0.11111052276055991,1.972890001833182e-11,4.4417226408603925e-6,0.00011050223940536875,0.11111052276055991,-0.11111003286002281
27217,1.5625,-0.11111037162647337,1.5165558371163732e-10,1.23148521595526e-5,0.00011001342165108713,0.11111037162647337,-0.11111004474912599
27218,0.625,-0.11111022478838703,5.097046214492983e-10,2.2576638843045222e-5,0.0001079773130500635,0.11111022478838703,-0.11111005597294644
27219,0.25,-0.11111007966261885,1.0857713883767698e-9,3.295104533056227e-5,0.00010637053710153358,0.11111007966261885,-0.11111006693463592
27220,0.1,-0.1111099353508818,1.8776079750706465e-9,4.333137402703319e-5,0.0001053399323895848,0.1111099353508818,-0.11111007780895828
27221,0.1,-0.1111097919941582,2.87829585708913e-9,5.3649751696435e-5,0.00010470247208587521,0.1111097919941582,-0.11111008842635545
27222,0.1,-0.11110964970460215,4.081069959901202e-9,6.388325257766077e-5,0.00010397043017132877,0.11110964970460215,-0.1111100987483863
27223,0.1,-0.11110950859215639,5.478469533972095e-9,7.401668415953322e-5,0.0001031445045219161,0.11110950859215639,-0.11111010873798041
27224,0.1,-0.11110936876450693,7.062369601451478e-9,8.403790574170372e-5,0.00010222554303072621,0.11110936876450693,-0.11111011835958277
27225,0.25,-0.11110923286401879,8.775987482610024e-9,9.36802406199409e-5,0.00010121983538212024,0.11110923286401879,-0.11111012601441579
27226,0.625,-0.11110910738343018,1.0466778362329299e-8,0.00010230727423956372,9.87489670844693e-5,0.11110910738343018,-0.11111012809751071
27227,1.5625,-0.11110900992708683,1.171194401354795e-8,0.00010822173540258883,9.231999901592449e-5,0.11110900992708683,-0.11111011540828003
27228,3.90625,-0.11110898647121774,1.1472448434378446e-8,0.0001071095160776037,7.565425878274575e-5,0.11110898647121774,-0.11111007002080056
27229,9.765625,-0.11110914724257956,7.969020775881349e-9,8.926937199219757e-5,3.543144951342549e-5,0.11110914724257956,-0.11110998662117035
27230,24.4140625,-0.11110982887473402,1.2112186577852293e-10,1.1005537959523965e-5,5.264597885800519e-5,0.11110982887473402,-0.11111003553893684
27231,9.765625,-0.11111079339696817,1.2754974548923762e-10,1.1293792343107678e-5,2.9656765514345603e-5,0.11111079339696817,-0.11111003472834334
27232,3.90625,-0.1111111515980484,1.456949251844038e-10,1.2070415286327302e-5,1.9750502197520947e-5,0.1111111515980484,-0.11111003440837149
27233,1.5625,-0.1111114395324667,1.684373279706683e-10,1.2978340724864188e-5,1.553063279853263e-5,0.1111114395324667,-0.11111003434017855
27234,3.90625,-0.1111115045629793,1.676283890451395e-10,1.2947138256971674e-5,1.3662580495877535e-5,0.1111115045629793,-0.11111003375753056
27235,9.765625,-0.11111104795416589,1.1151316139580434e-10,1.0559979232735467e-5,9.586528034938832e-6,0.11111104795416589,-0.11111003261214428
27236,24.4140625,-0.111110237041699,2.0800488391399628e-11,4.560755243531451e-6,9.06063030149681e-6,0.111110237041699,-0.11111003248294246
27237,9.765625,-0.11111063646372832,4.400876915505473e-12,2.0978267124587467e-6,1.8200660059541365e-5,0.11111063646372832,-0.11111003293236657
27238,3.90625,-0.11111077369525837,1.9823649386453217e-12,1.407964821522655e-6,1.9519101205818923e-5,0.11111077369525837,-0.1111100333332655
27239,1.5625,-0.11111088030257348,7.149403802367345e-12,2.6738369064636954e-6,1.921158833065182e-5,0.11111088030257348,-0.11111003369167011
27240,0.625,-0.11111097918504048,1.884041286637366e-11,4.340554442277353e-6,1.8749902091531268e-5,0.11111097918504048,-0.11111003402890454
27241,0.25,-0.11111107577179798,3.67955205933825e-11,6.0659311398483994e-6,1.8404679204169465e-5,0.11111107577179798,-0.11111003435720768
27242,0.1,-0.11111117166239104,6.091668063604013e-11,7.804913877554327e-6,1.8176372211033757e-5,0.11111117166239104,-0.11111003468164882
27243,0.1,-0.11111126439525343,9.092295133464523e-11,9.535352711601456e-6,1.8024878742265215e-5,0.11111126439525343,-0.11111003499679058
27244,0.1,-0.11111135365343378,1.265638817257217e-10,1.1250061409864468e-5,1.786261328612977e-5,0.11111135365343378,-0.11111003530177585
27245,0.1,-0.11111143913409242,1.6757341443704723e-10,1.2945015041978407e-5,1.7689146035808337e-5,0.11111143913409242,-0.11111003559576921
27246,0.1,-0.1111115205494314,2.1367066874416318e-10,1.4617478193729696e-5,1.750417166316385e-5,0.1111115205494314,-0.11111003587796155
27247,0.25,-0.1111115863922709,2.629430026589032e-10,1.6215517341697835e-5,1.730918627689747e-5,0.1111115863922709,-0.11111003610096232
27248,0.625,-0.11111161108834416,3.1040378407280425e-10,1.7618279827293135e-5,1.6873686708947853e-5,0.11111161108834416,-0.11111003615980267
27249,1.5625,-0.11111153196677227,3.4264780907684794e-10,1.851074847424728e-5,1.5793753469823103e-5,0.11111153196677227,-0.11111003579172223
27250,3.90625,-0.11111121957376786,3.285744439143369e-10,1.8126622518117843e-5,1.3112764935902168e-5,0.11111121957376786,-0.11111003450804066
27251,9.765625,-0.11111054768841798,2.2156018594886207e-10,1.4884897915298648e-5,7.489369734406714e-6,0.11111054768841798,-0.11111003223912934
27252,24.4140625,-0.11111010004514675,4.4568583795463713e-11,6.675970625719058e-6,1.0882689075598609e-5,0.11111010004514675,-0.11111003197214955
27253,9.765625,-0.11111036465183045,9.242053831856393e-12,3.0400746424810677e-6,2.533280885687812e-5,0.11111036465183045,-0.11111003284707806
27254,3.90625,-0.11111046792852025,2.0477067261732633e-12,1.4309810362731099e-6,2.7795838336550005e-5,0.11111046792852025,-0.11111003367377395
27255,1.5625,-0.11111054922404844,1.1017039993879854e-11,3.3191926720032166e-6,2.7586701506527323e-5,0.11111054922404844,-0.111110034418891
27256,0.625,-0.11111062455087752,3.3903223894110116e-11,5.822647498699377e-6,2.7034695730546998e-5,0.11111062455087752,-0.11111003512190265
27257,0.25,-0.11111069798321228,7.018069382813905e-11,8.377391827301565e-6,2.6605646995593084e-5,0.11111069798321228,-0.11111003580792987
27258,0.1,-0.11111077079737064,1.1968348266551103e-10,1.0939994637362078e-5,2.6326462409989478e-5,0.11111077079737064,-0.11111003648770007
27259,0.1,-0.11111084230983198,1.819405398796084e-10,1.3488533644529653e-5,2.6148219400314486e-5,0.11111084230983198,-0.11111003715040829
27260,0.1,-0.11111091233255029,2.5649904294814114e-10,1.6015587499312696e-5,2.5948389507190132e-5,0.11111091233255029,-0.11111003779381924
27261,0.1,-0.11111098068286217,3.428657932781371e-10,1.8516635582041818e-5,2.5726989974564677e-5,0.11111098068286217,-0.11111003841577656
27262,0.1,-0.111111047184045,4.4050903175232746e-10,2.098830702444405e-5,2.5484106945610498e-5,0.111111047184045,-0.11111003901421129
27263,0.25,-0.11111110663296188,5.458061577276363e-10,2.336249468116871e-5,2.5221495043134128e-5,0.11111110663296188,-0.11111003948999808
27264,0.625,-0.11111114693663778,6.490954556747605e-10,2.5477351818326025e-5,2.459998343058253e-5,0.11111114693663778,-0.11111003962075265
27265,1.5625,-0.11111113757832543,7.237525651654921e-10,2.690264977963123e-5,2.3011711174681225e-5,0.11111113757832543,-0.1111100388416411
27266,3.90625,-0.11111101212668126,7.049824082640496e-10,2.655150482108405e-5,1.8954550623521186e-5,0.11111101212668126,-0.11111003606562081
27267,9.765625,-0.11111068800882587,4.845005546035164e-10,2.2011373301171292e-5,9.668522862582335e-6,0.11111068800882587,-0.11111003103164499
27268,24.4140625,-0.11111037118621586,9.703171872071763e-11,9.850467944251057e-6,1.4624235268601832e-5,0.11111037118621586,-0.11111003036525242
27269,9.765625,-0.11111044224665514,1.973712753434443e-11,4.442648707060286e-6,3.7162756817570535e-5,0.11111044224665514,-0.11111003226103908
27270,3.90625,-0.11111044500480068,3.210040162226369e-12,1.7916584948662423e-6,4.095426737094413e-5,0.11111044500480068,-0.11111003406240769
27271,1.5625,-0.11111044098388813,2.222343356282165e-11,4.714173688232292e-6,4.071101058964046e-5,0.11111044098388813,-0.1111100356871671
27272,0.625,-0.11111043541350038,7.19132733869448e-11,8.480169419707652e-6,3.99316717577118e-5,0.11111043541350038,-0.11111003722082408
27273,0.25,-0.11111042942060427,1.5116958982525126e-10,1.2295104303146486e-5,3.9323681085347635e-5,0.11111042942060427,-0.11111003871859151
27274,0.1,-0.11111042332668275,2.5967029161619273e-10,1.6114288430340096e-5,3.8933104255390773e-5,0.11111042332668275,-0.11111004020414396
27275,0.1,-0.11111041682476601,3.96440056139607e-10,1.9910802498633925e-5,3.8689514848688254e-5,0.11111041682476601,-0.111110041653965
27276,0.1,-0.11111040986359882,5.605320292332848e-10,2.3675557632995358e-5,3.841175370659585e-5,0.11111040986359882,-0.11111004306290662
27277,0.1,-0.11111040239459041,7.509064920920432e-10,2.7402673082968443e-5,3.810004841327327e-5,0.11111040239459041,-0.11111004442600786
27278,0.1,-0.11111039437202071,9.664351458323296e-10,3.108754004150746e-5,3.775469149667346e-5,0.11111039437202071,-0.11111004573851398
27279,0.25,-0.11111038411925525,1.1992984940566483e-9,3.463088930502144e-5,3.7378150299391084e-5,0.11111038411925525,-0.11111004678221895
27280,0.625,-0.11111036790239541,1.4285498139911828e-9,3.779616136582104e-5,3.646368502192669e-5,0.11111036790239541,-0.11111004706623316
27281,1.5625,-0.11111033678045705,1.596241399595842e-9,3.995298987054463e-5,3.4098031569249837e-5,0.11111033678045705,-0.1111100453399664
27282,3.90625,-0.11111027402786885,1.5603339011979154e-9,3.950106202620273e-5,2.7996450432626234e-5,0.11111027402786885,-0.11111003917756891
27283,9.765625,-0.11111017686397243,1.0791771839907412e-9,3.285083231808201e-5,1.3561951737976077e-5,0.11111017686397243,-0.11111002791482152
27284,24.4140625,-0.11111021203579596,2.1910495163027207e-10,1.480219414918856e-5,2.0636071746661333e-5,0.11111021203579596,-0.11111002623284993
27285,9.765625,-0.11111035615720864,4.504414797733775e-11,6.711493721768482e-6,5.5110968421801605e-5,0.11111035615720864,-0.11111003041248141
27286,3.90625,-0.11111044780716223,6.194050976481752e-12,2.48878504023183e-6,6.094951611046002e-5,0.11111044780716223,-0.11111003441311079
27287,1.5625,-0.11111052927792187,4.665661582598282e-11,6.830564824813744e-6,6.066196416363393e-5,0.11111052927792187,-0.11111003802655482
27288,0.625,-0.11111060771235728,1.555889760546468e-10,1.2473531017905346e-5,5.953432561591981e-5,0.11111060771235728,-0.11111004143821378
27289,0.25,-0.1111106851935199,3.3053714415685137e-10,1.8180680519629935e-5,5.8646782855398326e-5,0.1111106851935199,-0.11111004477040615
27290,0.1,-0.11111076241446817,5.708167487530951e-10,2.389177157000073e-5,5.807757282313718e-5,0.11111076241446817,-0.11111004807604236
27291,0.1,-0.1111108390759696,8.743207974788912e-10,2.956891606871803e-5,5.77251489446478e-5,0.1111108390759696,-0.11111005130354643
27292,0.1,-0.11111091507019545,1.2389913237622794e-9,3.519930856937789e-5,5.732095407508122e-5,0.11111091507019545,-0.11111005444130702
27293,0.1,-0.1111109902901413,1.662559934910539e-9,4.077450103815544e-5,5.6865354142060985e-5,0.1111109902901413,-0.11111005747812615
27294,0.1,-0.11111106462989014,2.1425573095186395e-9,4.628776630513336e-5,5.6358802834767e-5,0.11111106462989014,-0.11111006040326335
27295,0.25,-0.11111113536358,2.6617401762330724e-9,5.1592055359648855e-5,5.580477583513147e-5,0.11111113536358,-0.11111006273192717
27296,0.625,-0.11111119598301598,3.173803095355597e-9,5.633651653550827e-5,5.444590139227184e-5,0.11111119598301598,-0.11111006337145996
27297,1.5625,-0.111111229490245,3.550442958315621e-9,5.958559354672588e-5,5.0913731447945614e-5,0.111111229490245,-0.11111005953411296
27298,3.90625,-0.11111119553996882,3.4765091325912256e-9,5.896192951889571e-5,4.176961515529222e-5,0.11111119553996882,-0.11111004579281779
27299,9.765625,-0.11111102175568095,2.413051896481771e-9,4.912282459795824e-5,1.9853435930684808e-5,0.11111102175568095,-0.11111002056062709
27300,24.4140625,-0.1111106899469745,4.962094858316561e-10,2.227576005059437e-5,2.9978434922839445e-5,0.1111106899469745,-0.11111001647611894
27301,9.765625,-0.11111057646072077,1.0340450056145062e-10,1.0168800350161794e-5,8.212542974907512e-5,0.11111057646072077,-0.11111002576117715
27302,3.90625,-0.11111046703042891,1.3171484524134179e-11,3.629253990028003e-6,9.103207392638959e-5,0.11111046703042891,-0.11111003469987216
27303,1.5625,-0.1111103638810131,1.0048592994469418e-10,1.002426705274227e-5,9.067740732209745e-5,0.1111103638810131,-0.1111100427837588
27304,0.625,-0.11111026320537709,3.4102322944118763e-10,1.8466814274291805e-5,8.902497905811023e-5,0.11111026320537709,-0.11111005041798099
27305,0.25,-0.11111016356140721,7.292777203951623e-10,2.7005142480556595e-5,8.771441541746709e-5,0.11111016356140721,-0.11111005787445088
27306,0.1,-0.11111006442919137,1.2637286906841883e-9,3.554896187913493e-5,8.687277093720373e-5,0.11111006442919137,-0.11111006527156873
27307,0.1,-0.11110996585267897,1.9397354177484793e-9,4.404242747338615e-5,8.635226138194487e-5,0.11110996585267897,-0.11111007249537515
27308,0.1,-0.1111098678963905,2.7527479588053143e-9,5.2466636625624425e-5,8.575395893592321e-5,0.1111098678963905,-0.11111007951978746
27309,0.1,-0.11110977062415917,3.697745037964098e-9,6.0809086804227685e-5,8.507843324598678e-5,0.11110977062415917,-0.11111008631964539
27310,0.1,-0.11110967409913726,4.769255168449175e-9,6.905979415295976e-5,8.432637738007616e-5,0.11110967409913726,-0.11111009287080932
27311,0.25,-0.11110957976352828,5.929051096620533e-9,7.700033179552237e-5,8.350288302560952e-5,0.11110957976352828,-0.11111009809276005
27312,0.625,-0.11110949124217825,7.0743631650635216e-9,8.410923353035338e-5,8.147705567736763e-5,0.11110949124217825,-0.11111009954719443
27313,1.5625,-0.11110941865880895,7.920188676899267e-9,8.899544188833082e-5,7.620271181948687e-5,0.11110941865880895,-0.11111009100643529
27314,3.90625,-0.11110939017277577,7.765434430435141e-9,8.812170238048707e-5,6.252575777909845e-5,0.11110939017277577,-0.11111006031200761
27315,9.765625,-0.1111094830651178,5.406053071585323e-9,7.352586668367346e-5,2.952318844326415e-5,0.1111094830651178,-0.11111000372210023
27316,24.4140625,-0.11111011673754939,8.0594080143943e-11,8.977420572967661e-6,4.3111327450736076e-5,0.11111011673754939,-0.11111003673891856
27317,9.765625,-0.11111069078072634,8.550141839604011e-11,9.246697702209157e-6,2.4074354647133285e-5,0.11111069078072634,-0.11111003617439126
27318,3.90625,-0.11111089620293624,9.701571814858114e-11,9.849655737566727e-6,1.606597281570021e-5,0.11111089620293624,-0.11111003596131806
27319,1.5625,-0.11111106140579009,1.1140974526372477e-10,1.0555081490150834e-5,1.2742493761268338e-5,0.11111106140579009,-0.11111003592005371
27320,3.90625,-0.11111109312795182,1.1073867474514653e-10,1.0523244497071544e-5,1.129931439206823e-5,0.11111109312795182,-0.11111003554263721
27321,9.765625,-0.11111081642606045,7.46524416508087e-11,8.640164445819807e-6,8.22362966873832e-6,0.11111081642606045,-0.11111003478788149
27322,24.4140625,-0.1111103433744351,1.409551177930583e-11,3.754398990425209e-6,7.908600594202273e-6,0.1111103433744351,-0.11111003470437987
27323,9.765625,-0.11111056620547412,3.1328618053423127e-12,1.7699892105157908e-6,1.5070552358540456e-5,0.11111056620547412,-0.11111003500659564
27324,3.90625,-0.11111063575275662,1.2679519866128817e-12,1.1260337413296644e-6,1.6205504306519174e-5,0.11111063575275662,-0.11111003528362372
27325,1.5625,-0.11111068827524466,4.468867117532962e-12,2.1139695166990846e-6,1.599447734277202e-5,0.11111068827524466,-0.11111003553324171
27326,0.625,-0.11111073658262138,1.201833515751906e-11,3.466747057043398e-6,1.5638633713854956e-5,0.11111073658262138,-0.11111003576878997
27327,0.25,-0.11111078365361295,2.373758826067358e-11,4.872123588403067e-6,1.5367567539395427e-5,0.11111078365361295,-0.11111003599828567
27328,0.1,-0.11111083035534886,3.955916255584229e-11,6.289607504116795e-6,1.5186703576930168e-5,0.11111083035534886,-0.11111003622511355
27329,0.1,-0.11111087525742226,5.930721781067349e-11,7.701117958496252e-6,1.5065929064264253e-5,0.11111087525742226,-0.11111003644576878
27330,0.1,-0.11111091818394943,8.282108112693058e-11,9.100608832761168e-6,1.493666580311296e-5,0.11111091818394943,-0.11111003665968038
27331,0.1,-0.11111095896732819,1.0992985391344528e-10,1.0484743864942304e-5,1.4798556659778556e-5,0.11111095896732819,-0.11111003686628936
27332,0.1,-0.11111099744877746,1.4045283898662196e-10,1.185128005688086e-5,1.4651345451011302e-5,0.11111099744877746,-0.1111100370650546
27333,0.25,-0.11111102710451118,1.7318459493431272e-10,1.3159961813558303e-5,1.4496189521684817e-5,0.11111102710451118,-0.11111003722472061
27334,0.625,-0.11111103349389176,2.0496179404120897e-10,1.4316486791151276e-5,1.4150618402029188e-5,0.11111103349389176,-0.11111003727572043
27335,1.5625,-0.11111098138846845,2.2719687234267824e-10,1.5073051195517058e-5,1.329409357122041e-5,0.11111098138846845,-0.11111003704269708
27336,3.90625,-0.11111079888296128,2.195247347698835e-10,1.4816367124564762e-5,1.1166903837363364e-5,0.11111079888296128,-0.1111100361936787
27337,9.765625,-0.11111042137433653,1.496775789939378e-10,1.2234278850587713e-5,6.728926904970218e-6,0.11111042137433653,-0.1111100346624037
27338,24.4140625,-0.1111102038345035,3.044838496973315e-11,5.518005524619665e-6,9.19982823063143e-6,0.1111102038345035,-0.11111003446847302
27339,9.765625,-0.1111103702088539,6.630085078678191e-12,2.5748951587740794e-6,2.0984743561246067e-5,0.1111103702088539,-0.11111003506212005
27340,3.90625,-0.11111044173025271,1.6062248168303436e-12,1.2673692503885139e-6,2.3020325232414716e-5,0.11111044173025271,-0.11111003562810352
27341,1.5625,-0.11111049992571284,7.48290813573266e-12,2.735490474436469e-6,2.2866603174778632e-5,0.11111049992571284,-0.11111003614036835
27342,0.625,-0.11111055444494863,2.2748907893946723e-11,4.7695815218891815e-6,2.242554496746223e-5,0.11111055444494863,-0.111110036624604
27343,0.25,-0.11111060778828329,4.7050208058001315e-11,6.859315421964594e-6,2.2080815620250228e-5,0.11111060778828329,-0.11111003709750268
27344,0.1,-0.11111066074628212,8.027594770914437e-11,8.959684576431492e-6,2.1856343948424858e-5,0.11111066074628212,-0.11111003756623897
27345,0.1,-0.11111071291945916,1.221138929549378e-10,1.1050515506298238e-5,2.17132011029882e-5,0.11111071291945916,-0.11111003802355833
27346,0.1,-0.11111076419163779,1.722628705240152e-10,1.3124895067162069e-5,2.155241322624046e-5,0.11111076419163779,-0.11111003846794461
27347,0.1,-0.11111081444969557,2.3039444573506401e-10,1.517874980803966e-5,2.1374010000576375e-5,0.11111081444969557,-0.11111003889793336
27348,0.1,-0.1111108635838942,2.9615412565849623e-10,1.720912913713231e-5,2.1178076044626382e-5,0.1111108635838942,-0.11111003931212057
27349,0.25,-0.11111090843141662,3.6712658518782634e-10,1.916054762233654e-5,2.096601636186534e-5,0.11111090843141662,-0.11111003964379985
27350,0.625,-0.11111094160954375,4.368612149175331e-10,2.0901225201349636e-5,2.0462906164820438e-5,0.11111094160954375,-0.11111003974315457
27351,1.5625,-0.11111094439238024,4.87553281663423e-10,2.2080608724929277e-5,1.9176366508699425e-5,0.11111094439238024,-0.11111003922911108
27352,3.90625,-0.11111087546380184,4.75724501886872e-10,2.1811109597791486e-5,1.5895053449189593e-5,0.11111087546380184,-0.111110037365378
27353,9.765625,-0.11111067974926613,3.2808152320787013e-10,1.811302081950634e-5,8.48473447861328e-6,0.11111067974926613,-0.11111003396202772
27354,24.4140625,-0.11111046067100507,6.64255549766916e-11,8.15018741972794e-6,1.225255543231305e-5,0.11111046067100507,-0.11111003348655484
27355,9.765625,-0.11111047695170416,1.3796163935461833e-11,3.714318771384846e-6,3.068982633714648e-5,0.11111047695170416,-0.11111003477366524
27356,3.90625,-0.111110458230903,2.2911264493107167e-12,1.513646738611991e-6,3.383835911300955e-5,0.111110458230903,-0.1111100360031992
27357,1.5625,-0.11111043714211655,1.4874653287548467e-11,3.856767206813041e-6,3.365888643457447e-5,0.11111043714211655,-0.11111003711463828
27358,0.625,-0.11111041568389725,4.824899910026224e-11,6.946149948011649e-6,3.302990478166009e-5,0.11111041568389725,-0.11111003816473428
27359,0.25,-0.11111039416831134,1.0166268148149487e-10,1.008279135366268e-5,3.2536997609411415e-5,0.11111039416831134,-0.11111003919062981
27360,0.1,-0.11111037266278906,1.7490033336139194e-10,1.3224988973961073e-5,3.222038337605111e-5,0.11111037266278906,-0.11111004020832928
27361,0.1,-0.11111035100548165,2.673105684543019e-10,1.6349635116855113e-5,3.202337873722171e-5,0.11111035100548165,-0.11111004120200306
27362,0.1,-0.1111103291827269,3.782591040417855e-10,1.9448884390673556e-5,3.179831566739991e-5,0.1111103291827269,-0.11111004216815112
27363,0.1,-0.11111030718232855,5.070485535617131e-10,2.2517738642272965e-5,3.154538453836155e-5,0.11111030718232855,-0.11111004310339936
27364,0.1,-0.11111028499365454,6.529212950393373e-10,2.5552324650398e-5,3.126482901922873e-5,0.11111028499365454,-0.11111004400451112
27365,0.25,-0.11111026199864024,8.106166550224132e-10,2.8471330404854866e-5,3.095861909763306e-5,0.11111026199864024,-0.11111004472393857
27366,0.625,-0.11111023691008759,9.66026768681612e-10,3.1080971166963425e-5,3.0212402890408682e-5,0.11111023691008759,-0.1111100449294546
27367,1.5625,-0.1111102069238682,1.0800907598073277e-9,3.286473428779438e-5,2.8279497498248684e-5,0.1111102069238682,-0.11111004377392786
27368,3.90625,-0.11111016848355694,1.0569370179979589e-9,3.251056778953513e-5,2.3295817035202328e-5,0.11111016848355694,-0.11111003961016827
27369,9.765625,-0.11111013401877222,7.32872263413503e-10,2.707161360934185e-5,1.158517790428915e-5,0.11111013401877222,-0.11111003196581888
27370,24.4140625,-0.1111102220055368,1.5033501115298728e-10,1.2261117859028486e-5,1.7092545774258034e-5,0.1111102220055368,-0.11111003076581018
27371,9.765625,-0.1111103394146382,3.135701554956127e-11,5.599733524870739e-6,4.547806616182889e-5,0.1111103394146382,-0.11111003360518251
27372,3.90625,-0.11111042092173745,4.255195027509901e-12,2.0628124072512996e-6,5.034355258418336e-5,0.11111042092173745,-0.11111003633569438
27373,1.5625,-0.1111104945582622,3.107573414092525e-11,5.574561340672937e-6,5.013720217019512e-5,0.1111104945582622,-0.1111100388060543
27374,0.625,-0.11111056576282205,1.044411789382599e-10,1.0219646712986702e-5,4.9224564788552205e-5,0.11111056576282205,-0.11111004113993048
27375,0.25,-0.11111063618395808,2.2268380066234313e-10,1.492259363054369e-5,4.8502745612579176e-5,0.11111063618395808,-0.11111004341997678
27376,0.1,-0.11111070637878884,3.8534375816738573e-10,1.963017468509605e-5,4.803984429353879e-5,0.11111070637878884,-0.1111100456821194
27377,0.1,-0.1111107761475366,5.910082020719301e-10,2.431066025577936e-5,4.775393464690247e-5,0.1111107761475366,-0.1111100478915783
27378,0.1,-0.11111084540557344,8.382931914914522e-10,2.8953293275402233e-5,4.742536769308836e-5,0.11111084540557344,-0.11111005004043745
27379,0.1,-0.1111109140687271,1.1256715016925074e-9,3.3551028325410645e-5,4.7054448003525425e-5,0.1111109140687271,-0.11111005212105923
27380,0.1,-0.11111098205346241,1.4514790166831724e-9,3.809828102005617e-5,4.664155190472106e-5,0.11111098205346241,-0.11111005412611562
27381,0.25,-0.1111110472907127,1.8040755759367788e-9,4.2474410836841266e-5,4.618946713684161e-5,0.1111110472907127,-0.11111005572688254
27382,0.625,-0.11111110479543666,2.152171459594311e-9,4.63915020191663e-5,4.5076687271232295e-5,0.11111110479543666,-0.11111005618180587
27383,1.5625,-0.11111114142080852,2.4090077022891167e-9,4.908164323134584e-5,4.217993751327162e-5,0.11111114142080852,-0.11111005359735264
27384,3.90625,-0.11111112524592584,2.3612423759228196e-9,4.859261647537432e-5,3.4678715899276454e-5,0.11111112524592584,-0.1111100442790279
27385,9.765625,-0.11111099457561596,1.642894668646251e-9,4.0532637079842844e-5,1.6749799957280937e-5,0.11111099457561596,-0.11111002710100289
27386,24.4140625,-0.11111070642050755,3.4118162661969104e-10,1.8471102474397433e-5,2.4689569814969938e-5,0.11111070642050755,-0.11111002418503153
27387,9.765625,-0.11111058859838503,7.20577257000016e-11,8.488682212216546e-6,6.777951078377491e-5,0.11111058859838503,-0.11111003049845188
27388,3.90625,-0.11111048214505201,9.05148260205637e-12,3.0085681980065483e-6,7.521252118526878e-5,0.11111048214505201,-0.11111003660359661
27389,1.5625,-0.11111038244569792,6.704302340893716e-11,8.187980423091958e-6,7.496333952750937e-5,0.11111038244569792,-0.11111004213275531
27390,0.625,-0.11111028525426078,2.294388063312671e-10,1.5147237580868238e-5,7.362214176130244e-5,0.11111028525426078,-0.11111004735686417
27391,0.25,-0.11111018905152167,4.924858598444776e-10,2.2192022437003746e-5,7.255297982663379e-5,0.11111018905152167,-0.11111005246013589
27392,0.1,-0.11111009329727319,8.551576740712501e-10,2.924307907986521e-5,7.186608293248e-5,0.11111009329727319,-0.11111005752316538
27393,0.1,-0.11110999805911814,1.31433170177643e-9,3.6253712937800315e-5,7.144198644136102e-5,0.11110999805911814,-0.11111006246892627
27394,0.1,-0.11110990340694425,1.8669380371228604e-9,4.3208078378040146e-5,7.09536656467088e-5,0.11110990340694425,-0.11111006727960249
27395,0.1,-0.1111098094100151,2.5095850911064348e-9,5.0095759212796e-5,7.040159161153467e-5,0.1111098094100151,-0.11111007193800143
27396,0.1,-0.1111097161369471,3.2385738530073945e-9,5.69084690798074e-5,6.97863364359752e-5,0.1111097161369471,-0.11111007642762137
27397,0.25,-0.11110962516406864,4.028026886323842e-9,6.346673842512975e-5,6.911200288389714e-5,0.11110962516406864,-0.11111008001408822
27398,0.625,-0.11110954041816908,4.8083120414016165e-9,6.934199334747751e-5,6.744840480722287e-5,0.11110954041816908,-0.11111008103881807
27399,1.5625,-0.11110947271477954,5.386199281525446e-9,7.339073021523527e-5,6.31117463573843e-5,0.11110947271477954,-0.11111007526238906
27400,3.90625,-0.11110945119300401,5.285878113398118e-9,7.270404468389718e-5,5.186111609201142e-5,0.11110945119300401,-0.11111005439125983
27401,9.765625,-0.11110955047681945,3.6879137041986185e-9,6.072819529838359e-5,2.473444861072322e-5,0.11110955047681945,-0.11111001578044757
27402,24.4140625,-0.11110993025191582,7.732467027904019e-10,2.780731383629857e-5,3.6194312274972387e-5,0.11110993025191582,-0.11111000886262012
27403,9.765625,-0.111110166974534,1.6444178414221993e-10,1.282348564713276e-5,0.0001013318743616606,0.111110166974534,-0.11111002298260406
27404,3.90625,-0.11111035651097717,1.8867969631396383e-11,4.343727619383653e-6,0.00011263854759885279,0.11111035651097717,-0.11111003669547355
27405,1.5625,-0.11111053167985056,1.4531451853960825e-10,1.2054647176073145e-5,0.00011233546000048553,0.11111053167985056,-0.1111100491255127
27406,0.625,-0.11111070223074869,5.064053612041875e-10,2.2503452206365748e-5,0.00011035570816990653,0.11111070223074869,-0.11111006087091037
27407,0.25,-0.11111087138067412,1.0936813420608139e-9,3.307085336154502e-5,0.0001087671675800782,0.11111087138067412,-0.11111007234395656
27408,0.1,-0.1111110402549232,1.904843410760881e-9,4.3644511805734306e-5,0.00010774481723180179,0.1111110402549232,-0.11111008372600618
27409,0.1,-0.11111120855527658,2.9329619595108614e-9,5.415682745057045e-5,0.00010711356967291998,0.11111120855527658,-0.11111009484586841
27410,0.1,-0.11111137610442458,4.171201338737294e-9,6.458483830387202e-5,0.00010638593214377981,0.11111137610442458,-0.11111010566344466
27411,0.1,-0.1111115427235373,5.6120023098078855e-9,7.49132986178548e-5,0.00010556259149095917,0.1111115427235373,-0.1111101161400258
27412,0.1,-0.1111117082326382,7.247113716828673e-9,8.512998130405453e-5,0.00010464438533078354,0.1111117082326382,-0.11111012623844353
27413,0.25,-0.11111186864205598,9.01880850984567e-9,9.496740761885452e-5,0.00010363734634361596,0.11111186864205598,-0.11111013431366902
27414,0.625,-0.11111201413744712,1.0771607806405595e-8,0.00010378635655232144,0.00010114919283428544,0.11111201413744712,-0.111110136646768
27415,1.5625,-0.11111211834372699,1.2073759022923533e-8,0.00010988065809287608,9.465711950909427e-5,0.11111211834372699,-0.11111012372401771
27416,3.90625,-0.11111211485944036,1.1860952368403735e-8,0.00010890799956111459,7.779666734888027e-5,0.11111211485944036,-0.11111007689314062
27417,9.765625,-0.11111186235750288,8.29465310792382e-9,9.107498618129909e-5,3.6958947670899105e-5,0.11111186235750288,-0.11110998998333216
27418,24.4140625,-0.11111137813002984,1.235558897516439e-10,1.1115569699823933e-5,5.239699496447577e-5,0.11111137813002984,-0.1111100397952289
27419,9.765625,-0.11110992286177643,1.2821138624747784e-10,1.1323046685741336e-5,3.0440261173305764e-5,0.11110992286177643,-0.11111003907234622
27420,3.90625,-0.11110937089535762,1.4840164658550042e-10,1.2182021449065849e-5,2.051732239948197e-5,0.11110937089535762,-0.11111003876673267
27421,1.5625,-0.11110892629893969,1.7372388721678405e-10,1.3180435774919738e-5,1.6139535930382564e-5,0.11110892629893969,-0.1111100387054024
27422,3.90625,-0.11110881616686491,1.734961769346777e-10,1.3171794749944964e-5,1.416364004768336e-5,0.11110881616686491,-0.11111003810117596
27423,9.765625,-0.11110949571857474,1.1351281794650075e-10,1.065423943538443e-5,9.790076614182864e-6,0.11110949571857474,-0.11111003692149532
27424,24.4140625,-0.11111074826016411,2.2027582828907136e-11,4.693355178218151e-6,9.016919151352365e-6,0.11111074826016411,-0.11111003675859825
27425,9.765625,-0.11111015986556404,4.7491135612229395e-12,2.1792460992790464e-6,1.8627787735006774e-5,0.11111015986556404,-0.11111003723288777
27426,3.90625,-0.11110994978861392,2.5336636884988667e-12,1.5917486260395725e-6,1.9876710402793643e-5,0.11110994978861392,-0.11111003764527981
27427,1.5625,-0.1111097852023385,8.151003137096045e-12,2.8549961711175804e-6,1.952464105114814e-5,0.1111097852023385,-0.11111003801353986
27428,0.625,-0.11110963221212726,2.053380782232152e-11,4.531424480483099e-6,1.9042088966608533e-5,0.11110963221212726,-0.11111003836032383
27429,0.25,-0.11110948270084291,3.9430288405963466e-11,6.279354139237845e-6,1.8687790361170468e-5,0.11110948270084291,-0.11111003869823094
27430,0.1,-0.11110933426337527,6.474813366556632e-11,8.046622500500835e-6,1.8456020655392043e-5,0.11110933426337527,-0.11111003903240606
27431,0.1,-0.11110919048058383,9.617498833517343e-11,9.806884741607471e-6,1.8303691199016006e-5,0.11110919048058383,-0.11111003935700278
27432,0.1,-0.11110905182383163,1.3344235022354471e-10,1.1551724989089064e-5,1.814001068523279e-5,0.11110905182383163,-0.11111003967111892
27433,0.1,-0.1111089187439843,1.7626475567232719e-10,1.327647376649113e-5,1.7964598225262102e-5,0.1111089187439843,-0.11111003997387674
27434,0.1,-0.11110879167004895,2.243408477234317e-10,1.4978012141917622e-5,1.7777197535472523e-5,0.11110879167004895,-0.1111100402644305
27435,0.25,-0.11110868754387448,2.755419130492939e-10,1.659945520338827e-5,1.7579313213559078e-5,0.11110868754387448,-0.1111100404931654
27436,0.625,-0.11110864409091657,3.2436496099977425e-10,1.8010134952292117e-5,1.7134355174553646e-5,0.11110864409091657,-0.1111100405507849
27437,1.5625,-0.11110875396773702,3.5623633908226636e-10,1.8874224198156235e-5,1.6031364078462944e-5,0.11110875396773702,-0.11111004016614212
27438,3.90625,-0.11110920972431078,3.3852056364635565e-10,1.839892832874664e-5,1.331752105003624e-5,0.11110920972431078,-0.1111100388457134
27439,9.765625,-0.11111020646116997,2.266044378235678e-10,1.5053386257701879e-5,7.797529479725423e-6,0.11111020646116997,-0.11111003653782175
27440,24.4140625,-0.11111091506174142,4.733468745624138e-11,6.8800208906835e-6,1.1064088984463393e-5,0.11111091506174142,-0.11111003621331901
27441,9.765625,-0.11111053727182096,9.962121779200234e-12,3.156282905444351e-6,2.5584513328725922e-5,0.11111053727182096,-0.11111003710625353
27442,3.90625,-0.11111039196180031,1.9642550324964207e-12,1.4015188305893077e-6,2.8178558836050416e-5,0.11111039196180031,-0.11111003795828765
27443,1.5625,-0.11111027844920293,1.0618985003329691e-11,3.2586784136102925e-6,2.801022499988345e-5,0.11111027844920293,-0.11111003872833419
27444,0.625,-0.11111017360179572,3.3591192693982737e-11,5.795790946366401e-6,2.7471182882821878e-5,0.11111017360179572,-0.1111100394553599
27445,0.25,-0.11111007153688741,7.033738378236842e-11,8.386738566473168e-6,2.7046724479216143e-5,0.11111007153688741,-0.11111004016490751
27446,0.1,-0.11110997041336547,1.2068966299387376e-10,1.0985884716028735e-5,2.676977533687574e-5,0.11110997041336547,-0.11111004086801751
27447,0.1,-0.11110987118178166,1.8417541279131382e-10,1.3571124227244913e-5,2.6593162712737694e-5,0.11110987118178166,-0.11111004155383727
27448,0.1,-0.11110977410838546,2.6033735906913527e-10,1.6134973166049432e-5,2.639453460486786e-5,0.11110977410838546,-0.11111004222005079
27449,0.1,-0.11110967945127002,3.4867628861674174e-10,1.8672875745764006e-5,2.617391923700507e-5,0.11110967945127002,-0.11111004286442216
27450,0.1,-0.11110958745963466,4.4865293501384663e-10,2.1181429012553583e-5,2.5931412519965544e-5,0.11110958745963466,-0.11111004348480627
27451,0.25,-0.11110950549200398,5.565858217320662e-10,2.3592071162406792e-5,2.566871295762993e-5,0.11110950549200398,-0.11111004398000986
27452,0.625,-0.11110945065156315,6.626409068532812e-10,2.574181242362863e-5,2.5044049892149192e-5,0.11110945065156315,-0.11111004412255365
27453,1.5625,-0.11110946609296472,7.397121042124846e-10,2.7197648872880252e-5,2.3444119411036558e-5,0.11110946609296472,-0.11111004333385192
27454,3.90625,-0.1111096457665323,7.218707632466516e-10,2.686765273049828e-5,1.9352287649095495e-5,0.1111096457665323,-0.11111004049589021
27455,9.765625,-0.11111010654015491,4.988734073722656e-10,2.2335474191793323e-5,9.95360825904558e-6,0.11111010654015491,-0.11111003530784293
27456,24.4140625,-0.11111055527323133,1.0269281604476511e-10,1.0133746397298736e-5,1.4532260101378121e-5,0.11111055527323133,-0.11111003450272725
27457,9.765625,-0.1111104413411304,2.1435397929673568e-11,4.629837786539996e-6,3.7649863417708313e-5,0.1111104413411304,-0.11111003644612436
27458,3.90625,-0.11111042509893872,3.0412801012046296e-12,1.7439266329764649e-6,4.1640306299935686e-5,0.11111042509893872,-0.11111003831337686
27459,1.5625,-0.11111041948123333,2.139367574775596e-11,4.625329798809589e-6,4.145846399818055e-5,0.11111041948123333,-0.11111004000265161
27460,0.625,-0.11111041648390078,7.143935854168642e-11,8.452180697410959e-6,4.069765239499694e-5,0.11111041648390078,-0.11111004159842215
27461,0.25,-0.11111041430445055,1.5202396660740757e-10,1.2329799941905285e-5,4.009552596036397e-5,0.11111041430445055,-0.11111004315702949
27462,0.1,-0.11111041241597304,2.628176651571785e-10,1.6211652141505458e-5,3.970746659263621e-5,0.11111041241597304,-0.11111004470294988
27463,0.1,-0.11111041123292242,4.0284232637108014e-10,2.007093237423414e-5,3.946568844320821e-5,0.11111041123292242,-0.1111100462124861
27464,0.1,-0.11111041083197602,5.71141129125735e-10,2.3898559143298472e-5,3.918914438617189e-5,0.11111041083197602,-0.11111004768029399
27465,0.1,-0.11111041128547826,7.666612015551265e-10,2.76886475212338e-5,3.887806345048101e-5,0.11111041128547826,-0.11111004910121863
27466,0.1,-0.11111041266118882,9.882579527212454e-10,3.1436570307863504e-5,3.853273908425744e-5,0.11111041266118882,-0.11111005047031551
27467,0.25,-0.1111104174137873,1.2279988532763236e-9,3.5042814574122375e-5,3.815556891311975e-5,0.1111104174137873,-0.1111100515639121
27468,0.625,-0.11111043104782774,1.4645899159914305e-9,3.826996101371715e-5,3.723537787476452e-5,0.11111043104782774,-0.11111005187764236
27469,1.5625,-0.11111046687504965,1.6390310239151673e-9,4.048494811550544e-5,3.484929607659562e-5,0.11111046687504965,-0.111110050123879
27470,3.90625,-0.11111055068656381,1.606333351161796e-9,4.007908870173817e-5,2.868437520138247e-5,0.11111055068656381,-0.11111004379063424
27471,9.765625,-0.11111069395132311,1.1179399710986435e-9,3.34356093274617e-5,1.4034725699899472e-5,0.11111069395132311,-0.1111100321097406
27472,24.4140625,-0.11111068610559567,2.3263553356459446e-10,1.5252394355136326e-5,2.052933398449302e-5,0.11111068610559567,-0.11111003011777464
27473,9.765625,-0.11111051392792222,4.90745964302456e-11,7.0053262900628405e-6,5.600453659669804e-5,0.11111051392792222,-0.11111003442689503
27474,3.90625,-0.11111040905632516,5.947546950831231e-12,2.4387593056370348e-6,6.214410665831869e-5,0.11111040905632516,-0.11111003859602091
27475,1.5625,-0.11111031678064155,4.524903675989661e-11,6.7267404260828e-6,6.194213552395738e-5,0.11111031678064155,-0.1111100423725874
27476,0.625,-0.11111022834747662,1.5565894878696154e-10,1.2476335551233044e-5,6.08363495897718e-5,0.11111022834747662,-0.11111004594086155
27477,0.25,-0.11111014125979789,3.3460849916726397e-10,1.8292307103459203e-5,5.9953487429976644e-5,0.11111014125979789,-0.11111004942635948
27478,0.1,-0.11111005469894684,5.813889250652779e-10,2.4112007901982734e-5,5.938529494649676e-5,0.11111005469894684,-0.11111005288405329
27479,0.1,-0.11110996902938201,8.938713753310412e-10,2.9897681771853835e-5,5.903364397942428e-5,0.11110996902938201,-0.11111005626163781
27480,0.1,-0.11110988436853082,1.2699613407698915e-9,3.563651695620507e-5,5.8629258777592295e-5,0.11110988436853082,-0.11111005954700959
27481,0.1,-0.11110980083112965,1.707346088886445e-9,4.1320044638001605e-5,5.8172506857343536e-5,0.11110980083112965,-0.11111006272848908
27482,0.1,-0.11110971852900552,2.203504299187229e-9,4.694149868919003e-5,5.766384305975068e-5,0.11110971852900552,-0.11111006579486318
27483,0.25,-0.1111096406059449,2.7408444688391034e-9,5.235307506574092e-5,5.710666014589429e-5,0.1111096406059449,-0.1111100682464286
27484,0.625,-0.111109574492991,3.272034260562694e-9,5.7201698056637217e-5,5.573486943181222e-5,0.111109574492991,-0.11111006895443247
27485,1.5625,-0.11110953949161775,3.6657233239378573e-9,6.0545217184661725e-5,5.216203988238868e-5,0.11110953949161775,-0.11111006503317797
27486,3.90625,-0.11110958124527288,3.5984239887259395e-9,5.998686513501051e-5,4.289870131657288e-5,0.11110958124527288,-0.11111005083390406
27487,9.765625,-0.11110978188761869,2.5126372259256818e-9,5.01262129621387e-5,2.0616095275638775e-5,0.11110978188761869,-0.11111002453275018
27488,24.4140625,-0.11111016494903159,5.287700023947461e-10,2.299499950847458e-5,2.9926070169799568e-5,0.11111016494903159,-0.11111001975056947
27489,9.765625,-0.11111029250036386,1.1288565232135678e-10,1.0624765989016265e-5,8.368858891447222e-5,0.11111029250036386,-0.11111002937550929
27490,3.90625,-0.11111041465974783,1.2811522176895883e-11,3.579318674956993e-6,9.305597358260414e-5,0.11111041465974783,-0.11111003873698143
27491,1.5625,-0.11111052998027435,9.819733346225267e-11,9.909456769281183e-6,9.282278454447112e-5,0.11111052998027435,-0.11111004722673601
27492,0.625,-0.1111106428920467,3.4353699513350647e-10,1.853475101352879e-5,9.119636712030829e-5,0.1111106428920467,-0.11111005524998104
27493,0.25,-0.11111075507726008,7.430489916238397e-10,2.7258924990245666e-5,8.98884784730834e-5,0.11111075507726008,-0.11111006308728635
27494,0.1,-0.1111108671501181,1.2951580290755827e-9,3.5988304059452185e-5,8.904590326798624e-5,0.1111108671501181,-0.11111007086227369
27495,0.1,-0.11111097898424799,1.9951517733742653e-9,4.4667121838935016e-5,8.852521887863494e-5,0.11111097898424799,-0.11111007845861784
27496,0.1,-0.11111109047903311,2.8383767482254073e-9,5.3276418312658814e-5,8.792504371134792e-5,0.11111109047903311,-0.1111100858489854
27497,0.1,-0.11111120153174048,3.819686949428877e-9,6.1803615989915e-5,8.724594713874984e-5,0.11111120153174048,-0.11111009300698857
27498,0.1,-0.11111131203771346,4.933465396633704e-9,7.023863179642456e-5,8.64886228522228e-5,0.11111131203771346,-0.11111009990728973
27499,0.25,-0.11111141985670321,6.140466654679551e-9,7.836112974351219e-5,8.565805548894e-5,0.11111141985670321,-0.11111010542974657
27500,0.625,-0.11111151961457987,7.334974388450744e-9,8.564446501935045e-5,8.360675853199514e-5,0.11111151961457987,-0.11111010704133739
27501,1.5625,-0.11111159650742974,8.223368467760434e-9,9.06827903615699e-5,7.825536062714035e-5,0.11111159650742974,-0.11111009826017436
27502,3.90625,-0.11111161125969331,8.081540688076584e-9,8.989738977343327e-5,6.435868289388248e-5,0.11111161125969331,-0.11111006636712899
27503,9.765625,-0.11111146872223995,5.656974172524422e-9,7.521285909021423e-5,3.072239430113905e-5,0.11111146872223995,-0.11111000709351218
27504,24.4140625,-0.11111092680702676,8.228024702575491e-11,9.07084599283633e-6,4.319830503310518e-5,0.11111092680702676,-0.11111004104645887
27505,9.765625,-0.11111009254143345,8.673982600639566e-11,9.31342182049088e-6,2.4471869264393854e-5,0.11111009254143345,-0.11111004050128051
27506,3.90625,-0.1111097848525523,9.900883908115113e-11,9.950318541692579e-6,1.6402964870279248e-5,0.1111097848525523,-0.11111004028854725
27507,1.5625,-0.11110953677259262,1.1431671943117133e-10,1.0691899711050948e-5,1.299384570446859e-5,0.11110953677259262,-0.11111004024765385
27508,3.90625,-0.11110948110537539,1.1378689663917036e-10,1.0667094104730227e-5,1.149933765723665e-5,0.11110948110537539,-0.11111003985843977
27509,9.765625,-0.111109875214411,7.622438683510126e-11,8.730657869548049e-6,8.293180908705344e-6,0.111109875214411,-0.11111003908320152
27510,24.4140625,-0.11111058144400829,1.481620749811742e-11,3.849182705213851e-6,7.902011116090937e-6,0.11111058144400829,-0.11111003898291448
27511,9.765625,-0.11111026358702855,3.3330430954047333e-12,1.8256623716899938e-6,1.533922359755253e-5,0.11111026358702855,-0.11111003929732237
27512,3.90625,-0.11111015815709917,1.4341602001750833e-12,1.197564278097457e-6,1.647274427749209e-5,0.11111015815709917,-0.11111003958280749
27513,1.5625,-0.11111007720117287,4.765456941928969e-12,2.1829926573236496e-6,1.6250875778127795e-5,0.11111007720117287,-0.11111003984010588
27514,0.625,-0.11111000239361467,1.2595702190021725e-11,3.549042432829132e-6,1.5887826709717504e-5,0.11111000239361467,-0.11111004008301725
27515,0.25,-0.11110992941331757,2.4745290015487494e-11,4.974463791755599e-6,1.5612812049026115e-5,0.11110992941331757,-0.1111100403197794
27516,0.1,-0.1111098569921164,4.1147417117003686e-11,6.414625251486145e-6,1.5430028908010398e-5,0.1111098569921164,-0.1111100405538606
27517,0.1,-0.11110978713166603,6.161490248021379e-11,7.849516066625623e-6,1.5308447189643273e-5,0.11110978713166603,-0.11111004078159888
27518,0.1,-0.11110972008528275,8.59798175710166e-11,9.27253026800218e-6,1.5178040124907983e-5,0.11110972008528275,-0.111110041002397
27519,0.1,-0.11110965609471797,1.1406342349954935e-10,1.0680047916538079e-5,1.5038470472684723e-5,0.11110965609471797,-0.11111004121567138
27520,0.1,-0.11110959538941102,1.456766921355023e-10,1.2069659984254001e-5,1.4889501636426428e-5,0.11110959538941102,-0.11111004142085705
27521,0.25,-0.11110954724023774,1.7953526891407647e-10,1.3399077166509509e-5,1.473229614745346e-5,0.11110954724023774,-0.11111004158555556
27522,0.625,-0.11110953222147577,2.1228328064735705e-10,1.4569944428423777e-5,1.438084696785067e-5,0.11110953222147577,-0.11111004163778553
27523,1.5625,-0.1111096006788506,2.3487919843405226e-10,1.5325769097635926e-5,1.3509423269766356e-5,0.1111096006788506,-0.11111004139670948
27524,3.90625,-0.11110985623866597,2.262422301842143e-10,1.5041350676857924e-5,1.135175429645345e-5,0.11110985623866597,-0.11111004052239343
27525,9.765625,-0.11111039761675778,1.5419370264744012e-10,1.2417475695464039e-5,6.884810244223533e-6,0.11111039761675778,-0.11111003894729432
27526,24.4140625,-0.1111107437438784,3.21995928018675e-11,5.67446850391008e-6,9.25622500163351e-6,0.1111107437438784,-0.11111003871703651
27527,9.765625,-0.1111105190078676,7.097113651904573e-12,2.6640408502694873e-6,2.1263685980613086e-5,0.1111105190078676,-0.11111003932679296
27528,3.90625,-0.11111042490480848,1.558344280617594e-12,1.2483366054945252e-6,2.33993628396469e-5,0.11111042490480848,-0.1111100399130687
27529,1.5625,-0.11111034913775812,7.30569815250291e-12,2.7029055019557953e-6,2.3272808634401735e-5,0.11111034913775812,-0.11111004044483468
27530,0.625,-0.11111027843713382,2.2765568920216776e-11,4.771327794253585e-6,2.2838010658035134e-5,0.11111027843713382,-0.11111004094772796
27531,0.25,-0.11111020937569377,4.7569494823298714e-11,6.897064217716021e-6,2.249414597000913e-5,0.11111020937569377,-0.1111100414388534
27532,0.1,-0.11111014087228654,8.160348522312096e-11,9.033464740791374e-6,2.2269509590243036e-5,0.11111014087228654,-0.11111004192564145
27533,0.1,-0.11111007345629954,1.2455153247178048e-10,1.1160265788581402e-5,2.2126215967605254e-5,0.11111007345629954,-0.11111004240074684
27534,0.1,-0.11111000728359653,1.761069964427941e-10,1.3270531128888327e-5,2.1964919691038754e-5,0.11111000728359653,-0.11111004286259264
27535,0.1,-0.1111099425055772,2.359349404525455e-10,1.5360173841872543e-5,2.1785654754548935e-5,0.1111099425055772,-0.11111004330965725
27536,0.1,-0.11110987926875582,3.0367337058623765e-10,1.7426226515979804e-5,2.1588509586347312e-5,0.11110987926875582,-0.111110043740479
27537,0.25,-0.11110982182052766,3.768569950706055e-10,1.9412804925373496e-5,2.1374867651524493e-5,0.11110982182052766,-0.11111004408652236
27538,0.625,-0.1111097800704162,4.488923149257347e-10,2.118707896161561e-5,2.0866598965949955e-5,0.1111097800704162,-0.11111004419357398
27539,1.5625,-0.1111097791348703,5.015660217657264e-10,2.2395669710140986e-5,1.9564834376752885e-5,0.1111097791348703,-0.11111004366877303
27540,3.90625,-0.11110987434856591,4.903579384185592e-10,2.2144027149968888e-5,1.6239921005194817e-5,0.11110987434856591,-0.11111004174977784
27541,9.765625,-0.11111013896026047,3.399144629706575e-10,1.8436769320319042e-5,8.688549043364467e-6,0.11111013896026047,-0.11111003821972393
27542,24.4140625,-0.111110429597715,7.033847547432653e-11,8.38680365063631e-6,1.222970144563548e-5,0.111110429597715,-0.11111003765990447
27543,9.765625,-0.11111039564677655,1.489629385033317e-11,3.859571718511417e-6,3.1188756616471184e-5,0.11111039564677655,-0.1111100389882147
27544,3.90625,-0.11111041031077327,2.1999322601403134e-12,1.4832168621413099e-6,3.449109875222978e-5,0.11111041031077327,-0.11111004026865137
27545,1.5625,-0.111110429025436,1.4544538243449327e-11,3.813730226884084e-6,3.4352067972981436e-5,0.111110429025436,-0.11111004142882906
27546,0.625,-0.1111104485783783,4.8487667723400254e-11,6.963308676441125e-6,3.373155834373028e-5,0.1111104485783783,-0.11111004252556353
27547,0.25,-0.11111046837328105,1.0324317224539186e-10,1.0160864739056016e-5,3.323925468812876e-5,0.11111046837328105,-0.11111004359706282
27548,0.1,-0.11111048825836954,1.7858783733527278e-10,1.3363676041242275e-5,3.292199365235186e-5,0.11111048825836954,-0.11111004465997013
27549,0.1,-0.1111105084405067,2.738608416508459e-10,1.6548741391744747e-5,3.272457279545701e-5,0.1111105084405067,-0.11111004569818449
27550,0.1,-0.11111052894262984,3.8841454497794554e-10,1.970823546079013e-5,3.249854339201508e-5,0.11111052894262984,-0.11111004670805812
27551,0.1,-0.11111054978530988,5.21535777578559e-10,2.2837157826195426e-5,3.224409686987832e-5,0.11111054978530988,-0.11111004768607133
27552,0.1,-0.11111057098664733,6.724487647912955e-10,2.5931617087858124e-5,3.196147797282315e-5,0.11111057098664733,-0.11111004862884717
27553,0.25,-0.11111059347347467,8.357724132289556e-10,2.890972869518072e-5,3.1652631019857035e-5,0.11111059347347467,-0.11111004938412272
27554,0.625,-0.11111061922394598,9.970518737102626e-10,3.157612822545321e-5,3.089778948803411e-5,0.11111061922394598,-0.11111004960839176
27555,1.5625,-0.11111065271472914,1.1162127405600451e-9,3.340977013629464e-5,2.8939360918039018e-5,0.11111065271472914,-0.11111004842421239
27556,3.90625,-0.1111107008033173,1.0946727999234634e-9,3.308583987030499e-5,2.3882519217618576e-5,0.1111107008033173,-0.11111004411727021
27557,9.765625,-0.11111075316126327,7.629821896963853e-10,2.762213224384362e-5,1.1944825924397341e-5,0.11111075316126327,-0.1111100361504738
27558,24.4140625,-0.11111066888560321,1.596508106488651e-10,1.2635300180401932e-5,1.7099371482645538e-5,0.11111066888560321,-0.11111003476125791
27559,9.765625,-0.1111105348043102,3.396043818448783e-11,5.827558509743839e-6,4.6337581572520224e-5,0.1111105348043102,-0.11111003770565496
27560,3.90625,-0.11111044409262505,4.130548028209561e-12,2.0323749723438243e-6,5.1435683877733975e-5,0.11111044409262505,-0.11111004056185944
27561,1.5625,-0.11111036262152292,3.059053132626142e-11,5.5308707566043725e-6,5.1285764484354884e-5,0.11111036262152292,-0.11111004315182625
27562,0.625,-0.11111028406642172,1.0560786076392132e-10,1.0276568530590418e-5,5.038209477466473e-5,0.11111028406642172,-0.11111004560001174
27563,0.25,-0.11111020654197296,2.2742925448100698e-10,1.5080757755530953e-5,4.965868293605642e-5,0.11111020654197296,-0.11111004799182495
27564,0.1,-0.1111101294181897,3.955741957920602e-10,1.9889047131324822e-5,4.919321624293792e-5,0.1111101294181897,-0.11111005036477002
27565,0.1,-0.11111005292588394,6.086004251853361e-10,2.4669828235829614e-5,4.89056203952013e-5,0.11111005292588394,-0.1111100526832755
27566,0.1,-0.11110997715423072,8.650865715769136e-10,2.941235406384388e-5,4.8574487247619096e-5,0.11110997715423072,-0.1111100549390632
27567,0.1,-0.11110990219079885,1.1634620993742621e-9,3.410956023425488e-5,4.820012365444774e-5,0.11110990219079885,-0.11111005712414085
27568,0.1,-0.11110982812141129,1.5020138508368272e-9,3.875582344418484e-5,4.778290838210642e-5,0.11110982812141129,-0.11111005923083547
27569,0.25,-0.11110975723056866,1.8687761119675774e-9,4.32293431822365e-5,4.7325602506976316e-5,0.11110975723056866,-0.11111006091835743
27570,0.625,-0.11110969497845485,2.2315349127388155e-9,4.7239124809196194e-5,4.6197221249146227e-5,0.11110969497845485,-0.11111006141654702
27571,1.5625,-0.11110965571224932,2.5008568631741555e-9,5.000856789765285e-5,4.3255827703273845e-5,0.11110965571224932,-0.11111005875554945
27572,3.90625,-0.11110967425736223,2.4563406938850053e-9,4.9561483975815386e-5,3.562976565358553e-5,0.11110967425736223,-0.1111100490745473
27573,9.765625,-0.1111098187138473,1.7174546691068706e-9,4.144218465654134e-5,1.7339239101049006e-5,0.1111098187138473,-0.11111003110073692
27574,24.4140625,-0.11111014199556833,3.633579292498406e-10,1.9061949775661475e-5,2.4777082177870076e-5,0.11111014199556833,-0.11111002775742465
27575,9.765625,-0.11111027444801448,7.815969171063242e-11,8.840797006527885e-6,6.921948915553195e-5,0.11111027444801448,-0.11111003433382237
27576,3.90625,-0.11111039270925804,8.875277377480435e-12,2.979140375591663e-6,7.700768836213847e-5,0.11111039270925804,-0.11111004074607068
27577,1.5625,-0.11111050347655997,6.641418794850437e-11,8.149490042236039e-6,7.683880759340454e-5,0.11111050347655997,-0.11111004656606245
27578,0.625,-0.11111061167076859,2.333240939813571e-10,1.527494988474126e-5,7.550677892047091e-5,0.11111061167076859,-0.11111005206789308
27579,0.25,-0.11111071904673828,5.056499267389279e-10,2.2486661084717043e-5,7.443251617099375e-5,0.11111071904673828,-0.11111005744276942
27580,0.1,-0.11111082623276987,8.82319043861491e-10,2.970385570698678e-5,7.374028272268804e-5,0.11111082623276987,-0.11111006277515739
27581,0.1,-0.11111093309756363,1.3601308259978565e-9,3.687995154549225e-5,7.331289262652156e-5,0.11111093309756363,-0.11111006798585932
27582,0.1,-0.11111103954332664,1.935919749284027e-9,4.399908805059517e-5,7.28197886966536e-5,0.11111103954332664,-0.11111007305616029
27583,0.1,-0.11111114547104466,2.6061833314536925e-9,5.105079168292782e-5,7.226144420784902e-5,0.11111114547104466,-0.11111007796799136
27584,0.1,-0.11111125078065824,3.367096800687465e-9,5.802669041645806e-5,7.163843473501908e-5,0.11111125078065824,-0.11111008270399816
27585,0.25,-0.1111113533379917,4.191922428027114e-9,6.474505717062201e-5,7.095483246482785e-5,0.1111113533379917,-0.11111008649932601
27586,0.625,-0.11111144782782188,5.008601632539799e-9,7.077147470937567e-5,6.926395314113579e-5,0.11111144782782188,-0.1111100876236025
27587,1.5625,-0.1111115197335134,5.616926645194546e-9,7.494615830844532e-5,6.485000366258157e-5,0.1111115197335134,-0.11111008164703913
27588,3.90625,-0.11111153113107422,5.522883321026935e-9,7.431610404903459e-5,5.338599138789904e-5,0.11111153113107422,-0.11111005986754698
27589,9.765625,-0.11111139307299958,3.870616847134154e-9,6.22142816974861e-5,2.5667433923587173e-5,0.11111139307299958,-0.11111001931114799
27590,24.4140625,-0.11111095521318685,8.253790922407272e-10,2.8729411623643237e-5,3.6436457504903057e-5,0.11111095521318685,-0.11111001144092605
27591,9.765625,-0.11111071285599615,1.785348260861115e-10,1.3361692485838443e-5,0.00010369516651753532,0.11111071285599615,-0.11111002620907019
27592,3.90625,-0.11111051497046866,1.8674304588177504e-11,4.321377626194858e-6,0.0001155357182220669,0.11111051497046866,-0.11111004066141575
27593,1.5625,-0.11111033204354603,1.449144841979177e-10,1.2038043204687284e-5,0.00011534289976691939,0.11111033204354603,-0.11111005378821288
27594,0.625,-0.11111015437379637,5.178036119980038e-10,2.275529854776693e-5,0.00011336841466163145,0.11111015437379637,-0.11111006619802952
27595,0.25,-0.11110997875672526,1.128385382862189e-9,3.3591448061406775e-5,0.00011176654892639621,0.11110997875672526,-0.11111007832057854
27596,0.1,-0.11110980408360556,1.974234668256257e-9,4.4432360597387315e-5,0.00011073247508648476,0.11110980408360556,-0.11111009034657651
27597,0.1,-0.11110963059200916,3.0482015646745922e-9,5.5210520416625235e-5,0.00011009371440595417,0.11110963059200916,-0.1111101020991926
27598,0.1,-0.1111094584251625,4.343195921578193e-9,6.590292801976399e-5,0.00010935627625564422,0.1111094584251625,-0.11111011353620641
27599,0.1,-0.11110928772362193,5.851369330382036e-9,7.6494243772862e-5,0.00010852085304255945,0.11110928772362193,-0.11111012461683949
27600,0.1,-0.11110911862521111,7.564147810751105e-9,8.697210938427965e-5,0.00010758828948175085,0.11110911862521111,-0.1111101353019147
27601,0.25,-0.11110895460130028,9.421633719026829e-9,9.706510041733243e-5,0.00010656459758557687,0.11110895460130028,-0.11111014387172562
27602,0.625,-0.11110880412348259,1.1262289431548483e-8,0.00010612393430112023,0.00010403012168927024,0.11110880412348259,-0.11111014643241894
27603,1.5625,-0.1111086900648723,1.2637047967568314e-8,0.00011241462523874869,9.740958529095768e-5,0.1111086900648723,-0.11111013300829879
27604,3.90625,-0.11110867175169721,1.2436780075446234e-8,0.00011152031238947565,8.019881738098696e-5,0.11110867175169721,-0.11111008396423287
27605,9.765625,-0.11110888919123557,8.734696031770863e-9,9.34595957179939e-5,3.841426325650318e-5,0.11110888919123557,-0.11110999237811965
27606,24.4140625,-0.11110961416957033,1.2666969585758245e-10,1.1254763251956145e-5,5.289187841290694e-5,0.11110961416957033,-0.11111004415007157
27607,9.765625,-0.111110917427266,1.3164186573611757e-10,1.147352891381364e-5,3.070601022887709e-5,0.111110917427266,-0.11111004340012143
27608,3.90625,-0.11111140469807713,1.5186676550807478e-10,1.232342344919117e-5,2.0709435812400024e-5,0.11111140469807713,-0.11111004308699378
27609,1.5625,-0.111111797243951,1.774423486920614e-10,1.3320748803729518e-5,1.632670337816944e-5,0.111111797243951,-0.11111004302547824
27610,3.90625,-0.11111188917556238,1.7742165732183683e-10,1.3319972121661398e-5,1.4350903577100831e-5,0.11111188917556238,-0.11111004240984948
27611,9.765625,-0.11111127573345517,1.1712133855257023e-10,1.082226124950651e-5,9.96814145124914e-6,0.11111127573345517,-0.11111004119461675
27612,24.4140625,-0.111110168680849,2.2766774400643904e-11,4.771454118048701e-6,9.108041772870692e-6,0.111110168680849,-0.1111100410179128
27613,9.765625,-0.11111069411209722,4.92794688090403e-12,2.2198979438037305e-6,1.881510437444395e-5,0.11111069411209722,-0.11111004150027
27614,3.90625,-0.11111087764052159,2.325500886752213e-12,1.5249593065889373e-6,2.016204733953111e-5,0.11111087764052159,-0.11111004192681564
27615,1.5625,-0.11111102057027701,7.791537284174507e-12,2.791332528412641e-6,1.9843121323615254e-5,0.11111102057027701,-0.11111004230869334
27616,0.625,-0.11111115321670767,2.0216130605954968e-11,4.49623515910311e-6,1.937018809399728e-5,0.11111115321670767,-0.11111004266839625
27617,0.25,-0.11111128279719547,3.933373871537139e-11,6.271661559377338e-6,1.9018094089678394e-5,0.11111128279719547,-0.11111004301881516
27618,0.1,-0.11111141144339413,6.504695310397998e-11,8.06516913052541e-6,1.8786352850260985e-5,0.11111141144339413,-0.11111004336529053
27619,0.1,-0.1111115359251182,9.704846818949649e-11,9.85131809401648e-6,1.8633469476252862e-5,0.1111115359251182,-0.11111004370198745
27620,0.1,-0.11111165582194706,1.3506988034717826e-10,1.1621956820913519e-5,1.8469072052760546e-5,0.11111165582194706,-0.11111004402797277
27621,0.1,-0.11111177073191232,1.7882556986943213e-10,1.3372567811360395e-5,1.8292771145899175e-5,0.11111177073191232,-0.11111004434233762
27622,0.1,-0.11111188027273083,2.2801369999919754e-10,1.5100122516032695e-5,1.81043003173132e-5,0.11111188027273083,-0.11111004464420478
27623,0.25,-0.11111196925698398,2.80530508021672e-10,1.6749044988347007e-5,1.7905155680712075e-5,0.11111196925698398,-0.11111004488299948
27624,0.625,-0.11111200389895651,3.3091560526361837e-10,1.8191085873680504e-5,1.7457338563332926e-5,0.11111200389895651,-0.11111004494687363
27625,1.5625,-0.11111190131994328,3.646180345465448e-10,1.9094974065092227e-5,1.6345243232040202e-5,0.11111190131994328,-0.11111004455684506
27626,3.90625,-0.11111148988439272,3.4857102509479793e-10,1.8670056911932485e-5,1.3593756759915122e-5,0.11111148988439272,-0.11111004319772318
27627,9.765625,-0.11111059963858937,2.355940416593988e-10,1.5349072990229696e-5,7.873352224915058e-6,0.11111059963858937,-0.11111004078906833
27628,24.4140625,-0.11110999234794272,4.987222428469933e-11,7.06202692466542e-6,1.1001166073233516e-5,0.11110999234794272,-0.11111004041229995
27629,9.765625,-0.11111034327850194,1.0679654049046315e-11,3.2679739976086583e-6,2.6055707892280933e-5,0.11111034327850194,-0.1111100413374893
27630,3.90625,-0.11111048056066428,1.923273227963679e-12,1.3868212674903999e-6,2.876739615532263e-5,0.11111048056066428,-0.11111004222726414
27631,1.5625,-0.11111058853604641,1.0524621369476803e-11,3.2441672844470895e-6,2.8626236444612404e-5,0.11111058853604641,-0.11111004303300473
27632,0.625,-0.11111068853955783,3.4047867813078506e-11,5.83505508226602e-6,2.809046430818103e-5,0.11111068853955783,-0.11111004379407316
27633,0.25,-0.11111078600863597,7.192468638676168e-11,8.480842315876513e-6,2.7664317475009943e-5,0.11111078600863597,-0.11111004453687465
27634,0.1,-0.11111088264699738,1.239809247225199e-10,1.1134672187474577e-5,2.738549288051886e-5,0.11111088264699738,-0.1111100452729275
27635,0.1,-0.11111097754836453,1.8973486247601908e-10,1.3774427845686335e-5,2.720763144925043e-5,0.11111097754836453,-0.11111004599111834
27636,0.1,-0.11111107046270646,2.687177342015475e-10,1.639261218358891e-5,2.7007250892856652e-5,0.11111107046270646,-0.11111004668902297
27637,0.1,-0.11111116114724735,3.604170545447995e-10,1.8984653132064318e-5,2.678438048260951e-5,0.11111116114724735,-0.11111004736430112
27638,0.1,-0.11111124936717216,4.6427854042725883e-10,2.1547123715875833e-5,2.6539117060953732e-5,0.11111124936717216,-0.1111100480147046
27639,0.25,-0.11111132820413869,5.765229818642558e-10,2.401089298348264e-5,2.6273147611749667e-5,0.11111132820413869,-0.11111004853533382
27640,0.625,-0.11111138157664328,6.870385110373103e-10,2.6211419477725928e-5,2.5639212425906184e-5,0.11111138157664328,-0.11111004868995603
27641,1.5625,-0.11111136888047177,7.679079438394914e-10,2.7711151976045517e-5,2.401309596863662e-5,0.11111136888047177,-0.11111004787663885
27642,3.90625,-0.11111120154499457,7.510187824701846e-10,2.7404721900982403e-5,1.9847104646179314e-5,0.11111120154499457,-0.11111004492660471
27643,9.765625,-0.11111076823083157,5.215082666768613e-10,2.2836555490635213e-5,1.0217904520510278e-5,0.11111076823083157,-0.11111003949666003
27644,24.4140625,-0.11111033743431144,1.0910847190594281e-10,1.0445500079265847e-5,1.4591877323930534e-5,0.11111033743431144,-0.1111100385741003
27645,9.765625,-0.11111043412800044,2.313555654674403e-11,4.809943507645805e-6,3.84447515758125e-5,0.11111043412800044,-0.11111004059890331
27646,3.90625,-0.11111044152019546,2.973001302012251e-12,1.7242393401184914e-6,4.261923569823594e-5,0.11111044152019546,-0.11111004255856502
27647,1.5625,-0.11111043973157064,2.131569153948535e-11,4.61689197832106e-6,4.247589321998609e-5,0.11111043973157064,-0.11111004433476257
27648,0.625,-0.11111043579349049,7.285224990881142e-11,8.535352945766884e-6,4.171729027227628e-5,0.11111043579349049,-0.11111004601336645
27649,0.25,-0.1111104312496735,1.563666098549693e-10,1.250466352426043e-5,4.111083785089353e-5,0.1111104312496735,-0.11111004765292617
27650,0.1,-0.11111042654632286,2.7151339558575027e-10,1.6477663535396948e-5,4.0718917794007e-5,0.11111042654632286,-0.11111004927909617
27651,0.1,-0.11111042130360367,4.1728721987616495e-10,2.0427609255029452e-5,4.047467297273807e-5,0.11111042130360367,-0.11111005086747114
27652,0.1,-0.11111041545248727,5.92699452569953e-10,2.4345419539822128e-5,4.019484596918151e-5,0.11111041545248727,-0.11111005241244054
27653,0.1,-0.11111040892739034,7.966609760037127e-10,2.82251833652806e-5,3.987967015515074e-5,0.11111040892739034,-0.11111005390858926
27654,0.1,-0.11111040166645743,1.0279866495647713e-9,3.2062230888769596e-5,3.952944346072719e-5,0.11111040166645743,-0.1111100553507204
27655,0.25,-0.1111103914798587,1.2784726052660841e-9,3.575573527793946e-5,3.914655838246943e-5,0.1111103914798587,-0.1111100565058044
27656,0.625,-0.11111037346461528,1.526067047314494e-9,3.9064908131397085e-5,3.821042391122502e-5,0.11111037346461528,-0.11111005684756535
27657,1.5625,-0.11111033583607619,1.7096026443046206e-9,4.134734144179793e-5,3.578002736339154e-5,0.11111033583607619,-0.11111005503050932
27658,3.90625,-0.11111025636698249,1.6784729338213624e-9,4.096917052884232e-5,2.9493449233904688e-5,0.11111025636698249,-0.11111004841954589
27659,9.765625,-0.11111013017106579,1.17303412002031e-9,3.424958569122129e-5,1.450123571496922e-5,0.11111013017106579,-0.11111003615279637
27660,24.4140625,-0.11111017102960305,2.479510253746904e-10,1.5746460725340486e-5,2.0686691034978617e-5,0.11111017102960305,-0.11111003389160366
27661,9.765625,-0.11111035192175264,5.3114161040944784e-11,7.287946284169827e-6,5.7305852344580435e-5,0.11111035192175264,-0.11111003839903404
27662,3.90625,-0.1111104647901201,5.885262660528953e-12,2.42595603021344e-6,6.372717377250846e-5,0.1111104647901201,-0.11111004279044912
27663,1.5625,-0.11111056468238327,4.5340600399768415e-11,6.733542930713995e-6,6.358023696764447e-5,0.11111056468238327,-0.11111004677561573
27664,0.625,-0.11111066072089248,1.5954081620328494e-10,1.2630946765911293e-5,6.2474793385557e-5,0.11111066072089248,-0.11111005054262309
27665,0.25,-0.11111075554255395,3.457718541179551e-10,1.8594941627172565e-5,6.158346924634254e-5,0.11111075554255395,-0.1111100542223919
27666,0.1,-0.1111108500199806,6.032899314638745e-10,2.456196106714353e-5,6.10083356592515e-5,0.1111108500199806,-0.11111005787272986
27667,0.1,-0.11111094374751002,9.298977420431398e-10,3.0494224732613547e-5,6.065233563452433e-5,0.11111094374751002,-0.11111006143952032
27668,0.1,-0.11111103658931835,1.3234224278632914e-9,3.637887337264984e-5,6.024227441178068e-5,0.11111103658931835,-0.11111006491001249
27669,0.1,-0.11111112841095473,1.7814617537500648e-9,4.2207366107707604e-5,5.9778524292024755e-5,0.11111112841095473,-0.1111100682718944
27670,0.1,-0.11111121907965038,2.301394087946966e-9,4.79728474029525e-5,5.926154603230904e-5,0.11111121907965038,-0.11111007151334146
27671,0.25,-0.11111130509033726,2.864942508731005e-9,5.35251577179461e-5,5.8694734571692194e-5,0.11111130509033726,-0.11111007411167896
27672,0.625,-0.11111137810805442,3.4228668499080324e-9,5.850527198388221e-5,5.729634239702103e-5,0.11111137810805442,-0.11111007488456348
27673,1.5625,-0.11111141640886389,3.838381991872086e-9,6.195467691685662e-5,5.365008444260952e-5,0.11111141640886389,-0.11111007080532295
27674,3.90625,-0.11111136853829655,3.774025130171301e-9,6.143309474681625e-5,4.418721798684642e-5,0.11111136853829655,-0.11111005592835216
27675,9.765625,-0.11111114254291446,2.6452769730331577e-9,5.1432256153440884e-5,2.136463227236201e-5,0.11111114254291446,-0.11111002821918027
27676,24.4140625,-0.11111071891558574,5.646340875969512e-10,2.376203037614739e-5,3.0244919333220147e-5,0.11111071891558574,-0.11111002283251364
27677,9.765625,-0.11111058525789486,1.2223438777613714e-10,1.1055966162038356e-5,8.578445062425788e-5,0.11111058525789486,-0.11111003293591329
27678,3.90625,-0.11111045585015712,1.2796240749414537e-11,3.5771833541788906e-6,9.5575719775531e-5,0.11111045585015712,-0.11111004282590131
27679,1.5625,-0.11111033385753208,9.89635118500495e-11,9.948040603558547e-6,9.541821585955953e-5,0.11111033385753208,-0.1111100518099854
27680,0.625,-0.11111021476566756,3.537518974062159e-10,1.8808293314551853e-5,9.378649102106829e-5,0.11111021476566756,-0.11111006030374514
27681,0.25,-0.111110096865956,7.710283010521897e-10,2.7767396367902225e-5,9.246199072225668e-5,0.111110096865956,-0.11111006860086467
27682,0.1,-0.11110997954385476,1.3491261345317613e-9,3.673045241392708e-5,9.160642375181381e-5,0.11110997954385476,-0.11111007683172186
27683,0.1,-0.11110986288884539,2.083154155121099e-9,4.564158361758605e-5,9.107742496026915e-5,0.11110986288884539,-0.111110084875493
27684,0.1,-0.11110974697993957,2.968260553504301e-9,5.448174514004026e-5,9.046691059395293e-5,0.11110974697993957,-0.11111009270332368
27685,0.1,-0.11110963189537765,3.999075660054003e-9,6.323824523224852e-5,8.97754578780489e-5,0.11110963189537765,-0.1111101002873477
27686,0.1,-0.11110951771264908,5.1697343235062965e-9,7.190086455326039e-5,8.900376996506263e-5,0.11110951771264908,-0.11111010760079447
27687,0.25,-0.1111094062611632,6.439314812444092e-9,8.024534137533526e-5,8.815685163494731e-5,0.1111094062611632,-0.11111011346831602
27688,0.625,-0.11110930210109277,7.697464267915428e-9,8.773519400967566e-5,8.606191535093451e-5,0.11110930210109277,-0.11111011522854537
27689,1.5625,-0.11110921791626698,8.637404706277962e-9,9.293763880300575e-5,8.059173337256029e-5,0.11110921791626698,-0.11111010606283613
27690,3.90625,-0.11110918881539705,8.50135203442382e-9,9.220277671753612e-5,6.637509168928553e-5,0.11110918881539705,-0.11111007254694048
27691,9.765625,-0.11110931038165099,5.972314378794073e-9,7.728075037675341e-5,3.1891612332354327e-5,0.11110931038165099,-0.11111000993071829
27692,24.4140625,-0.11111002015802576,8.508622085239515e-11,9.224219254354005e-6,4.37637808013979e-5,0.11111002015802576,-0.11111004537671725
27693,9.765625,-0.11111076140007765,8.966922250933064e-11,9.469383428150463e-6,2.4838400382349008e-5,0.11111076140007765,-0.1111100448144294
27694,3.90625,-0.11111102905152474,1.0218236074890535e-10,1.0108529109069496e-5,1.6672908010543828e-5,0.11111102905152474,-0.11111004459583977
27695,1.5625,-0.11111124500304259,1.1793179947471315e-10,1.0859640853854843e-5,1.3230503936295315e-5,0.11111124500304259,-0.111110044554703
27696,3.90625,-0.11111128921569954,1.1755237353992931e-10,1.0842157236451116e-5,1.1719245529595957e-5,0.11111128921569954,-0.1111100441535901
27697,9.765625,-0.1111109354844902,7.920411104661152e-11,8.899669153772602e-6,8.460904023224583e-6,0.1111109354844902,-0.11111004334772771
27698,24.4140625,-0.11111031932816641,1.542005132272931e-11,3.926837318088096e-6,7.984953884874107e-6,0.11111031932816641,-0.11111004323742459
27699,9.765625,-0.11111059736680189,3.4722037557970007e-12,1.863385026181385e-6,1.5558424196494045e-5,0.11111059736680189,-0.11111004356045276
27700,3.90625,-0.11111068592948527,1.3485722598366096e-12,1.1612804397890329e-6,1.6759518667917558e-5,0.11111068592948527,-0.11111004385705595
27701,1.5625,-0.11111075309104246,4.653224850108665e-12,2.1571334799007374e-6,1.655508328057234e-5,0.11111075309104246,-0.11111004412477364
27702,0.625,-0.11111081493136912,1.2622955109294024e-11,3.5528798332189655e-6,1.619449677012892e-5,0.11111081493136912,-0.1111100443775364
27703,0.25,-0.1111108752057081,2.50688345100799e-11,5.006878719330028e-6,1.5918400986150895e-5,0.1111108752057081,-0.11111004462385374
27704,0.1,-0.11111093501003828,4.192069489923363e-11,6.4746192860456e-6,1.573408466010799e-5,0.11111093501003828,-0.11111004486734596
27705,0.1,-0.11111099256207335,6.299086575274331e-11,7.936678508843816e-6,1.5611168203985466e-5,0.11111099256207335,-0.11111004510430043
27706,0.1,-0.11111104764044567,8.810888005161951e-11,9.386633051931854e-6,1.5479223446281814e-5,0.11111104764044567,-0.11111004533409455
27707,0.1,-0.11111110003406144,1.1709313797389418e-10,1.0820958274288566e-5,1.533790796983078e-5,0.11111110003406144,-0.11111004555611961
27708,0.1,-0.11111114954276914,1.4975140683306329e-10,1.2237295732026063e-5,1.5186979452523269e-5,0.11111114954276914,-0.111110045769785
27709,0.25,-0.11111118799551019,1.847905168928114e-10,1.3593767575356415e-5,1.5027604812070662e-5,0.11111118799551019,-0.11111004594171382
27710,0.625,-0.11111119728823562,2.1882077090677777e-10,1.4792591757591965e-5,1.4671189026313068e-5,0.11111119728823562,-0.11111004599754118
27711,1.5625,-0.11111113320795628,2.4266644923207505e-10,1.557775494838955e-5,1.3786154976998577e-5,0.11111113320795628,-0.11111004574975408
27712,3.90625,-0.11111090526027073,2.3470864494522014e-10,1.5320203815394238e-5,1.1585647739231928e-5,0.11111090526027073,-0.11111004484247951
27713,9.765625,-0.11111043062184627,1.6105341518187405e-10,1.2690682218930315e-5,6.956869391773008e-6,0.11111043062184627,-0.11111004319253827
27714,24.4140625,-0.11111014875245084,3.403704198250622e-11,5.83412735398416e-6,9.260435122118752e-6,0.11111014875245084,-0.11111004292943434
27715,9.765625,-0.11111035744851981,7.583794586935426e-12,2.7538690213834473e-6,2.1696542242429374e-5,0.11111035744851981,-0.11111004356420706
27716,3.90625,-0.11111044703600988,1.541627254598248e-12,1.2416228310554892e-6,2.3927236436463835e-5,0.11111044703600988,-0.11111004417838083
27717,1.5625,-0.11111051979069812,7.31727607234085e-12,2.705046408537356e-6,2.381879291480167e-5,0.11111051979069812,-0.11111004473624762
27718,0.625,-0.11111058789630895,2.326064958203347e-11,4.8229295642828405e-6,2.3383551360476623e-5,0.11111058789630895,-0.11111004526395873
27719,0.25,-0.11111065451329545,4.8984593711465144e-11,6.998899464306167e-6,2.3036325516593783e-5,0.11111065451329545,-0.1111100457793087
27720,0.1,-0.11111072064082178,8.437005753903552e-11,9.185317497998396e-6,2.2808915176241558e-5,0.11111072064082178,-0.1111100462900877
27721,0.1,-0.1111107857749107,1.2909212512532132e-10,1.136187155029141e-5,2.266377695403964e-5,0.1111107857749107,-0.11111004678872208
27722,0.1,-0.1111108497691492,1.8283397460943592e-10,1.3521611391007948e-5,2.250017921928598e-5,0.1111108497691492,-0.11111004727355699
27723,0.1,-0.11111091248102477,2.4524915881206047e-10,1.566043290627882e-5,2.2318156806535535e-5,0.11111091248102477,-0.1111100477429931
27724,0.1,-0.11111097377232536,3.1596288168958296e-10,1.7775344769921706e-5,2.2117799187716803e-5,0.11111097377232536,-0.11111004819549476
27725,0.25,-0.11111102965309015,3.924261497302725e-10,1.9809748855810173e-5,2.1900493134667318e-5,0.11111102965309015,-0.11111004855964714
27726,0.625,-0.1111110708102089,4.67812586384352e-10,2.1628975620318962e-5,2.138260704094116e-5,0.1111110708102089,-0.11111004867452304
27727,1.5625,-0.11111107361074314,5.232418618806176e-10,2.2874480581657316e-5,2.005462968089532e-5,0.11111107361074314,-0.11111004812955975
27728,3.90625,-0.11111098581681578,5.124537811446935e-10,2.26374420185827e-5,1.6657417955607417e-5,0.11111098581681578,-0.11111004612494835
27729,9.765625,-0.11111073714149439,3.566382502759468e-10,1.8884868288551733e-5,8.893040613645647e-6,0.11111073714149439,-0.11111004241698083
27730,24.4140625,-0.11111045539189424,7.481668891150351e-11,8.649664092408648e-6,1.2320925446203476e-5,0.11111045539189424,-0.11111004178227164
27731,9.765625,-0.11111047799921925,1.603652568879957e-11,4.004563108355214e-6,3.190271862890478e-5,0.11111047799921925,-0.11111004317164039
27732,3.90625,-0.1111104572908147,2.170126137831952e-12,1.4731347996133796e-6,3.535265682307252e-5,0.1111104572908147,-0.11111004451906531
27733,1.5625,-0.11111043346714797,1.463168765625458e-11,3.82513890679209e-6,3.523992971573239e-5,0.11111043346714797,-0.11111004574175878
27734,0.625,-0.11111040911383135,4.979174646544643e-11,7.056326697754748e-6,3.461750458883981e-5,0.11111040911383135,-0.11111004689794442
27735,0.25,-0.11111038465872268,1.0681964497141542e-10,1.0335358966742057e-5,3.411935552115207e-5,0.11111038465872268,-0.11111004802752021
27736,0.1,-0.111110360200873,1.85480530327423e-10,1.361912369895446e-5,3.379751908353765e-5,0.111110360200873,-0.11111004914799343
27737,0.1,-0.11111033555608778,2.8509069626668534e-10,1.6884628994049153e-5,3.359715519019854e-5,0.11111033555608778,-0.11111005024268775
27738,0.1,-0.11111031070638229,4.0497707372844326e-10,2.012404218164043e-5,3.336745803916853e-5,0.11111031070638229,-0.11111005130776187
27739,0.1,-0.11111028563555297,5.443978109321404e-10,2.333233402238491e-5,3.3108622638063065e-5,0.11111028563555297,-0.11111005233950914
27740,0.1,-0.11111026032930228,7.025453062539494e-10,2.6505571230478122e-5,3.282089770348349e-5,0.11111026032930228,-0.1111100533343704
27741,0.25,-0.11111023403375381,8.738247702316128e-10,2.9560527231962774e-5,3.250623722941577e-5,0.11111023403375381,-0.11111005413305591
27742,0.625,-0.11111020516384165,1.0431906774831025e-9,3.2298462463143696e-5,3.173597290481942e-5,0.11111020516384165,-0.1111100543757352
27743,1.5625,-0.11111017024420661,1.1688925611594133e-9,3.4189070785258454e-5,2.9735600013965954e-5,0.11111017024420661,-0.11111005314215236
27744,3.90625,-0.1111101247809866,1.148057638243245e-9,3.3882999250999686e-5,2.4565095717284877e-5,0.1111101247809866,-0.11111004862844326
27745,9.765625,-0.11111008364986749,8.030210277912964e-10,2.8337625655500786e-5,1.2313476346513899e-5,0.11111008364986749,-0.11111004023703812
27746,24.4140625,-0.11111019107150036,1.7024913283035915e-10,1.3047955120644735e-5,1.7285792486847417e-5,0.11111019107150036,-0.1111100386754048
27747,9.765625,-0.11111033224560744,3.6662805040550775e-11,6.0549818365169995e-6,4.748772331840147e-5,0.11111033224560744,-0.11111004176579699
27748,3.90625,-0.11111042917128619,4.11927617114089e-12,2.0296000027446023e-6,5.281108181044071e-5,0.11111042917128619,-0.11111004478112763
27749,1.5625,-0.11111051651129242,3.093281622694297e-11,5.56172780949796e-6,5.26989762732347e-5,0.11111051651129242,-0.11111004751944696
27750,0.625,-0.11111060090020994,1.0892819595035344e-10,1.0436867152088956e-5,5.179059530194041e-5,0.11111060090020994,-0.11111005010872707
27751,0.25,-0.11111068433603884,2.362483174704405e-10,1.5370371416151287e-5,5.105720573105066e-5,0.11111068433603884,-0.11111005263842005
27752,0.1,-0.1111107674912663,4.123865031241504e-10,2.0307301719434573e-5,5.058418620030478e-5,0.1111107674912663,-0.11111005514807754
27753,0.1,-0.11111085010433779,6.358452091530332e-10,2.521597131091787e-5,5.0291800726453584e-5,0.11111085010433779,-0.11111005760071141
27754,0.1,-0.11111093207273015,9.051421700847311e-10,3.0085580766950987e-5,4.995472120332868e-5,0.11111093207273015,-0.11111005998758017
27755,0.1,-0.11111101329464507,1.2186379587206958e-9,3.490899538400806e-5,4.957325964219436e-5,0.11111101329464507,-0.11111006230024222
27756,0.1,-0.11111109366922102,1.574542800525569e-9,3.9680509075937634e-5,4.914780108379224e-5,0.11111109366922102,-0.11111006453058908
27757,0.25,-0.11111117064347673,1.960368794352492e-9,4.427605215409897e-5,4.868112815280711e-5,0.11111117064347673,-0.11111006632092953
27758,0.625,-0.11111123808852841,2.3424606001131016e-9,4.839897313077109e-5,4.7527933809198025e-5,0.11111123808852841,-0.11111006686192279
27759,1.5625,-0.11111127986807418,2.6273030281442686e-9,5.1257224155666766e-5,4.451927281003597e-5,0.11111127986807418,-0.11111006408119652
27760,3.90625,-0.11111125685913449,2.584091692768846e-9,5.083396200148918e-5,3.671230331445831e-5,0.11111125685913449,-0.11111005390484799
27761,9.765625,-0.1111110935941836,1.8126138802524521e-9,4.257480334954528e-5,1.7938942356265527e-5,0.1111110935941836,-0.11111003492309805
27762,24.4140625,-0.11111073934192399,3.880870441253781e-10,1.9699924977658624e-5,2.5117354950023482e-5,0.11111073934192399,-0.11111003118990728
27763,9.765625,-0.11111060154271081,8.442108801988536e-11,9.18809490699162e-6,7.104826012789647e-5,0.11111060154271081,-0.11111003811350852
27764,3.90625,-0.11111047734489374,8.92392135536909e-12,2.9872933159248174e-6,7.917594684829898e-5,0.11111047734489374,-0.11111004490072184
27765,1.5625,-0.11111036110585742,6.748982786653343e-11,8.215219282924433e-6,7.905947601446399e-5,0.11111036110585742,-0.11111005106956034
27766,0.625,-0.1111102477995438,2.416206909687769e-10,1.5544152951151018e-5,7.77166271995576e-5,0.1111102477995438,-0.11111005690298424
27767,0.25,-0.11111013563697093,5.271141019199627e-10,2.295896561084499e-5,7.662488194959891e-5,0.11111013563697093,-0.11111006260184533
27768,0.1,-0.11111002398399417,9.228322639215493e-10,3.037815438636043e-5,7.591969371292393e-5,0.11111002398399417,-0.11111006825543893
27769,0.1,-0.1111099129494832,1.4254369691219661e-9,3.775495953013281e-5,7.548402349545992e-5,0.1111099129494832,-0.1111100737811369
27770,0.1,-0.11110980261740629,2.0316139126778442e-9,4.5073428011166894e-5,7.498087933853179e-5,0.11110980261740629,-0.11111007915914531
27771,0.1,-0.11110969307097925,2.7376935942349815e-9,5.232297386650516e-5,7.441074195490794e-5,0.11110969307097925,-0.11111008437034546
27772,0.1,-0.11110958439265302,3.5396666192195322e-9,5.949509743852457e-5,7.377419605273876e-5,0.11110958439265302,-0.11111008939636854
27773,0.25,-0.1111094785281602,4.409542852514452e-9,6.64043888046148e-5,7.307535370424584e-5,0.1111094785281602,-0.11111009343225466
27774,0.625,-0.11110938029434778,5.271818945666846e-9,7.260729264796235e-5,7.134479519088256e-5,0.11110938029434778,-0.11111009465486145
27775,1.5625,-0.11110930291408906,5.916553673794163e-9,7.691913724031337e-5,6.6824090496218e-5,0.11110930291408906,-0.11111008839207105
27776,3.90625,-0.11110928185843641,5.824999688181917e-9,7.632168556958053e-5,5.507470974543959e-5,0.11110928185843641,-0.11111006544001052
27777,9.765625,-0.11110940725063002,4.094820634809355e-9,6.399078554611872e-5,2.6609763351230895e-5,0.11110940725063002,-0.11111002251125714
27778,24.4140625,-0.11110986729763118,8.831704992690703e-10,2.9718184656352586e-5,3.702183834837576e-5,0.11110986729763118,-0.11111001374799667
27779,61.03515625,-0.11111070986893905,2.75630029852998e-10,1.6602109198924034e-5,0.00010590882200288525,0.11111070986893905,-0.11111004600490017
27780,24.4140625,-0.11111056456819941,8.317141320721282e-11,9.119836248925352e-6,2.2202566910896646e-5,0.11111056456819941,-0.11111004434841269
27781,9.765625,-0.1111104701576495,3.988898964448054e-11,6.315773083675548e-6,2.3800567751504477e-5,0.1111104701576495,-0.11111004479339301
27782,3.90625,-0.11111044290131394,2.591396935697897e-11,5.090576525009615e-6,2.5694068264272437e-5,0.11111044290131394,-0.11111004543140972
27783,1.5625,-0.1111104187826578,2.6962673833654143e-11,5.192559468475459e-6,2.5539961114329484e-5,0.1111104187826578,-0.1111100460618472
27784,0.625,-0.11111039545998831,4.006791545058428e-11,6.329922231006024e-6,2.496487412374644e-5,0.11111039545998831,-0.11111004666722286
27785,0.25,-0.11111037237826994,6.431983967433532e-11,8.019965066902432e-6,2.443844990587746e-5,0.11111037237826994,-0.11111004725407422
27786,0.1,-0.11111034937476542,9.930734665415446e-11,9.965307153026165e-6,2.403051224292461e-5,0.11111034937476542,-0.1111100478277986
27787,0.1,-0.11111032690763038,1.4445544120183435e-10,1.2018961735600723e-5,2.3718450404748185e-5,0.11111032690763038,-0.11111004838000385
27788,0.1,-0.11111030502249404,1.992750355046601e-10,1.4116480988711744e-5,2.340712345113619e-5,0.11111030502249404,-0.11111004891014117
27789,0.1,-0.11111028376269605,2.6326697905893776e-10,1.6225503969335984e-5,2.309392152611792e-5,0.11111028376269605,-0.11111004941756869
27790,0.1,-0.1111102631691543,3.359206890535705e-10,1.83281392687193e-5,2.277667209047374e-5,0.1111102631691543,-0.11111004990158335
27791,0.25,-0.1111102450970746,4.1437068167322665e-10,2.0356096916482458e-5,2.2457586304663983e-5,0.1111102450970746,-0.11111005028799951
27792,0.625,-0.11111023359790702,4.911818191448921e-10,2.2162622117991636e-5,2.185733277405116e-5,0.11111023359790702,-0.11111005041035886
27793,1.5625,-0.11111023843721982,5.460842177510775e-10,2.3368444915121706e-5,2.047950167041147e-5,0.11111023843721982,-0.11111004984593251
27794,3.90625,-0.1111102790094152,5.302001305192939e-10,2.302607501332552e-5,1.712135277714195e-5,0.1111102790094152,-0.11111004778445963
27795,9.765625,-0.1111103703463902,3.63433219999208e-10,1.906392456969991e-5,9.869581698081291e-6,0.1111103703463902,-0.11111004403594675
27796,24.4140625,-0.11111041738190748,7.698222416346803e-11,8.773951456639592e-6,1.2957048923605448e-5,0.11111041738190748,-0.11111004339658664
27797,9.765625,-0.11111041574266947,2.1999351584477916e-11,4.690346637987209e-6,3.076822869099875e-5,0.11111041574266947,-0.11111004463306162
27798,3.90625,-0.11111042562234291,9.715610710488216e-12,3.1169874415031283e-6,3.369227553005933e-5,0.11111042562234291,-0.11111004583645093
27799,1.5625,-0.11111043601560555,2.1770146424065944e-11,4.665848949983909e-6,3.3319002398519836e-5,0.11111043601560555,-0.11111004692447604
27800,0.625,-0.11111044638869304,5.44097919573574e-11,7.376299340276084e-6,3.25158702839474e-5,0.11111044638869304,-0.11111004794585293
27801,0.25,-0.11111045674243095,1.0656334623944738e-10,1.0322952399359758e-5,3.186446001965959e-5,0.11111045674243095,-0.1111100489350293
27802,0.1,-0.11111046709873713,1.7773832599609287e-10,1.3331853809432987e-5,3.140250619390762e-5,0.11111046709873713,-0.11111004990738983
27803,0.1,-0.11111047750132667,2.6700749240939745e-10,1.634036390076419e-5,3.107200057810575e-5,0.11111047750132667,-0.11111005084749685
27804,0.1,-0.11111048794510169,3.735104341527019e-10,1.9326418037305877e-5,3.07246999354412e-5,0.11111048794510169,-0.11111005175297903
27805,0.1,-0.11111049842394476,4.963518300716712e-10,2.227895486937552e-5,3.0359663019305303e-5,0.11111049842394476,-0.11111005262152251
27806,0.1,-0.11111050893073994,6.346025580336549e-10,2.519131910070719e-5,2.9976185570634674e-5,0.11111050893073994,-0.11111005345089604
27807,0.25,-0.11111051948084326,7.828213522392019e-10,2.797894480210435e-5,2.9577803830683343e-5,0.11111051948084326,-0.11111005410005631
27808,0.625,-0.11111053001630322,9.268506127020746e-10,3.0444221335124906e-5,2.8762417841135224e-5,0.11111053001630322,-0.11111005425473187
27809,1.5625,-0.111110540152895,1.028104559171762e-9,3.2064069597787525e-5,2.6817779232031437e-5,0.111110540152895,-0.11111005312172369
27810,3.90625,-0.11111054785075725,9.93446510967714e-10,3.151898651555462e-5,2.2001820041802273e-5,0.11111054785075725,-0.11111004920031878
27811,9.765625,-0.11111054317656129,6.703027441172685e-10,2.5890205563441717e-5,1.1361845361409951e-5,0.11111054317656129,-0.11111004227189879
27812,24.4140625,-0.11111048757257266,1.264688731664322e-10,1.124583803753336e-5,1.807735261260928e-5,0.11111048757257266,-0.1111100417025117
27813,9.765625,-0.11111044679345752,2.7730748459221398e-11,5.265999284012617e-6,4.302865554592811e-5,0.11111044679345752,-0.11111004422010001
27814,3.90625,-0.111110418296108,1.0403732085072991e-11,3.2254816826441585e-6,4.682407268893471e-5,0.111110418296108,-0.11111004654685697
27815,1.5625,-0.11111039243522478,4.011388426123018e-11,6.3335522624535265e-6,4.621620195030364e-5,0.11111039243522478,-0.11111004862402683
27816,0.625,-0.1111103674509355,1.1014576398982976e-10,1.0495035206697963e-5,4.5113208284826276e-5,0.1111103674509355,-0.11111005057402551
27817,0.25,-0.11111034279833852,2.18778958503582e-10,1.4791178401452063e-5,4.426626661987206e-5,0.11111034279833852,-0.11111005247048766
27818,0.1,-0.1111103182934902,3.653244351204936e-10,1.9113462143748147e-5,4.369824169453933e-5,0.1111103182934902,-0.11111005434399263
27819,0.1,-0.11111029402084666,5.481365110682836e-10,2.341231537179276e-5,4.331467235457702e-5,0.11111029402084666,-0.11111005616137393
27820,0.1,-0.11111027000773448,7.656709575489952e-10,2.767075997418566e-5,4.289637514389023e-5,0.11111027000773448,-0.1111100579166579
27821,0.1,-0.1111102462809878,1.0162833360828913e-9,3.187919911294654e-5,4.2443344657065474e-5,0.1111102462809878,-0.1111100596041262
27822,0.1,-0.1111102228669149,1.2982345910723213e-9,3.603102262040756e-5,4.195570832219584e-5,0.1111102228669149,-0.11111006121834414
27823,0.25,-0.1111102004941348,1.6005362349623401e-9,4.0006702375506283e-5,4.14383887444293e-5,0.1111102004941348,-0.11111006247019525
27824,0.625,-0.11111018089763083,1.894348393236745e-9,4.352411277943234e-5,4.0303330473792785e-5,0.11111018089763083,-0.11111006271677007
27825,1.5625,-0.11111016864223272,2.100802864542727e-9,4.583451608278118e-5,3.7503020624422644e-5,0.11111016864223272,-0.11111006033653717
27826,3.90625,-0.11111017487838805,2.0291780878120045e-9,4.5046399276879e-5,3.043909077871002e-5,0.11111017487838805,-0.11111005226476847
27827,9.765625,-0.111110221957238,1.3662036491594232e-9,3.696219215846678e-5,1.4152873856394604e-5,0.111110221957238,-0.11111003808975464
27828,24.4140625,-0.11111033193117296,2.49459474286149e-10,1.57942861277789e-5,2.5010096660192372e-5,0.11111033193117296,-0.11111003717928807
27829,9.765625,-0.11111038913346061,4.683021971411165e-11,6.843260897708902e-6,6.179298216922465e-5,0.11111038913346061,-0.111110042474547
27830,3.90625,-0.11111043940136571,1.2314321363944781e-11,3.509176735923225e-6,6.731133661033769e-5,0.11111043940136571,-0.11111004731138664
27831,1.5625,-0.11111048612259392,7.530335890923232e-11,8.677750797829603e-6,6.646192953163374e-5,0.11111048612259392,-0.11111005161228185
27832,0.625,-0.11111053166090942,2.2215596885964888e-10,1.4904897479004976e-5,6.490316647738559e-5,0.11111053166090942,-0.11111005564650084
27833,0.25,-0.11111057684664272,4.495071951318799e-10,2.12015847316157e-5,6.37169891400907e-5,0.11111057684664272,-0.11111005957210174
27834,0.1,-0.11111062197707451,7.560998930603251e-10,2.7497270647471998e-5,6.293395999671979e-5,0.11111062197707451,-0.1111100634542206
27835,0.1,-0.11111066697771625,1.1386745196383246e-9,3.374425165325681e-5,6.241624565291448e-5,0.11111066697771625,-0.11111006722415434
27836,0.1,-0.11111071179891736,1.5941527090148252e-9,3.9926841961452764e-5,6.184552699090151e-5,0.11111071179891736,-0.11111007086892508
27837,0.1,-0.11111075638997582,2.119230964385857e-9,4.60351057822816e-5,6.122203347499582e-5,0.11111075638997582,-0.11111007437610924
27838,0.1,-0.11111080069927759,2.710393188053006e-9,5.2061436669122047e-5,6.054614227531104e-5,0.11111080069927759,-0.11111007773389424
27839,0.25,-0.11111084364500301,3.3448309073714227e-9,5.7834513116057465e-5,5.9824431268560254e-5,0.11111084364500301,-0.11111008033723305
27840,0.625,-0.11111088253372979,3.962422748611744e-9,6.294777794816703e-5,5.820005505493043e-5,0.11111088253372979,-0.11111008083865795
27841,1.5625,-0.11111091005499926,4.3984069396798645e-9,6.632048657601861e-5,5.414175191651219e-5,0.11111091005499926,-0.11111007583596594
27842,3.90625,-0.11111090753808085,4.253590720636566e-9,6.52195578077356e-5,4.382802630795292e-5,0.11111090753808085,-0.11111005888309522
27843,9.765625,-0.1111108342297924,2.8695936246437525e-9,5.3568588040415555e-5,1.956758091628759e-5,0.1111108342297924,-0.11111002904358384
27844,24.4140625,-0.11111063735782228,5.250162288132148e-10,2.2913232613780508e-5,3.5462427702141336e-5,0.11111063735782228,-0.11111002699307276
27845,9.765625,-0.11111053735631334,9.613058199735864e-11,9.804620441269445e-6,8.954192768312558e-5,0.11111053735631334,-0.11111003815311292
27846,3.90625,-0.11111045174002973,2.1732504970213243e-11,4.6618134851378644e-6,9.770741220476978e-5,0.11111045174002973,-0.11111004836184996
27847,1.5625,-0.1111103723134739,1.5328192318209173e-10,1.2380707701181372e-5,9.654883806636567e-5,0.1111103723134739,-0.11111005744356145
27848,0.625,-0.11111029517522837,4.621736544794946e-10,2.149822444946314e-5,9.433292871698216e-5,0.11111029517522837,-0.11111006596595129
27849,0.25,-0.11111021899360328,9.414821162229253e-10,3.06835805639258e-5,9.264730772586333e-5,0.11111021899360328,-0.11111007426343923
27850,0.1,-0.11111014330305163,1.5887288356319983e-9,3.985886144425099e-5,9.154224755491863e-5,0.11111014330305163,-0.11111008247404382
27851,0.1,-0.11111006818113338,2.397232144111075e-9,4.8961537395297086e-5,9.081959376528412e-5,0.11111006818113338,-0.11111009045321654
27852,0.1,-0.11110999368594221,3.360656124827308e-9,5.797116632281352e-5,9.001768485494577e-5,0.11110999368594221,-0.1111100981728866
27853,0.1,-0.11110991987430612,4.472172113240274e-9,6.687430084300152e-5,8.913703095377119e-5,0.11110991987430612,-0.11111010560617739
27854,0.1,-0.11110984680177999,5.724485787076835e-9,7.566033166116068e-5,8.817832382537946e-5,0.11110984680177999,-0.11111011272751983
27855,0.25,-0.11110977585533742,7.069647719265659e-9,8.40811971802594e-5,8.715062782065507e-5,0.11110977585533742,-0.11111011825689696
27856,0.625,-0.11110971044633862,8.380937972779733e-9,9.154746295108201e-5,8.480522800906401e-5,0.11110971044633862,-0.11111011934009693
27857,1.5625,-0.1111096598604798,9.310591911345084e-9,9.649140848461631e-5,7.890607329525086e-5,0.1111096598604798,-0.11111010876315432
27858,3.90625,-0.11110964858141152,9.014719375519803e-9,9.4945876032189e-5,6.385651317351852e-5,0.11110964858141152,-0.11111007282300232
27859,9.765625,-0.11110973661939191,6.096128966608462e-9,7.807771107434222e-5,2.8120071469997674e-5,0.11110973661939191,-0.11111000935404143
27860,24.4140625,-0.1111101609657779,1.0377200154979732e-10,1.0186854350082627e-5,4.9446055338640904e-5,0.1111101609657779,-0.11111004946161765
27861,9.765625,-0.11111065274520117,1.1020337139001773e-10,1.0497779355178776e-5,2.7253417482110634e-5,0.11111065274520117,-0.11111004870951781
27862,3.90625,-0.11111082685407409,1.2435485714702592e-10,1.1151450898740753e-5,1.8078612016891368e-5,0.11111082685407409,-0.11111004843332513
27863,1.5625,-0.11111096611193856,1.4210422433832986e-10,1.1920747641751747e-5,1.4293752547013446e-5,0.11111096611193856,-0.11111004837936736
27864,3.90625,-0.11111098915746424,1.4039173500904914e-10,1.184870182800838e-5,1.2630661959431867e-5,0.11111098915746424,-0.11111004790109887
27865,9.765625,-0.1111107450333014,9.33025441512204e-11,9.659324207791165e-6,9.143613563561058e-6,0.1111107450333014,-0.11111004696202215
27866,24.4140625,-0.11111034115057114,1.6179058643975634e-11,4.022320057376791e-6,8.860107792398213e-6,0.11111034115057114,-0.11111004691260216
27867,9.765625,-0.11111054873144434,3.346597068084748e-12,1.8293706754194865e-6,1.654091084851758e-5,0.11111054873144434,-0.11111004728148512
27868,3.90625,-0.11111061475032162,1.622361383320958e-12,1.2737195073174306e-6,1.763123273250419e-5,0.11111061475032162,-0.11111004760928876
27869,1.5625,-0.11111066490267493,6.020951762930173e-12,2.4537627764171038e-6,1.7292333420172097e-5,0.11111066490267493,-0.11111004790026346
27870,0.625,-0.11111071112208325,1.5641096708363097e-11,3.954882641541098e-6,1.6829831784363288e-5,0.11111071112208325,-0.11111004817260679
27871,0.25,-0.11111075618677042,3.02421462298138e-11,5.499285974543768e-6,1.6481064212853236e-5,0.11111075618677042,-0.11111004843653759
27872,0.1,-0.11111080090651831,4.971897809161023e-11,7.05116856213282e-6,1.6243181347859588e-5,0.11111080090651831,-0.11111004869629554
27873,0.1,-0.11111084397517852,7.382918482889136e-11,8.59239110078745e-6,1.6078594127972688e-5,0.11111084397517852,-0.11111004894757671
27874,0.1,-0.11111088523058121,1.0235410517076606e-10,1.0117020567873037e-5,1.5907744040599933e-5,0.11111088523058121,-0.11111004918984814
27875,0.1,-0.11111092451821958,1.3506550524679524e-10,1.1621768593755222e-5,1.5729839422952553e-5,0.11111092451821958,-0.11111004942257613
27876,0.1,-0.11111096169174006,1.717258564758956e-10,1.3104421256808543e-5,1.554426064576266e-5,0.11111096169174006,-0.1111100496452371
27877,0.25,-0.11111099075799806,2.1082154376137374e-10,1.4519695029902444e-5,1.5352542066864385e-5,0.11111099075799806,-0.11111004982001205
27878,0.625,-0.11111099844541088,2.484185305108148e-10,1.5761298503321826e-5,1.4949766979453183e-5,0.11111099844541088,-0.1111100498633378
27879,1.5625,-0.1111109523726482,2.7389067381376053e-10,1.6549642709549972e-5,1.397851541509318e-5,0.1111109523726482,-0.11111004956608415
27880,3.90625,-0.11111078643295355,2.621990522034363e-10,1.619256163191718e-5,1.1594903000485133e-5,0.11111078643295355,-0.11111004854072835
27881,9.765625,-0.11111044113749394,1.7467210547260755e-10,1.3216357496398451e-5,6.709357919432326e-6,0.11111044113749394,-0.11111004675806291
27882,24.4140625,-0.11111024147132455,3.268797993498133e-11,5.717340285043503e-6,1.0272564659220476e-5,0.11111024147132455,-0.11111004665925713
27883,9.765625,-0.11111039011956908,6.918915680559263e-12,2.6303831813177455e-6,2.253207759331814e-5,0.11111039011956908,-0.1111100473447387
27884,3.90625,-0.11111045095995419,2.6654793686506853e-12,1.632629587092763e-6,2.442753949127105e-5,0.11111045095995419,-0.11111004797547933
27885,1.5625,-0.11111049985842203,1.0808181455818653e-11,3.2875798782415392e-6,2.4115322221895984e-5,0.11111049985842203,-0.11111004854006867
27886,0.625,-0.11111054550418469,2.962293751146057e-11,5.4426957944993185e-6,2.3564192617289106e-5,0.11111054550418469,-0.11111004907168869
27887,0.25,-0.11111059011722112,5.869178327422315e-11,7.66105627666467e-6,2.3148462905770352e-5,0.11111059011722112,-0.11111004958996842
27888,0.1,-0.1111106343952334,9.786466316159363e-11,9.89265703244551e-6,2.2876618694794987e-5,0.1111106343952334,-0.11111005010301227
27889,0.1,-0.11111067795320184,1.4673132883845566e-10,1.2113270773761134e-5,2.2699302387462374e-5,0.11111067795320184,-0.11111005060190268
27890,0.1,-0.1111107206866105,2.0490726250114e-10,1.4314582162995188e-5,2.2504289027157144e-5,0.1111107206866105,-0.1111100510850237
27891,0.1,-0.11111076249377329,2.7197918587427853e-10,1.6491791469524422e-5,2.2291505098820426e-5,0.11111076249377329,-0.11111005155081975
27892,0.1,-0.11111080327614009,3.475064269705028e-10,1.8641524266285275e-5,2.206095641581898e-5,0.11111080327614009,-0.11111005199780184
27893,0.25,-0.11111084013845504,4.2855587762191557e-10,2.0701591185749843e-5,2.1814554696157315e-5,0.11111084013845504,-0.111110052348491
27894,0.625,-0.11111086634951453,5.073779393673836e-10,2.252505137324627e-5,2.125132615388347e-5,0.11111086634951453,-0.11111005243047423
27895,1.5625,-0.11111086491175795,5.627403594377021e-10,2.3722149131933684e-5,1.9836403844316665e-5,0.11111086491175795,-0.11111005180894588
27896,3.90625,-0.11111079876033249,5.4337659426755e-10,2.3310439598333404e-5,1.6263202316603507e-5,0.11111079876033249,-0.11111004966323963
27897,9.765625,-0.11111062132165074,3.65643645905855e-10,1.912181073815592e-5,8.354037811094167e-6,0.11111062132165074,-0.11111004588704662
27898,24.4140625,-0.1111104423060862,6.722115557613383e-11,8.198850869245875e-6,1.377030058937803e-5,0.1111104423060862,-0.11111004566107086
27899,9.765625,-0.11111046939999804,1.2729429715841715e-11,3.5678326356265247e-6,3.2454421484643714e-5,0.11111046939999804,-0.11111004710797732
27900,3.90625,-0.11111045974056127,3.492240652826136e-12,1.8687537699831233e-6,3.533368456899837e-5,0.11111045974056127,-0.11111004843571409
27901,1.5625,-0.11111044712232497,2.0637202660244908e-11,4.5428188011679385e-6,3.4933085326203594e-5,0.11111044712232497,-0.11111004962185043
27902,0.625,-0.11111043393435589,6.05804239450015e-11,7.783342723085082e-6,3.416559650169521e-5,0.11111043393435589,-0.11111005073855931
27903,0.25,-0.11111042062121866,1.2249322984242928e-10,1.1067665961820011e-5,3.358913402673055e-5,0.11111042062121866,-0.11111005182834693
27904,0.1,-0.11111040729630872,2.0611022628148583e-10,1.435653949534796e-5,3.321949550648268e-5,0.11111040729630872,-0.11111005290870687
27905,0.1,-0.11111039377321015,3.1061761777498564e-10,1.7624347300679978e-5,3.298545427868183e-5,0.11111039377321015,-0.11111005396073975
27906,0.1,-0.11111038003092083,4.3524421327135196e-10,2.0862507358209655e-5,3.272248206950544e-5,0.11111038003092083,-0.11111005498072657
27907,0.1,-0.1111103660499474,5.79151545020744e-10,2.4065567623073924e-5,3.243077950449136e-5,0.1111103660499474,-0.11111005596509639
27908,0.1,-0.11111035181241359,7.414373171755432e-10,2.722934661675787e-5,3.211060976162478e-5,0.11111035181241359,-0.1111100569104415
27909,0.25,-0.11111033650360752,9.159331197150579e-10,3.026438698726703e-5,3.17646284765131e-5,0.11111033650360752,-0.11111005765077829
27910,0.625,-0.11111031836659632,1.086256392139097e-9,3.29584039683219e-5,3.0946921958147825e-5,0.11111031836659632,-0.11111005781571451
27911,1.5625,-0.11111029334330469,1.207357705590155e-9,3.474705319289904e-5,2.885948513839451e-5,0.11111029334330469,-0.11111005646845734
27912,3.90625,-0.11111025468092618,1.169827516402543e-9,3.420274135800437e-5,2.3521302944459233e-5,0.11111025468092618,-0.11111005182704513
27913,9.765625,-0.11111020752591845,7.924098923467158e-10,2.8149776062105998e-5,1.1156192832716782e-5,0.11111020752591845,-0.11111004359616047
27914,24.4140625,-0.11111025852469669,1.4786318093924399e-10,1.2159900531634458e-5,1.9037067029250346e-5,0.11111025852469669,-0.1111100429438431
27915,9.765625,-0.11111035572563145,2.7756372698825697e-11,5.268431711508245e-6,4.744086708127031e-5,0.11111035572563145,-0.11111004605502463
27916,3.90625,-0.1111104211068518,5.944798909405955e-12,2.438195830815473e-6,5.1877086605394885e-5,0.1111104211068518,-0.11111004892962034
27917,1.5625,-0.11111047996333498,4.1580236258408225e-11,6.448273897595249e-6,5.1366426673408304e-5,0.11111047996333498,-0.11111005150029747
27918,0.625,-0.11111053683377975,1.2687454975472306e-10,1.1263860339809042e-5,5.027328661653541e-5,0.11111053683377975,-0.11111005392062688
27919,0.25,-0.11111059307582308,2.600503622612884e-10,1.612607708840834e-5,4.944570246088166e-5,0.11111059307582308,-0.11111005628281992
27920,0.1,-0.11111064914723816,4.405661783622249e-10,2.098966837189728e-5,4.891671375756989e-5,0.11111064914723816,-0.11111005862519822
27921,0.1,-0.11111070488397655,6.667176388318669e-10,2.5820876027584092e-5,4.858491405980397e-5,0.11111070488397655,-0.11111006090748196
27922,0.1,-0.11111076021570875,9.368782148864984e-10,3.060846639226635e-5,4.820948477838383e-5,0.11111076021570875,-0.11111006312143865
27923,0.1,-0.11111081507239207,1.2492713974166757e-9,3.534503356083674e-5,4.779076043406592e-5,0.11111081507239207,-0.11111006525915802
27924,0.1,-0.11111086938443916,1.6019781986356474e-9,4.002471984456165e-5,4.732915640755972e-5,0.11111086938443916,-0.11111006731308253
27925,0.25,-0.11111092144383052,1.981750842179719e-9,4.4516860201273397e-5,4.682834914131724e-5,0.11111092144383052,-0.11111006892360153
27926,0.625,-0.11111096713629953,2.3532982422136567e-9,4.851080541707854e-5,4.562929252762499e-5,0.11111096713629953,-0.11111006928635372
27927,1.5625,-0.1111109956509841,2.619393053557335e-9,5.1180006384889546e-5,4.2548563635022444e-5,0.1111109956509841,-0.11111006636325035
27928,3.90625,-0.111110981059562,2.543326362824633e-9,5.0431402546673565e-5,3.4630022135630946e-5,0.111110981059562,-0.11111005625977402
27929,9.765625,-0.11111087538731321,1.7304724441551675e-9,4.1598947632784746e-5,1.5933997310821337e-5,0.11111087538731321,-0.11111003823755608
27930,24.4140625,-0.11111065651093027,3.2822680259507483e-10,1.8117030733403164e-5,2.7203820942503217e-5,0.11111065651093027,-0.11111003652561612
27931,9.765625,-0.11111056961621524,6.256986645740703e-11,7.910111658972144e-6,6.98146610399676e-5,0.11111056961621524,-0.11111004327260024
27932,3.90625,-0.11111048782598269,1.1986948291796321e-11,3.462217250808551e-6,7.65596450003053e-5,0.11111048782598269,-0.11111004954742809
27933,1.5625,-0.11111041080277011,8.714930002518229e-11,9.335378943844876e-6,7.58840711404059e-5,0.11111041080277011,-0.11111005516673948
27934,0.625,-0.11111033563970117,2.709688450583554e-10,1.646113134199334e-5,7.430369348585218e-5,0.11111033563970117,-0.1111100604585592
27935,0.25,-0.11111026124834117,5.595508961613001e-10,2.3654828178646746e-5,7.30980677482174e-5,0.11111026124834117,-0.1111100656232651
27936,0.1,-0.1111101872355499,9.517266027148495e-10,3.08500664944964e-5,7.232656012483655e-5,0.1111101872355499,-0.11111007074477168
27937,0.1,-0.11111011360514104,1.443839811540786e-9,3.7997892198657364e-5,7.184343096722092e-5,0.11111011360514104,-0.11111007573624984
27938,0.1,-0.11111004040474876,2.0323854681917353e-9,4.508198607195268e-5,7.129526481661489e-5,0.11111004040474876,-0.11111008057957751
27939,0.1,-0.11110996768155305,2.7135290716053603e-9,5.2091545106719196e-5,7.068258453848607e-5,0.11110996768155305,-0.11111008525733382
27940,0.1,-0.11110989548228245,3.4831230060465877e-9,5.9017988834308714e-5,7.000602347874843e-5,0.11110989548228245,-0.11111008975286983
27941,0.25,-0.11110982480810483,4.312502167951933e-9,6.566964418932033e-5,6.927088022840292e-5,0.11110982480810483,-0.11111009328304838
27942,0.625,-0.11110975820512119,5.125198878681719e-9,7.159049433187145e-5,6.750386562829731e-5,0.11110975820512119,-0.11111009409356049
27943,1.5625,-0.11110970280090163,5.710317714112884e-9,7.556664418983341e-5,6.295399137550903e-5,0.11110970280090163,-0.11111008773337117
27944,3.90625,-0.11110967836274106,5.553483988151858e-9,7.452170145770866e-5,5.123227500083265e-5,0.11110967836274106,-0.1111100656663372
27945,9.765625,-0.11110973855033597,3.792608351695612e-9,6.1584156661398e-5,2.3272695133249804e-5,0.11110973855033597,-0.11111002610781394
27946,24.4140625,-0.11111001317673794,7.290580993709226e-10,2.700107589284032e-5,3.9405450144059315e-5,0.11111001317673794,-0.11111002186683058
27947,9.765625,-0.11111020293411626,1.4017937825928836e-10,1.1839737254655965e-5,0.00010316603086189643,0.11111020293411626,-0.11111003661353445
27948,3.90625,-0.11111035431102047,2.3786818851157045e-11,4.877173243914659e-6,0.00011338146331421135,0.11111035431102047,-0.11111005040280653
27949,1.5625,-0.11111049433363598,1.838015948712557e-10,1.3557344683648627e-5,0.00011247949467417222,0.11111049433363598,-0.11111006276722196
27950,0.625,-0.11111063073888928,5.826000281495442e-10,2.4137108943482527e-5,0.00011018406619253752,0.11111063073888928,-0.11111007441387172
27951,0.25,-0.11111076609166015,1.211622220877942e-9,3.4808364237320057e-5,0.00010842159532543668,0.11111076609166015,-0.11111008578101012
27952,0.1,-0.1111109012946412,2.0683405374642194e-9,4.547901205461943e-5,0.00010729300812698695,0.1111109012946412,-0.1111100970534068
27953,0.1,-0.11111103613592094,3.144872566427089e-9,5.607916338915096e-5,0.00010658769601957726,0.11111103613592094,-0.11111010804281676
27954,0.1,-0.1111111704702578,4.433629707610241e-9,6.658550673840547e-5,0.00010578568993168479,0.1111111704702578,-0.11111011870926236
27955,0.1,-0.11111130415045589,5.926296365149757e-9,7.698244192768736e-5,0.00010488774261040261,0.11111130415045589,-0.11111012901428916
27956,0.1,-0.1111114370277419,7.613865220118857e-9,8.725746512544847e-5,0.00010389476904715402,0.1111114370277419,-0.11111013892111675
27957,0.25,-0.11111156593816776,9.433950777582194e-9,9.71285271049767e-5,0.00010281436862037729,0.11111156593816776,-0.11111014671545072
27958,0.625,-0.11111168305360163,1.1219887358844609e-8,0.00010592396970867646,0.00010020701685655459,0.11111168305360163,-0.11111014855195137
27959,1.5625,-0.11111176733139122,1.2511547361859778e-8,0.00011185502832622134,9.347948333389799e-5,0.11111176733139122,-0.11111013466286891
27960,3.90625,-0.11111176612427345,1.218497408623732e-8,0.00011038557009970697,7.611930375131155e-5,0.11111176612427345,-0.11111008625796437
27961,9.765625,-0.11111157016250495,8.348428714747867e-9,9.136973631760063e-5,3.4481015963917e-5,0.11111157016250495,-0.11110999909261716
27962,24.4140625,-0.1111111434296212,1.354335437662063e-10,1.1637591837068625e-5,5.623390393392819e-5,0.1111111434296212,-0.1111100524157838
27963,9.765625,-0.11111006387593748,1.4297035172208352e-10,1.1957021022064129e-5,3.128812001200575e-5,0.11111006387593748,-0.11111005147633189
27964,3.90625,-0.11110965271239018,1.6305713376535902e-10,1.2769382669704868e-5,2.068738223341046e-5,0.11110965271239018,-0.11111005110904693
27965,1.5625,-0.11110932203684205,1.8805604797095067e-10,1.3713352907693678e-5,1.618663577550165e-5,0.11110932203684205,-0.11111005102608236
27966,3.90625,-0.11110923952518933,1.8658386140127595e-10,1.3659570322717913e-5,1.4195764414229822e-5,0.11110923952518933,-0.11111005037288131
27967,9.765625,-0.11110974373991783,1.2330240445148662e-10,1.1104161582554832e-5,9.869650048408261e-6,0.11110974373991783,-0.11111004910648828
27968,24.4140625,-0.11111067265987705,2.2191749868532714e-11,4.710812017957489e-6,9.453169733873652e-6,0.11111067265987705,-0.11111004899609012
27969,9.765625,-0.11111022423958694,4.528214484756185e-12,2.1279601699177043e-6,1.898234548939323e-5,0.11111022423958694,-0.11111004948828312
27970,3.90625,-0.1111100643580873,2.259716922033899e-12,1.5032354845578583e-6,2.0281004217597078e-5,0.1111100643580873,-0.11111004992027668
27971,1.5625,-0.11110993905140908,8.28960878147249e-12,2.8791680710706157e-6,1.9907688212679768e-5,0.11110993905140908,-0.11111005030396605
27972,0.625,-0.11110982255350073,2.1446149657377242e-11,4.630998775359074e-6,1.939376349815378e-5,0.11110982255350073,-0.11111005066396758
27973,0.25,-0.11110970869813579,4.143834744170698e-11,6.437262418272769e-6,1.901298274845375e-5,0.11110970869813579,-0.11111005101393527
27974,0.1,-0.11110959565954347,6.815128115970534e-11,8.255378922842085e-6,1.876043591994147e-5,0.11110959565954347,-0.11111005135944453
27975,0.1,-0.11110948616322758,1.0126149919957199e-10,1.0062877282346834e-5,1.8591471201451706e-5,0.11110948616322758,-0.11111005169441682
27976,0.1,-0.11110938056675834,1.4048250118382466e-10,1.1852531425135505e-5,1.8411868532412284e-5,0.11110938056675834,-0.11111005201796155
27977,0.1,-0.11110927921201398,1.8551144147571773e-10,1.362025849518715e-5,1.8221094408759172e-5,0.11110927921201398,-0.11111005232920783
27978,0.1,-0.1111091824241602,2.360299574702027e-10,1.536326649740226e-5,1.801875948154925e-5,0.1111091824241602,-0.11111005262731291
27979,0.25,-0.11110910307822207,2.898893165769752e-10,1.702613627858579e-5,1.7806578529318044e-5,0.11110910307822207,-0.11111005286013774
27980,0.625,-0.11110906983514485,3.415070153249996e-10,1.847990842306854e-5,1.7339845765396287e-5,0.11110906983514485,-0.11111005291263146
27981,1.5625,-0.11110915307718511,3.7591649322971983e-10,1.9388566043669136e-5,1.6191017463140686e-5,0.11110915307718511,-0.11111005249801303
27982,3.90625,-0.11110949905451038,3.585670396211022e-10,1.8935866487201008e-5,1.3349950656748867e-5,0.11110949905451038,-0.1111100510897069
27983,9.765625,-0.11111025608731984,2.3860453919041553e-10,1.54468294219369e-5,7.4415002017678345e-6,0.11111025608731984,-0.1111100486499986
27984,24.4140625,-0.11111079631014661,4.5612545525895804e-11,6.753706058594482e-6,1.1537373916920377e-5,0.11111079631014661,-0.11111004846467604
27985,9.765625,-0.11111051353618619,8.942928573553276e-12,2.990472968203069e-6,2.6254900273617512e-5,0.11111051353618619,-0.11111004940925484
27986,3.90625,-0.11111040570972522,2.38985580775914e-12,1.5459158475671113e-6,2.8628876663963432e-5,0.11111040570972522,-0.11111005028270662
27987,1.5625,-0.11111032170077832,1.3072159205652725e-11,3.6155441092113264e-6,2.832290177806997e-5,0.11111032170077832,-0.11111005106465666
27988,0.625,-0.11111024417616257,3.859650804946068e-11,6.21260879578464e-6,2.7705397692674538e-5,0.11111024417616257,-0.11111005180075076
27989,0.25,-0.11111016873794703,7.839713552392115e-11,8.854215692195506e-6,2.723538976322723e-5,0.11111016873794703,-0.11111005251847349
27990,0.1,-0.11111009401028905,1.322847045970596e-10,1.1501508796547504e-5,2.6929819287713747e-5,0.11111009401028905,-0.11111005322929357
27991,0.1,-0.11111002069930402,1.997213850161646e-10,1.4132281663488194e-5,2.6733157028845662e-5,0.11111002069930402,-0.11111005392120944
27992,0.1,-0.11110994900388273,2.8019719636763927e-10,1.6739091862094527e-5,2.6514573749867936e-5,0.11110994900388273,-0.11111005459189224
27993,0.1,-0.11110987911681618,3.73160130994538e-10,1.931735310529209e-5,2.6274055545624262e-5,0.11110987911681618,-0.11111005523909892
27994,0.1,-0.11110981122422843,4.780181414054946e-10,2.1863625989425783e-5,2.6011667092489313e-5,0.11110981122422843,-0.11111005586068246
27995,0.25,-0.11110975081392331,5.907721641261103e-10,2.4305805152804758e-5,2.5729455176857967e-5,0.11110975081392331,-0.1111100563496012
27996,0.625,-0.1111097106413818,7.00809952788393e-10,2.647281535440447e-5,2.5071772350905922e-5,0.1111097106413818,-0.11111005646682205
27997,1.5625,-0.11110972286553124,7.789922687870384e-10,2.7910432973836833e-5,2.340349936045238e-5,0.11110972286553124,-0.11111005560784305
27998,3.90625,-0.1111098572816376,7.547984690035531e-10,2.7473595851354317e-5,1.9159362555818484e-5,0.1111098572816376,-0.11111005262295807
27999,9.765625,-0.11111019913414273,5.122777159716807e-10,2.263355287999833e-5,9.5148986145651e-6,0.11111019913414273,-0.11111004731112108
28000,24.4140625,-0.11111052153847077,9.750370443384559e-11,9.874396408583443e-6,1.5534991579642608e-5,0.11111052153847077,-0.11111004682909739
28001,9.765625,-0.11111043261332826,1.8698196408889287e-11,4.324141118059087e-6,3.8266557592987376e-5,0.11111043261332826,-0.11111004884743234
28002,3.90625,-0.1111104196666328,3.803304173571996e-12,1.9502061874509566e-6,4.190046044821382e-5,0.1111104196666328,-0.1111100507246529
28003,1.5625,-0.11111041498081976,2.620384531500776e-11,5.118969165272219e-6,4.1523576337030186e-5,0.11111041498081976,-0.11111005240718398
28004,0.625,-0.11111041233504014,8.082180336911394e-11,8.990094736381477e-6,4.0660370608903437e-5,0.11111041233504014,-0.11111005399238601
28005,0.25,-0.11111041033079587,1.6649369027232446e-10,1.2903243401266383e-5,4.000229200019038e-5,0.11111041033079587,-0.11111005553967007
28006,0.1,-0.1111104085611251,2.828653202372193e-10,1.681860042444731e-5,3.9580537235282354e-5,0.1111104085611251,-0.11111005707391275
28007,0.1,-0.11111040737256683,4.288459213677744e-10,2.070859534994526e-5,3.931568144982623e-5,0.11111040737256683,-0.11111005856932592
28008,0.1,-0.11111040682489948,6.033908483754456e-10,2.456401531459068e-5,3.9015985085120495e-5,0.11111040682489948,-0.11111006002057769
28009,0.1,-0.11111040697434764,8.053588366362821e-10,2.837884487847034e-5,3.868167872107555e-5,0.11111040697434764,-0.11111006142253822
28010,0.1,-0.11111040787339392,1.0335167101276273e-9,3.2148354703275674e-5,3.8313063996203855e-5,0.11111040787339392,-0.11111006277030235
28011,0.25,-0.11111041149122519,1.279365512908482e-9,3.5768219314196815e-5,3.7912982558520256e-5,0.11111041149122519,-0.11111006383159816
28012,0.625,-0.11111042222927237,1.5202425275232227e-9,3.899028760503342e-5,3.695442252645721e-5,0.11111042222927237,-0.11111006408622871
28013,1.5625,-0.11111045074286585,1.6936607611052767e-9,4.115410989324489e-5,3.4490727078911174e-5,0.11111045074286585,-0.11111006221437326
28014,3.90625,-0.11111051788702532,1.6472578493980314e-9,4.058642444707382e-5,2.8159676019745092e-5,0.11111051788702532,-0.11111005568427104
28015,9.765625,-0.11111063484754179,1.1257349514757023e-9,3.3551973883449875e-5,1.3272273931971368e-5,0.11111063484754179,-0.11111004395919527
28016,24.4140625,-0.11111064302999119,2.1762291452040903e-10,1.4752047807691278e-5,2.185727352001706e-5,0.11111064302999119,-0.11111004268036578
28017,9.765625,-0.11111051201481296,4.222834554266079e-11,6.4983340590231885e-6,5.639841348824868e-5,0.11111051201481296,-0.11111004707572757
28018,3.90625,-0.11111043119727881,7.205843083407734e-12,2.684370146497635e-6,6.19821496634307e-5,0.11111043119727881,-0.11111005119554306
28019,1.5625,-0.11111035986787376,5.43556303247495e-11,7.372627097904077e-6,6.150765557640423e-5,0.11111035986787376,-0.11111005489411876
28020,0.625,-0.11111029146807819,1.725033454475873e-10,1.3134052894959244e-5,6.026834339020325e-5,0.11111029146807819,-0.11111005837997301
28021,0.25,-0.11111022411643347,3.591118539508882e-10,1.895024680448485e-5,5.931572179288163e-5,0.11111022411643347,-0.11111006178303363
28022,0.1,-0.11111015719354028,6.134397990797225e-10,2.4767716872568663e-5,5.870645740451579e-5,0.11111015719354028,-0.1111100651582046
28023,0.1,-0.111110090939407,9.331642352290946e-10,3.054773699030903e-5,5.832677305535664e-5,0.111110090939407,-0.11111006844968378
28024,0.1,-0.11111002544046285,1.316046566457535e-9,3.62773561117336e-5,5.7894567033177734e-5,0.11111002544046285,-0.11111007164557377
28025,0.1,-0.1111099607811003,1.759631822431763e-9,4.194796565307742e-5,5.74102199977156e-5,0.1111099607811003,-0.11111007473442323
28026,0.1,-0.11110989704351514,2.2612589766177103e-9,4.7552696838535986e-5,5.6874206524859576e-5,0.11110989704351514,-0.11111007770527107
28027,0.25,-0.11110983649080972,2.8024474204435525e-9,5.2938147119478526e-5,5.6290497636048097e-5,0.11110983649080972,-0.11111008004875782
28028,0.625,-0.11110978449473569,3.333790274301999e-9,5.773898400822445e-5,5.487703892892424e-5,0.11110978449473569,-0.11111008062180036
28029,1.5625,-0.11110975502639922,3.7188291013491905e-9,6.0982203152634546e-5,5.122526322568758e-5,0.11110975502639922,-0.1111100765193559
28030,3.90625,-0.11110978113104637,3.6240555467750116e-9,6.020012912589982e-5,4.1804264326092855e-5,0.11110978113104637,-0.11111006214504515
28031,9.765625,-0.11110992218512145,2.4872195199697102e-9,4.9872031440174065e-5,1.9345104763715005e-5,0.11110992218512145,-0.11111003618743691
28032,24.4140625,-0.11111019677567444,4.884616266953055e-10,2.2101167993916193e-5,3.1584884772313155e-5,0.11111019677567444,-0.11111003297716762
28033,9.765625,-0.11111029921593935,9.63389207957592e-11,9.815239212355407e-6,8.357230641821166e-5,0.11111029921593935,-0.11111004263238854
28034,3.90625,-0.11111039751889192,1.4861864499901786e-11,3.855108883015081e-6,9.20847944102626e-5,0.11111039751889192,-0.11111005174284043
28035,1.5625,-0.11111049045271229,1.1535087004870713e-10,1.0740152235825483e-5,9.147254632890607e-5,0.11111049045271229,-0.11111005993497282
28036,0.625,-0.11111058150164557,3.7302488052963614e-10,1.9313852037582666e-5,8.967360737444256e-5,0.11111058150164557,-0.11111006765880847
28037,0.25,-0.11111067200716927,7.822735064237901e-10,2.796915276556997e-5,8.828018709393215e-5,0.11111067200716927,-0.11111007519986803
28038,0.1,-0.11111076246417563,1.3414904807656528e-9,3.66263631932745e-5,8.738857992656412e-5,0.11111076246417563,-0.11111008267971983
28039,0.1,-0.11111085281242006,2.0456449005575097e-9,4.522880609255024e-5,8.683451414529752e-5,0.11111085281242006,-0.11111008997657536
28040,0.1,-0.11111094297038789,2.889865866934067e-9,5.375747266133395e-5,8.620177742607245e-5,0.11111094297038789,-0.11111009706393184
28041,0.1,-0.11111103285434916,3.868800497787368e-9,6.219968245728725e-5,8.549096103980596e-5,0.11111103285434916,-0.11111010391626627
28042,0.1,-0.11111112237854726,4.976636579319812e-9,7.054528034758819e-5,8.47027872101911e-5,0.11111112237854726,-0.11111011050913619
28043,0.25,-0.11111120991983474,6.1728959846747256e-9,7.856777955800155e-5,8.384298084066687e-5,0.11111120991983474,-0.11111011571974004
28044,0.625,-0.11111129134543972,7.349188709591774e-9,8.572740932509143e-5,8.175054657982684e-5,0.11111129134543972,-0.11111011702460967
28045,1.5625,-0.11111135522412943,8.205807003066357e-9,9.058590951724422e-5,7.633100958461103e-5,0.11111135522412943,-0.11111010800234523
28046,3.90625,-0.11111137128741777,8.008972793585263e-9,8.949286448418814e-5,6.23208504091632e-5,0.11111137128741777,-0.11111007624084353
28047,9.765625,-0.11111126725921373,5.515644814246036e-9,7.426738728571267e-5,2.8678264540572274e-5,0.11111126725921373,-0.11111001860761532
28048,24.4140625,-0.11111079612520791,8.639769962830618e-11,9.295036289778872e-6,4.5125905044741305e-5,0.11111079612520791,-0.11111005340657364
28049,9.765625,-0.11111018530141063,9.209947248443278e-11,9.596847007451603e-6,2.4892675776228523e-5,0.11111018530141063,-0.11111005277825405
28050,3.90625,-0.11110996242200602,1.0444989496100335e-10,1.022007313873063e-5,1.645802346349494e-5,0.11110996242200602,-0.11111005254103723
28051,1.5625,-0.11110978346961646,1.1970932187480428e-10,1.0941175525271691e-5,1.2964625889896392e-5,0.11110978346961646,-0.11111005249045654
28052,3.90625,-0.11110974581628785,1.1865794374696926e-10,1.0893022709375449e-5,1.1451239483155585e-5,0.11110974581628785,-0.11111005208127187
28053,9.765625,-0.11111003730676726,7.957352672016041e-11,8.92039947088472e-6,8.237111271897886e-6,0.11111003730676726,-0.11111005127534447
28054,24.4140625,-0.11111054728226806,1.4605221641827024e-11,3.8216778568878645e-6,8.03410668549484e-6,0.11111054728226806,-0.11111005120266415
28055,9.765625,-0.11111030324778852,3.1320310179890337e-12,1.769754507831251e-6,1.5439028977192217e-5,0.11111030324778852,-0.11111005152225767
28056,3.90625,-0.11111022353499744,1.3431962447267287e-12,1.1589634354571884e-6,1.6564840695313412e-5,0.11111022353499744,-0.1111100518114671
28057,1.5625,-0.11111016248417718,4.916586577835631e-12,2.2173377229992797e-6,1.6319308510331645e-5,0.11111016248417718,-0.1111100520707607
28058,0.625,-0.11111010610614279,1.3090018185277595e-11,3.6180130161841036e-6,1.5936570754625915e-5,0.11111010610614279,-0.11111005231493823
28059,0.25,-0.11111005111465347,2.567288170600229e-11,5.066841393412891e-6,1.5647729349888882e-5,0.11111005111465347,-0.11111005255263309
28060,0.1,-0.11110999654747285,4.259170829499061e-11,6.526232320028962e-6,1.54552061836594e-5,0.11110999654747285,-0.11111005278744729
28061,0.1,-0.11110994393992939,6.365359973239442e-11,7.978320608523727e-6,1.5326379880353674e-5,0.11110994393992939,-0.11111005301560523
28062,0.1,-0.11110989348458149,8.868337875333633e-11,9.417185288255526e-6,1.5189045517591401e-5,0.11110989348458149,-0.11111005323651887
28063,0.1,-0.11110984536503671,1.174952172138952e-10,1.083952107862221e-5,1.504279642736649e-5,0.11110984536503671,-0.11111005344961176
28064,0.1,-0.11110979975538693,1.4989308711399062e-10,1.224308323560657e-5,1.4887336792684156e-5,0.11110979975538693,-0.11111005365432536
28065,0.25,-0.11110976373468621,1.845708425970016e-10,1.3585685208961732e-5,1.4723918554193898e-5,0.11110976373468621,-0.11111005381739288
28066,0.625,-0.11110975299910156,2.1810901986427485e-10,1.4768514477234156e-5,1.4362231430331619e-5,0.11110975299910156,-0.11111005386497799
28067,1.5625,-0.11110980592153892,2.412453623143564e-10,1.553207527390839e-5,1.346863245044162e-5,0.11110980592153892,-0.11111005361157944
28068,3.90625,-0.11111000130802916,2.321133442420543e-10,1.5235266464425698e-5,1.125383952031681e-5,0.11111000130802916,-0.11111005270954655
28069,9.765625,-0.11111041322734028,1.5658611269781794e-10,1.2513437285487067e-5,6.6617106914105e-6,0.11111041322734028,-0.11111005110887295
28070,24.4140625,-0.11111067144361057,3.0546285669383395e-11,5.5268694275677794e-6,9.545023926313609e-6,0.11111067144361057,-0.11111005096063566
28071,9.765625,-0.11111050158794392,6.369381251988407e-12,2.5237633114039054e-6,2.144150517867263e-5,0.11111050158794392,-0.11111005158312573
28072,3.90625,-0.11111043085284335,1.7589465455382408e-12,1.3262528211235747e-6,2.340794149691171e-5,0.11111043085284335,-0.1111100521663544
28073,1.5625,-0.11111037388994217,8.468899919717324e-12,2.9101374400047368e-6,2.3195232214466833e-5,0.11111037388994217,-0.11111005269148345
28074,0.625,-0.11111032072616886,2.4936781290038348e-11,4.99367412733734e-6,2.271752257735926e-5,0.11111032072616886,-0.1111100531871107
28075,0.25,-0.11111026879382727,5.0796305156491135e-11,7.127152668246354e-6,2.235132642314866e-5,0.11111026879382727,-0.11111005367094735
28076,0.1,-0.11111021728347405,8.592950126097905e-11,9.269816678930552e-6,2.211391093365e-5,0.11111021728347405,-0.11111005415045744
28077,0.1,-0.11111016659259426,1.29996232331443e-10,1.1401589026598135e-5,2.1962308287011043e-5,0.11111016659259426,-0.11111005461783531
28078,0.1,-0.11111011683803167,1.8267208068124836e-10,1.3515623577225297e-5,2.1792795934228076e-5,0.11111011683803167,-0.11111005507152237
28079,0.1,-0.11111006813325462,2.436045140270302e-10,1.5607835020496282e-5,2.1605394959350738e-5,0.11111006813325462,-0.1111100555100164
28080,0.1,-0.11111002058805174,3.1241417287844246e-10,1.767524180537405e-5,2.140018544326968e-5,0.11111002058805174,-0.11111005593187824
28081,0.25,-0.1111099773872542,3.8651827433233113e-10,1.9660068014438077e-5,2.117870669730545e-5,0.1111099773872542,-0.11111005626699691
28082,0.625,-0.11110994595847558,4.590422666714961e-10,2.1425271682559736e-5,2.065687799099728e-5,0.11110994595847558,-0.11111005635847629
28083,1.5625,-0.11110994510509731,5.110612950041292e-10,2.260666483593122e-5,1.9327238418998435e-5,0.11110994510509731,-0.11111005580859762
28084,3.90625,-0.1111100160894534,4.965672633242435e-10,2.228378924968201e-5,1.594406765451338e-5,0.1111100160894534,-0.11111005385612491
28085,9.765625,-0.11111021243108005,3.3901512642131915e-10,1.8412363412156494e-5,8.347869939604733e-6,0.11111021243108005,-0.1111100503444948
28086,24.4140625,-0.11111042151419741,6.590945038899467e-11,8.118463548541355e-6,1.2766750524946991e-5,0.11111042151419741,-0.1111100499719928
28087,9.765625,-0.11111039578034887,1.3086964003857415e-11,3.617590911623012e-6,3.123503791306443e-5,0.11111039578034887,-0.11111005130954986
28088,3.90625,-0.11111040828501019,2.577654515634928e-12,1.6055075570158267e-6,3.426625295059318e-5,0.11111040828501019,-0.11111005256574336
28089,1.5625,-0.11111042388637962,1.681991999777582e-11,4.101209577402235e-6,3.400407222887768e-5,0.11111042388637962,-0.11111005369580794
28090,0.625,-0.11111044011605561,5.24472804835684e-11,7.242049467075491e-6,3.33271567886649e-5,0.11111044011605561,-0.1111100547621099
28091,0.25,-0.1111104565275132,1.0869454992798636e-10,1.0425667840862108e-5,3.2807365230310127e-5,0.1111104565275132,-0.1111100558035923
28092,0.1,-0.11111047301061776,1.8533756965695627e-10,1.3613874160464253e-5,3.2475048697271215e-5,0.11111047301061776,-0.11111005683671274
28093,0.1,-0.11111048974808425,2.8167610737327436e-10,1.6783209090435428e-5,3.2267999945992044e-5,0.11111048974808425,-0.11111005784459436
28094,0.1,-0.11111050675737162,3.970358282554573e-10,1.992575790918522e-5,3.203248734045502e-5,0.11111050675737162,-0.11111005882366198
28095,0.1,-0.11111052405395742,5.306775183614303e-10,2.3036438925351076e-5,3.17687069998298e-5,0.11111052405395742,-0.11111005977047383
28096,0.1,-0.11111054165125285,6.818001457740508e-10,2.6111303027119325e-5,3.1476910998489286e-5,0.11111054165125285,-0.11111006068173357
28097,0.25,-0.1111105603124727,8.448401188361244e-10,2.906613353778112e-5,3.1159242530971744e-5,0.1111105603124727,-0.11111006140390907
28098,0.625,-0.11111058165402253,1.0049239795851574e-9,3.1700535951071194e-5,3.0390174885210448e-5,0.11111058165402253,-0.11111006159250096
28099,1.5625,-0.1111106093348518,1.1209723577139578e-9,3.3480925281628014e-5,2.840476352651167e-5,0.1111106093348518,-0.11111006037192007
28100,3.90625,-0.11111064906839821,1.0925793672791296e-9,3.305418834700271e-5,2.3297363316374297e-5,0.11111064906839821,-0.1111100560546137
28101,9.765625,-0.11111069352270654,7.503997734325926e-10,2.739342573378862e-5,1.135470150445655e-5,0.11111069352270654,-0.11111004823936654
28102,24.4140625,-0.11111063325620674,1.481772730919482e-10,1.2172808759359863e-5,1.7801325573923908e-5,0.11111063325620674,-0.11111004726167258
28103,9.765625,-0.11111052796949777,2.962493118820292e-11,5.442878943004604e-6,4.6095743689010756e-5,0.11111052796949777,-0.11111005018744537
28104,3.90625,-0.11111045569016398,4.777510333756437e-12,2.185751663331504e-6,5.077781070254852e-5,0.11111045569016398,-0.1111100529555404
28105,1.5625,-0.11111039055078782,3.4855691772319064e-11,5.903870914266255e-6,5.045617711130434e-5,0.11111039055078782,-0.11111005544852111
28106,0.625,-0.1111103276920551,1.123900984134666e-10,1.0601419641419096e-5,4.947974262084956e-5,0.1111103276920551,-0.11111005780090843
28107,0.25,-0.111110265653919,2.3569563449380736e-10,1.5352382046243096e-5,4.8722926428535705e-5,0.111110265653919,-0.11111006009854245
28108,0.1,-0.11111020394611537,4.042968288334425e-10,2.0107133779667417e-5,4.823971573778345e-5,0.11111020394611537,-0.1111100623780475
28109,0.1,-0.11111014272052218,6.166891232870221e-10,2.4833226195704458e-5,4.794074337365348e-5,0.11111014272052218,-0.11111006460271486
28110,0.1,-0.11111008204477146,8.714146999528049e-10,2.951973407659366e-5,4.7598698602418746e-5,0.11111008204477146,-0.11111006676452614
28111,0.1,-0.1111100219852718,1.166869848423529e-9,3.415947670008323e-5,4.721389732558102e-5,0.1111100219852718,-0.111110068855755
28112,0.1,-0.11110996260710193,1.5013117257982667e-9,3.874676406873568e-5,4.678672999945353e-5,0.11110996260710193,-0.1111100708689977
28113,0.25,-0.1111099055995453,1.8625552079010091e-9,4.315733087090777e-5,4.632021706052574e-5,0.1111099055995453,-0.11111007246539728
28114,0.625,-0.11110985502109007,2.217947480924838e-9,4.709508977510116e-5,4.517958570608809e-5,0.11110985502109007,-0.11111007288307427
28115,1.5625,-0.11110982156217854,2.477165682988736e-9,4.9771133028983135e-5,4.222029799622203e-5,0.11110982156217854,-0.11111007018250343
28116,3.90625,-0.11110983124944514,2.418980499234693e-9,4.9183132263355216e-5,3.457435461149892e-5,0.11110983124944514,-0.11111006061045077
28117,9.765625,-0.1111099353561195,1.6681994924109154e-9,4.084359793665239e-5,1.6381889015353346e-5,0.1111099353561195,-0.11111004319386798
28118,24.4140625,-0.11111017746377386,3.3451847647113796e-10,1.8289846267017607e-5,2.5631897500313027e-5,0.11111017746377386,-0.11111004075453737
28119,9.765625,-0.11111028670005134,6.80024156555264e-11,8.246357720565267e-6,6.84260982988738e-5,0.11111028670005134,-0.11111004720670578
28120,3.90625,-0.11111038441686301,1.0068277300906504e-11,3.1730548846350744e-6,7.558007641884219e-5,0.11111038441686301,-0.11111005335121593
28121,1.5625,-0.11111047605217315,7.444385324710705e-11,8.628085143709875e-6,7.517243774988577e-5,0.11111047605217315,-0.11111005889261688
28122,0.625,-0.11111056560090243,2.444590966831566e-10,1.56351877725583e-5,7.374793645869735e-5,0.11111056560090243,-0.11111006412255864
28123,0.25,-0.11111065449976289,5.163569739173952e-10,2.2723489474933098e-5,7.263458709069095e-5,0.11111065449976289,-0.11111006923067239
28124,0.1,-0.11111074326659577,8.890929093209809e-10,2.9817661030352146e-5,7.192264037809915e-5,0.11111074326659577,-0.11111007429848085
28125,0.1,-0.11111083182601195,1.359381186420342e-9,3.6869786905003156e-5,7.148267054655158e-5,0.11111083182601195,-0.11111007924542812
28126,0.1,-0.11111092009765396,1.9240240034884905e-9,4.3863698014286145e-5,7.09780228316275e-5,0.11111092009765396,-0.11111008405357851
28127,0.1,-0.11111100799984445,2.5794974630167565e-9,5.078875331229106e-5,7.040918390031943e-5,0.11111100799984445,-0.11111008870564451
28128,0.1,-0.11111109544974578,3.321966510928026e-9,5.763650328505387e-5,6.977674499305874e-5,0.11111109544974578,-0.11111009318505298
28129,0.25,-0.11111118077511214,4.124582401568559e-9,6.422291181166234e-5,6.908510707567192e-5,0.11111118077511214,-0.111110096740895
28130,0.625,-0.11111125977000683,4.91529942411379e-9,7.01091964303813e-5,6.738840505786903e-5,0.11111125977000683,-0.1111100976825016
28131,1.5625,-0.11111132090911138,5.494626966688503e-9,7.41257510362526e-5,6.297822669248476e-5,0.11111132090911138,-0.11111009170083475
28132,3.90625,-0.11111133408103187,5.373169157539663e-9,7.330190418767893e-5,5.156016312591113e-5,0.11111133408103187,-0.11111007043162602
28133,9.765625,-0.11111122911132174,3.7172420302268973e-9,6.096918918787503e-5,2.4144111505084037e-5,0.11111122911132174,-0.11111003156845933
28134,24.4140625,-0.11111088824600618,7.539288483656119e-10,2.7457764810078985e-5,3.7429988298932984e-5,0.11111088824600618,-0.11111002570412165
28135,9.765625,-0.11111069081156798,1.546775745571093e-10,1.2436943939614318e-5,0.00010191238244112212,0.11111069081156798,-0.11111004002512617
28136,3.90625,-0.11111052763653805,2.0796385243946612e-11,4.5603053893293825e-6,0.00011278361988997097,0.11111052763653805,-0.11111005373057234
28137,1.5625,-0.11111037646068024,1.598679999648746e-10,1.2643891804538451e-5,0.0001122558681686756,0.11111037646068024,-0.1111100661039426
28138,0.625,-0.11111022958251801,5.345833489305362e-10,2.3121058559904567e-5,0.00011016380891247958,0.11111022958251801,-0.1111100777833867
28139,0.25,-0.11111008442888065,1.1365118983311553e-9,3.3712192131796406e-5,0.00010851707472549209,0.11111008442888065,-0.11111008918993404
28140,0.1,-0.11110994010481405,1.963313204891009e-9,4.4309290277446433e-5,0.00010746170521860828,0.11110994010481405,-0.11111010050569976
28141,0.1,-0.11110979674197097,3.00774556168893e-9,5.4842917151524046e-5,0.00010680911038396775,0.11110979674197097,-0.11111011155325187
28142,0.1,-0.11110965445090087,4.262736890192911e-9,6.528963845965844e-5,0.00010605992444583002,0.11110965445090087,-0.11111012229254862
28143,0.1,-0.11110951333986913,5.720489819236383e-9,7.563391976644066e-5,0.00010521485909772591,0.11110951333986913,-0.11111013268497974
28144,0.1,-0.1111093735148166,7.3725145754310194e-9,8.586334826589876e-5,0.00010427478010232917,0.1111093735148166,-0.11111014269351834
28145,0.25,-0.11110923757374044,9.159452974585539e-9,9.570503108293492e-5,0.00010324613851995968,0.11110923757374044,-0.11111015064980666
28146,0.625,-0.11110911190618893,1.0921890195698057e-8,0.00010450784753164738,0.00010071972837031698,0.11110911190618893,-0.11111015279340686
28147,1.5625,-0.11110901385207711,1.2218100426556415e-8,0.00011053551658429255,9.414753376156382e-5,0.11110901385207711,-0.11111013953032275
28148,3.90625,-0.11110898879306165,1.1963027175866157e-8,0.00010937562423074968,7.711338571021235e-5,0.11110898879306165,-0.11111009218610794
28149,9.765625,-0.11110914613527614,8.301086965593545e-9,9.111030109484627e-5,3.601446265920454e-5,0.11110914613527614,-0.11111000532487507
28150,24.4140625,-0.1111098421544804,1.2660985927996038e-10,1.1252104660016293e-5,5.3924295255387163e-5,0.1111098421544804,-0.11111005644296747
28151,9.765625,-0.11111079123591873,1.3354702914913426e-10,1.155625497940982e-5,3.025561042706672e-5,0.11111079123591873,-0.11111005558333326
28152,3.90625,-0.11111114309631856,1.5239103875919714e-10,1.2344676535219428e-5,2.0080461920331582e-5,0.11111114309631856,-0.11111005524390091
28153,1.5625,-0.11111142585115573,1.7597220040740082e-10,1.3265451383477338e-5,1.5753551478847156e-5,0.11111142585115573,-0.11111005516905456
28154,3.90625,-0.11111148922321101,1.7500039286192487e-10,1.322877140409966e-5,1.3839695755006713e-5,0.11111148922321101,-0.11111005455822939
28155,9.765625,-0.11111103951979227,1.164776380361352e-10,1.0792480624774603e-5,9.661273306211597e-6,0.11111103951979227,-0.11111005336097611
28156,24.4140625,-0.11111024330805187,2.1592156323175724e-11,4.6467360935581145e-6,9.162627565622003e-6,0.11111024330805187,-0.11111005322969207
28157,9.765625,-0.11111063737741968,4.5032126903147204e-12,2.122077446822976e-6,1.853690391199255e-5,0.11111063737741968,-0.11111005369708638
28158,3.90625,-0.11111077236404379,1.972240708722346e-12,1.4043648773457508e-6,1.989152861419705e-5,0.11111077236404379,-0.11111005411398325
28159,1.5625,-0.11111087715708617,7.362924068936509e-12,2.713470852789193e-6,1.9577670032960358e-5,0.11111087715708617,-0.11111005448630817
28160,0.625,-0.11111097433904088,1.9564705923353927e-11,4.4232008685288e-6,1.9104765239100973e-5,0.11111097433904088,-0.1111100548364276
28161,0.25,-0.11111106926041638,3.830516776874375e-11,6.189116881166791e-6,1.8750877386420975e-5,0.11111106926041638,-0.11111005517717289
28162,0.1,-0.1111111634969859,6.348136945592914e-11,7.967519655195658e-6,1.8516731651756305e-5,0.1111111634969859,-0.11111005551386041
28163,0.1,-0.1111112546178759,9.480119818583494e-11,9.736590685955477e-6,1.8361312041626824e-5,0.1111112546178759,-0.11111005584083233
28164,0.1,-0.11111134231057991,1.3200361891134197e-10,1.1489282784897496e-5,1.8194890033164478e-5,0.11111134231057991,-0.11111005615719662
28165,0.1,-0.11111142627652693,1.7481135530410538e-10,1.3221624533471875e-5,1.8017014078032367e-5,0.11111142627652693,-0.11111005646208191
28166,0.1,-0.11111150623200157,2.2293168600380397e-10,1.4930897026093375e-5,1.78273609547551e-5,0.11111150623200157,-0.11111005675464505
28167,0.25,-0.11111157082307005,2.743756607295491e-10,1.656428871788792e-5,1.762745817122934e-5,0.11111157082307005,-0.11111005698543193
28168,0.625,-0.11111159481944928,3.239544156025522e-10,1.799873372219702e-5,1.7180991583613757e-5,0.11111159481944928,-0.11111005704486775
28169,1.5625,-0.11111151640252225,3.5770414591524223e-10,1.89130681253794e-5,1.6073346589957387e-5,0.11111151640252225,-0.11111005665853521
28170,3.90625,-0.11111120792919331,3.4314977705175764e-10,1.8524302336437872e-5,1.3319156219787107e-5,0.11111120792919331,-0.1111100553156252
28171,9.765625,-0.11111054525523355,2.313354653528445e-10,1.5209716149647386e-5,7.503955038378116e-6,0.11111054525523355,-0.11111005294399216
28172,24.4140625,-0.11111010554057209,4.622910966556787e-11,6.799199192961468e-6,1.1049899691219637e-5,0.11111010554057209,-0.11111005267395142
28173,9.765625,-0.11111036690593985,9.498901063523539e-12,3.082028725291758e-6,2.5856559308662513e-5,0.11111036690593985,-0.11111005358685286
28174,3.90625,-0.11111046908619013,2.095766734539313e-12,1.4476763224351337e-6,2.8360143338450843e-5,0.11111046908619013,-0.11111005444742156
28175,1.5625,-0.11111054958239887,1.1557795259534373e-11,3.3996757580002204e-6,2.8138876454174052e-5,0.11111054958239887,-0.11111005522237366
28176,0.625,-0.11111062419078953,3.554351639605037e-11,5.961838340315038e-6,2.757089511442219e-5,0.11111062419078953,-0.11111005595329154
28177,0.25,-0.1111106969310027,7.350542991921661e-11,8.573530773212202e-6,2.7130463602672794e-5,0.1111106969310027,-0.11111005666648241
28178,0.1,-0.11111076906245654,1.2527042525969964e-10,1.1192427138905111e-5,2.6844124222200322e-5,0.11111076906245654,-0.11111005737315414
28179,0.1,-0.11111083991144133,1.9034503035308686e-10,1.3796558641671728e-5,2.6661400991187965e-5,0.11111083991144133,-0.1111100580619928
28180,0.1,-0.11111090929234436,2.6825542738517514e-10,1.6378505041217138e-5,2.645659702162014e-5,0.11111090929234436,-0.1111100587306678
28181,0.1,-0.11111097702485566,3.5848567333809534e-10,1.89337178952813e-5,2.6229726132775418e-5,0.11111097702485566,-0.11111005937692989
28182,0.1,-0.1111110429345042,4.6047959488093516e-10,2.1458788290137335e-5,2.5980872949481393e-5,0.1111110429345042,-0.11111005999862222
28183,0.25,-0.11111110188831848,5.704462665965182e-10,2.3884016969440424e-5,2.571183637449038e-5,0.11111110188831848,-0.11111006049215964
28184,0.625,-0.11111114195532508,6.782774139235043e-10,2.604375959656179e-5,2.507513527421721e-5,0.11111114195532508,-0.11111006062523064
28185,1.5625,-0.11111113302672129,7.561220699732732e-10,2.749767390113704e-5,2.344796100203169e-5,0.11111113302672129,-0.11111005980797083
28186,3.90625,-0.11111100956067327,7.362140788859231e-10,2.7133265171849908e-5,1.9290011034688595e-5,0.11111100956067327,-0.11111005690620712
28187,9.765625,-0.11111069010825893,5.053996761354563e-10,2.248109597273799e-5,9.752287823954844e-6,0.11111069010825893,-0.11111005165410547
28188,24.4140625,-0.11111037781886586,1.0067960169722329e-10,1.0033922547898369e-5,1.4927778123234801e-5,0.11111037781886586,-0.11111005097958943
28189,9.765625,-0.11111044716372623,2.032860375986912e-11,4.508725292127379e-6,3.794327750855417e-5,0.11111044716372623,-0.11111005295764018
28190,3.90625,-0.11111044906393407,3.332153058987338e-12,1.8254185982911805e-6,4.179353858962371e-5,0.11111044906393407,-0.11111005483306008
28191,1.5625,-0.11111044432056218,2.3389107793319646e-11,4.836228674630641e-6,4.153379503664253e-5,0.11111044432056218,-0.11111005652341654
28192,0.625,-0.1111104380679218,7.543377365562795e-11,8.685261864539719e-6,4.073238249856105e-5,0.1111104380679218,-0.11111005811864716
28193,0.25,-0.11111043140760858,1.5831126495349722e-10,1.2582180453065248e-5,4.0108788353418234e-5,0.11111043140760858,-0.11111005967648264
28194,0.1,-0.11111042465292464,2.7168630427590884e-10,1.648290946028367e-5,3.970856309734401e-5,0.11111042465292464,-0.11111006122162025
28195,0.1,-0.11111041749737906,4.1453752684608374e-10,2.036019466621289e-5,3.9459072278106734e-5,0.11111041749737906,-0.11111006272943885
28196,0.1,-0.11111040989060861,5.858746690753908e-10,2.4204848049004373e-5,3.9174653083084473e-5,0.11111040989060861,-0.11111006419457296
28197,0.1,-0.11111040178487262,7.846105729906665e-10,2.8010900967135395e-5,3.885553615362809e-5,0.11111040178487262,-0.11111006561185213
28198,0.1,-0.1111103931352611,1.0095656678357917e-9,3.1773663116420676e-5,3.8502018825777165e-5,0.1111103931352611,-0.11111006697632174
28199,0.25,-0.1111103822851847,1.2525595859652042e-9,3.539151855975107e-5,3.811662984464381e-5,0.1111103822851847,-0.11111006806012233
28200,0.625,-0.11111036554906088,1.4916851805271075e-9,3.8622340433059046e-5,3.7180799793325236e-5,0.11111036554906088,-0.11111006835084412
28201,1.5625,-0.11111033410911111,1.666352858046308e-9,4.082098551047375e-5,3.476006356134005e-5,0.11111033410911111,-0.11111006654355314
28202,3.90625,-0.11111027150915807,1.6281155002473245e-9,4.03499132619554e-5,2.8516245339733866e-5,0.11111027150915807,-0.11111006010959969
28203,9.765625,-0.11111017530197335,1.1247744335857594e-9,3.353765694835821e-5,1.3734273925875686e-5,0.11111017530197335,-0.1111100483713853
28204,24.4140625,-0.11111021145429963,2.272888365407176e-10,1.5076101503396613e-5,2.110680569564931e-5,0.11111021145429963,-0.1111100466629173
28205,9.765625,-0.11111035547394009,4.6457263619867726e-11,6.815956544746139e-6,5.62633075798021e-5,0.11111035547394009,-0.1111100510216286
28206,3.90625,-0.11111044745652977,6.488575462599635e-12,2.5472682353061357e-6,6.21904709410665e-5,0.11111044745652977,-0.1111100551852635
28207,1.5625,-0.11111052930403707,4.913997327285472e-11,7.009990960968118e-6,6.188086511253444e-5,0.11111052930403707,-0.1111100589437291
28208,0.625,-0.1111106081268687,1.6312805615356737e-10,1.2772159416229011e-5,6.072223247226969e-5,0.1111106081268687,-0.11111006249175487
28209,0.25,-0.11111068600261238,3.459018227912171e-10,1.8598436030785416e-5,5.98126785359408e-5,0.11111068600261238,-0.11111006595708002
28210,0.1,-0.11111076362330241,5.967497878149088e-10,2.442846265762356e-5,5.922989920769595e-5,0.11111076362330241,-0.11111006939483528
28211,0.1,-0.11111084069527209,9.134675997916247e-10,3.0223626516214507e-5,5.88692413068567e-5,0.11111084069527209,-0.11111007275106123
28212,0.1,-0.1111109171108689,1.2939049816468807e-9,3.597089075414842e-5,5.845570055186392e-5,0.1111109171108689,-0.11111007601366452
28213,0.1,-0.111110992763206,1.7356922533308503e-9,4.166164007010346e-5,5.798964948614006e-5,0.111110992763206,-0.11111007917098277
28214,0.1,-0.1111110675464229,2.2362502597824485e-9,4.7289007811355574e-5,5.7471550705628275e-5,0.1111110675464229,-0.11111008221183191
28215,0.25,-0.11111113875193146,2.777556055837997e-9,5.2702524188486425e-5,5.690496483964907e-5,0.11111113875193146,-0.11111008463040833
28216,0.625,-0.11111119990685524,3.3112240276624385e-9,5.754323615910421e-5,5.551548117598481e-5,0.11111119990685524,-0.11111008528712779
28217,1.5625,-0.1111112340963327,3.703220743470587e-9,6.085409389244562e-5,5.190413795561666e-5,0.1111112340963327,-0.11111008127556281
28218,3.90625,-0.11111120114308967,3.6244728973597227e-9,6.020359538565552e-5,4.255585285502989e-5,0.11111120114308967,-0.11111006694324967
28219,9.765625,-0.11111102884472435,2.5130063648703e-9,5.012989492179592e-5,2.014891507253064e-5,0.11111102884472435,-0.11111004066886955
28220,24.4140625,-0.11111069816741345,5.145233952292599e-10,2.2683108147457657e-5,3.0683409005762964e-5,0.11111069816741345,-0.11111003651089112
28221,9.765625,-0.11111058365230077,1.0670526870637501e-10,1.0329824234050404e-5,8.381999099310828e-5,0.11111058365230077,-0.11111004618694079
28222,3.90625,-0.11111047327645533,1.3855023682570811e-11,3.722233695319359e-6,9.286003038074923e-5,0.11111047327645533,-0.11111005548448777
28223,1.5625,-0.11111036923187023,1.0580650592318369e-10,1.0286228945691597e-5,9.247520894013325e-5,0.11111036923187023,-0.11111006388852823
28224,0.625,-0.11111026768704167,3.572652510404094e-10,1.890146161121963e-5,9.077851898181993e-5,0.11111026768704167,-0.11111007182407501
28225,0.25,-0.1111101671904627,7.625113692669185e-10,2.7613608407213256e-5,8.94363095885477e-5,0.1111101671904627,-0.11111007957479438
28226,0.1,-0.11111006721874571,1.3199644324685253e-9,3.633131476383046e-5,8.857511004054578e-5,0.11111006721874571,-0.11111008726393794
28227,0.1,-0.11110996780925102,2.024773322319724e-9,4.499748128862019e-5,8.804272353982779e-5,0.11110996780925102,-0.11111009477238376
28228,0.1,-0.11110986902613457,2.872187823899188e-9,5.359279638066284e-5,8.743092130387518e-5,0.11110986902613457,-0.11111010207298877
28229,0.1,-0.1111097709328049,3.856966750049906e-9,6.210448252783293e-5,8.674028418978164e-5,0.1111097709328049,-0.11111010913957137
28230,0.1,-0.11110967359194829,4.9734000070249416e-9,7.052233693678154e-5,8.597151964541191e-5,0.11110967359194829,-0.1111101159470157
28231,0.25,-0.11110957842937502,6.181569837544033e-9,7.862295998971314e-5,8.512984293687463e-5,0.11110957842937502,-0.11111012136896321
28232,0.625,-0.11110948903469489,7.374192597578769e-9,8.587311917927967e-5,8.305967199153171e-5,0.11110948903469489,-0.11111012286460527
28233,1.5625,-0.1111094154460798,8.253820977893778e-9,9.085054197908661e-5,7.76706205413743e-5,0.1111094154460798,-0.11111011394669375
28234,3.90625,-0.11110938565385174,8.08907741401202e-9,8.99392984963304e-5,6.369812532681488e-5,0.11110938565385174,-0.1111100819619253
28235,9.765625,-0.1111094768632847,5.625573714659128e-9,7.500382466687368e-5,2.999041180613197e-5,0.1111094768632847,-0.11111002308251643
28236,24.4140625,-0.11111012145695483,8.420984397813791e-11,9.176592176736302e-6,4.4128638846669476e-5,0.11111012145695483,-0.11111005754400045
28237,9.765625,-0.11111069079522919,8.942871408652427e-11,9.456675636106182e-6,2.4565398933014708e-5,0.11111069079522919,-0.1111100569482655
28238,3.90625,-0.11111089424476742,1.0142660087932403e-10,1.0071077443815237e-5,1.6338552334991263e-5,0.11111089424476742,-0.11111005672251126
28239,1.5625,-0.11111105781464414,1.1640518566424819e-10,1.0789123489155558e-5,1.2923537895246976e-5,0.11111105781464414,-0.11111005667682128
28240,3.90625,-0.11111108903887995,1.1564205179646687e-10,1.0753699447002733e-5,1.1439848937071341e-5,0.11111108903887995,-0.11111005628049159
28241,9.765625,-0.11111081461823762,7.793227338940861e-11,8.827925769364433e-6,8.271792672117653e-6,0.11111081461823762,-0.11111005549104606
28242,24.4140625,-0.11111034676609549,1.4614425710581243e-11,3.822881859354438e-6,7.969272439916836e-6,0.11111034676609549,-0.11111005540584395
28243,9.765625,-0.11111056855617223,3.1896767695291207e-12,1.7859666204969008e-6,1.533432110565494e-5,0.11111056855617223,-0.11111005572000264
28244,3.90625,-0.11111063767480929,1.2532666001541089e-12,1.1194939035805907e-6,1.6496805942917783e-5,0.11111063767480929,-0.11111005600745247
28245,1.5625,-0.11111068986174572,4.605904500832708e-12,2.146137111377721e-6,1.6279191550016945e-5,0.11111068986174572,-0.11111005626607495
28246,0.625,-0.11111073785836571,1.249806496283831e-11,3.5352602397614675e-6,1.5913460373035922e-5,0.11111073785836571,-0.11111005650992883
28247,0.25,-0.11111078462641191,2.4742822199424877e-11,4.9742157371212676e-6,1.5634944369073003e-5,0.11111078462641191,-0.11111005674743278
28248,0.1,-0.11111083102787352,4.1269555944907166e-11,6.424138537182022e-6,1.5449113792829628e-5,0.11111083102787352,-0.11111005698213829
28249,0.1,-0.11111087563857014,6.189474263809108e-11,7.867321185644519e-6,1.5325021877334366e-5,0.11111087563857014,-0.11111005721039295
28250,0.1,-0.11111091828355606,8.645055562492618e-11,9.297879092832203e-6,1.5192244384216666e-5,0.11111091828355606,-0.11111005743160274
28251,0.1,-0.1111109587961243,1.1475851178638377e-10,1.07125399316121e-5,1.505040636529179e-5,0.1111109587961243,-0.11111005764518578
28252,0.1,-0.11111099701834797,1.4662991003340683e-10,1.2109083781748593e-5,1.48992371138357e-5,0.11111099701834797,-0.11111005785057688
28253,0.25,-0.11111102645822507,1.8080681458291118e-10,1.3446442450808733e-5,1.4739920137447027e-5,0.11111102645822507,-0.11111005801514637
28254,0.625,-0.11111103274654345,2.1398738841957635e-10,1.462830777703205e-5,1.4385053031468862e-5,0.11111103274654345,-0.11111005806626234
28255,1.5625,-0.11111098083162552,2.3720435935961544e-10,1.540144017160783e-5,1.3505104744895837e-5,0.11111098083162552,-0.11111005782084203
28256,3.90625,-0.1111107991813133,2.2917360510189296e-10,1.5138480937725982e-5,1.1316652847811052e-5,0.1111107991813133,-0.11111005693238687
28257,9.765625,-0.11111042359706706,1.5612221501635317e-10,1.2494887555170441e-5,6.723973587878804e-6,0.11111042359706706,-0.11111005533328792
28258,24.4140625,-0.11111020748888693,3.155573542600946e-11,5.617449192116423e-6,9.318839006344117e-6,0.11111020748888693,-0.11111005513677283
28259,9.765625,-0.11111037281140176,6.795578843093916e-12,2.606833106106702e-6,2.139630560367655e-5,0.11111037281140176,-0.11111005575532676
28260,3.90625,-0.1111104438469274,1.6262058679634284e-12,1.2752277710132526e-6,2.34663261511175e-5,0.1111104438469274,-0.11111005634355366
28261,1.5625,-0.11111050164598492,7.822001252315037e-12,2.796784091115193e-6,2.330320301863079e-5,0.11111050164598492,-0.11111005687539288
28262,0.625,-0.11111055579460176,2.3808909854017373e-11,4.879437452618629e-6,2.2849335740224048e-5,0.11111055579460176,-0.11111005737792343
28263,0.25,-0.11111060877608182,4.92184429172373e-11,7.015585714481529e-6,2.249543839123905e-5,0.11111060877608182,-0.1111100578686241
28264,0.1,-0.11111066137560376,8.39351128937725e-11,9.161610824182202e-6,2.226520516546122e-5,0.11111066137560376,-0.11111005835498894
28265,0.1,-0.1111107131965935,1.276320260985231e-10,1.1297434491888993e-5,2.2118463775166675e-5,0.1111107131965935,-0.11111005882943219
28266,0.1,-0.11111076412363195,1.7999425496259905e-10,1.3416193758387625e-5,2.1953666254221445e-5,0.11111076412363195,-0.11111005929037275
28267,0.1,-0.11111081404432925,2.406784401521035e-10,1.5513814493931e-5,2.1770839960371124e-5,0.11111081404432925,-0.1111100597362849
28268,0.1,-0.11111086284964526,3.0931404710801516e-10,1.75873263206212e-5,2.1570068620207053e-5,0.11111086284964526,-0.11111006016570524
28269,0.25,-0.11111090739845285,3.833747688703974e-10,1.9579958347003636e-5,2.1352792231354162e-5,0.11111090739845285,-0.11111006050898571
28270,0.625,-0.11111094035843355,4.5611533795593403e-10,2.1356856930642534e-5,2.0837290435813258e-5,0.11111094035843355,-0.11111006060975136
28271,1.5625,-0.11111094313268145,5.08921589931674e-10,2.2559290545841064e-5,1.9518928432591012e-5,0.11111094313268145,-0.11111006007038676
28272,3.90625,-0.11111087470114207,4.963555283028811e-10,2.227903786753102e-5,1.6154892455580186e-5,0.11111087470114207,-0.1111100581234104
28273,9.765625,-0.11111068046812154,3.419134831402052e-10,1.8490902712961453e-5,8.536528072613472e-6,0.11111068046812154,-0.11111005457539946
28274,24.4140625,-0.11111046356444187,6.886334409172283e-11,8.298394067030249e-6,1.2479110569053508e-5,0.11111046356444187,-0.11111005409318549
28275,9.765625,-0.11111047975724994,1.4189309090753724e-11,3.766869932816067e-6,3.131139887843193e-5,0.11111047975724994,-0.11111005543455844
28276,3.90625,-0.11111046102359697,2.3570892757887603e-12,1.5352814972469252e-6,3.450915255275126e-5,0.11111046102359697,-0.11111005671309801
28277,1.5625,-0.11111043993486999,1.5617635426732967e-11,3.95191541239599e-6,3.431698024873727e-5,0.11111043993486999,-0.11111005786796194
28278,0.625,-0.11111041848124514,5.0539170984413203e-11,7.109090728385256e-6,3.367040239671303e-5,0.11111041848124514,-0.11111005895881251
28279,0.25,-0.11111039697280492,1.0634041118773813e-10,1.0312148718270995e-5,3.316498972403079e-5,0.11111039697280492,-0.11111006002446042
28280,0.1,-0.1111103754763456,1.8279736103582566e-10,1.3520257432306001e-5,3.2840633903246975e-5,0.1111103754763456,-0.11111006108159154
28281,0.1,-0.11111035382850003,2.792285149820601e-10,1.671013210546404e-5,3.263889856671659e-5,0.11111035382850003,-0.11111006211365132
28282,0.1,-0.11111033201553633,3.9497111625819944e-10,1.9873880251682093e-5,3.2408487527737336e-5,0.11111033201553633,-0.11111006311699559
28283,0.1,-0.11111031002517623,5.292966217710551e-10,2.300644739569878e-5,3.214959359186827e-5,0.11111031002517623,-0.11111006408810979
28284,0.1,-0.11111028784670118,6.814137000595613e-10,2.6103902008312115e-5,3.186246421061088e-5,0.11111028784670118,-0.11111006502362532
28285,0.25,-0.11111026485809632,8.458239716000935e-10,2.908305299654927e-5,3.154911765533672e-5,0.11111026485809632,-0.11111006576960815
28286,0.625,-0.11111023976358107,1.0077862945526392e-9,3.1745650009924814e-5,3.078561628556589e-5,0.11111023976358107,-0.11111006597958278
28287,1.5625,-0.11111020973671913,1.126496624768442e-9,3.3563322612167616e-5,2.8808054276532544e-5,0.11111020973671913,-0.11111006477040129
28288,3.90625,-0.1111101711643411,1.1018511593363394e-9,3.319414344935473e-5,2.3708696403862116e-5,0.1111101711643411,-0.11111006042657272
28289,9.765625,-0.11111013634276569,7.631681962640665e-10,2.76254990228967e-5,1.1711851578379278e-5,0.11111013634276569,-0.11111005246587563
28290,24.4140625,-0.11111022356536755,1.558359940158598e-10,1.2483428776416349e-5,1.745622932549588e-5,0.11111022356536755,-0.11111005124510656
28291,9.765625,-0.111110340879872,3.2314364049114316e-11,5.684572459659065e-6,4.6402805102818384e-5,0.111110340879872,-0.11111005420316124
28292,3.90625,-0.11111042242848117,4.430928955312754e-12,2.1049771864114715e-6,5.134223265767102e-5,0.11111042242848117,-0.11111005704219717
28293,1.5625,-0.11111049612567872,3.267231126006147e-11,5.715969844222542e-6,5.111903638372084e-5,0.11111049612567872,-0.11111005960921312
28294,0.625,-0.111110567397348,1.0936729536151612e-10,1.0457881973015192e-5,5.018178563876602e-5,0.111110567397348,-0.11111006203399496
28295,0.25,-0.11111063788950551,2.3278351348460268e-10,1.5257244622952162e-5,4.944239072964779e-5,0.11111063788950551,-0.1111100644027917
28296,0.1,-0.11111070815873857,4.0244329185401117e-10,2.006098930397031e-5,4.896864613943438e-5,0.11111070815873857,-0.11111006675301147
28297,0.1,-0.11111077800769742,6.16869932854852e-10,2.483686640570529e-5,4.86761676570931e-5,0.11111077800769742,-0.11111006904830502
28298,0.1,-0.11111084735179587,8.746187746371006e-10,2.9573954328718043e-5,4.834012887225012e-5,0.11111084735179587,-0.11111007128043436
28299,0.1,-0.11111091610686823,1.1740958847569939e-9,3.4265082587920225e-5,4.7960839645034336e-5,0.11111091610686823,-0.11111007344145234
28300,0.1,-0.1111109841893561,1.513564736316943e-9,3.8904559325571894e-5,4.753868338968879e-5,0.1111109841893561,-0.11111007552373334
28301,0.25,-0.11111104953750066,1.88087038390075e-9,4.3369002569816495e-5,4.7076514318822355e-5,0.11111104953750066,-0.11111007718461378
28302,0.625,-0.11111110718101794,2.2433482088960983e-9,4.736399696917584e-5,4.593906845146121e-5,0.11111110718101794,-0.11111007765136996
28303,1.5625,-0.11111114400860099,2.5104488751724897e-9,5.010437980029779e-5,4.297839045533127e-5,0.11111114400860099,-0.11111007495156115
28304,3.90625,-0.11111112818036423,2.4596099242434775e-9,4.959445457148891e-5,3.531195669015713e-5,0.11111112818036423,-0.11111006524041041
28305,9.765625,-0.111110998158929,1.709546275975017e-9,4.134665979223735e-5,1.6982543297330696e-5,0.111110998158929,-0.11111004736679242
28306,24.4140625,-0.11111071100284352,3.5355671949260745e-10,1.880310398558194e-5,2.5244868085580924e-5,0.11111071100284352,-0.1111100443943828
28307,9.765625,-0.1111105929634444,7.432397217861049e-11,8.621135202431898e-6,6.914574397487464e-5,0.1111105929634444,-0.11111005096782173
28308,3.90625,-0.1111104861932819,9.486222055104111e-12,3.0799711127061095e-6,7.669000825870679e-5,0.1111104861932819,-0.11111005731288959
28309,1.5625,-0.11111038618096761,7.049304657029264e-11,8.396013730949506e-6,7.641793661992753e-5,0.11111038618096761,-0.1111100630564169
28310,0.625,-0.11111028868460532,2.4010210385457364e-10,1.5495228422148983e-5,7.504163806533229e-5,0.11111028868460532,-0.11111006848236707
28311,0.25,-0.11111019218474907,5.144173087764549e-10,2.268076958078043e-5,7.394723918089239e-5,0.11111019218474907,-0.11111007378275874
28312,0.1,-0.11111009614090539,8.923728521964069e-10,2.9872610401443107e-5,7.324474066193123e-5,0.11111009614090539,-0.11111007904142872
28313,0.1,-0.11111000061617539,1.3707078909674432e-9,3.702307241393457e-5,7.281118987020591e-5,0.11111000061617539,-0.11111008417794016
28314,0.1,-0.11110990567996722,1.946220451075617e-9,4.411598861043031e-5,7.23120945810636e-5,0.11110990567996722,-0.11111008917376511
28315,0.1,-0.11110981140103404,2.615373716242284e-9,5.1140724635482866e-5,7.174793514069203e-5,0.11110981140103404,-0.1111100940110267
28316,0.1,-0.11110971784745523,3.3743109128355766e-9,5.808881917232934e-5,7.111929539789508e-5,0.11110971784745523,-0.11111009867256721
28317,0.25,-0.11110962657949926,4.196034759780978e-9,6.477680726757824e-5,7.043037480476343e-5,0.11110962657949926,-0.11111010239349745
28318,0.625,-0.11110954148788238,5.007919439400928e-9,7.076665485524187e-5,6.873105637167606e-5,0.11110954148788238,-0.11111010344691777
28319,1.5625,-0.11110947329783576,5.608474935966235e-9,7.488975187544845e-5,6.430180785752738e-5,0.11110947329783576,-0.11111009742023717
28320,3.90625,-0.11110945095478293,5.5017646020146625e-9,7.417388086122138e-5,5.2812232246611254e-5,0.11110945095478293,-0.11111007568888695
28321,9.765625,-0.11110954887397534,3.834776769721319e-9,6.192557443997851e-5,2.511248779322506e-5,0.11110954887397534,-0.11111003554527582
28322,24.4140625,-0.11110992776478408,8.009867835529327e-10,2.8301709905108784e-5,3.701941121853292e-5,0.11110992776478408,-0.11111002848322643
28323,9.765625,-0.1111101657791081,1.696508698862185e-10,1.3025009400619199e-5,0.00010334640382713461,0.1111101657791081,-0.1111100431751958
28324,3.90625,-0.11111035639320456,1.9817212193272526e-11,4.451652748505045e-6,0.00011482139626336434,0.11111035639320456,-0.11111005741947894
28325,1.5625,-0.11111053258433973,1.5270774920692165e-10,1.2357497691965055e-5,0.00011448713736901876,0.11111053258433973,-0.1111100703253372
28326,0.625,-0.11111070414626359,5.295101396004427e-10,2.30110873189522e-5,0.00011245701559482418,0.11111070414626359,-0.1111100825190256
28327,0.25,-0.11111087431238419,1.1414485533225016e-9,3.37853304456609e-5,0.00011083201361527582,0.11111087431238419,-0.11111009442993405
28328,0.1,-0.1111110442143718,1.9861382739836355e-9,4.4566111272845376e-5,0.00010978709369360508,0.1111110442143718,-0.11111010624656933
28329,0.1,-0.11111121355587757,3.0563499759526164e-9,5.5284265175116655e-5,0.0001091421881897779,0.11111121355587757,-0.1111101177903048
28330,0.1,-0.11111138215820965,4.344960566967449e-9,6.591631487702759e-5,0.00010839895398674355,0.11111138215820965,-0.11111012901946687
28331,0.1,-0.11111154984104434,5.844094225637986e-9,7.644667570037291e-5,0.00010755809104798606,0.11111154984104434,-0.11111013989383055
28332,0.1,-0.1111117164228161,7.545155421309836e-9,8.686285409373696e-5,0.00010662045377574072,0.1111117164228161,-0.11111015037477351
28333,0.25,-0.11111187789667105,9.387968586619848e-9,9.689153000453573e-5,0.00010559221224098805,0.11111187789667105,-0.11111015875017774
28334,0.625,-0.11111202439988745,1.1210499875828647e-8,0.00010587964807189646,0.00010305196212433185,0.11111202439988745,-0.11111016115072048
28335,1.5625,-0.11111212942301148,1.256289276231656e-8,0.0001120843109552651,9.642465551354887e-5,0.11111212942301148,-0.11111014768104105
28336,3.90625,-0.11111212624150174,1.233666311969576e-8,0.0001110705321842646,7.921519086706841e-5,0.11111212624150174,-0.1111100989571657
28337,9.765625,-0.11111187303016215,8.619294455570935e-9,9.284015540471125e-5,3.7544150155876846e-5,0.11111187303016215,-0.11111000865785862
28338,24.4140625,-0.11111138297691034,1.2876289681384496e-10,1.1347374005198073e-5,5.358928367340007e-5,0.11111138297691034,-0.11111006056853981
28339,9.765625,-0.11110992423392618,1.3383587062189135e-10,1.156874542125858e-5,3.101224226706265e-5,0.11110992423392618,-0.11111005980266629
28340,3.90625,-0.1111093711603574,1.5475943091418674e-10,1.2440234359295114e-5,2.0844673596198794e-5,0.1111093711603574,-0.11111005947956411
28341,1.5625,-0.11110892572776064,1.8096763375952351e-10,1.3452421111440257e-5,1.636640780209861e-5,0.11110892572776064,-0.11111005941240429
28342,3.90625,-0.11110881556150494,1.8063307371420104e-10,1.3439980420900957e-5,1.434640508318187e-5,0.11110881556150494,-0.11111005878105064
28343,9.765625,-0.11110949687987105,1.182729695735026e-10,1.0875337676297807e-5,9.87095954470985e-6,0.11110949687987105,-0.1111100575511348
28344,24.4140625,-0.11111075170964367,2.2822225925637184e-11,4.777261341567696e-6,9.11128454841404e-6,0.11111075170964367,-0.11111005738467283
28345,9.765625,-0.11111016109721764,4.857336644530243e-12,2.2039366244359755e-6,1.895154874538684e-5,0.11111016109721764,-0.11111005787676363
28346,3.90625,-0.11110995026022208,2.5405616146644077e-12,1.5939139295032237e-6,2.02340104478253e-5,0.11110995026022208,-0.11111005830466038
28347,1.5625,-0.11110978508356563,8.383084784563645e-12,2.895355726774112e-6,1.987550973026226e-5,0.11110978508356563,-0.11111005868640844
28348,0.625,-0.11110963154626939,2.127095238357719e-11,4.612044273809304e-6,1.9382197532944457e-5,0.11110963154626939,-0.11111005904569322
28349,0.25,-0.11110948150110396,4.094081024278029e-11,6.398500624582316e-6,1.9019689542060283e-5,0.11110948150110396,-0.11111005939568637
28350,0.1,-0.11110933253407353,6.729596355407385e-11,8.203411702095285e-6,1.8782444359767123e-5,0.11110933253407353,-0.11111005974176906
28351,0.1,-0.11110918823927335,1.0001248445174759e-10,1.0000624203105903e-5,1.862647305033402e-5,0.11110918823927335,-0.11111006007787351
28352,0.1,-0.11110904908978957,1.3881129622763848e-10,1.1781820582050912e-5,1.8458917070482225e-5,0.11110904908978957,-0.11111006040306205
28353,0.1,-0.11110891553812703,1.8339571000930764e-10,1.3542367223248217e-5,1.8279376507002363e-5,0.11110891553812703,-0.11111006071642139
28354,0.1,-0.11110878801485193,2.3345251549620176e-10,1.52791529705086e-5,1.808757959656078e-5,0.11110878801485193,-0.11111006101707223
28355,0.25,-0.11110868352415411,2.867735299728929e-10,1.6934388975481013e-5,1.7885060242175803e-5,0.11110868352415411,-0.11111006125337329
28356,0.625,-0.11110863993008382,3.3764700040154495e-10,1.8375173479495234e-5,1.7429649692971756e-5,0.11110863993008382,-0.11111006131152565
28357,1.5625,-0.11110875022914397,3.709315197499995e-10,1.9259582543502843e-5,1.630018360363646e-5,0.11110875022914397,-0.11111006090907291
28358,3.90625,-0.11110920767638974,3.5264141986425093e-10,1.877874915600746e-5,1.3516819462939187e-5,0.11110920767638974,-0.11111005953138324
28359,9.765625,-0.11111020808468171,2.3603362487488116e-10,1.5363385853218722e-5,7.820347145104285e-6,0.11111020808468171,-0.1111100571248409
28360,24.4140625,-0.11111091933840032,4.902097955668595e-11,7.001498379396081e-6,1.1222205551071654e-5,0.11111091933840032,-0.11111005679465688
28361,9.765625,-0.11111054033998402,1.023388405858011e-11,3.199044241422758e-6,2.6084018172455792e-5,0.11111054033998402,-0.11111005772418486
28362,3.90625,-0.11111039459333347,2.0005931940451198e-12,1.4144232725903232e-6,2.8720219279632625e-5,0.11111039459333347,-0.11111005860930108
28363,1.5625,-0.11111028074181217,1.1102974770900808e-11,3.3321126587948386e-6,2.854181301861693e-5,0.11111028074181217,-0.11111005940860566
28364,0.625,-0.11111017558210193,3.5112809398821147e-11,5.925606247365846e-6,2.7988217529709486e-5,0.11111017558210193,-0.11111006016302886
28365,0.25,-0.11111007321404026,7.346512451873753e-11,8.571179879032847e-6,2.7553244706293046e-5,0.11111007321404026,-0.11111006089925014
28366,0.1,-0.11110997179110314,1.2598521371156e-10,1.1224313507362489e-5,2.7269667291985664e-5,0.11110997179110314,-0.1111100616287792
28367,0.1,-0.11110987226610058,1.9217935021056831e-10,1.3862876693189199e-5,2.7088911839935442e-5,0.11110987226610058,-0.11111006234028248
28368,0.1,-0.11110977490599577,2.7157033517112756e-10,1.6479391225743976e-5,2.6885662814099363e-5,0.11110977490599577,-0.11111006303135028
28369,0.1,-0.11110967996956674,3.6363731275782917e-10,1.9069276671070382e-5,2.6659945833445233e-5,0.11110967996956674,-0.11111006369965593
28370,0.1,-0.11110958770666103,4.678177337243043e-10,2.1629094611756274e-5,2.6411855921388448e-5,0.11110958770666103,-0.11111006434296718
28371,0.25,-0.11110950549531816,5.802693649265763e-10,2.40887808933241e-5,2.6143131667147746e-5,0.11110950549531816,-0.11111006485579891
28372,0.625,-0.11110945048392364,6.907308427193486e-10,2.6281758744790055e-5,2.550413375751864e-5,0.11110945048392364,-0.11111006500108976
28373,1.5625,-0.11110946593940516,7.709215357494509e-10,2.7765473807400638e-5,2.3867380365758296e-5,0.11110946593940516,-0.11111006417604559
28374,3.90625,-0.11110964604395933,7.520671336912319e-10,2.742384243119902e-5,1.9680012846462847e-5,0.11110964604395933,-0.1111100612167807
28375,9.765625,-0.11111010786960537,5.192452263995507e-10,2.2786952986293508e-5,1.004217638119461e-5,0.11111010786960537,-0.11111005581583819
28376,24.4140625,-0.11111055709981643,1.0640879056868606e-10,1.0315463662322023e-5,1.4813029974576095e-5,0.11111055709981643,-0.11111005499593568
28377,9.765625,-0.11111044273981037,2.2074915006924253e-11,4.6983949394366854e-6,3.839866279310942e-5,0.11111044273981037,-0.11111005701911232
28378,3.90625,-0.11111042650250841,3.1433657174948628e-12,1.7729539524462733e-6,4.245096781882006e-5,0.11111042650250841,-0.11111005895935151
28379,1.5625,-0.11111042093507845,2.244272266084153e-11,4.737375081291487e-6,4.2255770835402095e-5,0.11111042093507845,-0.11111006071358859
28380,0.625,-0.1111104179997136,7.472052738745662e-11,8.64410361966217e-6,4.147490301810603e-5,0.1111104179997136,-0.11111006237041275
28381,0.25,-0.11111041588689782,1.5877797644569204e-10,1.2600713330827427e-5,4.085835241617681e-5,0.11111041588689782,-0.11111006398859309
28382,0.1,-0.11111041406787396,2.742725111479533e-10,1.6561174811828817e-5,4.046133602254285e-5,0.11111041406787396,-0.11111006559360828
28383,0.1,-0.11111041296077477,4.2018267388904475e-10,2.0498357833959403e-5,4.021408818940263e-5,0.11111041296077477,-0.11111006716071405
28384,0.1,-0.11111041264257267,5.955103971724746e-10,2.440308171466208e-5,3.9931342494110554e-5,0.11111041264257267,-0.11111006868435071
28385,0.1,-0.11111041318587628,7.991576036274343e-10,2.826937572051131e-5,3.9613331081293933e-5,0.11111041318587628,-0.11111007015915704
28386,0.1,-0.111110414658667,1.0299307247286035e-9,3.2092533784801154e-5,3.926035211051605e-5,0.111110414658667,-0.11111007157999002
28387,0.25,-0.1111104195302627,1.2795522924882605e-9,3.5770830190090086e-5,3.887485835910247e-5,0.1111104195302627,-0.11111007271381895
28388,0.625,-0.11111043333661035,1.5258077015745096e-9,3.9061588569520694e-5,3.7934427017201526e-5,0.11111043333661035,-0.11111007303534882
28389,1.5625,-0.11111046946500519,1.707159057860288e-9,4.1317781376306836e-5,3.5495974593628705e-5,0.11111046946500519,-0.11111007120394116
28390,3.90625,-0.11111055386115083,1.672440642539645e-9,4.089548437834726e-5,2.9195496097474947e-5,0.11111055386115083,-0.11111006460648572
28391,9.765625,-0.11111069814916104,1.1628172393100272e-9,3.4100106148075656e-5,1.4213078911735257e-5,0.11111069814916104,-0.11111005245683431
28392,24.4140625,-0.11111069103087375,2.4102367414116587e-10,1.5524937170280784e-5,2.0967608669251283e-5,0.11111069103087375,-0.11111005042402357
28393,9.765625,-0.11111051818146882,5.0602448166141775e-11,7.113539777504711e-6,5.7116836317335385e-5,0.11111051818146882,-0.11111005490836177
28394,3.90625,-0.11111041278838533,6.202199510069659e-12,2.490421552683332e-6,6.33499275457715e-5,0.11111041278838533,-0.11111005923955006
28395,1.5625,-0.1111103200298206,4.750292483253595e-11,6.892236562432833e-6,6.313023307868668e-5,0.1111103200298206,-0.1111100631609604
28396,0.625,-0.11111023112978001,1.6274526922763918e-10,1.2757165407238364e-5,6.19961285510316e-5,0.11111023112978001,-0.11111006686559186
28397,0.25,-0.11111014358396458,3.492631183953376e-10,1.868858256784975e-5,6.109277305135903e-5,0.11111014358396458,-0.1111100704842295
28398,0.1,-0.11111005657118823,6.06320809595741e-10,2.4623582387535347e-5,6.051187351718368e-5,0.11111005657118823,-0.11111007407404282
28399,0.1,-0.11110997045371664,9.316967356702707e-10,3.052370776413427e-5,6.0152507493478125e-5,0.11110997045371664,-0.11111007758044746
28400,0.1,-0.11110988534898646,1.3232075872939773e-9,3.637592043225817e-5,5.973932956372572e-5,0.11110988534898646,-0.11111008099086121
28401,0.1,-0.11110980137171701,1.7784429954995825e-9,4.217158990955383e-5,5.9272713977437574e-5,0.11110980137171701,-0.11111008429314277
28402,0.1,-0.1111097186336954,2.2947755805396733e-9,4.790381592879291e-5,5.8753124399461874e-5,0.1111097186336954,-0.11111008747563732
28403,0.25,-0.11110964027627657,2.853863002843169e-9,5.342155934492337e-5,5.818403130952595e-5,0.11110964027627657,-0.11111009001810723
28404,0.625,-0.11110957372615897,3.406364855489819e-9,5.836407161507685e-5,5.678307213499162e-5,0.11110957372615897,-0.1111100907457962
28405,1.5625,-0.11110953827550867,3.815387750238549e-9,6.176882506765487e-5,5.313459432630537e-5,0.11110953827550867,-0.11111008665630456
28406,3.90625,-0.11110957955597621,3.743925557803534e-9,6.118762585526206e-5,4.367574382916602e-5,0.11110957955597621,-0.1111100718773022
28407,9.765625,-0.1111097797520018,2.6118595440774377e-9,5.1106355222001866e-5,2.0920645418616582e-5,0.1111097797520018,-0.11111004453987326
28408,24.4140625,-0.11111016301888507,5.477036357461802e-10,2.3403068938628117e-5,3.058610318446776e-5,0.11111016301888507,-0.11111003965164243
28409,9.765625,-0.11111029168681644,1.1647251444640273e-10,1.0792243253670792e-5,8.53348651343489e-5,0.11111029168681644,-0.11111004966259873
28410,3.90625,-0.11111041485922815,1.3416100896064204e-11,3.6627995981303977e-6,9.484420266811709e-5,0.11111041485922815,-0.11111005938416013
28411,1.5625,-0.11111053114517892,1.0306564009884378e-10,1.0152124905597044e-5,9.458726819975279e-5,0.11111053114517892,-0.11111006819666909
28412,0.625,-0.11111064501001358,3.5894071853489264e-10,1.8945730878878563e-5,9.292038904976518e-5,0.11111064501001358,-0.1111100765240601
28413,0.25,-0.1111107581498252,7.750445100146598e-10,2.783962122613488e-5,9.158300976206149e-5,0.1111107581498252,-0.11111008465843154
28414,0.1,-0.11111087118424101,1.3497435318913226e-9,3.673885588707578e-5,9.07221440535242e-5,0.11111087118424101,-0.11111009272825043
28415,0.1,-0.11111098398876192,2.0781246042783908e-9,4.558645198168411e-5,9.019039145940057e-5,0.11111098398876192,-0.11111010061220807
28416,0.1,-0.11111109646171834,2.95534107457205e-9,5.436304879761666e-5,8.957755683360355e-5,0.11111109646171834,-0.1111101082819034
28417,0.1,-0.11111120849924638,3.976034072739395e-9,6.30558012615762e-5,8.888422037858556e-5,0.11111120849924638,-0.11111011570992108
28418,0.1,-0.11111131999548651,5.134354969190383e-9,7.165441346623657e-5,8.81110895500081e-5,0.11111131999548651,-0.11111012286993759
28419,0.25,-0.1111114287974843,6.389413531176268e-9,7.993380718554739e-5,8.726325930786309e-5,0.1111114287974843,-0.11111012859655132
28420,0.625,-0.11111152949468896,7.63108734807216e-9,8.735609508255368e-5,8.51694641202726e-5,0.11111152949468896,-0.11111013025519409
28421,1.5625,-0.11111160718004684,8.553580253951875e-9,9.248556781439943e-5,7.970762229845977e-5,0.11111160718004684,-0.11111012110606529
28422,3.90625,-0.11111162231713193,8.403040606457585e-9,9.16681002664372e-5,6.552554282040993e-5,0.11111162231713193,-0.11111008793432929
28423,9.765625,-0.11111147926544618,5.87696346249538e-9,7.666135573087251e-5,3.1204479670594295e-5,0.11111147926544618,-0.11111002636254606
28424,24.4140625,-0.11111093202877165,8.575046854668867e-11,9.260154887834688e-6,4.415821930197951e-5,0.11111093202877165,-0.11111006172668887
28425,9.765625,-0.11111009367505276,9.048949721370015e-11,9.512596765011127e-6,2.4941414345605275e-5,0.11111009367505276,-0.11111006115265916
28426,3.90625,-0.1111097845781101,1.0324744434926418e-10,1.0161074960321087e-5,1.6669475489440237e-5,0.1111097845781101,-0.11111006092806007
28427,1.5625,-0.11110953540786174,1.191474546140097e-10,1.0915468593423266e-5,1.317364655995886e-5,0.11110953540786174,-0.11111006088306656
28428,3.90625,-0.11110947958305879,1.185514837947689e-10,1.0888135000759722e-5,1.1640213198900083e-5,0.11110947958305879,-0.11111006047552179
28429,9.765625,-0.11110987568523943,7.941112715451214e-11,8.911292114755982e-6,8.343222613848333e-6,0.11110987568523943,-0.11111005966639596
28430,24.4140625,-0.11111058494871626,1.534217498568733e-11,3.916908855933124e-6,7.95750124078996e-6,0.11111058494871626,-0.11111005956351294
28431,9.765625,-0.11111026483792442,3.3948662374268324e-12,1.8425162787413392e-6,1.5594989710416615e-5,0.11111026483792442,-0.1111100598897259
28432,3.90625,-0.11111015862392826,1.4230890213136203e-12,1.1929329492111535e-6,1.6755767897681163e-5,0.11111015862392826,-0.11111006018548188
28433,1.5625,-0.11111007705650879,4.900975949075312e-12,2.213814795567893e-6,1.6527942765075418e-5,0.11111007705650879,-0.11111006045167704
28434,0.625,-0.11111000168153642,1.3065871776425134e-11,3.614674504907065e-6,1.615561078340894e-5,0.11111000168153642,-0.11111006070280761
28435,0.25,-0.11110992814719124,2.573033941443701e-11,5.0725081975721844e-6,1.5873585358905585e-5,0.11110992814719124,-0.11111006094750175
28436,0.1,-0.11110985517622234,4.282461108335479e-11,6.544051580126397e-6,1.5686143581634912e-5,0.11110985517622234,-0.11111006118939065
28437,0.1,-0.11110978478376794,6.415386650685765e-11,8.009610883610867e-6,1.5561468871561825e-5,0.11110978478376794,-0.11111006142466757
28438,0.1,-0.11110971722491253,8.95431551542631e-11,9.462724510111404e-6,1.542776816494052e-5,0.11110971722491253,-0.11111006165271185
28439,0.1,-0.11110965274309144,1.1880628008602792e-10,1.0899829360408717e-5,1.5284688418889363e-5,0.11110965274309144,-0.11111006187291603
28440,0.1,-0.11110959156934357,1.5174633333823218e-10,1.2318536168645696e-5,1.5131980236507388e-5,0.11110959156934357,-0.11111006208469218
28441,0.25,-0.11110954303824418,1.8702639371220525e-10,1.3675759346822583e-5,1.497083054994778e-5,0.11110954303824418,-0.1111100622542896
28442,0.625,-0.11110952786578707,2.2115228695894464e-10,1.4871189829968033e-5,1.4610487339355766e-5,0.11110952786578707,-0.11111006230671483
28443,1.5625,-0.11110959674556511,2.447056205960651e-10,1.5643069410958486e-5,1.3716574928130544e-5,0.11110959674556511,-0.11111006205354865
28444,3.90625,-0.11110985402666795,2.3570563366389895e-10,1.535270769811954e-5,1.1500116541479803e-5,0.11110985402666795,-0.11111006114063808
28445,9.765625,-0.11111039916161118,1.6053805455284502e-10,1.2670361263706928e-5,6.885422270294477e-6,0.11111039916161118,-0.11111005949883344
28446,24.4140625,-0.11111074802653746,3.3342557571307794e-11,5.7743014790802e-6,9.366960668417472e-6,0.11111074802653746,-0.1111100592639727
28447,9.765625,-0.11111052200372949,7.27797503242583e-12,2.697772235090618e-6,2.1662717447540457e-5,0.11111052200372949,-0.11111005989818062
28448,3.90625,-0.11111042742107574,1.5713613484530635e-12,1.2535395280776204e-6,2.3835093104553856e-5,0.11111042742107574,-0.11111006050663452
28449,1.5625,-0.1111103512803129,7.612026495418867e-12,2.7589901223851575e-6,2.3700886832944892e-5,0.1111103512803129,-0.11111006105800865
28450,0.625,-0.11111028023485688,2.3763464166282102e-11,4.874778370991044e-6,2.3254333114990447e-5,0.11111028023485688,-0.11111006157925027
28451,0.25,-0.11111021083824589,4.9642705840389324e-11,7.045758003251979e-6,2.2901900253261064e-5,0.11111021083824589,-0.11111006208823287
28452,0.1,-0.111110142003338,8.513120880333141e-11,9.2266575098099e-6,2.2671850678135972e-5,0.111110142003338,-0.11111006259270496
28453,0.1,-0.11111007426214815,1.298989410477846e-10,1.1397321661152879e-5,2.2525175518236384e-5,0.11111007426214815,-0.11111006308500192
28454,0.1,-0.11111000777135714,1.8362598074571105e-10,1.3550866420480687e-5,2.2360095124407282e-5,0.11111000777135714,-0.1111100635634833
28455,0.1,-0.11110994268315433,2.45962945422183e-10,1.5683205840075652e-5,2.217664161090833e-5,0.11110994268315433,-0.11111006402656537
28456,0.1,-0.1111098791448104,3.165322835207639e-10,1.7791354178947817e-5,2.197490283899579e-5,0.1111098791448104,-0.11111006447272852
28457,0.25,-0.11110982142595276,3.927612477978257e-10,1.981820495902254e-5,2.1756294434129983e-5,0.11110982142595276,-0.11111006483055141
28458,0.625,-0.11110977948777567,4.677703904333344e-10,2.162800014872698e-5,2.1236164912810785e-5,0.11110977948777567,-0.11111006493937325
28459,1.5625,-0.11110977857601595,5.225596807336631e-10,2.285956431635702e-5,1.990385249804787e-5,0.11110977857601595,-0.1111100643900213
28460,3.90625,-0.11110987429850079,5.106995170750382e-10,2.259866184257462e-5,1.649935087504319e-5,0.11110987429850079,-0.11111006238914604
28461,9.765625,-0.11111014018660421,3.536806536953392e-10,1.8806399275122794e-5,8.746296105538772e-6,0.11111014018660421,-0.11111005871488651
28462,24.4140625,-0.1111104317095499,7.287425266182912e-11,8.53664176721907e-6,1.2440767318611415e-5,0.1111104317095499,-0.11111005814355067
28463,9.765625,-0.11111039734271803,1.533075551191699e-11,3.9154508695572964e-6,3.179568820440412e-5,0.11111039734271803,-0.1111100595255957
28464,3.90625,-0.11111041200573585,2.2527890027926586e-12,1.5009293796820217e-6,3.515119339206707e-5,0.11111041200573585,-0.11111006085538298
28465,1.5625,-0.11111043076209891,1.5221887790688523e-11,3.9015237780498685e-6,3.500204560957798e-5,0.11111043076209891,-0.11111006205950541
28466,0.625,-0.11111045036740348,5.066030746681437e-11,7.117605458777156e-6,3.436538817804556e-5,0.11111045036740348,-0.11111006319753373
28467,0.25,-0.11111047021859695,1.0775170165981038e-10,1.0380351711758634e-5,3.386137040497462e-5,0.11111047021859695,-0.11111006430931772
28468,0.1,-0.11111049016209505,1.862642855667134e-10,1.3647867436589257e-5,3.353681678208848e-5,0.11111049016209505,-0.11111006541218331
28469,0.1,-0.11111051040781629,2.855083059993641e-10,1.6896991033890147e-5,3.3334942791401565e-5,0.11111051040781629,-0.11111006648932971
28470,0.1,-0.1111105309789846,4.0480848533319946e-10,2.011985301470166e-5,3.310385340315923e-5,0.1111105309789846,-0.11111006753696319
28471,0.1,-0.11111055189643282,5.434213312757563e-10,2.331139917027196e-5,3.2843742570869985e-5,0.11111055189643282,-0.1111100685514231
28472,0.1,-0.11111057317849309,7.005381868776405e-10,2.6467681932455673e-5,3.255485880718564e-5,0.11111057317849309,-0.11111006952919764
28473,0.25,-0.11111059576489302,8.705463345990457e-10,2.950502219282415e-5,3.223919057410792e-5,0.11111059576489302,-0.11111007031170847
28474,0.625,-0.11111062166166591,1.0383721039302377e-9,3.22237816516038e-5,3.1467714319024546e-5,0.11111062166166591,-0.11111007054130564
28475,1.5625,-0.11111065541248238,1.1622338728082932e-9,3.409155134059307e-5,2.946615355709171e-5,0.11111065541248238,-0.11111006930468735
28476,3.90625,-0.11111070400928238,1.1393883763647868e-9,3.375482745274795e-5,2.4297281227929976e-5,0.11111070400928238,-0.11111006481892814
28477,9.765625,-0.11111075723521106,7.934331361334267e-10,2.816794518834178e-5,1.2080594455171961e-5,0.11111075723521106,-0.111110056533612
28478,24.4140625,-0.11111067340127304,1.6541237573433815e-10,1.286127426557486e-5,1.7441744845267534e-5,0.11111067340127304,-0.11111005511320823
28479,9.765625,-0.11111053860162749,3.5017629318812333e-11,5.917569544907126e-6,4.72466562282883e-5,0.11111053860162749,-0.11111005817620616
28480,3.90625,-0.11111044736325694,4.2820004782970725e-12,2.0692995139169857e-6,5.242482150328153e-5,0.11111044736325694,-0.11111006114265017
28481,1.5625,-0.1111103654099052,3.206228811987834e-11,5.662357116950356e-6,5.226161226306142e-5,0.1111103654099052,-0.11111006383125631
28482,0.625,-0.11111028638900795,1.1032659111411002e-10,1.0503646562699547e-5,5.133520282889763e-5,0.11111028638900795,-0.11111006637231882
28483,0.25,-0.11111020840653675,2.3725527000848696e-10,1.540309287151405e-5,5.059519210012156e-5,0.11111020840653675,-0.11111006885481578
28484,0.1,-0.1111101308295348,4.1234965288811995e-10,2.030639438423572e-5,5.011941258801061e-5,0.1111101308295348,-0.11111007131774904
28485,0.1,-0.11111005388777768,6.341053741870589e-10,2.5181449008884674e-5,4.982556163283608e-5,0.11111005388777768,-0.11111007372401711
28486,0.1,-0.11110997767063403,9.010413896988254e-10,3.0017351477084475e-5,4.9487282461718805e-5,0.11110997767063403,-0.11111007606501529
28487,0.1,-0.11110990226584695,1.2115214765627156e-9,3.4806917079263365e-5,4.910488739147635e-5,0.11110990226584695,-0.11111007833243655
28488,0.1,-0.11110982775939372,1.5637610535522052e-9,3.954441874085653e-5,4.867876231385983e-5,0.11110982775939372,-0.11111008051830587
28489,0.25,-0.111109756438758,1.945288462946124e-9,4.4105424416347294e-5,4.8211730236920055e-5,0.111109756438758,-0.11111008226792474
28490,0.625,-0.1111096937722832,2.322535140132003e-9,4.819268762096593e-5,4.705944256273545e-5,0.1111096937722832,-0.11111008277993314
28491,1.5625,-0.11110965412999572,2.6023253980455416e-9,5.101299244354855e-5,4.405591634179229e-5,0.11110965412999572,-0.11111008000524225
28492,3.90625,-0.1111096723992624,2.555118663474644e-9,5.05481816040364e-5,3.626888621445639e-5,0.1111096723992624,-0.11111006993079137
28493,9.765625,-0.1111098168449334,1.7850288896586662e-9,4.224960224260894e-5,1.7585665532017214e-5,0.1111098168449334,-0.11111005125058253
28494,24.4140625,-0.11111014087222897,3.7642094632784135e-10,1.9401570718058922e-5,2.5303739156061473e-5,0.11111014087222897,-0.11111004782727123
28495,9.765625,-0.11111027433322694,8.06684338654822e-11,8.981560770015544e-6,7.057169950420685e-5,0.11111027433322694,-0.11111005466584778
28496,3.90625,-0.11111039351568387,9.262650387598408e-12,3.043460265487034e-6,7.848110629814362e-5,0.11111039351568387,-0.11111006132398352
28497,1.5625,-0.11111050515832031,6.962421183935649e-11,8.34411240572396e-6,7.829448856325813e-5,0.11111050515832031,-0.11111006736468029
28498,0.625,-0.11111061421439933,2.43634483664769e-10,1.5608795074084644e-5,7.692992764597568e-5,0.11111061421439933,-0.11111007307455763
28499,0.25,-0.11111072245137897,5.27190967434533e-10,2.2960639525817503e-5,7.583174379507622e-5,0.11111072245137897,-0.11111007865264307
28500,0.1,-0.11111083050239005,9.191814369830951e-10,3.0318005161670763e-5,7.512463836433918e-5,0.11111083050239005,-0.11111008418671037
28501,0.1,-0.11111093823732138,1.41627018416724e-9,3.763336530483608e-5,7.468825058376674e-5,0.11111093823732138,-0.11111008959420209
28502,0.1,-0.11111104555750646,2.0151612941963688e-9,4.489054793825053e-5,7.418483342339088e-5,0.11111104555750646,-0.1111100948556747
28503,0.1,-0.11111115236300521,2.712208465511968e-9,5.207886774414328e-5,7.361486921564835e-5,0.11111115236300521,-0.11111009995235517
28504,0.1,-0.1111112585527813,3.503430290979125e-9,5.9189781981175815e-5,7.297894492641091e-5,0.1111112585527813,-0.11111010486621575
28505,0.25,-0.11111136198073575,4.360977172535517e-9,6.603769508799892e-5,7.228122139007372e-5,0.11111136198073575,-0.11111010880164983
28506,0.625,-0.1111114572985715,5.209809241331131e-9,7.217900831496046e-5,7.055548669530495e-5,0.1111114572985715,-0.11111010995921312
28507,1.5625,-0.11111152989647337,5.841473792337409e-9,7.642953481696332e-5,6.605081819971446e-5,0.11111152989647337,-0.11111010373349856
28508,3.90625,-0.11111154161082151,5.741789405301863e-9,7.577459604182567e-5,5.435199703355557e-5,0.11111154161082151,-0.11111008108390409
28509,9.765625,-0.11111140300142858,4.02087227022755e-9,6.341034828975118e-5,2.606669945004662e-5,0.11111140300142858,-0.11111003895673448
28510,24.4140625,-0.11111096317218955,8.548349750635927e-10,2.9237561031378674e-5,3.722552401393428e-5,0.11111096317218955,-0.11111003089131853
28511,9.765625,-0.11111071929764725,1.8431209721018848e-10,1.3576159147939763e-5,0.0001057019241723285,0.11111071929764725,-0.11111004624117533
28512,3.90625,-0.11111051997202018,1.9537417557370187e-11,4.4201151068009745e-6,0.00011772569139489162,0.11111051997202018,-0.111110061242339
28513,1.5625,-0.11111033568580751,1.518657677066523e-10,1.232338296518664e-5,0.00011750864075549695,0.11111033568580751,-0.11111007486263433
28514,0.625,-0.11111015669637399,5.403569128992553e-10,2.3245578351575925e-5,0.00011548697415737687,0.11111015669637399,-0.11111008773787266
28515,0.25,-0.11110997978343516,1.1757234919610047e-9,3.428882459287581e-5,0.00011385015010467519,0.11110997978343516,-0.1111101003150413
28516,0.1,-0.11110980383261622,2.05545089629227e-9,4.533708080911551e-5,0.00011279426135022035,0.11110980383261622,-0.11111011279220845
28517,0.1,-0.11110962907703185,3.172091572340794e-9,5.632132431273961e-5,0.00011214226272466872,0.11110962907703185,-0.11111012498515893
28518,0.1,-0.1111094556598035,4.518267115265178e-9,6.721805646747888e-5,0.0001113896513432319,0.1111094556598035,-0.11111013685004865
28519,0.1,-0.1111092837213094,6.085811173945687e-9,7.801160922545879e-5,0.00011053713336307235,0.1111092837213094,-0.11111014834453616
28520,0.1,-0.11110911339911793,7.865803485957396e-9,8.868936512320626e-5,0.00010958557066913486,0.11110911339911793,-0.1111101594279439
28521,0.25,-0.11110894815936233,9.795896522285287e-9,9.897422150381021e-5,0.0001085411061113078,0.11110894815936233,-0.1111101683124577
28522,0.625,-0.11110879646388108,1.1707980054915882e-8,0.00010820341979307254,0.00010595541925483815,0.11110879646388108,-0.11111017095108772
28523,1.5625,-0.11110868116864565,1.3134799073843138e-8,0.00011460715105892449,9.920166216384833e-5,0.11110868116864565,-0.11111015697837011
28524,3.90625,-0.11110866161785597,1.292267748807939e-8,0.00011367795515437191,8.164628521504024e-5,0.11110866161785597,-0.1111101060055886
28525,9.765625,-0.11110887826775984,9.069340696351063e-9,9.523308614316278e-5,3.90335447113381e-5,0.11110887826775984,-0.11111001092016198
28526,24.4140625,-0.11110961926319947,1.318059724200366e-10,1.1480678221256644e-5,5.4038068801093884e-5,0.11110961926319947,-0.11111006480052966
28527,9.765625,-0.11111091927632927,1.3718220847262478e-10,1.1712480884621532e-5,3.126014063872684e-5,0.11111091927632927,-0.111110064008413
28528,3.90625,-0.11111140497814694,1.581100171699987e-10,1.2574180576482856e-5,2.1029554377891068e-5,0.11111140497814694,-0.11111006367826919
28529,1.5625,-0.11111179620934128,1.8454743772492422e-10,1.3584823801762179e-5,1.6551209081752994e-5,0.11111179620934128,-0.11111006361120743
28530,3.90625,-0.11111188752949883,1.8443812851622932e-10,1.3580799995443175e-5,1.4533460376832447e-5,0.11111188752949883,-0.11111006296909617
28531,9.765625,-0.11111127532274548,1.2185113767086604e-10,1.1038620279313264e-5,1.0053454303440614e-5,0.11111127532274548,-0.11111006170404737
28532,24.4140625,-0.1111101720087443,2.3566983246943478e-11,4.8545837357021124e-6,9.201464959168207e-6,0.1111101720087443,-0.11111006152306936
28533,9.765625,-0.11111069688259485,5.0406733850445686e-12,2.245144401824651e-6,1.913239032066381e-5,0.11111069688259485,-0.1111100620229458
28534,3.90625,-0.11111087997767237,2.321446631567977e-12,1.5236294272453446e-6,2.05144026050966e-5,0.11111087997767237,-0.11111006246508219
28535,1.5625,-0.1111110225327931,7.995535480761617e-12,2.827637791648997e-6,2.01904090850535e-5,0.1111110225327931,-0.11111006286059402
28536,0.625,-0.11111115482271357,2.090637678693e-11,4.572349154092457e-6,1.9707560459090422e-5,0.11111115482271357,-0.11111006323295052
28537,0.25,-0.11111128405293351,4.077672207822452e-11,6.385665359085498e-6,1.9347753065116914e-5,0.11111128405293351,-0.11111006359560716
28538,0.1,-0.11111141235122579,6.750475023472784e-11,8.216127447570896e-6,1.9110834892708446e-5,0.11111141235122579,-0.1111100639541404
28539,0.1,-0.11111153648976524,1.007723157325872e-10,1.0038541514213466e-5,1.8954501205796547e-5,0.11111153648976524,-0.11111006430250327
28540,0.1,-0.11111165604874397,1.4030091077515823e-10,1.1844868541911229e-5,1.8786420157062932e-5,0.11111165604874397,-0.11111006463972692
28541,0.1,-0.11111177062679023,1.85794172138251e-10,1.3630633592693004e-5,1.860618450306237e-5,0.11111177062679023,-0.11111006496486633
28542,0.1,-0.1111118798422066,2.3693889890814586e-10,1.5392819719211482e-5,1.8413513267380656e-5,0.1111118798422066,-0.11111006527701067
28543,0.25,-0.11111196852466403,2.9155630173513286e-10,1.7075019816537048e-5,1.8209929937400252e-5,0.11111196852466403,-0.11111006552359212
28544,0.625,-0.11111200292860365,3.439878392401264e-10,1.8546909155978696e-5,1.775206496871852e-5,0.11111200292860365,-0.11111006558831411
28545,1.5625,-0.11111190027986054,3.7913947715438455e-10,1.9471504234505987e-5,1.661443093266726e-5,0.11111190027986054,-0.11111006518094652
28546,3.90625,-0.11111148919227083,3.626309175794134e-10,1.9042870518370213e-5,1.3795468991233565e-5,0.11111148919227083,-0.11111006376492842
28547,9.765625,-0.1111106001627133,2.4511778467286934e-10,1.5656237883759603e-5,7.89902974096732e-6,0.1111106001627133,-0.11111006125626577
28548,24.4140625,-0.11110999488032196,5.16384754446225e-11,7.185991611783477e-6,1.1147526551105874e-5,0.11110999488032196,-0.11111006087063449
28549,9.765625,-0.11111034556117629,1.0981853195782205e-11,3.313887927462576e-6,2.6550928607651275e-5,0.11111034556117629,-0.11111006183266207
28550,3.90625,-0.11111048280272458,1.9512853818451135e-12,1.3968841690867262e-6,2.9308447051434074e-5,0.11111048280272458,-0.11111006275629935
28551,1.5625,-0.11111059077131451,1.0972879514466735e-11,3.3125337001254395e-6,2.915921283784249e-5,0.11111059077131451,-0.11111006359213589
28552,0.625,-0.11111069077792121,3.55158333421481e-11,5.959516200342785e-6,2.8609909243228926e-5,0.11111069077792121,-0.11111006438142484
28553,0.25,-0.11111078825382945,7.498981898879846e-11,8.659666216939222e-6,2.8173779311232045e-5,0.11111078825382945,-0.11111006515170797
28554,0.1,-0.11111088490087954,1.2921382850232926e-10,1.1367226068937367e-5,2.7888621585812218e-5,0.11111088490087954,-0.11111006591498009
28555,0.1,-0.11111097981348178,1.9768556804852008e-10,1.4060069987326524e-5,2.7706799265678915e-5,0.11111097981348178,-0.11111006665965564
28556,0.1,-0.11111107274179965,2.799166485823425e-10,1.6730709745325883e-5,2.7501979999769137e-5,0.11111107274179965,-0.11111006738321484
28557,0.1,-0.11111116344323309,3.753732126494098e-10,1.9374550643806164e-5,2.7274190873926558e-5,0.11111116344323309,-0.11111006808322334
28558,0.1,-0.11111125168312659,4.834779326093775e-10,2.1988131630708815e-5,2.7023528137290735e-5,0.11111125168312659,-0.11111006875734447
28559,0.25,-0.11111133054903259,6.002928450172005e-10,2.4500874372503535e-5,2.6751716177896997e-5,0.11111133054903259,-0.11111006929636325
28560,0.625,-0.11111138397293698,7.15282827850738e-10,2.6744771972307747e-5,2.6103800392994074e-5,0.11111138397293698,-0.11111006945438355
28561,1.5625,-0.11111137138479375,7.993640980266869e-10,2.82730277477791e-5,2.444165199569635e-5,0.11111137138479375,-0.11111006860497108
28562,3.90625,-0.11111120429178599,7.815829537433068e-10,2.7956805141920397e-5,2.0181892999934197e-5,0.11111120429178599,-0.11111006553246912
28563,9.765625,-0.11111077147740114,5.42334393791919e-10,2.3288074067898338e-5,1.0315747772715319e-5,0.11111077147740114,-0.11111005988447631
28564,24.4140625,-0.11111034126462724,1.1306276343860155e-10,1.063309754674533e-5,1.4859218663731046e-5,0.11111034126462724,-0.11111005893983965
28565,9.765625,-0.11111043749690036,2.3853615867889657e-11,4.884016366464147e-6,3.919210010661649e-5,0.11111043749690036,-0.11111006104575896
28566,3.90625,-0.11111044446859601,3.060688799179656e-12,1.7494824375167806e-6,4.343457463763364e-5,0.11111044446859601,-0.11111006308084428
28567,1.5625,-0.11111044229260107,2.2298907599024088e-11,4.722171915445698e-6,4.328069344086457e-5,0.11111044229260107,-0.11111006492448308
28568,0.625,-0.11111043798008356,7.605050153093164e-11,8.720693867516027e-6,4.250331692693472e-5,0.11111043798008356,-0.11111006666654366
28569,0.25,-0.11111043306779804,1.6305304223694165e-10,1.2769222460155576e-5,4.18830439180252e-5,0.11111043306779804,-0.11111006836802671
28570,0.1,-0.11111042799947603,2.8294799140180363e-10,1.6821057975103814e-5,4.148247224402709e-5,0.11111042799947603,-0.11111007005561777
28571,0.1,-0.11111042239396225,4.3468706591201184e-10,2.084915024436276e-5,4.123293077894837e-5,0.11111042239396225,-0.11111007170387191
28572,0.1,-0.11111041618239775,6.172403814704231e-10,2.48443229223584e-5,4.094707415709251e-5,0.11111041618239775,-0.11111007330695721
28573,0.1,-0.11111040929935882,8.294735168704685e-10,2.8800581884234016e-5,4.062513915100925e-5,0.11111040929935882,-0.1111100748592444
28574,0.1,-0.11111040168314103,1.0701521651641344e-9,3.27131802973073e-5,4.026742858228263e-5,0.11111040168314103,-0.11111007635533164
28575,0.25,-0.1111103911453173,1.3307275491201152e-9,3.6479138546847776e-5,3.987638730051193e-5,0.1111103911453173,-0.11111007755269116
28576,0.625,-0.11111037278785896,1.5882250855119406e-9,3.9852541769778505e-5,3.89203425385575e-5,0.11111037278785896,-0.11111007790373342
28577,1.5625,-0.11111033484223742,1.7789282456003564e-9,4.217734279918967e-5,3.6438304921799655e-5,0.11111033484223742,-0.11111007600881638
28578,3.90625,-0.11111025513522191,1.7460012438646754e-9,4.178517971559624e-5,3.0017741724973532e-5,0.11111025513522191,-0.11111006912865594
28579,9.765625,-0.1111101289708183,1.2193085889943412e-9,3.491859947068813e-5,1.4694485738447447e-5,0.1111101289708183,-0.1111100563777752
28580,24.4140625,-0.11111017077738089,2.569449976624769e-10,1.602950397431177e-5,2.1107774174806127e-5,0.11111017077738089,-0.11111005405925523
28581,9.765625,-0.11111035257328282,5.4831282838666955e-11,7.404814841619401e-6,5.842320615547454e-5,0.11111035257328282,-0.11111005874638015
28582,3.90625,-0.11111046622458283,6.113097149385269e-12,2.4724678257533038e-6,6.494774542710386e-5,0.11111046622458283,-0.11111006330664912
28583,1.5625,-0.11111056685473955,4.7472918370507415e-11,6.890059388024708e-6,6.478709687510778e-5,0.11111056685473955,-0.11111006744339874
28584,0.625,-0.1111106636177099,1.6651264119298338e-10,1.290397772754523e-5,6.365502371023564e-5,0.1111106636177099,-0.11111007135326348
28585,0.25,-0.1111107591618004,3.6041610468726566e-10,1.8984628115590403e-5,6.274396300143743e-5,0.1111107591618004,-0.11111007517253332
28586,0.1,-0.11111085436385236,6.284117679807751e-10,2.5068142491632186e-5,6.215650446825923e-5,0.11111085436385236,-0.11111007896129492
28587,0.1,-0.11111094881849382,9.682099381477015e-10,3.111607202311535e-5,6.179301785280513e-5,0.11111094881849382,-0.11111008266314876
28588,0.1,-0.11111104238915814,1.377548380281461e-9,3.711533888140402e-5,6.137438233690206e-5,0.11111104238915814,-0.11111008626484493
28589,0.1,-0.11111113494061405,1.8539263290104798e-9,4.3057244791213475e-5,6.0900976908949016e-5,0.11111113494061405,-0.11111008975359005
28590,0.1,-0.11111122633928096,2.394614883369786e-9,4.8934802373870744e-5,6.037327102445733e-5,0.11111122633928096,-0.11111009311709848
28591,0.25,-0.11111131306792955,2.9805787942772726e-9,5.459467734383337e-5,5.9794732705497346e-5,0.11111131306792955,-0.111110095811656
28592,0.625,-0.11111138675948783,3.5605441835077605e-9,5.9670295654603226e-5,5.836744519992826e-5,0.11111138675948783,-0.1111100966076317
28593,1.5625,-0.11111142560143547,3.992099750003968e-9,6.31830653735949e-5,5.464599566967604e-5,0.11111142560143547,-0.1111100923580429
28594,3.90625,-0.11111137791535593,3.924009789343254e-9,6.26419171908336e-5,4.498827422041619e-5,0.11111137791535593,-0.11111007688493102
28595,9.765625,-0.11111115129421398,2.7484522163866177e-9,5.242568279370921e-5,2.16918286813872e-5,0.11111115129421398,-0.11111004809652383
28596,24.4140625,-0.11111072575362217,5.850394134616765e-10,2.418758800421564e-5,3.08844165718733e-5,0.11111072575362217,-0.11111004256781527
28597,9.765625,-0.11111059073652384,1.2626222956488229e-10,1.123664672243825e-5,8.744847999779265e-5,0.11111059073652384,-0.11111005307032475
28598,3.90625,-0.11111046004778659,1.335262481898536e-11,3.6541243573509317e-6,9.739623682923607e-5,0.11111046004778659,-0.11111006333818504
28599,1.5625,-0.11111033684929991,1.036178799304749e-10,1.0179286808537959e-5,9.72204042642198e-5,0.11111033684929991,-0.11111007266234454
28600,0.625,-0.1111102165857253,3.690476329830483e-10,1.9210612509314956e-5,9.555025121274737e-5,0.1111102165857253,-0.11111008147687834
28601,0.25,-0.11111009753307939,8.032800788190221e-10,2.8342196083208197e-5,9.41970494392691e-5,0.11111009753307939,-0.11111009008731422
28602,0.1,-0.11110997907132153,1.4045868211023148e-9,3.747781772065064e-5,9.332352364952954e-5,0.11110997907132153,-0.11111009862909263
28603,0.1,-0.11110986128704015,2.167873663159135e-9,4.656043022953219e-5,9.27836177479495e-5,0.11110986128704015,-0.11111010697635523
28604,0.1,-0.11110974425940734,3.0880917053952677e-9,5.5570601089022494e-5,9.216058601026404e-5,0.11110974425940734,-0.11111011509913063
28605,0.1,-0.11110962806677832,4.159653792237167e-9,6.449537806879782e-5,9.145501695938092e-5,0.11110962806677832,-0.11111012296847636
28606,0.1,-0.11110951278670154,5.376457812027075e-9,7.332433301453942e-5,9.066762784259641e-5,0.11110951278670154,-0.11111013055658851
28607,0.25,-0.11110940024984953,6.695908021382567e-9,8.182852816336468e-5,8.980353029014568e-5,0.11110940024984953,-0.11111013664140922
28608,0.625,-0.11110929502195406,8.003157884922232e-9,8.946037047163528e-5,8.766618749201402e-5,0.11110929502195406,-0.1111101384564624
28609,1.5625,-0.11110920980893749,8.978987803950141e-9,9.475752109437087e-5,8.208558985947028e-5,0.11110920980893749,-0.11111012891537925
28610,3.90625,-0.11110917982231241,8.835111204417007e-9,9.399527224502841e-5,6.758299112171166e-5,0.11110917982231241,-0.11111009407521445
28611,9.765625,-0.11110930117635626,6.2026955949785066e-9,7.87571939252441e-5,3.240901280343735e-5,0.11110930117635626,-0.1111100290487491
28612,24.4140625,-0.11111002271136465,8.857686460316166e-11,9.411528282014652e-6,4.4699004332008277e-5,0.11111002271136465,-0.1111100659360853
28613,9.765625,-0.11111076458829562,9.342685709999887e-11,9.665756933629092e-6,2.5302679794683015e-5,0.11111076458829562,-0.11111006534540402
28614,3.90625,-0.11111103222211881,1.0642625970818129e-10,1.0316310372811652e-5,1.694055705565957e-5,0.11111103222211881,-0.11111006511514879
28615,1.5625,-0.1111112481186814,1.2277346180317323e-10,1.1080318668845822e-5,1.341397913447597e-5,0.1111112481186814,-0.11111006507007795
28616,3.90625,-0.11111129209360232,1.22341442624728e-10,1.1060806599191941e-5,1.1864760586794432e-5,0.11111129209360232,-0.11111006465067814
28617,9.765625,-0.11111093782230516,8.242991681716582e-11,9.07909229037605e-6,8.51714403392781e-6,0.11111093782230516,-0.11111006381052917
28618,24.4140625,-0.11111032170303138,1.596275905505853e-11,3.99534216995973e-6,8.041394700906199e-6,0.11111032170303138,-0.11111006369701913
28619,9.765625,-0.11111060050147537,3.5399276210230276e-12,1.8814695376282412e-6,1.5814177200778053e-5,0.11111060050147537,-0.1111100640319516
28620,3.90625,-0.11111068917119775,1.33392407141483e-12,1.1549563071453525e-6,1.7043771741486542e-5,0.11111068917119775,-0.11111006433908033
28621,1.5625,-0.11111075638830509,4.778890446161331e-12,2.1860673471239014e-6,1.683422331709975e-5,0.11111075638830509,-0.11111006461595961
28622,0.625,-0.11111081827310205,1.3079684566396205e-11,3.6165846549467366e-6,1.6464837113845507e-5,0.11111081827310205,-0.11111006487720052
28623,0.25,-0.11111087858911163,2.6039373779681657e-11,5.102878969726958e-6,1.618200611192126e-5,0.11111087858911163,-0.11111006513170477
28624,0.1,-0.1111109384345322,4.358478324066376e-11,6.6018772512569305e-6,1.5993196645193494e-5,0.1111109384345322,-0.11111006538325693
28625,0.1,-0.11111099602171363,6.552080127582923e-11,8.094492033217972e-6,1.5867294638083794e-5,0.11111099602171363,-0.11111006562800228
28626,0.1,-0.11111105112876533,9.167003892809308e-11,9.574447186553023e-6,1.5732159951319904e-5,0.11111105112876533,-0.11111006586529365
28627,0.1,-0.11111110354409968,1.2184353281425616e-10,1.1038275808035246e-5,1.5587435396838868e-5,0.11111110354409968,-0.11111006609449725
28628,0.1,-0.11111115306711022,1.5584125851207008e-10,1.2483639634019803e-5,1.5432866686821723e-5,0.11111115306711022,-0.11111006631499983
28629,0.25,-0.11111119150495205,1.923184941831723e-10,1.3867894367320957e-5,1.5269644177749946e-5,0.11111119150495205,-0.11111006649206276
28630,0.625,-0.11111120070638203,2.2774947210597147e-10,1.5091370782866992e-5,1.490452089479277e-5,0.11111120070638203,-0.11111006654828064
28631,1.5625,-0.11111113634632691,2.525860879289159e-10,1.589295718011333e-5,1.3997415378440811e-5,0.11111113634632691,-0.11111006628845296
28632,3.90625,-0.11111090771853648,2.4431179998377486e-10,1.5630476639686163e-5,1.1738997086372428e-5,0.11111090771853648,-0.11111006534211028
28633,9.765625,-0.11111043191663761,1.6756397659176378e-10,1.2944650500950723e-5,6.961839455281305e-6,0.11111043191663761,-0.11111006362357341
28634,24.4140625,-0.11111014999905411,3.5255272119150133e-11,5.93761501944595e-6,9.365490222753532e-6,0.11111014999905411,-0.11111006335369965
28635,9.765625,-0.11111035936332553,7.788793566954175e-12,2.790841014274044e-6,2.2097843930302562e-5,0.11111035936332553,-0.11111006401348784
28636,3.90625,-0.11111044928069978,1.550452962048341e-12,1.245171860446718e-6,2.436868264526499e-5,0.11111044928069978,-0.11111006465071889
28637,1.5625,-0.11111052231950846,7.606215669384927e-12,2.7579368501444927e-6,2.425409599534313e-5,0.11111052231950846,-0.1111100652290692
28638,0.625,-0.1111105906969096,2.4240701961061762e-11,4.9234847375676675e-6,2.3807764375269203e-5,0.1111105906969096,-0.11111006577597439
28639,0.25,-0.11111065758206833,5.1051637816489596e-11,7.14504288416029e-6,2.345228035713303e-5,0.11111065758206833,-0.11111006631000842
28640,0.1,-0.11111072397695121,8.791529616407575e-11,9.376315703093392e-6,2.3219616474662848e-5,0.11111072397695121,-0.11111006683928992
28641,0.1,-0.11111078937614684,1.3449282318282374e-10,1.15971040860563e-5,2.3071191180091547e-5,0.11111078937614684,-0.11111006735592714
28642,0.1,-0.11111085363279066,1.9045406463324436e-10,1.3800509578752675e-5,2.290389981535451e-5,0.11111085363279066,-0.1111100678581982
28643,0.1,-0.11111091660392342,2.5543803836848396e-10,1.598242905094479e-5,2.271777562050711e-5,0.11111091660392342,-0.1111100683444393
28644,0.1,-0.11111097815089388,3.290542631392213e-10,1.8139852897397524e-5,2.2512907713179744e-5,0.11111097815089388,-0.11111006881305409
28645,0.25,-0.11111103427202582,4.086457120414846e-10,2.0214987312424528e-5,2.2290713453727434e-5,0.11111103427202582,-0.11111006918968126
28646,0.625,-0.1111110756266423,4.870977642299832e-10,2.207029143962497e-5,2.1761100611625463e-5,0.1111110756266423,-0.11111006930678781
28647,1.5625,-0.11111107851184288,5.447351835438828e-10,2.333956262537674e-5,2.040283917789625e-5,0.11111107851184288,-0.11111006873704747
28648,3.90625,-0.1111109905372074,5.333600682318213e-10,2.309458958786281e-5,1.6926525603594563e-5,0.1111109905372074,-0.11111006664850281
28649,9.765625,-0.11111074122735061,3.709185426519097e-10,1.9259245640780164e-5,8.959906782759418e-6,0.11111074122735061,-0.11111006279071457
28650,24.4140625,-0.11111045880784641,7.755034731947709e-11,8.80626750215306e-6,1.2524843789463262e-5,0.11111045880784641,-0.11111006213950494
28651,9.765625,-0.1111104812502228,1.653026557003673e-11,4.065742929654645e-6,3.2516560591789676e-5,0.1111104812502228,-0.11111006358433313
28652,3.90625,-0.11111046021700888,2.2150863343861245e-12,1.488316610935363e-6,3.602527728120816e-5,0.11111046021700888,-0.1111100649834905
28653,1.5625,-0.11111043607349583,1.5276992116777094e-11,3.908579296467847e-6,3.5904582973512184e-5,0.11111043607349583,-0.11111006625245565
28654,0.625,-0.11111041140529665,5.194435131652441e-11,7.207242976098725e-6,3.5266843511386645e-5,0.11111041140529665,-0.11111006745216997
28655,0.25,-0.11111038663828574,1.1135455303642978e-10,1.0552466680185717e-5,3.4757319043920785e-5,0.11111038663828574,-0.1111100686242151
28656,0.1,-0.1111103618705734,1.9326373459762285e-10,1.390193276482169e-5,3.442834219305713e-5,0.1111103618705734,-0.11111006978680932
28657,0.1,-0.11111033691614908,2.969590726944461e-10,1.7232500477134653e-5,3.42236055212892e-5,0.11111033691614908,-0.1111100709225714
28658,0.1,-0.11111031175702123,4.2173940720958436e-10,2.053629487540497e-5,3.3988921004564904e-5,0.11111031175702123,-0.11111007202750715
28659,0.1,-0.11111028637698195,5.66832009997611e-10,2.3808234079780275e-5,3.3724486406543696e-5,0.11111028637698195,-0.11111007309776222
28660,0.1,-0.11111026076173398,7.313957449014451e-10,2.7044329255898456e-5,3.343055438184393e-5,0.11111026076173398,-0.11111007412963644
28661,0.25,-0.111110234153927,9.096005723447735e-10,3.0159585082437282e-5,3.310912148887463e-5,0.111110234153927,-0.11111007495733366
28662,0.625,-0.11111020496218693,1.0857710142363896e-9,3.295103965334614e-5,3.232228451754943e-5,0.11111020496218693,-0.11111007520640853
28663,1.5625,-0.11111016969938226,1.2164151809470365e-9,3.487714410537417e-5,3.0278846217357136e-5,0.11111016969938226,-0.11111007391944175
28664,3.90625,-0.11111012386820923,1.1944000104360435e-9,3.4560092743452574e-5,2.499624351198537e-5,0.11111012386820923,-0.11111006922088107
28665,9.765625,-0.11111008248488016,8.348607618882066e-10,2.8893957186377336e-5,1.2463784820631471e-5,0.11111008248488016,-0.11111006049595029
28666,24.4140625,-0.111110190729223,1.764980828716009e-10,1.3285258103311389e-5,1.761920709296211e-5,0.111110190729223,-0.11111005889183219
28667,9.765625,-0.11111033299306995,3.7861424438987046e-11,6.153163774757425e-6,4.841246556163266e-5,0.11111033299306995,-0.11111006210559361
28668,3.90625,-0.11111043076820017,4.2563940312476e-12,2.063103010333609e-6,5.382466425885181e-5,0.11111043076820017,-0.11111006523732357
28669,1.5625,-0.11111051889455699,3.234826804155804e-11,5.687553783618933e-6,5.3702317250210235e-5,0.11111051889455699,-0.11111006808022919
28670,0.625,-0.11111060405060111,1.1364493135093532e-10,1.0660437671640659e-5,5.277225896585106e-5,0.11111060405060111,-0.11111007076808642
28671,0.25,-0.11111068824873956,2.4621868185073847e-10,1.5691356915535968e-5,5.202265851330114e-5,0.11111068824873956,-0.11111007339403695
28672,0.1,-0.11111077216656445,4.295437535054543e-10,2.072543735377988e-5,5.1539490192500505e-5,0.11111077216656445,-0.11111007599920589
28673,0.1,-0.11111085554201078,6.620597037851156e-10,2.573052086113135e-5,5.124094020140914e-5,0.11111085554201078,-0.1111100785450498
28674,0.1,-0.11111093827173196,9.422232244819542e-10,3.0695654814353677e-5,5.089678714235237e-5,0.11111093827173196,-0.11111008102248232
28675,0.1,-0.11111102025308746,1.2683275389743458e-9,3.5613586437964175e-5,5.050734854628352e-5,0.11111102025308746,-0.11111008342272967
28676,0.1,-0.11111110138435615,1.6385094996961764e-9,4.047850663866166e-5,5.007301659384929e-5,0.11111110138435615,-0.11111008573736393
28677,0.25,-0.11111117909647761,2.0397626280860483e-9,4.516373133484487e-5,4.959663333734814e-5,0.11111117909647761,-0.11111008759424225
28678,0.625,-0.11111124721996536,2.437039674291737e-9,4.9366382025541804e-5,4.841945241257966e-5,0.11111124721996536,-0.11111008815150887
28679,1.5625,-0.11111128950895045,2.732972186637393e-9,5.227783647624864e-5,4.534827280766121e-5,0.11111128950895045,-0.11111008525398804
28680,3.90625,-0.11111126656908205,2.6873118544765717e-9,5.183928871499465e-5,3.737894207989254e-5,0.11111126656908205,-0.11111007466746091
28681,9.765625,-0.11111110239727212,1.88381121188911e-9,4.3402894049695695e-5,1.820718177374472e-5,0.11111110239727212,-0.11111005494038234
28682,24.4140625,-0.11111074579407434,4.0231700674615264e-10,2.005784152759595e-5,2.5634162355217885e-5,0.11111074579407434,-0.11111005110228306
28683,9.765625,-0.11111060665709631,8.725824989259839e-11,9.341212442322378e-6,7.243160581605653e-5,0.11111060665709631,-0.11111005830066098
28684,3.90625,-0.11111048120786857,9.285570232869928e-12,3.0472233644532734e-6,8.069370864652972e-5,0.11111048120786857,-0.11111006534919636
28685,1.5625,-0.1111103637905721,7.060783282336898e-11,8.402846709500834e-6,8.056363623508539e-5,0.1111103637905721,-0.1111100717534855
28686,0.625,-0.11111024933728213,2.520164072237207e-10,1.5875024636948463e-5,7.91894800634778e-5,0.11111024933728213,-0.11111007780905173
28687,0.25,-0.11111013604339656,5.491503712440393e-10,2.3433957652177306e-5,7.807414305541796e-5,0.11111013604339656,-0.1111100837248933
28688,0.1,-0.11111002326916623,9.608293424771708e-10,3.099724733709706e-5,7.735415646520022e-5,0.11111002326916623,-0.11111008959380599
28689,0.1,-0.11110991112163744,1.4835765719959523e-9,3.851722435477344e-5,7.690949844094709e-5,0.11110991112163744,-0.11111009532971886
28690,0.1,-0.11110979968514545,2.113942793099157e-9,4.597763361787073e-5,7.639602028303738e-5,0.11110979968514545,-0.11111010091206458
28691,0.1,-0.11110968904324421,2.848109446458892e-9,5.336768166651885e-5,7.58142121163094e-5,0.11110968904324421,-0.1111101063209796
28692,0.1,-0.11110957927868105,3.681904612451096e-9,6.06786998249888e-5,7.516467032939078e-5,0.11110957927868105,-0.11111011153737865
28693,0.25,-0.11110947234342598,4.5861901171771415e-9,6.772141549891838e-5,7.445159405890218e-5,0.11110947234342598,-0.11111011572413043
28694,0.625,-0.11110937307168799,5.4823782220487595e-9,7.404308355308253e-5,7.26858182948722e-5,0.11110937307168799,-0.11111011698563175
28695,1.5625,-0.11110929473900237,6.1519822886833325e-9,7.843457329955543e-5,6.807329178711019e-5,0.11110929473900237,-0.11111011046503415
28696,3.90625,-0.11110927298794536,6.055281069908316e-9,7.781568652854202e-5,5.608575338499037e-5,0.11110927298794536,-0.11111008659972554
28697,9.765625,-0.11110939856158754,4.2541750767585566e-9,6.522403756866449e-5,2.7042530193079154e-5,0.11110939856158754,-0.11111004200283763
28698,24.4140625,-0.11110986191326751,9.15444460821218e-10,3.025631274331388e-5,3.780049641590373e-5,0.11110986191326751,-0.11111003298725028
28699,61.03515625,-0.11111071502109819,2.87193606074551e-10,1.6946787485377603e-5,0.00010796036293347698,0.11111071502109819,-0.11111006642294045
28700,24.4140625,-0.1111105674189179,8.612204597232396e-11,9.280196440395211e-6,2.2610865616845874e-5,0.1111105674189179,-0.11111006472511349
28701,9.765625,-0.11111047330282954,4.1138306471988396e-11,6.413915065853959e-6,2.4364212797035705e-5,0.11111047330282954,-0.11111006519774239
28702,3.90625,-0.11111044621292657,2.6758719633558098e-11,5.17288310650435e-6,2.628018093908843e-5,0.11111044621292657,-0.11111006586602012
28703,1.5625,-0.11111042224363467,2.809703021043154e-11,5.300663185907169e-6,2.6107113778784255e-5,0.11111042224363467,-0.11111006652459383
28704,0.625,-0.11111039906401142,4.206247489387325e-11,6.485558949996003e-6,2.5510999492699364e-5,0.11111039906401142,-0.11111006715647169
28705,0.25,-0.1111103761235157,6.77079220749004e-11,8.22848236766054e-6,2.496876376384542e-5,0.1111103761235157,-0.11111006776887196
28706,0.1,-0.11111035326105927,1.0460501262748729e-10,1.0227659195900462e-5,2.454975017562759e-5,0.11111035326105927,-0.11111006836754238
28707,0.1,-0.11111033093629137,1.5215017524275499e-10,1.2334916912681455e-5,2.4229794530433177e-5,0.11111033093629137,-0.11111006894364532
28708,0.1,-0.11111030919472843,2.098301057781382e-10,1.4485513652547438e-5,2.391059310464533e-5,0.11111030919472843,-0.11111006949660644
28709,0.1,-0.11111028807958116,2.771209571255041e-10,1.6646950385145747e-5,2.358945848287491e-5,0.11111028807958116,-0.11111007002575471
28710,0.1,-0.11111026763162603,3.5348689305531116e-10,1.880124711436215e-5,2.326415334109362e-5,0.11111026763162603,-0.11111007053035324
28711,0.25,-0.11111024970665048,4.3591132587332013e-10,2.08784895496135e-5,2.2936934028918688e-5,0.11111024970665048,-0.11111007093237472
28712,0.625,-0.11111023835530244,5.165676983362632e-10,2.2728125711027366e-5,2.2320380081022255e-5,0.11111023835530244,-0.11111007105684213
28713,1.5625,-0.11111024333539753,5.741223419738334e-10,2.3960850193051026e-5,2.0903719990626194e-5,0.11111024333539753,-0.11111007045958621
28714,3.90625,-0.11111028399279238,5.57148367237384e-10,2.3603990493926744e-5,1.744826257692138e-5,0.11111028399279238,-0.11111006829017432
28715,9.765625,-0.11111037509503822,3.8146093385701436e-10,1.9531024905442478e-5,9.970412422251116e-6,0.11111037509503822,-0.11111006435451862
28716,24.4140625,-0.11111042050504703,8.038093874948426e-11,8.965541743223565e-6,1.3250431521274099e-5,0.11111042050504703,-0.11111006369997718
28717,9.765625,-0.11111041795281335,2.2819237271337533e-11,4.776948531367858e-6,3.15236175393209e-5,0.11111041795281335,-0.1111100650002007
28718,3.90625,-0.11111042739130439,1.009399715150586e-11,3.1771051527303687e-6,3.450459011918574e-5,0.11111042739130439,-0.11111006626219969
28719,1.5625,-0.1111104373962564,2.2931316657354832e-11,4.788665435938789e-6,3.411372222645836e-5,0.1111104373962564,-0.11111006740224749
28720,0.625,-0.11111044739620365,5.7397533373437254e-11,7.5761159820476125e-6,3.328710428235109e-5,0.11111044739620365,-0.11111006847221529
28721,0.25,-0.11111045738246236,1.123724623228077e-10,1.0600587829116257e-5,3.261846838414135e-5,0.11111045738246236,-0.11111006950845713
28722,0.1,-0.11111046737413662,1.8734219032747572e-10,1.3687300330140919e-5,3.214521469665529e-5,0.11111046737413662,-0.11111007052716129
28723,0.1,-0.11111047741905998,2.8133266783771095e-10,1.677297432889322e-5,3.180724196334623e-5,0.11111047741905998,-0.11111007151204075
28724,0.1,-0.11111048751259932,3.9344068524799525e-10,1.983533930256791e-5,3.1451956852309545e-5,0.11111048751259932,-0.11111007246059638
28725,0.1,-0.11111049764906439,5.227261099933089e-10,2.2863204280968773e-5,3.107839087001679e-5,0.11111049764906439,-0.11111007337039043
28726,0.1,-0.11111050782172886,6.682130516252379e-10,2.584981724549011e-5,3.068581890156751e-5,0.11111050782172886,-0.11111007423907199
28727,0.25,-0.11111051806456139,8.241687203560307e-10,2.8708338864448963e-5,3.0277842940900107e-5,0.11111051806456139,-0.11111007491815529
28728,0.625,-0.11111052836068024,9.75674571001791e-10,3.1235789905199946e-5,2.9441022613568016e-5,0.11111052836068024,-0.11111007507687451
28729,1.5625,-0.11111053842835529,1.0820720843227296e-9,3.2894864102511956e-5,2.744288839902945e-5,0.11111053842835529,-0.11111007388062115
28730,3.90625,-0.11111054645913741,1.0452474516482408e-9,3.2330286909463713e-5,2.2490715396526337e-5,0.11111054645913741,-0.11111006975157565
28731,9.765625,-0.11111054290869081,7.04633073960392e-10,2.6544925578354746e-5,1.152884240510351e-5,0.11111054290869081,-0.11111006246722382
28732,24.4140625,-0.1111104892639302,1.3238198268981112e-10,1.1505736946837048e-5,1.852997864090793e-5,0.1111104892639302,-0.11111006189105053
28733,9.765625,-0.11111044906101737,2.8841309540003524e-11,5.370410556000679e-6,4.411665387414841e-5,0.11111044906101737,-0.11111006453963679
28734,3.90625,-0.11111042095828776,1.0874871678032094e-11,3.2977070333842715e-6,4.7991161874804395e-5,0.11111042095828776,-0.11111006698322896
28735,1.5625,-0.1111103954573267,4.2356957724458536e-11,6.508222316766579e-6,4.73594929186059e-5,0.1111103954573267,-0.1111100691635668
28736,0.625,-0.11111037082416535,1.1624049769617166e-10,1.0781488658630201e-5,4.6225250244477116e-5,0.11111037082416535,-0.11111007121020237
28737,0.25,-0.11111034652203383,2.3072486449590718e-10,1.5189630163236601e-5,4.535609241614069e-5,0.11111034652203383,-0.11111007320073506
28738,0.1,-0.11111032236973024,3.8509138298202815e-10,1.9623745386190377e-5,4.4774125144331945e-5,0.11111032236973024,-0.11111007516733235
28739,0.1,-0.11111029844850921,5.776100235218802e-10,2.403351875031786e-5,4.438182816248107e-5,0.11111029844850921,-0.11111007707500811
28740,0.1,-0.11111027478506126,8.066584640006318e-10,2.84017334682345e-5,4.395381055122169e-5,0.11111027478506126,-0.11111007891747034
28741,0.1,-0.11111025140557462,1.0705085506632907e-9,3.271862696788009e-5,4.349006565460312e-5,0.11111025140557462,-0.11111008068869486
28742,0.1,-0.11111022833570343,1.3673321871115055e-9,3.697745511945766e-5,4.299072301398013e-5,0.11111022833570343,-0.11111008238295586
28743,0.25,-0.11111020628585605,1.6855486582522003e-9,4.105543396740802e-5,4.2460799611165573e-5,0.11111020628585605,-0.1111100836957933
28744,0.625,-0.11111018694841902,1.994760062280346e-9,4.466273684270083e-5,4.129602931476873e-5,0.11111018694841902,-0.11111008395031355
28745,1.5625,-0.11111017477701902,2.2118403933933827e-9,4.7030207243785164e-5,3.841993167675544e-5,0.11111017477701902,-0.11111008143964649
28746,3.90625,-0.11111018065377666,2.1358206857387097e-9,4.621494007070343e-5,3.1161474963836966e-5,0.11111018065377666,-0.11111007293997317
28747,9.765625,-0.11111022641501724,1.4369002872567172e-9,3.790646761776567e-5,1.4407411590724918e-5,0.11111022641501724,-0.11111005803120907
28748,24.4140625,-0.11111033388309342,2.614346997320204e-10,1.616894244321565e-5,2.5675616266597158e-5,0.11111033388309342,-0.11111005711283474
28749,9.765625,-0.11111039075128086,4.882960695828136e-11,6.987818469184883e-6,6.337626989159883e-5,0.11111039075128086,-0.11111006268459418
28750,3.90625,-0.11111044084492763,1.2988575336148675e-11,3.6039666114086953e-6,6.901182410292072e-5,0.11111044084492763,-0.11111006776713214
28751,1.5625,-0.11111048742135643,7.967837621757923e-11,8.926274487017483e-6,6.812998622441055e-5,0.11111048742135643,-0.11111007228484346
28752,0.625,-0.11111053282721964,2.3457714763537136e-10,1.5315911583558172e-5,6.652742515561598e-5,0.11111053282721964,-0.11111007652223559
28753,0.25,-0.11111057788879149,4.741609513620685e-10,2.1775237113796683e-5,6.531014995948844e-5,0.11111057788879149,-0.11111008064577703
28754,0.1,-0.11111062290240455,7.971181250539525e-10,2.8233280451515945e-5,6.450776892125125e-5,0.11111062290240455,-0.11111008472396246
28755,0.1,-0.1111106677965401,1.2000205078543805e-9,3.464131215549406e-5,6.397810635004658e-5,0.1111106677965401,-0.11111008868430985
28756,0.1,-0.11111071252149417,1.6796326308703202e-9,4.0983321374314215e-5,6.339395808863032e-5,0.11111071252149417,-0.11111009251314956
28757,0.1,-0.11111075702644747,2.2324813827681716e-9,4.7249141608797206e-5,6.275555870591862e-5,0.11111075702644747,-0.11111009619739665
28758,0.1,-0.11111080125960521,2.8548692047286498e-9,5.3430976078756505e-5,6.206329431384462e-5,0.11111080125960521,-0.11111009972460788
28759,0.25,-0.11111084414726805,3.52275565139215e-9,5.9352806600801535e-5,6.132387194826368e-5,0.11111084414726805,-0.11111010245758199
28760,0.625,-0.11111088301150067,4.1727664676274765e-9,6.459695401199252e-5,5.9657135346737034e-5,0.11111088301150067,-0.11111010297752359
28761,1.5625,-0.11111091057955533,4.631233848998557e-9,6.805316927960488e-5,5.5490156139986566e-5,0.11111091057955533,-0.11111009770291362
28762,3.90625,-0.11111090828111425,4.477492058154055e-9,6.691406472599056e-5,4.489720744779201e-5,0.11111090828111425,-0.11111007985247585
28763,9.765625,-0.1111108356805951,3.0183826602729633e-9,5.4939809430621105e-5,1.996851548429393e-5,0.1111108356805951,-0.11111004846760084
28764,24.4140625,-0.11111064091935946,5.503925431376501e-10,2.3460446354186233e-5,3.643712317457195e-5,0.11111064091935946,-0.11111004639096084
28765,9.765625,-0.1111105415576919,1.003492859925355e-10,1.0017449076113914e-5,9.184661869038476e-5,0.1111105415576919,-0.11111005813456507
28766,3.90625,-0.11111045615031521,2.3043060147078885e-11,4.8003187547369065e-6,0.00010018537557737132,0.11111045615031521,-0.11111006886360163
28767,1.5625,-0.11111037688095823,1.6229679295210914e-10,1.2739575854482328e-5,9.898157103259569e-5,0.11111037688095823,-0.11111007840508227
28768,0.625,-0.11111029989641504,4.880727301212277e-10,2.2092368141990292e-5,9.670312849611904e-5,0.11111029989641504,-0.11111008735861609
28769,0.25,-0.11111022387774618,9.931140972069363e-10,3.151371284388649e-5,9.497297519530722e-5,0.11111022387774618,-0.11111009607633988
28770,0.1,-0.11111014836351019,1.674832054172802e-9,4.092471202308945e-5,9.38401992773918e-5,0.11111014836351019,-0.11111010470336617
28771,0.1,-0.11111007342306622,2.526195895545648e-9,5.026127630239455e-5,9.310044807199175e-5,0.11111007342306622,-0.11111011308720545
28772,0.1,-0.11110999911298829,3.5405433281275547e-9,5.950246489119215e-5,9.227927398406975e-5,0.11110999911298829,-0.11111012119830542
28773,0.1,-0.11110992548851895,4.710692380400471e-9,6.86344839013194e-5,9.137719972391186e-5,0.11110992548851895,-0.11111012900836963
28774,0.1,-0.11110985260356905,6.028969935302418e-9,7.764644187148834e-5,9.039493447595185e-5,0.11110985260356905,-0.11111013649047624
28775,0.25,-0.11110978180351358,7.444840695740586e-9,8.62834902848777e-5,8.934173105720153e-5,0.11110978180351358,-0.11111014229676089
28776,0.625,-0.11110971640259637,8.824747270715327e-9,9.394012598839394e-5,8.693524760303479e-5,0.11110971640259637,-0.11111014342234835
28777,1.5625,-0.11110966543667833,9.802187644338175e-9,9.900599802202984e-5,8.087933588186172e-5,0.11110966543667833,-0.11111013227414036
28778,3.90625,-0.11110965282050966,9.488033007818706e-9,9.740653472852171e-5,6.54272223660577e-5,0.11110965282050966,-0.11111009443837039
28779,9.765625,-0.11110973772359514,6.411523691567579e-9,8.00719906806842e-5,2.87318447064411e-5,0.11110973772359514,-0.11111002769201564
28780,24.4140625,-0.11111017169238284,1.0945047737456894e-10,1.0461858218049456e-5,5.083483344848771e-5,0.11111017169238284,-0.11111006996303133
28781,9.765625,-0.1111106512057268,1.1633517082453676e-10,1.0785878305661378e-5,2.794537293763862e-5,0.1111106512057268,-0.11111006916328897
28782,3.90625,-0.11111082019477682,1.3121998930193349e-10,1.145512938826679e-5,1.848317484343501e-5,0.11111082019477682,-0.11111006886850867
28783,1.5625,-0.11111095526287808,1.498696194365651e-10,1.2242124792558076e-5,1.4578974905527043e-5,0.11111095526287808,-0.11111006880874133
28784,3.90625,-0.11111097691928316,1.4800060893908843e-10,1.2165550087813063e-5,1.2862582304232161e-5,0.11111097691928316,-0.1111100683021167
28785,9.765625,-0.11111073827981241,9.835550601451139e-11,9.917434447200112e-6,9.25726688949226e-6,0.11111073827981241,-0.11111006731047565
28786,24.4140625,-0.1111103465153041,1.6953258698893207e-11,4.117433508739784e-6,8.985127481111914e-6,0.1111103465153041,-0.11111006726007602
28787,9.765625,-0.11111055005378546,3.4460342072337454e-12,1.8563496996077397e-6,1.691782375157998e-5,0.11111055005378546,-0.11111006764730119
28788,3.90625,-0.11111061430644495,1.6323963220894589e-12,1.2776526609722452e-6,1.804178541951538e-5,0.11111061430644495,-0.11111006799096602
28789,1.5625,-0.11111066303150653,6.274183267764836e-12,2.5048319839392094e-6,1.769278699902361e-5,0.11111066303150653,-0.11111006829562249
28790,0.625,-0.11111070791450615,1.642090764114825e-11,4.0522719110578265e-6,1.7216279823775336e-5,0.11111070791450615,-0.11111006858056846
28791,0.25,-0.11111075167112519,3.1818849813658834e-11,5.6408199593373685e-6,1.6856954474818717e-5,0.11111075167112519,-0.11111006885662351
28792,0.1,-0.11111079509207648,5.235731922975279e-11,7.2358357658084526e-6,1.6611929935214388e-5,0.11111079509207648,-0.11111006912827505
28793,0.1,-0.11111083689433925,7.778142255992376e-11,8.81937767418562e-6,1.6442474129776133e-5,0.11111083689433925,-0.11111006939099646
28794,0.1,-0.11111087691925775,1.0786101181559609e-10,1.0385615620443311e-5,1.62665555755199e-5,0.11111087691925775,-0.11111006964422522
28795,0.1,-0.11111091501571095,1.4235583360676053e-10,1.1931296392545134e-5,1.6083350578475214e-5,0.11111091501571095,-0.11111006988739928
28796,0.1,-0.11111095104059071,1.8101581314801564e-10,1.3454211725255985e-5,1.5892213108272958e-5,0.11111095104059071,-0.1111100701199658
28797,0.25,-0.11111097911936592,2.222474548748822e-10,1.4907966154874454e-5,1.5694712396179068e-5,0.11111097911936592,-0.111110070302053
28798,0.625,-0.11111098624780451,2.619073108891543e-10,1.6183550626767733e-5,1.5279395380315263e-5,0.11111098624780451,-0.11111007034554728
28799,1.5625,-0.11111094070980562,2.8879715107401585e-10,1.6994032807842164e-5,1.4276962596278762e-5,0.11111094070980562,-0.11111007002988978
28800,3.90625,-0.1111107778260875,2.7649924331650333e-10,1.662826639540344e-5,1.1812301176591616e-5,0.1111107778260875,-0.11111006894630746
28801,9.765625,-0.1111104398245867,1.8411521774977306e-10,1.3568906284213663e-5,6.723127069049911e-6,0.1111104398245867,-0.11111006706494814
28802,24.4140625,-0.11111024685906756,3.425998277566188e-11,5.853202779304838e-6,1.046329463210845e-5,0.11111024685906756,-0.11111006696573988
28803,9.765625,-0.11111039286794643,7.1789156607354826e-12,2.6793498578452726e-6,2.3096154107227603e-5,0.11111039286794643,-0.11111006768736915
28804,3.90625,-0.11111045271963514,2.7582570243627453e-12,1.6608001157161405e-6,2.5035371358121205e-5,0.11111045271963514,-0.11111006834998938
28805,1.5625,-0.11111050087180839,1.1400160349002534e-11,3.3764123487812527e-6,2.4709758202285658e-5,0.11111050087180839,-0.11111006894256882
28806,0.625,-0.11111054583842624,3.1290238306919354e-11,5.593767809528686e-6,2.4141096464521394e-5,0.11111054583842624,-0.11111006950034204
28807,0.25,-0.1111105897943924,6.198922306588907e-11,7.873323508270766e-6,2.3712853575338326e-5,0.1111105897943924,-0.11111007004406252
28808,0.1,-0.11111063342332338,1.0333963637018834e-10,1.0165610477004731e-5,2.3433113388561423e-5,0.11111063342332338,-0.1111100705822857
28809,0.1,-0.11111067634716283,1.5490847347921114e-10,1.2446223261665007e-5,2.3250826136740793e-5,0.11111067634716283,-0.11111007110559211
28810,0.1,-0.11111071846335037,2.1629020876848737e-10,1.4706808245451744e-5,2.305031566649466e-5,0.11111071846335037,-0.11111007161227882
28811,0.1,-0.11111075967208521,2.870489603519711e-10,1.6942519303573807e-5,2.2831502625859447e-5,0.11111075967208521,-0.11111007210070556
28812,0.1,-0.11111079987662688,3.667199300718904e-10,1.91499328999318e-5,2.2594389361988412e-5,0.11111079987662688,-0.11111007256930308
28813,0.25,-0.11111083623627434,4.5220520798990996e-10,2.126511716379456e-5,2.234093420491322e-5,0.11111083623627434,-0.11111007293632108
28814,0.625,-0.11111086214658338,5.353201249036262e-10,2.313698608081066e-5,2.176110814583409e-5,0.11111086214658338,-0.11111007301988195
28815,1.5625,-0.11111086093124199,5.936419578387343e-10,2.436476878278828e-5,2.0303751549243556e-5,0.11111086093124199,-0.11111007236141561
28816,3.90625,-0.11111079623747733,5.730393896152252e-10,2.393824115542379e-5,1.66206382499227e-5,0.11111079623747733,-0.11111007009603749
28817,9.765625,-0.11111062246547032,3.8526178482507644e-10,1.962808663179059e-5,8.438354948635877e-6,0.11111062246547032,-0.11111006611571457
28818,24.4140625,-0.1111104474886143,7.050067935483869e-11,8.396468266767801e-6,1.409859739416384e-5,0.1111104474886143,-0.11111006588923361
28819,9.765625,-0.1111104733859446,1.3245427404241624e-11,3.6394267961097425e-6,3.329243771973685e-5,0.1111104733859446,-0.11111006741331428
28820,3.90625,-0.11111046314905812,3.653227464675983e-12,1.9113417969259144e-6,3.623453349637934e-5,0.11111046314905812,-0.11111006880937524
28821,1.5625,-0.11111045005480273,2.184858061111221e-11,4.674246528705157e-6,3.581591263356992e-5,0.11111045005480273,-0.1111100700557465
28822,0.625,-0.11111043642116136,6.406128852568256e-11,8.00382961623263e-6,3.502450032692186e-5,0.11111043642116136,-0.11111007122892405
28823,0.25,-0.11111042267377848,1.294210299463279e-10,1.1376336402653005e-5,3.443115226387741e-5,0.11111042267377848,-0.11111007237378397
28824,0.1,-0.11111040891995531,2.1764962297637403e-10,1.4752953025627582e-5,3.405108087337755e-5,0.11111040891995531,-0.11111007350876288
28825,0.1,-0.1111103949735071,3.278881023061732e-10,1.8107680754480217e-5,3.3810662813317425e-5,0.1111103949735071,-0.11111007461389359
28826,0.1,-0.11111038081408448,4.5932320061483534e-10,2.14318268146893e-5,3.354049394635663e-5,0.11111038081408448,-0.11111007568525731
28827,0.1,-0.11111036642281759,6.110706604216531e-10,2.4719843454634842e-5,3.3240778045962734e-5,0.11111036642281759,-0.11111007671909189
28828,0.1,-0.11111035178242035,7.821788730553003e-10,2.7967460969049375e-5,3.2911783266399816e-5,0.11111035178242035,-0.11111007771180588
28829,0.25,-0.11111033609269194,9.661337588716153e-10,3.10826922719319e-5,3.2556230346802326e-5,0.11111033609269194,-0.11111007848833553
28830,0.625,-0.11111031763176087,1.1456363838998913e-9,3.384725075836871e-5,3.1715395434083946e-5,0.11111031763176087,-0.11111007865812379
28831,1.5625,-0.1111102924309156,1.273124050393893e-9,3.5680863924432844e-5,2.9568288237400513e-5,0.1111102924309156,-0.11111007723364869
28832,3.90625,-0.1111102539314808,1.2331211641676914e-9,3.51158249820176e-5,2.407577039928119e-5,0.1111102539314808,-0.111110072337977
28833,9.765625,-0.11111020750800708,8.345305732536796e-10,2.88882428204569e-5,1.1330726869391023e-5,0.11111020750800708,-0.11111006366886571
28834,24.4140625,-0.11111025914950975,1.5509430436001773e-10,1.2453686376331217e-5,1.95404988460963e-5,0.11111025914950975,-0.11111006300728042
28835,9.765625,-0.11111035616430576,2.8948020946014253e-11,5.380336508622323e-6,4.8676553493250445e-5,0.11111035616430576,-0.11111006628426656
28836,3.90625,-0.11111042168404264,6.279776435066101e-12,2.505948210770945e-6,5.320756802486277e-5,0.11111042168404264,-0.11111006930726151
28837,1.5625,-0.11111048071975521,4.4086460742102746e-11,6.639763605890103e-6,5.2672969481800794e-5,0.11111048071975521,-0.11111007200932047
28838,0.625,-0.11111053778127494,1.3417904170997983e-10,1.1583567745301092e-5,5.154640727289008e-5,0.11111053778127494,-0.11111007455302706
28839,0.25,-0.1111105942205811,2.74691704904719e-10,1.6573825898226364e-5,5.069511934843291e-5,0.1111105942205811,-0.11111007703563623
28840,0.1,-0.11111065049414588,4.650572030072124e-10,2.1565184975028903e-5,5.015153138823016e-5,0.11111065049414588,-0.11111007949749568
28841,0.1,-0.11111070644170074,7.034773091800539e-10,2.6523146668147313e-5,4.981088118981038e-5,0.11111070644170074,-0.1111100818960611
28842,0.1,-0.11111076199304716,9.882374941360338e-10,3.143624491150357e-5,4.9425401669007214e-5,0.11111076199304716,-0.11111008422266283
28843,0.1,-0.11111081707822136,1.3174650656635757e-9,3.629690159867059e-5,4.8995434568608e-5,0.11111081707822136,-0.11111008646897044
28844,0.1,-0.11111087162766493,1.6891370821065391e-9,4.1099112911430816e-5,4.852140486703735e-5,0.11111087162766493,-0.11111008862702526
28845,0.25,-0.11111092394586702,2.089270581529852e-9,4.570853948147821e-5,4.8007079211122284e-5,0.11111092394586702,-0.11111009031774408
28846,0.625,-0.11111096994424897,2.4806201927161955e-9,4.980582488741849e-5,4.677504808090887e-5,0.11111096994424897,-0.11111009069343986
28847,1.5625,-0.11111099887334538,2.7605898491461898e-9,5.2541315639658186e-5,4.3608980671098906e-5,0.11111099887334538,-0.11111008760683565
28848,3.90625,-0.1111109849371155,2.679485571084366e-9,5.176374765300872e-5,3.5470151390820376e-5,0.1111109849371155,-0.11111007695808048
28849,9.765625,-0.11111088035883956,1.8214980724814805e-9,4.267901208417881e-5,1.6241893692503735e-5,0.11111088035883956,-0.11111005798874746
28850,24.4140625,-0.11111066271481225,3.4419174496356615e-10,1.8552405368672983e-5,2.7956935301615912e-5,0.11111066271481225,-0.11111005624221355
28851,9.765625,-0.11111057522649902,6.531802310138586e-11,8.081956638177778e-6,7.162844054460763e-5,0.11111057522649902,-0.11111006334627772
28852,3.90625,-0.11111049286218135,1.2730539575481994e-11,3.5679881691903064e-6,7.851523704067186e-5,0.11111049286218135,-0.11111006994333326
28853,1.5625,-0.11111041529289288,9.243886984389322e-11,9.61451350011498e-6,7.780673045613448e-5,0.11111041529289288,-0.11111007584870781
28854,0.625,-0.11111033960123043,2.864840456780243e-10,1.6925839585616553e-5,7.617859784810541e-5,0.11111033960123043,-0.11111008140939758
28855,0.25,-0.1111102646940913,5.907786724854122e-10,2.430593903730963e-5,7.49388794053592e-5,0.1111102646940913,-0.11111008683657259
28856,0.1,-0.11111019017655062,1.0040979447282457e-9,3.168750455192465e-5,7.41463021997929e-5,0.11111019017655062,-0.1111100922185173
28857,0.1,-0.11111011604720833,1.5225856132230134e-9,3.902032307942892e-5,7.365036180531195e-5,0.11111011604720833,-0.111110097463567
28858,0.1,-0.11111004235326359,2.14254824494641e-9,4.628766838960902e-5,7.308764035971733e-5,0.11111004235326359,-0.11111010255264914
28859,0.1,-0.11110996914142152,2.8599452846317105e-9,5.347845626634814e-5,7.245867312223971e-5,0.11110996914142152,-0.11111010746743244
28860,0.1,-0.11110989645788227,3.670406279009488e-9,6.058387804531407e-5,7.176410910413533e-5,0.11110989645788227,-0.11111011219039586
28861,0.25,-0.1111098252882452,4.543693886296235e-9,6.740692758386363e-5,7.100937957486324e-5,0.1111098252882452,-0.1111101158965087
28862,0.625,-0.1111097581440504,5.39915769318476e-9,7.347896088803081e-5,6.919466856573618e-5,0.1111097581440504,-0.1111101167381272
28863,1.5625,-0.11110970206658352,6.0144024747817275e-9,7.755257877583265e-5,6.452147902667198e-5,0.11110970206658352,-0.11111011002869876
28864,3.90625,-0.11110967663931412,5.84719361808009e-9,7.646694461059688e-5,5.2481972281386554e-5,0.11110967663931412,-0.11111008678749355
28865,9.765625,-0.11110973533855405,3.989748045193458e-9,6.316445238576408e-5,2.3762026210661775e-5,0.11110973533855405,-0.11111004517700138
28866,24.4140625,-0.11111000912682642,7.642208042021845e-10,2.7644543841456032e-5,4.051278799751567e-5,0.11111000912682642,-0.11111004083501247
28867,9.765625,-0.11111020045516784,1.4635476477815796e-10,1.2097717337504541e-5,0.0001058252277841545,0.11111020045516784,-0.11111005635460651
28868,3.90625,-0.11111035312915135,2.532182690137397e-11,5.032079778915868e-6,0.00011625354417831603,0.11111035312915135,-0.11111007084578543
28869,1.5625,-0.11111049438480503,1.949278233785294e-10,1.3961655466975592e-5,0.00011530615230179806,0.11111049438480503,-0.11111008383452732
28870,0.625,-0.11111063201168245,6.15652845486063e-10,2.481235267938256e-5,0.00011294221103947178,0.11111063201168245,-0.11111009606829361
28871,0.25,-0.11111076859447754,1.2785180752376978e-9,3.575637111393853e-5,0.00011113055560052463,0.11111076859447754,-0.1111101080086332
28872,0.1,-0.11111090504367634,2.180876446542429e-9,4.669985488780912e-5,0.00010997153543086293,0.11111090504367634,-0.11111011984981556
28873,0.1,-0.11111104114939514,3.3144192867555364e-9,5.757099344944063e-5,0.0001092477357768814,0.11111104114939514,-0.11111013139322562
28874,0.1,-0.11111117676458414,4.671155010384254e-9,6.834584852340524e-5,0.00010842469510697058,0.11111117676458414,-0.11111014259681708
28875,0.1,-0.11111131174009016,6.242326481536758e-9,7.900839500671279e-5,0.0001075031834215844,0.11111131174009016,-0.11111015342014703
28876,0.1,-0.11111144592504481,8.018448180944561e-9,8.954578818093322e-5,0.0001064841378349025,0.11111144592504481,-0.11111016382453522
28877,0.25,-0.11111157613250652,9.933752450333153e-9,9.96682118347327e-5,0.00010537534679553523,0.11111157613250652,-0.11111017200506217
28878,0.625,-0.11111169447015304,1.1812561861630313e-8,0.00010868561018658502,0.00010269867131134299,0.11111169447015304,-0.11111017391422087
28879,1.5625,-0.11111177971859701,1.3169946474993247e-8,0.00011476038722047451,9.57916990371917e-5,0.11111177971859701,-0.11111015927353224
28880,3.90625,-0.11111177881534795,1.2821774683007146e-8,0.00011323327551125219,7.796911537901302e-5,0.11111177881534795,-0.1111101083257155
28881,9.765625,-0.11111158191689853,8.777221815085365e-9,9.3686828396981e-5,3.5229291624859634e-5,0.11111158191689853,-0.11111001669484503
28882,24.4140625,-0.11111115116112219,1.428183074470518e-10,1.1950661381155931e-5,5.7824635570966246e-5,0.11111115116112219,-0.11111007289188252
28883,9.765625,-0.11111006533986757,1.5092937864722988e-10,1.2285331849292061e-5,3.208105496650077e-5,0.11111006533986757,-0.11111007189153019
28884,3.90625,-0.11110965191389059,1.72036639342393e-10,1.3116273836055459e-5,2.1154080661292862e-5,0.11110965191389059,-0.11111007149993402
28885,1.5625,-0.11110931946495926,1.982730586345656e-10,1.4080946652642557e-5,1.6517141969021274e-5,0.11110931946495926,-0.1111100714091721
28886,3.90625,-0.11110923655328012,1.966266300163418e-10,1.4022361784533367e-5,1.4466039449058364e-5,0.11110923655328012,-0.11111007071824365
28887,9.765625,-0.11110974354241147,1.2995781644174827e-10,1.1399904229498959e-5,1.000305234418089e-5,0.11110974354241147,-0.11111006938212438
28888,24.4140625,-0.11111067669803255,2.326989050991268e-11,4.823887489350542e-6,9.6029604140301e-6,0.11111067669803255,-0.11111006926847365
28889,9.765625,-0.11111022469969634,4.6859660791178285e-12,2.164709236622283e-6,1.9426098067352077e-5,0.11111022469969634,-0.11111006978527538
28890,3.90625,-0.11111006353573968,2.299608118382633e-12,1.5164458837632924e-6,2.076376424122189e-5,0.11111006353573968,-0.1111100702385206
28891,1.5625,-0.11110993721166093,8.658302261620585e-12,2.942499322280395e-6,2.037971018536156e-5,0.11110993721166093,-0.11111007064067104
28892,0.625,-0.1111098197637808,2.2526238742975214e-11,4.746181490732862e-6,1.9850640347736117e-5,0.1111098197637808,-0.1111100710177822
28893,0.25,-0.11110970497891694,4.359637558602636e-11,6.602755151149129e-6,1.945858865521661e-5,0.11110970497891694,-0.11111007138429037
28894,0.1,-0.11110959101746636,7.174748437886085e-11,8.4703886793264e-6,1.91985784120214e-5,0.11110959101746636,-0.11111007174609008
28895,0.1,-0.11110948062628956,1.0663951769158133e-10,1.0326641162138893e-5,1.902465322875246e-5,0.11110948062628956,-0.11111007209678786
28896,0.1,-0.1111093741656765,1.479709239005142e-10,1.2164329981569647e-5,1.8839787727269648e-5,0.1111093741656765,-0.11111007243544638
28897,0.1,-0.11110927198009696,1.9542294103875542e-10,1.3979375559686327e-5,1.8643424035591997e-5,0.11110927198009696,-0.11111007276114826
28898,0.1,-0.11110917439717742,2.486604560096196e-10,1.576897130473702e-5,1.8435153164751653e-5,0.11110917439717742,-0.1111100730730065
28899,0.25,-0.1111090943913607,3.0542312955618343e-10,1.7476359161913084e-5,1.821673193126578e-5,0.1111090943913607,-0.11111007331608559
28900,0.625,-0.11110906084440023,3.5983621227894e-10,1.896934928454163e-5,1.773603935310303e-5,0.11110906084440023,-0.11111007336914636
28901,1.5625,-0.11110914468021366,3.961401606183642e-10,1.990327009861355e-5,1.6552117757121918e-5,0.11110914468021366,-0.11111007292992262
28902,3.90625,-0.11110949327449741,3.779058845671e-10,1.9439801556782928e-5,1.3619989724009531e-5,0.11110949327449741,-0.11111007144326801
28903,9.765625,-0.1111102561041969,2.5135922432338576e-10,1.5854312483465997e-5,7.4842726910977245e-6,0.1111102561041969,-0.11111006887074043
28904,24.4140625,-0.11111080067357658,4.778360462912261e-11,6.912568598511164e-6,1.1773518288934115e-5,0.11111080067357658,-0.1111100686831958
28905,9.765625,-0.11111051622790044,9.285050717012684e-12,3.047138119123038e-6,2.6915950523559465e-5,0.11111051622790044,-0.11111006967736263
28906,3.90625,-0.11111040794422926,2.4796724978740755e-12,1.5746975893402758e-6,2.9341619498351275e-5,0.11111040794422926,-0.11111007059481298
28907,1.5625,-0.11111032362081215,1.3820825773403968e-11,3.717637122340475e-6,2.9020985843970613e-5,0.11111032362081215,-0.11111007141548797
28908,0.625,-0.11111024581926054,4.0791582355063767e-11,6.386828818362347e-6,2.8383764744983403e-5,0.11111024581926054,-0.11111007218780543
28909,0.25,-0.11111017011675386,8.279750694027419e-11,9.099313542255492e-6,2.789966020771795e-5,0.11111017011675386,-0.11111007294078863
28910,0.1,-0.1111100951299066,1.39639733133392e-10,1.1816925705672859e-5,2.758521970797079e-5,0.1111100951299066,-0.1111100736865257
28911,0.1,-0.11111002156901963,2.107504565294586e-10,1.4517246864659242e-5,2.7383002725273978e-5,0.11111002156901963,-0.11111007441234305
28912,0.1,-0.11110994963403086,2.955917941944515e-10,1.719278320093787e-5,2.715825024872108e-5,0.11110994963403086,-0.11111007511578945
28913,0.1,-0.1111098795187254,3.935815823411151e-10,1.9838890652985492e-5,2.6910944117952083e-5,0.1111098795187254,-0.11111007579450255
28914,0.1,-0.11110981141017127,5.040954695700477e-10,2.245207049628269e-5,2.6641147175112624e-5,0.11110981141017127,-0.1111100764462229
28915,0.25,-0.11110975082649643,6.229120791194652e-10,2.4958206648705056e-5,2.6350959940973038e-5,0.11110975082649643,-0.11111007695809735
28916,0.625,-0.11110971059253578,7.388307766788048e-10,2.7181441769685523e-5,2.567440399254305e-5,0.11110971059253578,-0.11111007707818307
28917,1.5625,-0.11110972303743215,8.211004393805141e-10,2.8654850189462065e-5,2.395780223265731e-5,0.11110972303743215,-0.11111007616950577
28918,3.90625,-0.1111098582968496,7.953170863297861e-10,2.8201366745776455e-5,1.9588703768714366e-5,0.1111098582968496,-0.11111007302159641
28919,9.765625,-0.11111020183856742,5.392541264844808e-10,2.3221845888828062e-5,9.634586264270718e-6,0.11111020183856742,-0.1111100674288821
28920,24.4140625,-0.11111052456850878,1.0216241321389602e-10,1.0107542392386787e-5,1.5922956930419945e-5,0.11111052456850878,-0.11111006693963811
28921,9.765625,-0.11111043456313328,1.9456950583438513e-11,4.411003353369674e-6,3.924576981416537e-5,0.11111043456313328,-0.1111100690642108
28922,3.90625,-0.11111042126244171,3.995061071950155e-12,1.998764886611268e-6,4.295532476063174e-5,0.11111042126244171,-0.1111100710366182
28923,1.5625,-0.11111041631395233,2.7773595612526247e-11,5.270065996980137e-6,4.255900494365911e-5,0.11111041631395233,-0.11111007280339115
28924,0.625,-0.11111041343083568,8.545571636666662e-11,9.244226109667949e-6,4.1668802620555204e-5,0.11111041343083568,-0.11111007446766126
28925,0.25,-0.11111041119886364,1.7582029165285637e-10,1.3259724418435565e-5,4.0991537741846014e-5,0.11111041119886364,-0.11111007609208388
28926,0.1,-0.11111040920645099,2.9849600275785275e-10,1.727703686277982e-5,4.055791051428708e-5,0.11111040920645099,-0.11111007770284301
28927,0.1,-0.11111040780525622,4.523317866738293e-10,2.1268093160267783e-5,4.028580466130386e-5,0.11111040780525622,-0.11111007927271027
28928,0.1,-0.11111040705572689,6.362264027684152e-10,2.522352875329729e-5,3.997791070167127e-5,0.11111040705572689,-0.11111008079607458
28929,0.1,-0.11111040701470332,8.489768157794541e-10,2.913720672575623e-5,3.963446323535915e-5,0.11111040701470332,-0.11111008226753835
28930,0.1,-0.11111040773522995,1.089283160642447e-9,3.300429003390994e-5,3.9255770035325166e-5,0.11111040773522995,-0.1111100836819407
28931,0.25,-0.11111041121197406,1.348177332466513e-9,3.671753440069898e-5,3.884474677238252e-5,0.11111041121197406,-0.11111008479454566
28932,0.625,-0.1111104219028879,1.601749645549225e-9,4.002186459360964e-5,3.7859673884059474e-5,0.1111104219028879,-0.1111100850574105
28933,1.5625,-0.11111045060314376,1.7840868229229358e-9,4.223845194751976e-5,3.532751639581624e-5,0.11111045060314376,-0.11111008308074591
28934,3.90625,-0.11111051847096372,1.7345330731698387e-9,4.164772590634258e-5,2.8819596303953287e-5,0.11111051847096372,-0.11111007620093748
28935,9.765625,-0.11111063710049074,1.1842189995312704e-9,3.441248319333074e-5,1.3500516139933894e-5,0.11111063710049074,-0.11111006386678267
28936,24.4140625,-0.11111064714714156,2.2797726862222144e-10,1.5098916140644712e-5,2.244568070377979e-5,0.11111064714714156,-0.11111006256108791
28937,9.765625,-0.1111105156660714,4.4005396161640724e-11,6.633656319228539e-6,5.784108501668417e-5,0.1111105156660714,-0.11111006718617712
28938,3.90625,-0.11111043456791622,7.631103099513832e-12,2.7624451305888108e-6,6.353899642486631e-5,0.11111043456791622,-0.11111007151402408
28939,1.5625,-0.11111036298888788,5.76537328437215e-11,7.593005521117544e-6,6.303853322581549e-5,0.11111036298888788,-0.1111100753974315
28940,0.625,-0.11111029435298392,1.823366989173567e-10,1.350321068921598e-5,6.176120604728452e-5,0.11111029435298392,-0.11111007905702878
28941,0.25,-0.11111022677401176,3.7901855365762263e-10,1.946839884678816e-5,6.078140586810416e-5,0.11111022677401176,-0.11111008262969495
28942,0.1,-0.11111015963104393,6.469223150239905e-10,2.5434667582337115e-5,6.01553401023512e-5,0.11111015963104393,-0.11111008617316308
28943,0.1,-0.11111009316183533,9.835979577561599e-10,3.1362365308696984e-5,5.9765444474815224e-5,0.11111009316183533,-0.11111008962854642
28944,0.1,-0.11111002745263221,1.3866869011362194e-9,3.723824514039591e-5,5.932163798186917e-5,0.11111002745263221,-0.11111009298333503
28945,0.1,-0.11110996258760931,1.8536027943568353e-9,4.305348759806615e-5,5.88243100096999e-5,0.11110996258760931,-0.11111009622548762
28946,0.1,-0.11110989864870861,2.381542395277899e-9,4.880104912066849e-5,5.8273946609972166e-5,0.11110989864870861,-0.11111009934348061
28947,0.25,-0.11110983789323357,2.951019595809662e-9,5.432328778534729e-5,5.767462324692179e-5,0.11110983789323357,-0.11111010180101762
28948,0.625,-0.11110978567970312,3.5099493412437937e-9,5.924482543854606e-5,5.622309665546391e-5,0.11110978567970312,-0.11111010239493879
28949,1.5625,-0.11110975594426005,3.914503848219459e-9,6.256599594204075e-5,5.247282218680695e-5,0.11110975594426005,-0.11111009806844674
28950,3.90625,-0.11110978164615168,3.8132986875440125e-9,6.175191242013492e-5,4.279769623513273e-5,0.11110978164615168,-0.11111008293785112
28951,9.765625,-0.11110992200226019,2.6146521040658732e-9,5.113366898693926e-5,1.972699980081577e-5,0.11110992200226019,-0.11111005565274751
28952,24.4140625,-0.11111019575980921,5.115236517431574e-10,2.261688863975674e-5,3.2458173373262415e-5,0.11111019575980921,-0.11111005236256424
28953,9.765625,-0.11111029892916446,1.0044857016915343e-10,1.002240341281239e-5,8.569354064072763e-5,0.11111029892916446,-0.11111006251695345
28954,3.90625,-0.1111103979450843,1.5793096803411198e-11,3.974052944213401e-6,9.437868401446105e-5,0.1111103979450843,-0.11111007208332191
28955,1.5625,-0.11111049156993832,1.2233215663383532e-10,1.1060386821166579e-5,9.373131887199391e-5,0.11111049156993832,-0.11111008068166334
28956,0.625,-0.1111105833077527,3.940541488834405e-10,1.985079718508656e-5,9.187820631872632e-5,0.1111105833077527,-0.11111008878768999
28957,0.25,-0.11111067450925385,8.250774861340839e-10,2.8724162061478554e-5,9.044579514842598e-5,0.11111067450925385,-0.11111009670194441
28958,0.1,-0.11111076567327034,1.4137200942208195e-9,3.759946933429805e-5,8.953006907960908e-5,0.11111076567327034,-0.11111010455216014
28959,0.1,-0.111110856741743,2.1546800459259683e-9,4.641853127713078e-5,8.896138051080832e-5,0.111110856741743,-0.1111101122099055
28960,0.1,-0.11111094763215208,3.0428292942105022e-9,5.516184636331984e-5,8.831198246969192e-5,0.11111094763215208,-0.11111011964732975
28961,0.1,-0.11111103825965966,4.072532737095414e-9,6.381639865344497e-5,8.758247995137884e-5,0.11111103825965966,-0.1111101268376144
28962,0.1,-0.11111112853730522,5.2376720785096575e-9,7.237176299158158e-5,8.677361276592047e-5,0.11111112853730522,-0.11111013375507713
28963,0.25,-0.11111121683232274,6.495598072030387e-9,8.059527326109384e-5,8.589125395137238e-5,0.11111121683232274,-0.1111101392183666
28964,0.625,-0.11111129898234087,7.732127626486934e-9,8.793251745791732e-5,8.374359485145758e-5,0.11111129898234087,-0.111110140573224
28965,1.5625,-0.11111136347159072,8.631593114037684e-9,9.290636745690622e-5,7.818091510814596e-5,0.11111136347159072,-0.11111013106742175
28966,3.90625,-0.11111137982793128,8.421433178021211e-9,9.176836697915688e-5,6.380149788274608e-5,0.11111137982793128,-0.11111009766022388
28967,9.765625,-0.11111127549080976,5.794439270095367e-9,7.612121432357321e-5,2.9276211822559573e-5,0.11111127549080976,-0.11111003712126861
28968,24.4140625,-0.11111080071729014,9.107518818421342e-11,9.543332132133589e-6,4.6385172240499326e-5,0.11111080071729014,-0.11111007377108097
28969,9.765625,-0.11111018675034007,9.716622496764746e-11,9.85729298375814e-6,2.551741466384078e-5,0.11111018675034007,-0.11111007310325473
28970,3.90625,-0.1111099628873054,1.1016435088212244e-10,1.0495920678155035e-5,1.681756578961334e-5,0.1111099628873054,-0.11111007285009958
28971,1.5625,-0.11110978319066547,1.2620510451059578e-10,1.1234104526422914e-5,1.321117617083082e-5,0.11110978319066547,-0.11111007279414845
28972,3.90625,-0.11110974550393701,1.2504638848339055e-10,1.1182414251108324e-5,1.1647287269337248e-5,0.11110974550393701,-0.1111100723606005
28973,9.765625,-0.11111003853653793,8.38303497238848e-11,9.155891530805987e-6,8.317138028435354e-6,0.11111003853653793,-0.11111007150976902
28974,24.4140625,-0.11111055037762309,1.529173679714344e-11,3.9104650359188025e-6,8.125204203500581e-6,0.11111055037762309,-0.11111007143465843
28975,9.765625,-0.11111030438176007,3.2218804849679717e-12,1.7949597446650361e-6,1.5779107386542224e-5,0.11111030438176007,-0.11111007176982812
28976,3.90625,-0.11111022406913836,1.3473443420184835e-12,1.1607516280490341e-6,1.693768869393879e-5,0.11111022406913836,-0.11111007207256694
28977,1.5625,-0.11111016256272443,5.12230462298547e-12,2.2632508970473136e-6,1.6683678192756615e-5,0.11111016256272443,-0.11111007234359056
28978,0.625,-0.11111010576477366,1.3743313512163688e-11,3.7071975280747703e-6,1.628869355693736e-5,0.11111010576477366,-0.11111007259861752
28979,0.25,-0.11111005036404367,2.7009431039544788e-11,5.197059845676667e-6,1.5990701412649666e-5,0.11111005036404367,-0.11111007284678898
28980,0.1,-0.11110999539106764,4.484319985834929e-11,6.696506541350445e-6,1.579211122052973e-5,0.11110999539106764,-0.11111007309191633
28981,0.1,-0.11110994239347131,6.704146019564657e-11,8.187884964729693e-6,1.5659252275843706e-5,0.11110994239347131,-0.11111007333002877
28982,0.1,-0.11110989156527866,9.341962320622992e-11,9.665382724249978e-6,1.5517633765753474e-5,0.11110989156527866,-0.11111007356050773
28983,0.1,-0.11110984309148697,1.2378188481195153e-10,1.112573075406517e-5,1.5366829080837835e-5,0.11110984309148697,-0.1111100737827465
28984,0.1,-0.11110979714749723,1.5792169530911694e-10,1.2566689910597657e-5,1.5206526298204433e-5,0.11110979714749723,-0.11111007399615726
28985,0.25,-0.1111097608676479,1.9446301279044979e-10,1.3944999562224797e-5,1.5038010250810985e-5,0.1111097608676479,-0.11111007416569056
28986,0.625,-0.11110975007011117,2.298026919338543e-10,1.5159244438093024e-5,1.4664892329471275e-5,0.11110975007011117,-0.11111007421354883
28987,1.5625,-0.11110980342487263,2.5417802119453216e-10,1.594296149385465e-5,1.3742509464153613e-5,0.11110980342487263,-0.11111007394428808
28988,3.90625,-0.11111000034308036,2.445271669478671e-10,1.563736445018364e-5,1.1452878621157736e-5,0.11111000034308036,-0.1111100729917512
28989,9.765625,-0.11111041543848922,1.6482572130167954e-10,1.2838446997268772e-5,6.674797061024316e-6,0.11111041543848922,-0.11111007130482824
28990,24.4140625,-0.1111106755638854,3.1965132823139165e-11,5.653771557388852e-6,9.71004325886815e-6,0.1111106755638854,-0.11111007115388429
28991,9.765625,-0.11111050457277515,6.592643540817135e-12,2.5676143676216518e-6,2.195916846371095e-5,0.11111050457277515,-0.11111007180820318
28992,3.90625,-0.11111043342252362,1.8047999756571002e-12,1.343428440839742e-6,2.396912118804798e-5,0.11111043342252362,-0.11111007241983646
28993,1.5625,-0.11111037613210141,8.928416495919e-12,2.9880455980320984e-6,2.3745304372524364e-5,0.11111037613210141,-0.11111007296998976
28994,0.625,-0.11111032266450648,2.6321106491033163e-11,5.130409972997593e-6,2.3252018445786206e-5,0.11111032266450648,-0.11111007348902677
28995,0.25,-0.11111027043644946,5.359820757650877e-11,7.321079672869895e-6,2.287462811714182e-5,0.11111027043644946,-0.11111007399565306
28996,0.1,-0.111110218633671,9.063584685552402e-11,9.520286070046636e-6,2.2630174504533387e-5,0.111110218633671,-0.11111007449773591
28997,0.1,-0.11111016765600686,1.3707498842707447e-10,1.1707902819338503e-5,2.247418169527141e-5,0.11111016765600686,-0.11111007498704027
28998,0.1,-0.1111101176209592,1.925735475739217e-10,1.3877087142982193e-5,2.229977069316697e-5,0.1111101176209592,-0.11111007546192665
28999,0.1,-0.11111006864263091,2.567598366328848e-10,1.6023727301501507e-5,2.2106959969457514e-5,0.11111006864263091,-0.11111007592081434
29000,0.1,-0.11111002083141207,3.292339213928096e-10,1.8144804253361612e-5,2.189582873925703e-5,0.11111002083141207,-0.1111100763621899
29001,0.25,-0.11110997739064826,4.072705132716461e-10,2.018094431070177e-5,2.1667958223748024e-5,0.11110997739064826,-0.11111007671218588
29002,0.625,-0.11110994579063767,4.836170916221989e-10,2.1991295814985503e-5,2.113090542664009e-5,0.11110994579063767,-0.11111007680554563
29003,1.5625,-0.1111099449403976,5.383117057392989e-10,2.3201545330845937e-5,1.9762134387838587e-5,0.1111099449403976,-0.11111007622348688
29004,3.90625,-0.11111001631846067,5.22841235763202e-10,2.2865721850910414e-5,1.627732380735638e-5,0.11111001631846067,-0.1111100741651797
29005,9.765625,-0.1111102136233574,3.5658321165524026e-10,1.888341101748411e-5,8.426737158224894e-6,0.1111102136233574,-0.11111007047019388
29006,24.4140625,-0.11111042310642388,6.899047704767749e-11,8.306050628769216e-6,1.305692564962774e-5,0.11111042310642388,-0.11111007009042323
29007,9.765625,-0.11111039705754076,1.3592529051475916e-11,3.6868047210933097e-6,3.201238368714432e-5,0.11111039705754076,-0.11111007149693702
29008,3.90625,-0.11111040963418008,2.683808746901531e-12,1.6382334225932307e-6,3.510666355849926e-5,0.11111040963418008,-0.11111007281529263
29009,1.5625,-0.11111042534233945,1.779837091552411e-11,4.2188115525019735e-6,3.482973011956701e-5,0.11111042534233945,-0.1111100740004498
29010,0.625,-0.11111044168714036,5.540050169721901e-11,7.443151328383631e-6,3.413148458934942e-5,0.11111044168714036,-0.11111007511847679
29011,0.25,-0.11111045821710588,1.1468753871789256e-10,1.0709226802990614e-5,3.3596453558179575e-5,0.11111045821710588,-0.11111007621042684
29012,0.1,-0.1111104748209298,1.9542452462422103e-10,1.3979432199636043e-5,3.3254707466190296e-5,0.1111104748209298,-0.11111007729361512
29013,0.1,-0.11111049168469896,2.9687281173682776e-10,1.722999743867734e-5,3.304191839092755e-5,0.11111049168469896,-0.1111100783502376
29014,0.1,-0.11111050882608042,4.1832184819450267e-10,2.0452917840604128e-5,3.279989595173143e-5,0.11111050882608042,-0.1111100793765356
29015,0.1,-0.11111052626072272,5.589927906211284e-10,2.3643028372463803e-5,3.252883960677824e-5,0.11111052626072272,-0.11111008036888977
29016,0.1,-0.11111054400217962,7.180417309510714e-10,2.6796300695265222e-5,3.2229006367994205e-5,0.11111054400217962,-0.11111008132383546
29017,0.25,-0.11111056282575997,8.896018903633267e-10,2.982619470135818e-5,3.1902596747915724e-5,0.11111056282575997,-0.11111008207972577
29018,0.625,-0.1111105843732927,1.057992421941979e-9,3.252679544532444e-5,3.11122370775533e-5,0.1111105843732927,-0.11111008227396658
29019,1.5625,-0.11111061236383453,1.1799126477015247e-9,3.4349856589242475e-5,2.9071681312311073e-5,0.11111061236383453,-0.11111008098526826
29020,3.90625,-0.11111065262900223,1.1495697095759909e-9,3.390530503587884e-5,2.382133296875545e-5,0.11111065262900223,-0.11111007643960227
29021,9.765625,-0.11111069792738698,7.887550962303373e-10,2.8084784069498154e-5,1.1525539797173962e-5,0.11111069792738698,-0.11111006822428829
29022,24.4140625,-0.11111063808441723,1.5509575892549915e-10,1.2453744775187067e-5,1.825590950061007e-5,0.11111063808441723,-0.1111100672229801
29023,9.765625,-0.11111053210996588,3.0835371616435676e-11,5.552960617223544e-6,4.725012902618054e-5,0.11111053210996588,-0.11111007029897507
29024,3.90625,-0.11111045930468225,5.029903895912996e-12,2.2427447237510106e-6,5.2027333778621016e-5,0.11111045930468225,-0.11111007320412043
29025,1.5625,-0.1111103936787585,3.693029081941423e-11,6.077029769502057e-6,5.1686216957470394e-5,0.1111103936787585,-0.11111007581912348
29026,0.625,-0.11111033034927506,1.1869690373811843e-10,1.0894810862888737e-5,5.067984798685396e-5,0.11111033034927506,-0.11111007828628147
29027,0.25,-0.11111026784864121,2.485631682395001e-10,1.5765886218018325e-5,4.990150519437875e-5,0.11111026784864121,-0.11111008069597589
29028,0.1,-0.11111020568397434,4.260309580731891e-10,2.064051738869908e-5,4.940499083795477e-5,0.11111020568397434,-0.11111008308669527
29029,0.1,-0.11111014400541981,6.495142600632813e-10,2.5485569643688198e-5,4.9097964007940566e-5,0.11111014400541981,-0.11111008541973343
29030,0.1,-0.11111008288068608,9.174779984016701e-10,3.0289899280150638e-5,4.8746739571858206e-5,0.11111008288068608,-0.1111100876866656
29031,0.1,-0.11111002237623878,1.2282336556827113e-9,3.504616463584441e-5,4.835164052854083e-5,0.11111002237623878,-0.11111008987937429
29032,0.1,-0.11110996255718976,1.5799463958896516e-9,3.974853954410969e-5,4.7913066555436916e-5,0.11110996255718976,-0.11111009199008222
29033,0.25,-0.11110990511241363,1.9597775207598065e-9,4.4269374524153904e-5,4.7434118624139313e-5,0.11110990511241363,-0.1111100936622908
29034,0.625,-0.11110985410069221,2.3333300691934314e-9,4.8304555366895074e-5,4.6262991311743466e-5,0.11110985410069221,-0.11111009409470408
29035,1.5625,-0.11110982021487399,2.6054757561188757e-9,5.104386110120272e-5,4.322456343635881e-5,0.11110982021487399,-0.11111009124807658
29036,3.90625,-0.1111098294949304,2.5433065075176715e-9,5.0431205691691245e-5,3.537394971198729e-5,0.1111098294949304,-0.11111008117957813
29037,9.765625,-0.11110993329227715,1.752296411869651e-9,4.1860439699908207e-5,1.6685227628608864e-5,0.11110993329227715,-0.111110062885954
29038,24.4140625,-0.11111017571236996,3.5005175550153967e-10,1.8709670106699896e-5,2.6318531274191647e-5,0.11111017571236996,-0.1111100603799371
29039,9.765625,-0.11111028603440512,7.085094603377553e-11,8.417300400590175e-6,7.013161394639373e-5,0.11111028603440512,-0.11111006716020247
29040,3.90625,-0.11111038472608904,1.0659207214025732e-11,3.2648441331900873e-6,7.742949161639464e-5,0.11111038472608904,-0.11111007360686667
29041,1.5625,-0.11111047728790448,7.888324529677123e-11,8.881624023610278e-6,7.699569224434737e-5,0.11111047728790448,-0.11111007941814173
29042,0.625,-0.11111056774994417,2.580376828949505e-10,1.606355137866314e-5,7.552853530094663e-5,0.11111056774994417,-0.11111008490218924
29043,0.25,-0.11111065756256339,5.441863346966748e-10,2.33278017544876e-5,7.438428198964924e-5,0.11111065756256339,-0.11111009025848474
29044,0.1,-0.1111107472488753,9.362358000960332e-10,3.059797052250416e-5,7.36532117640829e-5,0.1111107472488753,-0.11111009557262748
29045,0.1,-0.1111108367350601,1.4307254406082152e-9,3.7824931468651935e-5,7.320168190270637e-5,0.1111108367350601,-0.11111010075973388
29046,0.1,-0.11111092593975765,2.024290729099911e-9,4.499211852202462e-5,7.268382211976323e-5,0.11111092593975765,-0.11111010580097176
29047,0.1,-0.11111101478022845,2.7132243740586776e-9,5.208862038928155e-5,7.210013054331119e-5,0.11111101478022845,-0.11111011067819028
29048,0.1,-0.11111110317250694,3.493492047595205e-9,5.9105770002557325e-5,7.145121285737936e-5,0.11111110317250694,-0.11111011537399036
29049,0.25,-0.11111118943158302,4.336826447912239e-9,6.5854585625545e-5,7.074158497954166e-5,0.11111118943158302,-0.111110119098921
29050,0.625,-0.11111126931558092,5.167390192611404e-9,7.188456157347977e-5,6.900061149158398e-5,0.11111126931558092,-0.11111012007607501
29051,1.5625,-0.11111133119817695,5.77523399839711e-9,7.59949603486778e-5,6.447540665289618e-5,0.11111133119817695,-0.11111011377794362
29052,3.90625,-0.11111134471423996,5.645499680770278e-9,7.513654025020236e-5,5.2760117840364104e-5,0.11111134471423996,-0.11111009142338497
29053,9.765625,-0.11111123921503362,3.902146129254325e-9,6.24671604065234e-5,2.463038784153057e-5,0.11111123921503362,-0.11111005063129485
29054,24.4140625,-0.11111089665990966,7.886307204089625e-10,2.8082569690271624e-5,3.8447874590737126e-5,0.11111089665990966,-0.11111004459626589
29055,9.765625,-0.11111069784440425,1.6118603263759766e-10,1.2695906136924519e-5,0.00010442837207003857,0.11111069784440425,-0.11111005963703495
29056,3.90625,-0.11111053327086667,2.206419953955861e-11,4.697254468256815e-6,0.0001155165367518737,0.11111053327086667,-0.11111007400963727
29057,1.5625,-0.11111038076639032,1.6933717247254463e-10,1.3012961710254305e-5,0.0001149528760806428,0.11111038076639032,-0.11111008698002682
29058,0.625,-0.11111023259917954,5.638925629617229e-10,2.3746422108640345e-5,0.00011279923456384025,0.11111023259917954,-0.11111009922187041
29059,0.25,-0.11111008618317926,1.196900929284287e-9,3.4596256000964715e-5,0.00011110753725052931,0.11111008618317926,-0.11111011117770579
29060,0.1,-0.11110994061874219,2.065912042566407e-9,4.545230514029412e-5,0.00011002422374839313,0.11110994061874219,-0.11111012303861849
29061,0.1,-0.11110979603119304,3.163303064800809e-9,5.6243249059783244e-5,0.0001093546687269719,0.11110979603119304,-0.11111013461778171
29062,0.1,-0.11110965253060033,4.481637296965976e-9,6.694503190652743e-5,0.00010858610614744384,0.11110965253060033,-0.11111014587318112
29063,0.1,-0.11110951022464767,6.012716345777413e-9,7.754170713736842e-5,0.00010771926518637316,0.11110951022464767,-0.11111015676430791
29064,0.1,-0.11110936921860515,7.747614734299612e-9,8.802053586691921e-5,0.00010675503342568888,0.11110936921860515,-0.11111016725231622
29065,0.25,-0.11110923209540659,9.623886448230689e-9,9.810140900227014e-5,0.00010570003195848216,0.11110923209540659,-0.1111101755844726
29066,0.625,-0.11110910521167415,1.1473859014254073e-8,0.00010711610063036309,0.00010310889670478302,0.11110910521167415,-0.1111101778113253
29067,1.5625,-0.11110900583006321,1.2833014762960541e-8,0.0001132828970452316,9.636868735788663e-5,0.11110900583006321,-0.11111016385946336
29068,3.90625,-0.11110897921122431,1.256072637545567e-8,0.00011207464644358986,7.89006944324225e-5,0.11110897921122431,-0.11111011413638938
29069,9.765625,-0.11110913499486483,8.708507471419241e-9,9.331938422117477e-5,3.67641193628327e-5,0.11110913499486483,-0.11111002302308878
29070,24.4140625,-0.11110984869028605,1.3322211084953803e-10,1.1542188304196828e-5,5.539222902947831e-5,0.11110984869028605,-0.11111007678417442
29071,9.765625,-0.11111079171763061,1.4069263635177335e-10,1.1861392681796407e-5,3.097852742338521e-5,0.11111079171763061,-0.11111007586928799
29072,3.90625,-0.1111111409272305,1.6042371635480987e-10,1.2665848426173822e-5,2.0501376148451747e-5,0.1111111409272305,-0.1111100755078162
29073,1.5625,-0.1111114214987722,1.8508708617507496e-10,1.3604671483541048e-5,1.605020852162297e-5,0.1111114214987722,-0.11111007542583964
29074,3.90625,-0.1111114840761143,1.83968650806193e-10,1.3563504370412279e-5,1.4081884146702477e-5,0.1111114840761143,-0.11111007478127131
29075,9.765625,-0.11111103707949255,1.224913026266275e-10,1.1067578896336249e-5,9.779297548038589e-6,0.11111103707949255,-0.11111007352104511
29076,24.4140625,-0.11111024756209964,2.2583097653093472e-11,4.752167679395738e-6,9.295940965458175e-6,0.11111024756209964,-0.11111007338586083
29077,9.765625,-0.11111064005707479,4.648626471777257e-12,2.1560673625323623e-6,1.894625919922402e-5,0.11111064005707479,-0.1111100738753641
29078,3.90625,-0.11111077414986494,1.9868208987180255e-12,1.4095463450053798e-6,2.0341179617647044e-5,0.11111077414986494,-0.11111007431180843
29079,1.5625,-0.1111108782012941,7.653736381184694e-12,2.7665387004675523e-6,2.0019255591699897e-5,0.1111108782012941,-0.11111007470120815
29080,0.625,-0.1111109746853681,2.0480408296129428e-11,4.525528510144359e-6,1.9533161332626035e-5,0.1111109746853681,-0.11111007506717945
29081,0.25,-0.11111106892321844,4.017975538487701e-11,6.33875030150873e-6,1.91692499427942e-5,0.11111106892321844,-0.11111007542325949
29082,0.1,-0.11111116248133339,6.664323687750063e-11,8.163530907487313e-6,1.892843143033525e-5,0.11111116248133339,-0.1111100757750577
29083,0.1,-0.11111125293666115,9.956476769865162e-11,9.978214654869458e-6,1.8768577751225744e-5,0.11111125293666115,-0.11111007611664107
29084,0.1,-0.1111113399782405,1.3867035131392693e-10,1.1775837605619692e-5,1.8597428998969715e-5,0.1111113399782405,-0.11111007644707353
29085,0.1,-0.1111114233089997,1.8366894848403677e-10,1.3552451751769373e-5,1.841451216545147e-5,0.1111114233089997,-0.11111007676543924
29086,0.1,-0.11111150264667624,2.3425329795730975e-10,1.530533560420384e-5,1.8219486659657983e-5,0.11111150264667624,-0.11111007707085307
29087,0.25,-0.11111156668457171,2.883384406011848e-10,1.698053122258502e-5,1.8013916701710287e-5,0.11111156668457171,-0.11111007731134129
29088,0.625,-0.11111159030102499,3.4048233056002494e-10,1.8452163302984964e-5,1.7554673141702835e-5,0.11111159030102499,-0.11111007737171989
29089,1.5625,-0.11111151195331245,3.76027967062862e-10,1.9391440561826808e-5,1.6414710005324345e-5,0.11111151195331245,-0.11111007696342912
29090,3.90625,-0.11111120461969935,3.6082676249970484e-10,1.89954405713504e-5,1.3575897347008592e-5,0.11111120461969935,-0.11111007554901768
29091,9.765625,-0.11111054507503432,2.4319008834577097e-10,1.5594553162747914e-5,7.543712177331556e-6,0.11111054507503432,-0.11111007305331402
29092,24.4140625,-0.11111010921390783,4.833496071266217e-11,6.952334910852768e-6,1.1255632464549728e-5,0.11111010921390783,-0.11111007277666701
29093,9.765625,-0.11111036952344633,9.851593619707086e-12,3.1387248397569172e-6,2.64801560130814e-5,0.11111036952344633,-0.11111007373553373
29094,3.90625,-0.1111104713046002,2.160873394632017e-12,1.4699909505272531e-6,2.9036942004582575e-5,0.1111104713046002,-0.11111007463768052
29095,1.5625,-0.11111055150673925,1.2190272162110681e-11,3.491457025671472e-6,2.8803883204669436e-5,0.11111055150673925,-0.1111100754494425
29096,0.625,-0.11111062585117414,3.748232997932546e-11,6.122281435815039e-6,2.8218258482782534e-5,0.11111062585117414,-0.11111007621485317
29097,0.25,-0.11111069833790038,7.74627666570698e-11,8.801293465001028e-6,2.7765016630541067e-5,0.11111069833790038,-0.11111007696163806
29098,0.1,-0.1111107702201705,1.3194996098301614e-10,1.1486947417961664e-5,2.7470593208136932e-5,0.1111107702201705,-0.11111007770158668
29099,0.1,-0.11111084082672407,2.0042391174658353e-10,1.4157115233923312e-5,2.7282820867439906e-5,0.11111084082672407,-0.1111100784227786
29100,0.1,-0.1111109099727214,2.823858071034441e-10,1.68043389368176e-5,2.707237693963532e-5,0.1111109099727214,-0.11111007912276527
29101,0.1,-0.11111097747859532,3.77292560728492e-10,1.9424020199960976e-5,2.683927228710405e-5,0.11111097747859532,-0.11111007979918369
29102,0.1,-0.11111104317058078,4.845588030085862e-10,2.2012696404770275e-5,2.658359065017626e-5,0.11111104317058078,-0.11111008044976894
29103,0.25,-0.11111110193717551,6.0019184846342e-10,2.449881320520282e-5,2.6307178956323685e-5,0.11111110193717551,-0.1111100809655457
29104,0.625,-0.11111114189744722,7.135471545541363e-10,2.671230343033218e-5,2.5652886910090953e-5,0.11111114189744722,-0.1111100811021789
29105,1.5625,-0.11111113307017535,7.952993848259467e-10,2.820105290278976e-5,2.3980480831573817e-5,0.11111113307017535,-0.11111008023943011
29106,3.90625,-0.11111101020241473,7.741078004177006e-10,2.7822792822031735e-5,1.9705207220596817e-5,0.11111101020241473,-0.1111100771856088
29107,9.765625,-0.11111069228151767,5.309357937261232e-10,2.3042044044010573e-5,9.874575796436048e-6,0.11111069228151767,-0.11111007166691439
29108,24.4140625,-0.11111038189578004,1.0531709830384476e-10,1.0262411914547416e-5,1.528062402381174e-5,0.11111038189578004,-0.11111007097518877
29109,9.765625,-0.11111045057302363,2.113715293170934e-11,4.59751595230613e-6,3.8874764663580225e-5,0.11111045057302363,-0.11111007305319767
29110,3.90625,-0.11111045200362597,3.4834931345330154e-12,1.8664118341172763e-6,4.280375455149398e-5,0.11111045200362597,-0.11111007501996115
29111,1.5625,-0.11111044684737355,2.4738694324208225e-11,4.973800792573846e-6,4.252851285561845e-5,0.11111044684737355,-0.11111007679162618
29112,0.625,-0.11111044020144552,7.958843794842836e-11,8.92123522548466e-6,4.170275522579219e-5,0.11111044020144552,-0.11111007846329109
29113,0.25,-0.11111043315633189,1.6682237597308548e-10,1.2915973674991966e-5,4.1061539962257787e-5,0.11111043315633189,-0.11111008009571757
29114,0.1,-0.11111042602159522,2.8608927194827664e-10,1.691417369983756e-5,4.065035073595687e-5,0.11111042602159522,-0.11111008171485162
29115,0.1,-0.11111041848974386,4.3631317770742837e-10,2.088811091763514e-5,4.0394162838952954e-5,0.11111041848974386,-0.11111008329475257
29116,0.1,-0.11111041051072375,6.164519811997573e-10,2.48284510431029e-5,4.010213986342859e-5,0.11111041051072375,-0.11111008482978646
29117,0.1,-0.11111040203708662,8.253617288542678e-10,2.8729109433713182e-5,3.9774516755311206e-5,0.11111040203708662,-0.11111008631452501
29118,0.1,-0.1111103930241959,1.0618013432189053e-9,3.258529335787703e-5,3.9411597043946596e-5,0.1111103930241959,-0.11111008774376492
29119,0.25,-0.11111038182060388,1.3171573722194394e-9,3.6292662787668794e-5,3.901597638888147e-5,0.11111038182060388,-0.111110088877926
29120,0.625,-0.11111036475435924,1.5683674636218685e-9,3.9602619403542845e-5,3.805522766184384e-5,0.11111036475435924,-0.11111008917839554
29121,1.5625,-0.1111103330451579,1.7516589225129551e-9,4.185282454641449e-5,3.556996783059592e-5,0.1111103330451579,-0.1111100872739089
29122,3.90625,-0.11111027033322744,1.710842218961806e-9,4.136232850024048e-5,2.9159100763381627e-5,0.11111027033322744,-0.11111008050944851
29123,9.765625,-0.11111017438432347,1.1808609053080123e-9,3.436365675110861e-5,1.39676149750416e-5,0.11111017438432347,-0.11111006818581916
29124,24.4140625,-0.11111021148263535,2.377371904653665e-10,1.5418728561894022e-5,2.1649283033184386e-5,0.11111021148263535,-0.11111006642858036
29125,9.765625,-0.11111035615196985,4.8370965104369195e-11,6.954923802916118e-6,5.764561014780057e-5,0.11111035615196985,-0.11111007100621949
29126,3.90625,-0.1111104487766555,6.83870506535717e-12,2.615091789088324e-6,6.369239086098671e-5,0.1111104487766555,-0.11111007537210714
29127,1.5625,-0.11111053124247841,5.201015218696625e-11,7.211806444086409e-6,6.336247832491164e-5,0.11111053124247841,-0.11111007931132055
29128,0.625,-0.1111106106771557,1.720549073756397e-10,1.3116970205639704e-5,6.216949912903064e-5,0.1111106106771557,-0.11111008302952086
29129,0.25,-0.11111068916577946,3.6430112853249106e-10,1.9086674108720226e-5,6.123491444774195e-5,0.11111068916577946,-0.11111008666102155
29130,0.1,-0.11111076740339192,6.280041347549798e-10,2.5060010669490543e-5,6.063659445376967e-5,0.11111076740339192,-0.11111009026368958
29131,0.1,-0.11111084509728615,9.608434652434308e-10,3.099747514304078e-5,6.026651474017196e-5,0.11111084509728615,-0.11111009378070436
29132,0.1,-0.11111092213919294,1.360557864861222e-9,3.688574067117566e-5,5.984221259031131e-5,0.11111092213919294,-0.1111100971993744
29133,0.1,-0.11111099842156069,1.8246556005257018e-9,4.2715987645443734e-5,5.936406891500268e-5,0.11111099842156069,-0.11111010050746115
29134,0.1,-0.11111107383781972,2.350424906935272e-9,4.848118095648323e-5,5.8832557201731636e-5,0.11111107383781972,-0.11111010369322895
29135,0.25,-0.11111114567171376,2.9189017934499253e-9,5.402686177680437e-5,5.825133102050837e-5,0.11111114567171376,-0.1111101062251985
29136,0.625,-0.11111120742847445,3.4791841541114086e-9,5.898460946816049e-5,5.682586157116432e-5,0.11111120742847445,-0.11111010690628507
29137,1.5625,-0.1111112421309927,3.890293767515144e-9,6.237221951730709e-5,5.312102654850237e-5,0.1111112421309927,-0.11111010268426545
29138,3.90625,-0.11111120944242746,3.8062317834673385e-9,6.169466576185772e-5,4.353090923336675e-5,0.11111120944242746,-0.11111008762776549
29139,9.765625,-0.1111110368434692,2.6367697642679616e-9,5.134948650442341e-5,2.0539512076612028e-5,0.1111110368434692,-0.11111006006140059
29140,24.4140625,-0.1111107049659791,5.38035486354557e-10,2.3195591959563288e-5,3.149629020090057e-5,0.1111107049659791,-0.11111005577658128
29141,9.765625,-0.11111058922956829,1.1116551944968019e-10,1.054350603213562e-5,8.586576348058318e-5,0.11111058922956829,-0.11111006593382816
29142,3.90625,-0.11111047767073884,1.4656900249619814e-11,3.8284331324472435e-6,9.508694032822809e-5,0.11111047767073884,-0.1111100756795454
29143,1.5625,-0.11111037251172147,1.1196901484052699e-10,1.0581541231811507e-5,9.467478830338852e-5,0.11111037251172147,-0.11111008448515286
29144,0.625,-0.11111026988619038,3.765949048524367e-10,1.9406053304379967e-5,9.292877861220569e-5,0.11111026988619038,-0.11111009279908815
29145,0.25,-0.11111016832925302,8.025460775796906e-10,2.8329244211233215e-5,9.155033498823705e-5,0.11111016832925302,-0.1111101009193783
29146,0.1,-0.11111006731272581,1.3881685772170845e-9,3.7258134376496693e-5,9.066657604824155e-5,0.11111006731272581,-0.11111010897529838
29147,0.1,-0.11110996687001061,2.128358886969621e-9,4.613414014555404e-5,9.012049753834375e-5,0.11110996687001061,-0.11111011684149347
29148,0.1,-0.11110986706518027,3.0181245201756346e-9,5.493746008121994e-5,8.949303186339616e-5,0.11110986706518027,-0.11111012448949466
29149,0.1,-0.11110976796149709,4.0519576091154826e-9,6.365498887844914e-5,8.878477394005065e-5,0.11110976796149709,-0.11111013189184431
29150,0.1,-0.11110966962144068,5.223858111533215e-9,7.227626243472483e-5,8.799644877053071e-5,0.11110966962144068,-0.11111013902220344
29151,0.25,-0.1111095734659831,6.49185431989298e-9,8.057204428269759e-5,8.713340765162415e-5,0.1111095734659831,-0.11111014469781649
29152,0.625,-0.11110948307573944,7.743164921945374e-9,8.799525511040566e-5,8.501068562559386e-5,0.11110948307573944,-0.11111014625140596
29153,1.5625,-0.11110940847256055,8.665157619557374e-9,9.30868283891839e-5,7.948508029756604e-5,0.11110940847256055,-0.11111013687463223
29154,3.90625,-0.11110937765651827,8.489384315294117e-9,9.213785495275065e-5,6.515959226445069e-5,0.11110937765651827,-0.11111010329764025
29155,9.765625,-0.1111094681904535,5.899247360947417e-9,7.680655805950048e-5,3.060411928589494e-5,0.1111094681904535,-0.1111100415602529
29156,24.4140625,-0.11111012525960713,8.857777356404604e-11,9.41157657165079e-6,4.530728136478576e-5,0.11111012525960713,-0.11111007778175935
29157,9.765625,-0.1111106931215748,9.414490908813799e-11,9.702829952551884e-6,2.5152468615347067e-5,0.1111106931215748,-0.1111100771497324
29158,3.90625,-0.11111089573085339,1.067400204710283e-10,1.033150620534239e-5,1.667798100274795e-5,0.11111089573085339,-0.11111007690929758
29159,1.5625,-0.11111105858321625,1.2244814446276192e-10,1.1065628968240438e-5,1.3157660001562388e-5,0.11111105858321625,-0.1111100768587179
29160,3.90625,-0.11111108940767137,1.2159908394510055e-10,1.1027197465589366e-5,1.1626861649092744e-5,0.11111108940767137,-0.11111007643975004
29161,9.765625,-0.11111081549623829,8.192846674071659e-11,9.051434512866819e-6,8.34996894541009e-6,0.11111081549623829,-0.11111007560811939
29162,24.4140625,-0.11111034981043631,1.527192992616762e-11,3.907931668564283e-6,8.05358949147077e-6,0.11111034981043631,-0.11111007551992273
29163,9.765625,-0.1111105715772513,3.277361395583893e-12,1.8103484182841414e-6,1.565713153978004e-5,0.1111105715772513,-0.11111007584873288
29164,3.90625,-0.11111064044426879,1.2498158041704217e-12,1.1179516108358277e-6,1.6852632835293934e-5,0.11111064044426879,-0.11111007614908605
29165,1.5625,-0.11111069239743034,4.78324283195516e-12,2.187062603574749e-6,1.6627894738018317e-5,0.11111069239743034,-0.11111007641894168
29166,0.625,-0.1111107401681402,1.3089129406216949e-11,3.617890187141803e-6,1.6250986832259946e-5,0.1111107401681402,-0.11111007667319951
29167,0.25,-0.11111078671345427,2.597077993115188e-11,5.096153444623884e-6,1.596402438145983e-5,0.11111078671345427,-0.11111007692075549
29168,0.1,-0.11111083289358185,4.3353863842229e-11,6.5843651054774445e-6,1.5772580625468333e-5,0.11111083289358185,-0.11111007716535935
29169,0.1,-0.11111087728315266,6.5045563366905e-11,8.065082973342865e-6,1.5644760788201332e-5,0.11111087728315266,-0.11111007740317955
29170,0.1,-0.11111091970739262,9.086943289993919e-11,9.532545982052181e-6,1.5508007296084226e-5,0.11111091970739262,-0.11111007763359163
29171,0.1,-0.11111095999978225,1.206378311582596e-10,1.098352544305605e-5,1.5361927399871566e-5,0.11111095999978225,-0.11111007785598465
29172,0.1,-0.11111099800258566,1.541523764136816e-10,1.2415811548734202e-5,1.5206236022178938e-5,0.11111099800258566,-0.1111100780697651
29173,0.25,-0.11111102722475129,1.9009108849786933e-10,1.3787352483267748e-5,1.5042146875476675e-5,0.11111102722475129,-0.1111100782406267
29174,0.625,-0.11111103330145765,2.24983253313026e-10,1.4999441766713386e-5,1.4676523756101364e-5,0.11111103330145765,-0.11111007829220226
29175,1.5625,-0.11111098119797888,2.4939960844391627e-10,1.5792390840019007e-5,1.3769400177524711e-5,0.11111098119797888,-0.11111007803198804
29176,3.90625,-0.11111079945037224,2.409430819118626e-10,1.5522341379826132e-5,1.1509999702425084e-5,0.11111079945037224,-0.11111007709572583
29177,9.765625,-0.1111104241311605,1.640304238177525e-10,1.2807436270298302e-5,6.7382868622835505e-6,0.1111104241311605,-0.11111007541360457
29178,24.4140625,-0.1111102093782796,3.297940475683789e-11,5.742769780936538e-6,9.466374415322015e-6,0.1111102093782796,-0.11111007521162214
29179,9.765625,-0.1111103748329616,7.0329702146852534e-12,2.651974776404416e-6,2.1893627372719112e-5,0.1111103748329616,-0.11111007586064471
29180,3.90625,-0.11111044598295766,1.6593340301738746e-12,1.2881514003306733e-6,2.400932557537689e-5,0.11111044598295766,-0.11111007647655301
29181,1.5625,-0.11111050389978776,8.223314890638121e-12,2.867632279536224e-6,2.3837240949138675e-5,0.11111050389978776,-0.1111100770329069
29182,0.625,-0.11111055816758435,2.5073049003819794e-11,5.007299572006831e-6,2.3369176352240356e-5,0.11111055816758435,-0.11111007755840176
29183,0.25,-0.11111061126915782,5.182211751119672e-11,7.1987580533864814e-6,2.3004888555460654e-5,0.11111061126915782,-0.11111007807146364
29184,0.1,-0.1111106639895863,8.83494115179063e-11,9.399436765993285e-6,2.2768084934302727e-5,0.1111106639895863,-0.11111007857997715
29185,0.1,-0.11111071593215908,1.343105685847473e-10,1.1589243658873831e-5,2.2617241102055232e-5,0.11111071593215908,-0.11111007907595664
29186,0.1,-0.11111076698140508,1.893741463010939e-10,1.3761327926515445e-5,2.2447847549057392e-5,0.11111076698140508,-0.11111007955774137
29187,0.1,-0.11111081702487506,2.531788232752921e-10,1.5911593989141758e-5,2.2259929570539875e-5,0.11111081702487506,-0.11111008002372956
29188,0.1,-0.11111086595346159,3.253347203533804e-10,1.8037037460552672e-5,2.205357040760676e-5,0.11111086595346159,-0.1111100804723846
29189,0.25,-0.11111091062518502,4.0318171157516614e-10,2.0079385238974976e-5,2.1830248589892218e-5,0.11111091062518502,-0.11111008083046604
29190,0.625,-0.11111094370554009,4.796184607443261e-10,2.1900193166826773e-5,2.1300283311419703e-5,0.11111094370554009,-0.11111008093357656
29191,1.5625,-0.11111094659224885,5.350511136497684e-10,2.3131171903943136e-5,1.9944648040190802e-5,0.11111094659224885,-0.11111008036380955
29192,3.90625,-0.11111087825709731,5.216635411161689e-10,2.2839954928067806e-5,1.648356990004967e-5,0.11111087825709731,-0.11111007831514305
29193,9.765625,-0.1111106841202097,3.5902310234262846e-10,1.894790495919347e-5,8.620468902327692e-6,0.1111106841202097,-0.11111007458815816
29194,24.4140625,-0.11111046739833452,7.200850472549285e-11,8.485782505196139e-6,1.2746659105771475e-5,0.11111046739833452,-0.11111007409234108
29195,9.765625,-0.11111048321568714,1.473862395635624e-11,3.8390915535262035e-6,3.206378480511776e-5,0.11111048321568714,-0.11111007550048577
29196,3.90625,-0.11111046406970851,2.4415260169853716e-12,1.562538324965302e-6,3.532837826833701e-5,0.11111046406970851,-0.11111007684032655
29197,1.5625,-0.11111044259364952,1.6484349465832275e-11,4.060092297698696e-6,3.512446041249624e-5,0.11111044259364952,-0.1111100780498032
29198,0.625,-0.1111104207634767,5.326786601160248e-11,7.29848381594441e-6,3.445834482748053e-5,0.1111104207634767,-0.11111007919199228
29199,0.25,-0.11111039888360776,1.1197344433367243e-10,1.0581750532575998e-5,3.393868236332615e-5,0.11111039888360776,-0.11111008030773618
29200,0.1,-0.11111037701873287,1.9236647014125388e-10,1.3869624008647599e-5,3.360544237440306e-5,0.11111037701873287,-0.11111008141456198
29201,0.1,-0.11111035500385169,2.9372936285264786e-10,1.713853444296355e-5,3.33982827358648e-5,0.11111035500385169,-0.11111008249504158
29202,0.1,-0.11111033282535615,4.1536496924127635e-10,2.0380504636570617e-5,3.31617006289341e-5,0.11111033282535615,-0.11111008354534918
29203,0.1,-0.11111031047108995,5.565070197679899e-10,2.3590401009054297e-5,3.289589229864426e-5,0.11111031047108995,-0.11111008456179672
29204,0.1,-0.11111028793045448,7.163232832617048e-10,2.676421647016226e-5,3.2601110112390514e-5,0.11111028793045448,-0.11111008554084743
29205,0.25,-0.1111102645811591,8.890271465568913e-10,2.9816558261423994e-5,3.2279425702471165e-5,0.1111102645811591,-0.11111008632072394
29206,0.625,-0.11111023912870342,1.059107734662577e-9,3.2543935451364465e-5,3.149555819044194e-5,0.11111023912870342,-0.11111008653739181
29207,1.5625,-0.11111020875400301,1.1836381873706836e-9,3.440404318347894e-5,2.9465153257853406e-5,0.11111020875400301,-0.11111008526320412
29208,3.90625,-0.11111016988099381,1.1573438252332383e-9,3.401975639585384e-5,2.4228560388851377e-5,0.11111016988099381,-0.11111008069762333
29209,9.765625,-0.11111013498731234,8.009185295944871e-10,2.830050405195086e-5,1.1890989612214498e-5,0.11111013498731234,-0.1111100723423873
29210,24.4140625,-0.11111022313480087,1.629650045326147e-10,1.2765774732957445e-5,1.7880993002300058e-5,0.11111022313480087,-0.11111007108415284
29211,9.765625,-0.11111034141788322,3.363405390039812e-11,5.799487382553575e-6,4.752757380938802e-5,0.11111034141788322,-0.11111007418919613
29212,3.90625,-0.11111042376984318,4.6428804912593674e-12,2.1547344363655043e-6,5.256824417735726e-5,0.11111042376984318,-0.1111100771647759
29213,1.5625,-0.11111049821947053,3.453209638772135e-11,5.8764016530289475e-6,5.232982696952148e-5,0.11111049821947053,-0.1111100798539849
29214,0.625,-0.1111105702281494,1.1526058401744612e-10,1.0735948212312042e-5,5.136507506982299e-5,0.1111105702281494,-0.11111008239384448
29215,0.25,-0.11111064145418528,2.450142213311759e-10,1.5652930119666923e-5,5.0605480212713575e-5,0.11111064145418528,-0.11111008487501736
29216,0.1,-0.11111071245863889,4.2329310930083623e-10,2.0574088298168554e-5,5.011917112847652e-5,0.11111071245863889,-0.11111008733675962
29217,0.1,-0.11111078304425481,6.48543506210611e-10,2.5466517355355266e-5,4.981908145996682e-5,0.11111078304425481,-0.11111008974081912
29218,0.1,-0.11111085312569556,9.19246827209601e-10,3.031908354831328e-5,4.947433097587851e-5,0.11111085312569556,-0.11111009207855246
29219,0.1,-0.1111109226180197,1.2337277422277962e-9,3.5124460739316644e-5,4.90852363609011e-5,0.1111109226180197,-0.11111009434162264
29220,0.1,-0.1111109914368642,1.5901611973135364e-9,3.987682531638566e-5,4.8652189854060114e-5,0.1111109914368642,-0.1111100965220304
29221,0.25,-0.11111105750745039,1.9757636982474336e-9,4.444956353269887e-5,4.8178119769799356e-5,0.11111105750745039,-0.11111009825986422
29222,0.625,-0.1111111158256724,2.3561878852215284e-9,4.8540579778382624e-5,4.701133033426472e-5,0.1111111158256724,-0.11111009874372363
29223,1.5625,-0.11111115318780751,2.6362364700643e-9,5.134429345179754e-5,4.397427882084236e-5,0.11111115318780751,-0.11111009590298537
29224,3.90625,-0.1111111375229845,2.5820023654898866e-9,5.081340733989295e-5,3.6109879302638964e-5,0.1111111375229845,-0.11111008570443197
29225,9.765625,-0.11111100683561846,1.7931781017453532e-9,4.234593370968874e-5,1.729805050126414e-5,0.11111100683561846,-0.11111006695698156
29226,24.4140625,-0.11111071774740851,3.6967665965096144e-10,1.9226977392480635e-5,2.5892780466342496e-5,0.11111071774740851,-0.11111006388833299
29227,9.765625,-0.11111059839170309,7.743164461923467e-11,8.799525249650386e-6,7.081783154191921e-5,0.11111059839170309,-0.11111007078602574
29228,3.90625,-0.11111049037631829,1.0000479573765789e-11,3.16235348652958e-6,7.851525676764725e-5,0.11111049037631829,-0.11111007743490045
29229,1.5625,-0.11111038919104485,7.452137211139381e-11,8.632576215209097e-6,7.822283364062429e-5,0.11111038919104485,-0.11111008345108493
29230,0.625,-0.1111102905538813,2.5292914985117574e-10,1.590374640929538e-5,7.680702878781775e-5,0.1111102905538813,-0.11111008913405832
29231,0.25,-0.11111019293027298,5.411453928534792e-10,2.326253195276643e-5,7.568337175100967e-5,0.11111019293027298,-0.11111009468550066
29232,0.1,-0.1111100957742916,9.38054916090712e-10,3.0627682186066774e-5,7.496262328497141e-5,0.1111100957742916,-0.1111101001933279
29233,0.1,-0.11110999914637638,1.4402288033060713e-9,3.795034655053984e-5,7.451800496100706e-5,0.11110999914637638,-0.11111010557293712
29234,0.1,-0.11110990311617351,2.0443031279830302e-9,4.5213970495666824e-5,7.400622114031564e-5,0.11110990311617351,-0.11111011080490057
29235,0.1,-0.11110980775263436,2.746562577897157e-9,5.240765762650681e-5,7.342776374004484e-5,0.11110980775263436,-0.11111011587047345
29236,0.1,-0.11110971312399943,3.5429561032177457e-9,5.9522736019253564e-5,7.278323096295275e-5,0.11110971312399943,-0.11111012075166782
29237,0.25,-0.11110962079308748,4.4051092827211066e-9,6.637099730093791e-5,7.207693085960459e-5,0.11110962079308748,-0.11111012464557032
29238,0.625,-0.11110953465941814,5.256705925913266e-9,7.250314424846184e-5,7.033473393816492e-5,0.11110953465941814,-0.11111012573990868
29239,1.5625,-0.1111094654785731,5.8860539994363215e-9,7.672062303863494e-5,6.579388374151067e-5,0.1111094654785731,-0.11111011940509337
29240,3.90625,-0.1111094423142875,5.772275265045464e-9,7.597549121292644e-5,5.401538074235986e-5,0.1111094423142875,-0.11111009659859303
29241,9.765625,-0.1111095401063461,4.020326158958152e-9,6.340604197517893e-5,2.5618156884864686e-5,0.1111095401063461,-0.111110054515904
29242,24.4140625,-0.11110992183472632,8.373159138709186e-10,2.89364115582931e-5,3.798560247858555e-5,0.11110992183472632,-0.11111004721627755
29243,9.765625,-0.11111016300166933,1.767987903456193e-10,1.3296570623496094e-5,0.00010582833625037713,0.11111016300166933,-0.1111100626263451
29244,3.90625,-0.11111035614032302,2.093772110329662e-11,4.575775464694112e-6,0.00011753568763500408,0.11111035614032302,-0.11111007754781879
29245,1.5625,-0.11111053468201937,1.613796281166529e-10,1.2703528175930216e-5,0.00011717412758732266,0.11111053468201937,-0.11111009106260379
29246,0.625,-0.11111070854621954,5.574783365365742e-10,2.3610979152431908e-5,0.0001150868908254515,0.11111070854621954,-0.11111010383061444
29247,0.25,-0.11111088100901031,1.2000515951489731e-9,3.464176085520153e-5,0.00011341926674622868,0.11111088100901031,-0.11111011630255238
29248,0.1,-0.11111105321750325,2.0866059684637057e-9,4.5679382312633185e-5,0.00011234771251417804,0.11111105321750325,-0.11111012867598855
29249,0.1,-0.11111122487320883,3.2095450515438594e-9,5.665284680882206e-5,0.00011168666504475404,0.11111122487320883,-0.11111014076315165
29250,0.1,-0.11111139579452918,4.5613905229693835e-9,6.753806721375274e-5,0.00011092489116098066,0.11111139579452918,-0.11111015252036521
29251,0.1,-0.1111115657981117,6.133874474539495e-9,7.831905562849628e-5,0.00011006310751574843,0.1111115657981117,-0.11111016390547007
29252,0.1,-0.11111173469925849,7.917974096477422e-9,8.898299891820584e-5,0.00010910218935555354,0.11111173469925849,-0.1111101748779916
29253,0.25,-0.1111118984366405,9.850481919135495e-9,9.924959405023023e-5,0.00010804846289550827,0.1111118984366405,-0.1111101836416478
29254,0.625,-0.11111204700901688,1.1761228614561651e-8,0.00010844919831221277,0.00010544517102156294,0.11111204700901688,-0.11111018613791325
29255,1.5625,-0.11111215353282239,1.3177846123727722e-8,0.00011479480007268501,9.865359720254237e-5,0.11111215353282239,-0.11111017198999941
29256,3.90625,-0.1111121503662476,1.2936738376162016e-8,0.00011373978361225247,8.10188401437803e-5,0.1111121503662476,-0.11111012088399817
29257,9.765625,-0.11111189396862649,9.032159183302495e-9,9.503767244257666e-5,3.83250517134136e-5,0.11111189396862649,-0.1111100262683747
29258,24.4140625,-0.11111139684717722,1.3523189912281034e-10,1.1628925106079682e-5,5.4993153775771034e-5,0.11111139684717722,-0.11111008078273572
29259,9.765625,-0.11110992102757819,1.407279241990677e-10,1.186288009713778e-5,3.172916519393777e-5,0.11110992102757819,-0.11111007996839124
29260,3.90625,-0.11110936157050914,1.6262140713528926e-10,1.2752309874500746e-5,2.1275734239059227e-5,0.11110936157050914,-0.11111007962500408
29261,1.5625,-0.11110891103003048,1.900167911491993e-10,1.3784657817631866e-5,1.667496581423688e-5,0.11110891103003048,-0.11111007955143949
29262,3.90625,-0.11110879966750561,1.8959194581634087e-10,1.3769239115373836e-5,1.4599807787053343e-5,0.11110879966750561,-0.11111007888645841
29263,9.765625,-0.1111094889782983,1.2419656730195247e-10,1.1144351362997869e-5,9.995122283531576e-6,0.1111094889782983,-0.11111007759374952
29264,24.4140625,-0.11111075797524063,2.385554485563778e-11,4.884213842128309e-6,9.236673937816518e-6,0.11111075797524063,-0.11111007742120832
29265,9.765625,-0.11111015986798266,5.018235100515631e-12,2.240141759022324e-6,1.9360429478967714e-5,0.11111015986798266,-0.11111007793601221
29266,3.90625,-0.11110994637187502,2.5815631512351603e-12,1.6067243544663038e-6,2.0680764817246697e-5,0.11110994637187502,-0.11111007838348509
29267,1.5625,-0.11110977910997029,8.712257968543894e-12,2.951653429612612e-6,2.0313555724521163e-5,0.11110977910997029,-0.11111007878233305
29268,0.625,-0.11110962363359161,2.223922418149261e-11,4.715848193219605e-6,1.9807050019026263e-5,0.11110962363359161,-0.111110079157516
29269,0.25,-0.11110947169337515,4.2885271067575936e-11,6.548684682253065e-6,1.9434665567942215e-5,0.11110947169337515,-0.11111007952290868
29270,0.1,-0.11110932084511223,7.05485666134402e-11,8.39931941370491e-6,1.9190910570737688e-5,0.11110932084511223,-0.11111007988418002
29271,0.1,-0.11110917472826976,1.0489002192257231e-10,1.0241582979333435e-5,1.9030653559309176e-5,0.11110917472826976,-0.11111008023497625
29272,0.1,-0.11110903382185768,1.4561706171258605e-10,1.2067189470319344e-5,1.885850821635586e-5,0.11110903382185768,-0.11111008057431343
29273,0.1,-0.11110889858404449,1.9241864960584673e-10,1.3871504951008263e-5,1.8674055910865755e-5,0.11110889858404449,-0.1111100809012339
29274,0.1,-0.1111087694507747,2.449664180452319e-10,1.5651403069540824e-5,1.8477010046967198e-5,0.1111087694507747,-0.11111008121481437
29275,0.25,-0.11110866364004637,3.0094793707982786e-10,1.734785107959565e-5,1.8268940734557018e-5,0.11110866364004637,-0.11111008146085864
29276,0.625,-0.11110861949163535,3.5437934572926704e-10,1.882496602199502e-5,1.780092663664271e-5,0.11110861949163535,-0.11111008151990778
29277,1.5625,-0.11110873116967851,3.893872389443449e-10,1.9732897378346264e-5,1.6639601294011335e-5,0.11110873116967851,-0.11111008109536452
29278,3.90625,-0.11110919435268288,3.7028719454946283e-10,1.924284788043243e-5,1.3773663368909178e-5,0.11110919435268288,-0.1111100796465073
29279,9.765625,-0.11111020729751733,2.478017606915575e-10,1.57417203853822e-5,7.874076600544776e-6,0.11111020729751733,-0.11111007711749193
29280,24.4140625,-0.11111092745596066,5.123283407088122e-11,7.157711510733107e-6,1.1424467473893741e-5,0.11111092745596066,-0.11111007677689211
29281,9.765625,-0.11111054391973356,1.0619562008460072e-11,3.2587669460180907e-6,2.669654608609662e-5,0.11111054391973356,-0.11111007775198864
29282,3.90625,-0.11111039650130297,2.0533358846840436e-12,1.4329465742602003e-6,2.9389854025033458e-5,0.11111039650130297,-0.11111007867894207
29283,1.5625,-0.11111028135883089,1.1680377914711e-11,3.4176567871439346e-6,2.9201897643133046e-5,0.11111028135883089,-0.11111007951544928
29284,0.625,-0.1111101750115331,3.695459987840965e-11,6.07902951781036e-6,2.863185761488322e-5,0.1111101750115331,-0.11111008030477279
29285,0.25,-0.11111007148957773,7.728387593558646e-11,8.791124839040023e-6,2.8184711187504358e-5,0.11111007148957773,-0.1111100810749893
29286,0.1,-0.11110996892475694,1.3248505383586666e-10,1.1510215195028573e-5,2.7893401042206075e-5,0.11110996892475694,-0.11111008183819247
29287,0.1,-0.11110986828114772,2.0203869661286125e-10,1.4214031680450879e-5,2.7707805855724657e-5,0.11110986828114772,-0.11111008258246141
29288,0.1,-0.11110976982880644,2.854431564396997e-10,1.6895063078890818e-5,2.7499130574332717e-5,0.11110976982880644,-0.11111008330526728
29289,0.1,-0.11110967382949892,3.8215095891153273e-10,1.95486817691509e-5,2.7267398694333704e-5,0.11110967382949892,-0.11111008400416887
29290,0.1,-0.1111095805359472,4.915708641930132e-10,2.2171397434375064e-5,2.7012705041383628e-5,0.1111095805359472,-0.11111008467682397
29291,0.25,-0.1111094974125488,6.096625679170205e-10,2.4691346012662422e-5,2.6736833678072265e-5,0.1111094974125488,-0.11111008521241363
29292,0.625,-0.11110944180782446,7.256372381565863e-10,2.6937654652114507e-5,2.6080734761084608e-5,0.11110944180782446,-0.11111008536194404
29293,1.5625,-0.11110945749133178,8.097632186646951e-10,2.8456338813429515e-5,2.4399939110924606e-5,0.11110945749133178,-0.11111008449240818
29294,3.90625,-0.11110963972541746,7.897478051808388e-10,2.8102451942505636e-5,2.009824477501275e-5,0.11110963972541746,-0.11111008138232453
29295,9.765625,-0.11111010683477653,5.448589704665524e-10,2.33422143436854e-5,1.0174506579586536e-5,0.11111010683477653,-0.11111007571364227
29296,24.4140625,-0.11111056062902155,1.1127158471916618e-10,1.0548534719057723e-5,1.5148021245795304e-5,0.11111056062902155,-0.11111007486739854
29297,9.765625,-0.1111104447221417,2.29677238066766e-11,4.79246531616835e-6,3.9319001519078294e-5,0.1111104447221417,-0.1111100769903414
29298,3.90625,-0.11111042823314682,3.271549143331104e-12,1.8087424203935462e-6,4.345620201423392e-5,0.11111042823314682,-0.11111007902328553
29299,1.5625,-0.11111042255685512,2.36802137006749e-11,4.866231981798124e-6,4.324880629387182e-5,0.11111042255685512,-0.11111008086043495
29300,0.625,-0.11111041954913024,7.868801954022782e-11,8.870626783955451e-6,4.244525721559975e-5,0.11111041954913024,-0.11111008259529216
29301,0.25,-0.11111041737654687,1.670394083166914e-10,1.2924372646929189e-5,4.1811928003511706e-5,0.11111041737654687,-0.11111008428963152
29302,0.1,-0.11111041550344385,2.883757521214179e-10,1.6981629842904298e-5,4.140439599149729e-5,0.11111041550344385,-0.11111008597019376
29303,0.1,-0.11111041435453105,4.416226917238266e-10,2.1014820763542728e-5,4.1150712954558655e-5,0.11111041435453105,-0.11111008761095029
29304,0.1,-0.11111041400777062,6.257313685129046e-10,2.5014623093560785e-5,4.0860632928893566e-5,0.11111041400777062,-0.11111008920606943
29305,0.1,-0.11111041453668498,8.395479283995004e-10,2.897495346673572e-5,4.0534392447043086e-5,0.11111041453668498,-0.1111100907499271
29306,0.1,-0.1111104160100956,1.0818182714182058e-9,3.289100593503041e-5,4.01722958447321e-5,0.1111104160100956,-0.11111009223712921
29307,0.25,-0.11111042093231467,1.3438396069790664e-9,3.665841795521278e-5,3.977685904829088e-5,0.11111042093231467,-0.11111009342296102
29308,0.625,-0.11111043491690104,1.6022597339176538e-9,4.0028236707574986e-5,3.881211199877989e-5,0.11111043491690104,-0.11111009375592344
29309,1.5625,-0.11111047153910908,1.7923994102238783e-9,4.2336738304029494e-5,3.631054609362468e-5,0.11111047153910908,-0.11111009182883479
29310,3.90625,-0.11111055711848114,1.7554234858221944e-9,4.189777423470362e-5,2.9846338932751248e-5,0.11111055711848114,-0.1111100849007055
29311,9.765625,-0.11111070353871988,1.2196128978780176e-9,3.492295660275656e-5,1.4460632628838945e-5,0.11111070353871988,-0.11111007215722934
29312,24.4140625,-0.11111069704695993,2.5203590892863564e-10,1.5875638851039526e-5,2.1485806673456394e-5,0.11111069704695993,-0.11111007005586628
29313,9.765625,-0.11111052221785736,5.2716060026388994e-11,7.260582623067449e-6,5.849067150788047e-5,0.11111052221785736,-0.11111007476062042
29314,3.90625,-0.1111104155845753,6.5097002811456e-12,2.551411429218267e-6,6.485266280444956e-5,0.1111104155845753,-0.11111007929874922
29315,1.5625,-0.11111032172702187,5.016227205643604e-11,7.082532884246712e-6,6.46171601963304e-5,0.11111032172702187,-0.11111008340592463
29316,0.625,-0.11111023177439266,1.7135261022480091e-10,1.3090172276360647e-5,6.345082062571972e-5,0.11111023177439266,-0.11111008728563873
29317,0.25,-0.1111101431952723,3.6728944408513906e-10,1.916479700088522e-5,6.252343497392161e-5,0.1111101431952723,-0.11111009107525294
29318,0.1,-0.11111005515959216,6.372028666528559e-10,2.5242877543038866e-5,6.192748974683551e-5,0.11111005515959216,-0.11111009483472327
29319,0.1,-0.11110996803162847,9.787573436341671e-10,3.128509778847059e-5,6.155896732740494e-5,0.11110996803162847,-0.11111009850665605
29320,0.1,-0.11110988192980238,1.3896595343414507e-9,3.727813748487779e-5,6.113530083937739e-5,0.11110988192980238,-0.11111010207785885
29321,0.1,-0.11110979696975525,1.8673778460249277e-9,4.32131675074268e-5,6.065687309604225e-5,0.11110979696975525,-0.11111010553560097
29322,0.1,-0.1111097132641472,2.409152994380269e-9,4.9083123315252355e-5,6.012415871791511e-5,0.1111097132641472,-0.11111010886766327
29323,0.25,-0.11110963398045061,2.995710971791021e-9,5.4733088454709194e-5,5.954071736696667e-5,0.11110963398045061,-0.11111011152800598
29324,0.625,-0.11110956660732496,3.575214105107914e-9,5.9793094125558633e-5,5.8104415831615606e-5,0.11110956660732496,-0.11111011228389879
29325,1.5625,-0.11110953059803803,4.003862976440929e-9,6.327608534384005e-5,5.436397320509511e-5,0.11110953059803803,-0.11111010798549523
29326,3.90625,-0.11110957196856269,3.92775463014794e-9,6.267180091674357e-5,4.466679951658572e-5,0.11110957196856269,-0.1111100924759296
29327,9.765625,-0.11110977363188011,2.7382218228751457e-9,5.2328021392702643e-5,2.133266702378449e-5,0.11110977363188011,-0.11111006381723498
29328,24.4140625,-0.11111016032187375,5.726581877307328e-10,2.3930277635889074e-5,3.136757793495981e-5,0.11111016032187375,-0.11111005875766672
29329,9.765625,-0.11111029086003495,1.214143718298021e-10,1.1018818985254368e-5,8.738005928667379e-5,0.11111029086003495,-0.11111006925725847
29330,3.90625,-0.11111041577842513,1.4137816056586156e-11,3.7600287308192416e-6,9.708536132352002e-5,0.11111041577842513,-0.11111007944120713
29331,1.5625,-0.11111053371871667,1.088307369006933e-10,1.0432197127196807e-5,9.680763665946473e-5,0.11111053371871667,-0.11111008866984323
29332,0.625,-0.11111064921083272,3.7775883078363127e-10,1.943601890263619e-5,9.509434136077962e-5,0.11111064921083272,-0.11111009738976761
29333,0.25,-0.11111076397570212,8.146465076931124e-10,2.8542013028045384e-5,9.372208603958805e-5,0.11111076397570212,-0.11111010590756885
29334,0.1,-0.11111087864230366,1.417785467005927e-9,3.765349209576619e-5,9.283936594123079e-5,0.11111087864230366,-0.11111011435790202
29335,0.1,-0.11111099308566387,2.1820140019251686e-9,4.671203273167599e-5,9.229434646220721e-5,0.11111099308566387,-0.11111012261327616
29336,0.1,-0.11111110720228927,3.1022443263124142e-9,5.569779462700847e-5,9.166626544863802e-5,0.11111110720228927,-0.11111013064392322
29337,0.1,-0.11111122088640484,4.17285136857206e-9,6.459761116768995e-5,9.095571682724565e-5,0.11111122088640484,-0.11111013842110945
29338,0.1,-0.11111133403015012,5.3876963587667984e-9,7.340092886855587e-5,9.016342516368326e-5,0.11111133403015012,-0.11111014591724624
29339,0.25,-0.11111144444888917,6.703834895324552e-9,8.187694971922533e-5,8.929461352189982e-5,0.11111144444888917,-0.11111015190969858
29340,0.625,-0.11111154664954877,8.005630173405469e-9,8.947418719052701e-5,8.714891225872471e-5,0.11111154664954877,-0.11111015363514022
29341,1.5625,-0.11111162549730955,8.972020025799388e-9,9.472074759945356e-5,8.155177378855628e-5,0.11111162549730955,-0.11111014402589822
29342,3.90625,-0.1111116408732104,8.811741889259874e-9,9.387087881371876e-5,6.701910756026406e-5,0.1111116408732104,-0.11111010923246861
29343,9.765625,-0.11111149590998165,6.158807199784182e-9,7.847806827250644e-5,3.185147690417795e-5,0.11111149590998165,-0.11111004471274168
29344,24.4140625,-0.11111094127743268,9.006488659219782e-11,9.490252188018915e-6,4.529945950148999e-5,0.11111094127743268,-0.11111008184326712
29345,9.765625,-0.11111009172470304,9.511645452754791e-11,9.752766506358486e-6,2.5521961276369548e-5,0.11111009172470304,-0.11111008123525166
29346,3.90625,-0.1111097785468538,1.0849900969458563e-10,1.0416285791710289e-5,1.7011718350726133e-5,0.1111097785468538,-0.11111008099656085
29347,1.5625,-0.11110952611643352,1.2516211223267186e-10,1.1187587417878435e-5,1.3412237700775617e-5,0.11110952611643352,-0.11111008094691753
29348,3.90625,-0.11110946960928883,1.2450287030277855e-10,1.11580854228124e-5,1.1831780687828684e-5,0.11110946960928883,-0.11111008051678552
29349,9.765625,-0.11110987104170776,8.33894841616963e-11,9.13178428138205e-6,8.424337888772125e-6,0.11110987104170776,-0.11111007966541654
29350,24.4140625,-0.11111058953118948,1.602863399231416e-11,4.0035776490926415e-6,8.038053700987298e-6,0.11111058953118948,-0.11111007955834264
29351,9.765625,-0.11111026468639766,3.4929564294105267e-12,1.8689452719142224e-6,1.5918265449266134e-5,0.11111026468639766,-0.11111007989949413
29352,3.90625,-0.11111015689164397,1.4275190405991047e-12,1.1947882827510089e-6,1.7111915249769422e-5,0.11111015689164397,-0.11111008020832289
29353,1.5625,-0.11111007410593171,5.086302851070199e-12,2.2552833194679107e-6,1.687718601052012e-5,0.11111007410593171,-0.11111008048592541
29354,0.625,-0.11110999760401775,1.3667735454490944e-11,3.6969900533394656e-6,1.6493929942514185e-5,0.11110999760401775,-0.11111008074763862
29355,0.25,-0.1111099229700683,2.6974774966167814e-11,5.193724575501459e-6,1.620365494661053e-5,0.1111099229700683,-0.11111008100256614
29356,0.1,-0.111109848908028,4.4934069459427076e-11,6.703287958862209e-6,1.601074521092584e-5,0.111109848908028,-0.11111008125453826
29357,0.1,-0.11110977746245575,6.734116200536355e-11,8.206166096622927e-6,1.5882452598522362e-5,0.11110977746245575,-0.11111008149956514
29358,0.1,-0.11110970889217196,9.401232737625959e-11,9.695995429880296e-6,1.5744878850634242e-5,0.11110970889217196,-0.11111008173699509
29359,0.1,-0.11110964344417401,1.2475203473192493e-10,1.1169245038583626e-5,1.5597654782176304e-5,0.11110964344417401,-0.11111008196619099
29360,0.1,-0.11110958135288258,1.593535046551807e-10,1.2623529801730604e-5,1.5440518108878616e-5,0.11110958135288258,-0.11111008218653569
29361,0.25,-0.1111095320894404,1.9641327321785334e-10,1.401475198559908e-5,1.5274685367298626e-5,0.1111095320894404,-0.11111008236258327
29362,0.625,-0.11110951667295568,2.3226249636072569e-10,1.5240160640909456e-5,1.4903736611997618e-5,0.11110951667295568,-0.11111008241556722
29363,1.5625,-0.11110958653892156,2.570088374061148e-10,1.603149517063567e-5,1.3983016038845397e-5,0.11110958653892156,-0.11111008214758283
29364,3.90625,-0.11110984756501459,2.4755014999033976e-10,1.5733726513141754e-5,1.1696841276780503e-5,0.11110984756501459,-0.11111008118669054
29365,9.765625,-0.11111040067371408,1.6851436539702097e-10,1.2981308308372503e-5,6.908446190034534e-6,0.11111040067371408,-0.11111007946131202
29366,24.4140625,-0.111110754755002,3.484620433320303e-11,5.903067366480162e-6,9.510320482030573e-6,0.111110754755002,-0.11111007921840711
29367,9.765625,-0.1111105255886115,7.540403028131244e-12,2.7459794296628015e-6,2.2157384353582417e-5,0.1111105255886115,-0.11111007988327426
29368,3.90625,-0.11111042973440241,1.5975399237392035e-12,1.263938259464917e-6,2.4378975248437697e-5,0.11111042973440241,-0.11111008052000249
29369,1.5625,-0.11111035257796074,7.98401496127247e-12,2.8255999294437404e-6,2.4237520788497723e-5,0.11111035257796074,-0.1111100810965263
29370,0.625,-0.11111028058725357,2.4983429150061552e-11,4.998342640322045e-6,2.3777587469632822e-5,0.11111028058725357,-0.111110081641354
29371,0.25,-0.11111021026849534,5.219435271938643e-11,7.224565919097592e-6,2.341516252443165e-5,0.11111021026849534,-0.11111008217330484
29372,0.1,-0.11111014051969069,8.949252700371547e-11,9.460048995841166e-6,2.317874723211211e-5,0.11111014051969069,-0.11111008270052558
29373,0.1,-0.11111007188004811,1.365307444000212e-10,1.1684637110326585e-5,2.3028084362243974e-5,0.11111007188004811,-0.111110083214958
29374,0.1,-0.11111000450835877,1.9297269117812072e-10,1.3891461088673168e-5,2.2858522951058603e-5,0.11111000450835877,-0.11111008371488153
29375,0.1,-0.11110993855884958,2.584511208799139e-10,1.6076415050623502e-5,2.2670093511512246e-5,0.11110993855884958,-0.11111008419863362
29376,0.1,-0.11110987418075807,3.3256921110282833e-10,1.82364802279066e-5,2.2462883792083723e-5,0.11110987418075807,-0.11111008466461898
29377,0.25,-0.11110981570147886,4.1262135654161243e-10,2.031308338341603e-5,2.223834645188786e-5,0.11110981570147886,-0.11111008503781152
29378,0.625,-0.11110977321666277,4.913738884768809e-10,2.2166954876050992e-5,2.170400304395444e-5,0.11110977321666277,-0.11111008514947017
29379,1.5625,-0.11110977231135835,5.488508949938121e-10,2.3427566988353956e-5,2.0335012096487983e-5,0.11110977231135835,-0.1111100845699362
29380,3.90625,-0.11110986933163705,5.362490044394806e-10,2.3157050857988816e-5,1.683490076187231e-5,0.11110986933163705,-0.11111008246665448
29381,9.765625,-0.11111013872593055,3.711064369666081e-10,1.9264123052104087e-5,8.839541638719811e-6,0.11111013872593055,-0.1111100786098624
29382,24.4140625,-0.11111043371699598,7.620901887643362e-11,8.729777710596852e-6,1.2697340144520711e-5,0.11111043371699598,-0.11111007801893147
29383,9.765625,-0.11111039873619974,1.5942328179235865e-11,3.992784514500609e-6,3.2548134172216375e-5,0.11111039873619974,-0.11111007946866264
29384,3.90625,-0.11111041355653481,2.324278819978808e-12,1.5245585656113078e-6,3.5976113659085394e-5,0.11111041355653481,-0.1111100808615714
29385,1.5625,-0.11111043253904312,1.6031247370737372e-11,4.0039040161743855e-6,3.581771273984961e-5,0.11111043253904312,-0.11111008212217613
29386,0.625,-0.11111045238612194,5.33125241633712e-11,7.301542587931074e-6,3.516261948761676e-5,0.11111045238612194,-0.1111100833133576
29387,0.25,-0.11111047248445101,1.1331296018027582e-10,1.0644856043191745e-5,3.464485643800705e-5,0.11111047248445101,-0.11111008447701198
29388,0.1,-0.11111049267780297,1.9578985411638e-10,1.3992492777070853e-5,3.431166748760445e-5,0.11111049267780297,-0.11111008563132797
29389,0.1,-0.11111051318026559,3.000178487801887e-10,1.7321023317927513e-5,3.4104507305401555e-5,0.11111051318026559,-0.11111008675863991
29390,0.1,-0.1111105340154593,4.252873706210282e-10,2.0622496711626074e-5,3.386738353614801e-5,0.1111105340154593,-0.11111008785496726
29391,0.1,-0.11111055520457015,5.708172313292165e-10,2.389178166921037e-5,3.3600493656168234e-5,0.11111055520457015,-0.11111008891647056
29392,0.1,-0.11111057676622725,7.357578335902231e-10,2.7124856379163062e-5,3.330409111922521e-5,0.11111057676622725,-0.11111008993946606
29393,0.25,-0.1111105996578385,9.142088443674346e-10,3.0235886697225116e-5,3.298021557033052e-5,0.1111105996578385,-0.11111009075743554
29394,0.625,-0.11111062592316055,1.090326606913705e-9,3.3020093987051356e-5,3.218862687150951e-5,0.11111062592316055,-0.11111009099490521
29395,1.5625,-0.11111066019336674,1.2202016140282837e-9,3.493138437033785e-5,3.013477612036223e-5,0.11111066019336674,-0.1111100896932628
29396,3.90625,-0.11111070961364833,1.195888319735606e-9,3.458161823477331e-5,2.4829852026514967e-5,0.11111070961364833,-0.1111100849822796
29397,9.765625,-0.11111076393042682,8.322100268412465e-10,2.8848050659294927e-5,1.2273750475834035e-5,0.11111076393042682,-0.11111007629107052
29398,24.4140625,-0.1111106795363552,1.730068548254877e-10,1.3153207016750238e-5,1.78522965085604e-5,0.1111106795363552,-0.11111007482012097
29399,9.765625,-0.11111054294371212,3.6484009557281796e-11,6.0401994633688876e-6,4.8377555762805535e-5,0.11111054294371212,-0.11111007803330938
29400,3.90625,-0.11111045046549226,4.470466880633716e-12,2.1143478617847435e-6,5.3665453239179466e-5,0.11111045046549226,-0.1111100811413573
29401,1.5625,-0.11111036739258934,3.381757873709443e-11,5.815288362333757e-6,5.349041114402337e-5,0.11111036739258934,-0.1111100839572021
29402,0.625,-0.11111028729233055,1.1610841274985798e-10,1.0775361374443922e-5,5.253785739338151e-5,0.11111028729233055,-0.1111100866182071
29403,0.25,-0.11111020824666766,2.4943751024757044e-10,1.5793590796508896e-5,5.177820438249795e-5,0.11111020824666766,-0.11111008921783228
29404,0.1,-0.11111012961460066,4.3328289360687735e-10,2.081544843636277e-5,5.129010274319174e-5,0.11111012961460066,-0.11111009179698948
29405,0.1,-0.11111005162730787,6.660632908547205e-10,2.580820200739913e-5,5.098875670334985e-5,0.11111005162730787,-0.11111009431667666
29406,0.1,-0.11110997437509036,9.4622314015652e-10,3.076074024071137e-5,5.0641876193111404e-5,0.11110997437509036,-0.11111009676787023
29407,0.1,-0.11110989794658721,1.2720440433496492e-9,3.5665726452010605e-5,5.024978051922017e-5,0.11110989794658721,-0.1111100991418598
29408,0.1,-0.11110982242864019,1.6416519326811096e-9,4.0517304114182e-5,4.981286448973256e-5,0.11110982242864019,-0.1111101014302832
29409,0.25,-0.1111097501318131,2.0419429239998354e-9,4.5187862573923935e-5,4.933402326317203e-5,0.1111097501318131,-0.11111010326085102
29410,0.625,-0.11110968658013208,2.4376522472116805e-9,4.9372585988701066e-5,4.815256988977336e-5,0.11110968658013208,-0.11111010379264152
29411,1.5625,-0.11110964629069023,2.730910085872954e-9,5.225811024016228e-5,4.507302888607996e-5,0.11110964629069023,-0.1111101008758501
29412,3.90625,-0.11110966451287488,2.680676869800931e-9,5.1775253449895645e-5,3.708862222847403e-5,0.11110966451287488,-0.11111009030257121
29413,9.765625,-0.1111098102587726,1.87156894417188e-9,4.326163362809916e-5,1.792199148421956e-5,0.1111098102587726,-0.11111007071681257
29414,24.4140625,-0.11111013783556238,3.9369180823700795e-10,1.9841668484202833e-5,2.5934067116706526e-5,0.11111013783556238,-0.11111006716784726
29415,9.765625,-0.11111027331060888,8.412439535824902e-11,9.171935202466763e-6,7.226192375784156e-5,0.11111027331060888,-0.11111007434031381
29416,3.90625,-0.11111039428951949,9.732309539109526e-12,3.1196649722541564e-6,8.033781869758291e-5,0.11111039428951949,-0.1111100813158221
29417,1.5625,-0.11111050762257939,7.346141125524813e-11,8.570963262973896e-6,8.013572964734395e-5,0.11111050762257939,-0.11111008764247014
29418,0.625,-0.11111061833576322,2.563312885305065e-10,1.6010349419375782e-5,7.873347265762463e-5,0.11111061833576322,-0.11111009362215565
29419,0.25,-0.11111072822304796,5.540475944284156e-10,2.353821561691573e-5,7.760674091903751e-5,0.11111072822304796,-0.11111009946379698
29420,0.1,-0.11111083792729987,9.65446830762893e-10,3.1071640297269356e-5,7.688170501043095e-5,0.11111083792729987,-0.11111010525941303
29421,0.1,-0.11111094731769167,1.4870248301404086e-9,3.8561960921877515e-5,7.643442947105366e-5,0.11111094731769167,-0.11111011092225072
29422,0.1,-0.11111105629386604,2.115321725476829e-9,4.599262685993081e-5,7.591848127232305e-5,0.11111105629386604,-0.11111011643192685
29423,0.1,-0.11111116475412564,2.8465100835492197e-9,5.335269518542826e-5,7.533435416230594e-5,0.11111116475412564,-0.11111012176876334
29424,0.1,-0.11111127259562094,3.6764109543185384e-9,6.06334145032138e-5,7.468264925893805e-5,0.11111127259562094,-0.11111012691386206
29425,0.25,-0.1111113776408341,4.575776860359258e-9,6.764448876559907e-5,7.396763173796862e-5,0.1111113776408341,-0.11111013103250054
29426,0.625,-0.11111147446078204,5.465812400755355e-9,7.393113282478063e-5,7.219903921170252e-5,0.11111147446078204,-0.11111013223715127
29427,1.5625,-0.11111154822402858,6.127661438993056e-9,7.827938067583989e-5,6.758253976528647e-5,0.11111154822402858,-0.11111012569791305
29428,3.90625,-0.11111156019815006,6.021619064259273e-9,7.759909190357367e-5,5.559357180501235e-5,0.11111156019815006,-0.11111010193858599
29429,9.765625,-0.11111141971049998,4.2143438283294166e-9,6.491797769747157e-5,2.660420495135553e-5,0.11111141971049998,-0.11111005778667306
29430,24.4140625,-0.11111097425336414,8.939280287495688e-10,2.9898629211881417e-5,3.81723076021987e-5,0.11111097425336414,-0.11111004941967731
29431,9.765625,-0.1111107271455813,1.922670705347355e-10,1.3866040189424502e-5,0.0001082234776632485,0.1111107271455813,-0.11111006551439923
29432,3.90625,-0.11111052500164574,2.0579493026112945e-11,4.536462611563435e-6,0.00012049940892909714,0.11111052500164574,-0.11111008122743493
29433,1.5625,-0.11111033808898042,1.6021126399142618e-10,1.2657458828352007e-5,0.0001202615823647051,0.11111033808898042,-0.11111009549014152
29434,0.625,-0.11111015655167683,5.682874256740237e-10,2.3838779869658256e-5,0.00011818487768362075,0.11111015655167683,-0.11111010897177727
29435,0.25,-0.11110997713039546,1.2350880371748487e-9,3.514381933106942e-5,0.00011650605504761607,0.11110997713039546,-0.11111012214130774
29436,0.1,-0.11110979869719652,2.1579823241819663e-9,4.645408834733458e-5,0.00011542369816512127,0.11110979869719652,-0.11111013520629348
29437,0.1,-0.11110962148348515,3.3291495232996604e-9,5.769878268472967e-5,0.00011475558716381222,0.11110962148348515,-0.11111014797323973
29438,0.1,-0.11110944563330329,4.740846849951856e-9,6.885380781011211e-5,0.0001139844298177595,0.11110944563330329,-0.11111016039620289
29439,0.1,-0.11110927128783998,6.3845053523756305e-9,7.990309976700298e-5,0.00011311094955588267,0.11110927128783998,-0.11111017243081436
29440,0.1,-0.11110909858537214,8.250765646494544e-9,9.083372527037821e-5,0.00011213602957107024,0.11110909858537214,-0.11111018403445215
29441,0.25,-0.11110893101428833,1.0274181337319166e-8,0.00010136163641792276,0.00011106596707776895,0.11110893101428833,-0.11111019333216816
29442,0.625,-0.11110877709247761,1.2278311848506506e-8,0.00011080754418588342,0.00010841689179727184,0.11110877709247761,-0.11111019608056771
29443,1.5625,-0.11110865983483728,1.3772811867937588e-8,0.00011735762381685132,0.00010149778130135434,0.11110865983483728,-0.11111018141313563
29444,3.90625,-0.11110863905693774,1.354728635190542e-8,0.00011639281056794453,8.351358518958852e-5,0.11110863905693774,-0.11111012796624478
29445,9.765625,-0.1111088567282331,9.502513374042557e-9,9.748083593221059e-5,3.9864129727923895e-5,0.1111088567282331,-0.11111002834623437
29446,24.4140625,-0.11110961762760505,1.3830607407393682e-10,1.1760360286740233e-5,5.5419730277987346e-5,0.11110961762760505,-0.11111008489717678
29447,9.765625,-0.11111092498088314,1.4411498429368698e-10,1.2004790056210353e-5,3.1965798639932564e-5,0.11111092498088314,-0.11111008405592905
29448,3.90625,-0.11111141308676105,1.6598164492443808e-10,1.288338639195604e-5,2.1455105175634468e-5,0.11111141308676105,-0.11111008370550456
29449,1.5625,-0.11111180622071794,1.935824468227699e-10,1.3913390917485569e-5,1.6858213152714304e-5,0.11111180622071794,-0.11111008363217234
29450,3.90625,-0.11111189771333088,1.933973899159563e-10,1.3906739010852124e-5,1.478734980342131e-5,0.11111189771333088,-0.11111008295664943
29451,9.765625,-0.11111128182070454,1.278507856650604e-10,1.1307112171773145e-5,1.0182965709362019e-5,0.11111128182070454,-0.1111100816282216
29452,24.4140625,-0.11111017326517973,2.4624111660328964e-11,4.962268801700384e-6,9.328414871561438e-6,0.11111017326517973,-0.1111100814403254
29453,9.765625,-0.11111070162191812,5.209705560592304e-12,2.2824779430680823e-6,1.9539380790156945e-5,0.11111070162191812,-0.11111008196287436
29454,3.90625,-0.11111088569166744,2.345624689274427e-12,1.5315432378076784e-6,2.096274559538538e-5,0.11111088569166744,-0.11111008242506523
29455,1.5625,-0.1111110289681248,8.288212829425164e-12,2.878925638050619e-6,2.063191352646578e-5,0.1111110289681248,-0.11111008283818978
29456,0.625,-0.11111116191875747,2.1822422765758114e-11,4.671447609227584e-6,2.013676803505217e-5,0.11111116191875747,-0.11111008322694173
29457,0.25,-0.11111129179251084,4.265657949796376e-11,6.531200463771095e-6,1.9767519442704086e-5,0.11111129179251084,-0.11111008360547996
29458,0.1,-0.11111142072957995,7.068350364100194e-11,8.407348193158289e-6,1.9524312086427618e-5,0.11111142072957995,-0.11111008397967498
29459,0.1,-0.11111154547945838,1.0557070732158676e-10,1.0274760694127467e-5,1.9363811538309874e-5,0.11111154547945838,-0.11111008434320269
29460,0.1,-0.11111166561970413,1.4702659938114703e-10,1.2125452543354703e-5,1.9191260342742193e-5,0.11111166561970413,-0.11111008469504748
29461,0.1,-0.11111178074645293,1.9474089121272218e-10,1.395495937696424e-5,1.900623301738204e-5,0.11111178074645293,-0.11111008503421839
29462,0.1,-0.11111189047564919,2.483856474907034e-10,1.576025531172333e-5,1.880843401508423e-5,0.11111189047564919,-0.11111008535975973
29463,0.25,-0.11111197953677611,3.056828075949366e-10,1.7483786992380588e-5,1.859942161511136e-5,0.11111197953677611,-0.11111008561655314
29464,0.625,-0.1111120139636768,3.607131045064105e-10,1.8992448617974736e-5,1.812922739833683e-5,0.1111120139636768,-0.11111008568261863
29465,1.5625,-0.11111191044752194,3.976745279661569e-10,1.994177845544767e-5,1.696034733371392e-5,0.11111191044752194,-0.11111008525341891
29466,3.90625,-0.1111114965304768,3.8050860291677887e-10,1.9506629717016185e-5,1.4059779680628813e-5,0.1111114965304768,-0.1111100837654391
29467,9.765625,-0.11111060187039193,2.572229702526023e-10,1.603817228528869e-5,7.956108884511369e-6,0.11111060187039193,-0.11111008113023702
29468,24.4140625,-0.1111099940504957,5.398095117937669e-11,7.347173005951111e-6,1.1339105426519551e-5,0.1111099940504957,-0.11111008073032112
29469,9.765625,-0.11111034724526136,1.1410528444758285e-11,3.3779473715199125e-6,2.7169694165759017e-5,0.11111034724526136,-0.11111008173906373
29470,3.90625,-0.1111104855166863,1.996514651365028e-12,1.4129807682219273e-6,2.9989000012112497e-5,0.1111104855166863,-0.11111008270623668
29471,1.5625,-0.11111059431796376,1.1521421607637064e-11,3.394321965818367e-6,2.9832090838095463e-5,0.11111059431796376,-0.11111008358095323
29472,0.625,-0.11111069510449485,3.733224813848304e-11,6.110012122613427e-6,2.9267099471569744e-5,0.11111069510449485,-0.11111008440675844
29473,0.25,-0.11111079334422916,7.881035687822697e-11,8.877519748118106e-6,2.8819117894438342e-5,0.11111079334422916,-0.11111008521261677
29474,0.1,-0.11111089075051639,1.3576603473457843e-10,1.1651868293736349e-5,2.8526379976661658e-5,0.11111089075051639,-0.11111008601112704
29475,0.1,-0.11111098641090196,2.0767137924005342e-10,1.441080772337392e-5,2.833980257354163e-5,0.11111098641090196,-0.11111008679011476
29476,0.1,-0.1111110800737553,2.9401340887824056e-10,1.714681920585391e-5,2.8129634053605915e-5,0.1111110800737553,-0.11111008754693659
29477,0.1,-0.11111117149472664,3.942314328163979e-10,1.9855262093873198e-5,2.78958996765868e-5,0.11111117149472664,-0.11111008827903822
29478,0.1,-0.11111126043745807,5.07719146363946e-10,2.2532624045235965e-5,2.763869570736321e-5,0.11111126043745807,-0.11111008898396887
29479,0.25,-0.11111133993969946,6.30339203055783e-10,2.5106556973344293e-5,2.7359790463116292e-5,0.11111133993969946,-0.11111008954705434
29480,0.625,-0.11111139381776448,7.510240998602129e-10,2.7404818916756462e-5,2.669484683316199e-5,0.11111139381776448,-0.11111008971014609
29481,1.5625,-0.11111138120983967,8.392216036329901e-10,2.8969321766879356e-5,2.498874905110167e-5,0.11111138120983967,-0.11111008881569046
29482,3.90625,-0.11111121298980867,8.203988679640686e-10,2.8642605816581506e-5,2.0614633498664984e-5,0.11111121298980867,-0.11111008558818485
29483,9.765625,-0.11111077716586616,5.689541804496143e-10,2.3852760436679322e-5,1.0460379731780542e-5,0.11111077716586616,-0.11111007966147733
29484,24.4140625,-0.11111034402054742,1.182865228884937e-10,1.0875960780018182e-5,1.5186208004232018e-5,0.11111034402054742,-0.11111007868181133
29485,9.765625,-0.11111044057407388,2.4851994378885295e-11,4.985177467140492e-6,4.012665414776969e-5,0.11111044057407388,-0.11111008089093413
29486,3.90625,-0.11111044721456033,3.175454981216704e-12,1.781980634355128e-6,4.446157792836434e-5,0.11111044721456033,-0.11111008302325825
29487,1.5625,-0.11111044466881245,2.3486727600779336e-11,4.8463107206182455e-6,4.4298092803590545e-5,0.11111044466881245,-0.1111100849541998
29488,0.625,-0.11111043998254476,8.000180011519577e-11,8.944372538931715e-6,4.349891572545295e-5,0.11111043998254476,-0.11111008677850118
29489,0.25,-0.11111043469770966,1.7139816656343693e-10,1.3091912257704636e-5,4.2862163756837684e-5,0.11111043469770966,-0.11111008856025437
29490,0.1,-0.1111104292591293,2.9730035015736905e-10,1.724239977953675e-5,4.2451183211598735e-5,0.1111104292591293,-0.11111009032746219
29491,0.1,-0.11111042328178777,4.566065774058097e-10,2.136835457881139e-5,4.2195250173537016e-5,0.11111042328178777,-0.11111009205338124
29492,0.1,-0.11111041669645805,6.482351321852712e-10,2.546046213612925e-5,4.190208855027902e-5,0.11111041669645805,-0.11111009373189315
29493,0.1,-0.11111040943736893,8.709945840978567e-10,2.951261737118307e-5,4.157193978271755e-5,0.11111040943736893,-0.11111009535709444
29494,0.1,-0.11111040144248278,1.1235886744215195e-9,3.351997426045431e-5,4.1205113089626086e-5,0.11111040144248278,-0.11111009692331915
29495,0.25,-0.1111103905087046,1.397035156009499e-9,3.7376933475199634e-5,4.080411525097658e-5,0.1111103905087046,-0.11111009817597416
29496,0.625,-0.11111037170672591,1.6671976254591238e-9,4.083133141913357e-5,3.982367047343583e-5,0.11111037170672591,-0.11111009854033493
29497,1.5625,-0.11111033319704472,1.8671452926370704e-9,4.3210476653666645e-5,3.7278204202242244e-5,0.11111033319704472,-0.11111009654766621
29498,3.90625,-0.11111025269799195,1.8321673211697632e-9,4.280382367464107e-5,3.069281473588711e-5,0.11111025269799195,-0.11111008932491555
29499,9.765625,-0.11111012568572051,1.2787579440373883e-9,3.575972516725189e-5,1.4961682011756243e-5,0.11111012568572051,-0.11111007595162534
29500,24.4140625,-0.11111016889441394,2.688458434927247e-10,1.6396519249301807e-5,2.1617454890651554e-5,0.11111016889441394,-0.11111007354483039
29501,9.765625,-0.11111035294518969,5.7197392862637426e-11,7.562895798742531e-6,5.9825109175499516e-5,0.11111035294518969,-0.11111007846160798
29502,3.90625,-0.11111046818595705,6.397154087232336e-12,2.529259592693549e-6,6.649032894360186e-5,0.11111046818595705,-0.11111008324037534
29503,1.5625,-0.11111057026029103,5.004805685773219e-11,7.074465128738157e-6,6.631756579625254e-5,0.11111057026029103,-0.11111008757397783
29504,0.625,-0.11111066842496918,1.75157421688617e-10,1.3234705198402305e-5,6.515436513269439e-5,0.11111066842496918,-0.11111009166953717
29505,0.25,-0.11111076535990501,3.78776028596721e-10,1.946216916473395e-5,6.421959237165327e-5,0.11111076535990501,-0.11111009567015753
29506,0.1,-0.11111086195278147,6.600963155406875e-10,2.5692339627614444e-5,6.361718465150596e-5,0.11111086195278147,-0.11111009963885689
29507,0.1,-0.11111095779463799,1.0167127449150196e-9,3.188593333924882e-5,6.324458493504844e-5,0.11111095779463799,-0.1111101035163684
29508,0.1,-0.11111105274708356,1.4462501613811347e-9,3.8029595861396355e-5,6.281547400547193e-5,0.11111105274708356,-0.11111010728879775
29509,0.1,-0.11111114667304012,1.946083130746423e-9,4.4114432227406296e-5,6.233023944776177e-5,0.11111114667304012,-0.11111011094273103
29510,0.1,-0.11111123943706318,2.513346857531222e-9,5.013329091064361e-5,6.178936168485917e-5,0.11111123943706318,-0.11111011446528504
29511,0.25,-0.11111132748062187,3.1280482346473715e-9,5.5928957031643025e-5,6.119639567308677e-5,0.11111132748062187,-0.11111011728588818
29512,0.625,-0.11111140233585073,3.736339994539808e-9,6.112560833676674e-5,5.9733434882701884e-5,0.11111140233585073,-0.11111011811440433
29513,1.5625,-0.11111144192354544,4.1886809705490064e-9,6.472001985899732e-5,5.5918952718847534e-5,0.11111144192354544,-0.11111011364957886
29514,3.90625,-0.11111139392290238,4.116334335747412e-9,6.415866532080769e-5,4.601966947500649e-5,0.11111139392290238,-0.11111009741372077
29515,9.765625,-0.11111116474379448,2.8816256337802905e-9,5.3680775271788784e-5,2.2133578893543405e-5,0.11111116474379448,-0.11111006723104155
29516,24.4140625,-0.11111073390862648,6.12108382666217e-10,2.474082421153784e-5,3.165828286454163e-5,0.11111073390862648,-0.11111006148764203
29517,9.765625,-0.1111105966825799,1.317892424077052e-10,1.1479949582106412e-5,8.954512754103466e-5,0.1111105966825799,-0.1111100725026745
29518,3.90625,-0.11111046387525461,1.403450460970274e-11,3.746265421683672e-6,9.970644254926504e-5,0.11111046387525461,-0.11111008326151264
29519,1.5625,-0.11111033868332126,1.0925443138790585e-10,1.0452484460065264e-5,9.951478028994946e-5,0.11111033868332126,-0.11111009302898271
29520,0.625,-0.11111021648036143,3.8810290441583833e-10,1.9700327520522047e-5,9.779940140617519e-5,0.11111021648036143,-0.11111010226200362
29521,0.25,-0.11111009551577627,8.439188248513617e-10,2.9050280977149975e-5,9.641147810303749e-5,0.11111009551577627,-0.11111011128122032
29522,0.1,-0.11110997516005627,1.4748932517078292e-9,3.84043389698069e-5,9.551601911280858e-5,0.11110997516005627,-0.11111012022862138
29523,0.1,-0.11110985549821943,2.2756761480274432e-9,4.770404750152175e-5,9.496274426137191e-5,0.11110985549821943,-0.1111101289719939
29524,0.1,-0.11110973661011155,3.240968324472397e-9,5.6929503111061814e-5,9.43243160430121e-5,0.11110973661011155,-0.11111013747991888
29525,0.1,-0.11110961857468506,4.3649060333243445e-9,6.60674354983175e-5,9.360133720416552e-5,0.11110961857468506,-0.11111014572205685
29526,0.1,-0.11110950147003755,5.6410854348822434e-9,7.51071596779045e-5,9.279454254938268e-5,0.11110950147003755,-0.11111015366926327
29527,0.25,-0.11110938714182608,7.024785022013128e-9,8.381399061023839e-5,9.190917141377197e-5,0.11110938714182608,-0.11111016003955146
29528,0.625,-0.11110928019460002,8.39544182439822e-9,9.162664363818104e-5,8.971913713354764e-5,0.11110928019460002,-0.11111016193129314
29529,1.5625,-0.11110919344790358,9.417985714455988e-9,9.704630706243276e-5,8.400104117970821e-5,0.11110919344790358,-0.11111015191314591
29530,3.90625,-0.11110916246878891,9.265167368122644e-9,9.625573940354229e-5,6.914158706038989e-5,0.11110916246878891,-0.11111011536996872
29531,9.765625,-0.11110928459768382,6.501412992948582e-9,8.063134001707142e-5,3.310174100582675e-5,0.11110928459768382,-0.11111004721535445
29532,24.4140625,-0.11111002213058424,9.298976969595453e-11,9.643120329849386e-6,4.583400292017452e-5,0.11111002213058424,-0.11111008593592936
29533,9.765625,-0.11111077024094014,9.814879262001847e-11,9.907007248408496e-6,2.5885864061857383e-5,0.11111077024094014,-0.11111008531099566
29534,3.90625,-0.1111110398811027,1.1177601960864064e-10,1.0572417869562318e-5,1.7288051067202314e-5,0.1111110398811027,-0.11111008506659263
29535,1.5625,-0.11111125737044741,1.2890068691821875e-10,1.1353443835163794e-5,1.3659259407993407e-5,0.11111125737044741,-0.11111008501697357
29536,3.90625,-0.11111130146425262,1.2841805643555564e-10,1.133216909667146e-5,1.2063608492790844e-5,0.11111130146425262,-0.11111008457468095
29537,9.765625,-0.111110944028707,8.652366634009984e-11,9.301809842181243e-6,8.6064645071229e-6,0.111110944028707,-0.11111008369112624
29538,24.4140625,-0.11111032332421719,1.6679221305833378e-11,4.084020238176273e-6,8.125074686614457e-6,0.11111032332421719,-0.11111008357270838
29539,9.765625,-0.11111060476822063,3.6466301131587914e-12,1.9096151741015233e-6,1.614184106952271e-5,0.11111060476822063,-0.11111008392290149
29540,3.90625,-0.11111069412715012,1.3330783685484655e-12,1.1545901301104498e-6,1.7406536282340003e-5,0.11111069412715012,-0.11111008424362387
29541,1.5625,-0.11111076183694829,4.953233165010084e-12,2.2255860273218117e-6,1.7191060032190335e-5,0.11111076183694829,-0.11111008453242004
29542,0.625,-0.11111082416770653,1.3671685356550117e-11,3.697524219873362e-6,1.681116169737206e-5,0.11111082416770653,-0.1111100848047313
29543,0.25,-0.11111088491647206,2.7281471779967813e-11,5.223166834399205e-6,1.652026312676643e-5,0.11111088491647206,-0.11111008506994423
29544,0.1,-0.11111094519098325,4.570568641869933e-11,6.760598081434758e-6,1.6326072486111547e-5,0.11111094519098325,-0.11111008533204841
29545,0.1,-0.11111100318580462,6.873972657907737e-11,8.290942442152e-6,1.619659766954448e-5,0.11111100318580462,-0.11111008558700611
29546,0.1,-0.11111105867701572,9.619743083879584e-11,9.808028896714968e-6,1.605763041087314e-5,0.11111105867701572,-0.11111008583413799
29547,0.1,-0.11111111145110521,1.278804921873917e-10,1.1308425716579284e-5,1.5908797926762577e-5,0.11111111145110521,-0.11111008607277946
29548,0.1,-0.11111116130564676,1.6357899155648052e-10,1.2789800293846676e-5,1.5749833452488914e-5,0.11111116130564676,-0.11111008630228614
29549,0.25,-0.1111111999698355,2.018823059740458e-10,1.4208529338888166e-5,1.558195647395556e-5,0.1111111999698355,-0.11111008648619106
29550,0.625,-0.11111120912099523,2.390910176342741e-10,1.546256827419928e-5,1.5206284777369598e-5,0.11111120912099523,-0.11111008654322528
29551,1.5625,-0.11111114401923664,2.651832471406295e-10,1.6284448014612884e-5,1.4272474123099471e-5,0.11111114401923664,-0.11111008626842876
29552,3.90625,-0.11111091313069706,2.5650780524072835e-10,1.6015861052117314e-5,1.1944331966973524e-5,0.11111091313069706,-0.11111008527279148
29553,9.765625,-0.11111043292839613,1.7586663361989186e-10,1.3261471774274976e-5,6.990073226022915e-6,0.11111043292839613,-0.11111008346705814
29554,24.4140625,-0.11111014920785396,3.686787881334264e-11,6.071892523204165e-6,9.505026634828979e-6,0.11111014920785396,-0.11111008318659875
29555,9.765625,-0.11111036074920252,8.083161334708305e-12,2.843090103163863e-6,2.2602656063982124e-5,0.11111036074920252,-0.11111008387821417
29556,3.90625,-0.11111045164953735,1.5731606277882155e-12,1.2542570022878945e-6,2.4926819339572305e-5,0.11111045164953735,-0.11111008454519954
29557,1.5625,-0.11111052550457032,7.966243459301458e-12,2.8224534467908336e-6,2.4806356456119422e-5,0.11111052550457032,-0.11111008515012184
29558,0.625,-0.11111059465247296,2.5463101930058974e-11,5.046097693273385e-6,2.4347093731563763e-5,0.11111059465247296,-0.11111008572197352
29559,0.25,-0.11111066229387327,5.364197812157115e-11,7.324068413223019e-6,2.3981764363681036e-5,0.11111066229387327,-0.1111100862803053
29560,0.1,-0.11111072944072231,9.237316935097834e-11,9.61109615761794e-6,2.3742786334351644e-5,0.11111072944072231,-0.11111008683365135
29561,0.1,-0.11111079558230753,1.413004269056878e-10,1.1886985610561149e-5,2.3590395782464933e-5,0.11111079558230753,-0.11111008737372022
29562,0.1,-0.1111108605702452,2.000768476768523e-10,1.4144852338460528e-5,2.3418635689769e-5,0.1111108605702452,-0.11111008789870445
29563,0.1,-0.11111092426009171,2.6832316221363197e-10,1.6380572707131823e-5,2.3227537919008063e-5,0.11111092426009171,-0.11111008840685843
29564,0.1,-0.11111098651174837,3.456291299198941e-10,1.859110351538859e-5,2.301719165825803e-5,0.11111098651174837,-0.11111008889650634
29565,0.25,-0.11111104328235144,4.292019454396947e-10,2.0717189612485925e-5,2.2789050576046997e-5,0.11111104328235144,-0.11111008928955084
29566,0.625,-0.11111108513499218,5.115641654631832e-10,2.2617784273955377e-5,2.2245144263727566e-5,0.11111108513499218,-0.11111008941006273
29567,1.5625,-0.11111108812252066,5.720388574402314e-10,2.391733382800498e-5,2.0849936433715628e-5,0.11111108812252066,-0.11111008880937229
29568,3.90625,-0.11111099931548402,5.599817630067484e-10,2.366393380245027e-5,1.7277148088099665e-5,0.11111099931548402,-0.11111008661436633
29569,9.765625,-0.11111074751960104,3.8921823522970353e-10,1.972861463027e-5,9.064539653673626e-6,0.11111074751960104,-0.11111008256464859
29570,24.4140625,-0.11111046226150853,8.11612390660652e-11,9.00895327249871e-6,1.277863156621282e-5,0.11111046226150853,-0.11111008188804612
29571,9.765625,-0.11111048466594492,1.721813705852625e-11,4.149474311105715e-6,3.3287452085792096e-5,0.11111048466594492,-0.11111008340365733
29572,3.90625,-0.1111104631433234,2.2798622257962522e-12,1.5099212647672236e-6,3.6875183302425805e-5,0.1111104631433234,-0.11111008486967244
29573,1.5625,-0.11111043849666952,1.6066390600357532e-11,4.008290234047122e-6,3.674717032875755e-5,0.11111043849666952,-0.11111008619867706
29574,0.625,-0.11111041332754287,5.462249669831821e-11,7.390703396722007e-6,3.6091510994747706e-5,0.11111041332754287,-0.11111008745494172
29575,0.25,-0.11111038806223279,1.1704411913811393e-10,1.0818693042050594e-5,3.556834729798556e-5,0.11111038806223279,-0.1111100886821754
29576,0.1,-0.11111036279842551,2.0307576837900668e-10,1.4250465549553344e-5,3.523073729058808e-5,0.11111036279842551,-0.11111008989950594
29577,0.1,-0.11111033734733335,3.119681494290685e-10,1.766262011789498e-5,3.5020697869814054e-5,0.11111033734733335,-0.11111009108866551
29578,0.1,-0.11111031169086576,4.4298467121242595e-10,2.1047201030360924e-5,3.477994481522985e-5,0.11111031169086576,-0.11111009224546353
29579,0.1,-0.11111028581272848,5.953136076155539e-10,2.439904931786388e-5,3.450867964821947e-5,0.11111028581272848,-0.1111100933658559
29580,0.1,-0.11111025969855254,7.680714178965968e-10,2.771410142682957e-5,3.4207160172065586e-5,0.11111025969855254,-0.11111009444596003
29581,0.25,-0.11111023258364193,9.551313670457663e-10,3.090519967652314e-5,3.3877433705098705e-5,0.11111023258364193,-0.11111009531169212
29582,0.625,-0.11111020286234241,1.1400221785808167e-9,3.3764214467107285e-5,3.307023680680493e-5,0.11111020286234241,-0.11111009556995166
29583,1.5625,-0.11111016701945178,1.27704903840315e-9,3.573582290088127e-5,3.0973796062357204e-5,0.11111016701945178,-0.11111009421578633
29584,3.90625,-0.11111012054248327,1.253676171567992e-9,3.540728980828654e-5,2.555309225525782e-5,0.11111012054248327,-0.11111008928143794
29585,9.765625,-0.11111007873460359,8.758395051380597e-10,2.9594585740267756e-5,1.2674805935513453e-5,0.11111007873460359,-0.11111008012707209
29586,24.4140625,-0.11111018878543787,1.847586513805408e-10,1.3592595461520246e-5,1.8027527181748256e-5,0.11111018878543787,-0.11111007845921218
29587,9.765625,-0.11111033315435202,3.9508559935836334e-11,6.285583500028962e-6,4.9575818984702855e-5,0.11111033315435202,-0.11111008183102147
29588,3.90625,-0.11111043246426146,4.433406763463022e-12,2.105565663536291e-6,5.5107871612711944e-5,0.11111043246426146,-0.111110085113576
29589,1.5625,-0.11111052199179886,3.40741336070014e-11,5.837305337825099e-6,5.49764359025479e-5,0.11111052199179886,-0.11111008809245225
29590,0.625,-0.11111060850850847,1.1952760761055085e-10,1.093286822432937e-5,5.402084235372081e-5,0.11111060850850847,-0.11111009090858473
29591,0.25,-0.11111069405585505,2.587740783518155e-10,1.60864563640292e-5,5.3251656028421496e-5,0.11111069405585505,-0.11111009365980623
29592,0.1,-0.11111077932143217,4.512629639031809e-10,2.1242950922675052e-5,5.27561168788153e-5,0.11111077932143217,-0.11111009638926914
29593,0.1,-0.11111086404028318,6.953546148066259e-10,2.636957744838976e-5,5.2450025883969245e-5,0.11111086404028318,-0.11111009905646729
29594,0.1,-0.11111094810745793,9.894283251349932e-10,3.145517962331471e-5,5.209719271856745e-5,0.11111094810745793,-0.11111010165186924
29595,0.1,-0.11111103141870225,1.3316918148959815e-9,3.6492352827626526e-5,5.169794201750895e-5,0.11111103141870225,-0.1111101041662714
29596,0.1,-0.11111111387066981,1.7201886859127575e-9,4.147515745494835e-5,5.1252674993200456e-5,0.11111111387066981,-0.11111010659083383
29597,0.25,-0.11111119285808516,2.1412552874006515e-9,4.627369973754694e-5,5.076430504607651e-5,0.11111119285808516,-0.1111101085349224
29598,0.625,-0.11111126212288149,2.5580776622456703e-9,5.0577442227199176e-5,4.9557432206906576e-5,0.11111126212288149,-0.11111010911499299
29599,1.5625,-0.1111113051837876,2.8683899216185794e-9,5.355735170467804e-5,4.640872603108861e-5,0.1111113051837876,-0.11111010606950301
29600,3.90625,-0.11111128207150989,2.81991126568572e-9,5.310283670093077e-5,3.823775711408241e-5,0.11111128207150989,-0.11111009495718337
29601,9.765625,-0.11111111566938557,1.9758139513916595e-9,4.445012881186802e-5,1.8570184880772404e-5,0.11111111566938557,-0.11111007426630798
29602,24.4140625,-0.11111075398406307,4.211600767423941e-10,2.0522184989478926e-5,2.6264581998588582e-5,0.11111075398406307,-0.11111007027329313
29603,9.765625,-0.11111061258055013,9.113225721206872e-11,9.546321658736872e-6,7.417737401713094e-5,0.11111061258055013,-0.11111007782512862
29604,3.90625,-0.1111104850469232,9.736178752416861e-12,3.1202850434562645e-6,8.262114659089812e-5,0.1111104850469232,-0.11111008521338635
29605,1.5625,-0.11111036567467551,7.4413282079126e-11,8.626313353868268e-6,8.247931033916694e-5,0.11111036567467551,-0.11111009192466954
29606,0.625,-0.11111024931850637,2.650297742755621e-10,1.6279735080017798e-5,8.10680343529707e-5,0.11111024931850637,-0.11111009827009255
29607,0.25,-0.11111013414582517,5.770173106055218e-10,2.402118462119472e-5,7.99240052677406e-5,0.11111013414582517,-0.11111010446907106
29608,0.1,-0.11111001950696309,1.0091399305106504e-9,3.176696287828993e-5,7.91858603311129e-5,0.11111001950696309,-0.11111011061893224
29609,0.1,-0.11110990550839954,1.5577455832773033e-9,3.9468285790965175e-5,7.873013347789571e-5,0.11110990550839954,-0.11111011662924376
29610,0.1,-0.11110979223540117,2.2192130885267303e-9,4.710852458448184e-5,7.820389125037105e-5,0.11110979223540117,-0.11111012247843685
29611,0.1,-0.11110967977241361,2.989533780967772e-9,5.467662920268377e-5,7.760763559410959e-5,0.11110967977241361,-0.11111012814567921
29612,0.1,-0.11110956820302786,3.864328244100144e-9,6.216372128581223e-5,7.694197744970122e-5,0.11110956820302786,-0.11111013361095731
29613,0.25,-0.11110945949995052,4.8129965383954695e-9,6.937576333558766e-5,7.621122090424515e-5,0.11110945949995052,-0.1111101379957976
29614,0.625,-0.11110935854997658,5.7530175184539165e-9,7.584864875826014e-5,7.440158361815313e-5,0.11110935854997658,-0.11111013931129136
29615,1.5625,-0.11110927877720934,6.454992490151562e-9,8.034296789484169e-5,6.967449003129652e-5,0.11110927877720934,-0.11111013246228263
29616,3.90625,-0.11110925625194454,6.352354073339633e-9,7.970165665367084e-5,5.738927957222628e-5,0.11110925625194454,-0.11111010742100036
29617,9.765625,-0.11110938298930934,4.460903671642781e-9,6.678999679325326e-5,2.762064241314925e-5,0.11110938298930934,-0.1111100606583402
29618,24.4140625,-0.11110985303941061,9.582775892338227e-10,3.095605900682163e-5,3.875147245576367e-5,0.11110985303941061,-0.1111100512739888
29619,9.765625,-0.11111013703014846,2.086072084787419e-10,1.4443240927116804e-5,0.00011125912017111775,0.11111013703014846,-0.11111006826942682
29620,3.90625,-0.11111036360773165,2.072933716590256e-11,4.552948183968554e-6,0.00012409832210869942,0.11111036360773165,-0.11111008495693751
29621,1.5625,-0.11111057281268522,1.6299997860622338e-10,1.2767144496958722e-5,0.00012394847306084698,0.11111057281268522,-0.11111010012678271
29622,0.625,-0.11111077645125761,5.89842433103336e-10,2.428667192316263e-5,0.00012185484978846796,0.11111077645125761,-0.11111011447100518
29623,0.25,-0.11111097840238136,1.2909089338475901e-9,3.592922116951034e-5,0.00012014796712501382,0.11111097840238136,-0.11111012848358001
29624,0.1,-0.11111118001931025,2.2634136182777853e-9,4.757534674889701e-5,0.00011904497903022394,0.11111118001931025,-0.11111014238460422
29625,0.1,-0.1111113809102352,3.4991897775222756e-9,5.915394980491392e-5,0.00011836391310483684,0.1111113809102352,-0.1111101559716308
29626,0.1,-0.11111158086087414,4.990116923662812e-9,7.064075964811542e-5,0.00011757676804420431,0.11111158086087414,-0.11111016919586783
29627,0.1,-0.11111177965530938,6.727198363433429e-9,8.201949989748432e-5,0.00011668427967961211,0.11111177965530938,-0.11111018201017868
29628,0.1,-0.11111197707643944,8.700598649791185e-9,9.327699957541078e-5,0.00011568734751094476,0.11111197707643944,-0.11111019436926303
29629,0.25,-0.11111216823104053,1.084159777475587e-8,0.00010412299349690187,0.00011459233526989104,0.11111216823104053,-0.1111102042935528
29630,0.625,-0.11111234111832054,1.2964732797248144e-8,0.00011386278056172765,0.00011187744779353017,0.11111234111832054,-0.1111102072976076
29631,1.5625,-0.11111246352584085,1.4554150342730623e-8,0.00012064058331560994,0.00010478057044967628,0.11111246352584085,-0.11111019188285838
29632,3.90625,-0.11111245440764266,1.4334664575817642e-8,0.00011972745957305552,8.632116376261881e-5,0.11111245440764266,-0.11111013537889704
29633,9.765625,-0.11111214125412909,1.0085630691131686e-8,0.00010042724078222843,4.143696444131573e-5,0.11111214125412909,-0.11111002958838659
29634,24.4140625,-0.11111162215184832,1.4682118009791138e-10,1.2116979000473319e-5,5.638301657125322e-5,0.11111162215184832,-0.11111008896632218
29635,9.765625,-0.11110980212354397,1.5073455181026844e-10,1.2277400042772428e-5,3.3450645276858375e-5,0.11110980212354397,-0.11111008819096677
29636,3.90625,-0.11110910959070751,1.7588880041711387e-10,1.3262307507259581e-5,2.266815401963969e-5,0.11110910959070751,-0.11111008784134115
29637,1.5625,-0.1111085511871575,2.0759928743824556e-10,1.440830619601921e-5,1.7795334107766008e-5,0.1111085511871575,-0.11111008777144046
29638,3.90625,-0.11110841056862154,2.0789748044351725e-10,1.4418650437662925e-5,1.556185691872917e-5,0.11110841056862154,-0.11111008704249437
29639,9.765625,-0.11110925755668632,1.3482519606145717e-10,1.1611425238163366e-5,1.0536832419904356e-5,0.11110925755668632,-0.11111008562509198
29640,24.4140625,-0.1111108301519241,2.673504845087312e-11,5.170594593552382e-6,9.429337438701224e-6,0.1111108301519241,-0.11111008539992036
29641,9.765625,-0.11111010368523624,5.727348587802934e-12,2.3931879549677944e-6,2.0325867269845677e-5,0.11111010368523624,-0.11111008597019482
29642,3.90625,-0.11110984286152936,3.1538372671375807e-12,1.7759046334579964e-6,2.1666192288107087e-5,0.11110984286152936,-0.11111008645933007
29643,1.5625,-0.1111096383355537,9.970843391003746e-12,3.1576642302505417e-6,2.1264615913800805e-5,0.1111096383355537,-0.11111008689534017
29644,0.625,-0.11110944817916277,2.4917635210113305e-11,4.991756725854466e-6,2.0729749651637635e-5,0.11110944817916277,-0.11111008730573231
29645,0.25,-0.11110926233676839,4.770278354868843e-11,6.9067201730407775e-6,2.0339558430331778e-5,0.11110926233676839,-0.11111008770562722
29646,0.1,-0.11110907782645145,7.822159363585128e-11,8.844297238099321e-6,2.0085449762234836e-5,0.11110907782645145,-0.11111008810117445
29647,0.1,-0.11110889906817034,1.1608774404483161e-10,1.077440225928249e-5,1.9919187232789054e-5,0.11110889906817034,-0.11111008848528615
29648,0.1,-0.11110872664573296,1.6097480301796008e-10,1.2687584601410943e-5,1.9740116731369478e-5,0.11110872664573296,-0.11111008885686623
29649,0.1,-0.1111085611177096,2.1253544056125722e-10,1.4578595287655709e-5,1.9547849571592402e-5,0.1111085611177096,-0.11111008921484994
29650,0.1,-0.11110840301574855,2.7040287270592743e-10,1.6443931181622216e-5,1.9342131501104746e-5,0.11110840301574855,-0.11111008955821336
29651,0.25,-0.11110827328912602,3.3194000431023907e-10,1.821922073828184e-5,1.912459168291902e-5,0.11110827328912602,-0.11111008982719206
29652,0.625,-0.11110821860200532,3.9035563580485886e-10,1.9757419765871728e-5,1.863333724063291e-5,0.11110821860200532,-0.11111008989040057
29653,1.5625,-0.11110835360626346,4.277919042611199e-10,2.0683130910505785e-5,1.7414455824863467e-5,0.11110835360626346,-0.1111100894231928
29654,3.90625,-0.11110891677369328,4.0495285322634685e-10,2.0123440392396795e-5,1.4420435633003364e-5,0.11110891677369328,-0.11111008784016276
29655,9.765625,-0.11111015099749517,2.706851562949513e-10,1.6452512157568865e-5,8.337994246697894e-6,0.11111015099749517,-0.11111008508412569
29656,24.4140625,-0.1111110354411018,5.8152613192912345e-11,7.6257860704921655e-6,1.1795002637522372e-5,0.1111110354411018,-0.11111008463469413
29657,9.765625,-0.11111056779011012,1.2308672088792724e-11,3.508371714740718e-6,2.7831799136590843e-5,0.11111056779011012,-0.11111008569499109
29658,3.90625,-0.1111103875152441,2.017310944758798e-12,1.4203207189782165e-6,3.0782987542618255e-5,0.1111103875152441,-0.11111008671567893
29659,1.5625,-0.11111024668311109,1.1748657295060221e-11,3.427631440960393e-6,3.06437560644726e-5,0.11111024668311109,-0.11111008763971866
29660,0.625,-0.11111011660810613,3.867658299662785e-11,6.219050007567703e-6,3.0072828497881675e-5,0.11111011660810613,-0.1111100885122281
29661,0.25,-0.11110998998735243,8.214437300031924e-11,9.06335329777667e-6,2.961705605289874e-5,0.11110998998735243,-0.11111008936363563
29662,0.1,-0.11110986453443998,1.419524643162848e-10,1.1914380567880347e-5,2.9318659667285253e-5,0.11110986453443998,-0.11111009020725167
29663,0.1,-0.11110974142303988,2.1754763087073457e-10,1.4749495953107501e-5,2.9128413604079564e-5,0.11110974142303988,-0.1111100910303748
29664,0.1,-0.11110962098331628,3.083908812514947e-10,1.7561061506967474e-5,2.891386143089456e-5,0.11110962098331628,-0.11111009183020723
29665,0.1,-0.11110950353533557,4.138925679147347e-10,2.034434977861752e-5,2.8675036660264365e-5,0.11110950353533557,-0.11111009260404603
29666,0.1,-0.11110938938815135,5.334146443378477e-10,2.3095771135379908e-5,2.8412044792510848e-5,0.11110938938815135,-0.11111009334929677
29667,0.25,-0.11110928765727555,6.62599936029214e-10,2.57410166083085e-5,2.812667518668444e-5,0.11110928765727555,-0.11111009394535913
29668,0.625,-0.11110921953535072,7.89789690725846e-10,2.8103197161992904e-5,2.7445452078751386e-5,0.11110921953535072,-0.1111100941205412
29669,1.5625,-0.1111092385174675,8.828214867455023e-10,2.971231203971684e-5,2.569662650070728e-5,0.1111092385174675,-0.11111009318262369
29670,3.90625,-0.11110946120741169,8.633974176555654e-10,2.938362499174609e-5,2.1212344330372723e-5,0.11110946120741169,-0.11111008978770255
29671,9.765625,-0.11111003357785085,6.000651603351477e-10,2.4496227471493394e-5,1.079018500150004e-5,0.11111003357785085,-0.11111008353482948
29672,24.4140625,-0.11111059651754554,1.2646679581373864e-10,1.1245745676198561e-5,1.5413709337255085e-5,0.11111059651754554,-0.11111008243030339
29673,9.765625,-0.11111045516709353,2.686280965497532e-11,5.182934463696731e-6,4.116466413522663e-5,0.11111045516709353,-0.11111008475456952
29674,3.90625,-0.11111043375504738,3.1751324457597286e-12,1.7818901329093577e-6,4.569521101323277e-5,0.11111043375504738,-0.11111008701007688
29675,1.5625,-0.11111042551103004,2.3864425151586974e-11,4.885122838945503e-6,4.556165917301594e-5,0.11111042551103004,-0.11111008905536407
29676,0.625,-0.1111104205297853,8.279919708173965e-11,9.099406413703019e-6,4.475611474338884e-5,0.1111104205297853,-0.11111009098826956
29677,0.25,-0.1111104165688084,1.7857543610851759e-10,1.3363212043087455e-5,4.410922571881102e-5,0.1111104165688084,-0.11111009287610057
29678,0.1,-0.11111041296991893,3.107961158325666e-10,1.762941053559553e-5,4.369073726174303e-5,0.11111041296991893,-0.11111009474845562
29679,0.1,-0.11111041022930501,4.783125349168135e-10,2.1870357448309198e-5,4.3429987996512104e-5,0.11111041022930501,-0.11111009657744521
29680,0.1,-0.11111040844212104,6.799925385476173e-10,2.607666655359955e-5,4.3130968589730674e-5,0.11111040844212104,-0.1111100983565954
29681,0.1,-0.11111040769828269,9.145881140415749e-10,3.0242157893271685e-5,4.279392694242802e-5,0.11111040769828269,-0.11111010007965634
29682,0.1,-0.11111040808214229,1.1807405124634322e-9,3.4361904959757865e-5,4.241917976754713e-5,0.11111040808214229,-0.11111010174062921
29683,0.25,-0.11111041259929832,1.4690449633542632e-9,3.8328122356231636e-5,4.2009266275618055e-5,0.11111041259929832,-0.1111101030716578
29684,0.625,-0.11111042800414277,1.7542073767216756e-9,4.188325890760741e-5,4.1005773682974665e-5,0.11111042800414277,-0.11111010346739889
29685,1.5625,-0.11111047064917395,1.966039733380324e-9,4.434004661003779e-5,3.839853188065793e-5,0.11111047064917395,-0.11111010137932316
29686,3.90625,-0.11111057226064108,1.931618945186426e-9,4.395018708932222e-5,3.1648292544859295e-5,0.11111057226064108,-0.11111009377005075
29687,9.765625,-0.11111074710473025,1.3522503623634212e-9,3.6772956943430875e-5,1.5482377290815464e-5,0.11111074710473025,-0.1111100796196409
29688,24.4140625,-0.11111073726340781,2.8763692499382086e-10,1.6959862174965365e-5,2.1946909925089096e-5,0.11111073726340781,-0.1111100769263734
29689,9.765625,-0.11111052797549992,6.187810416653673e-11,7.866263672579043e-6,6.146406226041389e-5,0.11111052797549992,-0.11111008211299998
29690,3.90625,-0.11111040147767585,6.446308781859796e-12,2.538958207978185e-6,6.842417191510733e-5,0.11111040147767585,-0.11111008718018199
29691,1.5625,-0.11111029039157305,5.1049526048529974e-11,7.144895104095649e-6,6.829397589371004e-5,0.11111029039157305,-0.11111009178141193
29692,0.625,-0.11111018399089806,1.8188978297189012e-10,1.3486652029762247e-5,6.711896528006128e-5,0.11111018399089806,-0.1111100961311679
29693,0.25,-0.11111007922559808,3.9582727822516886e-10,1.9895408470930394e-5,6.616741414343574e-5,0.11111007922559808,-0.11111010038009456
29694,0.1,-0.11110997509772284,6.920032280877129e-10,2.6305954232601274e-5,6.555271706842893e-5,0.11110997509772284,-0.11111010459493771
29695,0.1,-0.11110987206871496,1.0679016556835792e-9,3.267876459849085e-5,6.517220408898965e-5,0.11110987206871496,-0.11111010871371431
29696,0.1,-0.11110977028241724,1.52102921211779e-9,3.900037451253244e-5,6.473360019890428e-5,0.11110977028241724,-0.11111011272170056
29697,0.1,-0.11110966987931,2.0486281804779263e-9,4.5261773943118115e-5,6.42373015801333e-5,0.11110966987931,-0.11111011660467651
29698,0.1,-0.11110957099625197,2.6476879075905953e-9,5.145568877772987e-5,6.36837987135736e-5,0.11110957099625197,-0.11111012034898186
29699,0.25,-0.11110947751590247,3.297229843330501e-9,5.7421510284304616e-5,6.307669517701212e-5,0.11110947751590247,-0.11111012335290088
29700,0.625,-0.11110939860151904,3.940704842265291e-9,6.277503359031591e-5,6.157750687956051e-5,0.11110939860151904,-0.11111012425442585
29701,1.5625,-0.11110935803685273,4.420955256555224e-9,6.649026437423169e-5,5.766625029924938e-5,0.11110935803685273,-0.11111011956494288
29702,3.90625,-0.11110941202809844,4.349959788114281e-9,6.595422494514117e-5,4.7509294478906655e-5,0.11110941202809844,-0.11111010242071907
29703,9.765625,-0.1111096615833427,3.054110799242951e-9,5.5264009981568935e-5,2.2952134300217336e-5,0.1111096615833427,-0.11111007041443179
29704,24.4140625,-0.1111101337013239,6.558784574044662e-10,2.5610124119271e-5,3.220852648940496e-5,0.1111101337013239,-0.11111006401369226
29705,9.765625,-0.11111028404150655,1.4267553914362423e-10,1.194468664903455e-5,9.212050611932023e-5,0.11111028404150655,-0.11111007566325476
29706,3.90625,-0.11111042837747558,1.4225507403698908e-11,3.7716716988225404e-6,0.00010273156905751198,0.11111042837747558,-0.11111008709805908
29707,1.5625,-0.11111056462410032,1.1185920716959568e-10,1.0576351316479407e-5,0.00010260190235170951,0.11111056462410032,-0.11111009749243309
29708,0.625,-0.11111069802719352,4.043564395368508e-10,2.0108616052251104e-5,0.00010086635646008957,0.11111069802719352,-0.11111010732096614
29709,0.25,-0.11111083057662138,8.846197285520785e-10,2.974255753213026e-5,9.945172502469273e-5,0.11111083057662138,-0.11111011692206574
29710,0.1,-0.11111096299769295,1.5507286422210794e-9,3.937929204824637e-5,9.853709482428113e-5,0.11111096299769295,-0.11111012644645639
29711,0.1,-0.11111109511898298,2.397077128832894e-9,4.895995433854993e-5,9.7971695937391e-5,0.11111109511898298,-0.11111013575542918
29712,0.1,-0.11111122682054646,3.4180916066292693e-9,5.84644473729913e-5,9.731859949042809e-5,0.11111122682054646,-0.11111014481559583
29713,0.1,-0.1111113579799957,4.607599384016268e-9,6.787930011436674e-5,9.657842053299408e-5,0.1111113579799957,-0.11111015359470366
29714,0.1,-0.11111148847272163,5.9588543782382004e-9,7.719361617542089e-5,9.575190946339172e-5,0.11111148847272163,-0.11111016206176139
29715,0.25,-0.11111161570250112,7.42479102915205e-9,8.616722711769278e-5,9.484438663869818e-5,0.11111161570250112,-0.11111016886115577
29716,0.625,-0.11111173317418026,8.878414822246998e-9,9.422534065869434e-5,9.259711351569845e-5,0.11111173317418026,-0.11111017092149705
29717,1.5625,-0.11111182301801373,9.966526827663915e-9,9.983249384676271e-5,8.672581846251167e-5,0.11111182301801373,-0.11111016036940204
29718,3.90625,-0.11111183783637474,9.816027194056508e-9,9.907586585065259e-5,7.145899771400227e-5,0.11111183783637474,-0.11111012168209905
29719,9.765625,-0.11111166266024505,6.906326802521546e-9,8.310431277931095e-5,3.4368867420227674e-5,0.11111166266024505,-0.1111100492479576
29720,24.4140625,-0.11111104838625778,9.783955705778432e-11,9.891388024831718e-6,4.672069961928469e-5,0.11111104838625778,-0.11111009001866722
29721,9.765625,-0.11111002195255258,1.0265300827394585e-10,1.0131782087764513e-5,2.6711746422963266e-5,0.11111002195255258,-0.11111008939462864
29722,3.90625,-0.11110964186909676,1.176096394704116e-10,1.0844797806801728e-5,1.7884438124685034e-5,0.11110964186909676,-0.11111008914147556
29723,1.5625,-0.11110933496079743,1.3632657506475685e-10,1.1675897184574591e-5,1.4093117582225864e-5,0.11110933496079743,-0.11111008908935638
29724,3.90625,-0.11110926435750786,1.3589437977286262e-10,1.1657374480253373e-5,1.241111957486673e-5,0.11110926435750786,-0.11111008861851977
29725,9.765625,-0.11110974682333448,9.078620291939848e-11,9.528179412636942e-6,8.74677891805875e-6,0.11110974682333448,-0.11111008768558565
29726,24.4140625,-0.1111106187234381,1.78820178130428e-11,4.228713493846894e-6,8.201701604926481e-6,0.1111106187234381,-0.11111008754861236
29727,9.765625,-0.11111023410163418,3.9379802849521e-12,1.9844345000407798e-6,1.6637544169701474e-5,0.11111023410163418,-0.1111100879226889
29728,3.90625,-0.11111010562147519,1.5981768861470235e-12,1.2641902096389702e-6,1.7898209090699396e-5,0.11111010562147519,-0.1111100882605487
29729,1.5625,-0.11111000682656963,5.5400122727201594e-12,2.3537230662760985e-6,1.765790415722172e-5,0.11111000682656963,-0.11111008856448013
29730,0.625,-0.11110991549978039,1.489095832053805e-11,3.858880449111898e-6,1.7260010853862223e-5,0.11110991549978039,-0.11111008885109158
29731,0.25,-0.1111098263942484,2.943819484145402e-11,5.42569763638318e-6,1.6958232641182488e-5,0.1111098263942484,-0.111110089130308
29732,0.1,-0.11110973796876318,4.910349617525525e-11,7.007388684471217e-6,1.6757771785922063e-5,0.11110973796876318,-0.11111008940632053
29733,0.1,-0.11110965264569267,7.366079293424803e-11,8.582586610937756e-6,1.662463528983785e-5,0.11110965264569267,-0.11111008967476528
29734,0.1,-0.11110957073262129,1.0290871296332623e-10,1.0144393178664077e-5,1.6481545139310876e-5,0.11110957073262129,-0.11111008993491671
29735,0.1,-0.11110949252318002,1.366327203621932e-10,1.168899997271765e-5,1.6328140767193478e-5,0.11110949252318002,-0.11111009018606685
29736,0.1,-0.11110941829613859,1.746057869830297e-10,1.3213848303315341e-5,1.6164169896644052e-5,0.11110941829613859,-0.1111100904275303
29737,0.25,-0.11110935929003059,2.1527254467438036e-10,1.4672169051451812e-5,1.599089073030978e-5,0.11110935929003059,-0.11111009062044111
29738,0.625,-0.1111093404542793,2.5457508243834933e-10,1.5955409190564474e-5,1.560222813259104e-5,0.1111093404542793,-0.11111009067843097
29739,1.5625,-0.11110942286477259,2.816140069753414e-10,1.678135891325078e-5,1.463664258826519e-5,0.11110942286477259,-0.11111009038466922
29740,3.90625,-0.11110973236067788,2.7115640923649627e-10,1.6466827540133415e-5,1.223892143568733e-5,0.11110973236067788,-0.11111008933191546
29741,9.765625,-0.11111038958412311,1.8524436490340007e-10,1.3610450576795762e-5,7.193742106191519e-6,0.11111038958412311,-0.11111008743379905
29742,24.4140625,-0.11111081407197862,3.9438284794402656e-11,6.279990827573131e-6,9.725390800545534e-6,0.11111081407197862,-0.11111008711927914
29743,9.765625,-0.11111054167120138,8.673845656924976e-12,2.9451393272517645e-6,2.315860821671885e-5,0.11111054167120138,-0.11111008784616175
29744,3.90625,-0.11111042751210587,1.5865940711565513e-12,1.2596007586360654e-6,2.5586068560913737e-5,0.11111042751210587,-0.111110088549956
29745,1.5625,-0.11111033563961475,8.131839433537884e-12,2.85163802638727e-6,2.5478743891235587e-5,0.11111033563961475,-0.1111100891888235
29746,0.625,-0.11111024992944275,2.6400441903240978e-11,5.1381360339369156e-6,2.501399754662692e-5,0.11111024992944275,-0.11111008979282831
29747,0.25,-0.11111016621300633,5.594519438203677e-11,7.479652022790684e-6,2.4641903800529954e-5,0.11111016621300633,-0.11111009038251962
29748,0.1,-0.11111008317497188,9.662932358881268e-11,9.830021545694225e-6,2.4398018909555497e-5,0.11111008317497188,-0.1111100909669171
29749,0.1,-0.11111000145645124,1.480802323457953e-10,1.2168822142910763e-5,2.4242410016064672e-5,0.11111000145645124,-0.11111009153736617
29750,0.1,-0.1111099212468079,2.0993404049416124e-10,1.4489100748292187e-5,2.4066855316828234e-5,0.1111099212468079,-0.11111009209195488
29751,0.1,-0.1111098427299817,2.817926205772449e-10,1.6786679855684534e-5,2.3871390576483125e-5,0.1111098427299817,-0.11111009262883625
29752,0.1,-0.1111097660839837,3.632250784549298e-10,1.9058464745485923e-5,2.3656109582101048e-5,0.1111097660839837,-0.11111009314623671
29753,0.25,-0.11110969646565877,4.512991917855675e-10,2.1243803609183727e-5,2.3422486264239043e-5,0.11110969646565877,-0.11111009356200144
29754,0.625,-0.11110964590894092,5.381600032054892e-10,2.319827586708739e-5,2.286495123774204e-5,0.11110964590894092,-0.11111009369089705
29755,1.5625,-0.11110964492712462,6.020852793870881e-10,2.4537426095397375e-5,2.1433903546464742e-5,0.11110964492712462,-0.11111009306023559
29756,3.90625,-0.11110976082909675,5.89882855993243e-10,2.428750411205818e-5,1.7766774177039464e-5,0.11110976082909675,-0.11111009074852557
29757,9.765625,-0.1111100832644911,4.11000406557608e-10,2.027314495971476e-5,9.307684519317494e-6,0.1111100832644911,-0.11111008646937086
29758,24.4140625,-0.11111044054506011,8.666629747943603e-11,9.309473533956474e-6,1.2964411707847932e-5,0.11111044054506011,-0.11111008571216097
29759,9.765625,-0.11111039888801247,1.8550501721747782e-11,4.307029338389487e-6,3.4166493795621056e-5,0.11111039888801247,-0.11111008730874489
29760,3.90625,-0.11111041558841271,2.2850469443363894e-12,1.5116371735096982e-6,3.791026982347476e-5,0.11111041558841271,-0.11111008886024534
29761,1.5625,-0.1111104372226348,1.640546072466947e-11,4.050365505071051e-6,3.780337222585714e-5,0.1111104372226348,-0.11111009026833168
29762,0.625,-0.11111045989043103,5.6717700046445115e-11,7.5311154583132715e-6,3.714039211149245e-5,0.11111045989043103,-0.11111009159964369
29763,0.25,-0.11111048285903789,1.222616158064491e-10,1.1057197466195902e-5,3.660771501250917e-5,0.11111048285903789,-0.11111009290017151
29764,0.1,-0.11111050593968176,2.127666945772186e-10,1.4586524417325006e-5,3.626325541518993e-5,0.11111050593968176,-0.11111009419015665
29765,0.1,-0.11111052937096562,3.274498506227498e-10,1.809557544326098e-5,3.604884002989826e-5,0.11111052937096562,-0.11111009545050059
29766,0.1,-0.11111055318084816,4.6553859311955116e-10,2.157634336766893e-5,3.5802831335442896e-5,0.11111055318084816,-0.11111009667676558
29767,0.1,-0.1111105773945002,6.261810257028342e-10,2.5023609366013413e-5,3.5525435771605096e-5,0.1111105773945002,-0.11111009786466809
29768,0.1,-0.11111060203416064,8.08449330005706e-10,2.843324339581586e-5,3.521691700554166e-5,0.11111060203416064,-0.11111009901009457
29769,0.25,-0.1111106281999306,1.0059170415471582e-9,3.17161952564799e-5,3.4879353942228813e-5,0.1111106281999306,-0.11111009992962047
29770,0.625,-0.11111065824716093,1.2012932484595886e-9,3.465967755850577e-5,3.405211007197089e-5,0.11111065824716093,-0.11111010020864037
29771,1.5625,-0.1111106975112988,1.3465780757837333e-9,3.66957501052061e-5,3.190217630030395e-5,0.1111106975112988,-0.11111009878626177
29772,3.90625,-0.11111075415371266,1.3234230996511322e-9,3.63788826058626e-5,2.6338881755414476e-5,0.11111075415371266,-0.1111100935800948
29773,9.765625,-0.11111081566542678,9.270395390627488e-10,3.0447324004955652e-5,1.3083164681036311e-5,0.11111081566542678,-0.11111008388468911
29774,24.4140625,-0.11111071309344044,1.9751799908338037e-10,1.4054109686614104e-5,1.8326693381985594e-5,0.11111071309344044,-0.11111008203115479
29775,9.765625,-0.11111055313256729,4.262396390835489e-11,6.528703080118967e-6,5.09591626494524e-5,0.11111055313256729,-0.11111008559225422
29776,3.90625,-0.11111044542919865,4.481905708446437e-12,2.117051182292586e-6,5.6727206698312445e-5,0.11111044542919865,-0.11111008907448597
29777,1.5625,-0.11111034881612142,3.4933709763533334e-11,5.910474580229013e-6,5.66259176465788e-5,0.11111034881612142,-0.11111009223806904
29778,0.625,-0.1111102556938248,1.2452089421202685e-10,1.1158893054959657e-5,5.565778732179598e-5,0.1111102556938248,-0.11111009522951358
29779,0.25,-0.11111016380306198,2.7109309407971595e-10,1.6464904921672518e-5,5.4873271432650094e-5,0.11111016380306198,-0.11111009815198396
29780,0.1,-0.11111007239025884,4.74064715873385e-10,2.1773027255606534e-5,5.436679811529263e-5,0.11111007239025884,-0.11111010105122418
29781,0.1,-0.11110998174378094,7.317168483187058e-10,2.7050265217160178e-5,5.4053730908938034e-5,0.11110998174378094,-0.11111010388477115
29782,0.1,-0.11110989197075598,1.0423449469396156e-9,3.2285367381208713e-5,5.369258436313129e-5,0.11110989197075598,-0.11111010664251786
29783,0.1,-0.11110980317632661,1.4040630284212037e-9,3.747082903301185e-5,5.328369024081038e-5,0.11110980317632661,-0.11111010931470147
29784,0.1,-0.11110971546348695,1.8148114928943704e-9,4.260060437240733e-5,5.282745824847746e-5,0.11110971546348695,-0.1111101118919429
29785,0.25,-0.11110963160069807,2.260224921564169e-9,4.7541822867493936e-5,5.232684894748534e-5,0.11110963160069807,-0.11111011396173466
29786,0.625,-0.11110955819386327,2.7015696984358103e-9,5.197662646263039e-5,5.108875392449304e-5,0.11110955819386327,-0.1111101145901921
29787,1.5625,-0.11110951258862099,3.0311788977989236e-9,5.50561431431491e-5,4.785687955033367e-5,0.11110951258862099,-0.11111011138486249
29788,3.90625,-0.11110953686873902,2.98314345736369e-9,5.461816050878764e-5,3.946500589165552e-5,0.11110953686873902,-0.11111009963643523
29789,9.765625,-0.11110971328901321,2.095486770133403e-9,4.5776487088170095e-5,1.9224228421834078e-5,0.11110971328901321,-0.11111007768155587
29790,24.4140625,-0.11111010478007174,4.5086665972273813e-10,2.1233620975300896e-5,2.6761843253692784e-5,0.11111010478007174,-0.11111007326093557
29791,9.765625,-0.11111026067316537,9.839799377038126e-11,9.91957628986144e-6,7.63399623420119e-5,0.11111026067316537,-0.11111008125525311
29792,3.90625,-0.11111039969155002,9.910562284002725e-12,3.1481045541726734e-6,8.514333860446269e-5,0.11111039969155002,-0.11111008910950872
29793,1.5625,-0.11111052984444797,7.655839982130891e-11,8.749765700937878e-6,8.50454747574088e-5,0.11111052984444797,-0.11111009625177146
29794,0.625,-0.11111065696344165,2.769173035861294e-10,1.664083241866612e-5,8.361362257886185e-5,0.11111065696344165,-0.1111101030063156
29795,0.25,-0.11111078312183524,6.061188330067758e-10,2.461948076233079e-5,8.244543363176041e-5,0.11111078312183524,-0.11111010960501987
29796,0.1,-0.11111090906053665,1.062849252662726e-9,3.260136887713039e-5,8.169027239052776e-5,0.11111090906053665,-0.11111011615125355
29797,0.1,-0.1111110346070186,1.6432725803647651e-9,4.0537298631812714e-5,8.122379981179669e-5,0.1111110346070186,-0.11111012254995555
29798,0.1,-0.1111111596450749,2.343572900656563e-9,4.841046271888509e-5,8.068468752425254e-5,0.1111111596450749,-0.11111012877819838
29799,0.1,-0.111111284057111,3.1595229862117847e-9,5.620963428285035e-5,8.007344837427474e-5,0.111111284057111,-0.11111013481383418
29800,0.1,-0.11111140772435352,4.086501922197209e-9,6.392575320007742e-5,7.939070703620114e-5,0.11111140772435352,-0.11111014063557748
29801,0.25,-0.11111152807569755,5.092254700705942e-9,7.136003573924233e-5,7.864084647871414e-5,0.11111152807569755,-0.11111014531361486
29802,0.625,-0.11111163872676888,6.089731798867232e-9,7.803673365068039e-5,7.678230908551526e-5,0.11111163872676888,-0.11111014674095417
29803,1.5625,-0.1111117222631414,6.836796880268429e-9,8.26849253508064e-5,7.192494256805381e-5,0.1111117222631414,-0.11111013951561335
29804,3.90625,-0.11111173323670799,6.734773206255308e-9,8.206566399082693e-5,5.9294437820867856e-5,0.11111173323670799,-0.11111011298313417
29805,9.765625,-0.11111156517456024,4.740426058518362e-9,6.88507520548495e-5,2.8640189998150456e-5,0.11111156517456024,-0.11111006326897883
29806,24.4140625,-0.11111106729884411,6.792332745380033e-11,8.241560984049098e-6,3.8732314524342614e-5,0.11111106729884411,-0.11111009122325226
29807,9.765625,-0.11111006608019343,7.069480899095308e-11,8.408020515612048e-6,2.2548059158115975e-5,0.11111006608019343,-0.1111100908228652
29808,3.90625,-0.111109690104264,8.137682197430482e-11,9.02091026306685e-6,1.5313054612822633e-5,0.111109690104264,-0.11111009066026238
29809,1.5625,-0.11110938645436313,9.48080287238947e-11,9.736941446054542e-6,1.2189678443926487e-5,0.11110938645436313,-0.1111100906338897
29810,0.625,-0.11110910163781805,1.106392086705833e-10,1.0518517417896084e-5,1.0811363445776704e-5,0.11110910163781805,-0.11111009067172185
29811,1.5625,-0.11110892944191839,1.206528655767127e-10,1.0984209829419351e-5,1.0173524770588211e-5,0.11110892944191839,-0.1111100905588144
29812,3.90625,-0.11110905795876123,1.110000960222257e-10,1.0535658309864918e-5,8.653139054673175e-6,0.11110905795876123,-0.11111009014225377
29813,9.765625,-0.11110978479462698,6.64327692865601e-11,8.150629993231204e-6,6.1850735278498244e-6,0.11110978479462698,-0.11111008949950073
29814,24.4140625,-0.11111069821098706,1.1782325881360479e-11,3.432539276011344e-6,8.972556078404728e-6,0.11111069821098706,-0.11111008958518614
29815,9.765625,-0.11111033069799002,1.9809823818159295e-12,1.4074737588374178e-6,1.577636827435949e-5,0.11111033069799002,-0.11111008991793993
29816,3.90625,-0.11111020580451247,1.4896994214541995e-12,1.2205324335937163e-6,1.6601440050130553e-5,0.11111020580451247,-0.11111009020194791
29817,1.5625,-0.11111011160036686,6.092993804977008e-12,2.4683990368206287e-6,1.6257231136168453e-5,0.11111011160036686,-0.11111009045472771
29818,0.625,-0.1111100252934893,1.5159718434350673e-11,3.893548308978672e-6,1.5855102081658983e-5,0.1111100252934893,-0.11111009069364451
29819,0.25,-0.11110994139664519,2.855234247478873e-11,5.3434391991290336e-6,1.557488186984781e-5,0.11110994139664519,-0.11111009092747078
29820,0.1,-0.11110985826422048,4.6226239060544004e-11,6.7989880909252965e-6,1.5399756637439165e-5,0.11110985826422048,-0.11111009115955875
29821,0.1,-0.11110977775943609,6.799543719549144e-11,8.245934585933328e-6,1.5290039656554378e-5,0.11110977775943609,-0.11111009138559148
29822,0.1,-0.11110970017186765,9.369648293179119e-11,9.679694361486379e-6,1.5169569166182221e-5,0.11110970017186765,-0.11111009160489722
29823,0.1,-0.11110962577922158,1.2315351065628921e-10,1.1097455143242941e-5,1.5038237313227589e-5,0.11110962577922158,-0.11111009181682609
29824,0.1,-0.11110955484647111,1.5617892609185102e-10,1.2497156720304464e-5,1.4896003106684893e-5,0.11110955484647111,-0.11111009202075421
29825,0.25,-0.11110949709549181,1.9141731386685343e-10,1.3835364609104214e-5,1.4743946794074654e-5,0.11110949709549181,-0.11111009218223147
29826,0.625,-0.11110947437986324,2.2532575300329777e-10,1.5010854506099836e-5,1.4387972623538832e-5,0.11110947437986324,-0.11111009222540673
29827,1.5625,-0.11110954062675664,2.4836263785766516e-10,1.575952530559424e-5,1.3489023945700167e-5,0.11110954062675664,-0.1111100919604903
29828,3.90625,-0.11110980849354452,2.383156098337224e-10,1.5437474205119255e-5,1.124927156493388e-5,0.11110980849354452,-0.11111009103328053
29829,9.765625,-0.11111039307291916,1.6151869029702637e-10,1.2709000365765452e-5,6.618277982977336e-6,0.11111039307291916,-0.11111008938576507
29830,24.4140625,-0.11111080004092402,3.3350026549343326e-11,5.7749481858578895e-6,9.587872940087392e-6,0.11111080004092402,-0.11111008917699802
29831,9.765625,-0.11111053711254344,6.985897412397118e-12,2.6430848288310987e-6,2.1985094232293003e-5,0.11111053711254344,-0.11111008983197967
29832,3.90625,-0.11111042649036519,1.3358975158286503e-12,1.1558103286563286e-6,2.416158740634144e-5,0.11111042649036519,-0.11111009045695938
29833,1.5625,-0.11111033698251838,7.693187587740862e-12,2.7736596019953244e-6,2.402521875069448e-5,0.11111033698251838,-0.11111009102300158
29834,0.625,-0.11111025332328799,2.4418660323238964e-11,4.941524089108437e-6,2.3579759203073857e-5,0.11111025332328799,-0.11111009155844244
29835,0.25,-0.11111017155433708,5.114023997337023e-11,7.151240449975811e-6,2.3231695710169976e-5,0.11111017155433708,-0.11111009208177
29836,0.1,-0.1111100904266981,8.775181661976998e-11,9.367593961085738e-6,2.300792787789674e-5,0.1111100904266981,-0.11111009260094491
29837,0.1,-0.11111001059697094,1.3392710836365856e-10,1.1572688035355424e-5,2.2868335670304644e-5,0.11111001059697094,-0.11111009310802467
29838,0.1,-0.11110993224771258,1.893496086107442e-10,1.3760436352483311e-5,2.270942859824175e-5,0.11110993224771258,-0.1111100936012788
29839,0.1,-0.11110985555614085,2.5367139497653663e-10,1.592706485754788e-5,2.253129693923058e-5,0.11110985555614085,-0.11111009407903628
29840,0.1,-0.11110978069365011,3.26514508177139e-10,1.8069712454190823e-5,2.2334077243614384e-5,0.11110978069365011,-0.11111009453969342
29841,0.25,-0.11110971271085894,4.0524191783219816e-10,2.0130621397070635e-5,2.2119070190428878e-5,0.11110971271085894,-0.1111100949095119
29842,0.625,-0.11110966335967551,4.827848002762719e-10,2.1972364467127152e-5,2.159666179825341e-5,0.11110966335967551,-0.11111009502253939
29843,1.5625,-0.1111096623852636,5.395998602860677e-10,2.3229288845895987e-5,2.0246514542635078e-5,0.1111096623852636,-0.11111009445581317
29844,3.90625,-0.11110977522126247,5.27895044951017e-10,2.297596668153523e-5,1.6781900114904955e-5,0.11110977522126247,-0.11111009238728005
29845,9.765625,-0.11111008834229576,3.666768703661803e-10,1.914880858868719e-5,8.835598706609133e-6,0.11111008834229576,-0.1111100885746216
29846,24.4140625,-0.11111043352432522,7.669176998279888e-11,8.75738374075265e-6,1.2480650755877105e-5,0.11111043352432522,-0.11111008793645785
29847,9.765625,-0.1111103966689053,1.6369771945407044e-11,4.045957481907965e-6,3.2349740048083874e-5,0.1111103966689053,-0.11111008936535072
29848,3.90625,-0.11111041280599152,2.199481767807868e-12,1.4830649910937377e-6,3.584476939955274e-5,0.11111041280599152,-0.11111009074994549
29849,1.5625,-0.11111043373623371,1.5107200507208578e-11,3.886798233406074e-6,3.573215917574558e-5,0.11111043373623371,-0.11111009200640135
29850,0.625,-0.11111045568079735,5.138443054679781e-11,7.168293419412867e-6,3.51049955811782e-5,0.11111045568079735,-0.11111009319484219
29851,0.25,-0.11111047792121799,1.1019374724176463e-10,1.0497320955451664e-5,3.460483928326166e-5,0.11111047792121799,-0.11111009435635079
29852,0.1,-0.11111050027041085,1.9130799988249635e-10,1.3831413517153493e-5,3.428386447319722e-5,0.11111050027041085,-0.11111009550893071
29853,0.1,-0.11111052294059565,2.9403342496257077e-10,1.7147402863482585e-5,3.408614202081896e-5,0.11111052294059565,-0.11111009663534983
29854,0.1,-0.11111054595858133,4.1768762237860327e-10,2.0437407428013057e-5,3.385833280723425e-5,0.11111054595858133,-0.1111100977316194
29855,0.1,-0.11111056934862872,5.615162656101121e-10,2.3696334434045112e-5,3.360064444050907e-5,0.11111056934862872,-0.11111009879388854
29856,0.1,-0.11111059313230838,7.246962297534735e-10,2.6920182572810934e-5,3.3313336676921555e-5,0.11111059313230838,-0.11111009981845812
29857,0.25,-0.11111061832861167,9.014548583863982e-10,3.0024237848551597e-5,3.2998268720772676e-5,0.11111061832861167,-0.11111010064095954
29858,0.625,-0.11111064713131492,1.0762508438004078e-9,3.280626226500678e-5,3.221922527136861e-5,0.11111064713131492,-0.11111010089004798
29859,1.5625,-0.1111106845401106,1.2059455141176323e-9,3.472672622228638e-5,3.0187638947899673e-5,0.1111106845401106,-0.11111009961609364
29860,3.90625,-0.11111073836485026,1.1842784481773314e-9,3.4413346948202106e-5,2.492759387884289e-5,0.11111073836485026,-0.11111009495844004
29861,9.765625,-0.11111079792006272,8.27996457696044e-10,2.8774927588024335e-5,1.2442583600677608e-5,0.11111079792006272,-0.11111008630457536
29862,24.4140625,-0.11111070719277231,1.7563626221071625e-10,1.325278318734281e-5,1.75339965761848e-5,0.11111070719277231,-0.11111008469400672
29863,9.765625,-0.1111105539972808,3.801258123079847e-11,6.165434391087012e-6,4.8189777571241894e-5,0.1111105539972808,-0.11111008787336141
29864,3.90625,-0.11111045164003415,4.434078816595894e-12,2.1057252471763482e-6,5.360073530571463e-5,0.11111045164003415,-0.1111100909782224
29865,1.5625,-0.1111103598223781,3.201415850866347e-11,5.6581055582821595e-6,5.349456993294173e-5,0.1111103598223781,-0.1111100937990972
29866,0.625,-0.1111102713196284,1.1235799550713225e-10,1.0599905448027932e-5,5.257933564387174e-5,0.1111102713196284,-0.11111009646728263
29867,0.25,-0.11111018398317848,2.43573963671891e-10,1.5606856303301154e-5,5.184118645302129e-5,0.11111018398317848,-0.11111009907476647
29868,0.1,-0.11111009709606871,4.2516021659124386e-10,2.061941358504756e-5,5.1367027258919695e-5,0.11111009709606871,-0.11111010166224071
29869,0.1,-0.11111001093326055,6.555900618148344e-10,2.560449300054259e-5,5.1075997777866096e-5,0.11111001093326055,-0.11111010419153054
29870,0.1,-0.11110992559696135,9.333527974291083e-10,3.055082318742178e-5,5.073932839478954e-5,0.11110992559696135,-0.111110106653579
29871,0.1,-0.111109841187499,1.256774292960446e-9,3.5451012580185154e-5,5.035733777572192e-5,0.111109841187499,-0.111110109039636
29872,0.1,-0.11110975780316242,1.6240239784629335e-9,4.029918086590512e-5,4.9930417416706544e-5,0.11110975780316242,-0.1111101113412927
29873,0.25,-0.11110967808236596,2.0222251877923966e-9,4.4969158184164365e-5,4.946124785156219e-5,0.11110967808236596,-0.11111011318949135
29874,0.625,-0.11110960831904299,2.416644134707534e-9,4.9159374840487285e-5,4.8293867046894046e-5,0.11110960831904299,-0.1111101137490031
29875,1.5625,-0.11110956502321864,2.710740341823739e-9,5.206477064026825e-5,4.523953074176076e-5,0.11110956502321864,-0.11111011088102979
29876,3.90625,-0.11110958813423294,2.6662532979533486e-9,5.163577536895663e-5,3.730523915232808e-5,0.11110958813423294,-0.11111010038108379
29877,9.765625,-0.11110975500487043,1.8702683415722987e-9,4.324659919083001e-5,1.8211930072167888e-5,0.11110975500487043,-0.11111008079372468
29878,24.4140625,-0.11111012154858763,4.011111390822488e-10,2.0027759212708963e-5,2.54994185259557e-5,0.11111012154858763,-0.11111007692123089
29879,9.765625,-0.11111026706540343,8.774480100041928e-11,9.367219491418959e-6,7.214258848020887e-5,0.11111026706540343,-0.1111100840521817
29880,3.90625,-0.11111039670326806,9.57784758245169e-12,3.0948097813034794e-6,8.041548923997748e-5,0.11111039670326806,-0.111110091051603
29881,1.5625,-0.11111051815141237,6.968369564452809e-11,8.347676062505545e-6,8.031165546652959e-5,0.11111051815141237,-0.11111009741670894
29882,0.625,-0.11111063678458744,2.490316558058878e-10,1.5780736858774618e-5,7.895873038839126e-5,0.11111063678458744,-0.1111101034375836
29883,0.25,-0.11111075452101551,5.433259567960759e-10,2.33093534186617e-5,7.785885369128886e-5,0.11111075452101551,-0.11111010932090364
29884,0.1,-0.11111087204704322,9.514303382024176e-10,3.08452644372263e-5,7.715057335321955e-5,0.11111087204704322,-0.11111011515865078
29885,0.1,-0.11111098920636997,1.4699365040146455e-9,3.833975096443175e-5,7.671545235925524e-5,0.11111098920636997,-0.11111012086557956
29886,0.1,-0.11111110589171734,2.095459536399311e-9,4.577618962298316e-5,7.621150276911975e-5,0.11111110589171734,-0.11111012642118355
29887,0.1,-0.11111122199454716,2.824245205775971e-9,5.3143628082546e-5,7.563920845081492e-5,0.11111122199454716,-0.11111013180564756
29888,0.1,-0.11111133740524497,3.6521856766051906e-9,6.043331594911196e-5,7.499915882189063e-5,0.11111133740524497,-0.11111013699992499
29889,0.25,-0.11111144975406492,4.550418360188902e-9,6.745678883692064e-5,7.429534834580906e-5,0.11111144975406492,-0.11111014117315561
29890,0.625,-0.1111115531540028,5.441023215323873e-9,7.376329178747295e-5,7.254265037998079e-5,0.1111115531540028,-0.1111101424430494
29891,1.5625,-0.11111163154454064,6.107270908881044e-9,7.814903012117965e-5,6.795350595711974e-5,0.11111163154454064,-0.11111013598523485
29892,3.90625,-0.1111116430003612,6.013591284559368e-9,7.754734866234544e-5,5.601579474732202e-5,0.1111116430003612,-0.11111011229370692
29893,9.765625,-0.1111114891980707,4.2284688727677034e-9,6.502667816187217e-5,2.7086029168207825e-5,0.1111114891980707,-0.1111100679605781
29894,24.4140625,-0.11111100399033624,9.140586747609404e-10,3.0233403294385175e-5,3.759691590581517e-5,0.11111100399033624,-0.11111005883992876
29895,61.03515625,-0.1111102040294167,2.8328662220635575e-10,1.6831120646182645e-5,0.00010762055187946913,0.1111102040294167,-0.11111009221975009
29896,24.4140625,-0.11111021723615494,8.577033215598345e-11,9.261227356888688e-6,2.283303032415367e-5,0.11111021723615494,-0.11111009051474578
29897,9.765625,-0.11111037170316931,4.1506072470709895e-11,6.442520661255957e-6,2.4113732589966935e-5,0.11111037170316931,-0.11111009095918017
29898,3.90625,-0.11111041671612376,2.7401466003080146e-11,5.234640962194078e-6,2.5998156877152156e-5,0.11111041671612376,-0.11111009160829975
29899,1.5625,-0.11111045362478353,2.8708332504236102e-11,5.358015724523035e-6,2.582608270922638e-5,0.11111045362478353,-0.11111009225078704
29900,0.625,-0.11111048842517861,4.2391874751411506e-11,6.5109042959800525e-6,2.523700772796611e-5,0.11111048842517861,-0.11111009286832779
29901,0.25,-0.11111052257806533,6.752426727114094e-11,8.217315088953384e-6,2.4701531474539135e-5,0.11111052257806533,-0.11111009346731705
29902,0.1,-0.11111055653129022,1.0368752470687732e-10,1.0182707140386457e-5,2.4288029061058317e-5,0.11111055653129022,-0.11111009405311176
29903,0.1,-0.11111058976444203,1.5028952461307764e-10,1.2259262808712342e-5,2.3972513995455844e-5,0.11111058976444203,-0.11111009461686393
29904,0.1,-0.11111062219554795,2.0682780690124152e-10,1.4381509201097134e-5,2.3657592659124922e-5,0.11111062219554795,-0.11111009515800106
29905,0.1,-0.11111065374570384,2.7278914168287827e-10,1.6516329546327122e-5,2.3340614293727583e-5,0.11111065374570384,-0.11111009567585618
29906,0.1,-0.11111068433936629,3.476481498108133e-10,1.8645325146288368e-5,2.3019373623740668e-5,0.11111068433936629,-0.1111100961696991
29907,0.25,-0.1111107112481731,4.2843126660047903e-10,2.0698581270233936e-5,2.2696089834582875e-5,0.1111107112481731,-0.11111009656286595
29908,0.625,-0.111110728343841,5.074220866176337e-10,2.2526031310855307e-5,2.208593916484436e-5,0.111110728343841,-0.111110096683618
29909,1.5625,-0.11111072062389667,5.636002656519158e-10,2.3740266756123778e-5,2.0682994687931976e-5,0.11111072062389667,-0.11111009609637251
29910,3.90625,-0.11111065763176695,5.464110868755671e-10,2.3375437683080228e-5,1.726251679347693e-5,0.11111065763176695,-0.11111009396886598
29911,9.765625,-0.11111051346099612,3.7367093715661407e-10,1.933057001633977e-5,9.883748438817415e-6,0.11111051346099612,-0.11111009011626712
29912,24.4140625,-0.1111104340043015,7.895679063313195e-11,8.88576336805859e-6,1.3152126372435002e-5,0.1111104340043015,-0.11111008947296483
29913,9.765625,-0.11111045601558896,2.2546134335549816e-11,4.748276985976051e-6,3.1174496330164234e-5,0.11111045601558896,-0.11111009074246031
29914,3.90625,-0.11111045335487828,1.0014897310184653e-11,3.164632255126123e-6,3.412941543862863e-5,0.11111045335487828,-0.11111009197698116
29915,1.5625,-0.11111044873516604,2.2472843183325135e-11,4.740553046146107e-6,3.374547308756817e-5,0.11111044873516604,-0.11111009309273077
29916,0.625,-0.11111044377828655,5.6071929106028194e-11,7.488119196836292e-6,3.292855929982243e-5,0.11111044377828655,-0.11111009413999146
29917,0.25,-0.11111043875851226,1.0971382005618287e-10,1.0474436503038379e-5,3.2266793825500036e-5,0.11111043875851226,-0.11111009515418552
29918,0.1,-0.11111043374069006,1.8289303324949705e-10,1.352379507569887e-5,3.179773051127064e-5,0.11111043374069006,-0.11111009615111574
29919,0.1,-0.11111042861543013,2.746546407134855e-10,1.6572707706150057e-5,3.146224025189725e-5,0.11111042861543013,-0.11111009711489235
29920,0.1,-0.11111042337256562,3.841136365592276e-10,1.9598817223476205e-5,3.1109753145895926e-5,0.11111042337256562,-0.11111009804308478
29921,0.1,-0.11111041800299891,5.103492848906133e-10,2.2590911555105814e-5,3.073929802483814e-5,0.11111041800299891,-0.11111009893331994
29922,0.1,-0.11111041249876048,6.52406235608392e-10,2.5542244138062574e-5,3.0350147002185333e-5,0.11111041249876048,-0.1111100997833086
29923,0.25,-0.11111040641099097,8.046823067672223e-10,2.836692275815659e-5,2.9945871510104005e-5,0.11111040641099097,-0.11111010044808262
29924,0.625,-0.11111039879261471,9.526047720437145e-10,3.086429607238296e-5,2.9118369894239155e-5,0.11111039879261471,-0.11111010060470417
29925,1.5625,-0.11111038750384072,1.0564695579188184e-9,3.250337763862116e-5,2.7144789322349858e-5,0.11111038750384072,-0.11111009943833867
29926,3.90625,-0.11111036920057063,1.0205122052253056e-9,3.1945456722753326e-5,2.2256873130000716e-5,0.11111036920057063,-0.1111100954085072
29927,9.765625,-0.11111034793797712,6.881866382070378e-10,2.6233311613424596e-5,1.1449699358774295e-5,0.11111034793797712,-0.11111008829509088
29928,24.4140625,-0.11111038345177596,1.300695034754669e-10,1.1404801772738836e-5,1.828898087425588e-5,0.11111038345177596,-0.11111008770567712
29929,9.765625,-0.11111043224806233,2.8826596951555685e-11,5.36904059879935e-6,4.353280928239427e-5,0.11111043224806233,-0.1111100902791812
29930,3.90625,-0.11111046315384246,1.0973536116024154e-11,3.3126328073036037e-6,4.7376895090080494e-5,0.11111046315384246,-0.11111009266031843
29931,1.5625,-0.1111104906909748,4.1299469889765575e-11,6.426466361054539e-6,4.676341522006813e-5,0.1111104906909748,-0.1111100947867917
29932,0.625,-0.11111051722184605,1.1292572957068296e-10,1.0626651851391527e-5,4.5647645198026135e-5,0.11111051722184605,-0.11111009678326954
29933,0.25,-0.11111054344501303,2.2408918209135605e-10,1.4969608615169472e-5,4.479037929303528e-5,0.11111054344501303,-0.11111009872494647
29934,0.1,-0.11111056959480974,3.740832407493276e-10,1.9341231624416465e-5,4.4215132509608113e-5,0.11111056959480974,-0.11111010064307998
29935,0.1,-0.1111105955462431,5.612196790187178e-10,2.36900755384764e-5,4.3826478463876236e-5,0.1111105955462431,-0.11111010250370403
29936,0.1,-0.1111106212595206,7.839159311559159e-10,2.799849873039474e-5,4.3402696988570295e-5,0.1111106212595206,-0.11111010430070485
29937,0.1,-0.1111106466948083,1.0404868893113519e-9,3.2256579008186094e-5,4.294377012015266e-5,0.1111106466948083,-0.11111010602822902
29938,0.1,-0.11111067181234972,1.3291506055353602e-9,3.6457517819173594e-5,4.244981655547454e-5,0.11111067181234972,-0.11111010768071229
29939,0.25,-0.11111069558779686,1.6386435354771194e-9,4.048016224618078e-5,4.1925810220457535e-5,0.11111069558779686,-0.11111010896215487
29940,0.625,-0.11111071557849539,1.939408339319637e-9,4.403871409702646e-5,4.077665925999866e-5,0.11111071557849539,-0.11111010921436233
29941,1.5625,-0.11111072541298027,2.150629379774786e-9,4.637487875752115e-5,3.7942341938028135e-5,0.11111072541298027,-0.11111010677746919
29942,3.90625,-0.11111071006773761,2.076956494732478e-9,4.557363815554424e-5,3.07939445918867e-5,0.11111071006773761,-0.11111009851556865
29943,9.765625,-0.1111106433848473,1.3979169229158745e-9,3.7388727217115514e-5,1.4318156972530642e-5,0.1111106433848473,-0.1111100840121953
29944,24.4140625,-0.11111052325492894,2.556449857217018e-10,1.5988901954846738e-5,2.528921170123512e-5,0.11111052325492894,-0.11111008307027638
29945,9.765625,-0.11111047894914926,4.8599267337767444e-11,6.971317475037803e-6,6.242896762845722e-5,0.11111047894914926,-0.11111008846842077
29946,3.90625,-0.11111043510829839,1.321830603559528e-11,3.6356988373069737e-6,6.800390082816952e-5,0.11111043510829839,-0.11111009340334597
29947,1.5625,-0.11111039405164433,7.738611069373174e-11,8.796937574732e-6,6.714545409208798e-5,0.11111039405164433,-0.11111009779269361
29948,0.625,-0.11111035409010651,2.2716529458184056e-10,1.5072003668452333e-5,6.556964400985241e-5,0.11111035409010651,-0.11111010191016846
29949,0.25,-0.1111103145902962,4.5911178037947267e-10,2.1426893857474364e-5,6.436988026812613e-5,0.1111103145902962,-0.11111010591673134
29950,0.1,-0.11111027532491295,7.719343394586547e-10,2.778370636647772e-5,6.357729473925704e-5,0.11111027532491295,-0.11111010987875398
29951,0.1,-0.11111023631890797,1.1622953448569807e-9,3.409245290173444e-5,6.305275685947317e-5,0.11111023631890797,-0.1111101137260892
29952,0.1,-0.11111019760160779,1.6270457824876682e-9,4.033665556894458e-5,6.247475894006742e-5,0.11111019760160779,-0.11111011744551014
29953,0.1,-0.11111015920207833,2.1628077518405046e-9,4.650599694491566e-5,6.184351815150461e-5,0.11111015920207833,-0.11111012102435512
29954,0.1,-0.11111012114913621,2.7659872028640606e-9,5.2592653506588356e-5,6.115940354240347e-5,0.11111012114913621,-0.11111012445058491
29955,0.25,-0.1111100840992507,3.413288582572036e-9,5.842335648156511e-5,6.0429067946730524e-5,0.1111100840992507,-0.11111012710679892
29956,0.625,-0.11111004970119046,4.043324668975394e-9,6.358714232433625e-5,5.8787052994629245e-5,0.11111004970119046,-0.11111012761813302
29957,1.5625,-0.11111002255039011,4.487898090974492e-9,6.699177629362049e-5,5.4686848463294365e-5,0.11111002255039011,-0.11111012251356801
29958,3.90625,-0.11111001532083711,4.339610410155914e-9,6.587571942799496e-5,4.426963327991715e-5,0.11111001532083711,-0.1111101052183996
29959,9.765625,-0.11111006187939665,2.927046251392463e-9,5.410218342537076e-5,1.9778327609582077e-5,0.11111006187939665,-0.1111100747837583
29960,24.4140625,-0.11111023888259448,5.360491754937144e-10,2.3152735810130827e-5,3.582278317089441e-5,0.11111023888259448,-0.11111007268078471
29961,9.765625,-0.11111034973181703,9.885648508263233e-11,9.942659859546253e-6,9.0378065784297e-5,0.11111034973181703,-0.11111008404205965
29962,3.90625,-0.11111043891604605,2.2859784526261053e-11,4.781190701724943e-6,9.862077080270271e-5,0.11111043891604605,-0.11111009444032416
29963,1.5625,-0.11111052114021841,1.5671490086889443e-10,1.2518582222795616e-5,9.745233249696747e-5,0.11111052114021841,-0.11111010369228816
29964,0.625,-0.11111060115728041,4.712760859305616e-10,2.1708894166460014e-5,9.521578924046834e-5,0.11111060115728041,-0.11111011237489869
29965,0.25,-0.11111068054586008,9.594883609035626e-10,3.097560912885431e-5,9.35140235073895e-5,0.11111068054586008,-0.11111012082842552
29966,0.1,-0.11111075986223641,1.618828998845602e-9,4.023467408648418e-5,9.239808248173572e-5,0.11111075986223641,-0.11111012919336011
29967,0.1,-0.11111083892923102,2.4424882784244183e-9,4.942153658501947e-5,9.166808859912846e-5,0.11111083892923102,-0.11111013732240092
29968,0.1,-0.11111091765154028,3.4240115482900573e-9,5.851505403133503e-5,9.08580989374848e-5,0.11111091765154028,-0.11111014518695139
29969,0.1,-0.11111099593218478,4.556441484790198e-9,6.750141839095085e-5,8.996860770144718e-5,0.11111099593218478,-0.11111015275962824
29970,0.1,-0.11111107367280355,5.83234559203568e-9,7.636979502418269e-5,8.900029622972121e-5,0.11111107367280355,-0.11111016001437579
29971,0.25,-0.11111114873412638,7.202838865932861e-9,8.486954027171857e-5,8.796230193079037e-5,0.11111114873412638,-0.111110165647056
29972,0.625,-0.11111121585043689,8.538727221084745e-9,9.240523373210386e-5,8.559406750690913e-5,0.11111121585043689,-0.11111016674973136
29973,1.5625,-0.11111126091643761,9.4854738139982e-9,9.739339717864964e-5,7.963836950302997e-5,0.11111126091643761,-0.11111015597327874
29974,3.90625,-0.11111124894080952,9.182926071220972e-9,9.58275851267315e-5,6.444643076043707e-5,0.11111124894080952,-0.11111011936211337
29975,9.765625,-0.11111110937150545,6.20799046493051e-9,7.879080190561909e-5,2.8384792045311595e-5,0.11111110937150545,-0.11111005473131458
29976,24.4140625,-0.11111085814781557,1.0623142648627905e-10,1.0306863076915257e-5,4.991911633873255e-5,0.11111085814781557,-0.11111009553483116
29977,9.765625,-0.11111015235163249,1.1244406401531634e-10,1.0603964542345298e-5,2.7726329300282577e-5,0.11111015235163249,-0.11111009478792991
29978,3.90625,-0.11110989613764258,1.274008355109508e-10,1.1287197859121227e-5,1.8429681460612883e-5,0.11110989613764258,-0.11111009450870216
29979,1.5625,-0.11110969094819607,1.4614075417826604e-10,1.2088869019815959e-5,1.4544909751611186e-5,0.11110969094819607,-0.11111009445396099
29980,3.90625,-0.11110965186000202,1.4446908058644666e-10,1.2019529133308287e-5,1.2823856775208476e-5,0.11110965186000202,-0.11111009395982249
29981,9.765625,-0.1111099986199707,9.532138988110651e-11,9.763267377323357e-6,9.193626949894247e-6,0.1111099986199707,-0.1111100929954869
29982,24.4140625,-0.11111059596919158,1.652107651753477e-11,4.064612714335127e-6,8.850856259007523e-6,0.11111059596919158,-0.11111009294318686
29983,9.765625,-0.1111103011184587,3.347033673193499e-12,1.829490003578456e-6,1.6728453464512816e-5,0.1111103011184587,-0.11111009332317794
29984,3.90625,-0.11111020150892936,1.7278314390538644e-12,1.314470022120651e-6,1.778992204095627e-5,0.11111020150892936,-0.11111009365621465
29985,1.5625,-0.11111012463041535,6.376250301533165e-12,2.5251238190499024e-6,1.742439878796182e-5,0.11111012463041535,-0.11111009395099554
29986,0.625,-0.11111005347892937,1.6376605868104608e-11,4.046801930920837e-6,1.6945765048571895e-5,0.11111005347892937,-0.11111009422666465
29987,0.25,-0.11110998403445493,3.148650875425548e-11,5.61128405574477e-6,1.6587784896866332e-5,0.11110998403445493,-0.11111009449376591
29988,0.1,-0.11110991511457247,5.1600067397322496e-11,7.183318689667228e-6,1.6344614710434198e-5,0.11110991511457247,-0.11111009475664045
29989,0.1,-0.11110984852961421,7.646124315797287e-11,8.744211980388678e-6,1.6176875824127146e-5,0.11110984852961421,-0.11111009501080724
29990,0.1,-0.11110978451223552,1.0584223295420403e-10,1.0287965442895113e-5,1.60027882164672e-5,0.11110978451223552,-0.11111009525572269
29991,0.1,-0.11110972328444028,1.3950535031619595e-10,1.1811238305791478e-5,1.5821536842995256e-5,0.11110972328444028,-0.11111009549084358
29992,0.1,-0.1111096650568942,1.7720336184987265e-10,1.3311775307969731e-5,1.5632484833272558e-5,0.1111096650568942,-0.11111009571563601
29993,0.25,-0.11110961829019562,2.173381022517775e-10,1.4742391334236706e-5,1.543718834454754e-5,0.11110961829019562,-0.11111009589113713
29994,0.625,-0.11110960177454142,2.5577000028252037e-10,1.599281089372723e-5,1.5026173086396418e-5,0.11110960177454142,-0.11111009593146651
29995,1.5625,-0.11110966150703872,2.813815773471743e-10,1.677443225111283e-5,1.4035018409712335e-5,0.11110966150703872,-0.1111100956224918
29996,3.90625,-0.1111098922212489,2.683131106303591e-10,1.638026589009956e-5,1.1607511164400864e-5,0.1111098922212489,-0.11111009457112288
29997,9.765625,-0.11111038450171921,1.7787308896965792e-10,1.3336907024106373e-5,6.6626263263775645e-6,0.11111038450171921,-0.11111009275791169
29998,24.4140625,-0.11111070133528458,3.336174985267737e-11,5.775963110397899e-6,1.0342953007298538e-5,0.11111070133528458,-0.11111009265802098
29999,9.765625,-0.11111050125098076,6.986170250540765e-12,2.643136441907751e-6,2.2693711342739996e-5,0.11111050125098076,-0.11111009335510796
30000,3.90625,-0.11111042128930457,2.6458634852294157e-12,1.626611043006107e-6,2.4612582275817407e-5,0.11111042128930457,-0.1111100939958302
30001,1.5625,-0.11111035772083114,1.0939498236625484e-11,3.3074912300149013e-6,2.4297707605945505e-5,0.11111035772083114,-0.1111100945690132
30002,0.625,-0.11111029863181204,3.01081428920953e-11,5.487088744689236e-6,2.3741121281967256e-5,0.11111029863181204,-0.1111100951085723
30003,0.25,-0.111110240986233,5.972669097137308e-11,7.728304534072987e-6,2.3321418170360964e-5,0.111110240986233,-0.11111009563454652
30004,0.1,-0.11111018383222548,9.964321643694295e-11,9.982144881584466e-6,2.304720271647542e-5,0.11111018383222548,-0.11111009615520903
30005,0.1,-0.11111012767652954,1.4943964627230819e-10,1.2224550964035783e-5,2.2868564799086483e-5,0.11111012767652954,-0.1111100966614824
30006,0.1,-0.1111100726584744,2.0872435354905067e-10,1.4447295717505427e-5,2.2671991330391765e-5,0.1111100726584744,-0.11111009715171827
30007,0.1,-0.11111001891321966,2.770763035633282e-10,1.6645609137647326e-5,2.2457406559210375e-5,0.11111001891321966,-0.11111009762432875
30008,0.1,-0.11110996657136189,3.540464574712517e-10,1.881612227509302e-5,2.222481497783431e-5,0.11110996657136189,-0.11111009807779593
30009,0.25,-0.11110991949771121,4.36639865118752e-10,2.08959293911219e-5,2.197613314579231e-5,0.11110991949771121,-0.11111009843317177
30010,0.625,-0.11110988667263562,5.16944004849071e-10,2.273640263650059e-5,2.1406815711433744e-5,0.11110988667263562,-0.11111009851478545
30011,1.5625,-0.11110989075921855,5.732897021612329e-10,2.3943468883209736e-5,1.9975483966973072e-5,0.11110989075921855,-0.11111009787971962
30012,3.90625,-0.11110998113513328,5.534171840673159e-10,2.352482059585824e-5,1.635843472184138e-5,0.11110998113513328,-0.11111009569255419
30013,9.765625,-0.11111021962666481,3.7230567266796294e-10,1.9295224089602144e-5,8.32590174797742e-6,0.11111021962666481,-0.1111100918460957
30014,24.4140625,-0.11111045707046421,6.856184998805652e-11,8.280208329991252e-6,1.3824106304647939e-5,0.11111045707046421,-0.11111009161041281
30015,9.765625,-0.11111041031771313,1.298553335155382e-11,3.6035445538460907e-6,3.271348496275394e-5,0.11111041031771313,-0.11111009308136091
30016,3.90625,-0.11111041388080768,3.5113248182214734e-12,1.873852933989611e-6,3.5629386815097565e-5,0.11111041388080768,-0.11111009443185058
30017,1.5625,-0.11111042220208367,2.0904045082522655e-11,4.572094168159997e-6,3.5229387001965214e-5,0.11111042220208367,-0.111110095638364
30018,0.625,-0.1111104316064475,6.151502116224981e-11,7.843151226531961e-6,3.4456941787968836e-5,0.1111104316064475,-0.11111009677423703
30019,0.25,-0.11111044133814531,1.2450206998000426e-10,1.1158049559847109e-5,3.387646227139841e-5,0.11111044133814531,-0.1111100978827315
30020,0.1,-0.11111045119012619,2.0959693501182457e-10,1.4477463003296695e-5,3.350440985240422e-5,0.11111045119012619,-0.11111009898166753
30021,0.1,-0.11111046140076335,3.1597344423081084e-10,1.7775641879572475e-5,3.326908093104591e-5,0.11111046140076335,-0.11111010005182931
30022,0.1,-0.11111047200181218,4.428485698434405e-10,2.104396754044827e-5,3.30044801412515e-5,0.11111047200181218,-0.11111010108942308
30023,0.1,-0.11111048302258357,5.893705993532974e-10,2.4276956138554466e-5,3.2710809238726394e-5,0.11111048302258357,-0.11111010209080614
30024,0.1,-0.11111049448982285,7.546226443045466e-10,2.7470395779903618e-5,3.2388332891328234e-5,0.11111049448982285,-0.11111010305250114
30025,0.25,-0.11111050757141158,9.323272483381865e-10,3.05340342624126e-5,3.203971174264669e-5,0.11111050757141158,-0.11111010380553374
30026,0.625,-0.11111052481991128,1.1058083394719506e-9,3.3253696628674994e-5,3.121465588494331e-5,0.11111052481991128,-0.1111101039727683
30027,1.5625,-0.11111055225026212,1.2292052882209901e-9,3.5060024076161014e-5,2.9107031539060925e-5,0.11111055225026212,-0.11111010260025968
30028,3.90625,-0.11111060069071584,1.1911354593625526e-9,3.4512830358615225e-5,2.371412535885639e-5,0.11111060069071584,-0.11111009787298205
30029,9.765625,-0.11111066918247013,8.070627082436603e-10,2.8408849118604933e-5,1.1191806789043406e-5,0.11111066918247013,-0.11111008948736284
30030,24.4140625,-0.11111063332026902,1.5083395419820274e-10,1.2281447561187677e-5,1.913933616703121e-5,0.11111063332026902,-0.11111008881037554
30031,9.765625,-0.11111052533188301,2.8365456049184106e-11,5.325923023212418e-6,4.78467300191593e-5,0.11111052533188301,-0.11111009197548426
30032,3.90625,-0.11111045521747247,6.001382817408111e-12,2.4497719929430393e-6,5.2337143374528745e-5,0.11111045521747247,-0.11111009490199336
30033,1.5625,-0.11111039259259865,4.2143799568105523e-11,6.491825595940291e-6,5.182796173297243e-5,0.11111039259259865,-0.11111009751951091
30034,0.625,-0.11111033230963595,1.2885959299854315e-10,1.135163393518938e-5,5.0727799907565326e-5,0.11111033230963595,-0.11111009998401619
30035,0.25,-0.11111027286163686,2.643384885555689e-10,1.6258489737843702e-5,4.9894287444663483e-5,0.11111027286163686,-0.11111010238934578
30036,0.1,-0.11111021374777759,4.480297874109849e-10,2.1166714138263997e-5,4.9361540838658815e-5,0.11111021374777759,-0.11111010477452936
30037,0.1,-0.11111015514699618,6.782011201848941e-10,2.6042294833307107e-5,4.902753762942173e-5,0.11111015514699618,-0.11111010709861424
30038,0.1,-0.11111009712927772,9.5319882093583e-10,3.087391813385256e-5,4.8649459494244616e-5,0.11111009712927772,-0.11111010935321024
30039,0.1,-0.11111003976316064,1.2712165164103832e-9,3.565412341385472e-5,4.822764500197361e-5,0.11111003976316064,-0.11111011153025405
30040,0.1,-0.11110998311561548,1.6303027561617185e-9,4.037700776632313e-5,4.7762513880805226e-5,0.11110998311561548,-0.11111011362204215
30041,0.25,-0.11110992898016049,2.016982665026741e-9,4.491083015294575e-5,4.725775730781538e-5,0.11110992898016049,-0.11111011526253765
30042,0.625,-0.11110988163547582,2.3953561624577965e-9,4.8942375938013026e-5,4.6048395545479187e-5,0.11110988163547582,-0.11111011563286892
30043,1.5625,-0.11110985226853173,2.6665096123966093e-9,5.163825725561049e-5,4.2940080742196944e-5,0.11110985226853173,-0.1111101126578506
30044,3.90625,-0.11110986766084667,2.589590459861885e-9,5.088801882429581e-5,3.4948090615585976e-5,0.11110986766084667,-0.11111010237028102
30045,9.765625,-0.11110997789353852,1.7628463910467483e-9,4.1986264314019985e-5,1.605357636723895e-5,0.11110997789353852,-0.11111008400746769
30046,24.4140625,-0.11111021052343635,3.3516278032557414e-10,1.8307451497288588e-5,2.7379431687215803e-5,0.11111021052343635,-0.11111008222786545
30047,9.765625,-0.11111030404020363,6.40662160051611e-11,8.00413743042691e-6,7.044570816807572e-5,0.11111030404020363,-0.11111008909679095
30048,3.90625,-0.11111039090349459,1.212014792795443e-11,3.481400282638357e-6,7.72790362465914e-5,0.11111039090349459,-0.1111100954915019
30049,1.5625,-0.11111047277046454,8.832967460799905e-11,9.398386808809215e-6,7.660937220912456e-5,0.11111047277046454,-0.1111101012198307
30050,0.625,-0.11111055288759658,2.752855225923068e-10,1.6591730548448125e-5,7.50205502927821e-5,0.11111055288759658,-0.11111010661483983
30051,0.25,-0.11111063246880445,5.690269499648369e-10,2.3854285777713758e-5,7.380744690709768e-5,0.11111063246880445,-0.1111101118805075
30052,0.1,-0.11111071195788186,9.68373570286336e-10,3.111870129498235e-5,7.303143188868183e-5,0.11111071195788186,-0.1111101171023492
30053,0.1,-0.11111079130341368,1.4696165781922933e-9,3.833557849038271e-5,7.254599141073372e-5,0.11111079130341368,-0.11111012219203069
30054,0.1,-0.11111087043510416,2.0691979862805106e-9,4.5488437940651587e-5,7.199477163638814e-5,0.11111087043510416,-0.11111012713104981
30055,0.1,-0.11111094928112702,2.7632229371656666e-9,5.256636697704785e-5,7.137829904859014e-5,0.11111094928112702,-0.11111013190161803
30056,0.1,-0.1111110277682801,3.5474763044281177e-9,5.9560694291018116e-5,7.069721157104953e-5,0.1111110277682801,-0.11111013648673129
30057,0.25,-0.11111110447821737,4.392781846986476e-9,6.627806459897933e-5,6.99568127906268e-5,0.11111110447821737,-0.11111014008856235
30058,0.625,-0.11111117581292983,5.2212789004040914e-9,7.22584175055342e-5,6.817472926075609e-5,0.11111117581292983,-0.11111014091947728
30059,1.5625,-0.11111123185311919,5.8181845857357125e-9,7.627702528111405e-5,6.358318086045146e-5,0.11111123185311919,-0.11111013444308651
30060,3.90625,-0.11111124645431553,5.659523159663166e-9,7.522980233699386e-5,5.1749900680732825e-5,0.11111124645431553,-0.11111011195586921
30061,9.765625,-0.11111115766061098,3.866658264110912e-9,6.218245945691529e-5,2.3500761251036476e-5,0.11111115766061098,-0.11111007161856779
30062,24.4140625,-0.11111085660391029,7.446097379437827e-10,2.7287538143698174e-5,3.9697036781485555e-5,0.11111085660391029,-0.11111006723139986
30063,9.765625,-0.11111067654323219,1.4349458561621522e-10,1.1978922556566396e-5,0.00010413987229445981,0.11111067654323219,-0.1111100822568018
30064,3.90625,-0.11111052869741087,2.4080402294119817e-11,4.907178649093573e-6,0.0001144825710908929,0.11111052869741087,-0.11111009631812593
30065,1.5625,-0.11111039179210203,1.864670997655132e-10,1.3655295667451262e-5,0.00011358540255564162,0.11111039179210203,-0.11111010892936057
30066,0.625,-0.11111025882098943,5.92274736188059e-10,2.4336695260204476e-5,0.00011127427835298307,0.11111025882098943,-0.11111012080920067
30067,0.25,-0.11111012744849981,1.2327628898940428e-9,3.5110723289246585e-5,0.00010949804721751974,0.11111012744849981,-0.11111013240403464
30068,0.1,-0.11110999686274158,2.105346533123099e-9,4.5884055325604114e-5,0.00010836035533694489,0.11110999686274158,-0.11111014390222979
30069,0.1,-0.11110986717857792,3.2019988767769407e-9,5.658620747829758e-5,0.00010764933923242259,0.11110986717857792,-0.11111015511222988
30070,0.1,-0.11110973849513818,4.514989660795404e-9,6.719367277352388e-5,0.00010684068769513828,0.11110973849513818,-0.1111101659932693
30071,0.1,-0.11110961090928655,6.035849035011139e-9,7.769072682766676e-5,0.00010593516678072672,0.11110961090928655,-0.11111017650613479
30072,0.1,-0.1111094845156065,7.75540348001718e-9,8.806476866498418e-5,0.00010493370511072597,0.1111094845156065,-0.11111018661331966
30073,0.25,-0.11110936164845171,9.61015989716694e-9,9.803142300898698e-5,0.00010384395284749314,0.11110936164845171,-0.1111101945683848
30074,0.625,-0.11110924804698886,1.14304893999142e-8,0.00010691346687819173,0.00010121351763806527,0.11110924804698886,-0.11111019645323371
30075,1.5625,-0.1111091592735314,1.2748047476599393e-8,0.00011290725165639004,9.442563111904071e-5,0.1111091592735314,-0.11111018231334382
30076,3.90625,-0.11110913599190239,1.2418533284284649e-8,0.00011143847308844755,7.69072114221127e-5,0.11110913599190239,-0.11111013298753329
30077,9.765625,-0.11110927594853592,8.51429321538995e-9,9.227292785747048e-5,3.486626298352474e-5,0.11110927594853592,-0.11111004408012207
30078,24.4140625,-0.11110992103047683,1.3723064702409163e-10,1.1714548519857333e-5,5.6668541236090336e-5,0.11110992103047683,-0.1111100983795694
30079,9.765625,-0.11111074164307361,1.4536417166540713e-10,1.2056706501586871e-5,3.128588356686691e-5,0.11111074164307361,-0.11111009739694852
30080,3.90625,-0.11111104900966623,1.6497516547529302e-10,1.2844265859724837e-5,2.0613682795534336e-5,0.11111104900966623,-0.11111009701899348
30081,1.5625,-0.11111129605739035,1.8951830787682127e-10,1.3766564853906775e-5,1.613288113766828e-5,0.11111129605739035,-0.1111100969326612
30082,3.90625,-0.11111135370486111,1.8795188247003416e-10,1.3709554422738697e-5,1.4159727671696981e-5,0.11111135370486111,-0.11111009627512493
30083,9.765625,-0.1111109669604672,1.2517301158691624e-10,1.1188074525445218e-5,9.875605762363294e-6,0.1111109669604672,-0.11111009499283406
30084,24.4140625,-0.11111027477997404,2.2214216518901618e-11,4.713195998354155e-6,9.466639492807172e-6,0.11111027477997404,-0.11111009488600503
30085,9.765625,-0.11111061862336082,4.442320933980242e-12,2.1076814118789968e-6,1.8977245343158192e-5,0.11111061862336082,-0.11111009537770038
30086,3.90625,-0.11111073666163825,1.941281412126512e-12,1.3932987519288575e-6,2.034167913967593e-5,0.11111073666163825,-0.1111100958145053
30087,1.5625,-0.11111082841319207,7.832888844133922e-12,2.7987298626580456e-6,1.9992269388306487e-5,0.11111082841319207,-0.11111009620267218
30088,0.625,-0.1111109135412185,2.092165626747527e-11,4.57401970562822e-6,1.9485487671548923e-5,0.1111109135412185,-0.11111009656669477
30089,0.25,-0.11111099670415484,4.090701036243912e-11,6.3958588447869235e-6,1.910638129095247e-5,0.11111099670415484,-0.1111100969204075
30090,0.1,-0.11111107927339364,6.767002595736385e-11,8.22617930496071e-6,1.8853838146026155e-5,0.11111107927339364,-0.11111009726951064
30091,0.1,-0.11111115912798424,1.0089656956841735e-10,1.0044728446723552e-5,1.868440343371334e-5,0.11111115912798424,-0.11111009760800689
30092,0.1,-0.11111123599597522,1.4030378508851926e-10,1.1844989872875335e-5,1.8504304333977044e-5,0.11111123599597522,-0.11111009793499538
30093,0.1,-0.11111130961758432,1.855925567673084e-10,1.3623235913956288e-5,1.8312985346334294e-5,0.11111130961758432,-0.11111009824959525
30094,0.1,-0.1111113797459984,2.36448231341835e-10,1.5376873262852726e-5,1.811003511703515e-5,0.1111113797459984,-0.11111009855095158
30095,0.25,-0.11111143648699455,2.907785082275616e-10,1.705222883459994e-5,1.7897156682776543e-5,0.11111143648699455,-0.11111009878672068
30096,0.625,-0.11111145785779826,3.431240754631945e-10,1.852360859722518e-5,1.7429002605875658e-5,0.11111145785779826,-0.11111009884103275
30097,1.5625,-0.11111138999616435,3.7874642896964023e-10,1.946140870979386e-5,1.627463423516755e-5,0.11111138999616435,-0.1111100984237053
30098,3.90625,-0.11111112164774578,3.6307771935499085e-10,1.9054598378212825e-5,1.3402932444484336e-5,0.11111112164774578,-0.11111009699553877
30099,9.765625,-0.11111054421888975,2.431484385256947e-10,1.5593217709173905e-5,7.289190493662293e-6,0.11111054421888975,-0.1111100944997497
30100,24.4140625,-0.11111015795394194,4.630354445588849e-11,6.804670782329479e-6,1.1417766312655526e-5,0.11111015795394194,-0.11111009430397466
30101,9.765625,-0.11111038258191978,9.0568474811525e-12,3.0094596659786787e-6,2.647277236063511e-5,0.11111038258191978,-0.11111009526524544
30102,3.90625,-0.11111046983990057,2.3052618043584644e-12,1.5183088632944433e-6,2.888257803614645e-5,0.11111046983990057,-0.11111009615504684
30103,1.5625,-0.11111053841634798,1.3120494917538895e-11,3.622222372734575e-6,2.8579264648779842e-5,0.11111053841634798,-0.11111009695161016
30104,0.625,-0.11111060192514112,3.906867997340017e-11,6.25049437831922e-6,2.7958178491310134e-5,0.11111060192514112,-0.11111009770136572
30105,0.25,-0.11111066382752911,7.957347157579413e-11,8.920396379970687e-6,2.7484738647897025e-5,0.11111066382752911,-0.11111009843235346
30106,0.1,-0.11111072520822891,1.3444222094187615e-10,1.1594922205080815e-5,2.7176856569790814e-5,0.11111072520822891,-0.11111009915629216
30107,0.1,-0.11111078549063934,2.031300686132963e-10,1.4252370631347485e-5,2.697876096960808e-5,0.11111078549063934,-0.11111009986099656
30108,0.1,-0.1111108445145992,2.851197211666195e-10,1.6885488478768375e-5,2.6758484115197193e-5,0.1111108445145992,-0.11111010054408922
30109,0.1,-0.11111090212443865,3.7985109396630393e-10,1.948976895620633e-5,2.651600745528375e-5,0.11111090212443865,-0.11111010120327906
30110,0.1,-0.11111095816945182,4.867233047270337e-10,2.206180647016544e-5,2.6251391573084524e-5,0.11111095816945182,-0.11111010183637288
30111,0.25,-0.11111100823420952,6.016794009193248e-10,2.452915410117774e-5,2.596669162261656e-5,0.11111100823420952,-0.11111010233433083
30112,0.625,-0.11111104205104586,7.139475821071539e-10,2.671979756860358e-5,2.530262648494569e-5,0.11111104205104586,-0.11111010245353228
30113,1.5625,-0.1111110337142087,7.939261534480825e-10,2.8176695218710135e-5,2.361698012817991e-5,0.1111110337142087,-0.11111010157746722
30114,3.90625,-0.11111092691983765,7.698448965103174e-10,2.7746078939380198e-5,1.9323348562356744e-5,0.11111092691983765,-0.11111009853155832
30115,9.765625,-0.11111065243671552,5.231616294639327e-10,2.2872726760575196e-5,9.510582018252853e-6,0.11111065243671552,-0.11111009310250963
30116,24.4140625,-0.11111038933452126,9.977989257281551e-11,9.988988566056902e-6,1.5574840653670475e-5,0.11111038933452126,-0.11111009259523454
30117,9.765625,-0.11111045142282644,1.9134222291927816e-11,4.374268200731159e-6,3.8640026602322676e-5,0.11111045142282644,-0.11111009465441254
30118,3.90625,-0.1111104539004726,3.744413841698653e-12,1.935048795689311e-6,4.233287683897566e-5,0.1111104539004726,-0.11111009657176438
30119,1.5625,-0.11111045049196576,2.6463761604382198e-11,5.144294082221797e-6,4.1960273052720874e-5,0.11111045049196576,-0.11111009829054903
30120,0.625,-0.11111044574784543,8.21015913036014e-11,9.060992843149222e-6,4.109137347405892e-5,0.11111044574784543,-0.11111009990987393
30121,0.25,-0.11111044064743253,1.6946795789104665e-10,1.3017985938348783e-5,4.0427880092119676e-5,0.11111044064743253,-0.11111010149040833
30122,0.1,-0.11111043546936705,2.8820106040505304e-10,1.6976485513941132e-5,4.000247366875169e-5,0.11111043546936705,-0.11111010305759318
30123,0.1,-0.11111042993312803,4.3719049748852774e-10,2.0909100829268765e-5,3.9735327011324295e-5,0.11111042993312803,-0.1111101045851725
30124,0.1,-0.11111042399343973,6.153718045867002e-10,2.480668870661097e-5,3.943291822586827e-5,0.11111042399343973,-0.1111101060676931
30125,0.1,-0.11111041760736806,8.215818187799922e-10,2.866324857339084e-5,3.90954803636694e-5,0.11111041760736806,-0.11111010749990878
30126,0.1,-0.11111041073448463,1.0545634713464239e-9,3.2474043039732884e-5,3.872331782048792e-5,0.11111041073448463,-0.11111010887680153
30127,0.25,-0.11111040187609734,1.305655705791106e-9,3.613385816365457e-5,3.831928845529042e-5,0.11111040187609734,-0.111110109961291
30128,0.625,-0.11111038769838949,1.5517576187921144e-9,3.9392354826693396e-5,3.735082694286081e-5,0.11111038769838949,-0.11111011022223714
30129,1.5625,-0.11111036020684209,1.7291582761807078e-9,4.1583148944983806e-5,3.486089721062122e-5,0.11111036020684209,-0.11111010831162875
30130,3.90625,-0.11111030432187005,1.6824368603975348e-9,4.101751894492809e-5,2.8459307378519735e-5,0.11111030432187005,-0.11111010164137079
30131,9.765625,-0.1111102164565424,1.150807931269474e-9,3.392356012079914e-5,1.3368684325836423e-5,0.1111102164565424,-0.11111008965077251
30132,24.4140625,-0.11111024048668088,2.2317621261704007e-10,1.4939083392800244e-5,2.1985833784670295e-5,0.11111024048668088,-0.1111100883084481
30133,9.765625,-0.11111036619701199,4.3377965290904834e-11,6.586195054119248e-6,5.700064491876643e-5,0.11111036619701199,-0.11111009279929422
30134,3.90625,-0.1111104468399023,7.164003159398512e-12,2.676565552979884e-6,6.26771254504252e-5,0.1111104468399023,-0.1111100970140846
30135,1.5625,-0.11111051866941049,5.502117320475587e-11,7.417625846910578e-6,6.221048149703363e-5,0.11111051866941049,-0.11111010079904961
30136,0.625,-0.11111058786877699,1.755138988107603e-10,1.3248165865913678e-5,6.0963276629299585e-5,0.11111058786877699,-0.1111101043665171
30137,0.25,-0.11111065625105858,3.6604734587993964e-10,1.9132363834088555e-5,6.000300948421026e-5,0.11111065625105858,-0.1111101078492638
30138,0.1,-0.11111072442206105,6.258667482365715e-10,2.5017328958875115e-5,5.9388722870181426e-5,0.11111072442206105,-0.11111011130348643
30139,0.1,-0.11111079213635466,9.526073411100257e-10,3.0864337691096265e-5,5.900606247405682e-5,0.11111079213635466,-0.11111011467228382
30140,0.1,-0.11111085929927349,1.3439876534810367e-9,3.66604371698025e-5,5.8570211032607245e-5,0.11111085929927349,-0.11111011794347048
30141,0.1,-0.11111092581662636,1.7975044457583775e-9,4.239698628155517e-5,5.808155114011211e-5,0.11111092581662636,-0.11111012110531406
30142,0.1,-0.11111099159494019,2.3104432267089377e-9,4.806707008658774e-5,5.7540560358973586e-5,0.11111099159494019,-0.11111012414658362
30143,0.25,-0.11111105428735013,2.86394133327185e-9,5.351580451858918e-5,5.695122767827501e-5,0.11111105428735013,-0.11111012654665565
30144,0.625,-0.11111110827021999,3.4075515969213032e-9,5.8374237441882725e-5,5.552294035227766e-5,0.11111110827021999,-0.11111012713678839
30145,1.5625,-0.11111113883834697,3.801906195099879e-9,6.16595993751166e-5,5.183124023061759e-5,0.11111113883834697,-0.11111012294590042
30146,3.90625,-0.11111111111058604,3.706255832823983e-9,6.087902621448525e-5,4.230361196831653e-5,0.11111111111058604,-0.11111010824621917
30147,9.765625,-0.11111096293694835,2.5455471525645383e-9,5.045341566796581e-5,1.9557870234960542e-5,0.11111096293694835,-0.11111008167310346
30148,24.4140625,-0.11111068059395772,5.012816769372894e-10,2.238932060017207e-5,3.182797507793642e-5,0.11111068059395772,-0.11111007832079196
30149,9.765625,-0.11111057984938562,9.905192719936825e-11,9.952483468932176e-6,8.452118384573593e-5,0.11111057984938562,-0.11111008819762279
30150,3.90625,-0.11111048193030765,1.4873762176106768e-11,3.85665167938547e-6,9.317041870533243e-5,0.11111048193030765,-0.1111100975279873
30151,1.5625,-0.11111038954004954,1.170068424048628e-10,1.0816970112044444e-5,9.25673172621786e-5,0.11111038954004954,-0.11111010592021832
30152,0.625,-0.11111029936980676,3.8005651222515337e-10,1.9495038143721426e-5,9.075453506976712e-5,0.11111029936980676,-0.11111011383309194
30153,0.25,-0.1111102101505094,7.982665299849642e-10,2.8253610919402216e-5,8.934808119318455e-5,0.1111102101505094,-0.1111101215586243
30154,0.1,-0.11111012142240335,1.369986413150913e-9,3.7013327507141435e-5,8.844760767177602e-5,0.11111012142240335,-0.1111101292213247
30155,0.1,-0.11111003319492944,2.0900774715924215e-9,4.571736509896892e-5,8.788787171624589e-5,0.11111003319492944,-0.11111013669689136
30156,0.1,-0.11110994552265281,2.9535604268270302e-9,5.434666895796862e-5,8.724853970368116e-5,0.11110994552265281,-0.11111014395818451
30157,0.1,-0.11110985845945609,3.954963468689868e-9,6.288850028971806e-5,8.65302119053031e-5,0.11110985845945609,-0.11111015097906793
30158,0.1,-0.11110977205854954,5.088345392888294e-9,7.133263904334603e-5,8.573362030020732e-5,0.11110977205854954,-0.11111015773450955
30159,0.25,-0.11110968749557427,6.312366600085423e-9,7.945040339787724e-5,8.486453922739786e-5,0.11110968749557427,-0.11111016307620925
30160,0.625,-0.11110960775647993,7.516316756088165e-9,8.669669403205733e-5,8.274935467157263e-5,0.11110960775647993,-0.11111016442270925
30161,1.5625,-0.11110954123989328,8.394025168839716e-9,9.161891272461006e-5,7.727036441518451e-5,0.11110954123989328,-0.11111015520321131
30162,3.90625,-0.11110951157590016,8.195620353987775e-9,9.052966560187757e-5,6.310374936442322e-5,0.11110951157590016,-0.11111012270645512
30163,9.765625,-0.1111095850129183,5.649276432766533e-9,7.516166864011557e-5,2.905458563776573e-5,0.1111095850129183,-0.11111006366597381
30164,24.4140625,-0.11111018998520986,8.798699766497472e-11,9.38013846726021e-6,4.551368883569929e-5,0.11111018998520986,-0.11111009922333544
30165,9.765625,-0.11111065365822825,9.387268229936826e-11,9.688791580964484e-6,2.503333605223517e-5,0.11111065365822825,-0.1111100985761972
30166,3.90625,-0.11111081739911724,1.0623087809653784e-10,1.0306836473745852e-5,1.6524424175489492e-5,0.11111081739911724,-0.11111009833308165
30167,1.5625,-0.11111094863074063,1.215926910485021e-10,1.1026907592271829e-5,1.3011728140144668e-5,0.11111094863074063,-0.11111009828055819
30168,3.90625,-0.11111097161579023,1.205864579663049e-10,1.0981186546375802e-5,1.148896353351491e-5,0.11111097161579023,-0.11111009786409726
30169,9.765625,-0.11111074563219998,8.12044352489039e-11,9.011350356572754e-6,8.23910537783966e-6,0.11111074563219998,-0.11111009704081988
30170,24.4140625,-0.11111036894771285,1.473833071952684e-11,3.839053362422414e-6,7.997963403810773e-6,0.11111036894771285,-0.11111009696714647
30171,9.765625,-0.11111055495830607,3.080250299791245e-12,1.75506418680094e-6,1.5483809923666932e-5,0.11111055495830607,-0.11111009728955143
30172,3.90625,-0.11111061128489602,1.1768442035566598e-12,1.0848245035749607e-6,1.6651503335608243e-5,0.11111061128489602,-0.11111009758294817
30173,1.5625,-0.11111065352899493,4.735003959505949e-12,2.1760064245093463e-6,1.6415844575292262e-5,0.11111065352899493,-0.11111009784583618
30174,0.625,-0.11111069231037678,1.2974816666253933e-11,3.602057282478158e-6,1.6033724005206956e-5,0.11111069231037678,-0.11111009809321336
30175,0.25,-0.11111073008168493,2.5700132262677492e-11,5.069529787137806e-6,1.5743596160348018e-5,0.11111073008168493,-0.11111009833391368
30176,0.1,-0.1111107675538671,4.283540909373983e-11,6.5448765529794245e-6,1.5549753196557088e-5,0.1111107675538671,-0.111110098571642
30177,0.1,-0.11111080352688947,6.418917852789484e-11,8.011814933452648e-6,1.5419888335029495e-5,0.11111080352688947,-0.11111009880261845
30178,0.1,-0.11111083785554603,8.958575115730931e-11,9.464974968657302e-6,1.5281395354658498e-5,0.11111083785554603,-0.11111009902624365
30179,0.1,-0.11111087040162075,1.1883865379678694e-10,1.0901314315108383e-5,1.5133854871902589e-5,0.11111087040162075,-0.1111100992419284
30180,0.1,-0.11111090103433312,1.517510495135389e-10,1.2318727593121738e-5,1.497695884445131e-5,0.11111090103433312,-0.11111009944910184
30181,0.25,-0.11111092432565002,1.8702212476398438e-10,1.3675603268740447e-5,1.4811958319490653e-5,0.11111092432565002,-0.11111009961403567
30182,0.625,-0.1111109282780523,2.2123692667599513e-10,1.4874035319172639e-5,1.444650564775588e-5,0.1111109282780523,-0.11111009966171807
30183,1.5625,-0.11111088367080808,2.451066163580186e-10,1.5655881206690942e-5,1.3542128407976169e-5,0.11111088367080808,-0.11111009940319448
30184,3.90625,-0.11111073111134172,2.365010741418105e-10,1.537859142255267e-5,1.1290843394262915e-5,0.11111073111134172,-0.11111009848200845
30185,9.765625,-0.11111041876683381,1.6013105427429068e-10,1.2654289955358644e-5,6.543712267837016e-6,0.11111041876683381,-0.11111009684013112
30186,24.4140625,-0.1111102473516335,3.120423483417691e-11,5.586075083113089e-6,9.469913674215693e-6,0.1111102473516335,-0.1111100966830428
30187,9.765625,-0.1111103861959448,6.455617698387477e-12,2.5407907624177707e-6,2.1639137355614208e-5,0.1111103861959448,-0.11111009731856572
30188,3.90625,-0.11111044623780073,1.6735928110667851e-12,1.2936741518121112e-6,2.364446232146023e-5,0.11111044623780073,-0.11111009791444279
30189,1.5625,-0.11111049526759063,8.48217489897316e-12,2.9124173634582595e-6,2.3434810598761494e-5,0.11111049526759063,-0.11111009845080794
30190,0.625,-0.11111054126155664,2.5282835188116032e-11,5.028203972405658e-6,2.2953509224549997e-5,0.11111054126155664,-0.1111100989569015
30191,0.25,-0.11111058628579834,5.170063715829142e-11,7.190315511734615e-6,2.2583852337565446e-5,0.11111058628579834,-0.11111009945088691
30192,0.1,-0.11111063099408187,8.761519208467211e-11,9.36029871770512e-6,2.2344128998911137e-5,0.11111063099408187,-0.11111009994043217
30193,0.1,-0.11111067505566093,1.326804865237879e-10,1.1518701598869029e-5,2.219112220853806e-5,0.11111067505566093,-0.11111010041758929
30194,0.1,-0.11111071837401289,1.8656601917947898e-10,1.3658917203771277e-5,2.2019927147306578e-5,0.11111071837401289,-0.11111010088075979
30195,0.1,-0.1111107608550878,2.4891249368900126e-10,1.5776960850842006e-5,2.183056243475668e-5,0.1111107608550878,-0.11111010132840234
30196,0.1,-0.11111080240758109,3.1933312383107125e-10,1.7869894343030437e-5,2.162310606899612e-5,0.11111080240758109,-0.11111010175903999
30197,0.25,-0.11111084040938654,3.9519459879022605e-10,1.987950197540738e-5,2.139910505249663e-5,0.11111084040938654,-0.1111101021009712
30198,0.625,-0.11111086873786323,4.694841985017378e-10,2.1667584048567523e-5,2.0870709705136092e-5,0.11111086873786323,-0.11111010219365124
30199,1.5625,-0.11111087186608948,5.228851288267686e-10,2.286668163128985e-5,1.9523187527541255e-5,0.11111087186608948,-0.1111101016298928
30200,3.90625,-0.1111108155797728,5.083794502346129e-10,2.254727145875112e-5,1.6089690055220628e-5,0.1111108155797728,-0.11111009962922251
30201,9.765625,-0.11111065458914328,3.4749863242521103e-10,1.8641315201058403e-5,8.329512967851243e-6,0.11111065458914328,-0.11111009602618845
30202,24.4140625,-0.111110475668695,6.7738159279195e-11,8.230319512582425e-6,1.2790720126168489e-5,0.111110475668695,-0.11111009563188122
30203,9.765625,-0.11111048638185327,1.3422112666788899e-11,3.6636201586393888e-6,3.1586452749561046e-5,0.11111048638185327,-0.11111009700129668
30204,3.90625,-0.11111046764563103,2.500380983125777e-12,1.5812593029373067e-6,3.4677457696264624e-5,0.11111046764563103,-0.11111009828894997
30205,1.5625,-0.11111044712739988,1.697353086861568e-11,4.119894521540045e-6,3.4420231858988917e-5,0.11111044712739988,-0.11111009944743158
30206,0.625,-0.11111042638085569,5.338536561023357e-11,7.306528971422311e-6,3.3738085614169374e-5,0.11111042638085569,-0.1111101005404625
30207,0.25,-0.11111040562090581,1.1094992131004078e-10,1.0533276855283012e-5,3.321318286372396e-5,0.11111040562090581,-0.1111101016079821
30208,0.1,-0.11111038488663876,1.8943735288607568e-10,1.3763624264200026e-5,3.2877425078300986e-5,0.11111038488663876,-0.11111010266690001
30209,0.1,-0.1111103640295399,2.881325845863711e-10,1.6974468609837868e-5,3.2668247106576086e-5,0.1111103640295399,-0.11111010369998267
30210,0.1,-0.11111034303963452,4.063461294196263e-10,2.015802890710365e-5,3.2430190192743695e-5,0.11111034303963452,-0.11111010470355898
30211,0.1,-0.1111103219081997,5.433219497594281e-10,2.330926746509697e-5,3.216345279838215e-5,0.1111103219081997,-0.11111010567409382
30212,0.1,-0.11111030062784977,6.982405866408439e-10,2.6424242404293144e-5,3.186828954236218e-5,0.11111030062784977,-0.11111010660820178
30213,0.25,-0.11111027868451033,8.654121127628022e-10,2.941788763257488e-5,3.1546858293543747e-5,0.11111027868451033,-0.1111101073485815
30214,0.625,-0.11111025502603387,1.0296205353018655e-9,3.208770068580586e-5,3.076818602495173e-5,0.11111025502603387,-0.11111010754213603
30215,1.5625,-0.11111022740219759,1.1488288129328916e-9,3.3894377305578156e-5,2.875710834016649e-5,0.11111022740219759,-0.11111010629109284
30216,3.90625,-0.11111019319465845,1.1202377927820168e-9,3.346995358201169e-5,2.3580200524827528e-5,0.11111019319465845,-0.11111010186340695
30217,9.765625,-0.1111101641266719,7.702018963462931e-10,2.7752511532225206e-5,1.1433622359986113e-5,0.1111101641266719,-0.11111009383791032
30218,24.4140625,-0.11111024390348082,1.5263445724363142e-10,1.2354531850443845e-5,1.790818272690042e-5,0.11111024390348082,-0.11111009280633397
30219,9.765625,-0.11111034849118515,3.0549377850570614e-11,5.5271491612377e-6,4.667242464525894e-5,0.11111034849118515,-0.1111100958071594
30220,3.90625,-0.1111104221917634,4.717525881960171e-12,2.171986621036182e-6,5.144648027234171e-5,0.1111104221917634,-0.11111009865044492
30221,1.5625,-0.11111048898781273,3.531576834882939e-11,5.9427071565768235e-6,5.113316164230786e-5,0.11111048898781273,-0.11111010121191159
30222,0.625,-0.11111055364146667,1.146665035405097e-10,1.0708244652626765e-5,5.01493206078547e-5,0.11111055364146667,-0.11111010362900625
30223,0.25,-0.11111061760907749,2.410382911704377e-10,1.552540792283532e-5,4.938516959320401e-5,0.11111061760907749,-0.11111010598981359
30224,0.1,-0.1111106813853777,4.139447229285719e-10,2.034563154410725e-5,4.8897105767260445e-5,0.1111106813853777,-0.11111010833198663
30225,0.1,-0.1111107448088084,6.318487041171352e-10,2.5136600886299947e-5,4.8595242713357894e-5,0.1111107448088084,-0.11111011061796854
30226,0.1,-0.11111080780426548,8.932588543398191e-10,2.988743639624883e-5,4.82496640275773e-5,0.11111080780426548,-0.11111011283951254
30227,0.1,-0.11111087029686904,1.1965336985954735e-9,3.459094821764031e-5,4.786068830457293e-5,0.11111087029686904,-0.11111011498866946
30228,0.1,-0.1111109322121382,1.5398885846612457e-9,3.924141415215876e-5,4.7428709473984506e-5,0.1111109322121382,-0.11111011705782209
30229,0.25,-0.1111109917529427,1.9108411680171017e-9,4.371316927445437e-5,4.6956766164239856e-5,0.1111109917529427,-0.11111011869926173
30230,0.625,-0.1111110445703,2.2759285210692203e-9,4.770669262345924e-5,4.5801822428365886e-5,0.1111110445703,-0.11111011913090423
30231,1.5625,-0.11111107916842021,2.5425595773248257e-9,5.0423799711295315e-5,4.2803962788683844e-5,0.11111107916842021,-0.11111011636112281
30232,3.90625,-0.11111106756654245,2.4838453062008375e-9,4.983819124126434e-5,3.5054667058953146e-5,0.11111106756654245,-0.11111010653246003
30233,9.765625,-0.11111095544425983,1.71450235309003e-9,4.140654964000297e-5,1.658048450551069e-5,0.11111095544425983,-0.11111008862656743
30234,24.4140625,-0.11111070291472835,3.449105585588375e-10,1.8571767782277418e-5,2.585169061490332e-5,0.11111070291472835,-0.11111008606500938
30235,9.765625,-0.1111105940134767,7.02449710590739e-11,8.381227300286869e-6,6.934193039820002e-5,0.1111105940134767,-0.1111100926922827
30236,3.90625,-0.11111049553810973,1.0062328840792081e-11,3.172117406527079e-6,7.663203556664434e-5,0.11111049553810973,-0.11111009901220739
30237,1.5625,-0.11111040327605783,7.565720485702238e-11,8.698115017463404e-6,7.623473220567718e-5,0.11111040327605783,-0.1111101047136025
30238,0.625,-0.11111031334045379,2.498709151742988e-10,1.580730575317308e-5,7.479748461138934e-5,0.11111031334045379,-0.11111011009480401
30239,0.25,-0.11111022433585156,5.288318718209729e-10,2.2996344749132912e-5,7.36718839818587e-5,0.11111022433585156,-0.11111011535056925
30240,0.1,-0.11111013576496181,9.114626738641117e-10,3.01904401071616e-5,7.295162581555881e-5,0.11111013576496181,-0.1111101205647675
30241,0.1,-0.11111004766834154,1.394395536950253e-9,3.73416059771169e-5,7.250640961869136e-5,0.11111004766834154,-0.11111012565487624
30242,0.1,-0.11110996010854203,1.9743493626179563e-9,4.44336512411253e-5,7.199560594950012e-5,0.11110996010854203,-0.11111013060244744
30243,0.1,-0.11110987314749428,2.6477082681415726e-9,5.1455886622830365e-5,7.141970903448659e-5,0.11110987314749428,-0.1111101353896978
30244,0.1,-0.11110978684648065,3.410536903856829e-9,5.8399802258713415e-5,7.077931847792529e-5,0.11110978684648065,-0.11111013999957857
30245,0.25,-0.11110970258278101,4.235306836786716e-9,6.507923506608475e-5,7.007887856445493e-5,0.11110970258278101,-0.11111014366091387
30246,0.625,-0.11110962380770548,5.048134255247024e-9,7.10502234707747e-5,6.836021249421924e-5,0.11110962380770548,-0.11111014463684618
30247,1.5625,-0.1111095600589644,5.6443976848434424e-9,7.512920660331401e-5,6.389218796867115e-5,0.1111095600589644,-0.11111013849918387
30248,3.90625,-0.11110953715962933,5.521899243694867e-9,7.430948286520952e-5,5.2321272920267904e-5,0.11110953715962933,-0.11111011664444373
30249,9.765625,-0.11110962189014288,3.823979857074618e-9,6.183833646755561e-5,2.450521398930296e-5,0.11110962189014288,-0.11111007665615896
30250,24.4140625,-0.1111099610939703,7.78462623660313e-10,2.790094306041129e-5,3.780224035152841e-5,0.1111099610939703,-0.11111007049332308
30251,9.765625,-0.11111018039909114,1.601343507146831e-10,1.2654420204603729e-5,0.00010334949565103014,0.11111018039909114,-0.11111008522054645
30252,3.90625,-0.1111103565088997,2.0896434632975513e-11,4.571261820654721e-6,0.00011443606941844529,0.1111103565088997,-0.11111009933664555
30253,1.5625,-0.11111051942672794,1.6271825305175196e-10,1.2756106500486423e-5,0.00011392735558586251,0.11111051942672794,-0.11111011208590506
30254,0.625,-0.1111106781126908,5.471752462761893e-10,2.339177732187508e-5,0.0001118177207997782,0.1111106781126908,-0.11111012412142356
30255,0.25,-0.11111083553728637,1.1655937030052459e-9,3.414079236053618e-5,0.000110153836970885,0.11111083553728637,-0.11111013587603549
30256,0.1,-0.11111099274323899,2.0155808821093155e-9,4.489522115002125e-5,0.00010908728811069536,0.11111099274323899,-0.11111014753729948
30257,0.1,-0.111111149476955,3.089725880719987e-9,5.5585302740202716e-5,0.00010842818594442472,0.111111149476955,-0.11111015892315942
30258,0.1,-0.11111130557324682,4.380780943936948e-9,6.618746817893058e-5,0.00010767094187666588,0.11111130557324682,-0.11111016999232501
30259,0.1,-0.11111146086512542,5.880749445579801e-9,7.668604465989754e-5,0.00010681627416710582,0.11111146086512542,-0.1111101807049755
30260,0.1,-0.11111161518418423,7.580919625519426e-9,8.70684766463697e-5,0.00010586505761857395,0.11111161518418423,-0.11111019102291537
30261,0.25,-0.11111176488207289,9.420326931698163e-9,9.705836868450944e-5,0.00010482378180667044,0.11111176488207289,-0.11111019922995
30262,0.625,-0.11111190095169157,1.1235166298441019e-8,0.00010599606737252575,0.00010226359757481954,0.11111190095169157,-0.11111020145643728
30263,1.5625,-0.1111119991608275,1.2571409240350026e-8,0.00011212229591098295,9.560017743985215e-5,0.1111119991608275,-0.11111018782683826
30264,3.90625,-0.11111199854324548,1.231331487935309e-8,0.00011096537693962513,7.832380510192061e-5,0.11111199854324548,-0.11111013910422383
30265,9.765625,-0.11111177001801142,8.550773129565047e-9,9.247039055592361e-5,3.6605213545680494e-5,0.11111177001801142,-0.1111100496121693
30266,24.4140625,-0.1111112884964499,1.307768191794152e-10,1.1435769286734287e-5,5.453338271770045e-5,0.1111112884964499,-0.11111010211256757
30267,9.765625,-0.11110998427126668,1.3696068284004656e-10,1.1703020244366262e-5,3.1000976348387075e-5,0.11110998427126668,-0.11111010127510722
30268,3.90625,-0.11110949037079172,1.5747888219394324e-10,1.2549059016274616e-5,2.065750040975212e-5,0.11110949037079172,-0.11111010093207208
30269,1.5625,-0.11110909291119811,1.830655213186893e-10,1.3530170779361556e-5,1.6165231445578304e-5,0.11110909291119811,-0.11111010085574748
30270,3.90625,-0.11110899536601222,1.822953640872434e-10,1.3501680046840222e-5,1.4154712987058452e-5,0.11110899536601222,-0.11111010021545059
30271,9.765625,-0.11110960554003126,1.199672096879509e-10,1.0952954381715963e-5,9.72153259548832e-6,0.11110960554003126,-0.11111009897217006
30272,24.4140625,-0.11111072492841978,2.2560695204789254e-11,4.749810017757474e-6,9.11729181816872e-6,0.11111072492841978,-0.11111009882467979
30273,9.765625,-0.11111019129703342,4.659133637115123e-12,2.1585026377364294e-6,1.8915038674838303e-5,0.11111019129703342,-0.11111009931568845
30274,3.90625,-0.11111000132421105,2.2988259008468377e-12,1.5161879503698867e-6,2.0224670255885717e-5,0.11111000132421105,-0.11111009974470008
30275,1.5625,-0.11110985253962734,8.163187394655913e-12,2.857129222603681e-6,1.9868995613254787e-5,0.11110985253962734,-0.11111010012673203
30276,0.625,-0.11110971424762359,2.1116366748658337e-11,4.5952548078053665e-6,1.937193235584741e-5,0.11110971424762359,-0.11111010048581255
30277,0.25,-0.1111095791028298,4.0885714882084294e-11,6.39419384145369e-6,1.900508146763216e-5,0.1111095791028298,-0.11111010083534037
30278,0.1,-0.1111094449298596,6.736937629854946e-11,8.207885007634395e-6,1.8764103596866344e-5,0.1111094449298596,-0.11111010118079762
30279,0.1,-0.1111093149752892,1.0024698148329232e-10,1.0012341458584616e-5,1.8605041505327965e-5,0.1111093149752892,-0.11111010151613912
30280,0.1,-0.11110918966559073,1.3923903455824075e-10,1.1799959091379968e-5,1.8434540286837456e-5,0.11110918966559073,-0.11111010184043277
30281,0.1,-0.11110906940860937,1.8404868005240806e-10,1.3566454218122289e-5,1.8252159503467414e-5,0.11110906940860937,-0.11111010215276995
30282,0.1,-0.11110895459233182,2.3436269599168876e-10,1.5308909039892057e-5,1.805759094872398e-5,0.11110895459233182,-0.11111010245227425
30283,0.25,-0.111108860560875,2.880038095395981e-10,1.697067498774277e-5,1.785240248309383e-5,0.111108860560875,-0.1111101026870812
30284,0.625,-0.11110882147509024,3.3932508927309493e-10,1.8420778736880126e-5,1.7392795559531883e-5,0.11110882147509024,-0.1111101027427473
30285,1.5625,-0.11110892122016984,3.7327909876409694e-10,1.9320432157798565e-5,1.6253326813334243e-5,0.11110892122016984,-0.11111010233450942
30286,3.90625,-0.11110933404236215,3.5566506792367744e-10,1.8859084493253574e-5,1.343478021037624e-5,0.11110933404236215,-0.11111010094082545
30287,9.765625,-0.11111023609307434,2.379090139642599e-10,1.5424299464295287e-5,7.585520045068026e-6,0.11111023609307434,-0.11111009850929635
30288,24.4140625,-0.11111087550468197,4.798202024476691e-11,6.926905531676242e-6,1.1246365102696435e-5,0.11111087550468197,-0.11111009822516066
30289,9.765625,-0.1111105347631103,9.746807064440036e-12,3.1219876784574337e-6,2.617587368371275e-5,0.1111105347631103,-0.11111009916363163
30290,3.90625,-0.11111040403291603,2.028154947400152e-12,1.4241330511578446e-6,2.8737452245974274e-5,0.11111040403291603,-0.11111010004826052
30291,1.5625,-0.11111030195525859,1.1700810835473046e-11,3.420644798202971e-6,2.8518564691223273e-5,0.11111030195525859,-0.11111010084462715
30292,0.625,-0.11111020768266364,3.634052167038328e-11,6.028310017773081e-6,2.794385114509511e-5,0.11111020768266364,-0.11111010159555613
30293,0.25,-0.11111011591828074,7.538205514200872e-11,8.682283981879925e-6,2.7497490759334203e-5,0.11111011591828074,-0.11111010232818344
30294,0.1,-0.11111002500473284,1.286475217137928e-10,1.1342289086149796e-5,2.7207232735465898e-5,0.11111002500473284,-0.11111010305408463
30295,0.1,-0.11110993579770574,1.956287108498673e-10,1.3986733387387753e-5,2.702206700864506e-5,0.11110993579770574,-0.11111010376165222
30296,0.1,-0.11110984853687988,2.758374128563231e-10,1.660835370698502e-5,2.681440631353477e-5,0.11110984853687988,-0.1111101044484815
30297,0.1,-0.11110976345457461,3.687418467469019e-10,1.9202652075869673e-5,2.6584267635832274e-5,0.11110976345457461,-0.11111010511225237
30298,0.1,-0.1111096807750775,4.737686436800654e-10,2.1766227134716422e-5,2.6331739546112815e-5,0.1111096807750775,-0.11111010575073968
30299,0.25,-0.11110960712272291,5.870062501871569e-10,2.422821186524414e-5,2.6058640298980717e-5,0.11110960712272291,-0.11111010625733442
30300,0.625,-0.11110955789275594,6.980259004063292e-10,2.642017979511739e-5,2.541183840058738e-5,0.11110955789275594,-0.11111010639290977
30301,1.5625,-0.1111095719176617,7.781122808170956e-10,2.789466402050929e-5,2.3758271152945632e-5,0.1111095719176617,-0.11111010555041112
30302,3.90625,-0.11110973364451025,7.575137333340206e-10,2.752296737879149e-5,1.953149575890673e-5,0.11110973364451025,-0.11111010256308897
30303,9.765625,-0.11111014747606529,5.201756275401703e-10,2.280735906544575e-5,9.810494602032698e-6,0.11111014747606529,-0.11111009715551466
30304,24.4140625,-0.11111054645808913,1.0405261859699925e-10,1.0200618539921941e-5,1.5034938983171272e-5,0.11111054645808913,-0.11111009644161032
30305,9.765625,-0.11111044332196689,2.099802332016513e-11,4.582360016428776e-6,3.846080830291708e-5,0.11111044332196689,-0.1111100984758336
30306,3.90625,-0.11111042920082302,3.2738116494217687e-12,1.8093677485303448e-6,4.239414157533186e-5,0.11111042920082302,-0.11111010040699826
30307,1.5625,-0.11111042470548621,2.3730265929899917e-11,4.8713720787782075e-6,4.2140841722642256e-5,0.11111042470548621,-0.11111010214795111
30308,0.625,-0.11111042257979895,7.714260657547008e-11,8.783086392349223e-6,4.13318655173544e-5,0.11111042257979895,-0.11111010379089659
30309,0.25,-0.11111042119586581,1.6231993441592817e-10,1.2740484073061282e-5,4.070101097712523e-5,0.11111042119586581,-0.11111010539526417
30310,0.1,-0.11111042007947125,2.7891758154566135e-10,1.6700825774364015e-5,4.0295921335032084e-5,0.11111042007947125,-0.1111101069865251
30311,0.1,-0.11111041961832757,4.2588811618945547e-10,2.063705686839709e-5,4.004342827510252e-5,0.11111041961832757,-0.11111010853942488
30312,0.1,-0.1111104198817039,6.022147366354898e-10,2.454006390854534e-5,3.975542915779507e-5,0.1111104198817039,-0.11111011004843024
30313,0.1,-0.11111042093483725,8.067807190638265e-10,2.8403885633198612e-5,3.943215725437117e-5,0.11111042093483725,-0.11111011150820796
30314,0.1,-0.11111042283870132,1.0383740264409704e-9,3.22238114822094e-5,3.9073913299058203e-5,0.11111042283870132,-0.11111011291364652
30315,0.25,-0.11111042784242928,1.2885885082789934e-9,3.5896915024539276e-5,3.8683250917584665e-5,0.11111042784242928,-0.11111011403028864
30316,0.625,-0.11111044097940588,1.5349054131235155e-9,3.9177868920138005e-5,3.7733986655423025e-5,0.11111044097940588,-0.11111011433068968
30317,1.5625,-0.11111047441336402,1.7150312642390728e-9,4.141293595290091e-5,3.5277530328177004e-5,0.11111047441336402,-0.11111011247122612
30318,3.90625,-0.11111055171989528,1.676299249982621e-9,4.0942633647368376e-5,2.8938429135955784e-5,0.11111055171989528,-0.11111010584618111
30319,9.765625,-0.11111068360005115,1.1590913361935141e-9,3.404543047449267e-5,1.3894845520388555e-5,0.11111068360005115,-0.11111009374527586
30320,24.4140625,-0.11111067884996297,2.3499132544150283e-10,1.5329426781243414e-5,2.1298034470328466e-5,0.11111067884996297,-0.11111009194628681
30321,9.765625,-0.1111105213930362,4.8097902665912716e-11,6.935265147484465e-6,5.708554074861209e-5,0.1111105213930362,-0.11111009643481859
30322,3.90625,-0.11111042473959665,6.462071966480024e-12,2.542060574903758e-6,6.313491979862436e-5,0.11111042473959665,-0.11111010072826968
30323,1.5625,-0.11111033954158607,5.002297986629856e-11,7.072692547134971e-6,6.283391893439022e-5,0.11111033954158607,-0.11111010460500644
30324,0.625,-0.11111025785760556,1.671336970587159e-10,1.2928019842911592e-5,6.166326896406084e-5,0.11111025785760556,-0.1111101082647719
30325,0.25,-0.11111017741531919,3.5515807488996456e-10,1.884563808656965e-5,6.074231232356889e-5,0.11111017741531919,-0.11111011183912962
30326,0.1,-0.1111100974684136,6.133602663746473e-10,2.4766111248531678e-5,6.0151790572298334e-5,0.1111100974684136,-0.11111011538496074
30327,0.1,-0.11111001833306156,9.394747935075524e-10,3.0650853063292585e-5,5.978621705341096e-5,0.11111001833306156,-0.11111011884684831
30328,0.1,-0.1111099401151136,1.3312893293730434e-9,3.648683775518294e-5,5.9366937674614224e-5,0.1111099401151136,-0.11111012221231907
30329,0.1,-0.11110986291795343,1.7863656415906509e-9,4.226541898042241e-5,5.889433066202081e-5,0.11110986291795343,-0.11111012546934415
30330,0.1,-0.1111097868423142,2.3020498002680366e-9,4.797968111886569e-5,5.836886519293714e-5,0.1111097868423142,-0.11111012860638746
30331,0.25,-0.1111097147011236,2.85981193066935e-9,5.3477209451030165e-5,5.7794143630586424e-5,0.1111097147011236,-0.11111013110259015
30332,0.625,-0.11110965315349328,3.4098955324213393e-9,5.839431078813534e-5,5.638449930869894e-5,0.11110965315349328,-0.11111013178406413
30333,1.5625,-0.11110961950929198,3.81444178351153e-9,6.176116727776062e-5,5.272019978003727e-5,0.11110961950929198,-0.11111012765593273
30334,3.90625,-0.11110965474886147,3.734843062722558e-9,6.111336239090889e-5,4.323200569912847e-5,0.11110965474886147,-0.11111011288845948
30335,9.765625,-0.11110983288138074,2.5920713736615276e-9,5.091238919616254e-5,2.04563348873796e-5,0.11110983288138074,-0.11111008578034488
30336,24.4140625,-0.11111017768834665,5.325791858393289e-10,2.30776772193245e-5,3.1016163511260964e-5,0.11111017768834665,-0.11111008140525847
30337,9.765625,-0.11111029851781816,1.1068880732055267e-10,1.0520874836274438e-5,8.51092211779154e-5,0.11111029851781816,-0.11111009138186496
30338,3.90625,-0.11111041382094394,1.3912973953403324e-11,3.730009913311669e-6,9.43390206608071e-5,0.11111041382094394,-0.11111010098233738
30339,1.5625,-0.11111052267584123,1.0792472991540943e-10,1.0388682780574707e-5,9.396911616559569e-5,0.11111052267584123,-0.11111010966333074
30340,0.625,-0.1111106292707557,3.6660083376887654e-10,1.914682307248063e-5,9.225530970221022e-5,0.1111106292707557,-0.1111101178610554
30341,0.25,-0.11111073519687527,7.84037135395084e-10,2.8000663124202684e-5,9.08967799065638e-5,0.11111073519687527,-0.11111012586793452
30342,0.1,-0.11111084103654123,1.3586098772905306e-9,3.6859325513233834e-5,9.002481915953909e-5,0.11111084103654123,-0.11111013381124807
30343,0.1,-0.111110946685567,2.0853383417711312e-9,4.566550494378805e-5,8.948596918126515e-5,0.111110946685567,-0.11111014156846208
30344,0.1,-0.11111105204838079,2.9593386463753717e-9,5.439980373471371e-5,8.886634679923107e-5,0.11111105204838079,-0.11111014911152216
30345,0.1,-0.11111115702721482,3.975219093969792e-9,6.30493385688525e-5,8.816653894170928e-5,0.11111115702721482,-0.11111015641336568
30346,0.1,-0.11111126152230216,5.127102871214391e-9,7.16037908997449e-5,8.738726128547299e-5,0.11111126152230216,-0.11111016344802513
30347,0.25,-0.11111136354315641,6.373887081825793e-9,7.983662744521335e-5,8.653377590335549e-5,0.11111136354315641,-0.11111016905389778
30348,0.625,-0.11111145807125929,7.605058215201257e-9,8.72069848991539e-5,8.443286428451571e-5,0.11111145807125929,-0.11111017060976501
30349,1.5625,-0.11111153127111828,8.514127483531167e-9,9.227202980064526e-5,7.896159198580095e-5,0.11111153127111828,-0.1111101614210918
30350,3.90625,-0.11111154650112309,8.34716722634433e-9,9.136283284982099e-5,6.477140020618644e-5,0.11111154650112309,-0.11111012842028299
30351,9.765625,-0.11111141564151022,5.809650374841158e-9,7.622106254075155e-5,3.050481523864308e-5,0.11111141564151022,-0.1111100676012657
30352,24.4140625,-0.11111089316449677,8.662381025371123e-11,9.307191319281624e-6,4.467341138270812e-5,0.11111089316449677,-0.1111101030963783
30353,9.765625,-0.11111012789262693,9.17707780458564e-11,9.579706574100086e-6,2.4973552499479967e-5,0.11111012789262693,-0.11111010249509093
30354,3.90625,-0.11110984637553332,1.0447471954407695e-10,1.0221287567820257e-5,1.6591751261899692e-5,0.11110984637553332,-0.11111010226203163
30355,1.5625,-0.1111096197216962,1.202516537090829e-10,1.0965931502115216e-5,1.306921937240847e-5,0.1111096197216962,-0.1111101022126109
30356,3.90625,-0.11110956977649727,1.194909697354575e-10,1.0931192512048148e-5,1.1528784423173322e-5,0.11110956977649727,-0.1111101017994121
30357,9.765625,-0.11110993262985855,8.009469606454883e-11,8.949564015333307e-6,8.21922545223644e-6,0.11110993262985855,-0.1111101009832425
30358,24.4140625,-0.11111057882556348,1.514890860159539e-11,3.892159889007053e-6,7.900295636697625e-6,0.11111057882556348,-0.11111010088996025
30359,9.765625,-0.11111028246157632,3.245755716251837e-12,1.801598100646156e-6,1.555438061465582e-5,0.11111028246157632,-0.11111010121592178
30360,3.90625,-0.11111018444792728,1.3103233986991421e-12,1.1446935828854559e-6,1.6716621820442133e-5,0.11111018444792728,-0.11111010151084798
30361,1.5625,-0.11111010922250193,4.8493572146469496e-12,2.2021256128220635e-6,1.6482632774500765e-5,0.11111010922250193,-0.11111010177562039
30362,0.625,-0.11111003971942775,1.3092944850228824e-11,3.618417451072889e-6,1.6104655167953025e-5,0.11111003971942775,-0.11111010202509258
30363,0.25,-0.11110997191693116,2.5851017766323257e-11,5.084389615905065e-6,1.5818646669173786e-5,0.11110997191693116,-0.11111010226802988
30364,0.1,-0.11110990463508263,4.3052252444197544e-11,6.56142152617842e-6,1.562848216251891e-5,0.11110990463508263,-0.11111010250811033
30365,0.1,-0.11110983973794308,6.450133504710638e-11,8.031272318076781e-6,1.5501869861834418e-5,0.11110983973794308,-0.11111010274151578
30366,0.1,-0.11110977746114759,9.00220514521021e-11,9.487995122896201e-6,1.536627981342699e-5,0.11110977746114759,-0.11111010296762876
30367,0.1,-0.11110971802952911,1.1942698946124248e-10,1.0928265619998559e-5,1.5221336224301327e-5,0.11110971802952911,-0.1111101031858442
30368,0.1,-0.11110966165642915,1.5251804842642385e-10,1.2349819773034093e-5,1.5066769949984811e-5,0.11110966165642915,-0.11111010339557599
30369,0.25,-0.1111096169709354,1.8795754531413687e-10,1.370976095029147e-5,1.4903786591130533e-5,0.1111096169709354,-0.1111101035629136
30370,0.625,-0.11110960312030954,2.2224588813645315e-10,1.4907913607760582e-5,1.453996426771498e-5,0.11110960312030954,-0.11111010361250935
30371,1.5625,-0.11110966695072974,2.459308800464765e-10,1.568218352291786e-5,1.3637562644770096e-5,0.11110966695072974,-0.11111010335501713
30372,3.90625,-0.11110990484831021,2.3685146868720595e-10,1.5389979489499198e-5,1.1396282702490089e-5,0.11110990484831021,-0.11111010243472659
30373,9.765625,-0.11111040842964552,1.6082512170756779e-10,1.2681684498029739e-5,6.703045898312821e-6,0.11111040842964552,-0.11111010078801692
30374,24.4140625,-0.11111072945429373,3.265225248557154e-11,5.714214949192193e-6,9.371181940234175e-6,0.11111072945429373,-0.11111010058026255
30375,9.765625,-0.11111052100491528,6.9485167795318335e-12,2.6360039414863994e-6,2.1663244294898834e-5,0.11111052100491528,-0.11111010121650934
30376,3.90625,-0.11111043386628222,1.552574046395045e-12,1.246023292878205e-6,2.378333269495547e-5,0.11111043386628222,-0.11111010182159259
30377,1.5625,-0.11111036370872265,7.888596348111662e-12,2.8086645132716835e-6,2.3622591851806563e-5,0.11111036370872265,-0.11111010236841727
30378,0.625,-0.11111029824113765,2.4328203123659894e-11,4.932362833740021e-6,2.316301960533787e-5,0.11111029824113765,-0.11111010288492501
30379,0.25,-0.11111023429199236,5.04906295635742e-11,7.105675869583005e-6,2.2803995530920177e-5,0.11111023429199236,-0.1111101033891862
30380,0.1,-0.1111101708610122,8.625691794321448e-11,9.287460252577908e-6,2.2570338612368084e-5,0.1111101708610122,-0.11111010388895878
30381,0.1,-0.1111101084376004,1.3129065876607008e-10,1.1458213594014997e-5,2.2421445425194265e-5,0.1111101084376004,-0.11111010437645823
30382,0.1,-0.11111004716593227,1.8526746792154658e-10,1.3611299273821974e-5,2.2254139278667295e-5,0.11111004716593227,-0.11111010485005081
30383,0.1,-0.111109987186041,2.478335695898465e-10,1.574273069038045e-5,2.206844804404e-5,0.111109987186041,-0.1111101053081606
30384,0.1,-0.11110992863342728,3.186071005637048e-10,1.7849568638028897e-5,2.1864456504356895e-5,0.11110992863342728,-0.11111010574927606
30385,0.25,-0.11110987543653263,3.949838401546133e-10,1.98742003651622e-5,2.1643620454508293e-5,0.11110987543653263,-0.1111101061016247
30386,0.625,-0.11110983675990989,4.70009713609242e-10,2.167970741521301e-5,2.1119262790370836e-5,0.11110983675990989,-0.11111010620401535
30387,1.5625,-0.11110983582361537,5.24497539137872e-10,2.2901911255130476e-5,1.977753722841294e-5,0.11110983582361537,-0.11111010564653777
30388,3.90625,-0.1111099237238161,5.116353124823662e-10,2.261935703070196e-5,1.6350792715588227e-5,0.1111099237238161,-0.11111010363771717
30389,9.765625,-0.11111016769003346,3.5267081581818647e-10,1.8779531831709396e-5,8.551033095360369e-6,0.11111016769003346,-0.11111009997531368
30390,24.4140625,-0.11111043318597968,7.125236027242508e-11,8.441111317381442e-6,1.2543849687539233e-5,0.11111043318597968,-0.11111009946504764
30391,9.765625,-0.11111040151002062,1.4646048846893773e-11,3.827015658041364e-6,3.176178804293826e-5,0.11111040151002062,-0.11111010084709497
30392,3.90625,-0.1111104155136591,2.29063569605676e-12,1.5134846203568638e-6,3.503220537698856e-5,0.1111104155136591,-0.11111010216584533
30393,1.5625,-0.11111043330423816,1.5846890151155958e-11,3.980815262123572e-6,3.4845075633366536e-5,0.11111043330423816,-0.11111010335711007
30394,0.625,-0.11111045187628811,5.1768374562585365e-11,7.19502429200801e-6,3.419140038270486e-5,0.11111045187628811,-0.11111010448224343
30395,0.25,-0.11111047067484359,1.0924773868576471e-10,1.0452164306293922e-5,3.3679333801404155e-5,0.11111047067484359,-0.1111101055813078
30396,0.1,-0.11111048955968132,1.8805417396885797e-10,1.3713284579883041e-5,3.3350548476412776e-5,0.11111048955968132,-0.11111010667155753
30397,0.1,-0.11111050873307936,2.8748733718546135e-10,1.6955451547672252e-5,3.3146088670511096e-5,0.11111050873307936,-0.1111101077359796
30398,0.1,-0.1111105282165255,4.068652772451997e-10,2.0170901745960683e-5,3.2912437104651423e-5,0.1111105282165255,-0.11111010877080657
30399,0.1,-0.11111054802924251,5.454380658762735e-10,2.3354615515488015e-5,3.2649788396707184e-5,0.11111054802924251,-0.11111010977240632
30400,0.1,-0.11111056818808046,7.023908848629583e-10,2.6502658071653083e-5,3.235839243937545e-5,0.11111056818808046,-0.11111011073729575
30401,0.25,-0.11111058958079907,8.720620606483111e-10,2.9530696921141416e-5,3.204028903474011e-5,0.11111058958079907,-0.11111011150673587
30402,0.625,-0.11111061409867015,1.0392676939836043e-9,3.2237675071003556e-5,3.126465500678785e-5,0.11111061409867015,-0.1111101117232971
30403,1.5625,-0.11111064602656487,1.161968076334782e-9,3.4087652842851794e-5,2.925476544401872e-5,0.11111064602656487,-0.11111011047562351
30404,3.90625,-0.11111069199821003,1.1369873357273652e-9,3.371924281070625e-5,2.4068650476962052e-5,0.11111069199821003,-0.11111010599194882
30405,9.765625,-0.11111074277309774,7.881982868283687e-10,2.8074869310975763e-5,1.1827733981327667e-5,0.11111074277309774,-0.11111009776615126
30406,24.4140625,-0.11111066672329255,1.6141254398817195e-10,1.2704823650416087e-5,1.761286344603617e-5,0.11111066672329255,-0.11111009648026826
30407,9.765625,-0.11111054108266144,3.348169853308012e-11,5.786337229463913e-6,4.712654188946798e-5,0.11111054108266144,-0.11111009953297575
30408,3.90625,-0.1111104556949081,4.391435597950696e-12,2.0955752427318607e-6,5.217306697859734e-5,0.1111104556949081,-0.11111010246640686
30409,1.5625,-0.11111037892194824,3.330760193992493e-11,5.7712738576439895e-6,5.1956725373313914e-5,0.11111037892194824,-0.11111010511932265
30410,0.625,-0.11111030487871291,1.1229484237617272e-10,1.0596926081471586e-5,5.100845045035071e-5,0.11111030487871291,-0.11111010762522806
30411,0.25,-0.11111023180672758,2.395595160831379e-10,1.5477710298462687e-5,5.0258808951444424e-5,0.11111023180672758,-0.11111011007318251
30412,0.1,-0.11111015911754756,4.1460694423511613e-10,2.0361899327791504e-5,4.9778186429295094e-5,0.11111015911754756,-0.11111011250187718
30413,0.1,-0.1111100870153785,6.359162771130276e-10,2.521738045699885e-5,4.948139846366239e-5,0.1111100870153785,-0.11111011487389519
30414,0.1,-0.11111001558269502,9.019980288853146e-10,3.003328201987446e-5,4.9140310022809325e-5,0.11111001558269502,-0.11111011718072038
30415,0.1,-0.11110994490046883,1.2112086196258158e-9,3.480242261144784e-5,4.8755235306850634e-5,0.11110994490046883,-0.11111011941413615
30416,0.1,-0.11110987504803842,1.56175725326693e-9,3.951907454972763e-5,4.832656290441763e-5,0.11110987504803842,-0.11111012156625773
30417,0.25,-0.11110980812180898,1.941117133206366e-9,4.40581108674256e-5,4.78571823134735e-5,0.11110980812180898,-0.11111012328339438
30418,0.625,-0.11110974914037214,2.3156168491504257e-9,4.812085669593202e-5,4.6701681029464754e-5,0.11110974914037214,-0.11111012376769502
30419,1.5625,-0.11110971130088367,2.5918965179006577e-9,5.091067194509082e-5,4.369335931767626e-5,0.11110971130088367,-0.11111012098195332
30420,3.90625,-0.11110972667091576,2.540390185793712e-9,5.0402283537491754e-5,3.590064804679447e-5,0.11110972667091576,-0.11111011095176024
30421,9.765625,-0.11110985813723691,1.7673102109211503e-9,4.20393888028971e-5,1.7234822454789262e-5,0.11110985813723691,-0.11111009246863843
30422,24.4140625,-0.11111015621023661,3.66655622045574e-10,1.9148253759692398e-5,2.5535408666548933e-5,0.11111015621023661,-0.11111008934073675
30423,9.765625,-0.11111028229825888,7.719306184164138e-11,8.785958219889359e-6,7.028296004423555e-5,0.11111028229825888,-0.1111100961333603
30424,3.90625,-0.11111039494197318,9.522410553113708e-12,3.0858403317595205e-6,7.799185751512102e-5,0.11111039494197318,-0.11111010269874354
30425,1.5625,-0.11111050049605052,7.205784941998696e-11,8.488689499562753e-6,7.773129221419836e-5,0.11111050049605052,-0.11111010864351328
30426,0.625,-0.1111106036184081,2.4695242292571724e-10,1.571471994423436e-5,7.633899108613219e-5,0.1111106036184081,-0.11111011425990258
30427,0.25,-0.11111070597496848,5.301748052817301e-10,2.302552508156394e-5,7.522968296806588e-5,0.11111070597496848,-0.11111011974633675
30428,0.1,-0.11111080816359024,9.206264495425307e-10,3.034182673377677e-5,7.451737243175788e-5,0.11111080816359024,-0.11111012518959162
30429,0.1,-0.11111091007228414,1.4149504163167942e-9,3.761582667331391e-5,7.407789682905113e-5,0.11111091007228414,-0.11111013050673509
30430,0.1,-0.11111101160800313,2.00984607368691e-9,4.483130684785923e-5,7.357168900061573e-5,0.11111101160800313,-0.11111013567857939
30431,0.1,-0.11111111267640339,2.701665851017115e-9,5.197755141421261e-5,7.299923479350453e-5,0.11111111267640339,-0.11111014068660735
30432,0.1,-0.11111121318201078,3.4864305883490293e-9,5.904600399983922e-5,7.236112541374187e-5,0.11111121318201078,-0.11111014551304525
30433,0.25,-0.11111131112753952,4.3362773343339385e-9,6.58504163565724e-5,7.166160496565632e-5,0.11111131112753952,-0.11111014936731042
30434,0.625,-0.11111140152209087,5.176224303923943e-9,7.194598184696588e-5,6.99348854908888e-5,0.11111140152209087,-0.11111015046391441
30435,1.5625,-0.11111147071933546,5.7981910932652e-9,7.614585407798116e-5,6.543254485447055e-5,0.11111147071933546,-0.11111014423927473
30436,3.90625,-0.11111148306871617,5.689814171271488e-9,7.543085689074127e-5,5.374954626964443e-5,0.11111148306871617,-0.11111012176717591
30437,9.765625,-0.11111135514410048,3.968863884906859e-9,6.299891971222093e-5,2.5551365534700954e-5,0.11111135514410048,-0.11111008021062983
30438,24.4140625,-0.11111094636097271,8.311042329531886e-10,2.8828878454653568e-5,3.7511864112134176e-5,0.11111094636097271,-0.11111007279986145
30439,9.765625,-0.11111071678486971,1.7631514332728496e-10,1.327837126033479e-5,0.0001051110504241054,0.11111071678486971,-0.11111008799879317
30440,3.90625,-0.11111052852953947,2.0055343475440778e-11,4.478319269038417e-6,0.00011682959979396023,0.11111052852953947,-0.11111010275120972
30441,1.5625,-0.11111035436872277,1.5652519736947667e-10,1.2511003052092852e-5,0.0001165087531593643,0.11111035436872277,-0.11111011612104088
30442,0.625,-0.11111018519763363,5.455049461451844e-10,2.3356047314243572e-5,0.00011445178778666124,0.11111018519763363,-0.11111012875369107
30443,0.25,-0.11111001799745432,1.177889858460453e-9,3.432040003351437e-5,0.00011280235025960376,0.11111001799745432,-0.11111014109324957
30444,0.1,-0.11110985172205878,2.051201830070353e-9,4.5290195738927354e-5,0.00011174108566203642,0.11110985172205878,-0.11111015333494763
30445,0.1,-0.11110968657067666,3.157974089108146e-9,5.619585473242796e-5,0.00011108592262930715,0.11110968657067666,-0.11111016529442565
30446,0.1,-0.11110952267597858,4.490843518398874e-9,6.701375618780725e-5,0.00011033074817059004,0.11110952267597858,-0.11111017692853789
30447,0.1,-0.1111093601680105,6.0416692977956944e-9,7.772817570093675e-5,0.00010947627445501703,0.1111093601680105,-0.11111018819563537
30448,0.1,-0.11110919917414018,7.801566981208061e-9,8.832647950194812e-5,0.00010852336993463284,0.11110919917414018,-0.1111101990557265
30449,0.25,-0.11110904288116923,9.708388082826655e-9,9.853115285444829e-5,0.00010747828843800532,0.11110904288116923,-0.1111102077380648
30450,0.625,-0.11110889908492746,1.1594761483906533e-8,0.00010767897419601719,0.00010489608459562501,0.11110889908492746,-0.11111021023978836
30451,1.5625,-0.11110878887146039,1.2995934414841223e-8,0.00011399971234543193,9.815851307953032e-5,0.11110878887146039,-0.1111101963212712
30452,3.90625,-0.1111087671262779,1.276629376386761e-8,0.0001129880248693091,8.065937089758543e-5,0.1111087671262779,-0.11111014590879649
30453,9.765625,-0.11110896453678998,8.92695057142567e-9,9.448254109318647e-5,3.825466369154803e-5,0.11110896453678998,-0.11111005237130023
30454,24.4140625,-0.11110969812501278,1.3158963473294291e-10,1.1471252535488132e-5,5.435435978028498e-5,0.11110969812501278,-0.11111010603713038
30455,9.765625,-0.11111088272233037,1.3768185702161525e-10,1.1733791246720526e-5,3.105720020244207e-5,0.11111088272233037,-0.11111010520504143
30456,3.90625,-0.11111132436274362,1.5810340305810058e-10,1.2573917570037613e-5,2.0760899279519257e-5,0.11111132436274362,-0.11111010486439386
30457,1.5625,-0.11111167986087005,1.8380177100820816e-10,1.3557351179644501e-5,1.6295318966338723e-5,0.11111167986087005,-0.11111010479113849
30458,3.90625,-0.11111176188806594,1.8337141015743127e-10,1.3541470014641368e-5,1.4294293226679034e-5,0.11111176188806594,-0.1111101041499458
30459,9.765625,-0.1111112029255012,1.2152174635932253e-10,1.1023690233280438e-5,9.865362638159506e-6,0.1111112029255012,-0.11111010289085756
30460,24.4140625,-0.11111020043339481,2.3116527946974623e-11,4.807965052594977e-6,9.136203160482663e-6,0.11111020043339481,-0.11111010272488421
30461,9.765625,-0.11111068257954775,4.829719767193196e-12,2.197662341487699e-6,1.9001335305942496e-5,0.11111068257954775,-0.11111010321885355
30462,3.90625,-0.11111084991526994,2.116455928374149e-12,1.4548044295966895e-6,2.0393515906544623e-5,0.11111084991526994,-0.11111010365683456
30463,1.5625,-0.11111098009131543,7.750347134344661e-12,2.783944527885687e-6,2.0073038596401485e-5,0.11111098009131543,-0.111110104048098
30464,0.625,-0.11111110086968227,2.0574052515122357e-11,4.535862929490083e-6,1.9590559460008767e-5,0.11111110086968227,-0.1111101044161349
30465,0.25,-0.11111121884965833,4.0308014592647513e-11,6.348859314290049e-6,1.9230243861732518e-5,0.11111121884965833,-0.11111010477442049
30466,0.1,-0.1111113359785945,6.684881107300333e-11,8.176112222383161e-6,1.8992639143663678e-5,0.1111113359785945,-0.11111010512854261
30467,0.1,-0.11111144928907668,9.988434331294863e-11,9.994215492621151e-6,1.8835635025598527e-5,0.11111144928907668,-0.11111010547253188
30468,0.1,-0.11111155839636007,1.391391944750256e-10,1.1795727806075621e-5,1.8667000694680356e-5,0.11111155839636007,-0.11111010580543061
30469,0.1,-0.11111166293266873,1.8432038736867128e-10,1.3576464464972878e-5,1.848630514924721e-5,0.11111166293266873,-0.1111101061263051
30470,0.1,-0.11111176254832633,2.3511832888501116e-10,1.5333568693719385e-5,1.8293245647177806e-5,0.11111176254832633,-0.1111101064342536
30471,0.25,-0.11111184332013826,2.8939608830757493e-10,1.7011645667235576e-5,1.80893467114687e-5,0.11111184332013826,-0.11111010667709408
30472,0.625,-0.11111187428534004,3.4159312069162246e-10,1.8482237978438175e-5,1.763126601292122e-5,0.11111187428534004,-0.11111010673928087
30473,1.5625,-0.1111117795190349,3.768257464406098e-10,1.941200006286343e-5,1.6492583433252144e-5,0.1111117795190349,-0.11111010633201099
30474,3.90625,-0.11111140193936296,3.6091912942717286e-10,1.899787170783014e-5,1.3663308759866093e-5,0.11111140193936296,-0.11111010491966467
30475,9.765625,-0.11111058692394875,2.4384789761439125e-10,1.5615629914108212e-5,7.688361029522967e-6,0.11111058692394875,-0.11111010241990474
30476,24.4140625,-0.11111003608028222,5.040930244372988e-11,7.099950876149065e-6,1.1093913938587928e-5,0.11111003608028222,-0.11111010206860908
30477,9.765625,-0.11111035767387184,1.0525899669215242e-11,3.2443642935427645e-6,2.6473447673083322e-5,0.11111035767387184,-0.11111010302689044
30478,3.90625,-0.11111048353675969,1.925346505182358e-12,1.3875685587322733e-6,2.9169843334379287e-5,0.11111048353675969,-0.11111010394086293
30479,1.5625,-0.1111105826001984,1.1234071171573372e-11,3.3517265955882157e-6,2.899580753749817e-5,0.1111105826001984,-0.11111010476628153
30480,0.625,-0.11111067437767468,3.595061905948703e-11,5.9958835094994156e-6,2.843617464326267e-5,0.11111067437767468,-0.11111010554526514
30481,0.25,-0.11111076384055801,7.549154097627565e-11,8.688586822739107e-6,2.799543920400832e-5,0.11111076384055801,-0.1111101063053941
30482,0.1,-0.11111085254657806,1.2967661864710307e-10,1.138756421044918e-5,2.7707966623670454e-5,0.11111085254657806,-0.111110107058591
30483,0.1,-0.1111109396656279,1.9800002301771222e-10,1.4071248097369054e-5,2.7524773104473844e-5,0.1111109396656279,-0.11111010779320482
30484,0.1,-0.11111102496877562,2.799718876205828e-10,1.673236049159182e-5,2.7318660194971867e-5,0.11111102496877562,-0.11111010850674133
30485,0.1,-0.11111110823368996,3.750573007814011e-10,1.936639617433768e-5,2.7089649651874323e-5,0.11111110823368996,-0.11111010919679092
30486,0.1,-0.11111118924530039,4.826782954199094e-10,2.1969940724087298e-5,2.6837833320030158e-5,0.11111118924530039,-0.11111010986104168
30487,0.25,-0.1111112616704821,5.988905184970205e-10,2.4472239752360643e-5,2.656496513949669e-5,0.1111112616704821,-0.1111101103905961
30488,0.625,-0.11111131078793338,7.131517478012908e-10,2.670490119437424e-5,2.5915458058634153e-5,0.11111131078793338,-0.11111011054056319
30489,1.5625,-0.1111112994322839,7.963740701102524e-10,2.8220100462440817e-5,2.42504230334651e-5,0.1111112994322839,-0.11111010968771007
30490,3.90625,-0.111111146575629,7.776426467811828e-10,2.788624475940034e-5,1.998451056825818e-5,0.111111146575629,-0.11111010662607698
30491,9.765625,-0.11111075065202458,5.377388278767608e-10,2.3189196361167e-5,1.0103890431991385e-5,0.11111075065202458,-0.11111010102751993
30492,24.4140625,-0.11111035858435958,1.104050879802383e-10,1.0507382546583059e-5,1.4924326996159818e-5,0.11111035858435958,-0.11111010016187658
30493,9.765625,-0.11111044583559104,2.2893928234044774e-11,4.7847599975385156e-6,3.904265515328887e-5,0.11111044583559104,-0.1111101022549571
30494,3.90625,-0.11111045096659676,3.096898098435007e-12,1.7598005848490354e-6,4.318880539588427e-5,0.11111045096659676,-0.11111010426455616
30495,1.5625,-0.11111044778020876,2.291849526579136e-11,4.787326525921473e-6,4.299881012482362e-5,0.11111044778020876,-0.11111010608176468
30496,0.625,-0.11111044266691006,7.691382030968687e-11,8.77005246903842e-6,4.220764647117766e-5,0.11111044266691006,-0.1111101077980066
30497,0.25,-0.1111104370186536,1.638394948612571e-10,1.2799980268002646e-5,4.158175214785186e-5,0.1111104370186536,-0.11111010947414995
30498,0.1,-0.11111043123564736,2.833407466682358e-10,1.6832728438023226e-5,4.117853748173576e-5,0.11111043123564736,-0.11111011113662557
30499,0.1,-0.11111042496113771,4.343636800016762e-10,2.084139342754405e-5,4.0927453015641895e-5,0.11111042496113771,-0.11111011275989136
30500,0.1,-0.11111041813238959,6.15877296710828e-10,2.4816875240666944e-5,4.064019158232277e-5,0.11111041813238959,-0.11111011433818248
30501,0.1,-0.11111041068983595,8.267469831936689e-10,2.8753208224364614e-5,4.031698868686621e-5,0.11111041068983595,-0.11111011586593811
30502,0.1,-0.11111040257733056,1.0657391716493296e-9,3.2645660839525513e-5,3.9958146559339927e-5,0.11111040257733056,-0.11111011733782312
30503,0.25,-0.1111103917821887,1.3243010322523445e-9,3.639094711947388e-5,3.95661462828006e-5,0.1111103917821887,-0.11111011851261876
30504,0.625,-0.11111037380746401,1.5794715261280779e-9,3.974256567118029e-5,3.860928477000794e-5,0.11111037380746401,-0.11111011884637985
30505,1.5625,-0.11111033786291469,1.7676259000571246e-9,4.204314331799092e-5,3.612728897721345e-5,0.11111033786291469,-0.11111011695040773
30506,3.90625,-0.11111026368635966,1.7323848505974755e-9,4.162192752140962e-5,2.9710837404951017e-5,0.11111026368635966,-0.11111011011549811
30507,9.765625,-0.11111014745795036,1.2055752829441955e-9,3.472139517565784e-5,1.4413864872019209e-5,0.11111014745795036,-0.11111009751423165
30508,24.4140625,-0.11111018820356296,2.5057564563866715e-10,1.582958134754887e-5,2.1222883656367667e-5,0.11111018820356296,-0.11111009537151373
30509,9.765625,-0.11111035818555919,5.2658184057757525e-11,7.256595900128209e-6,5.813305445319498e-5,0.11111035818555919,-0.11111010001822529
30510,3.90625,-0.11111046517820597,6.217849759260794e-12,2.4935616614114025e-6,6.450989749463495e-5,0.11111046517820597,-0.11111010451161572
30511,1.5625,-0.11111056006145499,4.869848762257923e-11,6.978430168926191e-6,6.429857615316387e-5,0.11111056006145499,-0.11111010858089344
30512,0.625,-0.11111065134330343,1.678949435410368e-10,1.2957428122163627e-5,6.314916132244703e-5,0.11111065134330343,-0.11111011242535385
30513,0.25,-0.1111107414927205,3.610409321667184e-10,1.9001077131750148e-5,6.223193385270295e-5,0.1111107414927205,-0.11111011618055636
30514,0.1,-0.11111083132865869,6.27375906005305e-10,2.504747304630359e-5,6.164194478801134e-5,0.11111083132865869,-0.11111011990584685
30515,0.1,-0.11111092048150173,9.646056403082014e-10,3.1058101041567264e-5,6.127707521159685e-5,0.11111092048150173,-0.11111012354478003
30516,0.1,-0.11111100882371515,1.370472739322872e-9,3.7019896533119484e-5,6.085733606722578e-5,0.11111100882371515,-0.1111101270842893
30517,0.1,-0.11111109622890725,1.8424839133043943e-9,4.292416467800386e-5,6.0383106228480596e-5,0.11111109622890725,-0.1111101305117635
30518,0.1,-0.11111118257212811,2.3779203712457255e-9,4.876392489582566e-5,5.985485564338182e-5,0.11111118257212811,-0.11111013381509603
30519,0.25,-0.11111126459112503,2.9577954890524913e-9,5.4385618402777135e-5,5.927609677150227e-5,0.11111126459112503,-0.11111013645501974
30520,0.625,-0.1111113345149899,3.5310182513102106e-9,5.9422371639898476e-5,5.785029122192032e-5,0.1111113345149899,-0.1111101372134308
30521,1.5625,-0.11111137207015359,3.955803103875143e-9,6.289517552145906e-5,5.4135679057120405e-5,0.11111137207015359,-0.11111013297631632
30522,3.90625,-0.11111132918068377,3.88296546640001e-9,6.231344530998113e-5,4.450186810485266e-5,0.11111132918068377,-0.11111011764882898
30523,9.765625,-0.11111111970486924,2.7107924423737127e-9,5.206527098146818e-5,2.1293730332553498e-5,0.11111111970486924,-0.11111008926897831
30524,24.4140625,-0.11111072354048479,5.69777780359893e-10,2.3870018440711205e-5,3.102954103646036e-5,0.11111072354048479,-0.11111008413012942
30525,9.765625,-0.11111059443203893,1.2131620030427046e-10,1.1014363363548092e-5,8.691135826314615e-5,0.11111059443203893,-0.11111009451569429
30526,3.90625,-0.11111046969971967,1.359350812969201e-11,3.68693750010656e-6,9.663463058728474e-5,0.11111046969971967,-0.11111010461148454
30527,1.5625,-0.11111035212481649,1.0596300873763797e-10,1.0293833529722442e-5,9.638787106997472e-5,0.11111035212481649,-0.11111011376537648
30528,0.625,-0.11111023736057857,3.709099360880499e-10,1.9259022199687343e-5,9.469619063444317e-5,0.11111023736057857,-0.11111012241567607
30529,0.25,-0.11111012376252252,8.021978814878787e-10,2.832309802065937e-5,9.333664949339575e-5,0.11111012376252252,-0.11111013086538092
30530,0.1,-0.11111001073891526,1.3981269282774268e-9,3.7391535516443115e-5,9.246108525468151e-5,0.11111001073891526,-0.11111013924792514
30531,0.1,-0.11110989836042624,2.153608899701289e-9,4.640699192687767e-5,9.192018214765045e-5,0.11110989836042624,-0.11111014743772772
30532,0.1,-0.11110978670158796,3.0636204440527608e-9,5.5349981427754435e-5,9.129667310266485e-5,0.11110978670158796,-0.11111015540529688
30533,0.1,-0.11110967583610905,4.1226071751024e-9,6.420753207453468e-5,9.059114824635933e-5,0.11110967583610905,-0.11111016312216308
30534,0.1,-0.11110956583690342,5.324506914172561e-9,7.296921894999672e-5,8.980432682208846e-5,0.11110956583690342,-0.11111017056098735
30535,0.25,-0.11110945840958344,6.626959464241102e-9,8.14061389837468e-5,8.894137684373763e-5,0.11110945840958344,-0.1111101765129105
30536,0.625,-0.11110935781855723,7.915864288483693e-9,8.897114300987536e-5,8.680973169342159e-5,0.11110935781855723,-0.1111101782444452
30537,1.5625,-0.11110927594732457,8.874326016004789e-9,9.42036412035373e-5,8.124825154232746e-5,0.11110927594732457,-0.11111016876100765
30538,3.90625,-0.11110924579158134,8.720870300437305e-9,9.338560007001778e-5,6.680440044878736e-5,0.11110924579158134,-0.11111013433872649
30539,9.765625,-0.11110935773624357,6.103865920330875e-9,7.812724185795167e-5,3.18205088541945e-5,0.11110935773624357,-0.11111007037918343
30540,24.4140625,-0.11111005912690063,8.839113887952247e-11,9.40165617747865e-6,4.485301487976447e-5,0.11111005912690063,-0.11111010703293017
30541,9.765625,-0.11111074691083873,9.348622760074944e-11,9.668827622868732e-6,2.5201274915850875e-5,0.11111074691083873,-0.11111010642788939
30542,3.90625,-0.11111099440268284,1.0633202819929598e-10,1.0311742248490115e-5,1.6795744422076124e-5,0.11111099440268284,-0.11111010619325332
30543,1.5625,-0.11111119385853638,1.2243769214057475e-10,1.1065156670403486e-5,1.326368231457197e-5,0.11111119385853638,-0.11111010614502309
30544,3.90625,-0.11111123376542995,1.2187651991319368e-10,1.1039769921207312e-5,1.1715347361492469e-5,0.11111123376542995,-0.11111010572511382
30545,9.765625,-0.11111090436148649,8.213118687533111e-11,9.062625826730965e-6,8.37110115167313e-6,0.11111090436148649,-0.11111010488774112
30546,24.4140625,-0.11111033447158224,1.5675383007730935e-11,3.95921494841224e-6,7.951392231613437e-6,0.11111033447158224,-0.11111010478220616
30547,9.765625,-0.11111059560079208,3.3865806215663113e-12,1.8402664539588584e-6,1.571461952204419e-5,0.11111059560079208,-0.11111010511425046
30548,3.90625,-0.11111067820131226,1.2299318791272218e-12,1.1090229389544753e-6,1.6939252496072887e-5,0.11111067820131226,-0.11111010541805004
30549,1.5625,-0.11111074074655271,4.694740931058358e-12,2.1667350855742282e-6,1.672574723892358e-5,0.11111074074655271,-0.11111010569138928
30550,0.625,-0.111110798312282,1.2988011656997241e-11,3.603888407955668e-6,1.6353803678042946e-5,0.111110798312282,-0.11111010594904783
30551,0.25,-0.11111085441431706,2.5912982360995103e-11,5.090479580648085e-6,1.606941422443099e-5,0.11111085441431706,-0.1111101061999608
30552,0.1,-0.11111091007792047,4.339627555403026e-11,6.587584956114817e-6,1.5879634996561658e-5,0.11111091007792047,-0.11111010644791805
30553,0.1,-0.11111096362827581,6.524399875848055e-11,8.077375734635634e-6,1.5753095596957918e-5,0.11111096362827581,-0.11111010668908707
30554,0.1,-0.11111101485801411,9.127941158688284e-11,9.554025936058728e-6,1.5617375902438926e-5,0.11111101485801411,-0.1111101069228275
30555,0.1,-0.11111106356943294,1.213143086898961e-10,1.1014277492867887e-5,1.5472103781348797e-5,0.11111106356943294,-0.11111010714851237
30556,0.1,-0.11111110957512371,1.551495118721866e-10,1.2455902691984496e-5,1.5317011820331154e-5,0.11111110957512371,-0.11111010736553383
30557,0.25,-0.11111114520925597,1.9144935474382764e-10,1.3836522494609245e-5,1.5153292526041696e-5,0.11111114520925597,-0.1111101075393153
30558,0.625,-0.11111115349222293,2.267095652297261e-10,1.5056877672005114e-5,1.4787171175610913e-5,0.11111115349222293,-0.11111010759281745
30559,1.5625,-0.11111109297156957,2.5142863778664435e-10,1.5856501435898285e-5,1.3877325773321416e-5,0.11111109297156957,-0.11111010733175762
30560,3.90625,-0.11111087888090651,2.4314022852019885e-10,1.559295445129623e-5,1.160904937822159e-5,0.11111087888090651,-0.11111010638764095
30561,9.765625,-0.11111043411570348,1.6639700409461056e-10,1.2899496272901921e-5,6.789062975032403e-6,0.11111043411570348,-0.11111010467950985
30562,24.4140625,-0.11111017263766566,3.447928222755072e-11,5.8719061834766e-6,9.316433242776415e-6,0.11111017263766566,-0.11111010443064098
30563,9.765625,-0.11111036844859218,7.477522836193815e-12,2.7345059583394248e-6,2.2004403748031578e-5,0.11111036844859218,-0.11111010508655891
30564,3.90625,-0.11111045259778922,1.5029369070896052e-12,1.2259432723782962e-6,2.423182584627313e-5,0.11111045259778922,-0.11111010571624806
30565,1.5625,-0.11111052099103841,7.714976162901848e-12,2.777584591493452e-6,2.4100037583415082e-5,0.11111052099103841,-0.11111010628666884
30566,0.625,-0.11111058503431309,2.4417812920445183e-11,4.94143834530445e-6,2.3646847873128078e-5,0.11111058503431309,-0.11111010682575649
30567,0.25,-0.11111064768558006,5.121423605353491e-11,7.156412233342551e-6,2.328849089887475e-5,0.11111064768558006,-0.11111010735208668
30568,0.1,-0.11111070988009625,8.798156142397876e-11,9.379848688757125e-6,2.305450150070579e-5,0.11111070988009625,-0.11111010787372491
30569,0.1,-0.11111077114620137,1.3437953761466852e-10,1.1592218839146737e-5,2.2905366795852255e-5,0.11111077114620137,-0.11111010838276128
30570,0.1,-0.11111083134670909,1.9007783592073614e-10,1.3786871868583392e-5,2.2737419240534506e-5,0.11111083134670909,-0.11111010887749051
30571,0.1,-0.11111089034806843,2.547155648900369e-10,1.5959810929019082e-5,2.2550688481144128e-5,0.11111089034806843,-0.11111010935626765
30572,0.1,-0.11111094802073584,3.279025960789532e-10,1.8108080960691368e-5,2.23452606345341e-5,0.11111094802073584,-0.11111010981751226
30573,0.25,-0.11111100062852514,4.0698112837836974e-10,2.0173773280632698e-5,2.2122568617947838e-5,0.11111100062852514,-0.11111011018720138
30574,0.625,-0.11111103945006438,4.848404899999219e-10,2.2019093759733207e-5,2.1592186257267082e-5,0.11111103945006438,-0.11111011029873576
30575,1.5625,-0.11111104235624875,5.418288938893373e-10,2.3277218345183284e-5,2.023254034278005e-5,0.11111104235624875,-0.11111010972759151
30576,3.90625,-0.1111109604577207,5.29857381527178e-10,2.3018631182743643e-5,1.6753274549277427e-5,0.1111109604577207,-0.11111010764953778
30577,9.765625,-0.11111072814688969,3.67336510603644e-10,1.9166024903553787e-5,8.777672574258698e-6,0.11111072814688969,-0.11111010382960002
30578,24.4140625,-0.11111046578515,7.581093048281399e-11,8.706947253935446e-6,1.2535654126878968e-5,0.11111046578515,-0.11111010322572465
30579,9.765625,-0.11111048615271939,1.5908908309380826e-11,3.988597285936602e-6,3.236414855914153e-5,0.11111048615271939,-0.11111010465935856
30580,3.90625,-0.11111046569049617,2.2040934861573616e-12,1.484618970024754e-6,3.580255902344253e-5,0.11111046569049617,-0.1111101060399422
30581,1.5625,-0.11111044235860686,1.5572969488075335e-11,3.946260190113588e-6,3.565699180537203e-5,0.11111044235860686,-0.11111010729004568
30582,0.625,-0.11111041855441525,5.229517308633778e-11,7.231540160044593e-6,3.5010460426109835e-5,0.11111041855441525,-0.11111010847140493
30583,0.25,-0.11111039466640434,1.1152153709899406e-10,1.0560375802924538e-5,3.449770525201539e-5,0.11111039466640434,-0.11111010962544028
30584,0.1,-0.11111037078242479,1.9301132925271955e-10,1.3892851732193773e-5,3.416739004842248e-5,0.11111037078242479,-0.111110110770186
30585,0.1,-0.11111034672312008,2.960504080610998e-10,1.7206115426240164e-5,3.3961953325170937e-5,0.11111034672312008,-0.11111011188824726
30586,0.1,-0.11111032247184562,4.1993887703497644e-10,2.0492410230008972e-5,3.37266857153982e-5,0.11111032247184562,-0.11111011297567826
30587,0.1,-0.11111029801363671,5.639059446467734e-10,2.3746703869100936e-5,3.34617838242346e-5,0.11111029801363671,-0.111110114028672
30588,0.1,-0.11111027333532753,7.271130831019876e-10,2.6965034453936595e-5,3.316749949910546e-5,0.11111027333532753,-0.11111011504357464
30589,0.25,-0.11111024772153391,9.03741063108236e-10,3.006228639189368e-5,3.2845848530186756e-5,0.11111024772153391,-0.11111011585573574
30590,0.625,-0.11111021967296267,1.0781572140960072e-9,3.28353043856153e-5,3.205930604921617e-5,0.11111021967296267,-0.1111101160936906
30591,1.5625,-0.111110185909655,1.2070201011521196e-9,3.47421948234725e-5,3.0017858049927996e-5,0.111110185909655,-0.11111011480859127
30592,3.90625,-0.11111014222115996,1.183705421640784e-9,3.4405020297055256e-5,2.474266934059322e-5,0.11111014222115996,-0.11111011014672945
30593,9.765625,-0.11111010284996786,8.249268748637749e-10,2.872154025925098e-5,1.2235076417185822e-5,0.11111010284996786,-0.11111010152857324
30594,24.4140625,-0.11111020495913876,1.723782735624573e-10,1.3129290672479504e-5,1.7662660297934708e-5,0.11111020495913876,-0.11111010002985103
30595,9.765625,-0.11111033987725465,3.649228056749311e-11,6.0408840882351905e-6,4.814687986009569e-5,0.11111033987725465,-0.11111010321231515
30596,3.90625,-0.11111043294102783,4.2826685844087065e-12,2.069460940537102e-6,5.3450498150944856e-5,0.11111043294102783,-0.11111010629753437
30597,1.5625,-0.11111051689160897,3.295621090947769e-11,5.740750030220589e-6,5.329323111495635e-5,0.11111051689160897,-0.11111010909423576
30598,0.625,-0.11111059803402942,1.1415311472138356e-10,1.0684246099813667e-5,5.235235475817911e-5,0.11111059803402942,-0.1111101117374483
30599,0.25,-0.11111067827213804,2.4597978057713086e-10,1.5683742556454146e-5,5.15995085778035e-5,0.11111067827213804,-0.11111011431968397
30600,0.1,-0.11111075824780699,4.279187384260855e-10,2.0686196809130612e-5,5.1115324851773574e-5,0.11111075824780699,-0.11111011688154956
30601,0.1,-0.11111083771898407,6.584111693119732e-10,2.565952394944172e-5,5.081634796135124e-5,0.11111083771898407,-0.11111011938456646
30602,0.1,-0.11111091658786697,9.359207508090983e-10,3.0592821883721326e-5,5.0472003491631044e-5,0.11111091658786697,-0.11111012181977449
30603,0.1,-0.1111109947572661,1.2587495457445808e-9,3.54788605474384e-5,5.008260812191659e-5,0.1111109947572661,-0.11111012417852405
30604,0.1,-0.11111107213080491,1.6250450797935385e-9,4.0311847883637616e-5,4.9648553525166576e-5,0.11111107213080491,-0.11111012645250841
30605,0.25,-0.11111114629158453,2.021859079666406e-9,4.496508734191902e-5,4.917270378047341e-5,0.11111114629158453,-0.11111012827301579
30606,0.625,-0.11111121142882302,2.414329985422482e-9,4.9135831990742586e-5,4.799796224963934e-5,0.11111121142882302,-0.11111012880679054
30607,1.5625,-0.1111112522325981,2.7056723370284735e-9,5.201607767823784e-5,4.49348861476128e-5,0.1111112522325981,-0.1111101259226741
30608,3.90625,-0.11111123155822614,2.6573705019036934e-9,5.1549689639256736e-5,3.6990386060049383e-5,0.11111123155822614,-0.11111011544426042
30609,9.765625,-0.11111107768215607,1.8576666052450464e-9,4.310065666837393e-5,1.7896673246508245e-5,0.11111107768215607,-0.11111009599856503
30610,24.4140625,-0.11111074166749425,3.9254295015365116e-10,1.981269669059846e-5,2.569584913779364e-5,0.11111074166749425,-0.11111009239479891
30611,9.765625,-0.11111060852370669,8.418160012906202e-11,9.175053140394448e-6,7.196909726707423e-5,0.11111060852370669,-0.11111009950847721
30612,3.90625,-0.11111048837718539,9.390832000228223e-12,3.064446442708409e-6,8.006558885633671e-5,0.11111048837718539,-0.11111010644073847
30613,1.5625,-0.11111037589724743,7.179110115120257e-11,8.472962949948653e-6,7.988654089526208e-5,0.11111037589724743,-0.11111011273130313
30614,0.625,-0.11111026625451323,2.5250667781497045e-10,1.589045870373069e-5,7.849926465883323e-5,0.11111026625451323,-0.11111011867747542
30615,0.25,-0.11111015772652941,5.472608425811191e-10,2.3393606874125227e-5,7.738109107739828e-5,0.11111015772652941,-0.11111012448631442
30616,0.1,-0.11111004970212024,9.548939079032266e-10,3.090135770323412e-5,7.666080733682282e-5,0.11111004970212024,-0.11111013024924285
30617,0.1,-0.11110994227417027,1.4719418031116904e-9,3.836589374837618e-5,7.621625505651796e-5,0.11110994227417027,-0.11111013588054554
30618,0.1,-0.11110983552252031,2.094979152994977e-9,4.577094223407441e-5,7.570330839379012e-5,0.11110983552252031,-0.11111014135997571
30619,0.1,-0.11110972952625908,2.8202162006180173e-9,5.310570779697807e-5,7.512245788399838e-5,0.11110972952625908,-0.11111014666798473
30620,0.1,-0.11110962436369322,3.6435146663319452e-9,6.036153300183773e-5,7.447430045792624e-5,0.11110962436369322,-0.11111015178579702
30621,0.25,-0.1111095218680998,4.535938657577687e-9,6.73493775589477e-5,7.376306230723815e-5,0.1111095218680998,-0.11111015588580249
30622,0.625,-0.1111094265884469,5.419507748767815e-9,7.361730604122793e-5,7.200342087007186e-5,0.1111094265884469,-0.11111015709573964
30623,1.5625,-0.11110935103131749,6.0775661891635855e-9,7.795874671365353e-5,6.740942513403059e-5,0.11110935103131749,-0.11111015062276715
30624,3.90625,-0.11110932883393657,5.975534618074234e-9,7.730158224819356e-5,5.547583856173223e-5,0.11110932883393657,-0.11111012705253885
30625,9.765625,-0.11110944593889832,4.187364908697669e-9,6.470985171283944e-5,2.6594621062478717e-5,0.11110944593889832,-0.11111008317331825
30626,24.4140625,-0.11110988452190029,8.92302553897609e-10,2.987143374358869e-5,3.786050636639582e-5,0.11110988452190029,-0.11111007467940838
30627,9.765625,-0.11111015200167011,1.9264282738830112e-10,1.3879583112914491e-5,0.00010785379681257641,0.11111015200167011,-0.11111009066095928
30628,3.90625,-0.11111036563989052,1.994112726050887e-11,4.465548931599437e-6,0.000120166374616865,0.11111036563989052,-0.11111010629523586
30629,1.5625,-0.11111056295616858,1.5684597815375499e-10,1.2523816437242882e-5,0.00011996313582180805,0.11111056295616858,-0.11111012049387957
30630,0.625,-0.11111075503752252,5.606884102373595e-10,2.3678859986016206e-5,0.00011790832796124752,0.11111075503752252,-0.11111013391664154
30631,0.25,-0.11111094553129171,1.2217947124573829e-9,3.495418018574292e-5,0.0001162421891572942,0.11111094553129171,-0.11111014702884099
30632,0.1,-0.11111113571092819,2.1375559041041957e-9,4.623370960786292e-5,0.00011516722171381586,0.11111113571092819,-0.11111016003691446
30633,0.1,-0.11111132521740658,3.3002430732833197e-9,5.744774210779149e-5,0.00011450369549431637,0.11111132521740658,-0.11111017274936218
30634,0.1,-0.11111151384944006,4.702190793045252e-9,6.857252214294915e-5,0.0001137373555189538,0.11111151384944006,-0.11111018512045133
30635,0.1,-0.11111170140415057,6.334910889405854e-9,7.95921534411895e-5,0.00011286891987588588,0.11111170140415057,-0.11111019710600949
30636,0.1,-0.11111188767749731,8.189127853050566e-9,9.049380008072689e-5,0.00011189926615256892,0.11111188767749731,-0.11111020866359628
30637,0.25,-0.11111206809322732,1.0199984027348477e-8,0.00010099497030718152,0.00011083463202264729,0.11111206809322732,-0.11111021793141447
30638,0.625,-0.11111223141776852,1.2192549657568885e-8,0.000110419878905788,0.00010819726958891267,0.11111223141776852,-0.11111022069400678
30639,1.5625,-0.11111234748642372,1.3680518853073657e-8,0.00011696375016676601,0.00010130640067091989,0.11111234748642372,-0.1111102061522621
30640,3.90625,-0.11111234038362489,1.3462829775303214e-8,0.00011602943495209831,8.339053638578517e-5,0.11111234038362489,-0.1111101530537077
30641,9.765625,-0.11111204847445712,9.453370150513161e-9,9.72284431147242e-5,3.9873850521005054e-5,0.11111204847445712,-0.11111005392782328
30642,24.4140625,-0.11111154072358302,1.3851862387295453e-10,1.1769393521883552e-5,5.502169077582094e-5,0.11111154072358302,-0.11111010995536977
30643,9.765625,-0.11110984891917995,1.4277877216807267e-10,1.1949007162441266e-5,3.237311288993225e-5,0.11110984891917995,-0.11111010919327559
30644,3.90625,-0.11110920568535812,1.6612454589640854e-10,1.2888931138632425e-5,2.1870708184915728e-5,0.11110920568535812,-0.11111010885681612
30645,1.5625,-0.1111086871907757,1.954940194073041e-10,1.3981917586915755e-5,1.7159977489852945e-5,0.1111086871907757,-0.11111010878792892
30646,3.90625,-0.11110855718779364,1.95580262595427e-10,1.3985001344133901e-5,1.5010343777767342e-5,0.11110855718779364,-0.11111010810193978
30647,9.765625,-0.11110934529174754,1.272463777051029e-10,1.1280353616137345e-5,1.0191245428910311e-5,0.11110934529174754,-0.11111010676792932
30648,24.4140625,-0.11111080586886131,2.5003095015515256e-11,5.000309491972998e-6,9.203998519737334e-6,0.11111080586886131,-0.1111101065653864
30649,9.765625,-0.11111012807518875,5.3064502137567664e-12,2.303573357580949e-6,1.97023951921536e-5,0.11111012807518875,-0.1111101071007768
30650,3.90625,-0.11110988506147128,2.8408551717890813e-12,1.6854836610863604e-6,2.1018773767520395e-5,0.11110988506147128,-0.11111010756187226
30651,1.5625,-0.11110969454686682,9.219895760390755e-12,3.036428125345758e-6,2.0635590432729416e-5,0.11110969454686682,-0.11111010797285989
30652,0.625,-0.11110951742830982,2.3249708188979744e-11,4.821795121008331e-6,2.0118604857448042e-5,0.11110951742830982,-0.11111010835960934
30653,0.25,-0.11110934433089013,4.4652392567917716e-11,6.682244575583695e-6,1.974045370803544e-5,0.11110934433089013,-0.11111010873639766
30654,0.1,-0.11110917247506506,7.332755822840234e-11,8.563151185656035e-6,1.9493819724709404e-5,0.11110917247506506,-0.11111010910904302
30655,0.1,-0.11110900598471452,1.089159822384447e-10,1.0436282012213195e-5,1.933225323094961e-5,0.11110900598471452,-0.11111010947091526
30656,0.1,-0.1111088454041279,1.511122106152518e-10,1.2292770664713949e-5,1.9158347387591758e-5,0.1111088454041279,-0.11111010982098686
30657,0.1,-0.11110869125403035,1.995912790395438e-10,1.4127677765278475e-5,1.8971710040958225e-5,0.11110869125403035,-0.11111011015825784
30658,0.1,-0.11110854403001391,2.5401001344254453e-10,1.5937691597045806e-5,1.8772080709913178e-5,0.11110854403001391,-0.11111011048176624
30659,0.25,-0.11110842327037158,3.119155146176618e-10,1.766113004928229e-5,1.8561039102716247e-5,0.11110842327037158,-0.11111011073534467
30660,0.625,-0.11110837249308596,3.669814606661126e-10,1.9156760181881294e-5,1.8084801941809815e-5,0.11110837249308596,-0.11111011079540109
30661,1.5625,-0.11110849861097054,4.025286020527796e-10,2.006311546228002e-5,1.6902843111271663e-5,0.11110849861097054,-0.11111011035606812
30662,3.90625,-0.11110902395171168,3.816173150821625e-10,1.9535027900726494e-5,1.3994739366477336e-5,0.11110902395171168,-0.11111010886378397
30663,9.765625,-0.11111017468508357,2.5526484739141165e-10,1.5977009964051837e-5,8.057669981872626e-6,0.11111017468508357,-0.11111010626246845
30664,24.4140625,-0.11111099774130458,5.426556404456494e-11,7.366516411748836e-6,1.1476425633681588e-5,0.11111099774130458,-0.11111010585783941
30665,9.765625,-0.11111056166902032,1.1398327046850965e-11,3.3761408511569783e-6,2.7045962274933065e-5,0.11111056166902032,-0.11111010685935849
30666,3.90625,-0.1111103936184974,1.9182657430805312e-12,1.3850147086152302e-6,2.9878593538341083e-5,0.1111103936184974,-0.1111101078201926
30667,1.5625,-0.11111026232824353,1.1287702865638461e-11,3.35971767647796e-6,2.97293406215697e-5,0.11111026232824353,-0.11111010868926631
30668,0.625,-0.1111101410619879,3.685246834974699e-11,6.0706233905379924e-6,2.9168825568785436e-5,0.1111101410619879,-0.11111010950970553
30669,0.25,-0.11111002301470033,7.799573966029103e-11,8.83151966879376e-6,2.8723441797624657e-5,0.11111002301470033,-0.11111011031029137
30670,0.1,-0.1111099060559762,1.345293313520493e-10,1.1598678000188181e-5,2.8432265070752804e-5,0.1111099060559762,-0.1111101111035623
30671,0.1,-0.11110979128047112,2.0592830926937628e-10,1.4350202412139568e-5,2.8246701035343044e-5,0.11110979128047112,-0.11111011187746543
30672,0.1,-0.1111096789959064,2.9168234828255704e-10,1.7078710381131155e-5,2.80375655683166e-5,0.1111096789959064,-0.11111011262936966
30673,0.1,-0.11110956950058953,3.9123347714141765e-10,1.9779622775508577e-5,2.7804888909216237e-5,0.11110956950058953,-0.11111011335673295
30674,0.1,-0.11110946308256094,5.039782043652844e-10,2.2449458888028557e-5,2.754877187336105e-5,0.11110946308256094,-0.11111011405711611
30675,0.25,-0.11110936823907572,6.257941620245133e-10,2.5015878198146738e-5,2.7270969370577045e-5,0.11110936823907572,-0.11111011461665439
30676,0.625,-0.1111093047244377,7.456561274885322e-10,2.730670480831644e-5,2.6608284004848495e-5,0.1111093047244377,-0.11111011477899478
30677,1.5625,-0.11110932239868376,8.331556036849386e-10,2.8864434927518303e-5,2.4907763455427875e-5,0.11110932239868376,-0.11111011389133996
30678,3.90625,-0.11110952991273637,8.142777825872402e-10,2.8535552957446613e-5,2.0549014838010106e-5,0.11110952991273637,-0.11111011068817775
30679,9.765625,-0.1111100630886854,5.648895176135319e-10,2.3767404519920383e-5,1.0434361173564799e-5,0.1111100630886854,-0.11111010480391192
30680,24.4140625,-0.11111058633462706,1.1807823821878645e-10,1.0866381100384178e-5,1.5069656415700655e-5,0.11111058633462706,-0.11111010380612624
30681,9.765625,-0.11111045473204785,2.487099372400773e-11,4.98708268670249e-6,3.99653197499018e-5,0.11111045473204785,-0.1111101059980284
30682,3.90625,-0.11111043520174582,3.0511794194786284e-12,1.7467625538345584e-6,4.431494232710686e-5,0.11111043520174582,-0.11111010811765264
30683,1.5625,-0.11111042794151854,2.2963052963258723e-11,4.791977980256036e-6,4.416464324368647e-5,0.11111042794151854,-0.1111101100379586
30684,0.625,-0.1111104237173031,7.885038885936645e-11,8.879774144614628e-6,4.3373750168138125e-5,0.1111104237173031,-0.11111011185236061
30685,0.25,-0.11111042044195248,1.6939667862810997e-10,1.3015247928030797e-5,4.274175255739069e-5,0.11111042044195248,-0.1111101136244279
30686,0.1,-0.1111104175036276,2.9422888482409267e-10,1.715310131795684e-5,4.233349869061603e-5,0.1111104175036276,-0.11111011538200115
30687,0.1,-0.11111041536945805,4.52257522269709e-10,2.12663471774e-5,4.207922066124107e-5,0.11111041536945805,-0.11111011709863862
30688,0.1,-0.11111041412807275,6.424113647227189e-10,2.5345835253996246e-5,4.178781471644909e-5,0.11111041412807275,-0.1111101187682559
30689,0.1,-0.11111041386318597,8.635101264568879e-10,2.9385542813718582e-5,4.145952149270262e-5,0.11111041386318597,-0.11111012038498129
30690,0.1,-0.11111041465329324,1.114269309975684e-9,3.338067270106587e-5,4.109464900405375e-5,0.11111041465329324,-0.11111012194317943
30691,0.25,-0.11111041930897318,1.3857912711001447e-9,3.722621752340875e-5,4.069568441296017e-5,0.11111041930897318,-0.11111012319025383
30692,0.625,-0.11111043414231506,1.654159492757421e-9,4.067135961284576e-5,3.9719745486923e-5,0.11111043414231506,-0.11111012355575169
30693,1.5625,-0.11111047442940475,1.853039149457452e-9,4.304694123230421e-5,3.718527071344881e-5,0.11111047442940475,-0.11111012158133854
30694,3.90625,-0.11111056979153838,1.8191319809494634e-9,4.265128346192484e-5,3.0626404288398536e-5,0.11111056979153838,-0.11111011441156791
30695,9.765625,-0.11111073346725542,1.2710472114280002e-9,3.5651749065480645e-5,1.4941057268825156e-5,0.11111073346725542,-0.11111010111563545
30696,24.4140625,-0.11111072409110348,2.683525038598431e-10,1.6381468305980482e-5,2.144239208275452e-5,0.11111072409110348,-0.11111009867220921
30697,9.765625,-0.11111052769791767,5.7278046717047897e-11,7.5682261275049056e-6,5.962317382830911e-5,0.11111052769791767,-0.11111010355556979
30698,3.90625,-0.11111040866043288,6.1868928522497145e-12,2.4873465484828835e-6,6.630695693622117e-5,0.11111040866043288,-0.11111010831052927
30699,1.5625,-0.11111030405356664,4.903877022948556e-11,7.002768754534563e-6,6.615158416878023e-5,0.11111030405356664,-0.11111011262446716
30700,0.625,-0.11111020383889458,1.728960568292335e-10,1.3148994517803767e-5,6.499923562761805e-5,0.11111020383889458,-0.11111011670179062
30701,0.25,-0.11111010515876497,3.748184699044628e-10,1.9360229076755853e-5,6.407054867659056e-5,0.11111010515876497,-0.11111012068454958
30702,0.1,-0.1111100070775567,6.540004371108383e-10,2.557343225128059e-5,6.347148740092915e-5,0.1111100070775567,-0.11111012463543785
30703,0.1,-0.11110991002252206,1.0080596610857886e-9,3.1749955292658106e-5,6.310079545839806e-5,0.11110991002252206,-0.11111012849579179
30704,0.1,-0.1111098141282812,1.4346407487259714e-9,3.787665176234525e-5,6.267377246067653e-5,0.1111098141282812,-0.11111013225179114
30705,0.1,-0.11110971952632476,1.931139774876644e-9,4.394473546258578e-5,6.219080413541009e-5,0.11110971952632476,-0.11111013589009114
30706,0.1,-0.11110962634477108,2.4947150945831196e-9,4.994712298604515e-5,6.165236830022551e-5,0.11110962634477108,-0.11111013939787465
30707,0.25,-0.11110953820774476,3.1055516426074687e-9,5.572747654979067e-5,6.106199258878534e-5,0.11110953820774476,-0.11111014220857626
30708,0.625,-0.11110946367273274,3.7102666107878526e-9,6.091195786368923e-5,5.960513854267196e-5,0.11110946367273274,-0.11111014304061086
30709,1.5625,-0.1111094249573834,4.16057056789929e-9,6.450248497460613e-5,5.580594214627402e-5,0.1111094249573834,-0.11111013861337676
30710,3.90625,-0.11110947458662716,4.090633360368217e-9,6.395805938557092e-5,4.594394929534269e-5,0.11110947458662716,-0.11111012248307939
30711,9.765625,-0.11110970705080253,2.866860217722922e-9,5.3543068811218895e-5,2.2126487199433823e-5,0.11110970705080253,-0.11111009244860866
30712,24.4140625,-0.11111014849802525,6.114727051347072e-10,2.4727974141338533e-5,3.1430944756050175e-5,0.11111014849802525,-0.11111008662368772
30713,9.765625,-0.11111029112579386,1.3208501511232402e-10,1.1492824505417457e-5,8.929572215197551e-5,0.11111029112579386,-0.11111009757571418
30714,3.90625,-0.11111042790245627,1.3633865611771104e-11,3.692406479759657e-6,9.94874218018966e-5,0.11111042790245627,-0.1111101082923794
30715,1.5625,-0.11111055701282647,1.0723333604464304e-10,1.0355353014004064e-5,9.932124648993112e-5,0.11111055701282647,-0.1111101180260353
30716,0.625,-0.1111106834271831,3.8364435521099955e-10,1.9586841379124902e-5,9.76214436169769e-5,0.1111106834271831,-0.11111012722806356
30717,0.25,-0.11111080903081483,8.362287183214502e-10,2.8917619513394426e-5,9.624236160763615e-5,0.11111080903081483,-0.11111013621707304
30718,0.1,-0.11111093451119004,1.4631883678163319e-9,3.825164529554685e-5,9.535197191977349e-5,0.11111093451119004,-0.11111014513445208
30719,0.1,-0.11111105971241379,2.2592253373483644e-9,4.753130902203688e-5,9.48017965259115e-5,0.11111105971241379,-0.11111015384914089
30720,0.1,-0.11111118452118111,3.2190837933317947e-9,5.6736970251607505e-5,9.416662249325945e-5,0.11111118452118111,-0.11111016232983444
30721,0.1,-0.11111130882186598,4.3369452927372535e-9,6.585548794699841e-5,9.344704881019027e-5,0.11111130882186598,-0.11111017054629796
30722,0.1,-0.11111143249672427,5.606453067851668e-9,7.487625169472406e-5,9.264380633474619e-5,0.11111143249672427,-0.11111017846948429
30723,0.25,-0.11111155310601636,6.983222500587674e-9,8.356567776657874e-5,9.176209507712314e-5,0.11111155310601636,-0.11111018482475642
30724,0.625,-0.11111166453942257,8.347554388008727e-9,9.136495163906523e-5,8.958001791454201e-5,0.11111166453942257,-0.1111101867259977
30725,1.5625,-0.11111174997962922,9.366682623408886e-9,9.678162337659399e-5,8.38811298957201e-5,0.11111174997962922,-0.11111017677902192
30726,3.90625,-0.11111176481491014,9.21864401904019e-9,9.60137699449417e-5,6.906782615864057e-5,0.11111176481491014,-0.1111101404283822
30727,9.765625,-0.11111160085666306,6.475077628911626e-9,8.046786705829617e-5,3.311304164402551e-5,0.11111160085666306,-0.11111007253643
30728,24.4140625,-0.11111101118171401,9.243222140173674e-11,9.614167743582215e-6,4.5547463058584725e-5,0.11111101118171401,-0.11111011097406194
30729,9.765625,-0.11111005063717479,9.716339911615e-11,9.857149644605686e-6,2.5926894221472283e-5,0.11111005063717479,-0.11111011037428838
30730,3.90625,-0.11110969529872813,1.1117931747219368e-10,1.0544160349321024e-5,1.7333948914429504e-5,0.11110969529872813,-0.11111011013324959
30731,1.5625,-0.11110940849769044,1.2869386983275778e-10,1.1344332057585311e-5,1.365872055437852e-5,0.11110940849769044,-0.11111011008331714
30732,3.90625,-0.11110934294440564,1.2821431985285494e-10,1.1323176226344574e-5,1.2032705895787018e-5,0.11110934294440564,-0.1111101096392589
30733,9.765625,-0.11110979508498985,8.57322589032743e-11,9.259171609991592e-6,8.499387950617733e-6,0.11110979508498985,-0.11111010875969723
30734,24.4140625,-0.11111061047096182,1.6761556791803173e-11,4.094088029317784e-6,8.008856431684982e-6,0.11111061047096182,-0.1111101086357988
30735,9.765625,-0.1111102487593034,3.657805745412782e-12,1.9125390833686985e-6,1.6158425006882698e-5,0.1111102487593034,-0.11111010898861776
30736,3.90625,-0.11111012810719795,1.4634201450743724e-12,1.2097190355923034e-6,1.7382386263295804e-5,0.11111012810719795,-0.11111010930745371
30737,1.5625,-0.11111003536055856,5.192553138968482e-12,2.2787174328925652e-6,1.7148511073098666e-5,0.11111003536055856,-0.1111101095941594
30738,0.625,-0.11110994963255258,1.4020461597524643e-11,3.744390684413773e-6,1.676157509258894e-5,0.11110994963255258,-0.11111010986447725
30739,0.25,-0.11110986599186204,2.7745560717135687e-11,5.267405501490813e-6,1.6468122029817927e-5,0.11110986599186204,-0.11111011012779834
30740,0.1,-0.11110978299018215,4.629355636745335e-11,6.8039368285907356e-6,1.6273170960718582e-5,0.11110978299018215,-0.11111011038808537
30741,0.1,-0.11110970290509427,6.945204209782209e-11,8.333789180068217e-6,1.6143671210357495e-5,0.11110970290509427,-0.11111011064122793
30742,0.1,-0.11110962602565085,9.703128490913683e-11,9.850445924380116e-6,1.6004559643018913e-5,0.11110962602565085,-0.11111011088654442
30743,0.1,-0.11110955262777396,1.288291881497798e-10,1.1350294628324843e-5,1.5855477870040224e-5,0.11110955262777396,-0.1111101111233688
30744,0.1,-0.1111094829734033,1.6463190688611137e-10,1.2830896573743839e-5,1.569617383600205e-5,0.1111094829734033,-0.11111011135105628
30745,0.25,-0.11110942762670778,2.0297814450984215e-10,1.4247039850784518e-5,1.552786994753647e-5,0.11110942762670778,-0.11111011153296275
30746,0.625,-0.11110941003862879,2.400528152894267e-10,1.5493637897195954e-5,1.5150500220061835e-5,0.11110941003862879,-0.1111101115876439
30747,1.5625,-0.11110948761250787,2.6559639727674563e-10,1.6297128497890222e-5,1.4212977253873518e-5,0.11110948761250787,-0.11111011131056116
30748,3.90625,-0.11110977859772385,2.557930831504695e-10,1.5993532541326494e-5,1.1884298071669525e-5,0.11110977859772385,-0.1111101103173759
30749,9.765625,-0.1111103962214579,1.7461134665960974e-10,1.3214058674745232e-5,6.9856130601538915e-6,0.1111103962214579,-0.11111010852824557
30750,24.4140625,-0.11111079436178921,3.6873683611310394e-11,6.072370510048806e-6,9.493728400913305e-6,0.11111079436178921,-0.11111010824366961
30751,9.765625,-0.11111053832055653,8.049752185921434e-12,2.8372085199930993e-6,2.2502169751601145e-5,0.11111053832055653,-0.11111010893018086
30752,3.90625,-0.11111043102913348,1.5006563357499293e-12,1.2250127900352427e-6,2.483555465977988e-5,0.11111043102913348,-0.11111010959285075
30753,1.5625,-0.11111034467300844,7.786297120383736e-12,2.7903937213919717e-6,2.4721390079653372e-5,0.11111034467300844,-0.1111101101939254
30754,0.625,-0.11111026410467408,2.5112157340627492e-11,5.011203182931969e-6,2.4265896736226387e-5,0.11111026410467408,-0.11111011076210636
30755,0.25,-0.11111018540895526,5.305812581624665e-11,7.284100892783312e-6,2.3902730844244274e-5,0.11111018540895526,-0.11111011131682236
30756,0.1,-0.11111010735053488,9.149540825431824e-11,9.56532321745158e-6,2.3665027768394776e-5,0.11111010735053488,-0.11111011186657051
30757,0.1,-0.11111003053186382,1.4007069430392132e-10,1.1835146568755342e-5,2.3513447517730403e-5,0.11111003053186382,-0.11111011240314596
30758,0.1,-0.11110995513082567,1.9843963148030264e-10,1.4086860242094498e-5,2.3342522005901728e-5,0.11110995513082567,-0.1111101129247505
30759,0.1,-0.11110988132020866,2.662256250404382e-10,1.6316421943564657e-5,2.315228488474809e-5,0.11110988132020866,-0.11111011342964686
30760,0.1,-0.11110980926723064,3.4302123601069864e-10,1.8520832486977972e-5,2.2942826670327378e-5,0.11110980926723064,-0.11111011391616704
30761,0.25,-0.11110974381636377,4.260520579600209e-10,2.0641028510227414e-5,2.2715589264122525e-5,0.11110974381636377,-0.11111011430677295
30762,0.625,-0.11110969627220205,5.078893263195284e-10,2.2536400030162945e-5,2.2173544325434416e-5,0.11110969627220205,-0.11111011442674705
30763,1.5625,-0.11110969529608913,5.67996080520205e-10,2.383266834662466e-5,2.078273751124244e-5,0.11110969529608913,-0.11111011383047065
30764,3.90625,-0.11110980409275968,5.561088818525073e-10,2.358196094162882e-5,1.722041903252794e-5,0.11110980409275968,-0.11111011165051626
30765,9.765625,-0.11111010671947265,3.868103599791572e-10,1.9667495010274114e-5,9.020291885472987e-6,0.11111010671947265,-0.11111010762483622
30766,24.4140625,-0.11111044132904642,8.100097198993183e-11,9.000053999278661e-6,1.266888598613326e-5,0.11111044132904642,-0.11111010693706837
30767,9.765625,-0.11111040227996098,1.721140657774567e-11,4.148663227805514e-6,3.316721315084888e-5,0.11111040227996098,-0.11111010844225772
30768,3.90625,-0.11111041824854001,2.1832845351225235e-12,1.4775941713212474e-6,3.676646582377375e-5,0.11111041824854001,-0.11111010990055908
30769,1.5625,-0.111110438852833,1.5728097277663022e-11,3.965866522925731e-6,3.6648211230128494e-5,0.111110438852833,-0.11111011122304505
30770,0.625,-0.11111046042541306,5.390770934391057e-11,7.34218695920436e-6,3.59985702227149e-5,0.11111046042541306,-0.11111011247320954
30771,0.25,-0.11111048227923677,1.1582162051135768e-10,1.0762045368393393e-5,3.547883316977747e-5,0.11111048227923677,-0.11111011369446143
30772,0.1,-0.11111050423783693,2.012157841939527e-10,1.4185054959144597e-5,3.5143186561614754e-5,0.11111050423783693,-0.11111011490583778
30773,0.1,-0.11111052652890235,3.0934848490988084e-10,1.7588305345026304e-5,3.493434437874412e-5,0.11111052652890235,-0.111110116089255
30774,0.1,-0.11111054917872522,4.39489558726537e-10,2.0964006266134748e-5,3.469485499422807e-5,0.11111054917872522,-0.11111011724054214
30775,0.1,-0.11111057221095726,5.908340996605213e-10,2.430707920875154e-5,3.4424918955278634e-5,0.11111057221095726,-0.1111101183556733
30776,0.1,-0.11111059564647606,7.625057541632851e-10,2.7613506734264756e-5,3.412479277196907e-5,0.11111059564647606,-0.11111011943078386
30777,0.25,-0.11111062052695786,9.48429788141026e-10,3.079658728075281e-5,3.379650856868758e-5,0.11111062052695786,-0.1111101202929785
30778,0.625,-0.11111064908098671,1.1322695949412119e-9,3.3649213882960356e-5,3.299245913997183e-5,0.11111064908098671,-0.11111012055168622
30779,1.5625,-0.11111068635650675,1.268692922059844e-9,3.5618715895717575e-5,3.090358178575935e-5,0.11111068635650675,-0.11111011920807513
30780,3.90625,-0.11111074008460002,1.2460097240906566e-9,3.529886292914627e-5,2.5500544904627645e-5,0.11111074008460002,-0.1111101143045469
30781,9.765625,-0.11111079853200538,8.713660222024453e-10,2.9518909570010294e-5,1.2645754826739113e-5,0.11111079853200538,-0.11111010519442739
30782,24.4140625,-0.11111070234483952,1.8448079083938799e-10,1.3582370589826651e-5,1.7890032288299807e-5,0.11111070234483952,-0.11111010350395448
30783,9.765625,-0.11111055124726181,3.9545270054573414e-11,6.28850300584912e-6,4.943111260369025e-5,0.11111055124726181,-0.11111010685624485
30784,3.90625,-0.11111044935228205,4.284625073479635e-12,2.0699335915626944e-6,5.497798493760811e-5,0.11111044935228205,-0.11111011012497639
30785,1.5625,-0.11111035791398918,3.344948270594267e-11,5.783552775409132e-6,5.485934795892372e-5,0.11111035791398918,-0.11111011309241585
30786,0.625,-0.11111026976963734,1.1816818397744426e-10,1.0870519029809214e-5,5.391158979214018e-5,0.11111026976963734,-0.11111011589791861
30787,0.25,-0.11111018278801593,2.564261962510884e-10,1.6013313094144148e-5,5.3146780593619625e-5,0.11111018278801593,-0.11111011863871961
30788,0.1,-0.1111100962578699,4.4767433592475385e-10,2.1158315999265013e-5,5.26536663640476e-5,0.1111100962578699,-0.11111012135779032
30789,0.1,-0.11111001044763236,6.902869680303694e-10,2.6273312848408923e-5,5.2348984585242466e-5,0.11111001044763236,-0.1111101240149825
30790,0.1,-0.11110992545825231,9.826552489010696e-10,3.134733240486453e-5,5.199768010230091e-5,0.11110992545825231,-0.11111012660080609
30791,0.1,-0.11110984138883051,1.3229997454920115e-9,3.637306346036874e-5,5.160007567915651e-5,0.11110984138883051,-0.11111012910609643
30792,0.1,-0.11110975833644593,1.7093778262362221e-9,4.134462270037329e-5,5.115657014447664e-5,0.11110975833644593,-0.11111013152205063
30793,0.25,-0.11110967890291999,2.128230180898076e-9,4.613274521311382e-5,5.067005549850373e-5,0.11110967890291999,-0.11111013346034862
30794,0.625,-0.11110960929975536,2.5430138829416534e-9,5.04283043829718e-5,4.946743697894171e-5,0.11110960929975536,-0.11111013404236739
30795,1.5625,-0.11110956584099506,2.852191217041878e-9,5.340590994489166e-5,4.632920770706488e-5,0.11110956584099506,-0.11111013101840239
30796,3.90625,-0.11110958811758372,2.805164436504819e-9,5.2963803078185563e-5,3.818332816541798e-5,0.11110958811758372,-0.11111011996638681
30797,9.765625,-0.1111097535511121,1.967434668609888e-9,4.435577379112992e-5,1.8557002413932798e-5,0.1111097535511121,-0.11111009935891102
30798,24.4140625,-0.11111012179286715,4.208635144381824e-10,2.0514958309442953e-5,2.6094889661064604e-5,0.11111012179286715,-0.11111009531589613
30799,9.765625,-0.1111102697113785,9.130926302057789e-11,9.555588052055085e-6,7.400337308208721e-5,0.1111102697113785,-0.11111010283167048
30800,3.90625,-0.11111040166357102,9.471554795299624e-12,3.077589120610421e-6,8.247071029456846e-5,0.11111040166357102,-0.11111011019622717
30801,1.5625,-0.11111052521815505,7.318877195169933e-11,8.5550436557448e-6,8.234741079168068e-5,0.11111052521815505,-0.1111101168886044
30802,0.625,-0.11111064589611534,2.6238584749041486e-10,1.6198328540019642e-5,8.094724422491921e-5,0.11111064589611534,-0.11111012321669865
30803,0.25,-0.1111107656620826,5.725066004389101e-10,2.392711015645036e-5,7.980946292787075e-5,0.1111107656620826,-0.11111012939877239
30804,0.1,-0.11111088521852171,1.0023208931907185e-9,3.165945187761024e-5,7.907488454433072e-5,0.11111088521852171,-0.11111013553182145
30805,0.1,-0.1111110044070831,1.5482068053651669e-9,3.934725918491867e-5,7.862133541781806e-5,0.1111110044070831,-0.11111014152609053
30806,0.1,-0.11111112311787232,2.2065680618400027e-9,4.697412119284407e-5,7.809737404862643e-5,0.11111112311787232,-0.11111014736007366
30807,0.1,-0.11111124123966633,2.973422027738566e-9,5.4529093406534514e-5,7.750349962514085e-5,0.11111124123966633,-0.111110153012997
30808,0.1,-0.11111135866010559,3.844416338039822e-9,6.200335747392895e-5,7.684032021537577e-5,0.11111135866010559,-0.11111015846490113
30809,0.25,-0.11111147295782425,4.789146905397563e-9,6.920366251433202e-5,7.611211191984269e-5,0.11111147295782425,-0.11111016284152272
30810,0.625,-0.11111157811482299,5.7255945313566056e-9,7.566765842390397e-5,7.430798964697547e-5,0.11111157811482299,-0.11111016416280353
30811,1.5625,-0.11111165770920668,6.425697976770648e-9,8.016045145064147e-5,6.959415050053518e-5,0.11111165770920668,-0.11111015735468743
30812,3.90625,-0.11111166886593056,6.325947701163868e-9,7.953582652593652e-5,5.7340490136841395e-5,0.11111166886593056,-0.11111013242270715
30813,9.765625,-0.11111151107908097,4.4462487914602805e-9,6.668019789607917e-5,2.762623060566976e-5,0.11111151107908097,-0.11111008580514732
30814,24.4140625,-0.11111101531298298,9.580113339817112e-10,3.0951758172706626e-5,3.853811046295407e-5,0.11111101531298298,-0.11111007631986639
30815,61.03515625,-0.11111020446623425,2.994531515741267e-10,1.7304714720969158e-5,0.00011035427858973991,0.11111020446623425,-0.11111011132967352
30816,24.4140625,-0.11111020233535875,9.01056342653954e-11,9.492398762451744e-6,2.2971424582683445e-5,0.11111020233535875,-0.11111010953164938
30817,9.765625,-0.11111037103583449,4.2849923357114085e-11,6.545985285433667e-6,2.4697138318995686e-5,0.11111037103583449,-0.11111011001463958
30818,3.90625,-0.11111041894468429,2.767497802088064e-11,5.260701286034081e-6,2.6723033645044133e-5,0.11111041894468429,-0.11111011070717815
30819,1.5625,-0.1111104582470414,2.8866198902022627e-11,5.372727324369126e-6,2.656611129496224e-5,0.1111104582470414,-0.11111011138990352
30820,0.625,-0.11111049530175739,4.319830891769437e-11,6.572542043813365e-6,2.596424555446697e-5,0.11111049530175739,-0.11111011204480356
30821,0.25,-0.11111053166600261,6.96853706133019e-11,8.34777638735621e-6,2.541323984586704e-5,0.11111053166600261,-0.11111011267936449
30822,0.1,-0.11111056781770685,1.0788318790124835e-10,1.03866832001967e-5,2.4986613480824413e-5,0.11111056781770685,-0.11111011329960212
30823,0.1,-0.11111060320400422,1.5716810219289768e-10,1.253667029928193e-5,2.4660610837996644e-5,0.11111060320400422,-0.111110113896432
30824,0.1,-0.11111063773777023,2.1700739008708127e-10,1.473117069642061e-5,2.4335320123408196e-5,0.11111063773777023,-0.11111011446925254
30825,0.1,-0.11111067133519514,2.868569205705745e-10,1.6936850963817757e-5,2.4007987340122244e-5,0.11111067133519514,-0.11111011501736068
30826,0.1,-0.11111070391607236,3.661596863492878e-10,1.9135299484180743e-5,2.3676320206423227e-5,0.11111070391607236,-0.11111011553998491
30827,0.25,-0.11111073257930298,4.5178076420855407e-10,2.1255135008005808e-5,2.3342583304326184e-5,0.11111073257930298,-0.11111011595622192
30828,0.625,-0.11111075081044235,5.355790737421116e-10,2.31425813975475e-5,2.271325537458928e-5,0.11111075081044235,-0.11111011608451463
30829,1.5625,-0.1111107426684023,5.953667586803978e-10,2.4400138497156072e-5,2.1266328178216684e-5,0.1111107426684023,-0.11111011546399877
30830,3.90625,-0.11111067582083134,5.777368078263538e-10,2.4036156261481448e-5,1.773480279599306e-5,0.11111067582083134,-0.11111011321264326
30831,9.765625,-0.11111052286946244,3.9563246376936853e-10,1.989051190315042e-5,1.006856135793147e-5,0.11111052286946244,-0.11111010912805112
30832,24.4140625,-0.11111043835552206,8.358839663038915e-11,9.142669010217374e-6,1.3367011687451336e-5,0.11111043835552206,-0.11111010843518535
30833,9.765625,-0.11111045978724665,2.366385454288523e-11,4.864550805869462e-6,3.204534653886069e-5,0.11111045978724665,-0.11111010978067734
30834,3.90625,-0.11111045691199764,1.032253047554697e-11,3.2128695080172444e-6,3.5106112665739686e-5,0.11111045691199764,-0.11111011108833377
30835,1.5625,-0.11111045187062828,2.3506199435118988e-11,4.848319238160683e-6,3.471578356791437e-5,0.11111045187062828,-0.11111011226959149
30836,0.625,-0.11111044644514437,5.912825536239645e-11,7.689489928623123e-6,3.387643287725913e-5,0.11111044644514437,-0.11111011337805854
30837,0.25,-0.11111044094405559,1.1602451135367035e-10,1.07714674651911e-5,3.319621252138054e-5,0.11111044094405559,-0.11111011445145419
30838,0.1,-0.11111043544236103,1.9366107618465164e-10,1.3916216302740183e-5,3.271438881928905e-5,0.11111043544236103,-0.11111011550660492
30839,0.1,-0.11111042983041286,2.9102959961942304e-10,1.7059589667381306e-5,3.2370151136827374e-5,0.11111042983041286,-0.11111011652669726
30840,0.1,-0.11111042409668714,4.071941389555029e-10,2.017905198356709e-5,3.200826284505488e-5,0.11111042409668714,-0.11111011750913925
30841,0.1,-0.11111041823071548,5.411804922471537e-10,2.326328635956566e-5,3.162772948109376e-5,0.11111041823071548,-0.11111011845140105
30842,0.1,-0.1111104122231521,6.919773968906466e-10,2.6305463251778073e-5,3.1227805803169014e-5,0.1111104122231521,-0.11111011935104242
30843,0.25,-0.11111040559890596,8.536511022699288e-10,2.921730826530618e-5,3.081215342558818e-5,0.11111040559890596,-0.11111012005424308
30844,0.625,-0.11111039734478552,1.0107581332948974e-9,3.179242257669109e-5,2.9959594370462545e-5,0.11111039734478552,-0.11111012021823786
30845,1.5625,-0.11111038514594274,1.1212049573025336e-9,3.348439871496177e-5,2.79235750188386e-5,0.11111038514594274,-0.11111011897791971
30846,3.90625,-0.11111036525852004,1.0833953147041408e-9,3.291497098136562e-5,2.2874640641458748e-5,0.11111036525852004,-0.1111101146966358
30847,9.765625,-0.11111034129055557,7.309384909364703e-10,2.7035874147814607e-5,1.1659905566944661e-5,0.11111034129055557,-0.11111010713652376
30848,24.4140625,-0.11111037601545454,1.377442092570023e-10,1.1736447897767123e-5,1.875435286623946e-5,0.11111037601545454,-0.11111010651580339
30849,9.765625,-0.11111043040444121,3.000818015048292e-11,5.477972266311954e-6,4.489861154906126e-5,0.11111043040444121,-0.1111101092608139
30850,3.90625,-0.11111046426798535,1.1112802531659055e-11,3.3335870367607107e-6,4.8870833017322166e-5,0.11111046426798535,-0.11111011179643858
30851,1.5625,-0.11111049448959202,4.3553665867035244e-11,6.5995201239965355e-6,4.823738498740585e-5,0.11111049448959202,-0.11111011405931544
30852,0.625,-0.11111052362418325,1.2000964136145588e-10,1.0954891207193976e-5,4.708599691641879e-5,0.11111052362418325,-0.1111101161833784
30853,0.25,-0.11111055242767015,2.386097586005866e-10,1.5446998368634167e-5,4.620228287592006e-5,0.11111055242767015,-0.11111011824911947
30854,0.1,-0.11111058115349041,3.986081751781932e-10,1.9965174058299447e-5,4.561018503198843e-5,0.11111058115349041,-0.11111012028995794
30855,0.1,-0.11111060966520407,5.982143784209106e-10,2.4458421421279636e-5,4.521091219433618e-5,0.11111060966520407,-0.11111012226970488
30856,0.1,-0.11111063791991926,8.35747721755617e-10,2.89093016476638e-5,4.47751877599783e-5,0.11111063791991926,-0.11111012418182173
30857,0.1,-0.11111066587475459,1.1094175409237075e-9,3.330792009303054e-5,4.430300428232273e-5,0.11111066587475459,-0.11111012602004823
30858,0.1,-0.11111069348696456,1.4173292627396841e-9,3.7647433680659886e-5,4.3794493058003864e-5,0.11111069348696456,-0.11111012777843361
30859,0.25,-0.11111071964779831,1.7474881037780994e-9,4.180296764319609e-5,4.3254762115386224e-5,0.11111071964779831,-0.11111012914128342
30860,0.625,-0.1111107417174371,2.0684029017280284e-9,4.54796976872981e-5,4.206838497839443e-5,0.1111107417174371,-0.11111012940651482
30861,1.5625,-0.11111075282051303,2.293943146491235e-9,4.789512654217791e-5,3.913860610509447e-5,0.11111075282051303,-0.11111012680327688
30862,3.90625,-0.11111073678771062,2.2158112246136136e-9,4.7072404066646244e-5,3.174203747895166e-5,0.11111073678771062,-0.11111011798448243
30863,9.765625,-0.11111066562313365,1.4918444899456712e-9,3.862440277785109e-5,1.4630440466592601e-5,0.11111066562313365,-0.11111010250043107
30864,24.4140625,-0.11111053725236229,2.721841929828788e-10,1.6498005727447146e-5,2.6042596707882503e-5,0.11111053725236229,-0.11111010150684016
30865,9.765625,-0.11111048859273857,5.0886191061767744e-11,7.133455758730669e-6,6.45467309874118e-5,0.11111048859273857,-0.11111010728865209
30866,3.90625,-0.11111044105837095,1.321301354558401e-11,3.634970913994225e-6,7.031836017773617e-5,0.11111044105837095,-0.11111011256825337
30867,1.5625,-0.111110396468442,8.204417373013721e-11,9.05782389595521e-6,6.943146138193989e-5,0.111110396468442,-0.11111011726205526
30868,0.625,-0.11111035304406376,2.424845651290813e-10,1.5571915910673335e-5,6.780298099671635e-5,0.11111035304406376,-0.11111012166456233
30869,0.25,-0.11111031011456557,4.908629893246548e-10,2.2155427987846562e-5,6.656413401006072e-5,0.11111031011456557,-0.1111101259485562
30870,0.1,-0.11111026743895858,8.25810145717866e-10,2.8736912598918242e-5,6.574682483965393e-5,0.11111026743895858,-0.11111013018522937
30871,0.1,-0.11111022503984279,1.2437694991794972e-9,3.526711640011836e-5,6.520689338716808e-5,0.11111022503984279,-0.11111013429954276
30872,0.1,-0.11111018294764403,1.7413819870614384e-9,4.1729869243282306e-5,6.461145252460409e-5,0.11111018294764403,-0.1111101382773035
30873,0.1,-0.11111014119245817,2.3150424402836684e-9,4.811488792758088e-5,6.396074132115304e-5,0.11111014119245817,-0.11111014210492434
30874,0.1,-0.11111009980405138,2.960913266052136e-9,5.4414274469592404e-5,6.325515319486753e-5,0.11111009980405138,-0.11111014576948473
30875,0.25,-0.11111005946150763,3.6540851044935965e-9,6.04490289789141e-5,6.250153358700333e-5,0.11111005946150763,-0.11111014860996855
30876,0.625,-0.11111002187229789,4.3288934807907645e-9,6.579432711709092e-5,6.080371172317856e-5,0.11111002187229789,-0.11111014915419788
30877,1.5625,-0.11110999180260897,4.80537696224406e-9,6.932082632401362e-5,5.655980316285079e-5,0.11110999180260897,-0.11111014368489765
30878,3.90625,-0.1111099824546721,4.6474789535912715e-9,6.817242076962847e-5,4.576976329417745e-5,0.1111099824546721,-0.11111012515792834
30879,9.765625,-0.11111002951920086,3.135801212480919e-9,5.599822508330884e-5,2.0340777119759082e-5,0.11111002951920086,-0.11111009254433542
30880,24.4140625,-0.11111021626168956,5.738121711209575e-10,2.3954376867724143e-5,3.699786712163862e-5,0.11111021626168956,-0.11111009029216226
30881,9.765625,-0.11111033647369302,1.0484503647191999e-10,1.0239386528104113e-5,9.36008865674591e-5,0.11111033647369302,-0.11111010249076206
30882,3.90625,-0.1111104329404218,2.3436682891555778e-11,4.841144791426484e-6,0.0001021497494747733,0.1111104329404218,-0.11111011364999841
30883,1.5625,-0.11111052197652191,1.6723648705747962e-10,1.2931994705283467e-5,0.00010094361397512622,0.11111052197652191,-0.11111012357727172
30884,0.625,-0.11111060866047012,5.049956486531994e-10,2.2472108237840068e-5,9.863031207544578e-5,0.11111060866047012,-0.1111101328934148
30885,0.25,-0.11111069468051991,1.0291687810285462e-9,3.208066054539006e-5,9.687107078708727e-5,0.11111069468051991,-0.11111014196419884
30886,0.1,-0.11111078063201185,1.7370726963969722e-9,4.167820409275059e-5,9.571876732155603e-5,0.11111078063201185,-0.11111015094059094
30887,0.1,-0.11111086633396372,2.621427068292485e-9,5.1199873713638055e-5,9.496623524889342e-5,0.11111086633396372,-0.11111015966451797
30888,0.1,-0.111110951684895,3.675325676217732e-9,6.0624464337573594e-5,9.413057763556565e-5,0.111110951684895,-0.11111016810521135
30889,0.1,-0.11111103658152775,4.8913204499452946e-9,6.993797573525627e-5,9.321232323469968e-5,0.11111103658152775,-0.1111101762332066
30890,0.1,-0.11111112091909543,6.261451058059176e-9,7.912933121200492e-5,9.221219143694517e-5,0.11111112091909543,-0.111110184020465
30891,0.25,-0.11111120243740905,7.733279702675935e-9,8.793906812490075e-5,9.113959184560545e-5,0.11111120243740905,-0.11111019006668596
30892,0.625,-0.11111127556603319,9.168174097847435e-9,9.57505827546101e-5,8.868778458817877e-5,0.11111127556603319,-0.11111019124914147
30893,1.5625,-0.11111132537487904,1.018561573818287e-8,0.00010092381155199634,8.251632136428469e-5,0.11111132537487904,-0.11111017967490654
30894,3.90625,-0.11111131479743139,9.862156396997314e-9,9.930839036555429e-5,6.676561052319694e-5,0.11111131479743139,-0.11111014035105254
30895,9.765625,-0.11111116892395881,6.668863168950013e-9,8.16631077595631e-5,2.9325510282576723e-5,0.11111116892395881,-0.11111007091107312
30896,24.4140625,-0.11111089512843998,1.1368139837833262e-10,1.0662147925175893e-5,5.1671662588873024e-5,0.11111089512843998,-0.11111011477190717
30897,9.765625,-0.1111101456767068,1.2042353130286333e-10,1.0973765593581053e-5,2.8628842973587365e-5,0.1111101456767068,-0.1111101139665065
30898,3.90625,-0.11110987113023177,1.3649505065401838e-10,1.1683109631173473e-5,1.895957861479215e-5,0.11110987113023177,-0.1111101136626146
30899,1.5625,-0.1111096510961592,1.5656277160901558e-10,1.2512504609750023e-5,1.490941676678714e-5,0.1111096510961592,-0.11111011359955018
30900,3.90625,-0.11110960662894916,1.5475052843048403e-10,1.2439876544021007e-5,1.3113614175858935e-5,0.11110960662894916,-0.11111011306615022
30901,9.765625,-0.11110997126514939,1.0213712276242289e-10,1.0106291246665261e-5,9.310118386629446e-6,0.11110997126514939,-0.11111011202952735
30902,24.4140625,-0.11111060656412357,1.777179302140217e-11,4.21566044901652e-6,8.97785581090659e-6,0.11111060656412357,-0.11111011196910786
30903,9.765625,-0.11111029279094731,3.555590426266353e-12,1.885627329634982e-6,1.725790082538385e-5,0.11111029279094731,-0.1111101123753483
30904,3.90625,-0.11111018575550338,1.7761121480524978e-12,1.33270857581562e-6,1.8374135407501452e-5,0.11111018575550338,-0.11111011273118238
30905,1.5625,-0.11111010292773751,6.7389616031300594e-12,2.5959510016812837e-6,1.7998416618369326e-5,0.11111010292773751,-0.11111011304584456
30906,0.625,-0.11111002621093106,1.745860180547442e-11,4.1783491722777814e-6,1.750244767259881e-5,0.11111002621093106,-0.11111011333992059
30907,0.25,-0.11110995131772151,3.367432346532233e-11,5.802958165050161e-6,1.7130965910345963e-5,0.11110995131772151,-0.1111101136247687
30908,0.1,-0.11110987698566249,5.527241115379346e-11,7.4345417581578935e-6,1.6878503805620998e-5,0.11110987698566249,-0.11111011390507038
30909,0.1,-0.11110980513967804,8.197784072368533e-11,9.054161514115227e-6,1.6704321852332344e-5,0.11110980513967804,-0.11111011417603069
30910,0.1,-0.11110973602800502,1.1354578112565025e-10,1.0655786274398067e-5,1.6523417893837523e-5,0.11110973602800502,-0.11111011443706054
30911,0.1,-0.11110966988759481,1.497206927990763e-10,1.2236040732159905e-5,1.633495393293274e-5,0.11110966988759481,-0.11111011468757238
30912,0.1,-0.11110960694340055,1.9023670348250864e-10,1.3792632217329245e-5,1.6138275236803737e-5,0.11110960694340055,-0.11111011492698908
30913,0.25,-0.11110955620740544,2.3337556288682544e-10,1.5276634540592553e-5,1.5935005036140842e-5,0.11110955620740544,-0.11111011511346296
30914,0.625,-0.11110953770272677,2.7468658563363524e-10,1.6573671459083388e-5,1.5506975138308114e-5,0.11110953770272677,-0.11111011515473167
30915,1.5625,-0.11110960047400596,3.0221830131115933e-10,1.738442697678469e-5,1.4474187673189788e-5,0.11110960047400596,-0.11111011482075063
30916,3.90625,-0.11110984570566543,2.881814873785365e-10,1.6975909029519934e-5,1.1940860202200199e-5,0.11110984570566543,-0.11111011368926736
30917,9.765625,-0.11111037129584368,1.910325418936648e-10,1.3821452235335648e-5,6.740698178539276e-6,0.11111037129584368,-0.11111011173942441
30918,24.4140625,-0.1111107167676092,3.575968544113795e-11,5.9799402539772875e-6,1.0603144941466572e-5,0.1111107167676092,-0.11111011163096972
30919,9.765625,-0.11111050664780953,7.392264089722177e-12,2.718871841356664e-6,2.3473512833839336e-5,0.11111050664780953,-0.111110112378951
30920,3.90625,-0.11111042346776018,2.731911474083126e-12,1.6528495013409799e-6,2.5467816384319578e-5,0.11111042346776018,-0.11111011306557442
30921,1.5625,-0.11111035759142347,1.1656552200289003e-11,3.4141693280048374e-6,2.5140206103917773e-5,0.11111035759142347,-0.111110113679281
30922,0.625,-0.1111102964388341,3.2273368178277366e-11,5.680965426604651e-6,2.4561424472188993e-5,0.1111102964388341,-0.11111011425671823
30923,0.25,-0.1111102368083286,6.412471157940443e-11,8.007790680294062e-6,2.412491924928506e-5,0.1111102368083286,-0.11111011481949888
30924,0.1,-0.11111017769667518,1.0704681734423959e-10,1.0346343187051142e-5,2.3839628887827848e-5,0.11111017769667518,-0.11111011537654264
30925,0.1,-0.11111011963439597,1.6058992086485788e-10,1.2672407855844045e-5,2.3653677007098736e-5,0.11111011963439597,-0.11111011591810316
30926,0.1,-0.11111006276796276,2.2433249519463864e-10,1.4977733312976254e-5,2.3449065927655247e-5,0.11111006276796276,-0.11111011644240815
30927,0.1,-0.1111100072394297,2.9782138190822053e-10,1.72575021920387e-5,2.322571694307172e-5,0.1111100072394297,-0.1111101169477509
30928,0.1,-0.11110995318601787,3.805733071716153e-10,1.9508288166100462e-5,2.2983634195351118e-5,0.11110995318601787,-0.11111011743249909
30929,0.25,-0.1111099046672793,4.693679239753889e-10,2.1664900737722962e-5,2.2724816922410613e-5,0.1111099046672793,-0.11111011781178688
30930,0.625,-0.11110987111577476,5.556976767140826e-10,2.3573240691811608e-5,2.2132634084058583e-5,0.11110987111577476,-0.11111011789677083
30931,1.5625,-0.11110987632719616,6.162642783567575e-10,2.48246707602892e-5,2.0643914194788503e-5,0.11110987632719616,-0.11111011721133922
30932,3.90625,-0.11110997208158528,5.948784126653065e-10,2.4390129410589573e-5,1.6879037361414813e-5,0.11110997208158528,-0.1111101148575655
30933,9.765625,-0.11111022272793719,4.001191692134908e-10,2.0002979008474982e-5,8.474759941149489e-6,0.11111022272793719,-0.11111011072115119
30934,24.4140625,-0.11111046848191627,7.348039665697976e-11,8.572070733316411e-6,1.424867137612828e-5,0.11111046848191627,-0.11111011047182284
30935,9.765625,-0.1111104152675171,1.3764564533674417e-11,3.710062605088278e-6,3.389071769829114e-5,0.1111104152675171,-0.11111011205331463
30936,3.90625,-0.1111104160403516,3.639394268810426e-12,1.9077196515238884e-6,3.691196350330083e-5,0.1111104160403516,-0.11111011350335223
30937,1.5625,-0.11111042209364252,2.2408862385223077e-11,4.733799994214276e-6,3.649313004279997e-5,0.11111042209364252,-0.11111011479794884
30938,0.625,-0.11111042937540866,6.614807523694924e-11,8.1331466995837e-6,3.5689229648118234e-5,0.11111042937540866,-0.11111011601637866
30939,0.25,-0.11111043703289643,1.3395058427532238e-10,1.1573702271759126e-5,3.508540511279533e-5,0.11111043703289643,-0.11111011720529088
30940,0.1,-0.1111104448287356,2.2552694194534652e-10,1.5017554459543222e-5,3.469833642369807e-5,0.1111104448287356,-0.11111011838388321
30941,0.1,-0.11111045302016476,3.399870588674395e-10,1.843873799552018e-5,3.4453389841978676e-5,0.11111045302016476,-0.11111011953148399
30942,0.1,-0.1111104616433664,4.764872693649885e-10,2.1828588350257296e-5,3.417805978935857e-5,0.1111104616433664,-0.1111101206440167
30943,0.1,-0.11111047073191194,6.341100803934142e-10,2.5181542454611755e-5,3.387255337391506e-5,0.11111047073191194,-0.1111101217175664
30944,0.1,-0.11111048031663169,8.118679506508935e-10,2.8493296591494877e-5,3.353714307355494e-5,0.11111048031663169,-0.11111012274839609
30945,0.25,-0.1111104916954339,1.0030048335534308e-9,3.167025155494397e-5,3.317460346833319e-5,0.1111104916954339,-0.1111101235547323
30946,0.625,-0.111110507720526,1.1895755444953026e-9,3.449022389743654e-5,3.231718938186256e-5,0.111110507720526,-0.11111012373091148
30947,1.5625,-0.11111053516280148,1.3222324173037392e-9,3.636251390242071e-5,3.0127365136879335e-5,0.11111053516280148,-0.11111012225092895
30948,3.90625,-0.11111058651625805,1.2811303568900317e-9,3.5792881371720154e-5,2.4522519158267923e-5,0.11111058651625805,-0.11111011716319179
30949,9.765625,-0.11111066308169802,8.67741929889875e-10,2.945745966457181e-5,1.1471789258688374e-5,0.11111066308169802,-0.11111010814481667
30950,24.4140625,-0.1111106364238483,1.6174097686083776e-10,1.271774260082495e-5,1.980108460979142e-5,0.1111106364238483,-0.11111010743040114
30951,9.765625,-0.11111052681744986,3.018446841226366e-11,5.4940393529955405e-6,4.9603634205938646e-5,0.11111052681744986,-0.11111011083570654
30952,3.90625,-0.11111045635804144,6.307007815246774e-12,2.5113756818219718e-6,5.425041673869443e-5,0.11111045635804144,-0.11111011398042857
30953,1.5625,-0.11111039355029705,4.535466637424852e-11,6.7345873202631e-6,5.371519752997231e-5,0.11111039355029705,-0.11111011679172193
30954,0.625,-0.11111033313093031,1.38795057508164e-10,1.1781131418847851e-5,5.256999926987388e-5,0.11111033313093031,-0.11111011943813827
30955,0.25,-0.11111027356579063,2.8468017243505023e-10,1.687246788217569e-5,5.170303263974692e-5,0.11111027356579063,-0.11111012202080511
30956,0.1,-0.11111021434590806,4.82415723620742e-10,2.1963964205505846e-5,5.1148867287510864e-5,0.11111021434590806,-0.11111012458174231
30957,0.1,-0.1111101556525984,7.301339307660836e-10,2.7020990558565455e-5,5.0801259866959274e-5,0.1111101556525984,-0.11111012707685317
30958,0.1,-0.11111009755662489,1.0260522462950496e-9,3.20320502980226e-5,5.0407930850637084e-5,0.11111009755662489,-0.11111012949712011
30959,0.1,-0.11111004012722221,1.3682239794410803e-9,3.698951174915777e-5,4.996922942068955e-5,0.11111004012722221,-0.11111013183387797
30960,0.1,-0.1111099834319741,1.754546518502392e-9,4.188730736753548e-5,4.9485589271317815e-5,0.1111099834319741,-0.11111013407884839
30961,0.25,-0.11110992928802958,2.170510983266774e-9,4.65887430960181e-5,4.896086036267084e-5,0.11110992928802958,-0.11111013583816474
30962,0.625,-0.11110988202767343,2.5774694029239995e-9,5.0768783744777654e-5,4.7704614711901115e-5,0.11110988202767343,-0.11111013623083468
30963,1.5625,-0.11110985296717933,2.868948272856424e-9,5.356256409897144e-5,4.447678999919321e-5,0.11110985296717933,-0.11111013302455951
30964,3.90625,-0.11110986913484971,2.7857196006173787e-9,5.2779916640871826e-5,3.617720586189583e-5,0.11110986913484971,-0.11111012195340161
30965,9.765625,-0.11110998069803897,1.8955305625394283e-9,4.353769128628008e-5,1.653001885144006e-5,0.11110998069803897,-0.11111010220704545
30966,24.4140625,-0.11111021320912805,3.59442684594298e-10,1.8958973722074146e-5,2.8384383707318954e-5,0.11111021320912805,-0.11111010032843847
30967,9.765625,-0.11111030596719856,6.831388450365013e-11,8.265221382615842e-6,7.305066051680451e-5,0.11111030596719856,-0.11111010771959315
30968,3.90625,-0.11111039285436909,1.2880448808984941e-11,3.588934216307808e-6,8.011734243243816e-5,0.11111039285436909,-0.11111011459232888
30969,1.5625,-0.11111047484161198,9.526231936215745e-11,9.760241767607883e-6,7.941151337043492e-5,0.11111047484161198,-0.11111012074631355
30970,0.625,-0.11111055511086919,2.9674134219144445e-10,1.7226181880830252e-5,7.775775252274496e-5,0.11111055511086919,-0.111110126541351
30971,0.25,-0.11111063486315749,6.130583288640325e-10,2.4760014718574633e-5,7.649632706474442e-5,0.11111063486315749,-0.11111013219717676
30972,0.1,-0.11111071453923173,1.0429413347435231e-9,3.229460225399166e-5,7.568948873486661e-5,0.11111071453923173,-0.11111013780580822
30973,0.1,-0.1111107940936784,1.5823919445257834e-9,3.9779290397464145e-5,7.518461667007396e-5,0.1111107940936784,-0.11111014327209333
30974,0.1,-0.11111087345615618,2.2275758062982617e-9,4.7197201254928896e-5,7.461152521421749e-5,0.11111087345615618,-0.11111014857614696
30975,0.1,-0.11111095255464587,2.974296383768931e-9,5.453711015234425e-5,7.39707575629792e-5,0.11111095255464587,-0.11111015369885235
30976,0.1,-0.11111103131561172,3.81801283769136e-9,6.179007070469624e-5,7.326297311503184e-5,0.11111103131561172,-0.11111015862193675
30977,0.25,-0.1111111083390685,4.7273045384869224e-9,6.87553964317487e-5,7.249369776791529e-5,0.1111111083390685,-0.11111016248689366
30978,0.625,-0.11111118006188955,5.618335683906667e-9,7.495555805880353e-5,7.06432054831293e-5,0.11111118006188955,-0.11111016337048518
30979,1.5625,-0.11111123664234672,6.25986806596412e-9,7.911932801764762e-5,6.587663629783787e-5,0.11111123664234672,-0.1111101563930414
30980,3.90625,-0.11111125208564708,6.087883778072178e-9,7.802489204140034e-5,5.3592964120264524e-5,0.11111125208564708,-0.11111013219685148
30981,9.765625,-0.11111116460458645,4.157109177425158e-9,6.447564794110376e-5,2.425376282332824e-5,0.11111116460458645,-0.11111008883032919
30982,24.4140625,-0.1111108646805892,7.983628271758602e-10,2.8255315025245432e-5,4.119947016322572e-5,0.1111108646805892,-0.11111008420064927
30983,9.765625,-0.11111068303038278,1.5311797199697063e-10,1.2374084693300376e-5,0.00010799097767070865,0.11111068303038278,-0.11111010036537419
30984,3.90625,-0.11111053358287752,2.5765983585174174e-11,5.076020447671007e-6,0.00011868065523406789,0.11111053358287752,-0.11111011547479703
30985,1.5625,-0.11111039516278405,2.0135121351099998e-10,1.4189827818229507e-5,0.0001177321401438273,0.11111039516278405,-0.11111012902083309
30986,0.625,-0.1111102607302307,6.386237035198366e-10,2.5271005194092233e-5,0.00011532640900677397,0.1111102607302307,-0.11111014177965733
30987,0.25,-0.11111012793577861,1.3281872552483362e-9,3.644430346773466e-5,0.00011347959693682186,0.11111012793577861,-0.11111015423191607
30988,0.1,-0.11110999596260347,2.2672559477228374e-9,4.761571114372689e-5,0.00011229687952763391,0.11110999596260347,-0.1111101665801848
30989,0.1,-0.11110986491538355,3.4471749772453687e-9,5.871264750669457e-5,0.00011155751143875306,0.11110986491538355,-0.11111017861812314
30990,0.1,-0.11110973489209218,4.859613719023946e-9,6.971092969559325e-5,0.00011071692251510204,0.11110973489209218,-0.11111019030193639
30991,0.1,-0.11110960598827485,6.495446828954287e-9,8.05943349681247e-5,0.00010977590421706353,0.11110960598827485,-0.11111020158950091
30992,0.1,-0.1111094782970362,8.344792946163125e-9,9.134983823829752e-5,0.00010873541756101469,0.1111094782970362,-0.11111021244052915
30993,0.25,-0.11110935412126643,1.0339285942702171e-8,0.00010168227939371821,0.00010760343555219187,0.11110935412126643,-0.11111022097627327
30994,0.625,-0.11110923912867736,1.2296317546414451e-8,0.00011088876203842502,0.00010487276702017533,0.11110923912867736,-0.11111022298270243
30995,1.5625,-0.11110914870667922,1.3711781745883443e-8,0.00011709731741540214,9.782826118179035e-5,0.11110914870667922,-0.11111020775546031
30996,3.90625,-0.11110912319366124,1.3354268688245378e-8,0.00011556067102715084,7.96497199075817e-5,0.11110912319366124,-0.11111015470061196
30997,9.765625,-0.11110926041359194,9.150662727228963e-9,9.565909641654035e-5,3.6019651902325025e-5,0.11110926041359194,-0.11111005915434205
30998,24.4140625,-0.11110992988590554,1.4755030283849572e-10,1.214702856004281e-5,5.88344205516484e-5,0.11110992988590554,-0.11111011761879358
30999,9.765625,-0.11111074408198317,1.5652081844352834e-10,1.2510828047876302e-5,3.2373181198650095e-5,0.11111074408198317,-0.11111011655035671
31000,3.90625,-0.11111104809540698,1.7751876797065792e-10,1.3323616925244359e-5,2.1249537460428453e-5,0.11111104809540698,-0.11111011613789326
31001,1.5625,-0.11111129232203092,2.0374128308068843e-10,1.4273797079988507e-5,1.6581531809756378e-5,0.11111129232203092,-0.11111011604039953
31002,3.90625,-0.11111134851067869,2.0192402510180712e-10,1.4209997364595362e-5,1.4526491314744956e-5,0.11111134851067869,-0.11111011533032768
31003,9.765625,-0.11111096397714668,1.3453922210343957e-10,1.1599104366434486e-5,1.0058025061072035e-5,0.11111096397714668,-0.11111011395023745
31004,24.4140625,-0.11111027925003887,2.3809421016954842e-11,4.879489831627364e-6,9.677014788681475e-6,0.11111027925003887,-0.11111011383650977
31005,9.765625,-0.11111062164018466,4.703693841712847e-12,2.1688000926117757e-6,1.960717211811415e-5,0.11111062164018466,-0.1111101143628868
31006,3.90625,-0.11111073859512059,1.9886692174806724e-12,1.4102018357244726e-6,2.1033912935633235e-5,0.11111073859512059,-0.11111011483058095
31007,1.5625,-0.11111082938493187,8.302195508829992e-12,2.881353069103124e-6,2.067331791789534e-5,0.11111082938493187,-0.11111011524582108
31008,0.625,-0.11111091358854107,2.2356360051747223e-11,4.728251267831186e-6,2.0147065902619677e-5,0.11111091358854107,-0.11111011563499831
31009,0.25,-0.11111099583989187,4.382681417436109e-11,6.62018233694217e-6,1.9752885437797504e-5,0.11111099583989187,-0.11111011601303389
31010,0.1,-0.11111107750240316,7.258512235242929e-11,8.519690273268699e-6,1.94901109340675e-5,0.11111107750240316,-0.11111011638608202
31011,0.1,-0.11111115646052117,1.0829470618487839e-10,1.0406474243704176e-5,1.9313719006545945e-5,0.11111115646052117,-0.1111101167477197
31012,0.1,-0.1111112324435558,1.506518732364919e-10,1.2274032476594312e-5,1.9126252798061408e-5,0.1111112324435558,-0.11111011709697993
31013,0.1,-0.11111130519295902,1.9933547897408486e-10,1.4118621709433427e-5,1.892712526792426e-5,0.11111130519295902,-0.1111101174329156
31014,0.1,-0.1111113744631197,2.5400768746221317e-10,1.5937618625824032e-5,1.8715899681352814e-5,0.1111113744631197,-0.11111011775460865
31015,0.25,-0.11111143039638859,3.1242652523894937e-10,1.76755912274229e-5,1.849434134524536e-5,0.11111143039638859,-0.1111101180058129
31016,0.625,-0.11111145109533486,3.6873918895956573e-10,1.920258287209212e-5,1.8007147305736367e-5,0.11111145109533486,-0.11111011806197381
31017,1.5625,-0.11111138291882967,4.0713167128650306e-10,2.017750408961681e-5,1.6805305364314373e-5,0.11111138291882967,-0.11111011761102658
31018,3.90625,-0.11111111513681443,3.904444580539049e-10,1.9759667458079978e-5,1.3810508524803172e-5,0.11111111513681443,-0.11111011607260193
31019,9.765625,-0.11111054009991712,2.614910120583201e-10,1.6170683722660587e-5,7.383512377598376e-6,0.11111054009991712,-0.11111011338537417
31020,24.4140625,-0.11111015802370337,4.9567133759340056e-11,7.040393011710359e-6,1.1743991148561585e-5,0.11111015802370337,-0.11111011317970595
31021,9.765625,-0.11111038266101457,9.614115716351898e-12,3.1006637541584378e-6,2.7415372466694627e-5,0.11111038266101457,-0.1111101142122838
31022,3.90625,-0.1111104703359395,2.4272651364719006e-12,1.5579682719721543e-6,2.990788202414534e-5,0.1111104703359395,-0.11111011516651549
31023,1.5625,-0.11111053938059078,1.4127984389843483e-11,3.758721110942322e-6,2.95881486123559e-5,0.11111053938059078,-0.11111011602010593
31024,0.625,-0.11111060337035203,4.210139764075379e-11,6.488558980293991e-6,2.8940989444708167e-5,0.11111060337035203,-0.11111011682328083
31025,0.25,-0.11111066575848402,8.572846715631711e-11,9.258966851453628e-6,2.8448315274459906e-5,0.11111066575848402,-0.11111011760626821
31026,0.1,-0.11111072762765563,1.448021579497655e-10,1.2033376830705732e-5,2.812809977069366e-5,0.11111072762765563,-0.11111011838168267
31027,0.1,-0.11111078840455917,2.1873541112474647e-10,1.4789706255526054e-5,2.7922141857198807e-5,0.11111078840455917,-0.11111011913639864
31028,0.1,-0.11111084792932278,3.0697117780782963e-10,1.7520592963933317e-5,2.7693141001531232e-5,0.11111084792932278,-0.11111011986786008
31029,0.1,-0.11111090604652989,4.0890638877595884e-10,2.0221433895150927e-5,2.7441074610206902e-5,0.11111090604652989,-0.11111012057360456
31030,0.1,-0.11111096260568896,5.238940992666772e-10,2.288873302012755e-5,2.7166002349352453e-5,0.11111096260568896,-0.11111012125127465
31031,0.25,-0.11111101320503189,6.475649647987182e-10,2.5447297789720585e-5,2.687006005548223e-5,0.11111101320503189,-0.11111012178352474
31032,0.625,-0.11111104760622932,7.683190093418256e-10,2.7718567952580553e-5,2.617969436466811e-5,0.11111104760622932,-0.11111012190822461
31033,1.5625,-0.11111103997391446,8.542803366310972e-10,2.9228074459859602e-5,2.4426996196903685e-5,0.11111103997391446,-0.11111012096214558
31034,3.90625,-0.11111093414501033,8.281695922990919e-10,2.877793585890225e-5,1.9960142412337276e-5,0.11111093414501033,-0.11111011768240697
31035,9.765625,-0.11111066099024759,5.62391975749967e-10,2.371480499076404e-5,9.716730460622043e-6,0.11111066099024759,-0.11111011184439548
31036,24.4140625,-0.11111039843959325,1.0682494054517883e-10,1.0335615150787051e-5,1.610988686822717e-5,0.11111039843959325,-0.11111011131432255
31037,9.765625,-0.11111045879492178,2.0336736188477116e-11,4.509627056473419e-6,4.004371869630509e-5,0.11111045879492178,-0.11111011352794613
31038,3.90625,-0.11111045973678131,3.982093546834509e-12,1.9955183654465594e-6,4.385755722306901e-5,0.11111045973678131,-0.11111011558566423
31039,1.5625,-0.1111104548946346,2.8584826035211457e-11,5.346477909354106e-6,4.3462605897384495e-5,0.1111104548946346,-0.11111011742916206
31040,0.625,-0.1111104487556436,8.857024298879711e-11,9.411176493340091e-6,4.255726727470034e-5,0.1111104487556436,-0.1111101191656223
31041,0.25,-0.11111044227707892,1.826611405799713e-10,1.3515218850613233e-5,4.186708845008656e-5,0.11111044227707892,-0.11111012086039898
31042,0.1,-0.11111043572965618,3.1046896537660645e-10,1.7620129550505764e-5,4.142484654955813e-5,0.11111043572965618,-0.11111012254085248
31043,0.1,-0.11111042882811169,4.70796789454079e-10,2.169785218527583e-5,4.1147215200656656e-5,0.11111042882811169,-0.11111012417868786
31044,0.1,-0.11111042152775003,6.624980777695477e-10,2.5739038011735163e-5,4.0832989827395976e-5,0.11111042152775003,-0.11111012576804542
31045,0.1,-0.11111041378618204,8.843201631838548e-10,2.973752113381098e-5,4.048241017726107e-5,0.11111041378618204,-0.11111012730328879
31046,0.1,-0.11111040556352264,1.1349094103703586e-9,3.36884165607462e-5,4.009579021412365e-5,0.11111040556352264,-0.1111101287790276
31047,0.25,-0.11111039536443701,1.4049360217447377e-9,3.7482476195480175e-5,3.9676101651805155e-5,0.11111039536443701,-0.11111012994018177
31048,0.625,-0.11111037986881198,1.6695201008385058e-9,4.085976138988707e-5,3.867018063332781e-5,0.11111037986881198,-0.11111013021543635
31049,1.5625,-0.11111035112835772,1.860055316674108e-9,4.312835861326174e-5,3.6083980020480044e-5,0.11111035112835772,-0.11111012815518287
31050,3.90625,-0.11111029422253171,1.8092269973566764e-9,4.253500907907128e-5,2.9433866191986045e-5,0.11111029422253171,-0.11111012097825448
31051,9.765625,-0.11111020613906757,1.2365452211274917e-9,3.516454494412649e-5,1.3734990303493539e-5,0.11111020613906757,-0.11111010809364108
31052,24.4140625,-0.11111023277898566,2.3892215310377905e-10,1.5457106880130544e-5,2.2797713347452284e-5,0.11111023277898566,-0.1111101066863976
31053,9.765625,-0.11111036112812037,4.618676290743828e-11,6.796084380541363e-6,5.908010706852398e-5,0.11111036112812037,-0.11111011151356723
31054,3.90625,-0.1111104441202588,7.698242774150097e-12,2.77457073691591e-6,6.493930650871053e-5,0.1111104441202588,-0.11111011603699425
31055,1.5625,-0.11111051817655125,5.951638409623626e-11,7.714686260389094e-6,6.444289424849671e-5,0.11111051817655125,-0.11111012009713998
31056,0.625,-0.11111058956308573,1.8936639888955062e-10,1.3761046431487345e-5,6.314396063272891e-5,0.11111058956308573,-0.11111012392343021
31057,0.25,-0.11111066012360665,3.944650502778096e-10,1.9861144233850414e-5,6.214562499172376e-5,0.11111066012360665,-0.11111012765876677
31058,0.1,-0.11111073047540689,6.740025127233147e-10,2.5961558364692106e-5,6.150739716037516e-5,0.11111073047540689,-0.11111013136353272
31059,0.1,-0.111110800377057,1.0254307591816004e-9,3.2022347808703855e-5,6.110994631631252e-5,0.111110800377057,-0.11111013497642029
31060,0.1,-0.11111086973224656,1.4462935946285313e-9,3.8030166902454314e-5,6.065732731094334e-5,0.11111086973224656,-0.11111013848434181
31061,0.1,-0.11111093844506943,1.9338964479830212e-9,4.3976089503081345e-5,6.014993559012977e-5,0.11111093844506943,-0.1111101418746985
31062,0.1,-0.1111110064202697,2.48531769937832e-9,4.985296078848597e-5,5.958826538398843e-5,0.1111110064202697,-0.11111014513542995
31063,0.25,-0.11111107129025298,3.0802464627986344e-9,5.549996813331188e-5,5.897646409977757e-5,0.11111107129025298,-0.11111014770665827
31064,0.625,-0.11111112737221096,3.6643731226935644e-9,6.0534065803426456e-5,5.7493896653149787e-5,0.11111112737221096,-0.11111014833186403
31065,1.5625,-0.11111115979081933,4.087685450972614e-9,6.393500958764778e-5,5.3662174259338854e-5,0.11111115979081933,-0.11111014381767265
31066,3.90625,-0.11111113320602208,3.98352767547692e-9,6.31151936975315e-5,4.377325045020469e-5,0.11111113320602208,-0.11111012801234431
31067,9.765625,-0.11111098438092316,2.733740969433825e-9,5.2285188815130284e-5,2.0154470684114155e-5,0.11111098438092316,-0.11111009947622395
31068,24.4140625,-0.11111069756911367,5.364451937408126e-10,2.3161286530346552e-5,3.303955512780557e-5,0.11111069756911367,-0.11111009595550225
31069,9.765625,-0.11111059313075797,1.0552786600755412e-10,1.0272675698548753e-5,8.759392132045177e-5,0.11111059313075797,-0.11111010656743592
31070,3.90625,-0.1111104917507079,1.6072210406403275e-11,4.009016139454078e-6,9.651765689120975e-5,0.1111104917507079,-0.11111011657726136
31071,1.5625,-0.11111039608868138,1.2662088698563872e-10,1.1252594677923787e-5,9.587365009654215e-5,0.11111039608868138,-0.11111012557669714
31072,0.625,-0.11111030272974849,4.0993086399684186e-10,2.0246749467429133e-5,9.398616754283988e-5,0.11111030272974849,-0.11111013406109616
31073,0.25,-0.1111102103647086,8.598302212746259e-10,2.932286175110857e-5,9.252440522784361e-5,0.1111102103647086,-0.11111014234449898
31074,0.1,-0.11111011851921397,1.4745476438900384e-9,3.83998391128145e-5,9.15890779009049e-5,0.11111011851921397,-0.11111015056058311
31075,0.1,-0.11111002719276947,2.2485477872242692e-9,4.7418854765001115e-5,9.100779595288426e-5,0.11111002719276947,-0.11111015857548959
31076,0.1,-0.11110993644048182,3.1764719039017014e-9,5.636019786961098e-5,9.034401223443177e-5,0.11110993644048182,-0.11111016636009242
31077,0.1,-0.11110984631666924,4.252432315966542e-9,6.521067639556074e-5,8.959834761594714e-5,0.11110984631666924,-0.11111017388634453
31078,0.1,-0.11110975687489273,5.47003732647931e-9,7.395970069219662e-5,8.877156009015905e-5,0.11110975687489273,-0.11111018112738673
31079,0.25,-0.11110966928905595,6.784800499185254e-9,8.236990044418685e-5,8.786965513791936e-5,0.11110966928905595,-0.11111018684913397
31080,0.625,-0.11110958655043487,8.077611660231962e-9,8.987553426952165e-5,8.567511232405344e-5,0.11110958655043487,-0.11111018827807087
31081,1.5625,-0.11110951709371071,9.019133449039056e-9,9.496911839666121e-5,7.999136148437625e-5,0.11110951709371071,-0.1111101783564335
31082,3.90625,-0.11110948476395069,8.80302653338113e-9,9.382444528682879e-5,6.529669887986101e-5,0.11110948476395069,-0.11111014344101812
31083,9.765625,-0.11110955704440409,6.063062986608452e-9,7.786567271017732e-5,2.9978700353146367e-5,0.11110955704440409,-0.1111100800825402
31084,24.4140625,-0.11111018745868054,9.470838415719571e-11,9.731823269932295e-6,4.726127973883583e-5,0.11111018745868054,-0.11111011833028112
31085,9.765625,-0.11111065586091898,1.0112197543984531e-10,1.0055942294973918e-5,2.592105053746959e-5,0.11111065586091898,-0.11111011762797676
31086,3.90625,-0.11111082111733228,1.1439446908940113e-10,1.069553500716075e-5,1.7046169108232116e-5,0.11111082111733228,-0.11111011736258809
31087,1.5625,-0.1111109535527752,1.3087013407714958e-10,1.1439848516354994e-5,1.3378333069681805e-5,0.1111109535527752,-0.11111011730286272
31088,3.90625,-0.11111097685842487,1.297152665506932e-10,1.1389261018639146e-5,1.1786560914937287e-5,0.11111097685842487,-0.11111011685204425
31089,9.765625,-0.11111074928235531,8.731461863241496e-11,9.344229162023744e-6,8.3798313864017e-6,0.11111074928235531,-0.11111011596471658
31090,24.4140625,-0.11111037096450319,1.5767147529891527e-11,3.970786764596095e-6,8.151792378204162e-6,0.11111037096450319,-0.1111101158864838
31091,9.765625,-0.1111105595914839,3.2416410232176096e-12,1.8004557820778631e-6,1.598245163909038e-5,0.1111105595914839,-0.11111011623142716
31092,3.90625,-0.11111061682439216,1.2023635512292911e-12,1.096523392923877e-6,1.719755297663175e-5,0.11111061682439216,-0.11111011654477142
31093,1.5625,-0.11111065978942446,5.038642138815959e-12,2.2446919919703814e-6,1.6950994901796305e-5,0.11111065978942446,-0.11111011682510273
31094,0.625,-0.11111069924600675,1.3910866989433173e-11,3.729727468520076e-6,1.6552181763849933e-5,0.11111069924600675,-0.11111011708867269
31095,0.25,-0.11111073767944453,2.760772690956042e-11,5.254305559211457e-6,1.624939583688262e-5,0.11111073767944453,-0.11111011734502767
31096,0.1,-0.11111077581020923,4.604773423853968e-11,6.785848085430418e-6,1.604705251671557e-5,0.11111077581020923,-0.1111101175981693
31097,0.1,-0.11111081242150078,6.902484073391637e-11,8.308118964838935e-6,1.591145481651876e-5,0.11111081242150078,-0.11111011784403914
31098,0.1,-0.11111084736609243,9.634988554494619e-11,9.815797753873406e-6,1.5766885886765493e-5,0.11111084736609243,-0.11111011808199381
31099,0.1,-0.11111088050383795,1.278221256495536e-10,1.1305844756122984e-5,1.561290017685072e-5,0.11111088050383795,-0.11111011831140107
31100,0.1,-0.11111091170211666,1.6322968217975687e-10,1.2776137216692565e-5,1.544916864732612e-5,0.11111091170211666,-0.11111011853164819
31101,0.25,-0.11111093545749677,2.0117333437934714e-10,1.4183558593644514e-5,1.5276992025550648e-5,0.11111093545749677,-0.11111011870645478
31102,0.625,-0.11111093960533415,2.3797938212772553e-10,1.542658037698976e-5,1.4895711876486611e-5,0.11111093960533415,-0.11111011875513266
31103,1.5625,-0.11111089451503824,2.6365267581772293e-10,1.6237385128699847e-5,1.3951823203548142e-5,0.11111089451503824,-0.1111101184744347
31104,3.90625,-0.1111107399417623,2.543673862558473e-10,1.5948899217684187e-5,1.1598397434436637e-5,0.1111107399417623,-0.11111011748106742
31105,9.765625,-0.11111042316769851,1.7209930554062453e-10,1.311866249053708e-5,6.597503972047568e-6,0.11111042316769851,-0.11111011571412197
31106,24.4140625,-0.11111024831241247,3.335110081351636e-11,5.775041195828508e-6,9.716645183424479e-6,0.11111024831241247,-0.11111011554987768
31107,9.765625,-0.11111038815574563,6.826287795112716e-12,2.6127165546826384e-6,2.2387334771363355e-5,0.11111038815574563,-0.11111011623167225
31108,3.90625,-0.11111044841720318,1.7514087321615524e-12,1.3234079991301066e-6,2.445954017166393e-5,0.11111044841720318,-0.11111011686948623
31109,1.5625,-0.11111049757750463,9.129653589289222e-12,3.021531662797731e-6,2.4236474071498342e-5,0.11111049757750463,-0.11111011744300092
31110,0.625,-0.11111054368000872,2.724474869290624e-11,5.219650246223997e-6,2.3734028487548807e-5,0.11111054368000872,-0.11111011798390642
31111,0.25,-0.1111105888066823,5.569427907277544e-11,7.462859979443232e-6,2.334881280911667e-5,0.1111105888066823,-0.11111011851178816
31112,0.1,-0.11111063361617675,9.434886149653318e-11,9.713334211100387e-6,2.309914250676462e-5,0.11111063361617675,-0.11111011903489855
31113,0.1,-0.11111067777570234,1.4283537295519833e-10,1.1951375358309115e-5,2.2939818892131007e-5,0.11111067777570234,-0.11111011954467746
31114,0.1,-0.11111072118800312,2.0079775559708647e-10,1.4170312473516117e-5,2.276159743596331e-5,0.11111072118800312,-0.1111101200394086
31115,0.1,-0.11111076375831308,2.678490111417283e-10,1.6366093337804485e-5,2.256449403595109e-5,0.11111076375831308,-0.11111012051743697
31116,0.1,-0.11111080539462692,3.4357260592880886e-10,1.85357116380464e-5,2.2348586355556303e-5,0.11111080539462692,-0.11111012097717722
31117,0.25,-0.11111084345636042,4.2513180677877796e-10,2.0618724664216697e-5,2.2115484994037116e-5,0.11111084345636042,-0.11111012134150486
31118,0.625,-0.11111087177770006,5.04973930623721e-10,2.2471625010749023e-5,2.1565714758415274e-5,0.11111087177770006,-0.1111101214377829
31119,1.5625,-0.11111087472524935,5.622986528286706e-10,2.3712837300261446e-5,2.0163588797085866e-5,0.11111087472524935,-0.11111012082828248
31120,3.90625,-0.1111108178756161,5.464932265068447e-10,2.3377194581618315e-5,1.658875898357569e-5,0.1111108178756161,-0.1111101186747218
31121,9.765625,-0.1111106558490228,3.731776602922544e-10,1.9317806818897802e-5,8.476747791213991e-6,0.1111106558490228,-0.1111101148037178
31122,24.4140625,-0.11111047708881477,7.239779812058165e-11,8.508689565413798e-6,1.3205777713852343e-5,0.11111047708881477,-0.11111011439233068
31123,9.765625,-0.11111048863152219,1.4233975436969422e-11,3.772794115369857e-6,3.270621404569938e-5,0.11111048863152219,-0.11111011586233713
31124,3.90625,-0.11111047012738359,2.6566805758079804e-12,1.6299326905758963e-6,3.589479933741795e-5,0.11111047012738359,-0.11111011724181119
31125,1.5625,-0.11111044977771435,1.83398564653405e-11,4.2825058628495185e-6,3.561965845014416e-5,0.11111044977771435,-0.11111011848197952
31126,0.625,-0.11111042918562293,5.7576275337053047e-11,7.5879032240173604e-6,3.490823829047111e-5,0.11111042918562293,-0.11111011965176966
31127,0.25,-0.11111040857775285,1.1952336428619743e-10,1.0932674159884096e-5,3.436191342207397e-5,0.11111040857775285,-0.11111012079417108
31128,0.1,-0.1111103879966967,2.0393441713546964e-10,1.4280560813058766e-5,3.401266839256046e-5,0.1111103879966967,-0.11111012192734926
31129,0.1,-0.11111036728892125,3.100386907110777e-10,1.7607915569739584e-5,3.379511973762053e-5,0.11111036728892125,-0.11111012303274338
31130,0.1,-0.111110346443683,4.370938197853391e-10,2.0906788844424172e-5,3.354761244492993e-5,0.111110346443683,-0.11111012410641473
31131,0.1,-0.11111032545150602,5.842859711062774e-10,2.4172008007326933e-5,3.3270350100327254e-5,0.11111032545150602,-0.11111012514457017
31132,0.1,-0.11111030430426687,7.507332129424866e-10,2.7399511180721575e-5,3.2963594721483624e-5,0.11111030430426687,-0.1111101261435776
31133,0.25,-0.11111028246298943,9.30309898461071e-10,3.0500981926178557e-5,3.262959239095839e-5,0.11111028246298943,-0.11111012693436469
31134,0.625,-0.11111025881927365,1.106639266964993e-9,3.326618804379295e-5,3.182072854188236e-5,0.11111025881927365,-0.11111012713753195
31135,1.5625,-0.11111023098291546,1.2344876480703746e-9,3.5135276405208124e-5,2.9731902476339953e-5,0.11111023098291546,-0.11111012578874324
31136,3.90625,-0.11111019603688366,1.203283196071322e-9,3.4688372635096645e-5,2.4353925273888574e-5,0.11111019603688366,-0.11111012102921279
31137,9.765625,-0.11111016536316132,8.264775280522276e-10,2.8748522189013953e-5,1.1712531276491418e-5,0.11111016536316132,-0.11111011241645617
31138,24.4140625,-0.11111024384628139,1.6308651991407114e-10,1.2770533266628732e-5,1.8548907576092858e-5,0.11111024384628139,-0.11111011133723596
31139,9.765625,-0.11111034943378811,3.244922914399191e-11,5.696422486437598e-6,4.833604048329778e-5,0.11111034943378811,-0.11111011455804036
31140,3.90625,-0.11111042386943855,5.06402719116541e-12,2.2503393502237413e-6,5.325735994605403e-5,0.11111042386943855,-0.1111101176041897
31141,1.5625,-0.11111049134196256,3.820562762264709e-11,6.1810701033597e-6,5.2920441058248126e-5,0.11111049134196256,-0.11111012034680837
31142,0.625,-0.11111055665652168,1.236457320529397e-10,1.1119610247348586e-5,5.189525617544239e-5,0.11111055665652168,-0.11111012293437929
31143,0.25,-0.11111062128324654,2.595300058065415e-10,1.610993500317557e-5,5.1100683353764e-5,0.11111062128324654,-0.11111012546159897
31144,0.1,-0.11111068572182072,4.4533707732760273e-10,2.110301109622991e-5,5.059352511233009e-5,0.11111068572182072,-0.1111101279688693
31145,0.1,-0.11111074981117845,6.7941165198658e-10,2.606552612142291e-5,5.027990914983577e-5,0.11111074981117845,-0.11111013041576162
31146,0.1,-0.11111081347534794,9.601494223161584e-10,3.098627796809675e-5,4.992098328494135e-5,0.11111081347534794,-0.11111013279343279
31147,0.1,-0.11111087663854856,1.2857849968570018e-9,3.58578442862507e-5,4.951707595689505e-5,0.11111087663854856,-0.11111013509336129
31148,0.1,-0.11111093922535431,1.6543993429053916e-9,4.0674308142922254e-5,4.9068594015774176e-5,0.11111093922535431,-0.11111013730738031
31149,0.25,-0.11111099942498133,2.052564947808102e-9,4.530524194624836e-5,4.8578698173431166e-5,0.11111099942498133,-0.11111013906204714
31150,0.625,-0.11111105285237625,2.4442945396721896e-9,4.943980723740931e-5,4.738020276627316e-5,0.11111105285237625,-0.11111013951767085
31151,1.5625,-0.11111108791377876,2.7300345569187853e-9,5.224973260140941e-5,4.426977749190704e-5,0.11111108791377876,-0.11111013653660792
31152,3.90625,-0.11111107639331665,2.665933547912039e-9,5.1632679069674844e-5,3.622966687715223e-5,0.11111107639331665,-0.11111012598225638
31153,9.765625,-0.11111096357968965,1.8384081872619644e-9,4.2876662501435026e-5,1.7050389160975747e-5,0.11111096357968965,-0.11111010678315338
31154,24.4140625,-0.11111070961666786,3.683617156598173e-10,1.9192751643779934e-5,2.681615154702975e-5,0.11111070961666786,-0.11111010409814602
31155,9.765625,-0.11111059961804014,7.466060446567944e-11,8.640636809036672e-6,7.180456398684756e-5,0.11111059961804014,-0.11111011120771515
31156,3.90625,-0.11111049988035764,1.0858529423652437e-11,3.2952282809621e-6,7.931647300122431e-5,0.11111049988035764,-0.11111011797593164
31157,1.5625,-0.11111040640581944,8.18597563404904e-11,9.047638163658536e-6,7.8887218154218e-5,0.11111040640581944,-0.1111101240786704
31158,0.625,-0.11111031528763905,2.692885914518087e-10,1.6410014974149437e-5,7.739056458335826e-5,0.11111031528763905,-0.11111012983788138
31159,0.25,-0.11111022511994866,5.690014808660593e-10,2.385375192430028e-5,7.622096451252155e-5,0.11111022511994866,-0.11111013546273288
31160,0.1,-0.11111013540141833,9.798442043362043e-10,3.130246323112934e-5,7.547305226997704e-5,0.11111013540141833,-0.1111101410431272
31161,0.1,-0.11111004616668353,1.4981927415267107e-9,3.8706494823565604e-5,7.501082697394164e-5,0.11111004616668353,-0.11111014649029588
31162,0.1,-0.11110995747802876,2.120520223820654e-9,4.6049106656054186e-5,7.448066621444675e-5,0.11110995747802876,-0.11111015178447299
31163,0.1,-0.11110986939706075,2.8429407999022165e-9,5.331923480229453e-5,7.388308092929646e-5,0.11110986939706075,-0.11111015690660726
31164,0.1,-0.1111097819846963,3.6612261077394784e-9,6.0508066468360056e-5,7.321869168193813e-5,0.1111097819846963,-0.11111016183843539
31165,0.25,-0.11110969660556887,4.545788295847389e-9,6.742246136004966e-5,7.249212016038213e-5,0.11110969660556887,-0.11111016575236896
31166,0.625,-0.11110961668508645,5.417237840095977e-9,7.36018874764498e-5,7.070991950719883e-5,0.11110961668508645,-0.11111016678511194
31167,1.5625,-0.11110955170433542,6.0557547557246856e-9,7.781873010866141e-5,6.607755816471532e-5,0.11110955170433542,-0.11111016018758221
31168,3.90625,-0.11110952741923653,5.922054441039166e-9,7.695488575158283e-5,5.408234859837149e-5,0.11110952741923653,-0.11111013674068047
31169,9.765625,-0.11110961093927108,4.097296657230237e-9,6.401012933302227e-5,2.5245033110236883e-5,0.11110961093927108,-0.11111009389873856
31170,24.4140625,-0.11110995229565832,8.309961906343277e-10,2.8827004538007892e-5,3.9230762560325833e-5,0.11110995229565832,-0.11111008742853527
31171,9.765625,-0.11111017574750962,1.702177713770874e-10,1.3046753288733845e-5,0.00010699242185925626,0.11111017574750962,-0.1111101032176353
31172,3.90625,-0.11111035520167975,2.2594698500441958e-11,4.753388107491535e-6,0.00011841422382600799,0.11111035520167975,-0.11111011832699737
31173,1.5625,-0.11111052124074017,1.7598618053743752e-10,1.326597831060482e-5,0.00011786223859394062,0.11111052124074017,-0.11111013196715247
31174,0.625,-0.11111068298797591,5.892718773440916e-10,2.4274922808200475e-5,0.00011566683326076829,0.11111068298797591,-0.11111014484221035
31175,0.25,-0.11111084346973611,1.2531764712258087e-9,3.540023264366787e-5,0.00011393902114203686,0.11111084346973611,-0.11111015741663711
31176,0.1,-0.11111100374913367,2.165140094375425e-9,4.653106590628915e-5,0.00011283226935690616,0.11111100374913367,-0.11111016989132765
31177,0.1,-0.11111116357131177,3.3171960437370554e-9,5.759510433827736e-5,0.00011214849607446984,0.11111116357131177,-0.11111018207059176
31178,0.1,-0.11111132276718949,4.7015612721272464e-9,6.856793180581756e-5,0.00011136311142782088,0.11111132276718949,-0.1111101939102185
31179,0.1,-0.11111148116570184,6.30965016604935e-9,7.94333064026001e-5,0.00011047685740329245,0.11111148116570184,-0.11111020536757306
31180,0.1,-0.11111163859420074,8.132110783558328e-9,9.017821679074347e-5,0.00010949063886462536,0.11111163859420074,-0.11111021640176524
31181,0.25,-0.1111117913359468,1.0103468775002777e-8,0.00010051601253035646,0.00010841119797618115,0.1111117913359468,-0.11111022517240235
31182,0.625,-0.11111193020739935,1.204784471835973e-8,0.00010976267452262509,0.00010575783158972008,0.11111193020739935,-0.11111022753112262
31183,1.5625,-0.11111203049707295,1.3477846041242875e-8,0.00011609412578267203,9.885294648791403e-5,0.11111203049707295,-0.11111021289425473
31184,3.90625,-0.11111203006070894,1.3196206335653002e-8,0.00011487474193944029,8.09528863140489e-5,0.11111203006070894,-0.11111016066250243
31185,9.765625,-0.11111179762809477,9.155621703783924e-9,9.568501295283355e-5,3.773742941575653e-5,0.11111179762809477,-0.1111100648522803
31186,24.4140625,-0.11111130627502797,1.4042563878384847e-10,1.1850132437396997e-5,5.659598818001668e-5,0.11111130627502797,-0.11111012121650404
31187,9.765625,-0.11110997833148557,1.4727264513941462e-10,1.2135594140354835e-5,3.206353899064585e-5,0.11110997833148557,-0.11111012030551723
31188,3.90625,-0.11110947581784138,1.692099773891053e-10,1.3008073546421287e-5,2.1300135322176136e-5,0.11110947581784138,-0.11111011993210695
31189,1.5625,-0.11110907148838588,1.965277870822959e-10,1.4018836866241646e-5,1.662912519817755e-5,0.11110907148838588,-0.11111011984634342
31190,3.90625,-0.11110897251750575,1.9559655064237002e-10,1.3985583671851884e-5,1.4538760570881554e-5,0.11110897251750575,-0.11111011915640114
31191,9.765625,-0.11110959395019218,1.2877455438795132e-10,1.1347887661937412e-5,9.921621784070678e-6,0.11110959395019218,-0.11111011782036896
31192,24.4140625,-0.11111073262571951,2.4100205954795292e-11,4.909196059926237e-6,9.325136568160378e-6,0.11111073262571951,-0.11111011766452661
31193,9.765625,-0.11111018857906264,4.9176718270363485e-12,2.2175824284649147e-6,1.95253415849628e-5,0.11111018857906264,-0.11111011818911613
31194,3.90625,-0.11110999490351062,2.38040488754468e-12,1.5428560812806488e-6,2.088920389549604e-5,0.11110999490351062,-0.11111011864730044
31195,1.5625,-0.11110984322880407,8.670363616618486e-12,2.9445481175587003e-6,2.0520600331004956e-5,0.11110984322880407,-0.11111011905488605
31196,0.625,-0.11110970225441498,2.2566627332498505e-11,4.750434436185653e-6,2.0004201371901003e-5,0.11110970225441498,-0.11111011943775262
31197,0.25,-0.11110956448999214,4.3775659052975294e-11,6.616317635435537e-6,1.962284182885185e-5,0.11110956448999214,-0.11111011981032398
31198,0.1,-0.11110942771716843,7.218765640154422e-11,8.496331938050927e-6,1.9372234789758535e-5,0.11110942771716843,-0.11111012017850568
31199,0.1,-0.11110929524574087,1.0745981733655746e-10,1.0366282715446144e-5,1.9206767742017132e-5,0.11110929524574087,-0.11111012053582656
31200,0.1,-0.1111091675105481,1.492925549661267e-10,1.2218533257561102e-5,1.902943957587062e-5,0.1111091675105481,-0.11111012088128859
31201,0.1,-0.11110904492743716,1.9736769779028742e-10,1.4048761432606343e-5,1.883978267797747e-5,0.11110904492743716,-0.11111012121391828
31202,0.1,-0.11110892789200545,2.5134953771850045e-10,1.5854006992508248e-5,1.8637467377374136e-5,0.11110892789200545,-0.11111012153277626
31203,0.25,-0.11110883204849774,3.0890816122664515e-10,1.7575783374479933e-5,1.8424118226509286e-5,0.11110883204849774,-0.11111012178223147
31204,0.625,-0.11110879222627891,3.6399808089473274e-10,1.907873373404883e-5,1.794623918338993e-5,0.11110879222627891,-0.11111012183949993
31205,1.5625,-0.11110889395309073,4.004975840352231e-10,2.0012435734693143e-5,1.67609330860172e-5,0.11110889395309073,-0.1111101213989677
31206,3.90625,-0.11110931489281471,3.8169987045268356e-10,1.9537140795231108e-5,1.3824341141895476e-5,0.11110931489281471,-0.11111011990058167
31207,9.765625,-0.11111023469031985,2.5524979953141103e-10,1.5976539034828882e-5,7.687448024817276e-6,0.11111023469031985,-0.11111011728893806
31208,24.4140625,-0.11111088694478273,5.120025325833818e-11,7.1554352249418185e-6,1.1564505002080616e-5,0.11111088694478273,-0.11111011699163911
31209,9.765625,-0.11111053966016794,1.0318174240854881e-11,3.2121915012736835e-6,2.7076570135807647e-5,0.11111053966016794,-0.11111011799735193
31210,3.90625,-0.1111104064089528,2.138628302162526e-12,1.462404972011011e-6,2.971902640425362e-5,0.1111104064089528,-0.11111011894344884
31211,1.5625,-0.11111030235215394,1.2607233800126029e-11,3.5506666698137164e-6,2.9485422792274487e-5,0.11111030235215394,-0.11111011979444112
31212,0.625,-0.11111020624857257,3.912700193699023e-11,6.255158026540195e-6,2.888637934362186e-5,0.11111020624857257,-0.11111012059661797
31213,0.25,-0.11111011270176477,8.1092609136993e-11,9.00514348231015e-6,2.842203542635586e-5,0.11111011270176477,-0.1111101213791644
31214,0.1,-0.11111002002321253,1.383133175852735e-10,1.1760668245693929e-5,2.812029562057552e-5,0.11111002002321253,-0.11111012215450614
31215,0.1,-0.11110992908342847,2.1024225056959278e-10,1.4499732775799449e-5,2.792787221913943e-5,0.11110992908342847,-0.11111012291015974
31216,0.1,-0.1111098401264573,2.9635458153995806e-10,1.7214952266560546e-5,2.7712119097260603e-5,0.1111098401264573,-0.11111012364354785
31217,0.1,-0.11110975338884072,3.9607876728806876e-10,1.9901727746305565e-5,2.7473050145761668e-5,0.11110975338884072,-0.1111101243521835
31218,0.1,-0.1111096690989274,5.087986763633099e-10,2.2556566147428335e-5,2.7210753726604447e-5,0.1111096690989274,-0.11111012503368312
31219,0.25,-0.1111095940008324,6.30309385271013e-10,2.51059631416724e-5,2.692711938755643e-5,0.1111095940008324,-0.11111012557358736
31220,0.625,-0.11110954376825447,7.494023728217554e-10,2.7375214571245928e-5,2.6255410865639405e-5,0.11110954376825447,-0.11111012571523712
31221,1.5625,-0.11110955793433083,8.352196031276695e-10,2.8900166143599754e-5,2.453807485613156e-5,0.11110955793433083,-0.11111012480724923
31222,3.90625,-0.11110972245704452,8.128206890873922e-10,2.851001033123966e-5,2.0146508407548804e-5,0.11110972245704452,-0.11111012159868291
31223,9.765625,-0.11111014352172477,5.576186938320909e-10,2.3613951254122868e-5,1.0018690298632755e-5,0.11111014352172477,-0.11111011580043252
31224,24.4140625,-0.11111054895297444,1.1104281433701796e-10,1.0537685435474812e-5,1.5541831965943968e-5,0.11111054895297444,-0.11111011505384505
31225,9.765625,-0.11111044382420514,2.22675446839647e-11,4.718849932342064e-6,3.980300249703902e-5,0.11111044382420514,-0.11111011723441162
31226,3.90625,-0.11111042954097382,3.4955966457565686e-12,1.869651477082445e-6,4.385631540837628e-5,0.11111042954097382,-0.11111011930062133
31227,1.5625,-0.11111042508174405,2.563429960839597e-11,5.063032649351175e-6,4.358391231450722e-5,0.11111042508174405,-0.11111012116214308
31228,0.625,-0.11111042304188677,8.309030551030563e-11,9.115388390535294e-6,4.2741317958318314e-5,0.11111042304188677,-0.11111012291851415
31229,0.25,-0.11111042176087164,1.7458975538457463e-10,1.3213241668287712e-5,4.208568485277631e-5,0.11111042176087164,-0.11111012463356966
31230,0.1,-0.11111042075525258,2.9976383848471715e-10,1.7313689337767303e-5,4.1665013637697066e-5,0.11111042075525258,-0.1111101263346151
31231,0.1,-0.11111042042345727,4.5748598787859023e-10,2.138892208313898e-5,4.140290757178624e-5,0.11111042042345727,-0.11111012799449341
31232,0.1,-0.11111042083615952,6.466637859376692e-10,2.5429584855786956e-5,4.1104008570666696e-5,0.11111042083615952,-0.11111012960727713
31233,0.1,-0.11111042205989391,8.660976729565353e-10,2.942953742342097e-5,4.07685562796584e-5,0.11111042205989391,-0.11111013116725323
31234,0.1,-0.1111104241568212,1.1144858993626899e-9,3.338391677683567e-5,4.039686049162328e-5,0.1111104241568212,-0.11111013266894715
31235,0.25,-0.11111042942865096,1.3827948826789623e-9,3.718595007094699e-5,3.9991573418657043e-5,0.11111042942865096,-0.11111013386079613
31236,0.625,-0.11111044302459817,1.6468309434929445e-9,4.058116488585492e-5,3.9006889752616405e-5,0.11111044302459817,-0.11111013417705863
31237,1.5625,-0.11111047738823557,1.8396814651796316e-9,4.289150807770265e-5,3.6458913129343916e-5,0.11111047738823557,-0.11111013217700759
31238,3.90625,-0.11111055665070246,1.797423688537712e-9,4.2396033877447924e-5,2.988310413295466e-5,0.11111055665070246,-0.11111012506907908
31239,9.765625,-0.1111106918955098,1.2416334612319522e-9,3.523681968100913e-5,1.4261293934576317e-5,0.1111106918955098,-0.11111011210627691
31240,24.4140625,-0.11111068821281106,2.5071514944397327e-10,1.5833987161923974e-5,2.2066413809353393e-5,0.11111068821281106,-0.11111011022059673
31241,9.765625,-0.11111052770115797,5.106278479974681e-11,7.145822891714208e-6,5.907845814523596e-5,0.11111052770115797,-0.1111101150305232
31242,3.90625,-0.11111042902597616,6.9543964041525184e-12,2.637118959044608e-6,6.530988167045506e-5,0.11111042902597616,-0.11111011962346025
31243,1.5625,-0.11111034201428172,5.406769123001452e-11,7.353073590684002e-6,6.498387807917805e-5,0.11111034201428172,-0.11111012376847625
31244,0.625,-0.11111025858633106,1.799425689216436e-10,1.3414267364326819e-5,6.376547055668701e-5,0.11111025858633106,-0.11111012768094325
31245,0.25,-0.11111017642926774,3.817610521560492e-10,1.9538706511845896e-5,6.28090613999117e-5,0.11111017642926774,-0.11111013150203006
31246,0.1,-0.11111009478330075,6.58736189737029e-10,2.5665856497242188e-5,6.219627239380106e-5,0.11111009478330075,-0.11111013529265286
31247,0.1,-0.11111001396540693,1.0084329998224775e-9,3.175583410686102e-5,6.181703815168654e-5,0.11111001396540693,-0.11111013899325739
31248,0.1,-0.11110993408279911,1.4284762600241761e-9,3.779518831841133e-5,6.138219070105928e-5,0.11110993408279911,-0.11111014259049021
31249,0.1,-0.11110985524015814,1.9162487101840135e-9,4.3774978128881043e-5,6.089212072631195e-5,0.11110985524015814,-0.11111014607147676
31250,0.1,-0.11110977753943214,2.4689020175579787e-9,4.9688047029018744e-5,6.0347313409791185e-5,0.11110977753943214,-0.11111014942386828
31251,0.25,-0.11110970382610473,3.0665392148548885e-9,5.537634165286552e-5,5.9751510207918575e-5,0.11110970382610473,-0.11111015208923397
31252,0.625,-0.1111096408382851,3.6557464826762506e-9,6.0462769393042615e-5,5.82904277606926e-5,0.1111096408382851,-0.11111015280941486
31253,1.5625,-0.11110960609397713,4.0885641013392015e-9,6.394188065219229e-5,5.449284704113998e-5,0.11110960609397713,-0.11111014837552105
31254,3.90625,-0.11110964108162852,4.001718219068498e-9,6.325913545938245e-5,4.4660085600186935e-5,0.11110964108162852,-0.11111013254649486
31255,9.765625,-0.11110982083811968,2.774730703525339e-9,5.2675712653227e-5,2.1051510917843693e-5,0.11110982083811968,-0.11111010353038707
31256,24.4140625,-0.11111017036364748,5.680190299235972e-10,2.3833149811210377e-5,3.216250153049906e-5,0.11111017036364748,-0.1111100989358334
31257,9.765625,-0.11111029419363781,1.1756882998753242e-10,1.0842916120100367e-5,8.806410881714695e-5,0.11111029419363781,-0.11111010962106413
31258,3.90625,-0.11111041231643753,1.5021226069801788e-11,3.875722651300244e-6,9.757017342088437e-5,0.11111041231643753,-0.11111011988698707
31259,1.5625,-0.11111052385054108,1.166164250818749e-10,1.0798908513450557e-5,9.716706642833412e-5,0.11111052385054108,-0.1111101291655365
31260,0.625,-0.11111063308197953,3.9442560373459576e-10,1.9860151150849676e-5,9.538459013711545e-5,0.11111063308197953,-0.11111013792656345
31261,0.25,-0.11111074164009413,8.421419311901564e-10,2.901968178995346e-5,9.397470873994043e-5,0.11111074164009413,-0.11111014648356576
31262,0.1,-0.11111085012171411,1.4580308352024269e-9,3.818416995565606e-5,9.307048031966752e-5,0.11111085012171411,-0.11111015497274629
31263,0.1,-0.11111095842430063,2.236744000073342e-9,4.729422797840495e-5,9.251189246058504e-5,0.11111095842430063,-0.11111016326251774
31264,0.1,-0.11111106644965818,3.1730426615877516e-9,5.6329767100421706e-5,9.18697038304212e-5,0.11111106644965818,-0.11111017132286716
31265,0.1,-0.11111117409725298,4.26114426944873e-9,6.527744073911546e-5,9.114452084628786e-5,0.11111117409725298,-0.11111017912484261
31266,0.1,-0.1111112812644237,5.494746845270545e-9,7.41265596481487e-5,9.033708371343298e-5,0.1111112812644237,-0.11111018664066773
31267,0.25,-0.11111138591984791,6.8297489801918475e-9,8.264229534682497e-5,8.945285316576015e-5,0.11111138591984791,-0.11111019262582841
31268,0.625,-0.11111148293543353,8.147602508119766e-9,9.026407097023581e-5,8.727655634845504e-5,0.11111148293543353,-0.11111019427288793
31269,1.5625,-0.11111155816875652,9.119603664251636e-9,9.549661598324642e-5,8.160955519661191e-5,0.11111155816875652,-0.111110184413822
31270,3.90625,-0.11111157417820271,8.93748795036135e-9,9.453828827708566e-5,6.691321189453014e-5,0.11111157417820271,-0.11111014906811735
31271,9.765625,-0.1111114410912312,6.21501725234916e-9,7.883538071417655e-5,3.142858664383039e-5,0.1111114410912312,-0.11111008401280523
31272,24.4140625,-0.11111090623219816,9.29783110874536e-11,9.642526177690865e-6,4.633472815909644e-5,0.11111090623219816,-0.11111012208058425
31273,9.765625,-0.11111012470123945,9.859400968650348e-11,9.929451630704662e-6,2.582707535072002e-5,0.11111012470123945,-0.11111012142912348
31274,3.90625,-0.11110983732013291,1.122062463209729e-10,1.0592744985176076e-5,1.7101452539600832e-5,0.11110983732013291,-0.11111012117552577
31275,1.5625,-0.1111096059795922,1.2909075475299624e-10,1.1361811244383363e-5,1.3430910563035881e-5,0.1111096059795922,-0.11111012111955171
31276,3.90625,-0.11110955502189909,1.2822275987066888e-10,1.1323548907947053e-5,1.1823912157595692e-5,0.11110955502189909,-0.11111012067356334
31277,9.765625,-0.11110992539912384,8.592866105018645e-11,9.269771359110561e-6,8.360531661141042e-6,0.11110992539912384,-0.11111011979593537
31278,24.4140625,-0.11111058438932256,1.6162554226002303e-11,4.020267929628858e-6,8.044878790638652e-6,0.11111058438932256,-0.11111011969694039
31279,9.765625,-0.11111028106557046,3.409423335732403e-12,1.8464623840556305e-6,1.6035583132717265e-5,0.11111028106557046,-0.11111012004477784
31280,3.90625,-0.11111018061339446,1.3419743011879213e-12,1.1584361446311666e-6,1.7243412389435765e-5,0.11111018061339446,-0.11111012035896106
31281,1.5625,-0.1111101034859257,5.148095963252538e-12,2.268941595381542e-6,1.69990823705051e-5,0.1111101034859257,-0.1111101206406042
31282,0.625,-0.11111003221727989,1.400105768920227e-11,3.741798723769395e-6,1.6605275365515727e-5,0.11111003221727989,-0.1111101209057612
31283,0.25,-0.11110996269028517,2.769665798663825e-11,5.262761441167389e-6,1.6307329785892844e-5,0.11110996269028517,-0.11111012116387833
31284,0.1,-0.1111098936968271,4.6158198983024515e-11,6.793982556867843e-6,1.6109218385648203e-5,0.1111098936968271,-0.11111012141891838
31285,0.1,-0.11110982714366387,6.917618381766292e-11,8.317222121457556e-6,1.5977306918804644e-5,0.11110982714366387,-0.11111012166679181
31286,0.1,-0.11110976327197225,9.656147498862303e-11,9.826569848559721e-6,1.5836070655314853e-5,0.11110976327197225,-0.11111012190683671
31287,0.1,-0.11110970231188332,1.2811293758177543e-10,1.1318698581629226e-5,1.5685110456657126e-5,0.11110970231188332,-0.1111101221384062
31288,0.1,-0.11110964448177046,1.6361797955705574e-10,1.2791324386358737e-5,1.5524138605323622e-5,0.11110964448177046,-0.11111012236087249
31289,0.25,-0.1111095986112997,2.016419328386414e-10,1.4200068057535549e-5,1.5354405701678177e-5,0.1111095986112997,-0.11111012253785531
31290,0.625,-0.11110958429388378,2.384307933713189e-10,1.544120440157823e-5,1.4975482074842845e-5,0.11110958429388378,-0.11111012258851995
31291,1.5625,-0.11110964947075022,2.6384187824257144e-10,1.624321021973709e-5,1.4035171593238276e-5,0.11110964947075022,-0.11111012230972983
31292,3.90625,-0.11110989280170985,2.5407859848385376e-10,1.593984311352699e-5,1.1695980974719766e-5,0.11110989280170985,-0.11111012131997249
31293,9.765625,-0.1111104082036923,1.723930552387163e-10,1.3129853587862901e-5,6.762394374729553e-6,0.1111104082036923,-0.11111011955251177
31294,24.4140625,-0.1111107376737165,3.481230598188038e-11,5.900195418956934e-6,9.604460177938315e-6,0.1111107376737165,-0.11111011933462993
31295,9.765625,-0.11111052492058589,7.337716613492265e-12,2.70882199738046e-6,2.238452670256585e-5,0.11111052492058589,-0.11111012001544718
31296,3.90625,-0.11111043612729508,1.6202251079744903e-12,1.2728806338280468e-6,2.45726266935464e-5,0.11111043612729508,-0.11111012066148691
31297,1.5625,-0.11111036467269715,8.47392757240615e-12,2.911001128891253e-6,2.4400609596210496e-5,0.11111036467269715,-0.11111012124474748
31298,0.625,-0.11111029800597073,2.615537060822318e-11,5.1142321621356986e-6,2.392148520092849e-5,0.11111029800597073,-0.11111012179544448
31299,0.25,-0.1111102328897849,5.425709647358116e-11,7.365941655591711e-6,2.3547932118555904e-5,0.1111102328897849,-0.11111012233300911
31300,0.1,-0.11111016830327149,9.265170015260779e-11,9.62557531540883e-6,2.330499628257637e-5,0.11111016830327149,-0.1111101228657683
31301,0.1,-0.1111101047455158,1.4097740144843866e-10,1.1873390478226455e-5,2.3150249857323857e-5,0.1111101047455158,-0.11111012338535758
31302,0.1,-0.11111004236358546,1.9888571620853304e-10,1.4102684716341533e-5,2.2976397572483336e-5,0.11111004236358546,-0.11111012389002774
31303,0.1,-0.11110998130031004,2.6599665959176504e-10,1.6309404023193644e-5,2.2783465197184453e-5,0.11110998130031004,-0.11111012437809081
31304,0.1,-0.11110992169388306,3.4190014603416576e-10,1.849054206977626e-5,2.257153761085112e-5,0.11110992169388306,-0.11111012484792775
31305,0.25,-0.11110986755170597,4.237980624844226e-10,2.058635622164405e-5,2.2342127212790724e-5,0.11110986755170597,-0.11111012522253978
31306,0.625,-0.11110982822206299,5.042202960742175e-10,2.245485016815337e-5,2.1797411876538675e-5,0.11110982822206299,-0.11111012532904692
31307,1.5625,-0.11110982738761126,5.625596640114089e-10,2.3718340245712998e-5,2.0403424932880384e-5,0.11110982738761126,-0.11111012472794433
31308,3.90625,-0.11110991714296599,5.485562388032779e-10,2.3421277480173406e-5,1.6841140826302758e-5,0.11110991714296599,-0.11111012257134781
31309,9.765625,-0.11111016589916477,3.7774735223806675e-10,1.9435723609839352e-5,8.703486582831139e-6,0.11111016589916477,-0.11111011864689352
31310,24.4140625,-0.11111043569584288,7.598005575240966e-11,8.716653930976591e-6,1.2934976915473384e-5,0.11111043569584288,-0.11111011811225628
31311,9.765625,-0.11111040279345609,1.5512080594568537e-11,3.938537875223309e-6,3.284657837832677e-5,0.11111040279345609,-0.11111011959201231
31312,3.90625,-0.11111041676049543,2.426636992955077e-12,1.5577666683284365e-6,3.6217291967035735e-5,0.11111041676049543,-0.11111012100131831
31313,1.5625,-0.11111043463661364,1.7084731193921655e-11,4.133368020624543e-6,3.601554508290939e-5,0.11111043463661364,-0.1111101222735111
31314,0.625,-0.1111104533242025,5.5692435213998856e-11,7.462736442753346e-6,3.533486079672019e-5,0.1111104533242025,-0.11111012347479174
31315,0.25,-0.11111047224860233,1.1738676127788412e-10,1.083451712250639e-5,3.4802780951191996e-5,0.11111047224860233,-0.11111012464816741
31316,0.1,-0.11111049126412313,2.0192091982949329e-10,1.4209888100526805e-5,3.4461402286722795e-5,0.11111049126412313,-0.11111012581212457
31317,0.1,-0.11111051057980444,3.085422703837035e-10,1.756537134203839e-5,3.424918549905471e-5,0.11111051057980444,-0.11111012694838661
31318,0.1,-0.11111053021795753,4.3651873983068547e-10,2.0893030891440462e-5,3.400672046026307e-5,0.11111053021795753,-0.11111012805292093
31319,0.1,-0.11111055019855655,5.850454214044385e-10,2.418771219864414e-5,3.3734206896939826e-5,0.11111055019855655,-0.11111012912183907
31320,0.1,-0.1111105705391315,7.532478894720839e-10,2.744536189362574e-5,3.34319019194533e-5,0.1111105705391315,-0.11111013015141383
31321,0.25,-0.11111059215948418,9.350468476156256e-10,3.0578535733674787e-5,3.310192332149143e-5,0.11111059215948418,-0.11111013097146372
31322,0.625,-0.11111061702093357,1.1141423112501834e-9,3.337877036755823e-5,3.229742923838192e-5,0.11111061702093357,-0.11111013119891351
31323,1.5625,-0.11111064957601752,1.2454140705513646e-9,3.529042462979674e-5,3.0212814231408322e-5,0.11111064957601752,-0.1111101298573192
31324,3.90625,-0.11111069678292089,1.2181697074264917e-9,3.4902287997013775e-5,2.4832936229280244e-5,0.11111069678292089,-0.11111012505000933
31325,9.765625,-0.1111107495676539,8.436761288989217e-10,2.9046103506303933e-5,1.2114034681842802e-5,0.1111107495676539,-0.11111011624437375
31326,24.4140625,-0.11111067377858075,1.7210074003156262e-10,1.3118717164096596e-5,1.822000397545047e-5,0.11111067377858075,-0.11111011489465901
31327,9.765625,-0.11111054591567578,3.5520005940718706e-11,5.959866268694182e-6,4.8745983683669725e-5,0.11111054591567578,-0.11111011816289043
31328,3.90625,-0.11111045901489254,4.70223394572818e-12,2.1684634988231136e-6,5.3944544442985084e-5,0.11111045901489254,-0.11111012129811322
31329,1.5625,-0.11111038087968854,3.594795666342718e-11,5.9956614867274805e-6,5.3709309412266096e-5,0.11111038087968854,-0.11111012413202666
31330,0.625,-0.1111103055248792,1.2077372210682449e-10,1.0989709828144894e-5,5.2722758868853933e-5,0.1111103055248792,-0.11111012680847869
31331,0.25,-0.11111023116222339,2.572635161194831e-10,1.603943627810788e-5,5.194454673160198e-5,0.11111023116222339,-0.11111012942296489
31332,0.1,-0.11111015719332205,4.448887523705829e-10,2.1092386123210026e-5,5.144597525953677e-5,0.11111015719332205,-0.11111013201689436
31333,0.1,-0.1111100838233612,6.820162340406741e-10,2.61154405293243e-5,5.1138203388279184e-5,0.1111100838233612,-0.11111013455009419
31334,0.1,-0.11111001113588952,9.670481711968658e-10,3.1097398141916405e-5,5.078456791952151e-5,0.11111001113588952,-0.11111013701345351
31335,0.1,-0.11110993921290596,1.2982217925123988e-9,3.603084501524213e-5,5.038539306458545e-5,0.11110993921290596,-0.1111101393981839
31336,0.1,-0.11110986813472717,1.6736167268086478e-9,4.0909860997180715e-5,4.994108025560703e-5,0.11110986813472717,-0.11111014169585194
31337,0.25,-0.11110980002353234,2.079793068895763e-9,4.560474831523317e-5,4.9454628645565425e-5,0.11110980002353234,-0.1111101435275483
31338,0.625,-0.11110973996047498,2.4806338192582097e-9,4.980596168390095e-5,4.825729787753293e-5,0.11110973996047498,-0.11111014403880115
31339,1.5625,-0.1111097013081509,2.776019370805482e-9,5.268794331538746e-5,4.5140357285104556e-5,0.1111097013081509,-0.11111014104847029
31340,3.90625,-0.11110971654136922,2.719856360942105e-9,5.215224214683492e-5,3.7066323111850576e-5,0.11110971654136922,-0.11111013030479142
31341,9.765625,-0.11110984938752995,1.8904864564126907e-9,4.347972465888774e-5,1.7716331351011944e-5,0.11110984938752995,-0.11111011053415348
31342,24.4140625,-0.11111015141505207,3.9083631573725123e-10,1.9769580565536824e-5,2.6453273319296024e-5,0.11111015141505207,-0.11111010724571903
31343,9.765625,-0.11111027998083746,8.195646890172708e-11,9.052981216247336e-6,7.269203668341882e-5,0.11111027998083746,-0.1111101145149425
31344,3.90625,-0.11111039489522945,1.0250080315319057e-11,3.2015746618373677e-6,8.063150558898965e-5,0.11111039489522945,-0.11111012153014273
31345,1.5625,-0.11111050259592359,7.776865525051758e-11,8.818653823034306e-6,8.034601972375521e-5,0.11111050259592359,-0.11111012787941228
31346,0.625,-0.11111060782615785,2.6544430906179793e-10,1.6292461725037072e-5,7.889865338534567e-5,0.11111060782615785,-0.11111013387726897
31347,0.25,-0.11111071228397501,5.689735810654625e-10,2.385316710764972e-5,7.774792612872013e-5,0.11111071228397501,-0.11111013973628453
31348,0.1,-0.11111081657921466,9.8718386083538e-10,3.141948218598422e-5,7.700957255680724e-5,0.11111081657921466,-0.11111014554925787
31349,0.1,-0.11111092060019907,1.5164735403070266e-9,3.894192522599552e-5,7.655419576824938e-5,0.11111092060019907,-0.11111015122720627
31350,0.1,-0.11111102425177334,2.153305055875035e-9,4.6403718125545015e-5,7.602976770849817e-5,0.11111102425177334,-0.1111101567496141
31351,0.1,-0.11111112743739053,2.893769581086481e-9,5.379376898011963e-5,7.54367903977697e-5,0.11111112743739053,-0.11111016209668509
31352,0.1,-0.11111123005928863,3.733603485932179e-9,6.110321993096745e-5,7.477587521267162e-5,0.11111123005928863,-0.11111016724941843
31353,0.25,-0.11111133008432245,4.642935117068357e-9,6.813908655880527e-5,7.405142396086408e-5,0.11111133008432245,-0.11111017136143013
31354,0.625,-0.11111142242750892,5.541394864755755e-9,7.444054583864734e-5,7.226336609102297e-5,0.11111142242750892,-0.11111017252177317
31355,1.5625,-0.11111149318146021,6.205994626328084e-9,7.877813545856542e-5,6.760149802882714e-5,0.11111149318146021,-0.11111016584756926
31356,3.90625,-0.11111150601938652,6.08786440320273e-9,7.802476788304294e-5,5.5505435936645646e-5,0.11111150601938652,-0.11111014179541948
31357,9.765625,-0.11111137603401881,4.242946509473369e-9,6.513790378476552e-5,2.6309528775104965e-5,0.11111137603401881,-0.11111009737301514
31358,24.4140625,-0.1111109606040148,8.855983935740654e-10,2.9759005251756408e-5,3.887890285305935e-5,0.1111109606040148,-0.11111008957451625
31359,9.765625,-0.1111107268685298,1.8722026047220062e-10,1.3682845481558309e-5,0.00010869167462817045,0.1111107268685298,-0.11111010583155523
31360,3.90625,-0.11111053491539573,2.162687429080729e-11,4.650470330064185e-6,0.00012075894815375465,0.11111053491539573,-0.11111012158812796
31361,1.5625,-0.1111103572990533,1.688512155490833e-10,1.2994276261072923e-5,0.0001204043897889686,0.1111103572990533,-0.11111013586235453
31362,0.625,-0.1111101847749205,5.859443316809402e-10,2.4206287027979738e-5,0.00011826723494879355,0.1111101847749205,-0.11111014934822556
31363,0.25,-0.11111001427511243,1.2631903913874358e-9,3.554138983477483e-5,0.00011655702861664898,0.11111001427511243,-0.11111016252113576
31364,0.1,-0.11110984473634809,2.1979441670659524e-9,4.688223722334454e-5,0.00011545742779267443,0.11110984473634809,-0.11111017558972959
31365,0.1,-0.11110967635349157,3.3821995014231936e-9,5.815668062590225e-5,0.00011477880216660155,0.11110967635349157,-0.11111018835633636
31366,0.1,-0.11110950926013378,4.8080692368848914e-9,6.934024254994275e-5,0.00011399673930182047,0.11110950926013378,-0.1111102007748562
31367,0.1,-0.11110934358708945,6.466834663662028e-9,8.041663176023992e-5,0.00011311197568201422,0.11110934358708945,-0.11111021280079003
31368,0.1,-0.11110917946235581,8.348982041383753e-9,9.13727642209852e-5,0.00011212540994692776,0.11110917946235581,-0.11111022439141456
31369,0.25,-0.11110902009276999,1.0387932179914667e-8,0.00010192120574205678,0.00011104352839539149,0.11110902009276999,-0.11111023365227514
31370,0.625,-0.11110887332685382,1.2404422554894502e-8,0.00011137514334399082,0.00010837083959592731,0.11110887332685382,-0.11111023630208589
31371,1.5625,-0.11110876040626505,1.3900777217877697e-8,0.00011790155731744046,0.00010139798164448077,0.11110876040626505,-0.11111022139188954
31372,3.90625,-0.11110873671637186,1.3650654596985181e-8,0.00011683601583837571,8.328975261107396e-5,0.11110873671637186,-0.11111016747281667
31373,9.765625,-0.1111089347602566,9.537875359959766e-9,9.766204667095486e-5,3.941741966666235e-5,0.1111089347602566,-0.1111100675448373
31374,24.4140625,-0.1111096966854648,1.409461057052093e-10,1.187207251094809e-5,5.6336165325003955e-5,0.1111096966854648,-0.11111012502136768
31375,9.765625,-0.11111088875208795,1.4768657042720922e-10,1.215263635707122e-5,3.207433079448743e-5,0.11111088875208795,-0.11111012411755765
31376,3.90625,-0.11111133259787648,1.6943484323416745e-10,1.301671399525116e-5,2.1378075579798558e-5,0.11111133259787648,-0.1111101237477178
31377,1.5625,-0.11111168981302812,1.9677443570593438e-10,1.4027631150908353e-5,1.674492789473446e-5,0.11111168981302812,-0.11111012366562456
31378,3.90625,-0.11111177178636743,1.962132669992698e-10,1.4007614607750664e-5,1.4669478977456855e-5,0.11111177178636743,-0.11111012297685911
31379,9.765625,-0.11111120894602353,1.3012820992598156e-10,1.1407375242621834e-5,1.0069061810436362e-5,0.11111120894602353,-0.11111012162742721
31380,24.4140625,-0.11111020178477352,2.4627832584914984e-11,4.9626437092456054e-6,9.341321905014721e-6,0.11111020178477352,-0.1111101214523798
31381,9.765625,-0.11111068776810872,5.086846853934498e-12,2.255403922567862e-6,1.9590467989959635e-5,0.11111068776810872,-0.11111012197870433
31382,3.90625,-0.11111085609616213,2.171167096668406e-12,1.473488071437433e-6,2.1039754003165002e-5,0.11111085609616213,-0.11111012244545854
31383,1.5625,-0.11111098698816724,8.19090252718866e-12,2.861975284168027e-6,2.0709158017188094e-5,0.11111098698816724,-0.11111012286204648
31384,0.625,-0.1111111084173642,2.190506149669244e-11,4.68028433929953e-6,2.0209093304939403e-5,0.1111111084173642,-0.11111012325368398
31385,0.25,-0.11111122703001756,4.301327715213453e-11,6.558450819525487e-6,1.9835297798822933e-5,0.11111122703001756,-0.11111012363483896
31386,0.1,-0.11111134478679736,7.140427673450646e-11,8.450105131565314e-6,1.958868338003125e-5,0.11111134478679736,-0.11111012401151464
31387,0.1,-0.11111145869484991,1.0674551780574128e-10,1.0331772249025879e-5,1.9425672881115875e-5,0.11111145869484991,-0.11111012437734201
31388,0.1,-0.11111156836656676,1.4874285522632274e-10,1.2196018006969437e-5,1.9250620432415523e-5,0.11111156836656676,-0.11111012473129904
31389,0.1,-0.11111167343145255,1.9708340463548433e-10,1.4038639700322975e-5,1.9063068978171628e-5,0.11111167343145255,-0.11111012507238693
31390,0.1,-0.1111117735372677,2.5143653105412745e-10,1.5856750330825276e-5,1.8862694999012334e-5,0.1111117735372677,-0.11111012539964138
31391,0.25,-0.11111185465006529,3.0952474886762174e-10,1.759331545978818e-5,1.8651074767174776e-5,0.11111185465006529,-0.11111012565724734
31392,0.625,-0.1111118855638058,3.6541816870722205e-10,1.9115914017049302e-5,1.817562835972701e-5,0.1111118855638058,-0.11111012572157047
31393,1.5625,-0.1111117897655616,4.0322834464064987e-10,2.0080546422860356e-5,1.699317001420971e-5,0.1111117897655616,-0.11111012528343477
31394,3.90625,-0.1111114090034996,3.8638807533950765e-10,1.9656756480648267e-5,1.4050135831028873e-5,0.1111114090034996,-0.1111101237688286
31395,9.765625,-0.11111058779430648,2.6106396317144427e-10,1.615747391059148e-5,7.789270907674526e-6,0.11111058779430648,-0.11111012108944611
31396,24.4140625,-0.11111003446066987,5.369804613711194e-11,7.327895068647745e-6,1.1388093997507042e-5,0.11111003446066987,-0.11111012072009376
31397,9.765625,-0.11111035887376045,1.1136805027164904e-11,3.3371851952154087e-6,2.735764035109372e-5,0.11111035887376045,-0.1111101217449195
31398,3.90625,-0.11111048593208066,2.0206449006111756e-12,1.42149389749347e-6,3.013835801924944e-5,0.11111048593208066,-0.11111012272063546
31399,1.5625,-0.11111058597599784,1.2068413570471066e-11,3.473962229281007e-6,2.9952325894075632e-5,0.11111058597599784,-0.11111012360116616
31400,0.625,-0.1111106786764595,3.860610683577072e-11,6.213381272364567e-6,2.937001432578011e-5,0.1111106786764595,-0.11111012443192012
31401,0.25,-0.11111076904497483,8.101017725174601e-11,9.000565385115872e-6,2.891225590317502e-5,0.11111076904497483,-0.11111012524249243
31402,0.1,-0.1111108586519363,1.390878511819777e-10,1.179355125405311e-5,2.8613882697870304e-5,0.1111108586519363,-0.11111012604565543
31403,0.1,-0.1111109466600711,2.1229628510716425e-10,1.4570390698507856e-5,2.8423815053328034e-5,0.1111109466600711,-0.11111012682890888
31404,0.1,-0.11111103283846835,3.0011022880720354e-10,1.7323689815025075e-5,2.821000203061316e-5,0.11111103283846835,-0.11111012758958407
31405,0.1,-0.11111111696286217,4.0195623465406537e-10,2.0048846217527466e-5,2.7972462801800984e-5,0.11111111696286217,-0.11111012832510397
31406,0.1,-0.1111111988162879,5.172147863430187e-10,2.2742356657633762e-5,2.771128930719176e-5,0.1111111988162879,-0.1111101290329957
31407,0.25,-0.1111112720117388,6.41656328986498e-10,2.533093620430358e-5,2.742830104370225e-5,0.1111112720117388,-0.11111012959659795
31408,0.625,-0.1111113217023374,7.639782441763567e-10,2.7640156370331132e-5,2.6754691669202448e-5,0.1111113217023374,-0.11111012975362386
31409,1.5625,-0.11111131040566562,8.529971696226343e-10,2.9206115277842656e-5,2.502770650530858e-5,0.11111131040566562,-0.11111012883671424
31410,3.90625,-0.11111115640615675,8.326974407599579e-10,2.8856497375113944e-5,2.0601238600887056e-5,0.11111115640615675,-0.11111012555534648
31411,9.765625,-0.11111075730371553,5.753493879717438e-10,2.3986441753035062e-5,1.0321609552319062e-5,0.11111075730371553,-0.11111011956365964
31412,24.4140625,-0.1111103621598034,1.1767619483254577e-10,1.0847865911438332e-5,1.5407633802390613e-5,0.1111103621598034,-0.11111011865395985
31413,9.765625,-0.11111044960273721,2.4274444420418463e-11,4.926910230602793e-6,4.0367157436702396e-5,0.11111044960273721,-0.11111012089325388
31414,3.90625,-0.11111045418473821,3.2944347575808587e-12,1.8150577835377194e-6,4.463959220744612e-5,0.11111045418473821,-0.11111012303976901
31415,1.5625,-0.11111045041561766,2.4688351391982997e-11,4.968737404208739e-6,4.443434274813013e-5,0.11111045041561766,-0.11111012497972853
31416,0.625,-0.11111044471937319,8.263719739497193e-11,9.090500392991133e-6,4.3611656673678e-5,0.11111044471937319,-0.11111012681157599
31417,0.25,-0.11111043849165818,1.7581310847814754e-10,1.3259453551264755e-5,4.29621156013082e-5,0.11111043849165818,-0.11111012860055428
31418,0.1,-0.11111043213309009,3.0383712433705297e-10,1.7430924368404934e-5,4.254396290213368e-5,0.11111043213309009,-0.11111013037494542
31419,0.1,-0.11111042528156452,4.6557839707617675e-10,2.1577265746061912e-5,4.228366842392559e-5,0.11111042528156452,-0.11111013210734637
31420,0.1,-0.11111041787395552,6.599317228176237e-10,2.5689136280101432e-5,4.198592160784597e-5,0.11111041787395552,-0.11111013379159175
31421,0.1,-0.11111040985032283,8.856810084388301e-10,2.9760393284344046e-5,4.1650964558397797e-5,0.11111040985032283,-0.11111013542173527
31422,0.1,-0.11111040115416809,1.1415042687412785e-9,3.378615498604833e-5,4.127910862272565e-5,0.11111040115416809,-0.11111013699207294
31423,0.25,-0.11111038975495285,1.4182309115041273e-9,3.76594066801925e-5,4.087292674023732e-5,0.11111038975495285,-0.11111013824430699
31424,0.625,-0.11111037111830223,1.6912466120645397e-9,4.112476883904078e-5,3.988152887701539e-5,0.11111037111830223,-0.11111013859614327
31425,1.5625,-0.1111103343699949,1.8923577112478994e-9,4.350123804270287e-5,3.731003662540138e-5,0.1111103343699949,-0.11111013656137231
31426,3.90625,-0.11111025912354923,1.8540107009832345e-9,4.305822454518108e-5,3.0661635036363355e-5,0.11111025912354923,-0.11111012924270099
31427,9.765625,-0.11111014179103933,1.2891585312310619e-9,3.59048538672846e-5,1.4795776754639226e-5,0.11111014179103933,-0.111110115767371
31428,24.4140625,-0.11111018428401079,2.6705792155705826e-10,1.634190691311936e-5,2.196088582390599e-5,0.11111018428401079,-0.11111011351221586
31429,9.765625,-0.11111035717814846,5.589518436561452e-11,7.476308204295388e-6,6.010948404436825e-5,0.11111035717814846,-0.1111101184826593
31430,3.90625,-0.11111046629744183,6.665293432723048e-12,2.581722958166319e-6,6.667873952429918e-5,0.11111046629744183,-0.11111012328208196
31431,1.5625,-0.11111056312641779,5.248807024853165e-11,7.244865095261033e-6,6.644797709228582e-5,0.11111056312641779,-0.11111012762661782
31432,0.625,-0.11111065630071908,1.8032650547217608e-10,1.3428570492505003e-5,6.525365582840015e-5,0.11111065630071908,-0.11111013173063233
31433,0.25,-0.11111074832939302,3.8722811662068106e-10,1.9678112628519053e-5,6.43024821345003e-5,0.11111074832939302,-0.11111013573930183
31434,0.1,-0.11111084004530712,6.723812601265807e-10,2.5930315465234522e-5,6.369109308975099e-5,0.11111084004530712,-0.11111013971607801
31435,0.1,-0.11111093107553378,1.0333259291037672e-9,3.214538736901093e-5,6.331312858412728e-5,0.11111093107553378,-0.11111014360043218
31436,0.1,-0.11111102129022389,1.467643901696718e-9,3.830984079445799e-5,6.287839207671811e-5,0.11111102129022389,-0.11111014737839797
31437,0.1,-0.11111111056063011,1.9726646127655776e-9,4.4414689155341136e-5,6.238727458634938e-5,0.11111111056063011,-0.11111015103649613
31438,0.1,-0.11111119875941351,2.545476291266395e-9,5.0452713418273104e-5,6.184026161462053e-5,0.11111119875941351,-0.11111015456178763
31439,0.25,-0.11111128257490245,3.165733547807802e-9,5.6264851797616974e-5,6.124099413297634e-5,0.11111128257490245,-0.11111015737716173
31440,0.625,-0.1111113541140521,3.7787001057860645e-9,6.147113229627435e-5,5.976477017621925e-5,0.1111113541140521,-0.1111101581793846
31441,1.5625,-0.11111139277795223,4.2325015417544615e-9,6.505767857643294e-5,5.591903137451213e-5,0.11111139277795223,-0.11111015363767311
31442,3.90625,-0.11111134970046327,4.15323184773419e-9,6.44455727551101e-5,4.594542037870185e-5,0.11111134970046327,-0.11111013723752415
31443,9.765625,-0.11111113725810799,2.8972213006497554e-9,5.3825842312496655e-5,2.1912517206254485e-5,0.11111113725810799,-0.11111010690756111
31444,24.4140625,-0.11111073455317973,6.071192703830584e-10,2.463979038837503e-5,3.213761204623823e-5,0.11111073455317973,-0.11111010149310646
31445,9.765625,-0.1111106024196744,1.2883653081213354e-10,1.135061808062158e-5,8.985570996006337e-5,0.1111106024196744,-0.11111011259789544
31446,3.90625,-0.11111047477444658,1.4622595841978847e-11,3.823950292822704e-6,9.987095810486014e-5,0.11111047477444658,-0.11111012337829865
31447,1.5625,-0.11111035445486793,1.1418565651796935e-10,1.0685768878184169e-5,9.959856060630914e-5,0.11111035445486793,-0.1111101331492743
31448,0.625,-0.11111023701976175,3.981492962706169e-10,1.9953678765345925e-5,9.784180149510764e-5,0.11111023701976175,-0.11111014238184223
31449,0.25,-0.11111012078892456,8.598598146084457e-10,2.9323366358732512e-5,9.643267692893768e-5,0.11111012078892456,-0.11111015140025915
31450,0.1,-0.11111000515783492,1.4975034520668629e-9,3.869758974492937e-5,9.552579138811715e-5,0.11111000515783492,-0.11111016034709904
31451,0.1,-0.11110989019353779,2.3056275771658985e-9,4.8016950935746626e-5,9.496572417314046e-5,0.11110989019353779,-0.11111016908777765
31452,0.1,-0.11110977597135037,3.278853945118867e-9,5.726127788583544e-5,9.432022547401411e-5,0.11110977597135037,-0.11111017759078932
31453,0.1,-0.11110966256567752,4.411236608155415e-9,6.641714092126681e-5,9.358990536403336e-5,0.11110966256567752,-0.11111018582572074
31454,0.1,-0.11110955005004426,5.696286812325209e-9,7.547374916038827e-5,9.277550780558766e-5,0.11110955005004426,-0.11111019376336986
31455,0.25,-0.1111094401452027,7.088642734968796e-9,8.419407779035765e-5,9.188238903662655e-5,0.1111094401452027,-0.11111020011080557
31456,0.625,-0.11110933715674708,8.466143451232047e-9,9.201164845405198e-5,8.967644112965086e-5,0.11110933715674708,-0.11111020194519936
31457,1.5625,-0.1111092530932504,9.489566894018859e-9,9.741440804120743e-5,8.392157536841017e-5,0.1111092530932504,-0.11111019178929384
31458,3.90625,-0.11110922136531921,9.322648034979113e-9,9.655386079789411e-5,6.897666206360684e-5,0.11110922136531921,-0.11111015498187618
31459,9.765625,-0.11110933390457998,6.520348234122665e-9,8.074867326540211e-5,3.278170834416299e-5,0.11110933390457998,-0.11111008666416666
31460,24.4140625,-0.11111005798511987,9.468262424073048e-11,9.730499691214757e-6,4.646607702259463e-5,0.11111005798511987,-0.11111012590181202
31461,9.765625,-0.11111075299510553,1.0022642898803382e-10,1.0011315047886258e-5,2.6035519205530017e-5,0.11111075299510553,-0.11111012524776226
31462,3.90625,-0.11111100269931642,1.1395673713922176e-10,1.0675052090702965e-5,1.729890216575678e-5,0.11111100269931642,-0.11111012499317524
31463,1.5625,-0.11111120389575857,1.3115639133256707e-10,1.1452353091507748e-5,1.362486028811537e-5,0.11111120389575857,-0.11111012493875068
31464,3.90625,-0.11111124384168887,1.305121191044473e-10,1.1424190085272886e-5,1.2012583288627357e-5,0.11111124384168887,-0.11111012448664864
31465,9.765625,-0.1111109107445435,8.79468755400548e-11,9.377999548947248e-6,8.519645021615868e-6,0.1111109107445435,-0.11111012358806548
31466,24.4140625,-0.11111033593370724,1.6696812697616905e-11,4.086173356285427e-6,8.095525210691296e-6,0.11111033593370724,-0.11111012347602328
31467,9.765625,-0.11111060033355745,3.554994187138923e-12,1.8854692220078596e-6,1.6188384687606153e-5,0.11111060033355745,-0.11111012382972153
31468,3.90625,-0.11111068377861058,1.2515982372408007e-12,1.1187485138496502e-6,1.746049619602746e-5,0.11111068377861058,-0.11111012415289853
31469,1.5625,-0.11111074692709849,4.967895165802093e-12,2.2288775573822115e-6,1.7238247050117875e-5,0.11111074692709849,-0.11111012444328296
31470,0.625,-0.11111080503882713,1.385401807377461e-11,3.722098611505962e-6,1.6851454906646882e-5,0.11111080503882713,-0.11111012471680788
31471,0.25,-0.11111086167075086,2.76989709294687e-11,5.262981182701369e-6,1.6555711138733434e-5,0.11111086167075086,-0.11111012498308263
31472,0.1,-0.11111091785982634,4.6424013105727657e-11,6.8135169410318235e-6,1.635834493569236e-5,0.11111091785982634,-0.11111012524618061
31473,0.1,-0.11111097190929635,6.982175205438832e-11,8.355941123200207e-6,1.6226745489300272e-5,0.11111097190929635,-0.11111012550200716
31474,0.1,-0.11111102360929859,9.770296671799585e-11,9.884481105146382e-6,1.608561783490947e-5,0.11111102360929859,-0.11111012574987712
31475,0.1,-0.11111107275976488,1.2986617642792106e-10,1.1395884188070755e-5,1.593456790391595e-5,0.11111107275976488,-0.11111012598912029
31476,0.1,-0.11111111917105586,1.6609816050004758e-10,1.2887907529930822e-5,1.577331079154679e-5,0.11111111917105586,-0.11111012621908634
31477,0.25,-0.11111115508135187,2.0497014038396602e-10,1.4316778282280062e-5,1.5603081460578754e-5,0.11111115508135187,-0.11111012640275604
31478,0.625,-0.11111116330004628,2.427325877690501e-10,1.5579877655779267e-5,1.5222326858810184e-5,0.11111116330004628,-0.11111012645764026
31479,1.5625,-0.11111110186415993,2.6921464631651053e-10,1.6407761770470417e-5,1.4275618247985277e-5,0.11111110186415993,-0.111110126175695
31480,3.90625,-0.11111088498859593,2.603452825685727e-10,1.6135218702223182e-5,1.1911647891909805e-5,0.11111088498859593,-0.11111012516232766
31481,9.765625,-0.11111043480164466,1.7807980967930047e-10,1.3344654723120433e-5,6.852140077579035e-6,0.11111043480164466,-0.11111012333191246
31482,24.4140625,-0.11111017105968637,3.672938130429206e-11,6.060476986532666e-6,9.537162696281632e-6,0.11111017105968637,-0.1111101230695578
31483,9.765625,-0.11111036947085076,7.899955800622e-12,2.8106860017835503e-6,2.2721300518597066e-5,0.11111036947085076,-0.11111012377035732
31484,3.90625,-0.11111045478765973,1.5624369978692983e-12,1.2499747988936811e-6,2.502059151707696e-5,0.11111045478765973,-0.11111012444187345
31485,1.5625,-0.11111052415051131,8.263952474307227e-12,2.874709111250602e-6,2.4879651247898806e-5,0.11111052415051131,-0.11111012504965764
31486,0.625,-0.1111105891092762,2.6191420066957735e-11,5.117755373887827e-6,2.440801279708163e-5,0.1111105891092762,-0.11111012562384416
31487,0.25,-0.11111065265926058,5.492036765251711e-11,7.410827730592387e-6,2.4035713054522216e-5,0.11111065265926058,-0.11111012618437131
31488,0.1,-0.11111071574758508,9.431963263654085e-11,9.711829520566187e-6,2.379278069223543e-5,0.11111071574758508,-0.11111012673988252
31489,0.1,-0.11111077789646961,1.440241316655751e-10,1.2001005443944067e-5,2.3638008270173324e-5,0.11111077789646961,-0.11111012728189582
31490,0.1,-0.1111108389669217,2.0367973392407751e-10,1.4271640898091485e-5,2.3463730804551378e-5,0.1111108389669217,-0.11111012780858824
31491,0.1,-0.11111089882362314,2.728996004914616e-10,1.6519673135127752e-5,2.326997615332467e-5,0.11111089882362314,-0.1111101283181992
31492,0.1,-0.11111095733530596,3.5126560411323316e-10,1.874208110411523e-5,2.305683073088126e-5,0.11111095733530596,-0.11111012880903907
31493,0.25,-0.11111101071729514,4.359277817475371e-10,2.0878883632693036e-5,2.28257806141662e-5,0.11111101071729514,-0.11111012920182724
31494,0.625,-0.11111105013478408,5.192626800548269e-10,2.2787335957825938e-5,2.2275441559974602e-5,0.11111105013478408,-0.11111012931817141
31495,1.5625,-0.11111105317092258,5.802041821421301e-10,2.408742788556159e-5,2.0864406813052163e-5,0.11111105317092258,-0.11111012870360389
31496,3.90625,-0.11111097030390976,5.672145622922473e-10,2.3816266758084636e-5,1.7251553093639432e-5,0.11111097030390976,-0.11111012647635678
31497,9.765625,-0.11111073510280575,3.929223409997564e-10,1.982226881564662e-5,8.940773695244332e-6,0.11111073510280575,-0.11111012238863091
31498,24.4140625,-0.11111046956446669,8.079733909708008e-11,8.98873400969681e-6,1.291283273923984e-5,0.11111046956446669,-0.11111012175263298
31499,9.765625,-0.11111048989960194,1.685967252389135e-11,4.106053156486329e-6,3.344764741705691e-5,0.11111048989960194,-0.11111012328549433
31500,3.90625,-0.11111046882908354,2.325403405175174e-12,1.5249273442282994e-6,3.699285312239638e-5,0.11111046882908354,-0.11111012475931686
31501,1.5625,-0.11111044487088416,1.6742713941394116e-11,4.091786155384237e-6,3.683569388285011e-5,0.11111044487088416,-0.11111012609307094
31502,0.625,-0.11111042044321148,5.613599299066415e-11,7.492395677663063e-6,3.616355823008788e-5,0.11111042044321148,-0.11111012735321737
31503,0.25,-0.11111039593527122,1.1959844078740737e-10,1.0936107204458422e-5,3.5631472900273036e-5,0.11111039593527122,-0.11111012858414965
31504,0.1,-0.1111103714344291,2.0687296099808784e-10,1.4383078981848352e-5,3.528892909482392e-5,0.1111103714344291,-0.11111012980516478
31505,0.1,-0.1111103467573294,3.1719359932384347e-10,1.7809929795589973e-5,3.507595794936366e-5,0.1111103467573294,-0.11111013099761176
31506,0.1,-0.11111032188715946,4.498103572838224e-10,2.1208733042872277e-5,3.483209768038913e-5,0.11111032188715946,-0.11111013215727165
31507,0.1,-0.11111029680880245,6.038973781559716e-10,2.4574323554392533e-5,3.455755023406309e-5,0.11111029680880245,-0.11111013328007377
31508,0.1,-0.11111027150896018,7.785563325410755e-10,2.7902622323736446e-5,3.425257480446539e-5,0.11111027150896018,-0.11111013436211215
31509,0.25,-0.11111024526119968,9.675498746857913e-10,3.110546374330065e-5,3.391926120521217e-5,0.11111024526119968,-0.11111013522712936
31510,0.625,-0.11111021654426946,1.1541253748928845e-9,3.397242079824287e-5,3.310424206806361e-5,0.11111021654426946,-0.11111013547757526
31511,1.5625,-0.11111018203273411,1.2918442980692664e-9,3.594223557417188e-5,3.098887444388229e-5,0.11111018203273411,-0.11111013409821872
31512,3.90625,-0.11111013747304019,1.2664994340849858e-9,3.55879113476049e-5,2.5521644730651356e-5,0.11111013747304019,-0.11111012910702728
31513,9.765625,-0.11111009742357014,8.819561308742996e-10,2.9697746225501686e-5,1.253834988532553e-5,0.11111009742357014,-0.11111011989200427
31514,24.4140625,-0.11111020156528004,1.837240005005839e-10,1.3554482671816873e-5,1.8252046748267737e-5,0.11111020156528004,-0.1111101183118585
31515,9.765625,-0.11111033913390342,3.873659142774581e-11,6.223872703369327e-6,4.9772087641497836e-5,0.11111033913390342,-0.11111012171480689
31516,3.90625,-0.11111043415379197,4.567880391550361e-12,2.1372600196397163e-6,5.523809814555443e-5,0.11111043415379197,-0.11111012500924779
31517,1.5625,-0.11111051989492707,3.5472521117273876e-11,5.955881220883596e-6,5.506626715827569e-5,0.11111051989492707,-0.11111012799431223
31518,0.625,-0.11111060277770432,1.2252151701452733e-10,1.1068943807542222e-5,5.4088971743184123e-5,0.11111060277770432,-0.11111013081518101
31519,0.25,-0.11111068474231565,2.6369384532870267e-10,1.623865281754317e-5,5.330841521491099e-5,0.11111068474231565,-0.11111013357091301
31520,0.1,-0.11111076644321766,4.584373189290629e-10,2.1411149407004352e-5,5.2806740700479896e-5,0.11111076644321766,-0.11111013630492127
31521,0.1,-0.11111084763533152,7.050811559847313e-10,2.6553364306330963e-5,5.249707188608213e-5,0.11111084763533152,-0.1111101389759641
31522,0.1,-0.1111109282188375,1.0019801198585943e-9,3.165406956235792e-5,5.214046003176885e-5,0.1111109282188375,-0.11111014157446471
31523,0.1,-0.1111110080945072,1.3473161167443386e-9,3.670580494614358e-5,5.173723180174332e-5,0.1111110080945072,-0.11111014409117845
31524,0.1,-0.11111108716390845,1.7391057778529047e-9,4.170258718416526e-5,5.128779159835647e-5,0.11111108716390845,-0.1111101465172295
31525,0.25,-0.11111116296613387,2.1634787757723262e-9,4.6513210766107366e-5,5.079510716680511e-5,0.11111116296613387,-0.11111014845811988
31526,0.625,-0.11111122958199836,2.583097884369635e-9,5.0824186017777353e-5,4.9578864101351994e-5,0.11111122958199836,-0.11111014902254113
31527,1.5625,-0.11111127141256999,2.8943215586497967e-9,5.3798899232696174e-5,4.640768532631778e-5,0.11111127141256999,-0.11111014593139033
31528,3.90625,-0.11111125060565327,2.8418166508645106e-9,5.3308692076100596e-5,3.818259448609155e-5,0.11111125060565327,-0.11111013472122387
31529,9.765625,-0.11111109406571935,1.985195351333523e-9,4.4555531096975185e-5,1.8403625142672952e-5,0.11111109406571935,-0.11111011394077937
31530,24.4140625,-0.11111075185376978,4.1832473704102676e-10,2.045298846235011e-5,2.659246585285715e-5,0.11111075185376978,-0.11111011013779629
31531,9.765625,-0.11111061579461248,8.942653832255067e-11,9.456560596884613e-6,7.439778631599838e-5,0.11111061579461248,-0.11111011774246797
31532,3.90625,-0.11111049293775563,1.0073098354701639e-11,3.173814480195974e-6,8.274050726847901e-5,0.11111049293775563,-0.11111012514397792
31533,1.5625,-0.11111037791162835,7.72840586619013e-11,8.791135231692282e-6,8.254242171593679e-5,0.11111037791162835,-0.1111101318579658
31534,0.625,-0.11111026579009234,2.7090688383284793e-10,1.6459249188005143e-5,8.110233051978182e-5,0.11111026579009234,-0.11111013820378486
31535,0.25,-0.11111015481522915,5.863786495179487e-10,2.4215256544541268e-5,7.99436511142639e-5,0.11111015481522915,-0.11111014440298742
31536,0.1,-0.11111004436322298,1.0224621621338384e-9,3.197596225501022e-5,7.919774603000248e-5,0.11111004436322298,-0.11111015055325575
31537,0.1,-0.11110993452520028,1.5754466008456827e-9,3.969189590893439e-5,7.873753046033176e-5,0.11110993452520028,-0.11111015656276238
31538,0.1,-0.1111098253820975,2.241665657177062e-9,4.7346231710422974e-5,7.82065791365175e-5,0.1111098253820975,-0.11111016240987796
31539,0.1,-0.11110971701403476,3.0170635055714272e-9,5.4927802664692746e-5,7.760539911313062e-5,0.11110971701403476,-0.11111016807371979
31540,0.1,-0.11110960950029604,3.897211786488328e-9,6.242765241852626e-5,7.693460769894858e-5,0.11110960950029604,-0.11111017353423264
31541,0.25,-0.11110950469697077,4.85113233985074e-9,6.965007063780152e-5,7.61985832315728e-5,0.11110950469697077,-0.11111017790638716
31542,0.625,-0.11110940721204453,5.7953560989843745e-9,7.612723624948152e-5,7.437774134028877e-5,0.11110940721204453,-0.11111017918849922
31543,1.5625,-0.11110932972147702,6.498014962749532e-9,8.061026586452579e-5,6.962424960796713e-5,0.11110932972147702,-0.11111017225755086
31544,3.90625,-0.11110930636401761,6.387161200167357e-9,7.991971721776396e-5,5.727692869464674e-5,0.11110930636401761,-0.11111014705670678
31545,9.765625,-0.11110942464787714,4.4728618659506e-9,6.687945772769544e-5,2.739194624732971e-5,0.11110942464787714,-0.11111010018864342
31546,24.4140625,-0.11111000315998301,6.518269639965404e-11,8.073580147595862e-6,3.8387041942269756e-5,0.11111000315998301,-0.11111012700907474
31547,9.765625,-0.11111073267741362,6.856817445646311e-11,8.280590223919012e-6,2.184590207240954e-5,0.11111073267741362,-0.11111012658496147
31548,3.90625,-0.11111100144255918,7.824447431788503e-11,8.845590670943634e-6,1.471050283167118e-5,0.11111100144255918,-0.1111101264206872
31549,1.5625,-0.11111121821505975,9.040155481100181e-11,9.507973223090283e-6,1.1702518681520808e-5,0.11111121821505975,-0.11111012639174499
31550,3.90625,-0.1111112670573542,9.003611537411255e-11,9.488736236934429e-6,1.038372137212772e-5,0.1111112670573542,-0.11111012608666374
31551,9.765625,-0.11111092399574736,6.029734327857954e-11,7.76513639793787e-6,7.559806546189062e-6,0.11111092399574736,-0.11111012547521319
31552,24.4140625,-0.11111031375428435,1.1629587334182738e-11,3.4102180772177516e-6,7.1761038444958994e-6,0.11111031375428435,-0.11111012539927448
31553,9.765625,-0.11111059747253525,2.5655537841027404e-12,1.6017346172517907e-6,1.370379117215733e-5,0.11111059747253525,-0.11111012565002973
31554,3.90625,-0.11111069304393235,1.062631207257197e-12,1.0308400493079404e-6,1.4709240886632806e-5,0.11111069304393235,-0.11111012587787793
31555,1.5625,-0.11111076676654057,3.694643199518863e-12,1.92214546783506e-6,1.4513272164301516e-5,0.11111076676654057,-0.1111101260832751
31556,0.625,-0.11111083499789923,9.882489009771833e-12,3.1436426339156035e-6,1.4191795353712746e-5,0.11111083499789923,-0.11111012627722101
31557,0.25,-0.11111090160090073,1.948375663419569e-11,4.414040850988546e-6,1.3948156805638946e-5,0.11111090160090073,-0.11111012646626757
31558,0.1,-0.11111096771060332,3.2445372444510905e-11,5.696083956940146e-6,1.3786153151500945e-5,0.11111096771060332,-0.11111012665317421
31559,0.1,-0.11111103154970947,4.86197999487227e-11,6.972789968780266e-6,1.3678334865024812e-5,0.11111103154970947,-0.11111012683505937
31560,0.1,-0.11111109289188022,6.787441653492178e-11,8.238593116237856e-6,1.3562760131025169e-5,0.11111109289188022,-0.11111012701145265
31561,0.1,-0.11111115152096156,9.006808464413384e-11,9.490420677932766e-6,1.3439124699691807e-5,0.11111115152096156,-0.11111012718189384
31562,0.1,-0.11111120723165564,1.1505155485362013e-10,1.072620878286546e-5,1.330721497814968e-5,0.11111120723165564,-0.11111012734593713
31563,0.25,-0.11111125176567782,1.4181272668876453e-10,1.1908514881745941e-5,1.3168059843890407e-5,0.11111125176567782,-0.11111012747799028
31564,0.625,-0.11111126678482461,1.6770598303375408e-10,1.2950134479369475e-5,1.2857235988061541e-5,0.11111126678482461,-0.11111012752117515
31565,1.5625,-0.11111120738735426,1.8559831044237059e-10,1.3623447083699873e-5,1.2087048483116284e-5,0.11111120738735426,-0.11111012733254884
31566,3.90625,-0.11111098101615713,1.7883378874109818e-10,1.3372875111250317e-5,1.0182512563496143e-5,0.11111098101615713,-0.11111012664321254
31567,9.765625,-0.11111049869133911,1.219182537050637e-10,1.1041659916202079e-5,6.263305122653573e-6,0.11111049869133911,-0.11111012539936342
31568,24.4140625,-0.11111018575970034,2.5473912268010328e-11,5.047168737818296e-6,8.33338705201465e-6,0.11111018575970034,-0.111110125218461
31569,9.765625,-0.11111038338709885,5.57824135088314e-12,2.3618300850999293e-6,1.896052910889586e-5,0.11111038338709885,-0.1111101257031783
31570,3.90625,-0.11111046390380003,1.1738085387207083e-12,1.0834244499367311e-6,2.0861121401272846e-5,0.11111046390380003,-0.11111012616932721
31571,1.5625,-0.11111052813694391,5.704170559163191e-12,2.388340545057005e-6,2.0750977941129734e-5,0.11111052813694391,-0.11111012659227174
31572,0.625,-0.11111058790875052,1.7923202276898618e-11,4.2335803142138e-6,2.0366070174866868e-5,0.11111058790875052,-0.11111012699232592
31573,0.25,-0.11111064625624906,3.753936270217597e-11,6.12693746517589e-6,2.006143452924145e-5,0.11111064625624906,-0.11111012738304976
31574,0.1,-0.11111070413498837,6.446272830032344e-11,8.028868432121892e-6,1.9862438559196944e-5,0.11111070413498837,-0.11111012777033775
31575,0.1,-0.11111076105251128,9.844379964869678e-11,9.92188488386641e-6,1.9735550268974118e-5,0.11111076105251128,-0.11111012814839134
31576,0.1,-0.11111081686892188,1.3924031584267227e-10,1.180001338315649e-5,1.9592663365017663e-5,0.11111081686892188,-0.11111012851596075
31577,0.1,-0.11111087144823285,1.8658757111829624e-10,1.3659706113906559e-5,1.9433809198694944e-5,0.11111087144823285,-0.11111012887184026
31578,0.1,-0.11111092465875282,2.4019939476119373e-10,1.5498367486970805e-5,1.925906793947738e-5,0.11111092465875282,-0.11111012921487132
31579,0.25,-0.11111097266202871,2.9812589971668513e-10,1.7266322703942643e-5,1.9069663331421465e-5,0.11111097266202871,-0.1111101294908294
31580,0.625,-0.1111110065167207,3.551510173635948e-10,1.8845450840019583e-5,1.8618846439699148e-5,0.1111110065167207,-0.11111012957768004
31581,1.5625,-0.11111100359456451,3.968651745415064e-10,1.9921475209971435e-5,1.74642183763995e-5,0.11111100359456451,-0.11111012916450659
31582,3.90625,-0.11111091424654311,3.8804482992987855e-10,1.969885351815883e-5,1.4517063171916611e-5,0.11111091424654311,-0.11111012764783731
31583,9.765625,-0.11111067415254816,2.6906659855799603e-10,1.6403249634081536e-5,7.850901222390866e-6,0.11111067415254816,-0.11111012485510614
31584,24.4140625,-0.11111042124854842,5.572717452392274e-11,7.465063598116411e-6,1.094949248550499e-5,0.11111042124854842,-0.11111012441101283
31585,9.765625,-0.11111046091079656,1.1770365811021425e-11,3.430796672934936e-6,2.7781784626653262e-5,0.11111046091079656,-0.11111012546486033
31586,3.90625,-0.11111045432383279,1.6733280860445155e-12,1.2935718325800525e-6,3.072366694353104e-5,0.11111045432383279,-0.1111101264811155
31587,1.5625,-0.11111044357413184,1.1409282314404339e-11,3.3777629156594663e-6,3.060283468986492e-5,0.11111044357413184,-0.11111012740212489
31588,0.625,-0.11111043193451087,3.825063341357684e-11,6.18470964666708e-6,3.005244386789398e-5,0.11111043193451087,-0.11111012827284875
31589,0.25,-0.1111104200621896,8.157437849833878e-11,9.031853547214923e-6,2.96153897627819e-5,0.1111104200621896,-0.1111101291235593
31590,0.1,-0.1111104081362579,1.412037240896475e-10,1.1882917322343344e-5,2.933366913280503e-5,0.1111104081362579,-0.11111012996745147
31591,0.1,-0.11111039596073569,2.1661619042823066e-10,1.4717886751440597e-5,2.9158357333714536e-5,0.11111039596073569,-0.11111013079180194
31592,0.1,-0.11111038350698584,3.072994627269934e-10,1.7529959005285592e-5,2.8957609096040624e-5,0.11111038350698584,-0.11111013159372064
31593,0.1,-0.11111037074823926,4.1268933289792777e-10,2.0314756530609167e-5,2.8731594469614065e-5,0.11111037074823926,-0.11111013237041918
31594,0.1,-0.1111103576597252,5.321720104278802e-10,2.3068853686906078e-5,2.8480531296010935e-5,0.1111103576597252,-0.11111013311922162
31595,0.25,-0.11111034324830905,6.614904928101975e-10,2.571945747503624e-5,2.820614339590269e-5,0.11111034324830905,-0.11111013371960644
31596,0.625,-0.1111103253371977,7.892081724984983e-10,2.8092849134584025e-5,2.753546080627883e-5,0.1111103253371977,-0.11111013389963277
31597,1.5625,-0.11111029884402496,8.836157314175599e-10,2.97256746166939e-5,2.5795441602565292e-5,0.11111029884402496,-0.1111101329645781
31598,3.90625,-0.11111025509418793,8.666981137175151e-10,2.943973698451661e-5,2.1303845418432467e-5,0.11111025509418793,-0.11111012955667471
31599,9.765625,-0.11111019915747325,6.04297128709125e-10,2.458245570949178e-5,1.0721608366930142e-5,0.11111019915747325,-0.11111012324809783
31600,24.4140625,-0.11111025884899843,1.2656705461398856e-10,1.1250202425467223e-5,1.5256652913219432e-5,0.11111025884899843,-0.11111012214335346
31601,9.765625,-0.11111037602599061,2.68931111538424e-11,5.185856838926659e-6,4.126246774635443e-5,0.11111037602599061,-0.11111012447803385
31602,3.90625,-0.1111104532796891,3.1811982592482828e-12,1.7835913935787767e-6,4.580634033697635e-5,0.1111104532796891,-0.11111012674368902
31603,1.5625,-0.11111052236081002,2.4077233688428104e-11,4.9068557843519414e-6,4.56766491784086e-5,0.11111052236081002,-0.11111012879847722
31604,0.625,-0.11111058895982436,8.345322727679186e-11,9.135273793203566e-6,4.4874410992472054e-5,0.11111058895982436,-0.11111013074090095
31605,0.25,-0.11111065475898145,1.799204094805766e-10,1.3413441373509507e-5,4.42317511303406e-5,0.11111065475898145,-0.1111101326386413
31606,0.1,-0.11111072032009374,3.1309917996294913e-10,1.769460878242153e-5,4.38182445802719e-5,0.11111072032009374,-0.11111013452143535
31607,0.1,-0.11111078540657365,4.818494182322108e-10,2.1951068726424478e-5,4.356283060138758e-5,0.11111078540657365,-0.11111013636113592
31608,0.1,-0.11111084993233317,6.850468025137998e-10,2.6173398757398698e-5,4.326864731860401e-5,0.11111084993233317,-0.11111013815117785
31609,0.1,-0.11111091381205458,9.214486385976803e-10,3.0355372483263654e-5,4.293596681822464e-5,0.11111091381205458,-0.11111013988522297
31610,0.1,-0.11111097696137562,1.1896990373255702e-9,3.4492014109436555e-5,4.2565125678393646e-5,0.11111097696137562,-0.11111014155718521
31611,0.25,-0.11111103719813195,1.4803244229774196e-9,3.8474984379170575e-5,4.215857067539238e-5,0.11111103719813195,-0.11111014289709141
31612,0.625,-0.11111108930694788,1.767815530295051e-9,4.204539844376613e-5,4.115501519726627e-5,0.11111108930694788,-0.11111014329473855
31613,1.5625,-0.11111111961830085,1.9813444426292375e-9,4.451229540957461e-5,3.853864960098398e-5,0.11111111961830085,-0.1111101411892259
31614,3.90625,-0.11111109531921018,1.9463322675680297e-9,4.411725589344865e-5,3.175553919623694e-5,0.11111109531921018,-0.1111101335204298
31615,9.765625,-0.11111095505450262,1.3612267768046075e-9,3.6894806908352394e-5,1.5498637286258002e-5,0.11111095505450262,-0.11111011927531009
31616,24.4140625,-0.11111066863466448,2.881544800116177e-10,1.6975113549299682e-5,2.2072196148465422e-5,0.11111066863466448,-0.11111011661755942
31617,9.765625,-0.11111056447983952,6.192271697867717e-11,7.869098867003589e-6,6.16410400004769e-5,0.11111056447983952,-0.11111012183326464
31618,3.90625,-0.1111104681909911,6.880029067101756e-12,2.6229809505792747e-6,6.858227333253708e-5,0.1111104681909911,-0.11111012691995502
31619,1.5625,-0.11111037782889151,5.239107233336029e-11,7.23816774697577e-6,6.843544803859374e-5,0.11111037782889151,-0.11111013153715465
31620,0.625,-0.11111028968461364,1.8461542403599828e-10,1.3587325860374376e-5,6.725124453389313e-5,0.11111028968461364,-0.11111013590203252
31621,0.25,-0.11111020240938486,4.004158934646593e-10,2.0010394635405354e-5,6.629570213977041e-5,0.11111020240938486,-0.11111014016619969
31622,0.1,-0.1111101155221484,6.989417011925302e-10,2.643750557810873e-5,6.567989794813114e-5,0.1111101155221484,-0.1111101443966553
31623,0.1,-0.11111002910266483,1.0776581595955081e-9,3.2827704147495726e-5,6.52996989247473e-5,0.11111002910266483,-0.11111014853067697
31624,0.1,-0.11110994321508867,1.5340574573671021e-9,3.91670455532084e-5,6.48609894801446e-5,0.11110994321508867,-0.11111015255342456
31625,0.1,-0.11110985792314539,2.0653647670600706e-9,4.544628441424085e-5,6.436418971357304e-5,0.11110985792314539,-0.11111015645056842
31626,0.1,-0.11110977329011183,2.6685498516949686e-9,5.1658008592037e-5,6.380981101753308e-5,0.11110977329011183,-0.11111016020834509
31627,0.25,-0.11110969079189893,3.3224320118828597e-9,5.7640541391305996e-5,6.320146609912111e-5,0.11110969079189893,-0.11111016322051907
31628,0.625,-0.11110961409379624,3.969924256443862e-9,6.300733494160708e-5,6.169659219037882e-5,0.11110961409379624,-0.11111016411544024
31629,1.5625,-0.1111095532982759,4.452403803921991e-9,6.672633516027979e-5,5.776804169794128e-5,0.1111095532982759,-0.1111101593813128
31630,3.90625,-0.11110953572823487,4.3784079690390695e-9,6.616953958611976e-5,4.756462425085949e-5,0.11110953572823487,-0.11111014211749716
31631,9.765625,-0.11110963200388296,3.0694277852431565e-9,5.540241678160942e-5,2.2897972982043646e-5,0.11110963200388296,-0.11111010995565135
31632,24.4140625,-0.11110999503679739,6.550423678620593e-10,2.559379549543325e-5,3.2439843306432876e-5,0.11110999503679739,-0.11111010369188297
31633,9.765625,-0.1111102185204538,1.416085956543985e-10,1.1899940993735998e-5,9.236188503446669e-5,0.1111102185204538,-0.11111011540914677
31634,3.90625,-0.11111039618490544,1.4528953260358484e-11,3.81168640635067e-6,0.00010292088539899793,0.11111039618490544,-0.11111012687932614
31635,1.5625,-0.11111056008324591,1.1445614326085699e-10,1.0698417792405426e-5,0.00010275575425078518,0.11111056008324591,-0.11111013729842975
31636,0.625,-0.11111071955656421,4.100946250490167e-10,2.0250793195552037e-5,0.0001010007759954514,0.11111071955656421,-0.11111014714882168
31637,0.25,-0.11111087766428199,8.943469284499158e-10,2.990563372426533e-5,9.95763603783087e-5,0.11111087766428199,-0.11111015677141958
31638,0.1,-0.11111103547171804,1.5652990958646107e-9,3.9563860982778345e-5,9.865705353760295e-5,0.11111103547171804,-0.11111016631758479
31639,0.1,-0.11111119266347487,2.417293593170397e-9,4.916598003874627e-5,9.808952535025345e-5,0.11111119266347487,-0.11111017564712503
31640,0.1,-0.11111134907194854,3.4447164217114514e-9,5.869170658373678e-5,9.743399041033023e-5,0.11111134907194854,-0.11111018472650439
31641,0.1,-0.11111150452849544,4.641350490189701e-9,6.81274576818312e-5,9.669106345460587e-5,0.11111150452849544,-0.1111101935233305
31642,0.1,-0.11111165886377772,6.000401540034145e-9,7.746225881055977e-5,9.586149583390583e-5,0.11111165886377772,-0.11111020200647949
31643,0.25,-0.11111180821846348,7.474373136141297e-9,8.645445700564719e-5,9.49506172368502e-5,0.11111180821846348,-0.11111020881157684
31644,0.625,-0.1111119431416653,8.935146841146994e-9,9.452590566160683e-5,9.26940408615654e-5,0.1111119431416653,-0.11111021084900795
31645,1.5625,-0.11111203828305251,1.0026517726180721e-8,0.0001001325008485293,8.679795254242519e-5,0.11111203828305251,-0.11111020020280682
31646,3.90625,-0.1111120298860991,9.868582557339741e-9,9.934073966575717e-5,7.146874327430825e-5,0.1111120298860991,-0.11111016128894298
31647,9.765625,-0.11111178216640215,6.9322262590591206e-9,8.325999194726793e-5,3.42483557615576e-5,0.11111178216640215,-0.111110088599192
31648,24.4140625,-0.11111135764328157,1.013361427873523e-10,1.0066585458205394e-5,4.709960537265256e-5,0.11111135764328157,-0.11111012966245683
31649,9.765625,-0.11110993319906494,1.0452345206938007e-10,1.0223671163988993e-5,2.7739422974720973e-5,0.11110993319906494,-0.11111012910588296
31650,3.90625,-0.11110939317316228,1.2151609328817946e-10,1.1023433824729002e-5,1.880054177163252e-5,0.11110939317316228,-0.11111012886361993
31651,1.5625,-0.11110895802016503,1.4289630884985695e-10,1.1953924412085637e-5,1.4813336768918975e-5,0.11110895802016503,-0.11111012881760933
31652,3.90625,-0.11110885082257166,1.429411006294801e-10,1.1955797783062412e-5,1.3002376164174886e-5,0.11110885082257166,-0.1111101283210599
31653,9.765625,-0.11110951792831719,9.313195236098713e-11,9.650489747209057e-6,8.979674947017184e-6,0.11110951792831719,-0.1111101273501166
31654,24.4140625,-0.11111074977362327,1.8355884142470487e-11,4.2843767507620626e-6,8.176314056610588e-6,0.11111074977362327,-0.11111012720525656
31655,9.765625,-0.11111017959499538,3.942053353860089e-12,1.985460489120871e-6,1.699057351410689e-5,0.11111017959499538,-0.11111012760079729
31656,3.90625,-0.11110997636759633,2.1042333549307393e-12,1.450597585455987e-6,1.8117449016521243e-5,0.11110997636759633,-0.11111012794318736
31657,1.5625,-0.11110981735746446,6.737837625252249e-12,2.5957345059254903e-6,1.7796972661876837e-5,0.11110981735746446,-0.1111101282491308
31658,0.625,-0.11110966961933211,1.6968271388098885e-11,4.119256169273633e-6,1.736044059381275e-5,0.11110966961933211,-0.111110128537387
31659,0.25,-0.11110952526253112,3.259159513985034e-11,5.708904898476619e-6,1.7040691592021752e-5,0.11110952526253112,-0.11111012881836285
31660,0.1,-0.11110938194880486,5.353416384825131e-11,7.316704439038884e-6,1.6832061876447533e-5,0.11110938194880486,-0.11111012909630631
31661,0.1,-0.1111092431542382,7.953482091573441e-11,8.918229696286949e-6,1.6695374490530395e-5,0.1111092431542382,-0.11111012936637929
31662,0.1,-0.11110910933693503,1.103710226423166e-10,1.0505761402312381e-5,1.65482543099541e-5,0.11110910933693503,-0.11111012962782842
31663,0.1,-0.11110898093511519,1.4580597620735517e-10,1.2075014542738869e-5,1.639037292182583e-5,0.11110898093511519,-0.11111012987992189
31664,0.1,-0.11110885836578806,1.855895784678268e-10,1.362312660397116e-5,1.6221514298251704e-5,0.11110885836578806,-0.11111013012195502
31665,0.25,-0.11110875808493482,2.2793694789252562e-10,1.509758086226153e-5,1.6043017437652256e-5,0.11110875808493482,-0.11111013031287809
31666,0.625,-0.11110871673898587,2.6824206048779753e-10,1.6378096973940455e-5,1.5640270617217894e-5,0.11110871673898587,-0.11111013036231959
31667,1.5625,-0.11110882433579923,2.943508707848036e-10,1.7156656748469487e-5,1.4641325851680842e-5,0.11110882433579923,-0.11111013004646308
31668,3.90625,-0.11110926790465218,2.792909235118674e-10,1.671199938702331e-5,1.2189376277070682e-5,0.11110926790465218,-0.11111012895940788
31669,9.765625,-0.11111023671875014,1.870713956506606e-10,1.3677404565584094e-5,7.244125280928432e-6,0.11111023671875014,-0.11111012705709684
31670,24.4140625,-0.11111092305436142,3.98573579372745e-11,6.313268403709326e-6,1.004698057793797e-5,0.11111092305436142,-0.11111012676108054
31671,9.765625,-0.11111055127587839,8.432695088892648e-12,2.9039103100634235e-6,2.3256723344475723e-5,0.11111055127587839,-0.11111012749909775
31672,3.90625,-0.11111040653811409,1.4550576898064311e-12,1.2062577211385761e-6,2.5676937364472334e-5,0.11111040653811409,-0.11111012820820036
31673,1.5625,-0.11111029301612564,8.291477891953104e-12,2.8794926448860923e-6,2.555247343160036e-5,0.11111029301612564,-0.11111012885031177
31674,0.625,-0.11111018801485924,2.6997326230217475e-11,5.195895132719431e-6,2.507599332206397e-5,0.11111018801485924,-0.11111012945686201
31675,0.25,-0.11111008574960457,5.712079021700957e-11,7.557829729294619e-6,2.4697123471828828e-5,0.11111008574960457,-0.1111101300488938
31676,0.1,-0.11110998440805415,9.852434970526648e-11,9.925943265265346e-6,2.4449477637457857e-5,0.11110998440805415,-0.11111013063558366
31677,0.1,-0.11110988491929343,1.5082447736673608e-10,1.2281061736134058e-5,2.4291747682563515e-5,0.11110988491929343,-0.11111013120810252
31678,0.1,-0.11110978754523859,2.1364808020717916e-10,1.4616705518247919e-5,2.411392034850082e-5,0.11110978754523859,-0.11111013176452078
31679,0.1,-0.11110969253985098,2.8658712481234157e-10,1.6928884334543184e-5,2.391602547719433e-5,0.11110969253985098,-0.11111013230297372
31680,0.1,-0.11110960014841519,3.692001906627903e-10,1.921458276056991e-5,2.3698153565389042e-5,0.11110960014841519,-0.11111013282167104
31681,0.25,-0.11110951759623434,4.5847089684966066e-10,2.1411933514973854e-5,2.3461796974057544e-5,0.11110951759623434,-0.11111013323718795
31682,0.625,-0.1111094616853502,5.463300142466838e-10,2.337370347734145e-5,2.289762370005708e-5,0.1111094616853502,-0.11111013336167243
31683,1.5625,-0.11110947484091552,6.105171359590668e-10,2.4708644964041773e-5,2.1449970025372327e-5,0.11110947484091552,-0.11111013271666642
31684,3.90625,-0.11110964961395195,5.968289811510585e-10,2.4430083527304168e-5,1.7743888518019064e-5,0.11110964961395195,-0.11111013037411735
31685,9.765625,-0.11111010240126196,4.1426587780513974e-10,2.0353522491331562e-5,9.214579252054739e-6,0.11111010240126196,-0.11111012606333323
31686,24.4140625,-0.11111055203449523,8.676872297472877e-11,9.314973052818177e-6,1.3072995491482687e-5,0.11111055203449523,-0.11111012532913464
31687,9.765625,-0.11111044501854841,1.834200593409353e-11,4.282756814727347e-6,3.429337198007425e-5,0.11111044501854841,-0.11111012694054519
31688,3.90625,-0.11111043217258772,2.271073402298876e-12,1.507008096295065e-6,3.801946236853015e-5,0.11111043217258772,-0.11111012850036897
31689,1.5625,-0.11111042946128767,1.681064717715769e-11,4.100078923284001e-6,3.789491632348021e-5,0.11111042946128767,-0.1111101299143599
31690,0.625,-0.11111042922960275,5.7737959304597057e-11,7.5985498158923095e-6,3.722077388904101e-5,0.11111042922960275,-0.11111013125076702
31691,0.25,-0.11111042976544455,1.2408743205534766e-10,1.113945384906045e-5,3.668162572683995e-5,0.11111042976544455,-0.11111013255615357
31692,0.1,-0.11111043057010256,2.1558601408180642e-10,1.468284761488065e-5,3.6333369154073235e-5,0.11111043057010256,-0.11111013385092999
31693,0.1,-0.11111043204009241,3.3143663849614534e-10,1.8205401354986527e-5,3.611655909976303e-5,0.11111043204009241,-0.11111013511572362
31694,0.1,-0.11111043424832083,4.708551225117811e-10,2.169919635635802e-5,3.58680062006274e-5,0.11111043424832083,-0.11111013634606923
31695,0.1,-0.11111043726357994,6.329772590224747e-10,2.5159039310404416e-5,3.5587918528465836e-5,0.11111043726357994,-0.11111013753765697
31696,0.1,-0.11111044115028967,8.16862365132718e-10,2.8580804137265243e-5,3.527656210316997e-5,0.11111044115028967,-0.11111013868635038
31697,0.25,-0.1111104482449592,1.0159926141023751e-9,3.187463904269937e-5,3.4936055911642e-5,0.1111104482449592,-0.11111013960694499
31698,0.625,-0.11111046378240932,1.212844992411951e-9,3.482592414297072e-5,3.4102641504921524e-5,0.11111046378240932,-0.11111013988112123
31699,1.5625,-0.11111050039372229,1.3588108637987789e-9,3.686205181211131e-5,3.193807645159194e-5,0.11111050039372229,-0.11111013843930073
31700,3.90625,-0.11111058233998616,1.3342021008025346e-9,3.6526731318344575e-5,2.6339237055374757e-5,0.11111058233998616,-0.1111101331863421
31701,9.765625,-0.11111071872394333,9.326460839309316e-10,3.0539254803137086e-5,1.3002742860816106e-5,0.11111071872394333,-0.11111012343444698
31702,24.4140625,-0.11111070071477187,1.9725330469119092e-10,1.4044689554817185e-5,1.8470908489686486e-5,0.11111070071477187,-0.11111012163166196
31703,9.765625,-0.11111052880350297,4.220017213028061e-11,6.49616595618374e-6,5.111705373000603e-5,0.11111052880350297,-0.11111012521837701
31704,3.90625,-0.1111104234349387,4.5565449398151334e-12,2.1346065070207047e-6,5.684967520163535e-5,0.1111104234349387,-0.11111012871362272
31705,1.5625,-0.11111033059639781,3.586142074992121e-11,5.988440594171509e-6,5.672233969304673e-5,0.11111033059639781,-0.11111013188584797
31706,0.625,-0.11111024157455612,1.2661773322506535e-10,1.1252454542235013e-5,5.5738748233444185e-5,0.11111024157455612,-0.11111013488456145
31707,0.25,-0.11111015387803531,2.746674593992267e-10,1.6573094442475933e-5,5.494534711784456e-5,0.11111015387803531,-0.11111013781390822
31708,0.1,-0.11111006668914826,4.794204069424651e-10,2.1895670963513885e-5,5.44335335089085e-5,0.11111006668914826,-0.11111014071989005
31709,0.1,-0.11110998037258761,7.391323450481955e-10,2.7186988524810826e-5,5.411693543240592e-5,0.11110998037258761,-0.11111014355951108
31710,0.1,-0.11110989504629083,1.0520777380680922e-9,3.243574784197356e-5,5.375211039714101e-5,0.11110989504629083,-0.11111014632262316
31711,0.1,-0.11110981082561165,1.4163485846595351e-9,3.763440692583763e-5,5.3339389735103245e-5,0.11110981082561165,-0.11111014899942742
31712,0.1,-0.11110972782310245,1.829862338608734e-9,4.277689024004356e-5,5.287918384008762e-5,0.11110972782310245,-0.11111015158051143
31713,0.25,-0.11110964918681446,2.278094104214958e-9,4.772938407537811e-5,5.237450131136546e-5,0.11110964918681446,-0.11111015365023753
31714,0.625,-0.11110958236209953,2.7219062388649216e-9,5.2171891271688836e-5,5.112849713429685e-5,0.11110958236209953,-0.11111015426828537
31715,1.5625,-0.11110954670228267,3.052566555708729e-9,5.5250036703234223e-5,4.787864999034086e-5,0.11110954670228267,-0.11111015102728146
31716,3.90625,-0.11110958805454493,3.0017792208378146e-9,5.4788495332850804e-5,3.94439336940464e-5,0.11110958805454493,-0.11111013919683363
31717,9.765625,-0.11110978937020893,2.104613899237719e-9,4.5876071096353915e-5,1.910775878022994e-5,0.11110978937020893,-0.11111011715130349
31718,24.4140625,-0.11111017635376658,4.4957586669298384e-10,2.1203204160998495e-5,2.6979305071700754e-5,0.11111017635376658,-0.11111011285025969
31719,9.765625,-0.1111103030596013,9.72758542556765e-11,9.862852237343743e-6,7.653549366351549e-5,0.1111103030596013,-0.11111012089281129
31720,3.90625,-0.11111042406201904,9.990691188293876e-12,3.160805465113897e-6,8.528143321144824e-5,0.11111042406201904,-0.11111012876802778
31721,1.5625,-0.1111105382306226,7.8410551855405e-11,8.854973283720567e-6,8.514692522673954e-5,0.1111105382306226,-0.11111013592268791
31722,0.625,-0.11111064997838639,2.8106117997007306e-10,1.6764879360438986e-5,8.36947761968129e-5,0.11111064997838639,-0.11111014268722955
31723,0.25,-0.111110760972116,6.130673046568153e-10,2.4760195973715866e-5,8.251556819962004e-5,0.111110760972116,-0.11111014929539852
31724,0.1,-0.11111087181840644,1.073110033934254e-9,3.2758358230141115e-5,8.17541614751694e-5,0.11111087181840644,-0.11111015585100305
31725,0.1,-0.11111098238848466,1.657307327480033e-9,4.0710039639873023e-5,8.128380451692e-5,0.11111098238848466,-0.11111016225794447
31726,0.1,-0.11111109258472061,2.3618060172789263e-9,4.859841578980663e-5,8.074063272953985e-5,0.11111109258472061,-0.11111016849322898
31727,0.1,-0.11111120230770723,3.1823398084865546e-9,5.6412231018517204e-5,8.012515938908641e-5,0.11111120230770723,-0.1111101745346467
31728,0.1,-0.1111113114564282,4.11424707902054e-9,6.414239689176371e-5,7.943801085837847e-5,0.1111113114564282,-0.11111018036085933
31729,0.25,-0.11111141792545351,5.124975706801979e-9,7.15889356451259e-5,7.868362535935454e-5,0.11111141792545351,-0.11111018503635041
31730,0.625,-0.11111151644109296,6.1267240251431256e-9,7.827339283015095e-5,7.681586505793378e-5,0.11111151644109296,-0.11111018644256634
31731,1.5625,-0.11111159247909198,6.875374346104734e-9,8.29178771201044e-5,7.193705807148311e-5,0.11111159247909198,-0.11111017915108687
31732,3.90625,-0.11111160741045809,6.767821755666921e-9,8.226677188067441e-5,5.925546420315721e-5,0.11111160741045809,-0.1111101524722611
31733,9.765625,-0.11111146683245011,4.755473235531871e-9,6.895993935272762e-5,2.8494286572751547e-5,0.11111146683245011,-0.1111101026121939
31734,24.4140625,-0.11111094349000114,6.789110092242415e-11,8.239605629059207e-6,3.903959194961601e-5,0.11111094349000114,-0.11111013082787302
31735,9.765625,-0.1111101102061656,7.130382533749423e-11,8.444159243968237e-6,2.231710322382929e-5,0.1111101102061656,-0.11111013039392874
31736,3.90625,-0.11110980149547339,8.157924525661383e-11,9.03212296509596e-6,1.5015968365316505e-5,0.11110980149547339,-0.11111013022215487
31737,1.5625,-0.11110955222523362,9.443304158147138e-11,9.717666467906345e-6,1.1912224796995018e-5,0.11110955222523362,-0.11111013019052923
31738,3.90625,-0.11110949452114385,9.407881682804426e-11,9.699423530707599e-6,1.0546652497599e-5,0.11110949452114385,-0.11111012986966025
31739,9.765625,-0.11110988519690222,6.290604415577884e-11,7.93133306297112e-6,7.6137174785467536e-6,0.11110988519690222,-0.11111012922917977
31740,24.4140625,-0.11111059087281491,1.2357695092215964e-11,3.5153513469091486e-6,7.210959641088238e-6,0.11111059087281491,-0.11111012914152513
31741,9.765625,-0.11111027702717925,2.743964866415405e-12,1.656491734484481e-6,1.401979450162515e-5,0.11111027702717925,-0.11111012940480801
31742,3.90625,-0.11111017171003372,1.1351053526549163e-12,1.065413230936671e-6,1.5055333371939174e-5,0.11111017171003372,-0.11111012964346455
31743,1.5625,-0.11111009059742906,3.8718344962590816e-12,1.967697765475959e-6,1.4857197854192414e-5,0.11111009059742906,-0.1111101298586936
31744,0.625,-0.11111001557706925,1.034955611098842e-11,3.2170725995831084e-6,1.4529698881081963e-5,0.11111001557706925,-0.11111013006196102
31745,0.25,-0.11110994236894849,2.0420611278628257e-11,4.518917047106337e-6,1.4281498434298432e-5,0.11110994236894849,-0.11111013026012297
31746,0.1,-0.11110986971540153,3.403065031192342e-11,5.833579545349787e-6,1.4116717336618144e-5,0.11110986971540153,-0.11111013045607197
31747,0.1,-0.11110979958950999,5.102384805694004e-11,7.143097931355837e-6,1.4007325976276716e-5,0.11110979958950999,-0.11111013064678281
31748,0.1,-0.11110973224213756,7.126106812217874e-11,8.44162710158289e-6,1.3889819862122338e-5,0.11110973224213756,-0.11111013083175468
31749,0.1,-0.11110966791279199,9.459409134891801e-11,9.725949380339074e-6,1.3763902570851964e-5,0.11110966791279199,-0.1111101310104983
31750,0.1,-0.11110960682888583,1.2086606852043753e-10,1.099391051993955e-5,1.362936855454227e-5,0.11110960682888583,-0.11111013118254087
31751,0.25,-0.1111095581508487,1.490043831123561e-10,1.2206735153691018e-5,1.348725572528477e-5,0.1111095581508487,-0.11111013132098298
31752,0.625,-0.11110954221744966,1.7620880434737725e-10,1.3274366438643211e-5,1.3168625939868027e-5,0.11110954221744966,-0.11111013136604794
31753,1.5625,-0.11110960882660542,1.9494993637973013e-10,1.3962447363543762e-5,1.2377910630009358e-5,0.11110960882660542,-0.11111013116761566
31754,3.90625,-0.11110986063259876,1.8775534135501134e-10,1.3702384513471053e-5,1.0421953168725483e-5,0.11110986063259876,-0.11111013044358355
31755,9.765625,-0.11111039640045664,1.2821032311096465e-10,1.1322999739952511e-5,6.385577996872764e-6,0.11111039640045664,-0.1111101291348691
31756,24.4140625,-0.11111074471704452,2.7166571756051287e-11,5.212156152308878e-6,8.424947463096073e-6,0.11111074471704452,-0.11111012892779505
31757,9.765625,-0.11111052434003021,5.980513710057754e-12,2.4455088857041093e-6,1.9404644957500142e-5,0.11111052434003021,-0.11111012943599331
31758,3.90625,-0.11111043262806439,1.1523723052236177e-12,1.0734860526451276e-6,2.1396276402594558e-5,0.11111043262806439,-0.1111101299273312
31759,1.5625,-0.11111035899562656,5.748282369451826e-12,2.397557584178496e-6,2.130092558665796e-5,0.11111035899562656,-0.11111013037364116
31760,0.625,-0.11111029035528588,1.8450204106573872e-11,4.295370077952989e-6,2.0913717787255514e-5,0.11111029035528588,-0.11111013079586142
31761,0.25,-0.11111022332798794,3.894959808034092e-11,6.24096131059478e-6,2.0604786628481545e-5,0.11111022332798794,-0.11111013120821511
31762,0.1,-0.11111015684817471,6.715197872081354e-11,8.19463109119706e-6,2.0402570102703614e-5,0.11111015684817471,-0.11111013161692915
31763,0.1,-0.11111009143854449,1.027984231047259e-10,1.013895572062162e-5,2.027363483144432e-5,0.11111009143854449,-0.11111013201597977
31764,0.1,-0.11111002725272189,1.4563644137440615e-10,1.2067992433474847e-5,2.0128227947765712e-5,0.11111002725272189,-0.11111013240404621
31765,0.1,-0.11110996443992799,1.95389860671219e-10,1.3978192324875881e-5,1.996638283283311e-5,0.11110996443992799,-0.1111101327798519
31766,0.1,-0.11110990314456914,2.517598508763469e-10,1.5866942077046443e-5,1.978818196010734e-5,0.11110990314456914,-0.11111013314217147
31767,0.25,-0.11110984755479235,3.1271158596127277e-10,1.7683653071729064e-5,1.9594855822388332e-5,0.11110984755479235,-0.11111013343409254
31768,0.625,-0.11110980744114071,3.727959024086223e-10,1.9307923306472456e-5,1.9133694779693648e-5,0.11110980744114071,-0.1111101335273593
31769,1.5625,-0.11110980756877516,4.1694718272138414e-10,2.041928457907828e-5,1.795099617381696e-5,0.11110980756877516,-0.11111013309481695
31770,3.90625,-0.111109902510095,4.082880112902109e-10,2.0206137960783374e-5,1.4927591174013608e-5,0.111109902510095,-0.1111101314993919
31771,9.765625,-0.11111016456038451,2.8412251177086554e-10,1.685593402249978e-5,8.046514481072452e-6,0.11111016456038451,-0.1111101285471427
31772,24.4140625,-0.11111045198525836,5.963793128503708e-11,7.722559891968276e-6,1.1065260668790582e-5,0.11111045198525836,-0.11111012804140677
31773,9.765625,-0.1111104158813873,1.2736189045468827e-11,3.568779769818926e-6,2.8506781634861393e-5,0.1111104158813873,-0.11111012915084957
31774,3.90625,-0.11111042784527286,1.6523530315084276e-12,1.2854388478291868e-6,3.1589308969224525e-5,0.11111042784527286,-0.11111013022693197
31775,1.5625,-0.11111044395246963,1.1557332326575524e-11,3.3996076724492086e-6,3.149115511869736e-5,0.11111044395246963,-0.11111013120354245
31776,0.625,-0.11111046093951935,3.9557462660628894e-11,6.2894723674270875e-6,3.0937184100389995e-5,0.11111046093951935,-0.11111013212710516
31777,0.25,-0.11111047818201927,8.499099536557527e-11,9.219056099491708e-6,3.0493603809128704e-5,0.11111047818201927,-0.11111013302944854
31778,0.1,-0.11111049551665064,1.476713865511221e-10,1.2152011625698935e-5,3.0207092676079986e-5,0.11111049551665064,-0.11111013392454355
31779,0.1,-0.11111051314007943,2.2705482375762228e-10,1.506833845377858e-5,3.002883490585055e-5,0.11111051314007943,-0.11111013479911895
31780,0.1,-0.11111053107656892,3.2260568777519074e-10,1.7961227346013712e-5,2.9824386443468714e-5,0.11111053107656892,-0.1111101356501103
31781,0.1,-0.11111054934812008,4.337334554326114e-10,2.0826268399130253e-5,2.9593921608331482e-5,0.11111054934812008,-0.11111013647455906
31782,0.1,-0.11111056797435283,5.597951160563995e-10,2.365998977295636e-5,2.9337663009345305e-5,0.11111056797435283,-0.11111013726962533
31783,0.25,-0.11111058788427212,6.963337118193724e-10,2.6388135815539762e-5,2.905734672915324e-5,0.11111058788427212,-0.11111013790836362
31784,0.625,-0.11111061107717933,8.313617139305752e-10,2.8833343786848158e-5,2.8370688329258088e-5,0.11111061107717933,-0.11111013810396872
31785,1.5625,-0.1111106421142636,9.31611687604141e-10,3.052231458464677e-5,2.6587061854610882e-5,0.1111106421142636,-0.11111013712288026
31786,3.90625,-0.1111106881736845,9.15104801971973e-10,3.0250699198067686e-5,2.1977512148542325e-5,0.1111106881736845,-0.11111013352687829
31787,9.765625,-0.11111074012421576,6.402174081050662e-10,2.5302517821455365e-5,1.1073070642567212e-5,0.11111074012421576,-0.1111101268378945
31788,24.4140625,-0.11111066119040497,1.3577678758486915e-10,1.1652329706323502e-5,1.5471651722821368e-5,0.11111066119040497,-0.11111012559108725
31789,9.765625,-0.11111053238215698,2.918583128818146e-11,5.402391256488321e-6,4.242341145715219e-5,0.11111053238215698,-0.1111101280576985
31790,3.90625,-0.11111044598251511,3.185060292293664e-12,1.7846737215226944e-6,4.718070156890941e-5,0.11111044598251511,-0.11111013046473167
31791,1.5625,-0.11111036853589121,2.452667736165453e-11,4.952441555602098e-6,4.7083029281410314e-5,0.11111036853589121,-0.11111013265080706
31792,0.625,-0.11111029389771439,8.668971513533793e-11,9.31073118156345e-6,4.6273347147900794e-5,0.11111029389771439,-0.11111013471797908
31793,0.25,-0.11111022024386914,1.8819320709874158e-10,1.3718352929515321e-5,4.5619397221600615e-5,0.11111022024386914,-0.11111013673761637
31794,0.1,-0.11111014696613336,3.286336782849922e-10,1.81282563498256e-5,4.5197668546154e-5,0.11111014696613336,-0.11111013874128392
31795,0.1,-0.11111007430058784,5.068186051325268e-10,2.251263212359956e-5,4.49370893015548e-5,0.11111007430058784,-0.11111014069951311
31796,0.1,-0.11111000233429301,7.215672013197982e-10,2.6862002928296285e-5,4.4636594760558435e-5,0.11111000233429301,-0.11111014260532916
31797,0.1,-0.11110993115276264,9.715733224256779e-10,3.117007094033759e-5,4.429646279844754e-5,0.11110993115276264,-0.11111014445199602
31798,0.1,-0.11110986083982212,1.255410889560499e-9,3.543177796216976e-5,4.391703674532199e-5,0.11110986083982212,-0.11111014623304265
31799,0.25,-0.11110979364450177,1.563126949819833e-9,3.953640031439171e-5,4.350078947327786e-5,0.11110979364450177,-0.11111014766324386
31800,0.625,-0.11110973493257452,1.867894685179371e-9,4.321914720560057e-5,4.247175168654386e-5,0.11110973493257452,-0.11111014809716357
31801,1.5625,-0.1111096987878699,2.0951663510266614e-9,4.577298713244157e-5,3.9786580171746516e-5,0.1111096987878699,-0.11111014588197603
31802,3.90625,-0.11110971933227146,2.0609258645906675e-9,4.539742134296471e-5,3.281910452596438e-5,0.11110971933227146,-0.1111101377677984
31803,9.765625,-0.11110986291452081,1.4459656961705117e-9,3.802585562706659e-5,1.607468133341867e-5,0.11110986291452081,-0.11111012262630934
31804,24.4140625,-0.11111017830170856,3.097294858889578e-10,1.759913310049554e-5,2.245008744564194e-5,0.11111017830170856,-0.11111011964189707
31805,9.765625,-0.11111030298613109,6.730672340432371e-11,8.204067491453474e-6,6.347642266870911e-5,0.11111030298613109,-0.11111012516884543
31806,3.90625,-0.11111041459269996,6.9692788520654475e-12,2.6399391758268687e-6,7.074309398505616e-5,0.11111041459269996,-0.11111013058790631
31807,1.5625,-0.11111051911149246,5.362690779864441e-11,7.323039519123491e-6,7.064269471755964e-5,0.11111051911149246,-0.11111013551359634
31808,0.625,-0.11111062118758464,1.9251929181525867e-10,1.3875132136857605e-5,6.944533726701131e-5,0.11111062118758464,-0.11111014017163744
31809,0.25,-0.1111107224765628,4.202959844186317e-10,2.0501121540506794e-5,6.847158467372057e-5,0.1111107224765628,-0.1111101447223427
31810,0.1,-0.11111082357015893,7.360528604690437e-10,2.7130294146378945e-5,6.784278892039836e-5,0.11111082357015893,-0.11111014923700191
31811,0.1,-0.1111109243331922,1.1371316602023188e-9,3.372138283348295e-5,6.745455739843331e-5,0.1111109243331922,-0.11111015364971627
31812,0.1,-0.11111102467369856,1.6208917800073272e-9,4.026030029703364e-5,6.700599069743637e-5,0.11111102467369856,-0.11111015794467408
31813,0.1,-0.11111112449870618,2.1844086349087787e-9,4.6737657567627184e-5,6.649751719122744e-5,0.11111112449870618,-0.11111016210660171
31814,0.1,-0.11111122371438194,2.8244858657692032e-9,5.314589227559552e-5,6.592965875738391e-5,0.11111122371438194,-0.11111016612082386
31815,0.25,-0.11111132028209081,3.5187964977545914e-9,5.931944451657139e-5,6.53060724335392e-5,0.11111132028209081,-0.11111016934494712
31816,0.625,-0.1111114091389236,4.207103939516755e-9,6.486219191113382e-5,6.37609121651453e-5,0.1111114091389236,-0.11111017032389804
31817,1.5625,-0.11111147646423768,4.721900626560366e-9,6.87160871016414e-5,5.972354070947811e-5,0.11111147646423768,-0.11111016532852647
31818,3.90625,-0.11111148610020011,4.649233658095136e-9,6.81852891619236e-5,4.9229514511835154e-5,0.11111148610020011,-0.11111014701127143
31819,9.765625,-0.11111135274167758,3.268808315511105e-9,5.71734931197238e-5,2.380880771403912e-5,0.11111135274167758,-0.11111011274178269
31820,24.4140625,-0.11111093020181322,7.051390064569978e-10,2.655445360870748e-5,3.307636833399036e-5,0.11111093020181322,-0.11111010573730837
31821,61.03515625,-0.11111023490571358,2.1988195568696524e-10,1.4828417167282732e-5,9.464331547991404e-5,0.11111023490571358,-0.11111013150943377
31822,24.4140625,-0.11111024784104845,6.638608532476766e-11,8.147765664571342e-6,1.9785963903114672e-5,0.11111024784104845,-0.11111013018026009
31823,9.765625,-0.11111038868637522,3.165338236378443e-11,5.6261338736102285e-6,2.1219305899963076e-5,0.11111038868637522,-0.11111013053505527
31824,3.90625,-0.1111104293701555,2.0421086908369232e-11,4.518969673318159e-6,2.2957747418577903e-5,0.1111104293701555,-0.11111013104599272
31825,1.5625,-0.11111046308896662,2.1175417434286946e-11,4.601675502932269e-6,2.283273752858631e-5,0.11111046308896662,-0.11111013155056215
31826,0.625,-0.11111049498774435,3.154812960193669e-11,5.6167721693101186e-6,2.2324251358847993e-5,0.11111049498774435,-0.11111013203496689
31827,0.25,-0.11111052632782224,5.081503168360254e-11,7.128466292520611e-6,2.185696690432562e-5,0.11111052632782224,-0.11111013250452033
31828,0.1,-0.11111055749593086,7.865019013067578e-11,8.868494242580067e-6,2.149467258779195e-5,0.11111055749593086,-0.11111013296358804
31829,0.1,-0.11111058801687974,1.145982440936719e-10,1.0705056940234923e-5,2.1217653713106125e-5,0.11111058801687974,-0.11111013340554958
31830,0.1,-0.11111061781849213,1.5827022092055603e-10,1.2580549309173905e-5,2.0941303920425415e-5,0.11111061781849213,-0.1111101338299652
31831,0.1,-0.11111064683136607,2.092688207945121e-10,1.4466126668687514e-5,2.0663277152469542e-5,0.11111064683136607,-0.11111013423632096
31832,0.1,-0.11111067498911346,2.671873341137764e-10,1.634586596402211e-5,2.0381622432356294e-5,0.11111067498911346,-0.11111013462405213
31833,0.25,-0.11111069985403255,3.2974019635157464e-10,1.8158749856517507e-5,2.009826001627531e-5,0.11111069985403255,-0.11111013493410071
31834,0.625,-0.1111107159621948,3.90990814384226e-10,1.9773487663642597e-5,1.956420551591018e-5,0.1111107159621948,-0.11111013503387288
31835,1.5625,-0.11111070994726957,4.347550339792842e-10,2.08507801767532e-5,1.8337107472016977e-5,0.11111070994726957,-0.1111101345866644
31836,3.90625,-0.11111065466250736,4.220552438280082e-10,2.0543983153906844e-5,1.5347287197715954e-5,0.11111065466250736,-0.11111013294748139
31837,9.765625,-0.11111052666034016,2.89259518222448e-10,1.700763117610586e-5,8.912929100753414e-6,0.11111052666034016,-0.1111101299654679
31838,24.4140625,-0.11111045225822253,6.129323910769234e-11,7.828999879147549e-6,1.1614772375938375e-5,0.11111045225822253,-0.11111012945548937
31839,9.765625,-0.11111046566290916,1.7422759292230554e-11,4.1740578927741954e-6,2.7475223930060327e-5,0.11111046566290916,-0.11111013044223844
31840,3.90625,-0.11111045999345591,7.601734290842341e-12,2.7571242791797293e-6,3.0093427718313842e-5,0.11111045999345591,-0.1111101314028335
31841,1.5625,-0.11111045276844934,1.716933105817424e-11,4.143589151710657e-6,2.9764998184882212e-5,0.11111045276844934,-0.11111013227142509
31842,0.625,-0.11111044530393231,4.3135923489164375e-11,6.567794415872377e-6,2.9051404300947196e-5,0.11111044530393231,-0.11111013308689421
31843,0.25,-0.11111043780252221,8.464948544736812e-11,9.20051549900157e-6,2.8472458527254964e-5,0.11111043780252221,-0.11111013387673431
31844,0.1,-0.11111043030785167,1.413193707437017e-10,1.1887782414887214e-5,2.806218856262907e-5,0.11111043030785167,-0.11111013465322964
31845,0.1,-0.11111042273412787,2.1240961403414539e-10,1.4574279194325372e-5,2.776899632969838e-5,0.11111042273412787,-0.11111013540411474
31846,0.1,-0.11111041507455728,2.972367809982112e-10,1.7240556284476763e-5,2.746079722755296e-5,0.11111041507455728,-0.11111013612749572
31847,0.1,-0.11111040732322035,3.950895011661993e-10,1.9876858433017006e-5,2.71367456929733e-5,0.11111040732322035,-0.11111013682152354
31848,0.1,-0.11111039947512523,5.052293381249306e-10,2.247730718135361e-5,2.6796209688297893e-5,0.11111039947512523,-0.11111013748441483
31849,0.25,-0.11111039120121044,6.233267667532779e-10,2.4966512907358087e-5,2.6442311480117837e-5,0.11111039120121044,-0.1111101380038443
31850,0.625,-0.11111038181951419,7.381126169772446e-10,2.7168228079454216e-5,2.571662709761609e-5,0.11111038181951419,-0.11111013812946831
31851,1.5625,-0.11111036983248454,8.188676798654114e-10,2.861586412927996e-5,2.398431138177649e-5,0.11111036983248454,-0.11111013722932608
31852,3.90625,-0.11111035318681693,7.914306072975603e-10,2.813237649573104e-5,1.9693530543694907e-5,0.11111035318681693,-0.11111013410721707
31853,9.765625,-0.11111033706990762,5.342519369162277e-10,2.3113890562089016e-5,1.022674718091242e-5,0.11111033706990762,-0.11111012858580578
31854,24.4140625,-0.11111037597766144,1.0091937629257677e-10,1.0045863640950775e-5,1.6160005308140698e-5,0.11111037597766144,-0.11111012812643452
31855,9.765625,-0.1111104253920046,2.2060867859963036e-11,4.696899813702975e-6,3.844234403597906e-5,0.1111104253920046,-0.11111013013639723
31856,3.90625,-0.11111045726121996,8.149015562869461e-12,2.8546480628738566e-6,4.184341750166426e-5,0.11111045726121996,-0.11111013199516036
31857,1.5625,-0.11111048588799194,3.176619644856028e-11,5.636150853957006e-6,4.130726951009999e-5,0.11111048588799194,-0.1111101336549573
31858,0.625,-0.11111051353012476,8.755701009177402e-11,9.357190288317002e-6,4.032639836073739e-5,0.11111051353012476,-0.1111101352133443
31859,0.25,-0.11111054086423525,1.7415204957840661e-10,1.319666812412916e-5,3.957292727281459e-5,0.11111054086423525,-0.11111013672908418
31860,0.1,-0.111110568118236,2.910052944896302e-10,1.7058877292765494e-5,3.906789989292848e-5,0.111110568118236,-0.11111013822659835
31861,0.1,-0.11111059517945598,4.3680940316932885e-10,2.08999857217494e-5,3.872724827642536e-5,0.11111059517945598,-0.11111013967947228
31862,0.1,-0.11111062201029838,6.10336675982812e-10,2.4704992936303626e-5,3.8355502369883555e-5,0.11111062201029838,-0.11111014108292713
31863,0.1,-0.11111064857321423,8.102790587734839e-10,2.8465401082252184e-5,3.795265857040847e-5,0.11111064857321423,-0.11111014243238615
31864,0.1,-0.1111106748308061,1.0352526014823185e-9,3.21753415130643e-5,3.75188323263148e-5,0.1111106748308061,-0.11111014372349876
31865,0.25,-0.11111069982199881,1.2765013957806412e-9,3.572815970324586e-5,3.705838844376535e-5,0.11111069982199881,-0.11111014472564518
31866,0.625,-0.11111072125201044,1.5110363557794653e-9,3.8872051087889165e-5,3.604651387140618e-5,0.11111072125201044,-0.1111101449258685
31867,1.5625,-0.11111073312460457,1.675975366983484e-9,4.0938678129410623e-5,3.3548271855617714e-5,0.11111073312460457,-0.11111014303014531
31868,3.90625,-0.11111072121675872,1.6192131798952524e-9,4.023944805654338e-5,2.724507089980386e-5,0.11111072121675872,-0.11111013659148779
31869,9.765625,-0.11111066010776859,1.0907224334442978e-9,3.302608716521377e-5,1.2723081707731291e-5,0.11111066010776859,-0.11111012527462284
31870,24.4140625,-0.11111054284076025,1.9942140487467123e-10,1.4121664380471278e-5,2.234194029010518e-5,0.11111054284076025,-0.11111012453411341
31871,9.765625,-0.11111049570280608,3.738052857262931e-11,6.113961773893366e-6,5.523036739747913e-5,0.11111049570280608,-0.1111101287650688
31872,3.90625,-0.1111104508051807,9.634222331052709e-12,3.103904368863949e-6,6.0176372325421736e-5,0.1111104508051807,-0.11111013263198184
31873,1.5625,-0.11111040874409168,5.97814959682356e-11,7.731849453283192e-6,5.9424875908220275e-5,0.11111040874409168,-0.11111013607111915
31874,0.625,-0.11111036777564853,1.7692266490933695e-10,1.3301227947424139e-5,5.80361179048416e-5,0.11111036777564853,-0.11111013929727821
31875,0.25,-0.11111032725412721,3.583698871595118e-10,1.89306599768606e-5,5.6978751793224905e-5,0.11111032725412721,-0.11111014243671122
31876,0.1,-0.11111028694804415,6.031205234380945e-10,2.4558512239915806e-5,5.628090302483085e-5,0.11111028694804415,-0.11111014554148393
31877,0.1,-0.1111102468806567,9.085770073752967e-10,3.014261115721889e-5,5.5819763447829554e-5,0.1111102468806567,-0.11111014855680862
31878,0.1,-0.11111020708200821,1.2722847745107021e-9,3.5669101117223325e-5,5.531120783756871e-5,0.11111020708200821,-0.11111015147230521
31879,0.1,-0.11111016758193575,1.691609366777126e-9,4.112917901900214e-5,5.4755441752089586e-5,0.11111016758193575,-0.11111015427803639
31880,0.1,-0.11111012841005598,2.163746424932921e-9,4.651608780769209e-5,5.415280313585655e-5,0.11111012841005598,-0.11111015696455144
31881,0.25,-0.11111009022989994,2.6705035704023843e-9,5.167691525625716e-5,5.350914429937888e-5,0.11111009022989994,-0.1111101590487334
31882,0.625,-0.11111005470821536,3.163919598460948e-9,5.624872974975478e-5,5.205926585569097e-5,0.11111005470821536,-0.11111015945445459
31883,1.5625,-0.11111002647588862,3.5125390643584576e-9,5.9266677520833387e-5,4.8435556396479196e-5,0.11111002647588862,-0.11111015546405777
31884,3.90625,-0.11111001819898682,3.397774064693291e-9,5.829042858560307e-5,3.9224847127807615e-5,0.11111001819898682,-0.1111101419253488
31885,9.765625,-0.11111006314809362,2.2936848633438255e-9,4.7892430125687144e-5,1.756055092074433e-5,0.11111006314809362,-0.11111011807277908
31886,24.4140625,-0.11111023474217556,4.2053133975541016e-10,2.0506860797192e-5,3.166780360516054e-5,0.11111023474217556,-0.11111011639292898
31887,9.765625,-0.1111103418926932,7.699357904378312e-11,8.774598511828512e-6,8.00761955799941e-5,0.1111103418926932,-0.111110125318896
31888,3.90625,-0.11111042844293618,1.702549548860459e-11,4.126196249405085e-6,8.740583883184045e-5,0.11111042844293618,-0.11111013349073667
31889,1.5625,-0.11111050840052805,1.2184007974829355e-10,1.1038119393641905e-5,8.638365214355719e-5,0.11111050840052805,-0.1111101407623742
31890,0.625,-0.11111058623993456,3.6855996639031025e-10,1.919791567827899e-5,8.440970580150346e-5,0.11111058623993456,-0.11111014758692483
31891,0.25,-0.11111066345244475,7.51657525607768e-10,2.7416373312452687e-5,8.290724650217834e-5,0.11111066345244475,-0.11111015423181839
31892,0.1,-0.11111074056369752,1.2691661677035292e-9,3.5625358492280876e-5,8.19227353561338e-5,0.11111074056369752,-0.11111016080752409
31893,0.1,-0.11111081742523742,1.91576555190776e-9,4.376945912286054e-5,8.127958961458489e-5,0.11111081742523742,-0.11111016719858688
31894,0.1,-0.11111089394997949,2.686406268182485e-9,5.183055342346332e-5,8.056538923692364e-5,0.11111089394997949,-0.11111017338249432
31895,0.1,-0.11111097004952597,3.575642773586582e-9,5.979667861668056e-5,7.978058740309882e-5,0.11111097004952597,-0.11111017933768763
31896,0.1,-0.11111104563441192,4.57765501662892e-9,6.765836989337623e-5,7.892580062404487e-5,0.11111104563441192,-0.11111018504365018
31897,0.25,-0.11111111876469983,5.65412917149181e-9,7.519394371551349e-5,7.800907753037008e-5,0.11111111876469983,-0.11111018947650346
31898,0.625,-0.11111118465606529,6.703767377787428e-9,8.187653740716829e-5,7.591389573394205e-5,0.11111118465606529,-0.11111019035262196
31899,1.5625,-0.1111112304652254,7.4485036267151255e-9,8.630471381515105e-5,7.06405210748827e-5,0.1111112304652254,-0.1111101818990798
31900,3.90625,-0.11111122413760006,7.213386640009289e-9,8.49316586439314e-5,5.7183322009085694e-5,0.11111122413760006,-0.11111015314493419
31901,9.765625,-0.11111109970032201,4.880166647246565e-9,6.985818955030658e-5,2.5220675399334797e-5,0.11111109970032201,-0.11111010233010916
31902,24.4140625,-0.11111084224493917,8.310731772605073e-11,9.116321501902548e-6,4.418015160224651e-5,0.11111084224493917,-0.11111013440323139
31903,9.765625,-0.11111019287345315,8.797673656959187e-11,9.379591492681963e-6,2.4558745248546093e-5,0.11111019287345315,-0.1111101338204235
31904,3.90625,-0.11110995436868676,9.969798198375906e-11,9.98488768007728e-6,1.6354213150871427e-5,0.11110995436868676,-0.11111013360350708
31905,1.5625,-0.11110976305569223,1.143461198024896e-10,1.0693274512631274e-5,1.293623470600742e-5,0.11110976305569223,-0.11111013356247396
31906,3.90625,-0.11110972339105324,1.1302528806855097e-10,1.0631335196886183e-5,1.1428161629353522e-5,0.11110972339105324,-0.11111013317792842
31907,9.765625,-0.11111003728877879,7.462253141790187e-11,8.638433389099083e-6,8.265649577241137e-6,0.11111003728877879,-0.11111013242557541
31908,24.4140625,-0.1111105859329681,1.3053594006654472e-11,3.612975782738444e-6,7.990398538331849e-6,0.1111105859329681,-0.11111013238434389
31909,9.765625,-0.11111031480000141,2.661346538251771e-12,1.631363398587749e-6,1.4920684133847898e-5,0.11111031480000141,-0.11111013268559444
31910,3.90625,-0.11111022179522889,1.3566216623410081e-12,1.164741028014815e-6,1.5865666252932806e-5,0.11111022179522889,-0.1111101329504114
31911,1.5625,-0.11111014968853664,4.978297780448371e-12,2.2312099364354693e-6,1.5548369136702356e-5,0.11111014968853664,-0.11111013318530169
31912,0.625,-0.11111008285985151,1.2806505378619663e-11,3.57861780281433e-6,1.5129281690977583e-5,0.11111008285985151,-0.11111013340520906
31913,0.25,-0.11111001760613481,2.4650810845054928e-11,4.964958292378187e-6,1.4815490355884137e-5,0.11111001760613481,-0.11111013361839667
31914,0.1,-0.1111099528366127,4.0428161818093543e-11,6.3583143849682004e-6,1.4602307311990317e-5,0.1111099528366127,-0.11111013382827124
31915,0.1,-0.11110989021328277,5.993767844034414e-11,7.741942807870912e-6,1.4455263154657312e-5,0.11110989021328277,-0.11111013403132217
31916,0.1,-0.11110982995065881,8.300054201729208e-11,9.110463326159217e-6,1.4302571989833214e-5,0.11110982995065881,-0.11111013422711857
31917,0.1,-0.11110977225353919,1.0943010486177522e-10,1.0460884516224009e-5,1.414353281116279e-5,0.11110977225353919,-0.11111013441523131
31918,0.1,-0.11110971731638442,1.3903216596300784e-10,1.179119018432863e-5,1.3977600674267265e-5,0.11110971731638442,-0.11111013459523741
31919,0.25,-0.1111096729234888,1.705516876550056e-10,1.3059543929824104e-5,1.380615242782866e-5,0.1111096729234888,-0.11111013473655576
31920,0.625,-0.11110965637268222,2.0073792217494006e-10,1.4168201091703211e-5,1.3445311350232037e-5,0.11110965637268222,-0.11111013477176473
31921,1.5625,-0.1111097100426943,2.2086212425595185e-10,1.4861430760729326e-5,1.2575811435263703e-5,0.1111097100426943,-0.11111013453274472
31922,3.90625,-0.11110992142253864,2.1063076911942976e-10,1.4513124030319238e-5,1.0452244194142604e-5,0.11110992142253864,-0.11111013371079494
31923,9.765625,-0.11111037554490653,1.397066091131512e-10,1.1819755036088998e-5,6.1820094635244315e-6,0.11111037554490653,-0.11111013228973239
31924,24.4140625,-0.11111067653872117,2.6257739715841454e-11,5.124230646237682e-6,9.3239404056229e-6,0.11111067653872117,-0.1111101322114527
31925,9.765625,-0.11111049673092052,5.47912285513493e-12,2.340752625788323e-6,2.0192690074433186e-5,0.11111049673092052,-0.11111013276266285
31926,3.90625,-0.1111104261819391,2.042256114025484e-12,1.42907526534661e-6,2.1894404052178296e-5,0.1111104261819391,-0.11111013326975186
31927,1.5625,-0.11111037049856008,8.542297233559643e-12,2.9227208613823597e-6,2.1618359470305538e-5,0.11111037049856008,-0.11111013372371858
31928,0.625,-0.1111103188676364,2.3593981444084552e-11,4.857363631033254e-6,2.1127279905784043e-5,0.1111103188676364,-0.11111013415121368
31929,0.25,-0.11111026854033289,4.6862238024569035e-11,6.8455999024606335e-6,2.075664462725678e-5,0.11111026854033289,-0.11111013456800187
31930,0.1,-0.11111021865582549,7.822718204801162e-11,8.844613165538197e-6,2.0514343758968255e-5,0.11111021865582549,-0.11111013498059533
31931,0.1,-0.11111016967199588,1.1736040757234147e-10,1.0833300862264533e-5,2.0356384954417274e-5,0.11111016967199588,-0.11111013538187142
31932,0.1,-0.1111101217147029,1.6395393899861165e-10,1.2804449968609024e-5,2.0182574332271646e-5,0.1111101217147029,-0.1111101357705327
31933,0.1,-0.11111007490601875,2.1767666644171323e-10,1.4753869541300452e-5,1.9992851443026626e-5,0.11111007490601875,-0.11111013614533057
31934,0.1,-0.11111002936385998,2.7817545445263855e-10,1.6678592700004353e-5,1.978722689924432e-5,0.11111002936385998,-0.1111101365050705
31935,0.25,-0.11110998858001254,3.4309845663380065e-10,1.852291706599694e-5,1.956740714676896e-5,0.11110998858001254,-0.11111013678771411
31936,0.625,-0.1111099606658601,4.062319459150513e-10,2.01551964990434e-5,1.9064616840918946e-5,0.1111099606658601,-0.111110136855196
31937,1.5625,-0.11110996607871917,4.505576898433443e-10,2.1226344241139225e-5,1.7801478446792558e-5,0.11110996607871917,-0.11111013635936343
31938,3.90625,-0.11111004930085237,4.350235094448455e-10,2.085721720280166e-5,1.4614013171586507e-5,0.11111004930085237,-0.11111013464324526
31939,9.765625,-0.11111026537139886,2.927885827840742e-10,1.7111066091394604e-5,7.588723636595618e-6,0.11111026537139886,-0.11111013162101137
31940,24.4140625,-0.11111047530017461,5.3943261104377086e-11,7.344607620858795e-6,1.2366553569132404e-5,0.11111047530017461,-0.11111013143628111
31941,9.765625,-0.11111042753347952,1.017164750651599e-11,3.1893020406534075e-6,2.907052027176771e-5,0.11111042753347952,-0.11111013259750112
31942,3.90625,-0.1111104265941739,2.6964617888158277e-12,1.6420906761856446e-6,3.165705707017058e-5,0.1111104265941739,-0.11111013366383206
31943,1.5625,-0.1111104303024486,1.6370197319089698e-11,4.0460100493065635e-6,3.1303710576180316e-5,0.1111104303024486,-0.11111013461671003
31944,0.625,-0.11111043510088227,4.8318255799835354e-11,6.951133418359581e-6,3.0619565902433176e-5,0.11111043510088227,-0.1111101355139017
31945,0.25,-0.11111044023163118,9.787627449520993e-11,9.89324388131668e-6,3.0105173695669353e-5,0.11111044023163118,-0.11111013638948804
31946,0.1,-0.11111044548175834,1.6483201266236786e-10,1.2838692015247031e-5,2.9775282895191853e-5,0.11111044548175834,-0.11111013725751
31947,0.1,-0.11111045107106647,2.4853511651329256e-10,1.5764996559254067e-5,2.9566443464576314e-5,0.11111045107106647,-0.11111013810286162
31948,0.1,-0.11111045703188858,3.4836875535840014e-10,1.866463917032419e-5,2.933169412525348e-5,0.11111045703188858,-0.11111013892255822
31949,0.1,-0.11111046339433789,4.6366209145717696e-10,2.15328142948658e-5,2.9071216138026154e-5,0.11111046339433789,-0.11111013971373385
31950,0.1,-0.1111104701861992,5.936930435497028e-10,2.4365817112292845e-5,2.878524693293131e-5,0.1111104701861992,-0.11111014047365386
31951,0.25,-0.11111047854328454,7.335249103421785e-10,2.708366500941441e-5,2.847615873409525e-5,0.11111047854328454,-0.11111014106937253
31952,0.625,-0.11111049097032169,8.700437754054247e-10,2.9496504460790344e-5,2.774537074455556e-5,0.11111049097032169,-0.11111014120415144
31953,1.5625,-0.11111051343280288,9.671836843607384e-10,3.109957691610512e-5,2.5879623551167617e-5,0.11111051343280288,-0.11111014012734151
31954,3.90625,-0.11111055703654053,9.373348661250878e-10,3.061592504114628e-5,2.1109173111983936e-5,0.11111055703654053,-0.11111013641033929
31955,9.765625,-0.11111062364568243,6.352587903734962e-10,2.5204340704995562e-5,1.007671802405167e-5,0.11111062364568243,-0.11111012981237131
31956,24.4140625,-0.11111060359569622,1.187161676213378e-10,1.0895694912273278e-5,1.7054855571665577e-5,0.11111060359569622,-0.11111012928083396
31957,9.765625,-0.1111105107274898,2.2242380392191127e-11,4.716182820055975e-6,4.24943669305252e-5,0.1111105107274898,-0.11111013177757464
31958,3.90625,-0.1111104514578903,4.623690021486156e-12,2.1502767313734657e-6,4.647814949103495e-5,0.1111104514578903,-0.11111013408585844
31959,1.5625,-0.11111039871009672,3.308742672300016e-11,5.752167132742247e-6,4.602636837696143e-5,0.11111039871009672,-0.11111013615047313
31960,0.625,-0.11111034798673612,1.0138130184332389e-10,1.0068828225931948e-5,4.5050088580821264e-5,0.11111034798673612,-0.1111101380944125
31961,0.25,-0.11111029798046108,2.0807695706142037e-10,1.4424872861187386e-5,4.431022468302355e-5,0.11111029798046108,-0.11111013999164264
31962,0.1,-0.11111024825802861,3.527385097523528e-10,1.8781334078077436e-5,4.3837082844750896e-5,0.11111024825802861,-0.11111014187292799
31963,0.1,-0.11111019898075826,5.340005992386331e-10,2.3108452982374937e-5,4.354019508202932e-5,0.11111019898075826,-0.11111014370603475
31964,0.1,-0.11111015020966482,7.505593302230239e-10,2.73963378980298e-5,4.320424118503646e-5,0.11111015020966482,-0.11111014548435816
31965,0.1,-0.11111010200450665,1.0009906492976847e-9,3.163843626505085e-5,4.282952242608539e-5,0.11111010200450665,-0.1111101472015515
31966,0.1,-0.11111005442367429,1.2837563588267957e-9,3.582954589199807e-5,4.241641256816718e-5,0.11111005442367429,-0.1111101488515512
31967,0.25,-0.11111000903985227,1.5882481277375453e-9,3.9852830862280605e-5,4.196820491141609e-5,0.11111000903985227,-0.11111015014612965
31968,0.625,-0.11110996959906624,1.8862050232333195e-9,4.343046192746883e-5,4.089534749900232e-5,0.11110996959906624,-0.11111015044047833
31969,1.5625,-0.1111099458787569,2.0997606852316873e-9,4.582314573697104e-5,3.8139184309958804e-5,0.1111099458787569,-0.11111014810046785
31970,3.90625,-0.11110996118521553,2.0392924266058515e-9,4.515852551408041e-5,3.105546914258513e-5,0.11110996118521553,-0.11111014000169672
31971,9.765625,-0.1111100584580481,1.388382807134205e-9,3.7261009207135076e-5,1.433849990098022e-5,0.1111100584580481,-0.11111012554187659
31972,24.4140625,-0.11111025743257102,2.638526953090849e-10,1.624354318826668e-5,2.434797048649623e-5,0.11111025743257102,-0.111110124144823
31973,9.765625,-0.11111033493032703,5.027218627754751e-11,7.090288166044276e-6,6.255242240187673e-5,0.11111033493032703,-0.11111012956189803
31974,3.90625,-0.11111040792619678,9.383506077593922e-12,3.0632509002029073e-6,6.861485217789745e-5,0.11111040792619678,-0.11111013460361767
31975,1.5625,-0.11111047681890836,6.947326509017101e-11,8.335062392698149e-6,6.801891032622527e-5,0.11111047681890836,-0.11111013911960056
31976,0.625,-0.11111054425824697,2.1681840532548188e-10,1.4724754847720959e-5,6.660765387809778e-5,0.11111054425824697,-0.11111014337266031
31977,0.25,-0.1111106112475977,4.4829404931866597e-10,2.1172955611313835e-5,6.553007553436338e-5,0.1111106112475977,-0.11111014752364363
31978,0.1,-0.11111067815502974,7.629663505543793e-10,2.7621845531288806e-5,6.484050512880446e-5,0.11111067815502974,-0.1111101516399712
31979,0.1,-0.11111074494101325,1.157910334657122e-9,3.40280815600457e-5,6.440885802025422e-5,0.11111074494101325,-0.1111101556520564
31980,0.1,-0.11111081154736453,1.6303193440445389e-9,4.037721317828335e-5,6.391886460151552e-5,0.11111081154736453,-0.1111101595453292
31981,0.1,-0.11111087791459844,2.177121524140472e-9,4.665963484791187e-5,6.337099186713335e-5,0.11111087791459844,-0.1111101633057812
31982,0.1,-0.11111094398205427,2.7949929104183785e-9,5.286769250136021e-5,6.276580630242259e-5,0.11111094398205427,-0.11111016692002271
31983,0.25,-0.11111100858160466,3.460947439544749e-9,5.882981760591094e-5,6.210803731421458e-5,0.11111100858160466,-0.11111016975948307
31984,0.625,-0.1111110687434856,4.113648858705771e-9,6.413773350147143e-5,6.052602617436038e-5,0.1111110687434856,-0.1111101704158012
31985,1.5625,-0.1111111162591215,4.583900575250573e-9,6.770450926822063e-5,5.6451405052701475e-5,0.1111111162591215,-0.11111016531505823
31986,3.90625,-0.11111112937304092,4.458918770597331e-9,6.677513587105106e-5,4.595270750272982e-5,0.11111112937304092,-0.11111014760020484
31987,9.765625,-0.11111105584228403,3.046393991399904e-9,5.519414816264405e-5,2.0908804033838942e-5,0.11111105584228403,-0.11111011582233059
31988,24.4140625,-0.1111108004544087,5.862688148561329e-10,2.4212988556890967e-5,3.527336778752547e-5,0.1111108004544087,-0.11111011237981336
31989,9.765625,-0.11111064440118651,1.1266456270543314e-10,1.061435644330042e-5,9.246578521073724e-5,0.11111064440118651,-0.11111012422837233
31990,3.90625,-0.11111051653691104,1.871792006462772e-11,4.326421161263397e-6,0.00010164093020411538,0.11111051653691104,-0.11111013531272644
31991,1.5625,-0.11111039816905399,1.4685947749648386e-10,1.2118559217022618e-5,0.00010084076958754453,0.11111039816905399,-0.1111101452528158
31992,0.625,-0.11111028319745221,4.668345104256569e-10,2.1606353473588662e-5,9.878690364393324e-5,0.11111028319745221,-0.11111015461597008
31993,0.25,-0.11111016959091133,9.71748768185429e-10,3.1172885143749995e-5,9.72085939158436e-5,0.11111016959091133,-0.1111101637542533
31994,0.1,-0.11111005664318592,1.6595588031551924e-9,4.073768283978843e-5,9.619744627535116e-5,0.11111005664318592,-0.11111017281618418
31995,0.1,-0.11110994445839913,2.5239322228509706e-9,5.023875220236835e-5,9.556520887634181e-5,0.11110994445839913,-0.11111018165077782
31996,0.1,-0.11110983312413149,3.558769988628113e-9,5.9655427151501585e-5,9.484632760242749e-5,0.11110983312413149,-0.11111019022591981
31997,0.1,-0.11110972272615822,4.757390493041973e-9,6.897383919314608e-5,9.404148117492703e-5,0.11110972272615822,-0.11111019851072056
31998,0.1,-0.11110961334841014,6.112557894071758e-9,7.818284910433847e-5,9.315149346660334e-5,0.11110961334841014,-0.11111020647563531
31999,0.25,-0.11110950704586739,7.574226220008035e-9,8.703003056421407e-5,9.218318417654128e-5,0.11110950704586739,-0.11111021274425159
32000,0.625,-0.11110940887172475,9.0087037739979e-9,9.491419163643496e-5,8.984728448694932e-5,0.11110940887172475,-0.11111021422876122
32001,1.5625,-0.11110933252026435,1.0046879920941411e-8,0.000100234125530886,8.382110719114295e-5,0.11110933252026435,-0.11111020308432552
32002,3.90625,-0.11110931368305851,9.786906753708313e-9,9.892879638259183e-5,6.827073168527168e-5,0.11110931368305851,-0.11111016421151561
32003,9.765625,-0.11110943748923713,6.709482304432994e-9,8.191142963245724e-5,3.096386659214222e-5,0.11110943748923713,-0.11111009415293259
32004,24.4140625,-0.11110999110387716,1.0803176018974331e-10,1.0393832795929677e-5,5.03353406231605e-5,0.11110999110387716,-0.11111013698162746
32005,9.765625,-0.11111071512531567,1.1451807339253121e-10,1.0701311760365231e-5,2.778388138879111e-5,0.11111071512531567,-0.11111013620692922
32006,3.90625,-0.11111098568557114,1.2992462535796234e-10,1.139844837501852e-5,1.8322449617009285e-5,0.11111098568557114,-0.11111013591033908
32007,1.5625,-0.11111120304333716,1.4916413304966543e-10,1.2213276916932057e-5,1.4364321883399226e-5,0.11111120304333716,-0.1111101358439579
32008,3.90625,-0.11111125301233626,1.4785764051595543e-10,1.2159672714179253e-5,1.2627811577675187e-5,0.11111125301233626,-0.11111013532878516
32009,9.765625,-0.11111091040826623,9.84942662646712e-11,9.924427755023017e-6,8.882394569778254e-6,0.11111091040826623,-0.11111013432295053
32010,24.4140625,-0.11111029851971559,1.7528159602579195e-11,4.186664496061178e-6,8.562574705433838e-6,0.11111029851971559,-0.11111013424164883
32011,9.765625,-0.11111060166743492,3.5122806492929214e-12,1.8741079609491341e-6,1.693220079944864e-5,0.11111060166743492,-0.11111013463195613
32012,3.90625,-0.11111070547104136,1.5247834865480002e-12,1.2348212366767914e-6,1.8142340767750928e-5,0.11111070547104136,-0.11111013497933156
32013,1.5625,-0.11111078604900791,6.151949783510575e-12,2.4803124366721575e-6,1.7835551866538542e-5,0.11111078604900791,-0.1111101352884193
32014,0.625,-0.11111086077373306,1.645106803892155e-11,4.055991622146371e-6,1.7388648545232407e-5,0.11111086077373306,-0.11111013557847725
32015,0.25,-0.11111093376118711,3.21849789420072e-11,5.673180672427699e-6,1.7054143960177475e-5,0.11111093376118711,-0.1111101358604023
32016,0.1,-0.111111006223147,5.325984400614857e-11,7.297934228680645e-6,1.6831270408728627e-5,0.111111006223147,-0.11111013613868814
32017,0.1,-0.11111107628817979,7.942850713052174e-11,8.912267227284072e-6,1.6681728625353603e-5,0.11111107628817979,-0.11111013640861685
32018,0.1,-0.11111114371613273,1.1046824375344711e-10,1.0510387421662777e-5,1.6522801931873363e-5,0.11111114371613273,-0.11111013666947954
32019,0.1,-0.11111120827760397,1.4614351940859392e-10,1.2088983390202582e-5,1.63540000262829e-5,0.11111120827760397,-0.11111013692058136
32020,0.1,-0.11111126975464762,1.8620655506066685e-10,1.364575227170224e-5,1.6174961128698366e-5,0.11111126975464762,-0.11111013716124939
32021,0.25,-0.11111131941312144,2.2901091160971561e-10,1.5133106475859992e-5,1.598718821847352e-5,0.11111131941312144,-0.11111013735025635
32022,0.625,-0.1111113378470562,2.702599168403836e-10,1.6439583840243146e-5,1.5574349917237452e-5,0.1111113378470562,-0.1111101373963258
32023,1.5625,-0.11111127750866576,2.9835110508824535e-10,1.727284299379362e-5,1.455696232002636e-5,0.11111127750866576,-0.11111013707082754
32024,3.90625,-0.1111110401978232,2.8605788454050927e-10,1.691324583101982e-5,1.2030872183362952e-5,0.1111110401978232,-0.11111013594877168
32025,9.765625,-0.11111053017130265,1.9160630471122345e-10,1.3842192915547141e-5,6.708105416480564e-6,0.11111053017130265,-0.11111013398495789
32026,24.4140625,-0.11111018988239445,3.646767862778868e-11,6.038847458562659e-6,1.028615852138955e-5,0.11111018988239445,-0.11111013383410698
32027,9.765625,-0.11111038969365468,7.126202539468639e-12,2.6694948097849223e-6,2.3567963249330756e-5,0.11111038969365468,-0.11111013459490009
32028,3.90625,-0.11111046805127714,1.8165495721232756e-12,1.3477943359887203e-6,2.5700641299088856e-5,0.11111046805127714,-0.11111013529920429
32029,1.5625,-0.11111052984416406,1.0352150379116668e-11,3.2174757775493303e-6,2.543137810419639e-5,0.11111052984416406,-0.11111013592999076
32030,0.625,-0.11111058713615705,3.0814935228247255e-11,5.551120177788196e-6,2.488110038430298e-5,0.11111058713615705,-0.11111013652388789
32031,0.25,-0.11111064299898746,6.275080411566953e-11,7.921540514045833e-6,2.4461818407078897e-5,0.11111064299898746,-0.11111013710300278
32032,0.1,-0.11111069839604866,1.0600802051711599e-10,1.029601964436335e-5,2.4189251773119946e-5,0.11111069839604866,-0.11111013767657116
32033,0.1,-0.11111075282101489,1.6015716260336725e-10,1.2655321513235736e-5,2.4013941661988686e-5,0.11111075282101489,-0.11111013823498414
32034,0.1,-0.11111080613202501,2.2479049763742675e-10,1.499301496155549e-5,2.381899035942627e-5,0.11111080613202501,-0.11111013877636679
32035,0.1,-0.11111085819119852,2.9946654935763515e-10,1.7305101830316838e-5,2.3604384227441662e-5,0.11111085819119852,-0.11111013929891327
32036,0.1,-0.11111090886504875,3.837116704682082e-10,1.9588559683351103e-5,2.337018025418015e-5,0.11111090886504875,-0.11111013980089425
32037,0.25,-0.1111109542507476,4.743277773764269e-10,2.1779067412918004e-5,2.3118201844674273e-5,0.1111109542507476,-0.11111014019635074
32038,0.625,-0.11111098526871901,5.62823393278923e-10,2.3723899200572468e-5,2.2530384624948447e-5,0.11111098526871901,-0.11111014029323603
32039,1.5625,-0.11111097900156186,6.258627973744119e-10,2.5017249996240832e-5,2.1038579759563634e-5,0.11111097900156186,-0.11111013960556153
32040,3.90625,-0.11111088558803152,6.068645656398519e-10,2.4634621280625604e-5,1.7242341241657695e-5,0.11111088558803152,-0.11111013720747108
32041,9.765625,-0.11111064336400765,4.12362008731564e-10,2.030669861724362e-5,8.6198983169091e-6,0.11111064336400765,-0.1111101329313462
32042,24.4140625,-0.1111104085850236,7.85655658261877e-11,8.863721894677636e-6,1.394385393438941e-5,0.1111104085850236,-0.11111013253760246
32043,9.765625,-0.11111046139663892,1.5032564375601977e-11,3.877185109793183e-6,3.435508868712824e-5,0.11111046139663892,-0.11111013416454953
32044,3.90625,-0.11111046187055959,2.9424244734331015e-12,1.715349665063395e-6,3.7626150722618734e-5,0.11111046187055959,-0.11111013567894819
32045,1.5625,-0.11111045723873404,2.089418630080936e-11,4.571015893738432e-6,3.729369392167769e-5,0.11111045723873404,-0.11111013703664094
32046,0.625,-0.1111104514576542,6.479663010580238e-11,8.049635402041658e-6,3.652216178383028e-5,0.1111104514576542,-0.11111013831590248
32047,0.25,-0.11111044537027755,1.3371206406189508e-10,1.156339327627903e-5,3.593334340211472e-5,0.11111044537027755,-0.11111013956459193
32048,0.1,-0.11111043921465513,2.273553682223975e-10,1.5078307869996471e-5,3.5555917427719535e-5,0.11111043921465513,-0.11111014080276846
32049,0.1,-0.11111043274018582,3.448506502125842e-10,1.8570154824679956e-5,3.531894567381841e-5,0.11111043274018582,-0.11111014200971604
32050,0.1,-0.11111042590788145,4.853583011957418e-10,2.2030848853272582e-5,3.505069932263392e-5,0.11111042590788145,-0.11111014318113549
32051,0.1,-0.11111041868083853,6.479608776737835e-10,2.54550756760569e-5,3.4751386679374284e-5,0.11111041868083853,-0.11111014431289118
32052,0.1,-0.11111041102439423,8.316668834241867e-10,2.8838635255923376e-5,3.442127981222717e-5,0.11111041102439423,-0.1111101454010276
32053,0.25,-0.11111040162753498,1.0296448912798362e-9,3.208808020558158e-5,3.4062918653267254e-5,0.11111040162753498,-0.11111014625858717
32054,0.625,-0.11111038758169833,1.2236747394060175e-9,3.498106258257484e-5,3.320395364468888e-5,0.11111038758169833,-0.11111014646675549
32055,1.5625,-0.11111036192925447,1.363507693182452e-9,3.692570504651809e-5,3.099585989388863e-5,0.11111036192925447,-0.11111014496266057
32056,3.90625,-0.11111031163461767,1.3265683763634112e-9,3.6422086381252396e-5,2.532158916196015e-5,0.11111031163461767,-0.111110139705992
32057,9.765625,-0.11111023423823928,9.072099776254632e-10,3.0119926587318623e-5,1.1987585613907924e-5,0.11111023423823928,-0.11111013025683465
32058,24.4140625,-0.11111025827142569,1.7572381566195408e-10,1.3256085985763448e-5,1.9611916597500986e-5,0.11111025827142569,-0.11111012921010209
32059,9.765625,-0.11111037127477058,3.4078238270879e-11,5.837656916167564e-6,5.064673769060544e-5,0.11111037127477058,-0.11111013275506687
32060,3.90625,-0.11111044436920481,5.6347698015099e-12,2.3737670065762352e-6,5.5677058450272606e-5,0.11111044436920481,-0.11111013608050038
32061,1.5625,-0.11111050959046712,4.3469927105879573e-11,6.593172764752913e-6,5.5259286040071594e-5,0.11111050959046712,-0.1111101390666413
32062,0.625,-0.11111057244873825,1.3856984283272812e-10,1.177156925956468e-5,5.4150720500921764e-5,0.11111057244873825,-0.11111014188124688
32063,0.25,-0.11111063456443974,2.88889509270746e-10,1.699674996199997e-5,5.329772862132935e-5,0.11111063456443974,-0.11111014462907182
32064,0.1,-0.11111069647966593,4.93833852638213e-10,2.222237279496078e-5,5.2752194470838744e-5,0.11111069647966593,-0.11111014735442612
32065,0.1,-0.11111075798484081,7.515366817263379e-10,2.7414169360502936e-5,5.24123971782377e-5,0.11111075798484081,-0.11111015001240561
32066,0.1,-0.11111081899632362,1.0601978491831652e-9,3.2560679495108285e-5,5.202538924647746e-5,0.11111081899632362,-0.11111015259340282
32067,0.1,-0.11111087943095105,1.4178423405645204e-9,3.7654247311087234e-5,5.159151117645316e-5,0.11111087943095105,-0.11111015508816982
32068,0.1,-0.11111093920623971,1.8223285744546622e-9,4.2688740605160303e-5,5.111118821436326e-5,0.11111093920623971,-0.11111015748785251
32069,0.25,-0.11111099625910256,2.2587751942308264e-9,4.75265735587032e-5,5.058796818640963e-5,0.11111099625910256,-0.11111015938185495
32070,0.625,-0.11111104564007768,2.6873856019489757e-9,5.184000001879799e-5,4.932004225883664e-5,0.11111104564007768,-0.11111015984851971
32071,1.5625,-0.11111107439393167,2.9982212917817125e-9,5.475601603277682e-5,4.6043204477776216e-5,0.11111107439393167,-0.11111015654506995
32072,3.90625,-0.11111105171508724,2.9225068537945284e-9,5.406021507351343e-5,3.7588362055423816e-5,0.11111105171508724,-0.11111014495597354
32073,9.765625,-0.11111092222091587,2.0067543088870995e-9,4.479681136963991e-5,1.7434094934753024e-5,0.11111092222091587,-0.11111012401117072
32074,24.4140625,-0.11111067043854655,3.946680384803552e-10,1.9866253760595005e-5,2.833706491136634e-5,0.11111067043854655,-0.1111101213923627
32075,9.765625,-0.11111057822417725,7.781789536400053e-11,8.821445197018488e-6,7.507469013734245e-5,0.11111057822417725,-0.11111012918505872
32076,3.90625,-0.11111048910521922,1.1711751487349415e-11,3.42224363354648e-6,8.274050802875178e-5,0.11111048910521922,-0.11111013654247247
32077,1.5625,-0.1111104050242346,9.248191628058266e-11,9.616751857076414e-6,8.219916234247768e-5,0.1111104050242346,-0.1111101431593133
32078,0.625,-0.11111032294501678,3.0011297559696294e-10,1.7323769093270752e-5,8.05871421116691e-5,0.11111032294501678,-0.11111014939810628
32079,0.25,-0.11111024170731887,6.300689172931867e-10,2.5101173623820595e-5,7.933731540665841e-5,0.11111024170731887,-0.11111015548923853
32080,0.1,-0.11111016089053154,1.0810486904863746e-9,3.287930489664243e-5,7.853731951668898e-5,0.11111016089053154,-0.11111016153087752
32081,0.1,-0.11111008050006956,1.648996590109882e-9,4.06078390229015e-5,7.804009115747278e-5,0.11111008050006956,-0.11111016742491897
32082,0.1,-0.11111000058663027,2.3299836361444193e-9,4.826990404117683e-5,7.747219299659945e-5,0.11111000058663027,-0.11111017314996911
32083,0.1,-0.11110992120042305,3.1196924579487552e-9,5.5854207164266106e-5,7.68341577437286e-5,0.11110992120042305,-0.1111101786854241
32084,0.1,-0.11110984239118794,4.0134355560071e-9,6.335168155627047e-5,7.612663567577848e-5,0.11110984239118794,-0.11111018401155223
32085,0.25,-0.11110976523277143,4.97859598344444e-9,7.05591665444288e-5,7.535476310591355e-5,0.11110976523277143,-0.11111018822272417
32086,0.625,-0.11110969245874988,5.927830227702728e-9,7.699240370129204e-5,7.347636008951303e-5,0.11110969245874988,-0.11111018928323423
32087,1.5625,-0.11110963175459945,6.61960342725534e-9,8.136094534391387e-5,6.861113349727211e-5,0.11110963175459945,-0.1111101820119095
32088,3.90625,-0.11110960466735484,6.462407055113203e-9,8.038909786229226e-5,5.6033227727221205e-5,0.11110960466735484,-0.11111015638824556
32089,9.765625,-0.11110967104332369,4.453296178458047e-9,6.67330216493907e-5,2.5824257023390634e-5,0.11110967104332369,-0.11111010985191734
32090,24.4140625,-0.11111020793782868,6.948102825439575e-11,8.335528072917502e-6,4.048521380278441e-5,0.11111020793782868,-0.1111101379219771
32091,9.765625,-0.11111063443349914,7.412960945470545e-11,8.609855367815737e-6,2.2296945058008736e-5,0.11111063443349914,-0.11111013741300428
32092,3.90625,-0.11111078598230913,8.386826049512115e-11,9.157961590611808e-6,1.4761592670316691e-5,0.11111078598230913,-0.11111013722339236
32093,1.5625,-0.11111090753887747,9.595871753755162e-11,9.795852057761571e-6,1.1665491639752968e-5,0.11111090753887747,-0.11111013718444672
32094,3.90625,-0.11111092998227785,9.511646088096429e-11,9.752766832082283e-6,1.0329462347588797e-5,0.11111092998227785,-0.11111013685866074
32095,9.765625,-0.11111072399712044,6.402257357791137e-11,8.001410724235532e-6,7.503427221060521e-6,0.11111072399712044,-0.11111013621278139
32096,24.4140625,-0.11111037789221907,1.1638958727034081e-11,3.411591817177735e-6,7.3173862735049495e-6,0.11111037789221907,-0.11111013615809867
32097,9.765625,-0.11111054901382529,2.4402839700532637e-12,1.5621408291358573e-6,1.3870074285585805e-5,0.11111054901382529,-0.11111013641567812
32098,3.90625,-0.11111060188876697,9.448797402818164e-13,9.720492478685514e-7,1.4897571437407641e-5,0.11111060188876697,-0.11111013665026306
32099,1.5625,-0.1111106417896068,3.760153269808966e-12,1.9391114639981288e-6,1.4688498148901986e-5,0.1111106417896068,-0.11111013686076894
32100,0.625,-0.11111067848793629,1.0270730286294949e-11,3.204798010217641e-6,1.4350918167508535e-5,0.11111067848793629,-0.11111013705903883
32101,0.25,-0.11111071424931297,2.0321879423264193e-11,4.507979527822214e-6,1.409483134996657e-5,0.11111071424931297,-0.1111101372520421
32102,0.1,-0.11111074973199066,3.385398755362805e-11,5.818417959688703e-6,1.3923807415112892e-5,0.11111074973199066,-0.11111013744270093
32103,0.1,-0.11111078383782307,5.0715632583747607e-11,7.121490896135977e-6,1.3809261682898613e-5,0.11111078383782307,-0.1111101376280276
32104,0.1,-0.11111081643287862,7.076796127438744e-11,8.412369539813824e-6,1.3687143012391922e-5,0.11111081643287862,-0.11111013780754857
32105,0.1,-0.11111084738959644,9.386360868753903e-11,9.688323316629098e-6,1.3557082491540926e-5,0.11111084738959644,-0.11111013798080017
32106,0.1,-0.11111087658720853,1.198470298426923e-10,1.0947466823091646e-5,1.3418810714340291e-5,0.11111087658720853,-0.11111013814733205
32107,0.25,-0.11111089903798886,1.4768979628302292e-10,1.2152769078815862e-5,1.3273433163177227e-5,0.11111089903798886,-0.11111013828051092
32108,0.625,-0.11111090370924022,1.7469249658927557e-10,1.3217128908703115e-5,1.2951564520837152e-5,0.11111090370924022,-0.111110138321115
32109,1.5625,-0.11111086370467321,1.9351440882355042e-10,1.391094564806974e-5,1.2155784196870394e-5,0.11111086370467321,-0.11111013811999582
32110,3.90625,-0.11111072421163935,1.8667611991756952e-10,1.3662946970458807e-5,1.0180661127814852e-5,0.11111072421163935,-0.11111013739594301
32111,9.765625,-0.11111043644490104,1.2634263374837223e-10,1.1240223918960523e-5,6.073511539730245e-6,0.11111043644490104,-0.11111013610379428
32112,24.4140625,-0.11111027267802438,2.459554213984025e-11,4.959389291015604e-6,8.603177999213207e-6,0.11111027267802438,-0.11111013598421604
32113,9.765625,-0.11111039775879444,5.084044715148812e-12,2.254782631463355e-6,1.930351200663663e-5,0.11111039775879444,-0.11111013648885573
32114,3.90625,-0.1111104511766151,1.3292596966581663e-12,1.1529352525871374e-6,2.1074591153604507e-5,0.1111104511766151,-0.1111101369619511
32115,1.5625,-0.1111104946071814,6.718812116819936e-12,2.5920671512944906e-6,2.088734986944965e-5,0.1111104946071814,-0.111110137388047
32116,0.625,-0.11111053528818876,1.9991689922074604e-11,4.471206763511905e-6,2.0460602328760447e-5,0.11111053528818876,-0.11111013779025865
32117,0.25,-0.11111057509061553,4.0852183564779916e-11,6.391571290753152e-6,2.013312534812042e-5,0.11111057509061553,-0.11111013818292345
32118,0.1,-0.11111061460586995,6.920529861980284e-11,8.318972209341899e-6,1.992083611950796e-5,0.11111061460586995,-0.11111013857208968
32119,0.1,-0.11111065353545602,1.0477767966452287e-10,1.0236096896010846e-5,1.978536662021798e-5,0.11111065353545602,-0.11111013895147741
32120,0.1,-0.11111069179227802,1.4730829267950758e-10,1.2137062769859418e-5,1.9633811327890914e-5,0.11111069179227802,-0.11111013931982575
32121,0.1,-0.11111072929150718,1.9651337980228076e-10,1.4018323002495012e-5,1.9466189539774568e-5,0.11111072929150718,-0.11111013967591898
32122,0.1,-0.11111076595082786,2.5208749078657e-10,1.5877263327997368e-5,1.928257376578499e-5,0.11111076595082786,-0.11111014001859196
32123,0.25,-0.11111079940289903,3.1195099499855164e-10,1.7662134497238763e-5,1.9084339091813787e-5,0.11111079940289903,-0.1111101402912496
32124,0.625,-0.11111082412157555,3.7056620648438765e-10,1.9250096272081023e-5,1.861683461908113e-5,0.11111082412157555,-0.1111101403671883
32125,1.5625,-0.11111082609983099,4.1268070096183267e-10,2.031454407467302e-5,1.7425180617309266e-5,0.11111082609983099,-0.111110139925089
32126,3.90625,-0.11111077451771681,4.011752153325801e-10,2.0029358834785003e-5,1.4393389844811346e-5,0.11111077451771681,-0.11111013834926259
32127,9.765625,-0.1111106288941481,2.741287198071495e-10,1.655683302468046e-5,7.5991337363043374e-6,0.1111106288941481,-0.11111013551025894
32128,24.4140625,-0.11111046961654067,5.335998197714853e-11,7.3047917134678475e-6,1.150751578398529e-5,0.11111046961654067,-0.11111013520564944
32129,9.765625,-0.1111104821468298,1.0558097073307667e-11,3.2493225560580574e-6,2.8112470566402665e-5,0.1111104821468298,-0.11111013628932348
32130,3.90625,-0.11111046738553032,1.9865548431111726e-12,1.4094519655210576e-6,3.084713489883261e-5,0.11111046738553032,-0.11111013730783109
32131,1.5625,-0.11111045082346754,1.3445360149890179e-11,3.6667915334649418e-6,3.0616215750088625e-5,0.11111045082346754,-0.1111101382243152
32132,0.625,-0.11111043399077057,4.2209023518434486e-11,6.496847198328931e-6,3.0010018882402263e-5,0.11111043399077057,-0.11111013908915951
32133,0.25,-0.11111041712151429,8.765783138231877e-11,9.362576108225705e-6,2.9543953785647248e-5,0.11111041712151429,-0.11111013993388681
32134,0.1,-0.11111040026465306,1.4961041129900565e-10,1.2231533481089183e-5,2.9245904928749988e-5,0.11111040026465306,-0.11111014077183377
32135,0.1,-0.11111038328380729,2.2750180773349714e-10,1.5083163054661218e-5,2.9060218958805622e-5,0.11111038328380729,-0.11111014158938594
32136,0.1,-0.11111036616824925,3.207874654972303e-10,1.791054062548728e-5,2.8848933285238492e-5,0.11111036616824925,-0.11111014238364848
32137,0.1,-0.11111034890841981,4.2887032673828024e-10,2.0709184598585242e-5,2.861222555667503e-5,0.11111034890841981,-0.11111014315183353
32138,0.1,-0.1111103314960043,5.511033027612702e-10,2.347558950828009e-5,2.8350323787166178e-5,0.1111103314960043,-0.11111014389127115
32139,0.25,-0.1111103134264313,6.829934940221942e-10,2.6134144218286433e-5,2.8065148662484995e-5,0.1111103134264313,-0.1111101444778256
32140,0.625,-0.11111029365105458,8.125273847789847e-10,2.8504865984231264e-5,2.7374537787082633e-5,0.11111029365105458,-0.11111014463288546
32141,1.5625,-0.11111026987421199,9.065183154724177e-10,3.0108442594601563e-5,2.5591496138228977e-5,0.11111026987421199,-0.11111014364815194
32142,3.90625,-0.11111023906612902,8.838219709868236e-10,2.9729143462044506e-5,2.100513435335924e-5,0.11111023906612902,-0.11111014015759145
32143,9.765625,-0.11111021036403151,6.074299979183143e-10,2.4646094983147216e-5,1.0293132042030543e-5,0.11111021036403151,-0.11111013383168872
32144,24.4140625,-0.11111027551776483,1.201733959070094e-10,1.096236269729338e-5,1.6020544081245263e-5,0.11111027551776483,-0.11111013302992283
32145,9.765625,-0.111110366983192,2.4000583253768506e-11,4.899039013293169e-6,4.14907996109141e-5,0.111110366983192,-0.11111013540061941
32146,3.90625,-0.11111043107161452,3.734965515806089e-12,1.9326058873464316e-6,4.5717503051104966e-5,0.11111043107161452,-0.11111013764533093
32147,1.5625,-0.11111048909038042,2.796821679543929e-11,5.2884985388519574e-6,4.543481162712547e-5,0.11111048909038042,-0.11111013966742837
32148,0.625,-0.11111054522661962,9.064759692350254e-11,9.5209031569228e-6,4.4559534633113176e-5,0.11111054522661962,-0.11111014157562144
32149,0.25,-0.11111060075674123,1.9040828205915334e-10,1.3798850751390614e-5,4.388033970092843e-5,0.11111060075674123,-0.11111014343943364
32150,0.1,-0.11111065611370619,3.2686650197564216e-10,1.8079449714403426e-5,4.3446641090425684e-5,0.11111065611370619,-0.1111101452885582
32151,0.1,-0.11111071115533339,4.988079008182394e-10,2.233400771957956e-5,4.317839205515065e-5,0.11111071115533339,-0.11111014709333088
32152,0.1,-0.11111076581615843,7.050547100679624e-10,2.6552866324899133e-5,4.287135239108147e-5,0.11111076581615843,-0.1111101488472488
32153,0.1,-0.11111082003097046,9.443107859693973e-10,3.072964018613621e-5,4.252580563197603e-5,0.11111082003097046,-0.11111015054404602
32154,0.1,-0.11111087373495125,1.2151670723719293e-9,3.485924658353834e-5,4.214210270788583e-5,0.11111087373495125,-0.11111015217771708
32155,0.25,-0.11111092535627713,1.507768669406259e-9,3.882999703072689e-5,4.172294911131767e-5,0.11111092535627713,-0.11111015347391799
32156,0.625,-0.11111097109405076,1.7956997613847166e-9,4.237569776870602e-5,4.0697529409524764e-5,0.11111097109405076,-0.11111015381567135
32157,1.5625,-0.11111100090726209,2.0058755321144964e-9,4.478700182100267e-5,3.803651330168737e-5,0.11111100090726209,-0.11111015163201757
32158,3.90625,-0.11111099038018261,1.959233755100439e-9,4.426323254237584e-5,3.116071125392208e-5,0.11111099038018261,-0.11111014388136209
32159,9.765625,-0.11111089222915164,1.3518444957051558e-9,3.676743798125123e-5,1.4805415308264998e-5,0.11111089222915164,-0.11111012976699147
32160,24.4140625,-0.11111067233075937,2.714706077285873e-10,1.6476365124886837e-5,2.3054024575101997e-5,0.11111067233075937,-0.11111012777091653
32161,9.765625,-0.111110577749603,5.515633645672139e-11,7.426731209403057e-6,6.160686761744182e-5,0.111110577749603,-0.11111013300193005
32162,3.90625,-0.11111049197386157,7.948546453996535e-12,2.8193166643703814e-6,6.806333269600169e-5,0.11111049197386157,-0.11111013798653084
32163,1.5625,-0.11111041157608957,5.990304648141028e-11,7.739705839462523e-6,6.770364197854141e-5,0.11111041157608957,-0.11111014248258999
32164,0.625,-0.11111033318867314,1.9749638790288967e-10,1.4053340809319672e-5,6.64245526109637e-5,0.11111033318867314,-0.11111014672607901
32165,0.25,-0.11111025559912967,4.17678034636262e-10,2.0437172863100757e-5,6.54238179247838e-5,0.11111025559912967,-0.11111015087069674
32166,0.1,-0.11111017837476199,7.19598626269159e-10,2.682533552947957e-5,6.478365260425372e-5,0.11111017837476199,-0.11111015498257182
32167,0.1,-0.11111010155047295,1.1005983090490064e-9,3.317526652566647e-5,6.43879650867074e-5,0.11111010155047295,-0.11111015899653294
32168,0.1,-0.11111002518124324,1.558086761168973e-9,3.947260773205861e-5,6.393404930746526e-5,0.11111002518124324,-0.11111016289803803
32169,0.1,-0.11110994932160222,2.089209629837583e-9,4.570787273367229e-5,6.342234427052328e-5,0.11110994932160222,-0.11111016667306825
32170,0.1,-0.1111098740256103,2.6908606264627727e-9,5.187350601668228e-5,6.285338310918843e-5,0.1111098740256103,-0.11111017030818512
32171,0.25,-0.1111098004963407,3.341309406580572e-9,5.7804060467934016e-5,6.223112162342843e-5,0.1111098004963407,-0.11111017319503443
32172,0.625,-0.11110973175199654,3.982240780287501e-9,6.310499806106883e-5,6.0704625789913575e-5,0.11110973175199654,-0.11111017396367631
32173,1.5625,-0.11110967613734749,4.452166061736667e-9,6.672455366457439e-5,5.673681062624166e-5,0.11110967613734749,-0.11111016912186865
32174,3.90625,-0.11110965624328399,4.3548106357305165e-9,6.59909890494946e-5,4.646355933452926e-5,0.11110965624328399,-0.11111015188708441
32175,9.765625,-0.11110973040520432,3.0145202375690418e-9,5.4904646775742414e-5,2.179380977611711e-5,0.11110973040520432,-0.1111101203685938
32176,24.4140625,-0.11111002642239401,6.125688205552859e-10,2.47501276876562e-5,3.365769328000895e-5,0.11111002642239401,-0.11111011556033765
32177,9.765625,-0.11111021792920714,1.2570530185247127e-10,1.1211837576975118e-5,9.179102429249689e-5,0.11111021792920714,-0.11111012717877582
32178,3.90625,-0.11111037194597868,1.6495622876916457e-11,4.061480379974334e-6,0.000101610909431986,0.11111037194597868,-0.11111013830618402
32179,1.5625,-0.11111051443796767,1.288248206579285e-10,1.13501022311664e-5,0.00010114874487054097,0.11111051443796767,-0.11111014835417082
32180,0.625,-0.11111065321316474,4.3241534552921256e-10,2.079459895091061e-5,9.927101741761151e-5,0.11111065321316474,-0.11111015783927075
32181,0.25,-0.1111107908610006,9.204342904197927e-10,3.0338659997102587e-5,9.779158685205179e-5,0.1111107908610006,-0.1111101671030088
32182,0.1,-0.11111092829009585,1.5909956571780883e-9,3.988728691172274e-5,9.684358296234891e-5,0.11111092829009585,-0.11111017629324026
32183,0.1,-0.11111106528462504,2.4382472871214814e-9,4.937861163622851e-5,9.625779056724905e-5,0.11111106528462504,-0.1111101852662165
32184,0.1,-0.1111112017021028,3.4564684076393563e-9,5.8791737579691896e-5,9.558486009922895e-5,0.1111112017021028,-0.11111019398939503
32185,0.1,-0.11111133739864165,4.639347844213136e-9,6.8112758307186e-5,9.482542889587162e-5,0.11111133739864165,-0.11111020243139251
32186,0.1,-0.11111147222927013,5.980010651596549e-9,7.733052858733445e-5,9.398027395907527e-5,0.11111147222927013,-0.11111021056210729
32187,0.25,-0.11111160304289626,7.430342528115927e-9,8.619943461598763e-5,9.3055169950629e-5,0.11111160304289626,-0.11111021702797202
32188,0.625,-0.11111172205969218,8.861081791383116e-9,9.413331924129265e-5,9.078103151248083e-5,0.11111172205969218,-0.1111102187774532
32189,1.5625,-0.11111180833974663,9.913980952874739e-9,9.956897585530716e-5,8.48628143788547e-5,0.11111180833974663,-0.11111020802393168
32190,3.90625,-0.11111180910932573,9.708816328486172e-9,9.853332597901165e-5,6.952066017217907e-5,0.11111180910932573,-0.11111016960513408
32191,9.765625,-0.11111161197357942,6.739386061573329e-9,8.209376384094792e-5,3.2493420196208166e-5,0.11111161197357942,-0.11111009907851414
32192,24.4140625,-0.11111117661581431,1.0316402977070055e-10,1.015696951707056e-5,4.851688950231403e-5,0.11111117661581431,-0.11111014053066065
32193,9.765625,-0.11111004765557084,1.0817832471994031e-10,1.040088095883903e-5,2.7539354899927336e-5,0.11111004765557084,-0.11111013986521405
32194,3.90625,-0.11110962090476018,1.2423492317327924e-10,1.1146072096181652e-5,1.836733734605612e-5,0.11110962090476018,-0.11111013959554446
32195,1.5625,-0.11110927753923401,1.442421836968391e-10,1.2010086748097997e-5,1.4406511715722973e-5,0.11110927753923401,-0.11111013953727261
32196,3.90625,-0.11110919391592858,1.4355958677649654e-10,1.1981635396576568e-5,1.26417178238498e-5,0.11110919391592858,-0.11111013903575875
32197,9.765625,-0.11110972282369391,9.459865171526557e-11,9.726183820762673e-6,8.778601212584657e-6,0.11110972282369391,-0.11111013805937854
32198,24.4140625,-0.11111069065422188,1.7767248380619797e-11,4.215121395715644e-6,8.2869894072308e-6,0.11111069065422188,-0.11111013794778028
32199,9.765625,-0.11111022852809911,3.671146468514085e-12,1.916023608548205e-6,1.687541172237344e-5,0.11111022852809911,-0.11111013833717881
32200,3.90625,-0.1111100643553781,1.7864975573675393e-12,1.336599250848039e-6,1.8040684034575906e-5,0.1111100643553781,-0.11111013867859902
32201,1.5625,-0.11110993586397377,6.386705999480133e-12,2.527193304731582e-6,1.773000499723125e-5,0.11110993586397377,-0.11111013898303189
32202,0.625,-0.11110981645853166,1.6574506948221397e-11,4.071180043700032e-6,1.729224266232905e-5,0.11110981645853166,-0.11111013926935645
32203,0.25,-0.11110969977745112,3.2134003210317715e-11,5.668686197904918e-6,1.6968741407470706e-5,0.11110969977745112,-0.11111013954813222
32204,0.1,-0.1111095839371077,5.298447599023885e-11,7.279043617827746e-6,1.675613420750937e-5,0.1111095839371077,-0.11111013982368781
32205,0.1,-0.11110947175144571,7.887504239467337e-11,8.881162220941207e-6,1.661576272819454e-5,0.11110947175144571,-0.11111014009127185
32206,0.1,-0.11110936358985807,1.0958618768964615e-10,1.0468342165292753e-5,1.6465332535759568e-5,0.11110936358985807,-0.11111014035015136
32207,0.1,-0.11110925980558933,1.4488475172568315e-10,1.2036808203410202e-5,1.6304451927779902e-5,0.11110925980558933,-0.11111014059961018
32208,0.1,-0.11110916073467142,1.845246929624584e-10,1.3583986637304175e-5,1.6132847168201578e-5,0.11110916073467142,-0.11111014083895712
32209,0.25,-0.11110907967159427,2.267998717519724e-10,1.5059876219676323e-5,1.595190063002687e-5,0.11110907967159427,-0.11111014102734565
32210,0.625,-0.1111090462121623,2.6728192121682534e-10,1.6348759011522107e-5,1.5546673311193716e-5,0.1111090462121623,-0.11111014107459835
32211,1.5625,-0.11110913302514562,2.9415613895564355e-10,1.7150980699529794e-5,1.4542330018271288e-5,0.11110913302514562,-0.11111014075616339
32212,3.90625,-0.11110949101864931,2.8049346073245255e-10,1.674793899954417e-5,1.2060886074473615e-5,0.11110949101864931,-0.11111013966001246
32213,9.765625,-0.1111102724843303,1.8776320186428247e-10,1.3702671340446083e-5,6.9480379503427e-6,0.1111102724843303,-0.11111013774316221
32214,24.4140625,-0.1111108246867061,3.77778984639708e-11,6.146372789212415e-6,1.0135503334931918e-5,0.1111108246867061,-0.11111013752431056
32215,9.765625,-0.11111052845117682,7.670169836425233e-12,2.769507146844946e-6,2.3322749979074843e-5,0.11111052845117682,-0.11111013826812177
32216,3.90625,-0.11111041443656203,1.6120960085277667e-12,1.2696834284685953e-6,2.5587047917527165e-5,0.11111041443656203,-0.1111101389690501
32217,1.5625,-0.11111032530003608,9.274530792172188e-12,3.045411432330973e-6,2.539080603540036e-5,0.11111032530003608,-0.11111013960026124
32218,0.625,-0.1111102429417861,2.8746359449606687e-11,5.361563153559481e-6,2.4880580970933666e-5,0.1111102429417861,-0.11111014019562239
32219,0.25,-0.11111016276112803,5.958202803196619e-11,7.718939566544499e-6,2.4484704883683843e-5,0.11111016276112803,-0.11111014077655744
32220,0.1,-0.11111008331814388,1.0164129077595208e-10,1.008173054470075e-5,2.422741221678486e-5,0.11111008331814388,-0.11111014135219713
32221,0.1,-0.111110005355353,1.5452285631588704e-10,1.243072227651664e-5,2.4063346651215243e-5,0.111110005355353,-0.11111014191336828
32222,0.1,-0.11110992908104779,2.1784133543193239e-10,1.4759449021963265e-5,2.387935595156875e-5,0.11110992908104779,-0.11111014245817291
32223,0.1,-0.11110985469715094,2.9117696142135703e-10,1.7063908152042925e-5,2.367545657068197e-5,0.11110985469715094,-0.11111014298478065
32224,0.1,-0.111109782398629,3.7407715288386505e-10,1.9341074243274726e-5,2.3451729054035688e-5,0.111109782398629,-0.11111014349143604
32225,0.25,-0.11110971793919623,4.6345374860494603e-10,2.152797595234968e-5,2.3209788091366323e-5,0.11110971793919623,-0.1111101438939737
32226,0.625,-0.11110967469238825,5.510734850864666e-10,2.347495442139274e-5,2.2636738979144063e-5,0.11110967469238825,-0.11111014400362852
32227,1.5625,-0.1111096863953475,6.14265405287046e-10,2.4784378250967808e-5,2.117203815873897e-5,0.1111096863953475,-0.11111014334122615
32228,3.90625,-0.11110982643584344,5.979528956495352e-10,2.4453075382240476e-5,1.7431513370932556e-5,0.11110982643584344,-0.11111014098596997
32229,9.765625,-0.11111018568197549,4.1048113405843923e-10,2.0260334006586348e-5,8.879437259649112e-6,0.11111018568197549,-0.11111013672196848
32230,24.4140625,-0.1111105330973797,8.196038106535071e-11,9.053197284128447e-6,1.3485920112393443e-5,0.1111105330973797,-0.1111101361678795
32231,9.765625,-0.11111044471475771,1.650969995660638e-11,4.063213009012249e-6,3.4215166698284384e-5,0.11111044471475771,-0.11111013777675624
32232,3.90625,-0.11111043351177718,2.599798955093888e-12,1.6123892070756019e-6,3.769691410311114e-5,0.11111043351177718,-0.11111013930315738
32233,1.5625,-0.11111043059955042,1.881371052273481e-11,4.337477437720548e-6,3.7468398829059325e-5,0.11111043059955042,-0.1111101406792502
32234,0.625,-0.11111042971856588,6.103106340619845e-11,7.812238053605281e-6,3.6748918581916865e-5,0.11111042971856588,-0.11111014197799869
32235,0.25,-0.11111042946984608,1.283131383304404e-10,1.1327538935286887e-5,3.6188455065412144e-5,0.11111042946984608,-0.11111014324633231
32236,0.1,-0.11111042944681632,2.2038831275917234e-10,1.4845481223563362e-5,3.582873547492318e-5,0.11111042944681632,-0.11111014450434645
32237,0.1,-0.11111042998826653,3.364290117689119e-10,1.834200130217289e-5,3.560459316756458e-5,0.11111042998826653,-0.11111014573207893
32238,0.1,-0.11111043115395708,4.756321898583079e-10,2.1808993325192887e-5,3.534894266075889e-5,0.11111043115395708,-0.1111101469251644
32239,0.1,-0.11111043300016242,6.371159221891469e-10,2.524115532595818e-5,3.506199212022108e-5,0.11111043300016242,-0.11111014807939382
32240,0.1,-0.11111043557947438,8.199230447030275e-10,2.863429839725478e-5,3.474401009636861e-5,0.11111043557947438,-0.11111014919073527
32241,0.25,-0.11111044083994416,1.0174130073706574e-9,3.189691219178837e-5,3.4397266280532295e-5,0.11111044083994416,-0.1111101500740826
32242,0.625,-0.11111045313752745,1.2117983536570376e-9,3.481089418065899e-5,3.355472266058236e-5,0.11111045313752745,-0.1111101503130758
32243,1.5625,-0.1111104829891462,1.3538774515923954e-9,3.679507374082019e-5,3.1374739521428484e-5,0.1111104829891462,-0.11111014884721039
32244,3.90625,-0.11111055071997349,1.323085297031767e-9,3.63742394701493e-5,2.575186546361528e-5,0.11111055071997349,-0.11111014362057062
32245,9.765625,-0.11111066511366444,9.14485436619551e-10,3.0240460258064048e-5,1.2449422066603303e-5,0.11111066511366444,-0.11111013407706152
32246,24.4140625,-0.11111065844823372,1.850700319882321e-10,1.3604044692231502e-5,1.9026230347637544e-5,0.11111065844823372,-0.1111101326749826
32247,9.765625,-0.11111051965387218,3.7799049647522834e-11,6.148093171668988e-6,5.074306862393233e-5,0.11111051965387218,-0.11111013622087695
32248,3.90625,-0.11111043399414669,5.120132189215495e-12,2.2627709095742536e-6,5.6101309156793966e-5,0.11111043399414669,-0.11111013961014243
32249,1.5625,-0.11111035839252253,3.9649678377486117e-11,6.296799058052124e-6,5.582839858070558e-5,0.11111035839252253,-0.11111014267011121
32250,0.625,-0.1111102858755695,1.322037584183045e-10,1.1497989320672744e-5,5.478655957091279e-5,0.1111102858755695,-0.11111014555886177
32251,0.25,-0.11111021444342727,2.8070473514382786e-10,1.6754245287204908e-5,5.396783216378506e-5,0.11111021444342727,-0.11111014838027837
32252,0.1,-0.11111014343838178,4.845727909405219e-10,2.2013014126659753e-5,5.3443091744194655e-5,0.11111014343838178,-0.11111015117923367
32253,0.1,-0.11111007313495731,7.420180341108035e-10,2.724000796825881e-5,5.3118328349492095e-5,0.11111007313495731,-0.11111015391193099
32254,0.1,-0.11111000362666013,1.0512933300580579e-9,3.242365386655332e-5,5.27458730714165e-5,0.11111000362666013,-0.11111015656853063
32255,0.1,-0.1111099350049013,1.410473235703588e-9,3.755626759548382e-5,5.232606235455774e-5,0.1111099350049013,-0.11111015913954315
32256,0.1,-0.11110986735883895,1.8174620634128553e-9,4.263170256291502e-5,5.185931390434344e-5,0.11110986735883895,-0.11111016161586752
32257,0.25,-0.11110980315913624,2.2576233282221792e-9,4.7514453887445443e-5,5.1348831172913174e-5,0.11110980315913624,-0.11111016358634872
32258,0.625,-0.11110974826078196,2.691658983881519e-9,5.188120067887326e-5,5.009678459423275e-5,0.11110974826078196,-0.1111101641244808
32259,1.5625,-0.111109717893955,3.0106967276410154e-9,5.486981618012781e-5,4.684245176903623e-5,0.111109717893955,-0.11111016086684483
32260,3.90625,-0.11110974815198127,2.9473685652982553e-9,5.428967273154495e-5,3.8417956651982906e-5,0.11110974815198127,-0.11111014921460881
32261,9.765625,-0.11110990437766494,2.0446916291327283e-9,4.521826654276708e-5,1.8226117398073306e-5,0.11110990437766494,-0.11111012783550808
32262,24.4140625,-0.11111020847586103,4.193644839731483e-10,2.0478390658768778e-5,2.7644181317980932e-5,0.11111020847586103,-0.1111101244193272
32263,9.765625,-0.11111031587497326,8.69672641343341e-11,9.325624061387747e-6,7.562138970515458e-5,0.11111031587497326,-0.11111013229573716
32264,3.90625,-0.11111041831141968,1.1006005926430166e-11,3.3175300942764886e-6,8.379888748808714e-5,0.11111041831141968,-0.11111013986929887
32265,1.5625,-0.11111051501138298,8.552300739755947e-11,9.247865018346638e-6,8.346197917764059e-5,0.11111051501138298,-0.11111014671634543
32266,0.625,-0.11111060968737457,2.899225505651499e-10,1.7027112220372248e-5,8.1936398795488e-5,0.11111060968737457,-0.111110153182081
32267,0.25,-0.11111070374870732,6.195518783356633e-10,2.4890799069850355e-5,8.072841019311963e-5,0.11111070374870732,-0.11111015949737427
32268,0.1,-0.11111079771078126,1.073131513779905e-9,3.2758686081402973e-5,7.995340920576987e-5,0.11111079771078126,-0.1111101657626207
32269,0.1,-0.11111089148769193,1.6467267770405143e-9,4.057988143206575e-5,7.947460158957154e-5,0.11111089148769193,-0.11111017188100125
32270,0.1,-0.11111098499622661,2.336481248533851e-9,4.833716218949817e-5,7.892405253253922e-5,0.11111098499622661,-0.11111017783038908
32271,0.1,-0.11111107815137022,3.138137813543495e-9,5.601908436902102e-5,7.830228328480894e-5,0.11111107815137022,-0.11111018358943803
32272,0.1,-0.11111117086647598,4.047056588553936e-9,6.361648047914892e-5,7.76099299929455e-5,0.11111117086647598,-0.11111018913766887
32273,0.25,-0.11111126141034426,5.030777153130176e-9,7.092797158477165e-5,7.685167145790718e-5,0.11111126141034426,-0.11111019355830998
32274,0.625,-0.11111134541507584,6.0020322185260615e-9,7.747278372774571e-5,7.498520812349424e-5,0.11111134541507584,-0.1111101947829286
32275,1.5625,-0.11111141082708427,6.7188241798272485e-9,8.196843404523018e-5,7.012479074522414e-5,0.11111141082708427,-0.1111101875295072
32276,3.90625,-0.11111142563734092,6.585964134422e-9,8.115395328893103e-5,5.752070898137972e-5,0.11111142563734092,-0.1111101614914499
32277,9.765625,-0.1111113122986202,4.581984138841532e-9,6.769035484351912e-5,2.7107228019837004e-5,0.1111113122986202,-0.11111011353051864
32278,24.4140625,-0.11111084122883193,6.847367632615043e-11,8.274882254518818e-6,3.977318547805265e-5,0.11111084122883193,-0.11111014157660541
32279,9.765625,-0.11111017248547565,7.257294952299792e-11,8.518975849419807e-6,2.224694608009335e-5,0.11111017248547565,-0.1111101411018232
32280,3.90625,-0.11110992676900751,8.256292247144853e-11,9.086414170147018e-6,1.4823157559550759e-5,0.11110992676900751,-0.11111014091990422
32281,1.5625,-0.11110972894130308,9.496477748695924e-11,9.744987300502717e-6,1.1721393393313562e-5,0.11110972894130308,-0.11111014088345925
32282,3.90625,-0.11110968546225057,9.432519311678006e-11,9.712115789918284e-6,1.0371569369575646e-5,0.11110968546225057,-0.11111014056018126
32283,9.765625,-0.11111000237974425,6.324764047205372e-11,7.952838516658924e-6,7.4967010578547525e-6,0.11111000237974425,-0.11111013991908306
32284,24.4140625,-0.1111105657432043,1.1953925818290149e-11,3.457444984130644e-6,7.2393777342733845e-6,0.1111105657432043,-0.11111013984934158
32285,9.765625,-0.11111030656503897,2.565775310969467e-12,1.6018037679345955e-6,1.3929791477394119e-5,0.11111030656503897,-0.11111014010955493
32286,3.90625,-0.11111022082077368,1.0367924270669358e-12,1.0182300462405025e-6,1.4956323170246388e-5,0.11111022082077368,-0.11111014034547574
32287,1.5625,-0.11111015500752226,3.830786907245746e-12,1.957239614162187e-6,1.4750273957365056e-5,0.11111015500752226,-0.11111014055759817
32288,0.625,-0.11111009419878815,1.0339408560280132e-11,3.2154950723458015e-6,1.441691025464772e-5,0.11111009419878815,-0.11111014075764013
32289,0.25,-0.11111003487701937,2.0412382100797282e-11,4.5180064299198694e-6,1.416468089546834e-5,0.11111003487701937,-0.11111014095252157
32290,0.1,-0.11110997601021343,3.399331020271054e-11,5.830378221240072e-6,1.3997011727427335e-5,0.11110997601021343,-0.11111014114514657
32291,0.1,-0.11110991922873036,5.092836069183504e-11,7.136410911083739e-6,1.388540546558992e-5,0.11110991922873036,-0.11111014133250124
32292,0.1,-0.11110986473867974,7.107857035619323e-11,8.430810776917794e-6,1.3765915799827212e-5,0.11110986473867974,-0.11111014151409795
32293,0.1,-0.11110981273673236,9.429614261487455e-11,9.710620094251167e-6,1.363821103864264e-5,0.11110981273673236,-0.11111014168945987
32294,0.1,-0.11110976340951169,1.20424843754139e-10,1.0973825392912856e-5,1.350205476542066e-5,0.11110976340951169,-0.11111014185812404
32295,0.25,-0.11110972430451142,1.4841057436779008e-10,1.2182387876265887e-5,1.335851027526981e-5,0.11110972430451142,-0.11111014199331481
32296,0.625,-0.11110971216930537,1.7549463950001184e-10,1.3247438978912559e-5,1.3038114569460054e-5,0.11110971216930537,-0.11111014203553081
32297,1.5625,-0.11110976797979569,1.942218178296082e-10,1.393634879836208e-5,1.2243912378704391e-5,0.11110976797979569,-0.11111014183521171
32298,3.90625,-0.11110997604836452,1.8709208031729987e-10,1.3678160706663008e-5,1.0275918026759906e-5,0.11110997604836452,-0.11111014111124907
32299,9.765625,-0.11111041654160281,1.2704177181994527e-10,1.1271280842031453e-5,6.202755056186642e-6,0.11111041654160281,-0.11111013981334839
32300,24.4140625,-0.11111069751261621,2.5747261476820768e-11,5.074175940664727e-6,8.514677424225463e-6,0.11111069751261621,-0.11111013965400472
32301,9.765625,-0.11111051531744982,5.476332967089479e-12,2.340156611658604e-6,1.9335614012233815e-5,0.11111051531744982,-0.1111101401597402
32302,3.90625,-0.11111043920857892,1.2372631724721487e-12,1.1123233219132594e-6,2.12084068741761e-5,0.11111043920857892,-0.11111014064056486
32303,1.5625,-0.11111037794657022,6.263278123626065e-12,2.5026542157529604e-6,2.106410123637418e-5,0.11111037794657022,-0.11111014107532687
32304,0.625,-0.11111032078381679,1.926909822423577e-11,4.389658098785801e-6,2.065628712637225e-5,0.11111032078381679,-0.11111014148614912
32305,0.25,-0.11111026494742163,3.9954309146070016e-11,6.320942109058587e-6,2.0338059221401814e-5,0.11111026494742163,-0.11111014188731033
32306,0.1,-0.11111020956286705,6.822507950437043e-11,8.259847426216203e-6,2.0131080610614945e-5,0.11111020956286705,-0.11111014228493708
32307,0.1,-0.11111015505833317,1.0381544104461651e-10,1.0188986261872008e-5,1.9999254295568855e-5,0.11111015505833317,-0.11111014267286817
32308,0.1,-0.1111101015599346,1.4646902556267362e-10,1.2102438827057695e-5,1.985112947725455e-5,0.1111101015599346,-0.11111014304981394
32309,0.1,-0.11111004919017049,1.9590624353925572e-10,1.3996651154446041e-5,1.9686733177741003e-5,0.11111004919017049,-0.1111101434145299
32310,0.1,-0.1111099980675825,2.518253143186892e-10,1.5869004830760158e-5,1.9506143464704037e-5,0.1111099980675825,-0.11111014376582176
32311,0.25,-0.11110995162815814,3.121674056620803e-10,1.766825983683963e-5,1.9310653195383673e-5,0.11110995162815814,-0.11111014404696931
32312,0.625,-0.11110991788762847,3.714351126254926e-10,1.927265193546266e-5,1.8846446281023826e-5,0.11110991788762847,-0.11111014413060337
32313,1.5625,-0.11110991715474393,4.144609236192485e-10,2.0358313378550015e-5,1.7659028885548614e-5,0.11110991715474393,-0.1111101436928586
32314,3.90625,-0.11110999411359515,4.042418053902814e-10,2.0105765476357307e-5,1.4630487346981388e-5,0.11110999411359515,-0.1111101421085879
32315,9.765625,-0.11111020751158088,2.7854292703039324e-10,1.6689605358737312e-5,7.791525858185962e-6,0.11111020751158088,-0.11111013921923062
32316,24.4140625,-0.11111043939550908,5.6184214940390254e-11,7.495613046335186e-6,1.1298142673697601e-5,0.11111043939550908,-0.11111013882328628
32317,9.765625,-0.11111041147103656,1.1533515461701516e-11,3.3961029816101743e-6,2.8284548080797912e-5,0.11111041147103656,-0.1111101399181922
32318,3.90625,-0.1111104236348814,1.8259240697339197e-12,1.35126757888063e-6,3.117937556457419e-5,0.1111104236348814,-0.1111101409623726
32319,1.5625,-0.11111043912488013,1.2579647867650316e-11,3.5467799294078447e-6,3.101033008579601e-5,0.11111043912488013,-0.11111014190574096
32320,0.625,-0.11111045530040073,4.0995417063635804e-11,6.402766360225539e-6,3.042902800673379e-5,0.11111045530040073,-0.11111014279688196
32321,0.25,-0.11111047167292686,8.643629381233206e-11,9.297112122177083e-6,2.997414814458151e-5,0.11111047167292686,-0.11111014366745381
32322,0.1,-0.11111048811879609,1.4872023806424694e-10,1.2195090736203931e-5,2.9682218551427405e-5,0.11111048811879609,-0.11111014453108012
32323,0.1,-0.11111050481630937,2.2729342229904706e-10,1.5076253589637151e-5,2.9500733946934667e-5,0.11111050481630937,-0.11111014537430086
32324,0.1,-0.11111052178457187,3.216167948781118e-10,1.79336776729736e-5,2.9293348867238092e-5,0.11111052178457187,-0.11111014619414121
32325,0.1,-0.11111053904071444,4.310975958194489e-10,2.0762889871582155e-5,2.9060237630151904e-5,0.11111053904071444,-0.11111014698773276
32326,0.1,-0.11111055659980179,5.550917974612054e-10,2.3560386190833237e-5,2.880162410711564e-5,0.11111055659980179,-0.11111014775232506
32327,0.25,-0.11111057524625549,6.891229684436723e-10,2.6251151754612067e-5,2.8519321785823728e-5,0.11111057524625549,-0.11111014836248667
32328,0.625,-0.11111059665288335,8.211869631871459e-10,2.8656359908179995e-5,2.7831009401669284e-5,0.11111059665288335,-0.11111014853582847
32329,1.5625,-0.11111062461454649,9.180506285366581e-10,3.0299350298919912e-5,2.604776037417266e-5,0.11111062461454649,-0.11111014755242551
32330,3.90625,-0.11111066503416102,8.981643933902984e-10,2.9969390941263696e-5,2.1449615630638154e-5,0.11111066503416102,-0.11111014401318405
32331,9.765625,-0.11111070993309326,6.223856655354009e-10,2.4947658518093455e-5,1.0642546527360036e-5,0.11111070993309326,-0.11111013752135278
32332,24.4140625,-0.11111064369648214,1.272418135045505e-10,1.1280151306811026e-5,1.577096258973488e-5,0.11111064369648214,-0.11111013651836432
32333,9.765625,-0.11111053337896956,2.6345192411344913e-11,5.132756804227618e-6,4.1919256337471184e-5,0.11111053337896956,-0.11111013893285125
32334,3.90625,-0.1111104583702612,3.4877767217835316e-12,1.8675590276570996e-6,4.6390320501899707e-5,0.1111104583702612,-0.11111014125138902
32335,1.5625,-0.1111103909214566,2.642740294809332e-11,5.140758985606436e-6,4.619365979376858e-5,0.1111103909214566,-0.11111014334809363
32336,0.625,-0.11111032586461285,8.890158728133443e-11,9.428763825726808e-6,4.5349594282953965e-5,0.11111032586461285,-0.11111014532869781
32337,0.25,-0.11111026165496193,1.8949552305565672e-10,1.3765737287034674e-5,4.46830607437437e-5,0.11111026165496193,-0.11111014726357787
32338,0.1,-0.11111019777536939,3.2781912155514455e-10,1.8105775916959332e-5,4.4255908025045354e-5,0.11111019777536939,-0.11111014918328022
32339,0.1,-0.11111013440504441,5.0266983952578e-10,2.2420299719802588e-5,4.399220650929661e-5,0.11111013440504441,-0.1111101510582102
32340,0.1,-0.11111007161672508,7.128704526146489e-10,2.669963394158521e-5,4.368915985700699e-5,0.11111007161672508,-0.11111015288164335
32341,0.1,-0.1111100094818731,9.571220077191516e-10,3.093738850839145e-5,4.334704798875926e-5,0.1111100094818731,-0.1111101546470925
32342,0.1,-0.11110994807055534,1.2340092604752086e-9,3.512846794944534e-5,4.296621736163856e-5,0.11110994807055534,-0.11111015634833267
32343,0.25,-0.11110988922705346,1.5336294284941811e-9,3.916158102648795e-5,4.254923793774863e-5,0.11110988922705346,-0.11111015770593832
32344,0.625,-0.11110983736814593,1.8293669146222062e-9,4.277109905791767e-5,4.152278067099762e-5,0.11110983736814593,-0.1111101580896796
32345,1.5625,-0.11110980411024168,2.0474317939616944e-9,4.5248555711333976e-5,3.8850741139774595e-5,0.11110980411024168,-0.11111015589056449
32346,3.90625,-0.11110981767750398,2.006408901782788e-9,4.4792955939330326e-5,3.1931507858533015e-5,0.11110981767750398,-0.11111014797074915
32347,9.765625,-0.11110993336665125,1.3952587858031004e-9,3.735316299596462e-5,1.5392195074000445e-5,0.11110993336665125,-0.11111013338266316
32348,24.4140625,-0.1111101952323159,2.889772310131736e-10,1.6999330310726173e-5,2.2789817148325396e-5,0.1111101952323159,-0.11111013093738464
32349,9.765625,-0.1111103058862562,6.071810781555292e-11,7.7921824808941e-6,6.248145582927129e-5,0.1111103058862562,-0.11111013630538324
32350,3.90625,-0.11111040489935048,7.543821497555032e-12,2.7466018090642536e-6,6.931415902872805e-5,0.11111040489935048,-0.11111014148995324
32351,1.5625,-0.11111049769146708,5.715163912890032e-11,7.5598703116455854e-6,6.907599137348531e-5,0.11111049769146708,-0.11111014618378078
32352,0.625,-0.11111058833953559,1.9545929133176984e-10,1.3980675639316214e-5,6.783630210194356e-5,0.11111058833953559,-0.11111015061830393
32353,0.25,-0.11111067830294226,4.1928738616665434e-10,2.0476508153653892e-5,6.684967338672492e-5,0.11111067830294226,-0.1111101549503032
32354,0.1,-0.1111107681053587,7.277697622802419e-10,2.6977208200261233e-5,6.621641681399657e-5,0.1111107681053587,-0.11111015924828066
32355,0.1,-0.11111085765175886,1.1182525291349509e-9,3.344028303012627e-5,6.582582232585766e-5,0.11111085765175886,-0.11111016344665531
32356,0.1,-0.11111094686138286,1.5881274813092128e-9,3.985131718411843e-5,6.537593716364785e-5,0.11111094686138286,-0.11111016753027936
32357,0.1,-0.11111103565241025,2.1345124134570546e-9,4.6200783688775825e-5,6.486719336927497e-5,0.11111103565241025,-0.11111017148453554
32358,0.1,-0.11111112394210217,2.7542632522833818e-9,5.24810751822348e-5,6.430011704528747e-5,0.11111112394210217,-0.11111017529539273
32359,0.25,-0.11111120999635825,3.4253578105003068e-9,5.8526556455170904e-5,6.367848234124721e-5,0.11111120999635825,-0.11111017833838435
32360,0.625,-0.11111128948060076,4.088538142162553e-9,6.394167766146391e-5,6.214402891900207e-5,0.11111128948060076,-0.11111017920338871
32361,1.5625,-0.11111135053525355,4.579373139018722e-9,6.767106574466463e-5,5.814326840380141e-5,0.11111135053525355,-0.11111017428671016
32362,3.90625,-0.11111136211686774,4.4930435177437544e-9,6.703016871337678e-5,4.7763665620651766e-5,0.11111136211686774,-0.11111015654215933
32363,9.765625,-0.11111125117641069,3.1328314084576863e-9,5.597170185421993e-5,2.2736721388095744e-5,0.11111125117641069,-0.11111012374447508
32364,24.4140625,-0.11111089251279756,6.549618953062148e-10,2.5592223336517965e-5,3.34228475603506e-5,0.11111089251279756,-0.11111011794380128
32365,9.765625,-0.11111068942065738,1.3867263698991353e-10,1.1775934654621412e-5,9.34158817677637e-5,0.11111068942065738,-0.11111012994944595
32366,3.90625,-0.11111052303918027,1.5870751695349413e-11,3.983811202272193e-6,0.00010380491223888588,0.11111052303918027,-0.11111014159381515
32367,1.5625,-0.11111036911251929,1.2411194723677447e-10,1.114055417099053e-5,0.00010351024989507653,0.11111036911251929,-0.11111015214510378
32368,0.625,-0.11111021957361826,4.316652837973165e-10,2.0776556110128466e-5,0.00010167872075459335,0.11111021957361826,-0.11111016211436991
32369,0.25,-0.11111007174784063,9.313515882431159e-10,3.051805348057303e-5,0.00010021165357423893,0.11111007174784063,-0.11111017185244848
32370,0.1,-0.11110992470771225,1.6212178256023298e-9,4.0264349313037825e-5,9.926815313541277e-5,0.11110992470771225,-0.11111018151343875
32371,0.1,-0.1111097786318495,2.495362613225248e-9,4.99536046069275e-5,9.868586792816008e-5,0.1111097786318495,-0.11111019095157869
32372,0.1,-0.11110963363940539,3.5479689355936373e-9,5.956482968659977e-5,9.801470491200767e-5,0.11110963363940539,-0.11111020013281041
32373,0.1,-0.11110948984741609,4.772605561979922e-9,6.908404708744213e-5,9.725529678407227e-5,0.11110948984741609,-0.11111020902425835
32374,0.1,-0.11110934737073754,6.162253979537578e-9,7.850002534736902e-5,9.640841569788653e-5,0.11110934737073754,-0.11111021759435556
32375,0.25,-0.11110920905485194,7.667801560635658e-9,8.756598403852754e-5,9.547962236852388e-5,0.11110920905485194,-0.11111022444462541
32376,0.625,-0.11110908186514191,9.156995672061827e-9,9.569219232550703e-5,9.318466477827799e-5,0.11110908186514191,-0.11111022641418129
32377,1.5625,-0.11110898463732714,1.026263022801009e-8,0.00010130464070322785,8.719675964358692e-5,0.11110898463732714,-0.11111021541826659
32378,3.90625,-0.11110896631169931,1.0079684324973486e-8,0.00010039763107251827,7.164625242027394e-5,0.11110896631169931,-0.11111017561307483
32379,9.765625,-0.11110914272553751,7.045583949270958e-9,8.3937976799962e-5,3.398302808756754e-5,0.11110914272553751,-0.11111010179601538
32380,24.4140625,-0.11110978148692695,1.0407286619667439e-10,1.0201610960856838e-5,4.8392529262122234e-5,0.11110978148692695,-0.11111014422142398
32381,9.765625,-0.11111083899248055,1.0893092979272123e-10,1.0436998121716859e-5,2.7653358591649766e-5,0.11111083899248055,-0.1111101435634233
32382,3.90625,-0.11111123351379787,1.2504603324248844e-10,1.1182398367187982e-5,1.8513064912159836e-5,0.11111123351379787,-0.11111014329586623
32383,1.5625,-0.11111155108503806,1.453034568230334e-10,1.2054188351898e-5,1.456242576766943e-5,0.11111155108503806,-0.11111014324016917
32384,3.90625,-0.11111162459593867,1.449038075766222e-10,1.2037599743164008e-5,1.2797804353612317e-5,0.11111162459593867,-0.11111014273605573
32385,9.765625,-0.1111111258544256,9.601534188162941e-11,9.798741851974131e-6,8.91673085476525e-6,0.1111111258544256,-0.11111014174451327
32386,24.4140625,-0.1111102302231448,1.826818807902905e-11,4.274130096175016e-6,8.306507486339647e-6,0.1111102302231448,-0.11111014161733701
32387,9.765625,-0.11111066039205536,3.820119882999882e-12,1.954512697067963e-6,1.6984009610372663e-5,0.11111066039205536,-0.11111014201082337
32388,3.90625,-0.11111080995843373,1.6827602269066264e-12,1.2972124833297846e-6,1.821457178303609e-5,0.11111080995843373,-0.1111101423599968
32389,1.5625,-0.11111092635534454,6.144302896680203e-12,2.4787704404967e-6,1.7930193435045162e-5,0.11111092635534454,-0.11111014267223031
32390,0.625,-0.11111103435896351,1.6289910735108718e-11,4.036076155761772e-6,1.7502920358922804e-5,0.11111103435896351,-0.11111014296610758
32391,0.25,-0.11111113986194564,3.1898692572812676e-11,5.647892755073584e-6,1.7184035663833937e-5,0.11111113986194564,-0.11111014325228238
32392,0.1,-0.11111124460364315,5.288898116462598e-11,7.272481087264922e-6,1.697385898836832e-5,0.11111124460364315,-0.11111014353517101
32393,0.1,-0.1111113459382363,7.901402971642084e-11,8.88898361548838e-6,1.6835050675407115e-5,0.1111113459382363,-0.11111014381004994
32394,0.1,-0.11111144352228493,1.1005609788263606e-10,1.0490762502441663e-5,1.6685978649582824e-5,0.11111144352228493,-0.1111101440761626
32395,0.1,-0.11111153702747913,1.4578355724467916e-10,1.2074086186733933e-5,1.6526261282913614e-5,0.11111153702747913,-0.11111014433277126
32396,0.1,-0.1111116261416456,1.8595163483203553e-10,1.363640842861622e-5,1.6355631698946795e-5,0.1111116261416456,-0.11111014457916267
32397,0.25,-0.11111169844274912,2.2887014892158458e-10,1.5128454941651662e-5,1.6175437153112924e-5,0.11111169844274912,-0.11111014477407043
32398,0.625,-0.11111172630359152,2.7014079362502584e-10,1.6435960380367975e-5,1.5770534325857584e-5,0.11111172630359152,-0.11111014482612243
32399,1.5625,-0.11111164197067458,2.979902947783905e-10,1.7262395395146947e-5,1.4764431591676285e-5,0.11111164197067458,-0.11111014450695336
32400,3.90625,-0.11111130522394565,2.8538442976520146e-10,1.6893325006202936e-5,1.2269173082549192e-5,0.11111130522394565,-0.11111014339313185
32401,9.765625,-0.11111057775589007,1.92753629818401e-10,1.3883574101015956e-5,7.050528237045993e-6,0.11111057775589007,-0.11111014142028358
32402,24.4140625,-0.11111008432919259,3.978790455779881e-11,6.30776541715042e-6,1.0026279295219561e-5,0.11111008432919259,-0.1111101411481591
32403,9.765625,-0.11111037070293457,8.298904818559577e-12,2.8807819803934446e-6,2.3603799166075446e-5,0.11111037070293457,-0.11111014190884702
32404,3.90625,-0.11111048276421166,1.533205515531818e-12,1.2382267625648453e-6,2.599017301880207e-5,0.11111048276421166,-0.11111014263405003
32405,1.5625,-0.11111057095072764,8.921444069616034e-12,2.9868786499648816e-6,2.5833578323782145e-5,0.11111057095072764,-0.11111014328918303
32406,0.625,-0.11111065264445953,2.8487480706159784e-11,5.337366457922838e-6,2.533626751329193e-5,0.11111065264445953,-0.11111014390761954
32407,0.25,-0.11111073227398931,5.977063410955954e-11,7.731147011249983e-6,2.4945032990918546e-5,0.11111073227398931,-0.1111101445111707
32408,0.1,-0.11111081122700932,1.0262867502967749e-10,1.0130581179264963e-5,2.469000158496723e-5,0.11111081122700932,-0.11111014510925804
32409,0.1,-0.11111088876679474,1.566614091011507e-10,1.2516445545806953e-5,2.4527567965926095e-5,0.11111088876679474,-0.11111014569265766
32410,0.1,-0.11111096468967509,2.214814166296583e-10,1.4882251732505344e-5,2.4344809025017537e-5,0.11111096468967509,-0.11111014625939725
32411,0.1,-0.11111103879787428,2.9666566153858383e-10,1.7223985065558546e-5,2.414174574266089e-5,0.11111103879787428,-0.11111014680757295
32412,0.1,-0.11111111090008897,3.8175706465464924e-10,1.953860447050017e-5,2.391846189080235e-5,0.11111111090008897,-0.111110147335357
32413,0.25,-0.11111117536459467,4.736348983817575e-10,2.1763154605473844e-5,2.3676515540673548e-5,0.11111117536459467,-0.11111014775663214
32414,0.625,-0.11111121909958603,5.639587862350597e-10,2.3747816451940582e-5,2.3100508684752282e-5,0.11111121909958603,-0.11111014787776162
32415,1.5625,-0.11111120905279266,6.297174868724228e-10,2.5094172368747745e-5,2.1624152662540814e-5,0.11111120905279266,-0.11111014720600802
32416,3.90625,-0.11111107316145571,6.148173350823811e-10,2.479551038156668e-5,1.7845097213434784e-5,0.11111107316145571,-0.11111014478822409
32417,9.765625,-0.11111072108770056,4.2499250181531865e-10,2.0615346269595342e-5,9.14181194661778e-6,0.11111072108770056,-0.11111014036682189
32418,24.4140625,-0.11111037244110698,8.712477906996541e-11,9.334065516695573e-6,1.3398423309957241e-5,0.11111037244110698,-0.11111013969146398
32419,9.765625,-0.1111104503679391,1.8039886737652162e-11,4.247338783008975e-6,3.4757017156530014e-5,0.1111104503679391,-0.11111014134923862
32420,3.90625,-0.11111045515738341,2.464832244000866e-12,1.5699784215080366e-6,3.843141029381319e-5,0.11111045515738341,-0.11111014293996772
32421,1.5625,-0.11111045251517881,1.8197133438302623e-11,4.265809822097396e-6,3.8259324352499355e-5,0.11111045251517881,-0.11111014437845822
32422,0.625,-0.11111044814552576,6.093597157484647e-11,7.806149599824901e-6,3.755527593174251e-5,0.11111044814552576,-0.11111014573715287
32423,0.25,-0.11111044329248058,1.296997942978635e-10,1.1388581750940874e-5,3.699887409784574e-5,0.11111044329248058,-0.11111014706418687
32424,0.1,-0.11111043831388878,2.242087135664977e-10,1.4973600554525879e-5,3.664060366754956e-5,0.11111043831388878,-0.11111014838044515
32425,0.1,-0.1111104328914901,3.436289419036169e-10,1.8537231236180254e-5,3.6417590922993074e-5,0.1111104328914901,-0.11111014966570908
32426,0.1,-0.11111042696937805,4.871451266309468e-10,2.207136440347417e-5,3.6162444586507187e-5,0.11111042696937805,-0.11111015091542269
32427,0.1,-0.11111042049449504,6.538599822052463e-10,2.5570685994029303e-5,3.587537492734119e-5,0.11111042049449504,-0.11111015212519047
32428,0.1,-0.11111041341685805,8.427979772869168e-10,2.903098305753556e-5,3.555665196208327e-5,0.11111041341685805,-0.11111015329079649
32429,0.25,-0.11111040394033835,1.0471925607620424e-9,3.236035476879143e-5,3.5208481214663765e-5,0.11111040394033835,-0.11111015422150683
32430,0.625,-0.11111038805193646,1.2488794562635871e-9,3.533948862481724e-5,3.435853934080902e-5,0.11111038805193646,-0.11111015448727714
32431,1.5625,-0.11111035611982828,1.3975293181098047e-9,3.7383543412975247e-5,3.215409693308499e-5,0.11111035611982828,-0.11111015299033115
32432,3.90625,-0.11111029003053555,1.369458576822552e-9,3.7006196465221226e-5,2.6457718349096394e-5,0.11111029003053555,-0.11111014758974268
32433,9.765625,-0.11111018613835572,9.526578253173735e-10,3.0865155520706085e-5,1.2916205139594932e-5,0.11111018613835572,-0.11111013763572712
32434,24.4140625,-0.11111022088404576,1.9770115472944468e-10,1.4060624265282274e-5,1.897181745310364e-5,0.11111022088404576,-0.11111013595875151
32435,9.765625,-0.11111037137320261,4.147336411415283e-11,6.4399816858553895e-6,5.171262930656599e-5,0.11111037137320261,-0.11111013963506455
32436,3.90625,-0.11111046608386636,4.934035951831235e-12,2.2212689958290137e-6,5.7367377094348445e-5,0.11111046608386636,-0.11111014318771313
32437,1.5625,-0.11111055006906634,3.8652678799111174e-11,6.217127857709794e-6,5.7174549309209676e-5,0.11111055006906634,-0.11111014640474894
32438,0.625,-0.11111063085807243,1.3298964763537419e-10,1.1532113754007726e-5,5.6151054102643005e-5,0.11111063085807243,-0.1111101494441085
32439,0.25,-0.11111071063509223,2.857612551294317e-10,1.6904474411511045e-5,5.5335157781180094e-5,0.11111071063509223,-0.11111015241299031
32440,0.1,-0.11111079012439128,4.963674116041394e-10,2.2279304558359524e-5,5.4810584845710474e-5,0.11111079012439128,-0.11111015535828539
32441,0.1,-0.11111086900159335,7.629930781434102e-10,2.7622329339565304e-5,5.448627538509673e-5,0.11111086900159335,-0.11111015823532078
32442,0.1,-0.11111094715452842,1.0838530838208624e-9,3.2921924060128416e-5,5.411319977261583e-5,0.11111094715452842,-0.11111016103377122
32443,0.1,-0.11111102447209957,1.4569757770635366e-9,3.817035206889683e-5,5.369169526529879e-5,0.11111102447209957,-0.11111016374367104
32444,0.1,-0.1111111008445495,1.8802112458515685e-9,4.336140272006394e-5,5.322218049369528e-5,0.1111111008445495,-0.11111016635545432
32445,0.25,-0.11111117339965991,2.33854036592532e-9,4.8358457025894865e-5,5.2707778812246724e-5,0.11111117339965991,-0.11111016844278047
32446,0.625,-0.11111123529649189,2.7915515490883428e-9,5.28351355547456e-5,5.144045680579933e-5,0.11111123529649189,-0.11111016904275246
32447,1.5625,-0.11111126868807294,3.1271049188258296e-9,5.592052323454985e-5,4.813890935699024e-5,0.11111126868807294,-0.11111016569407697
32448,3.90625,-0.11111123124148277,3.0690662980177515e-9,5.53991543077848e-5,3.957827692558727e-5,0.11111123124148277,-0.11111015358100884
32449,9.765625,-0.11111104698809174,2.141810222506149e-9,4.627969557490789e-5,1.898368229956421e-5,0.11111104698809174,-0.11111013116223974
32450,24.4140625,-0.11111069735406619,4.495072261811298e-10,2.1201585463854577e-5,2.7674241487081396e-5,0.11111069735406619,-0.11111012713406918
32451,9.765625,-0.11111058272567345,9.553621196657094e-11,9.774262732634668e-6,7.728358039671386e-5,0.11111058272567345,-0.11111013534615483
32452,3.90625,-0.11111047209338724,1.0767300537149022e-11,3.281356508694083e-6,8.590866007300325e-5,0.11111047209338724,-0.1111101433237335
32453,1.5625,-0.11111036780095206,8.407809949733362e-11,9.169411076908573e-6,8.56820790452908e-5,0.11111036780095206,-0.11111015055603224
32454,0.625,-0.11111026598377331,2.937399772397605e-10,1.713884410454102e-5,8.417551360490875e-5,0.11111026598377331,-0.11111015739037368
32455,0.25,-0.11111016517996773,6.348307809499453e-10,2.5195848486406354e-5,8.296598783197757e-5,0.11111016517996773,-0.11111016406634254
32456,0.1,-0.11111006486304963,1.1060097480931193e-9,3.325672485517958e-5,8.218739099633411e-5,0.11111006486304963,-0.11111017068936123
32457,0.1,-0.11110996509651168,1.70325233334022e-9,4.1270477745480725e-5,8.17065571156681e-5,0.11110996509651168,-0.11111017716005499
32458,0.1,-0.11110986594768008,2.4225867928505632e-9,4.921978050388444e-5,8.115228244783228e-5,0.11110986594768008,-0.11111018345512104
32459,0.1,-0.11110976748329371,3.2596215692899305e-9,5.709309563589919e-5,8.052509164754346e-5,0.11110976748329371,-0.11111018955206305
32460,0.1,-0.11110966976951898,4.209563675356579e-9,6.488115038558256e-5,7.982562464068648e-5,0.11110966976951898,-0.11111019542928065
32461,0.25,-0.11110957433532605,5.238908803818038e-9,7.238030674028701e-5,7.905847649690736e-5,0.11110957433532605,-0.11111020013116518
32462,0.625,-0.1111094850065277,6.257417174699144e-9,7.910383792648207e-5,7.71633149236877e-5,0.1111094850065277,-0.11111020149715853
32463,1.5625,-0.111109412439176,7.014481005597398e-9,8.375249850361121e-5,7.221888056898274e-5,0.111109412439176,-0.11111019399936341
32464,3.90625,-0.11110938614462411,6.892180527482197e-9,8.301915759318567e-5,5.937902938459913e-5,0.11110938614462411,-0.11111016679511145
32465,9.765625,-0.1111094864180771,4.822222211894813e-9,6.94422221123058e-5,2.830096435295263e-5,0.1111094864180771,-0.11111011627097601
32466,24.4140625,-0.11111010157966439,6.998911579709602e-11,8.36594978451915e-6,3.996103240714017e-5,0.11111010157966439,-0.11111014527692671
32467,9.765625,-0.1111107180377826,7.403819985143707e-11,8.604545301841177e-6,2.2474855797992956e-5,0.1111107180377826,-0.11111014479928615
32468,3.90625,-0.11111094018579876,8.418622560541456e-11,9.175305205028035e-6,1.5021085054525954e-5,0.11111094018579876,-0.11111014461582437
32469,1.5625,-0.11111111921865231,9.689680332370707e-11,9.843617390152213e-6,1.1903499852516563e-5,0.11111111921865231,-0.1111101445801633
32470,3.90625,-0.11111115534481687,9.641258455209275e-11,9.818991014971588e-6,1.0542720826793154e-5,0.11111115534481687,-0.11111014425070927
32471,9.765625,-0.11111086047845492,6.495451459963264e-11,8.059436369848244e-6,7.627561260963829e-6,0.11111086047845492,-0.11111014359162891
32472,24.4140625,-0.11111034926049825,1.2402364729638481e-11,3.521699125370945e-6,7.283370544554142e-6,0.11111034926049825,-0.11111014351175116
32473,9.765625,-0.11111058343996233,2.684209759932318e-12,1.6383558099302844e-6,1.4087792305457352e-5,0.11111058343996233,-0.11111014377750911
32474,3.90625,-0.11111065785710508,9.85137427856867e-13,9.925408948032656e-7,1.5167699745274267e-5,0.11111065785710508,-0.11111014402084236
32475,1.5625,-0.11111071427993541,3.734472935163033e-12,1.932478443647699e-6,1.4978078872866003e-5,0.11111071427993541,-0.11111014424006953
32476,0.625,-0.11111076623008856,1.0304905341058083e-11,3.210125440081444e-6,1.4649070548080481e-5,0.11111076623008856,-0.11111014444689613
32477,0.25,-0.11111081686426579,2.054087969441105e-11,4.532204727768931e-6,1.4397751449722933e-5,0.11111081686426579,-0.11111014464839196
32478,0.1,-0.11111086710358366,3.438442649003649e-11,5.863823538446266e-6,1.423015753508442e-5,0.11111086710358366,-0.11111014484755422
32479,0.1,-0.11111091544847773,5.1682010236887964e-11,7.18902011660059e-6,1.4118484430652038e-5,0.11111091544847773,-0.11111014504134561
32480,0.1,-0.11111096171286933,7.229372105447278e-11,8.502571437775326e-6,1.3998726746206512e-5,0.11111096171286933,-0.11111014522925929
32481,0.1,-0.11111100571933082,9.607057043380304e-11,9.801559591912047e-6,1.3870556667671075e-5,0.11111100571933082,-0.11111014541079908
32482,0.1,-0.11111104729965099,1.2285487946835235e-10,1.1083992036642409e-5,1.3733740053831373e-5,0.11111104729965099,-0.11111014558548446
32483,0.25,-0.11111107958204486,1.5158853336544502e-10,1.2312129521956997e-5,1.3589330045095576e-5,0.11111107958204486,-0.11111014572593868
32484,0.625,-0.11111108734270775,1.794954751245032e-10,1.3397592139056301e-5,1.3266331578979344e-5,0.11111108734270775,-0.11111014577117313
32485,1.5625,-0.11111103340698124,1.9904917540936323e-10,1.4108478848173649e-5,1.2464113269256141e-5,0.11111103340698124,-0.11111014556740116
32486,3.90625,-0.1111108417075207,1.9245661993787348e-10,1.3872873528504232e-5,1.046915175374379e-5,0.1111108417075207,-0.11111014482304611
32487,9.765625,-0.11111044273502606,1.3166240403507394e-10,1.1474423908635847e-5,6.281854182269759e-6,0.11111044273502606,-0.1111101434746129
32488,24.4140625,-0.11111020620904663,2.724829251582525e-11,5.2199897045708095e-6,8.47620984709703e-6,0.11111020620904663,-0.11111014328227865
32489,9.765625,-0.11111038093021125,5.905320753887745e-12,2.4300865733318524e-6,1.9652451166620513e-5,0.11111038093021125,-0.1111101438043922
32490,3.90625,-0.11111045586557469,1.1989706614642492e-12,1.0949751876020977e-6,2.1622956385285363e-5,0.11111045586557469,-0.11111014430546712
32491,1.5625,-0.11111051672449186,6.133835177405231e-12,2.476658066307344e-6,2.150442516149206e-5,0.11111051672449186,-0.11111014475960528
32492,0.625,-0.11111057369705035,1.936881638362348e-11,4.401001747741471e-6,2.11019682355929e-5,0.11111057369705035,-0.11111014518895944
32493,0.25,-0.11111062942510139,4.0589982320343905e-11,6.371026786974287e-6,2.0784071949149258e-5,0.11111062942510139,-0.1111101456082331
32494,0.1,-0.11111068474382331,6.970044050376285e-11,8.348678967583007e-6,2.0576634996612805e-5,0.11111068474382331,-0.11111014602380595
32495,0.1,-0.1111107392333544,1.0643075572001822e-10,1.0316528278448046e-5,2.044450136963763e-5,0.1111107392333544,-0.11111014642940854
32496,0.1,-0.11111079277135832,1.505194426602544e-10,1.2268636544467947e-5,2.0295694496903377e-5,0.11111079277135832,-0.1111101468236927
32497,0.1,-0.11111084523875951,2.0168082237298607e-10,1.4201437334755453e-5,2.013024298964311e-5,0.11111084523875951,-0.11111014720535543
32498,0.1,-0.11111089652007489,2.59606071749153e-10,1.611229566974095e-5,1.9948226127752912e-5,0.11111089652007489,-0.11111014757314722
32499,0.25,-0.11111094328428583,3.2219022838296085e-10,1.794965816897249e-5,1.9750916628351058e-5,0.11111094328428583,-0.11111014786846964
32500,0.625,-0.11111097775580615,3.8380198107678747e-10,1.959086473529914e-5,1.928089848795731e-5,0.11111097775580615,-0.11111014795945645
32501,1.5625,-0.11111098020659486,4.288790483807981e-10,2.070939517177646e-5,1.8076311916691004e-5,0.11111098020659486,-0.11111014751012717
32502,3.90625,-0.11111090706063227,4.1934484747485666e-10,2.0477911208784375e-5,1.4997712698601445e-5,0.11111090706063227,-0.111110145868361
32503,9.765625,-0.11111069990242642,2.906241388159188e-10,1.7047701863181406e-5,7.992851361980033e-6,0.11111069990242642,-0.1111101428493641
32504,24.4140625,-0.11111046646936762,5.990024828284646e-11,7.73952506830015e-6,1.1297181923025376e-5,0.11111046646936762,-0.111110142378118
32505,9.765625,-0.11111048533546197,1.255661752121739e-11,3.543531786398619e-6,2.8842504421573717e-5,0.11111048533546197,-0.11111014351565239
32506,3.90625,-0.11111046760742645,1.7585121608237948e-12,1.326089047094423e-6,3.189031991550957e-5,0.11111046760742645,-0.1111101446105698
32507,1.5625,-0.11111044726743965,1.23772261888258e-11,3.518128222340084e-6,3.17585258072023e-5,0.11111044726743965,-0.11111014560214996
32508,0.625,-0.11111042648727566,4.147092635285632e-11,6.4397924153544205e-6,3.1183262673671825e-5,0.11111042648727566,-0.11111014653934854
32509,0.25,-0.1111104056238209,8.836852860775387e-11,9.400453638402451e-6,3.0727476238287534e-5,0.1111104056238209,-0.11111014745495136
32510,0.1,-0.11111038475889612,1.5287992254142545e-10,1.2364462080552694e-5,3.043400166225504e-5,0.11111038475889612,-0.11111014836322221
32511,0.1,-0.1111103637316338,2.344395964308558e-10,1.5311420457647153e-5,3.025154797626544e-5,0.1111103637316338,-0.11111014925037895
32512,0.1,-0.11111034252682743,3.3249351807388825e-10,1.823440479077637e-5,3.004259790672168e-5,0.11111034252682743,-0.11111015011329971
32513,0.1,-0.11111032113079188,4.464315363443397e-10,2.1128926530809363e-5,2.9807327628361152e-5,0.11111032113079188,-0.11111015094897157
32514,0.1,-0.11111029953147196,5.755898822611168e-10,2.399145435902369e-5,2.954596285020207e-5,0.11111029953147196,-0.11111015175450463
32515,0.25,-0.11111027708045705,7.153602135353565e-10,2.674621867732627e-5,2.9260295871644328e-5,0.11111027708045705,-0.11111015239957514
32516,0.625,-0.11111025241594447,8.533635361795176e-10,2.9212386690914482e-5,2.8561693220291964e-5,0.11111025241594447,-0.11111015259019952
32517,1.5625,-0.11111022254715039,9.552814734213075e-10,3.09076280782157e-5,2.674874587006386e-5,0.11111022254715039,-0.11111015157552638
32518,3.90625,-0.11111018355078109,9.366986772727084e-10,3.0605533442054366e-5,2.2066889270959423e-5,0.11111018355078109,-0.11111014788911228
32519,9.765625,-0.11111014773252044,6.525656130623474e-10,2.5545363827167297e-5,1.1009054672365987e-5,0.11111014773252044,-0.11111014107503879
32520,24.4140625,-0.11111023673892419,1.3617213279630165e-10,1.1669281588696951e-5,1.5824522102025573e-5,0.11111023673892419,-0.1111101399006633
32521,9.765625,-0.11111035611131855,2.8784269864037266e-11,5.365097376938956e-6,4.2862792565367e-5,0.11111035611131855,-0.1111101424220434
32522,3.90625,-0.11111043838588959,3.404149580319719e-12,1.845033761295364e-6,4.756813599118184e-5,0.11111043838588959,-0.11111014486494296
32523,1.5625,-0.11111051258953912,2.6181099596304307e-11,5.1167469740357795e-6,4.742454059417928e-5,0.11111051258953912,-0.1111101470793189
32524,0.625,-0.11111058430267545,9.050524658106516e-11,9.513424545402416e-6,4.658662224936505e-5,0.11111058430267545,-0.11111014917226643
32525,0.25,-0.11111065520929377,1.948801426482544e-10,1.3959947802490324e-5,4.591681338763403e-5,0.11111065520929377,-0.11111015121701584
32526,0.1,-0.11111072587690403,3.388970864238907e-10,1.840915767828313e-5,4.5486222981510214e-5,0.11111072587690403,-0.11111015324568485
32527,0.1,-0.11111079609263703,5.213217014981255e-10,2.283247033279854e-5,4.5220426275691785e-5,0.11111079609263703,-0.11111015522779041
32528,0.1,-0.1111108657704064,7.409378797367822e-10,2.7220174131272237e-5,4.491429654418302e-5,0.1111108657704064,-0.11111015715624435
32529,0.1,-0.11111093482471425,9.964016114710538e-10,3.156582980805437e-5,4.4568116127068937e-5,0.11111093482471425,-0.11111015902420401
32530,0.1,-0.11111100317082884,1.2862465888338144e-9,3.5864280124293784e-5,4.4182234443371026e-5,0.11111100317082884,-0.11111016082509916
32531,0.25,-0.11111106867880904,1.6002200499705692e-9,4.000275053006442e-5,4.375919883819595e-5,0.11111106867880904,-0.11111016226712284
32532,0.625,-0.11111112622871562,1.910719689964375e-9,4.371177976203182e-5,4.271477673408963e-5,0.11111112622871562,-0.11111016269090009
32533,1.5625,-0.1111111623316043,2.1411190342823378e-9,4.6272227461862456e-5,3.999167970782158e-5,0.1111111623316043,-0.11111016041017989
32534,3.90625,-0.11111114425529096,2.1026068523945777e-9,4.585419121950116e-5,3.2931041457621055e-5,0.11111114425529096,-0.11111015212142761
32535,9.765625,-0.11111100872964981,1.4693624768872307e-9,3.8332264176372765e-5,1.5993163344964024e-5,0.11111100872964981,-0.11111013674422096
32536,24.4140625,-0.11111071212304681,3.1006550038420586e-10,1.7608676849332144e-5,2.2947633660025647e-5,0.11111071212304681,-0.11111013391500026
32537,9.765625,-0.11111059421777367,6.638762302082129e-11,8.1478600270759e-6,6.403847969054716e-5,0.11111059421777367,-0.11111013954686799
32538,3.90625,-0.11111048784790167,7.447233845434488e-12,2.728962045436779e-6,7.122489816690642e-5,0.11111048784790167,-0.11111014503174861
32539,1.5625,-0.1111103882565474,5.701280599295013e-11,7.550682485242651e-6,7.106019330860434e-5,0.1111103882565474,-0.11111015000838999
32540,0.625,-0.11111029116460633,2.001611864001293e-10,1.4147833275810445e-5,6.98243815895104e-5,0.11111029116460633,-0.111110154712591
32541,0.25,-0.11111019504542669,4.335130861251505e-10,2.0820977069416088e-5,6.882925519694265e-5,0.11111019504542669,-0.11111015930824523
32542,0.1,-0.11111009935695959,7.56152862659746e-10,2.7498233809823966e-5,6.818851740144422e-5,0.11111009935695959,-0.11111016386766222
32543,0.1,-0.11111000418217416,1.1653379204792282e-9,3.4137046159256785e-5,6.779319762281398e-5,0.11111000418217416,-0.1111101683229463
32544,0.1,-0.11110990959257178,1.6583572532132273e-9,4.072293276783031e-5,6.733704479479709e-5,0.11110990959257178,-0.1111101726580807
32545,0.1,-0.11110981565908307,2.2322114724375567e-9,4.7246285276596685e-5,6.682049554729175e-5,0.11110981565908307,-0.11111017685760198
32546,0.1,-0.11110972245203816,2.88362536385532e-9,5.3699398170327013e-5,6.624408155160045e-5,0.11110972245203816,-0.11111018090665781
32547,0.25,-0.11110963160566976,3.5896890399155446e-9,5.9914013718958474e-5,6.561156149539076e-5,0.11110963160566976,-0.11111018415031776
32548,0.625,-0.11110954717722663,4.2886657726418124e-9,6.548790554477835e-5,6.404651351833036e-5,0.11110954717722663,-0.11111018510713792
32549,1.5625,-0.11110948031940032,4.809041482412329e-9,6.934725288295368e-5,5.9960605571932526e-5,0.11110948031940032,-0.1111101799851457
32550,3.90625,-0.1111094609870947,4.7276745530507735e-9,6.875808718289634e-5,4.93483647681094e-5,0.1111094609870947,-0.11111016133812565
32551,9.765625,-0.11110956540000681,3.311845496336356e-9,5.7548635920726707e-5,2.3687937878609775e-5,0.11110956540000681,-0.11111012663808983
32552,24.4140625,-0.11110995359241767,7.047855277112067e-10,2.654779704064363e-5,3.3757378785377646e-5,0.11110995359241767,-0.11111011996352303
32553,9.765625,-0.11111018946628222,1.5191394015387909e-10,1.2325337324141643e-5,9.594546579108337e-5,0.11111018946628222,-0.11111013261141973
32554,3.90625,-0.11111037812329677,1.5799401831294136e-11,3.9748461393234e-6,0.00010687634815801698,0.11111037812329677,-0.11111014497686865
32555,1.5625,-0.11111055238441342,1.245385607064092e-10,1.115968461500634e-5,0.00010668754605381144,0.11111055238441342,-0.11111015620533153
32556,0.625,-0.11111072200502757,4.443989620579336e-10,2.108077233067929e-5,0.0001048568826496833,0.11111072200502757,-0.11111016682004521
32557,0.25,-0.11111089019557993,9.67736848857937e-10,3.1108469085731895e-5,0.0001033739144556295,0.11111089019557993,-0.11111017718930101
32558,0.1,-0.11111105807657917,1.6924920599850378e-9,4.1139908361407875e-5,0.00010241754209103233,0.11111105807657917,-0.11111018747637015
32559,0.1,-0.11111122533741596,2.612545788475838e-9,5.111306866620158e-5,0.00010182742248758214,0.11111122533741596,-0.11111019752957985
32560,0.1,-0.11111139180265728,3.721831664811676e-9,6.1006816543823e-5,0.00010114584536378322,0.11111139180265728,-0.11111020731275698
32561,0.1,-0.11111155729567239,5.0136323160576615e-9,7.080700753497257e-5,0.00010037344930092636,0.11111155729567239,-0.11111021679096247
32562,0.1,-0.1111117216389838,6.480607396154523e-9,8.05022198212852e-5,9.951101520276544e-5,0.1111117216389838,-0.11111022593062843
32563,0.25,-0.11111188083659056,8.071411693184906e-9,8.984103568628818e-5,9.856408993593436e-5,0.11111188083659056,-0.11111023325855175
32564,0.625,-0.111112025080236,9.64756934778331e-9,9.8222041048755e-5,9.621805428593323e-5,0.111112025080236,-0.1111102354395058
32565,1.5625,-0.11111212802350053,1.0824141236205136e-8,0.00010403913319614469,9.008829891600364e-5,0.11111212802350053,-0.11111022393022427
32566,3.90625,-0.11111212326030823,1.0650535619155804e-8,0.00010320143225341305,7.415246128976948e-5,0.11111212326030823,-0.11111018192239248
32567,9.765625,-0.11111186865587139,7.476293235642145e-9,8.64655609803241e-5,3.5462465806668065e-5,0.11111186865587139,-0.11111010353423914
32568,24.4140625,-0.11111140537946036,1.0959873707387864e-10,1.046894154505978e-5,4.90247920105808e-5,0.11111140537946036,-0.1111101479104268
32569,9.765625,-0.11110992694903565,1.1311836799731967e-10,1.0635711917747663e-5,2.8794409014308146e-5,0.11110992694903565,-0.11111014730168658
32570,3.90625,-0.11110936533295705,1.3144647247052073e-10,1.1465010792429317e-5,1.94686778614333e-5,0.11110936533295705,-0.11111014703631923
32571,1.5625,-0.1111089126461441,1.5449325023058722e-10,1.2429531376145572e-5,1.5307621620228166e-5,0.1111089126461441,-0.11111014698373377
32572,3.90625,-0.11110879951146024,1.5449569808167537e-10,1.2429629844917963e-5,1.341615273072529e-5,0.11110879951146024,-0.11111014644460912
32573,9.765625,-0.11110948855125666,1.0067035937647263e-10,1.0033461983606288e-5,9.202467153709502e-6,0.11110948855125666,-0.11111014539325113
32574,24.4140625,-0.11111076388908422,1.9752900194181356e-11,4.444423494018246e-6,8.372131583985783e-6,0.11111076388908422,-0.11111014523765012
32575,9.765625,-0.11111017142791675,4.192748734300758e-12,2.047620261254698e-6,1.7594844036650784e-5,0.11111017142791675,-0.1111101456631782
32576,3.90625,-0.11110995921034007,2.2134926479083975e-12,1.48778111559073e-6,1.8769903167017726e-5,0.11110995921034007,-0.1111101460310108
32577,1.5625,-0.11110979288666115,7.230347431044939e-12,2.6889305366715853e-6,1.8434913132114223e-5,0.11110979288666115,-0.11111014635927476
32578,0.625,-0.11110963827064833,1.8297026384422632e-11,4.277502353526253e-6,1.797893622612987e-5,0.11110963827064833,-0.1111101466683538
32579,0.25,-0.11110948716814457,3.5192690408620513e-11,5.932342742005093e-6,1.7644939139007567e-5,0.11110948716814457,-0.11111014696953729
32580,0.1,-0.1111093371499944,5.783751826356809e-11,7.605098175800763e-6,1.7427000177786308e-5,0.1111093371499944,-0.11111014726743244
32581,0.1,-0.11110919182244271,8.594946708393689e-11,9.270893542908197e-6,1.7284209426719194e-5,0.11110919182244271,-0.11111014755681556
32582,0.1,-0.11110905166126182,1.1928801053082158e-10,1.0921905077907498e-5,1.713053664168756e-5,0.11110905166126182,-0.11111014783687398
32583,0.1,-0.1111089171216189,1.575972356859815e-10,1.2553773762736904e-5,1.696563180035609e-5,0.1111089171216189,-0.11111014810681713
32584,0.1,-0.11110878863670325,2.0060684963164605e-10,1.4163574747628017e-5,1.6789262479222756e-5,0.11110878863670325,-0.11111014836588427
32585,0.25,-0.11110868328848537,2.463891925537069e-10,1.5696789243463356e-5,1.6602822672813567e-5,0.11110868328848537,-0.11111014856970153
32586,0.625,-0.1111086391225387,2.8996874097966004e-10,1.702846854475352e-5,1.6182086416016922e-5,0.1111086391225387,-0.11111014862057389
32587,1.5625,-0.11110874960285064,3.1821148717478923e-10,1.783848332047288e-5,1.5137998190555582e-5,0.11110874960285064,-0.11111014827652171
32588,3.90625,-0.11110920906316904,3.01944189557215e-10,1.737654135773903e-5,1.257117959769243e-5,0.11110920906316904,-0.11111014709867824
32589,9.765625,-0.11111021501483502,2.0215302363779476e-10,1.4218052737199802e-5,7.359223582786166e-6,0.11111021501483502,-0.11111014504047846
32590,24.4140625,-0.11111093333207335,4.288810877405433e-11,6.548901340992574e-6,1.0345004033168236e-5,0.11111093333207335,-0.11111014472491484
32591,9.765625,-0.11111055145684957,9.006471764277227e-12,3.001078433543053e-6,2.413300977049063e-5,0.11111055145684957,-0.11111014552111674
32592,3.90625,-0.11111040413672589,1.5269445908701107e-12,1.2356959945189233e-6,2.6643613642244696e-5,0.11111040413672589,-0.1111101462847965
32593,1.5625,-0.11111028899551718,8.970521060401644e-12,2.9950828136132804e-6,2.650943795693436e-5,0.11111028899551718,-0.11111014697576418
32594,0.625,-0.1111101826287107,2.9237548332880446e-11,5.407175633626159e-6,2.6011133268310496e-5,0.1111101826287107,-0.11111014762822986
32595,0.25,-0.11111007907848035,6.184016414553742e-11,7.863851737255568e-6,2.5615524676464382e-5,0.11111007907848035,-0.11111014826499195
32596,0.1,-0.11110997647949926,1.0662959905318521e-10,1.032616090583452e-5,2.535703084808408e-5,0.11110997647949926,-0.11111014889597727
32597,0.1,-0.11110987579090108,1.6319016839869e-10,1.2774590733119007e-5,2.5192383949349814e-5,0.11110987579090108,-0.1111101495116298
32598,0.1,-0.11110977728226336,2.3111782972040388e-10,1.5202559972596847e-5,2.500681059663328e-5,0.11110977728226336,-0.11111015010986497
32599,0.1,-0.11110968121493979,3.0997081046147833e-10,1.7605987914953207e-5,2.4800338926935382e-5,0.11110968121493979,-0.1111101506886707
32600,0.1,-0.11110958784130835,3.992712878574578e-10,1.9981773891660815e-5,2.4573060301876875e-5,0.11110958784130835,-0.11111015124611462
32601,0.25,-0.11110950460473665,4.957542316749931e-10,2.2265539105869254e-5,2.4326533935673626e-5,0.11110950460473665,-0.11111015169199576
32602,0.625,-0.1111094488099615,5.906871630340431e-10,2.4304056513965792e-5,2.373830398632966e-5,0.1111094488099615,-0.1111101518232528
32603,1.5625,-0.11110946413622966,6.599833407195638e-10,2.5690140924478477e-5,2.2228988800301564e-5,0.11110946413622966,-0.11111015112280251
32604,3.90625,-0.11110964577627726,6.450043074230521e-10,2.5396935000567532e-5,1.836323749589088e-5,0.11110964577627726,-0.1111101485883072
32605,9.765625,-0.11111011279524355,4.473724107736465e-10,2.1151179890815702e-5,9.437004397270535e-6,0.11111011279524355,-0.11111014393121593
32606,24.4140625,-0.11111057161864206,9.33937065960381e-11,9.664041938859647e-6,1.3532951485604951e-5,0.11111057161864206,-0.1111101431488667
32607,9.765625,-0.11111045694102965,1.964978715889895e-11,4.432808044445298e-6,3.561175908778516e-5,0.11111045694102965,-0.1111101448881996
32608,3.90625,-0.11111044036009403,2.430244424133024e-12,1.5589241239178461e-6,3.947241486753117e-5,0.11111044036009403,-0.11111014656940144
32609,1.5625,-0.11111043448678637,1.8256927921504538e-11,4.2728126476016405e-6,3.933608797024855e-5,0.11111043448678637,-0.11111014809259555
32610,0.625,-0.11111043125638996,6.257353544630473e-11,7.910343573215055e-6,3.863182306121101e-5,0.11111043125638996,-0.11111014953192311
32611,0.25,-0.11111042884871021,1.3433855974020394e-10,1.1590451231086905e-5,3.806954705531604e-5,0.11111042884871021,-0.11111015093775341
32612,0.1,-0.11111042673056626,2.332571391563849e-10,1.527275807299994e-5,3.770649962839254e-5,0.11111042673056626,-0.11111015233213233
32613,0.1,-0.11111042531173602,3.5846589176557767e-10,1.8933195498002383e-5,3.748047006074919e-5,0.11111042531173602,-0.11111015369409095
32614,0.1,-0.11111042466970722,5.09116157033196e-10,2.2563602483495318e-5,3.722142417946365e-5,0.11111042466970722,-0.11111015501880993
32615,0.1,-0.11111042487768774,6.842728577649055e-10,2.6158609629812238e-5,3.692957697860008e-5,0.11111042487768774,-0.11111015630163876
32616,0.1,-0.11111042600433692,8.829183405515777e-10,2.9713941854819226e-5,3.6605203784341296e-5,0.11111042600433692,-0.11111015753811374
32617,0.25,-0.11111043050817493,1.0980003276624225e-9,3.313608799575506e-5,3.625051606855629e-5,0.11111043050817493,-0.11111015852810456
32618,0.625,-0.11111044390946175,1.3105632929970433e-9,3.6201702901894595e-5,3.538275372369097e-5,0.11111044390946175,-0.11111015881968975
32619,1.5625,-0.11111047956318049,1.4680344528329225e-9,3.8314937724507954e-5,3.3129325915057e-5,0.11111047956318049,-0.1111101572576628
32620,3.90625,-0.11111056333093867,1.4410058048141038e-9,3.79605822507256e-5,2.7300016548530497e-5,0.11111056333093867,-0.11111015158067913
32621,9.765625,-0.11111070649464656,1.0065537139896718e-9,3.172623069306645e-5,1.3395068826173784e-5,0.11111070649464656,-0.11111014105494899
32622,24.4140625,-0.11111069652027536,2.1224757456684537e-10,1.4568719043445287e-5,1.9180613165843562e-5,0.11111069652027536,-0.11111013913419228
32623,9.765625,-0.11111052314504286,4.5238422074212555e-11,6.725951388035194e-6,5.309245275675116e-5,0.11111052314504286,-0.11111014300565562
32624,3.90625,-0.11111041780356774,4.914115599591067e-12,2.2167804581399275e-6,5.902854377603843e-5,0.11111041780356774,-0.11111014677328734
32625,1.5625,-0.11111032517975074,3.897910397634771e-11,6.243324753394437e-6,5.8886238683464146e-5,0.11111032517975074,-0.11111015019126076
32626,0.625,-0.11111023642311073,1.371924794994531e-10,1.171291934145596e-5,5.7859466109377084e-5,0.11111023642311073,-0.11111015342184107
32627,0.25,-0.11111014901141708,2.9722809486324777e-10,1.7240304372697362e-5,5.703271740405711e-5,0.11111014901141708,-0.11111015657759057
32628,0.1,-0.11111006211828323,5.184491576268931e-10,2.2769478641964844e-5,5.6499642552972976e-5,0.11111006211828323,-0.11111015970815406
32629,0.1,-0.11110997612006306,7.989676172224879e-10,2.826601523424354e-5,5.6169901160967e-5,0.11110997612006306,-0.11111016276701399
32630,0.1,-0.11110989113608305,1.1369173261726516e-9,3.3718204670068835e-5,5.579003505681067e-5,0.11110989113608305,-0.11111016574322373
32631,0.1,-0.11110980728298424,1.5302352112125058e-9,3.9118220961752666e-5,5.536038789556094e-5,0.11110980728298424,-0.1111101686262149
32632,0.1,-0.11110972467450803,1.976669841979434e-9,4.445975530723751e-5,5.488138567439512e-5,0.11110972467450803,-0.11111017140583651
32633,0.25,-0.11110964651339818,2.460515633758772e-9,4.960358488817892e-5,5.435616659376311e-5,0.11110964651339818,-0.11111017363321929
32634,0.625,-0.11110958036608551,2.9394631135001222e-9,5.4216815781638467e-5,5.305993216372908e-5,0.11110958036608551,-0.11111017429311675
32635,1.5625,-0.11110954588359805,3.295989397994357e-9,5.7410708042963176e-5,4.967964149399102e-5,0.11110954588359805,-0.11111017078695004
32636,3.90625,-0.11110958953972902,3.2401978306686884e-9,5.692273562179429e-5,4.0906663055494364e-5,0.11110958953972902,-0.11111015801189501
32637,9.765625,-0.11110979497978496,2.270178038047738e-9,4.764638536182716e-5,1.9744949069236936e-5,0.11110979497978496,-0.11111013423250683
32638,24.4140625,-0.11111018549617763,4.83613823738693e-10,2.199122151538411e-5,2.8054241111304604e-5,0.11111018549617763,-0.11111012964807922
32639,9.765625,-0.11111031186235404,1.043117159163666e-10,1.0213310722599533e-5,7.948965758324538e-5,0.11111031186235404,-0.11111013832675144
32640,3.90625,-0.11111043306570197,1.0812428778426877e-11,3.288225779721775e-6,8.85439411394196e-5,0.11111043306570197,-0.1111101468141876
32641,1.5625,-0.11111054746698698,8.52197123790228e-11,9.23145234397182e-6,8.839006116179108e-5,0.11111054746698698,-0.11111015452225745
32642,0.625,-0.11111065946180418,3.043896496406409e-10,1.7446766165700763e-5,8.687516374220637e-5,0.11111065946180418,-0.11111016180929512
32643,0.25,-0.1111107707168676,6.630705519009459e-10,2.5750156347116534e-5,8.564718798415735e-5,0.1111107707168676,-0.11111016892776529
32644,0.1,-0.11111088183950761,1.1598410193428546e-9,3.405643873547049e-5,8.485469496735843e-5,0.11111088183950761,-0.11111017598962833
32645,0.1,-0.11111099269570439,1.790502375006425e-9,4.2314328247136634e-5,8.436518578831073e-5,0.11111099269570439,-0.11111018289096697
32646,0.1,-0.11111110318657665,2.5508906523838037e-9,5.050634269459435e-5,8.380002488454111e-5,0.11111110318657665,-0.11111018960698872
32647,0.1,-0.11111121321133537,3.4363961583089005e-9,5.862078264838248e-5,8.315974531453945e-5,0.11111121321133537,-0.11111019611374907
32648,0.1,-0.11111132266745798,4.441982716192665e-9,6.664820114746282e-5,8.244499789801276e-5,0.11111132266745798,-0.11111020238824426
32649,0.25,-0.11111142942151628,5.53247287376751e-9,7.438059473926993e-5,8.166040796692885e-5,0.11111142942151628,-0.11111020742068056
32650,0.625,-0.11111152813034703,6.613002833274854e-9,8.132037157609928e-5,7.97184138779144e-5,0.11111152813034703,-0.11111020892485292
32651,1.5625,-0.11111160407968161,7.419864031056168e-9,8.613863262820096e-5,7.464645634142776e-5,0.11111160407968161,-0.11111020104408383
32652,3.90625,-0.11111161815649961,7.301744641672723e-9,8.545024658637751e-5,6.146391536547621e-5,0.11111161815649961,-0.11111017225243165
32653,9.765625,-0.11111147495035,5.127214677282278e-9,7.160457162278313e-5,2.9486041264393858e-5,0.11111147495035,-0.11111011849813232
32654,24.4140625,-0.11111094423087424,7.32963681556459e-11,8.561329812339079e-6,4.0615170413786276e-5,0.11111094423087424,-0.11111014897919194
32655,9.765625,-0.11111010268073285,7.70905313991835e-11,8.780121377246643e-6,2.3123383008761932e-5,0.11111010268073285,-0.11111014850339856
32656,3.90625,-0.11110979173048151,8.81455522238187e-11,9.388586273972173e-6,1.549874515392975e-5,0.11110979173048151,-0.11111014831441149
32657,1.5625,-0.11110954076570011,1.0195685716070098e-10,1.0097368823644157e-5,1.2255366228248696e-5,0.11110954076570011,-0.11111014827733875
32658,3.90625,-0.11110948367608461,1.0154408883879951e-10,1.0076908694574915e-5,1.0826783359977269e-5,0.11110948367608461,-0.11111014792848976
32659,9.765625,-0.1111098800318302,6.794230565429442e-11,8.24271227535539e-6,7.746642641600406e-6,0.1111098800318302,-0.11111014723479679
32660,24.4140625,-0.11111059366061549,1.3273242792857674e-11,3.6432461888894735e-6,7.338272410162997e-6,0.11111059366061549,-0.11111014714037712
32661,9.765625,-0.1111102767594991,2.8996018389805957e-12,1.7028217284791135e-6,1.4482724445693246e-5,0.1111102767594991,-0.11111014742261313
32662,3.90625,-0.11111017119560483,1.1552410092066816e-12,1.0748213847922275e-6,1.556816051089077e-5,0.11111017119560483,-0.11111014767825134
32663,1.5625,-0.11111009008515864,4.105245324666125e-12,2.0261404997349332e-6,1.5362516603845202e-5,0.11111009008515864,-0.11111014790844877
32664,0.625,-0.1111100151230938,1.1095473725258842e-11,3.330986899592798e-6,1.5020772611548727e-5,0.1111100151230938,-0.11111014812565986
32665,0.25,-0.11110994198894183,2.196592694720689e-11,4.6867821527362345e-6,1.4761520089226328e-5,0.11110994198894183,-0.1111101483373255
32666,0.1,-0.1111098694140103,3.6657657004205235e-11,6.054556714096023e-6,1.4589314474531043e-5,0.1111098694140103,-0.11111014854658677
32667,0.1,-0.11110979939491927,5.500300658213671e-11,7.416401188051838e-6,1.4474958684949108e-5,0.11110979939491927,-0.11111014875018944
32668,0.1,-0.11110973218494465,7.685196407378334e-11,8.766525199517957e-6,1.4352131695100318e-5,0.11110973218494465,-0.11111014894759422
32669,0.1,-0.111109668025852,1.0204472971707005e-10,1.0101719146614107e-5,1.4220516428565604e-5,0.111109668025852,-0.11111014913827326
32670,0.1,-0.11110960714715028,1.3041219529801485e-10,1.1419815904733966e-5,1.4079890877343706e-5,0.11110960714715028,-0.11111014932171549
32671,0.25,-0.11110955880741483,1.6079991490718355e-10,1.2680690632106106e-5,1.3931334408122139e-5,0.11110955880741483,-0.11111014946888974
32672,0.625,-0.1111095435584707,1.9019243970490756e-10,1.3791027507220321e-5,1.359819718159205e-5,0.1111095435584707,-0.11111014951525847
32673,1.5625,-0.1111096117042282,2.1047481115882733e-10,1.4507750037784195e-5,1.2770883121446517e-5,0.1111096117042282,-0.11111014929868185
32674,3.90625,-0.11110986685137382,2.0278004330297196e-10,1.4240085789874019e-5,1.0719743451368776e-5,0.11110986685137382,-0.11111014851423559
32675,9.765625,-0.11111040808225628,1.3845990552018478e-10,1.1766898721421238e-5,6.447114044738629e-6,0.11111040808225628,-0.11111014709818626
32676,24.4140625,-0.11111075616402503,2.919933168897619e-11,5.4036405958368645e-6,8.626685817153606e-6,0.11111075616402503,-0.11111014687675648
32677,9.765625,-0.1111105312900333,6.372700462730767e-12,2.5244208172828014e-6,2.011377825847066e-5,0.1111105312900333,-0.11111014742417165
32678,3.90625,-0.11111043694582476,1.1974765277775431e-12,1.0942927066272273e-6,2.218156095348722e-5,0.11111043694582476,-0.11111014795246729
32679,1.5625,-0.11111036098021397,6.197996875756611e-12,2.4895776500757335e-6,2.2078915812720975e-5,0.11111036098021397,-0.11111014843189108
32680,0.625,-0.11111029009551592,1.9952290891506336e-11,4.466798729683971e-6,2.1674091594533325e-5,0.11111029009551592,-0.11111014888524084
32681,0.25,-0.11111022085400084,4.2127613935073644e-11,6.4905788597838975e-6,2.135161654935829e-5,0.11111022085400084,-0.11111014932792738
32682,0.1,-0.11111015217087616,7.26220403747204e-11,8.521856627209847e-6,2.114067301405689e-5,0.11111015217087616,-0.11111014976668587
32683,0.1,-0.11111008457553649,1.1115535982929045e-10,1.0543024225965264e-5,2.1006236979636552e-5,0.11111008457553649,-0.11111015019500262
32684,0.1,-0.1111100182242825,1.5745452445953164e-10,1.2548088478311413e-5,2.0854631897402564e-5,0.1111100182242825,-0.11111015061145105
32685,0.1,-0.11110995326895241,2.1122091079106605e-10,1.4533441120088045e-5,2.0685889720798934e-5,0.11110995326895241,-0.11111015101465334
32686,0.1,-0.11110988985650433,2.7213142736062924e-10,1.649640649840532e-5,2.0500093444341102e-5,0.11110988985650433,-0.11111015140328676
32687,0.25,-0.11110983224306435,3.379850168728356e-10,1.8384368818995e-5,2.02985244980875e-5,0.11110983224306435,-0.11111015171584267
32688,0.625,-0.11110979036072742,4.028881127573265e-10,2.0072072956157927e-5,1.98175824466162e-5,0.11110979036072742,-0.11111015181373465
32689,1.5625,-0.11110978939254039,4.5054763488000563e-10,2.122610738877964e-5,1.858379144105601e-5,0.11110978939254039,-0.11111015134351704
32690,3.90625,-0.11110988488086866,4.4108575480132816e-10,2.1002041681734852e-5,1.5427141424210067e-5,0.11110988488086866,-0.11111014961729154
32691,9.765625,-0.11111015074326637,3.0673641544520336e-10,1.7513892070159715e-5,8.20962336261537e-6,0.11111015074326637,-0.11111014642802987
32692,24.4140625,-0.1111104450851432,6.41642121363427e-11,8.01025668354908e-6,1.1421465383099634e-5,0.1111104450851432,-0.11111014588853808
32693,9.765625,-0.11111041119679736,1.362258380401653e-11,3.690878459664654e-6,2.958821511847224e-5,0.11111041119679736,-0.11111014708534443
32694,3.90625,-0.11111042558704173,1.7433094509104963e-12,1.3203444440412117e-6,3.278396930040737e-5,0.11111042558704173,-0.11111014824443015
32695,1.5625,-0.11111044402219641,1.2519864385724553e-11,3.53834203910879e-6,3.267680619157346e-5,0.11111044402219641,-0.11111014929572773
32696,0.625,-0.11111046329675872,4.2830808592195335e-11,6.5445250853056815e-6,3.2098294085490365e-5,0.11111046329675872,-0.11111015028968262
32697,0.25,-0.11111048281263969,9.196277915172041e-11,9.589722579497304e-6,3.163584690797818e-5,0.11111048281263969,-0.11111015126073155
32698,0.1,-0.11111050241668653,1.5971470777697475e-10,1.2637828443881281e-5,3.1337332967772124e-5,0.11111050241668653,-0.11111015222396763
32699,0.1,-0.11111052230928181,2.454980930140974e-10,1.5668378761508715e-5,3.115167048041197e-5,0.11111052230928181,-0.11111015316503302
32700,0.1,-0.11111054251342367,3.487337561159471e-10,1.8674414478530434e-5,3.093875072195702e-5,0.11111054251342367,-0.11111015408061922
32701,0.1,-0.11111056304980978,4.687832166737511e-10,2.1651402187243002e-5,3.069875350049625e-5,0.11111056304980978,-0.11111015496753412
32702,0.1,-0.11111058393671562,6.04951306118992e-10,2.459575788868869e-5,3.0431908814728735e-5,0.11111058393671562,-0.11111015582271203
32703,0.25,-0.11111060608682317,7.524171669376101e-10,2.7430223603492737e-5,3.0140024400268382e-5,0.11111060608682317,-0.11111015650899517
32704,0.625,-0.1111106314517356,8.982166459637152e-10,2.9970262694272723e-5,2.9425024663433277e-5,0.1111106314517356,-0.11111015671657325
32705,1.5625,-0.11111066444780983,1.006377219974113e-9,3.1723449055456015e-5,2.7567670312730065e-5,0.11111066444780983,-0.11111015565321605
32706,3.90625,-0.11111071180760884,9.882778839573357e-10,3.143688731343063e-5,2.2766093912448556e-5,0.11111071180760884,-0.11111015176660588
32707,9.765625,-0.11111076300590587,6.909443822274048e-10,2.6285820935009902e-5,1.1382331251374816e-5,0.11111076300590587,-0.11111014454604656
32708,24.4140625,-0.11111067728275523,1.4612205284108224e-10,1.208809550099114e-5,1.6039098387846044e-5,0.11111067728275523,-0.11111014321546611
32709,9.765625,-0.1111105436060435,3.1284695889279914e-11,5.593272377533559e-6,4.40553445372194e-5,0.1111105436060435,-0.11111014587739311
32710,3.90625,-0.11111045334340315,3.4094316590421194e-12,1.8464646379072953e-6,4.898462230510266e-5,0.11111045334340315,-0.11111014847173788
32711,1.5625,-0.11111037232090078,2.6617012452379708e-11,5.159167806185384e-6,4.887597735954393e-5,0.11111037232090078,-0.11111015082692628
32712,0.625,-0.11111029420606362,9.387553960690147e-11,9.688939034120376e-6,4.803124886379968e-5,0.11111029420606362,-0.11111015305370223
32713,0.25,-0.11111021711330273,2.0358907339019182e-10,1.426846429683979e-5,4.7350143077062756e-5,0.11111021711330273,-0.11111015522921033
32714,0.1,-0.11111014041301177,3.553229051288398e-10,1.8850010746120008e-5,4.69111766603495e-5,0.11111014041301177,-0.11111015738752235
32715,0.1,-0.11111006434246952,5.477871110743692e-10,2.3404852297640532e-5,4.664004605404742e-5,0.11111006434246952,-0.11111015949676327
32716,0.1,-0.11110998899133735,7.79705447557683e-10,2.792320625497156e-5,4.632741218162854e-5,0.11110998899133735,-0.11111016154940755
32717,0.1,-0.11110991444768605,1.0496663287674262e-9,3.239855442403914e-5,4.597356309265404e-5,0.11110991444768605,-0.11111016353818663
32718,0.1,-0.11110984079785478,1.356128691152973e-9,3.6825652623585274e-5,4.5578854926972155e-5,0.11110984079785478,-0.11111016545611965
32719,0.25,-0.1111097703471476,1.688332072668584e-9,4.1089318230759e-5,4.514586164410653e-5,0.1111097703471476,-0.11111016699516273
32720,0.625,-0.1111097086013945,2.017277850533586e-9,4.491411638375608e-5,4.4075412549877385e-5,0.1111097086013945,-0.11111016745839329
32721,1.5625,-0.1111096700243257,2.26239479934474e-9,4.756463811850922e-5,4.128216504297225e-5,0.1111096700243257,-0.11111016506150502
32722,3.90625,-0.11110968972059615,2.2248512509978187e-9,4.716832889765991e-5,3.403358564254273e-5,0.11110968972059615,-0.11111015629805673
32723,9.765625,-0.11110983632151845,1.5600105298682725e-9,3.949696861618968e-5,1.6598214691202715e-5,0.11110983632151845,-0.11111013996163395
32724,24.4140625,-0.11111016253164172,3.3334049576107016e-10,1.8257614733613756e-5,2.332365886415781e-5,0.11111016253164172,-0.11111013677450347
32725,9.765625,-0.11111029349549678,7.222478373553076e-11,8.498516560878772e-6,6.592662598557217e-5,0.11111029349549678,-0.11111014273882447
32726,3.90625,-0.11111041039841905,7.521535545189415e-12,2.7425418037268666e-6,7.345431633606505e-5,0.11111041039841905,-0.1111101485802052
32727,1.5625,-0.11111051986241671,5.822599604310741e-11,7.63059604769558e-6,7.334002772202296e-5,0.11111051986241671,-0.11111015388801085
32728,0.625,-0.11111062676770991,2.0842641513234453e-10,1.443698081775911e-5,7.209166006597357e-5,0.11111062676770991,-0.11111015890694163
32729,0.25,-0.11111073285111482,4.545133487457296e-10,2.131931867451982e-5,7.107806577972138e-5,0.11111073285111482,-0.1111101638101672
32730,0.1,-0.11111083873340162,7.955130883036318e-10,2.8204841575581165e-5,7.042393232896608e-5,0.11111083873340162,-0.11111016867459733
32731,0.1,-0.11111094427714473,1.2285517795379724e-9,3.5050702982079725e-5,7.002019633374013e-5,0.11111094427714473,-0.11111017342897712
32732,0.1,-0.1111110493860459,1.75077672284497e-9,4.184228391047709e-5,6.95537555193501e-5,0.1111110493860459,-0.11111017805625131
32733,0.1,-0.11111115396273058,2.359028714985348e-9,4.856983338436882e-5,6.90250546354485e-5,0.11111115396273058,-0.11111018253994606
32734,0.1,-0.11111125790890719,3.049855242603436e-9,5.5225494498496215e-5,6.843463574202439e-5,0.11111125790890719,-0.11111018686423314
32735,0.25,-0.11111135909954091,3.799129000462193e-9,6.163707488567407e-5,6.778630418322116e-5,0.11111135909954091,-0.11111019033560206
32736,0.625,-0.11111145225324735,4.54176606398737e-9,6.739262618408167e-5,6.617983382282611e-5,0.11111145225324735,-0.11111019138351788
32737,1.5625,-0.1111115229526534,5.0968039144812785e-9,7.139190370400049e-5,6.198236038062406e-5,0.1111115229526534,-0.11111018598369742
32738,3.90625,-0.11111153350119056,5.017152713533752e-9,7.083186227633544e-5,5.1072253911955895e-5,0.11111153350119056,-0.11111016621125612
32739,9.765625,-0.11111139514284121,3.525440712478423e-9,5.937542178779384e-5,2.463682104104076e-5,0.11111139514284121,-0.11111012925237633
32740,24.4140625,-0.11111095657297351,7.587992018779575e-10,2.7546310131811803e-5,3.4394393321642545e-5,0.11111095657297351,-0.11111012176883982
32741,61.03515625,-0.11111023392866204,2.3781561728392024e-10,1.5421271584532848e-5,9.82920784225847e-5,0.11111023392866204,-0.11111014950161281
32742,24.4140625,-0.11111023876452776,7.135695007895722e-11,8.447304308414443e-6,2.05069820370719e-5,0.11111023876452776,-0.11111014808598091
32743,9.765625,-0.11111038490416095,3.38797895476762e-11,5.820634806245466e-6,2.2108724075458912e-5,0.11111038490416095,-0.11111014847609471
32744,3.90625,-0.11111042639259207,2.1877001583140635e-11,4.677285706811231e-6,2.3905194680865903e-5,0.11111042639259207,-0.1111101490307886
32745,1.5625,-0.11111046051156775,2.2891664234395898e-11,4.784523407236702e-6,2.3761330462566476e-5,0.11111046051156775,-0.11111014957709185
32746,0.625,-0.1111104927062659,3.436298875869798e-11,5.86199528818456e-6,2.322398101007163e-5,0.1111104927062659,-0.11111015010109436
32747,0.25,-0.11111052430988337,5.5508398448135e-11,7.450395858485306e-6,2.2733179911516184e-5,0.11111052430988337,-0.11111015060888169
32748,0.1,-0.11111055573134558,8.597532220027358e-11,9.272287862241636e-6,2.23536557222596e-5,0.11111055573134558,-0.11111015110527857
32749,0.1,-0.11111058648579292,1.2526766873847014e-10,1.1192303995981798e-5,2.2063940199989717e-5,0.11111058648579292,-0.11111015158305039
32750,0.1,-0.11111061649798613,1.7296162671601706e-10,1.315148762368794e-5,2.1774909848452034e-5,0.11111061649798613,-0.11111015204171969
32751,0.1,-0.11111064569557254,2.2862431473751525e-10,1.5120327864749336e-5,2.1484103458816455e-5,0.11111064569557254,-0.11111015248072756
32752,0.1,-0.11111067400933873,2.9181259865812254e-10,1.7082523193548503e-5,2.1189473796715298e-5,0.11111067400933873,-0.11111015289945983
32753,0.25,-0.11111069891909565,3.600292926931291e-10,1.89744378755506e-5,2.0893021342313294e-5,0.11111069891909565,-0.11111015323344564
32754,0.625,-0.11111071477088925,4.267886261726762e-10,2.0658863138437125e-5,2.033347860254794e-5,0.11111071477088925,-0.11111015333801877
32755,1.5625,-0.11111070773636118,4.744119597402648e-10,2.1780999971081787e-5,1.9046576298760077e-5,0.11111070773636118,-0.11111015284597447
32756,3.90625,-0.11111064978940378,4.603357049465774e-10,2.1455435324098587e-5,1.590784139278194e-5,0.11111064978940378,-0.11111015105462824
32757,9.765625,-0.11111051726096012,3.1514881882968017e-10,1.7752431349808965e-5,9.128486760344422e-6,0.11111051726096012,-0.11111014780381054
32758,24.4140625,-0.11111044432596853,6.645798957422656e-11,8.15217698374039e-6,1.2062002819347485e-5,0.11111044432596853,-0.11111014725995401
32759,9.765625,-0.11111046260147554,1.8768319219742122e-11,4.332241823783862e-6,2.866344038808465e-5,0.11111046260147554,-0.11111014833603589
32760,3.90625,-0.11111045984188309,8.193219738419968e-12,2.862380082801718e-6,3.138594815587587e-5,0.11111045984188309,-0.11111014938094432
32761,1.5625,-0.11111045521879508,1.8756363682558405e-11,4.330861771352026e-6,3.10359505152738e-5,0.11111045521879508,-0.11111015032492597
32762,0.625,-0.11111045026858596,4.7204629309238854e-11,6.870562517671959e-6,3.028747243382537e-5,0.11111045026858596,-0.11111015121091632
32763,0.25,-0.1111104452541559,9.261270418362654e-11,9.623549458678256e-6,2.9681682032900388e-5,0.1111104452541559,-0.11111015206902566
32764,0.1,-0.11111044023866135,1.5455707728105896e-10,1.2432098667604717e-5,2.9253096736966693e-5,0.11111044023866135,-0.11111015291267116
32765,0.1,-0.11111043512664791,2.3223512140982323e-10,1.5239262495600739e-5,2.8947283397650818e-5,0.11111043512664791,-0.11111015372842746
32766,0.1,-0.11111042990844494,3.2490195380846216e-10,1.802503686011383e-5,2.8625700281487103e-5,0.11111042990844494,-0.11111015451422347
32767,0.1,-0.11111042457532022,4.317820419310697e-10,2.0779365773070885e-5,2.8287461408019287e-5,0.11111042457532022,-0.11111015526803736
32768,0.1,-0.11111041911953712,5.520701557082666e-10,2.3496173214127157e-5,2.7931903946683664e-5,0.11111041911953712,-0.11111015598791948
32769,0.25,-0.11111041313413675,6.810327522973079e-10,2.6096604229234652e-5,2.756227385395667e-5,0.11111041313413675,-0.11111015655115132
32770,0.625,-0.11111040575433034,8.063475791360219e-10,2.839625994978955e-5,2.6802961855039547e-5,0.11111040575433034,-0.11111015668429249
32771,1.5625,-0.11111039501206642,8.944261050314009e-10,2.9906957468646002e-5,2.4988470011276622e-5,0.11111039501206642,-0.1111101556972406
32772,3.90625,-0.11111037776551304,8.642000157090034e-10,2.939727905281377e-5,2.0490237603415945e-5,0.11111037776551304,-0.11111015228466355
32773,9.765625,-0.11111035737920176,5.829192610961071e-10,2.4143720945540004e-5,1.0535498661450663e-5,0.11111035737920176,-0.11111014625843595
32774,24.4140625,-0.11111038855902891,1.0970506094540275e-10,1.0474018376220406e-5,1.6844960156331436e-5,0.11111038855902891,-0.11111014577240591
32775,9.765625,-0.11111043610619803,2.3847164445420447e-11,4.8833558589785825e-6,4.014142117411692e-5,0.11111043610619803,-0.11111014796584268
32776,3.90625,-0.11111046587966814,8.846231496311689e-12,2.974261504358971e-6,4.3681619828548876e-5,0.11111046587966814,-0.1111101499911452
32777,1.5625,-0.11111049247658336,3.479415905799561e-11,5.898657394525945e-6,4.311469380901221e-5,0.11111049247658336,-0.11111015179871843
32778,0.625,-0.11111051812110756,9.585675496040867e-11,9.790646299423172e-6,4.208709783105569e-5,0.11111051812110756,-0.11111015349562667
32779,0.25,-0.11111054347262561,1.9054558796466136e-10,1.3803825120764945e-5,4.129910740925549e-5,0.11111054347262561,-0.11111015514612346
32780,0.1,-0.11111056875233126,3.182689486094721e-10,1.7840093850915475e-5,4.077166282402443e-5,0.11111056875233126,-0.11111015677686956
32781,0.1,-0.11111059384291118,4.776002567650323e-10,2.1854067281973674e-5,4.0416400334945465e-5,0.11111059384291118,-0.11111015835895861
32782,0.1,-0.11111061870716867,6.672006132662012e-10,2.5830226736639404e-5,4.002855103185961e-5,0.11111061870716867,-0.11111015988716591
32783,0.1,-0.11111064330793585,8.856430778459399e-10,2.9759756011196395e-5,3.9608110407430944e-5,0.11111064330793585,-0.11111016135648974
32784,0.1,-0.11111066760817805,1.1314175438955684e-9,3.363655071340652e-5,3.9155198115341705e-5,0.11111066760817805,-0.11111016276217382
32785,0.25,-0.11111069064724179,1.3949488562920623e-9,3.734901412744468e-5,3.867435183229848e-5,0.11111069064724179,-0.11111016385220787
32786,0.625,-0.11111071013704472,1.6510945175590932e-9,4.063366236950705e-5,3.7616107235719653e-5,0.11111071013704472,-0.11111016406615881
32787,1.5625,-0.11111072011486173,1.8310848436539855e-9,4.279117717069706e-5,3.5001456945901025e-5,0.11111072011486173,-0.11111016199051742
32788,3.90625,-0.11111070653382041,1.7686111395445267e-9,4.205485869129186e-5,2.8401226228840096e-5,0.11111070653382041,-0.11111015495401022
32789,9.765625,-0.11111064490976066,1.1905302699455725e-9,3.450406164418288e-5,1.3166935870956229e-5,0.11111064490976066,-0.11111014260039025
32790,24.4140625,-0.11111053234395364,2.1698072061206812e-10,1.4730265463054904e-5,2.3341709231901224e-5,0.11111053234395364,-0.11111014182011957
32791,9.765625,-0.11111048877719948,4.0495065073305764e-11,6.363573294408242e-6,5.769550478083945e-5,0.11111048877719948,-0.11111014643875554
32792,3.90625,-0.11111044640474563,1.0550859968909773e-11,3.248208732349227e-6,6.284386485417597e-5,0.11111044640474563,-0.11111015065483848
32793,1.5625,-0.11111040666700893,6.560902940986716e-11,8.099940086807258e-6,6.204973015849687e-5,0.11111040666700893,-0.11111015440317115
32794,0.625,-0.11111036796342041,1.9379112766722988e-10,1.3920888178102355e-5,6.0595231956797924e-5,0.11111036796342041,-0.1111101579191488
32795,0.25,-0.11111032969242911,3.9217396753994946e-10,1.9803382729724473e-5,5.94895688500342e-5,0.11111032969242911,-0.11111016134073533
32796,0.1,-0.1111102916377949,6.596702511839536e-10,2.5684046627896345e-5,5.876072401391233e-5,0.1111102916377949,-0.11111016472474684
32797,0.1,-0.11111025382007605,9.934440942079472e-10,3.151894817737336e-5,5.827971672501362e-5,0.11111025382007605,-0.11111016801122048
32798,0.1,-0.11111021626701086,1.3908173693472098e-9,3.7293663930314084e-5,5.774906300090529e-5,0.11111021626701086,-0.11111017118881367
32799,0.1,-0.11111017900610744,1.8489150127909003e-9,4.299901176528247e-5,5.716897769792686e-5,0.11111017900610744,-0.11111017424666714
32800,0.1,-0.11111014206464824,2.3646759493389513e-9,4.8627933837856524e-5,5.6539813833806744e-5,0.11111014206464824,-0.11111017717445341
32801,0.25,-0.11111010605708543,2.9182055937831643e-9,5.402041830440749e-5,5.5867659316818425e-5,0.11111010605708543,-0.11111017944427068
32802,0.625,-0.11111007252935515,3.4570528167980735e-9,5.879670753365424e-5,5.4351825711507674e-5,0.11111007252935515,-0.11111017988045
32803,1.5625,-0.1111100457919537,3.837464455950348e-9,6.19472715779343e-5,5.056122624573314e-5,0.1111100457919537,-0.11111017551454731
32804,3.90625,-0.11111003773505108,3.7111303949534376e-9,6.091904788285383e-5,4.092363909268316e-5,0.11111003773505108,-0.11111016072233772
32805,9.765625,-0.11111008017027525,2.503525116447209e-9,5.003523874677934e-5,1.823697245888533e-5,0.11111008017027525,-0.11111013468802611
32806,24.4140625,-0.11111024585663522,4.5763348542080887e-10,2.1392369794410548e-5,3.312497938951319e-5,0.11111024585663522,-0.11111013291325426
32807,9.765625,-0.11111035178957097,8.347451995132212e-11,9.1364391286388e-6,8.366278596955997e-5,0.11111035178957097,-0.11111014265829823
32808,3.90625,-0.11111043712311358,1.8729459877538374e-11,4.327754599967329e-6,9.129129538319123e-5,0.11111043712311358,-0.1111101515698307
32809,1.5625,-0.11111051591634125,1.3379254985252137e-10,1.156687295047894e-5,9.02103347818684e-5,0.11111051591634125,-0.11111015949723234
32810,0.625,-0.1111105926231739,4.037310874953487e-10,2.0093060680129065e-5,8.814297781845581e-5,0.1111105926231739,-0.11111016693690491
32811,0.25,-0.1111106687266503,8.225323835174901e-10,2.8679825374598957e-5,8.657186198023207e-5,0.1111106687266503,-0.11111017418101893
32812,0.1,-0.11111074474972334,1.388063280640255e-9,3.7256721281404446e-5,8.554350852462119e-5,0.11111074474972334,-0.11111018135010299
32813,0.1,-0.11111082053884504,2.0945143970990666e-9,4.576586497706633e-5,8.487250168439453e-5,0.11111082053884504,-0.11111018831780448
32814,0.1,-0.11111089600600714,2.9363756407799707e-9,5.4188334914259646e-5,8.412714176719766e-5,0.11111089600600714,-0.1111101950595336
32815,0.1,-0.11111097106173802,3.907703484528413e-9,6.251162679476846e-5,8.33079019780204e-5,0.11111097106173802,-0.11111020155174048
32816,0.1,-0.11111104561536633,5.0021445990717e-9,7.072584109836871e-5,8.241542617048953e-5,0.11111104561536633,-0.11111020777201368
32817,0.25,-0.11111111770713514,6.177803838267959e-9,7.859900659848036e-5,8.145809084149166e-5,0.11111111770713514,-0.11111021260170958
32818,0.625,-0.11111118250488036,7.323912362015184e-9,8.557985955828149e-5,7.926794753384973e-5,0.11111118250488036,-0.11111021354632174
32819,1.5625,-0.11111122704675622,8.136427342080674e-9,9.020214710349569e-5,7.375322045840999e-5,0.11111122704675622,-0.11111020430111618
32820,3.90625,-0.1111112190720795,7.877523800724283e-9,8.875541561349528e-5,5.96778532482818e-5,0.1111112190720795,-0.11111017289189071
32821,9.765625,-0.11111109282618362,5.325832355680182e-9,7.297830058092735e-5,2.623836187071445e-5,0.11111109282618362,-0.1111101174404254
32822,24.4140625,-0.11111084078676985,9.08752923774415e-11,9.53285331773449e-6,4.6247765620264574e-5,0.11111084078676985,-0.11111015250689125
32823,9.765625,-0.11111018779239215,9.630936184566059e-11,9.813733328640053e-6,2.5621687351494787e-5,0.11111018779239215,-0.11111015186238231
32824,3.90625,-0.11110994901448505,1.0908966508981804e-10,1.0444599805153764e-5,1.6998328775211e-5,0.11110994901448505,-0.11111015162127713
32825,1.5625,-0.11110975766504513,1.2504173338682993e-10,1.1182206105542408e-5,1.3402861765108325e-5,0.11110975766504513,-0.11111015157311531
32826,3.90625,-0.11110971929027096,1.2355198799384837e-10,1.1115394189764409e-5,1.1814633595816259e-5,0.11110971929027096,-0.1111101511498759
32827,9.765625,-0.11111003712544663,8.159598917412635e-11,9.033049826837355e-6,8.472678279376517e-6,0.11111003712544663,-0.11111015032498024
32828,24.4140625,-0.11111058937684604,1.4189890867421928e-11,3.7669471548485953e-6,8.199810626519359e-6,0.11111058937684604,-0.11111015028029458
32829,9.765625,-0.11111031583422809,2.840968348728128e-12,1.6855172347763542e-6,1.5512720797623526e-5,0.11111031583422809,-0.11111015060735886
32830,3.90625,-0.11111022270552232,1.411480872766852e-12,1.1880576049867498e-6,1.650841167806423e-5,0.11111022270552232,-0.11111015089450675
32831,1.5625,-0.1111101506758787,5.369517818502003e-12,2.3172220045783276e-6,1.6175952386880904e-5,0.1111101506758787,-0.1111101511487873
32832,0.625,-0.11111008396949269,1.3927268818352148e-11,3.731925618009039e-6,1.5735818010215575e-5,0.11111008396949269,-0.11111015138662249
32833,0.25,-0.11111001885086869,2.6876296421140445e-11,5.18423537478194e-6,1.5406113717713646e-5,0.11111001885086869,-0.11111015161708698
32834,0.1,-0.11110995422039947,4.412579498199393e-11,6.64272496660775e-6,1.5182108186646304e-5,0.11110995422039947,-0.1111101518439221
32835,0.1,-0.11110989175758523,6.545685582902267e-11,8.090541133263132e-6,1.5027628735307077e-5,0.11110989175758523,-0.11111015206330106
32836,0.1,-0.11110983167876183,9.067434095033065e-11,9.522307543359993e-6,1.4867197965854865e-5,0.11110983167876183,-0.11111015227475307
32837,0.1,-0.11110977419042133,1.195745484009947e-10,1.0935014787415456e-5,1.4700071195305944e-5,0.11110977419042133,-0.11111015247780752
32838,0.1,-0.11110971948858439,1.519455050416238e-10,1.2326617745416778e-5,1.4525667789747623e-5,0.11110971948858439,-0.1111101526720035
32839,0.25,-0.11110967543135743,1.8641819594788088e-10,1.3653504896101986e-5,1.4345424837492667e-5,0.11110967543135743,-0.1111101528239105
32840,0.625,-0.11110965947642133,2.1944487340879104e-10,1.4813671840863462e-5,1.396574282156234e-5,0.11110965947642133,-0.1111101528598068
32841,1.5625,-0.11110971437986979,2.414924069557452e-10,1.5540025963805376e-5,1.3049832715727093e-5,0.11110971437986979,-0.11111015259580817
32842,3.90625,-0.11110992832599553,2.3036287842295917e-10,1.5177709920240246e-5,1.0807097880225158e-5,0.11110992832599553,-0.1111101516940888
32843,9.765625,-0.11111038646904171,1.5275621899493773e-10,1.2359458685352597e-5,6.248365804304841e-6,0.11111038646904171,-0.11111015013735936
32844,24.4140625,-0.11111068661376663,2.8550984670190883e-11,5.343312144184624e-6,9.625811696996702e-6,0.11111068661376663,-0.11111015005464978
32845,9.765625,-0.11111050315748632,5.8967392041327415e-12,2.4283202433230964e-6,2.1060061237746507e-5,0.11111050315748632,-0.11111015065571564
32846,3.90625,-0.11111043047711434,2.186602420947771e-12,1.4787164775398193e-6,2.2835629337949335e-5,0.11111043047711434,-0.11111015120750599
32847,1.5625,-0.11111037289268144,9.338604128575667e-12,3.0559129779127655e-6,2.2542458106814858e-5,0.11111037289268144,-0.11111015170095538
32848,0.625,-0.11111031942870028,2.5840350272181577e-11,5.083340463925427e-6,2.2026060905221237e-5,0.11111031942870028,-0.11111015216541108
32849,0.25,-0.11111026729171952,5.132641349314401e-11,7.164245493640207e-6,2.1636891465790196e-5,0.11111026729171952,-0.11111015261816272
32850,0.1,-0.11111021560634554,8.566618808002171e-11,9.255603064091595e-6,2.138269962762723e-5,0.11111021560634554,-0.11111015306634249
32851,0.1,-0.1111101648359601,1.2850013705331705e-10,1.1335790093915688e-5,2.1217130662796264e-5,0.1111101648359601,-0.11111015350214838
32852,0.1,-0.11111011510847191,1.7949133438939085e-10,1.3397437605355394e-5,2.103492193325705e-5,0.11111011510847191,-0.11111015392416236
32853,0.1,-0.11111006654794557,2.382775349484416e-10,1.543624095913385e-5,2.0836005738980243e-5,0.11111006654794557,-0.11111015433101883
32854,0.1,-0.11111001927423754,3.0447238570335587e-10,1.7449137104835753e-5,2.062038884036408e-5,0.11111001927423754,-0.11111015472141138
32855,0.25,-0.11110997683196332,3.754998254766445e-10,1.937781787190303e-5,2.0389853053934705e-5,0.11110997683196332,-0.11111015502744732
32856,0.625,-0.11110994745742203,4.445540293525596e-10,2.1084449941901723e-5,1.98621475365278e-5,0.11110994745742203,-0.11111015509805838
32857,1.5625,-0.11110995192867414,4.929960575298498e-10,2.2203514531034265e-5,1.8535649937671913e-5,0.11110995192867414,-0.11111015455238145
32858,3.90625,-0.11111003545817799,4.758698317694587e-10,2.181444089976772e-5,1.5184614940027922e-5,0.11111003545817799,-0.11111015267218677
32859,9.765625,-0.1111102542222537,3.2002166901727613e-10,1.788914947719081e-5,7.756397392293619e-6,0.1111102542222537,-0.11111014936665688
32860,24.4140625,-0.11111046870634672,5.870564481451057e-11,7.661960898785022e-6,1.2859296239614392e-5,0.11111046870634672,-0.11111014917272806
32861,9.765625,-0.11111042259080353,1.0984311723218153e-11,3.314258849760856e-6,3.0358280444925447e-5,0.11111042259080353,-0.11111015044067953
32862,3.90625,-0.11111042362905042,2.920655921608466e-12,1.708992662830495e-6,3.3052627827632664e-5,0.11111042362905042,-0.11111015160300793
32863,1.5625,-0.1111104292538845,1.796575222459477e-11,4.238602626408233e-6,3.2676848352258265e-5,0.1111104292538845,-0.1111101526409382
32864,0.625,-0.11111043594083148,5.298211010219813e-11,7.278881102353447e-6,3.195823253115881e-5,0.11111043594083148,-0.11111015361796335
32865,0.25,-0.11111044295044234,1.0724568795865427e-10,1.0355949399193405e-5,3.1418817467368174e-5,0.11111044295044234,-0.11111015457140663
32866,0.1,-0.11111045007731117,1.805255983881867e-10,1.3435981482131729e-5,3.1073203097315975e-5,0.11111045007731117,-0.11111015551662051
32867,0.1,-0.11111045754726634,2.721098433426068e-10,1.6495752281802936e-5,3.0854599168962966e-5,0.11111045754726634,-0.11111015643705385
32868,0.1,-0.11111046539182003,3.813236823879347e-10,1.9527510911223035e-5,3.0608847707309454e-5,0.11111046539182003,-0.11111015732944445
32869,0.1,-0.11111047364021563,5.074332677511401e-10,2.252627949198758e-5,3.0336135587319677e-5,0.11111047364021563,-0.11111015819065972
32870,0.1,-0.11111048231931352,6.496486682560255e-10,2.5488206454280487e-5,3.0036708493582777e-5,0.11111048231931352,-0.11111015901771029
32871,0.25,-0.1111104925623958,8.025627480703496e-10,2.8329538437298084e-5,2.971304268869509e-5,0.1111104925623958,-0.11111015966515078
32872,0.625,-0.1111105068585906,9.518131605607776e-10,3.085146934200667e-5,2.894734504634183e-5,0.1111105068585906,-0.11111015980841625
32873,1.5625,-0.11111053111319988,1.0579054443209244e-9,3.2525458402932994e-5,2.699182528106861e-5,0.11111053111319988,-0.111110158626674
32874,3.90625,-0.1111105761998595,1.024929960187881e-9,3.201452733038364e-5,2.1989372463257183e-5,0.1111105761998595,-0.11111015455891246
32875,9.765625,-0.11111064306704606,6.940470576361093e-10,2.634477287121886e-5,1.0386478182855729e-5,0.11111064306704606,-0.11111014734879415
32876,24.4140625,-0.1111106187496967,1.2921713773044472e-10,1.1367371628060935e-5,1.7801466132351133e-5,0.1111106187496967,-0.11111014678659317
32877,9.765625,-0.11111052208114645,2.4078834139904183e-11,4.90701886484087e-6,4.4398105880171476e-5,0.11111052208114645,-0.11111014951373799
32878,3.90625,-0.11111045977262557,5.0601755053091765e-12,2.2494833863154396e-6,4.8545014263646955e-5,0.11111045977262557,-0.11111015203126741
32879,1.5625,-0.11111040419758143,3.636811046194799e-11,6.0305978527794395e-6,4.806384361330177e-5,0.11111040419758143,-0.11111015428190528
32880,0.625,-0.11111035072252472,1.1118149904976376e-10,1.0544263798377e-5,4.703916405324428e-5,0.11111035072252472,-0.11111015640068211
32881,0.25,-0.11111029799500205,2.2794415366654217e-10,1.5097819500396147e-5,4.626394291827818e-5,0.11111029799500205,-0.11111015846851899
32882,0.1,-0.11111024556591892,3.861819164979095e-10,1.9651511812018675e-5,4.576863386495664e-5,0.11111024556591892,-0.11111016051902099
32883,0.1,-0.11111019359426277,5.84400388107959e-10,2.417437461668779e-5,4.5458077359256856e-5,0.11111019359426277,-0.1111101625168792
32884,0.1,-0.11111014214271253,8.211736670531988e-10,2.865612791451767e-5,4.5106634883518586e-5,0.11111014214271253,-0.111110164454879
32885,0.1,-0.11111009127265055,1.0949444451240624e-9,3.308994477366292e-5,4.471461955990988e-5,0.11111009127265055,-0.11111016632608689
32886,0.1,-0.11111004104405037,1.4040305878079165e-9,3.7470396152268215e-5,4.4282420460380374e-5,0.11111004104405037,-0.11111016812388012
32887,0.25,-0.11110999306026008,1.7368188427448427e-9,4.1675158580920154e-5,4.3813476171172264e-5,0.11110999306026008,-0.11111016953309828
32888,0.625,-0.1111099511465355,2.062374789118647e-9,4.5413376764106046e-5,4.2690516829837377e-5,0.1111099511465355,-0.11111016984885737
32889,1.5625,-0.11110992529882135,2.29547809580109e-9,4.791114792823368e-5,3.9805107563652486e-5,0.11110992529882135,-0.11111016728522911
32890,3.90625,-0.11110993940114136,2.2286627568024274e-9,4.7208714839555075e-5,3.238780014226071e-5,0.11110993940114136,-0.11111015843008172
32891,9.765625,-0.11111003780131305,1.5160870571849778e-9,3.893696260861879e-5,1.4862375985363008e-5,0.11111003780131305,-0.11111014263991673
32892,24.4140625,-0.11111024315327503,2.8713645183766725e-10,1.6945101116183028e-5,2.546203401065929e-5,0.11111024315327503,-0.11111014115533857
32893,9.765625,-0.11111032534902447,5.448060800168051e-11,7.381098021411212e-6,6.535921359955874e-5,0.11111032534902447,-0.11111014707139012
32894,3.90625,-0.11111040237875594,1.0326424475534394e-11,3.2134754512107907e-6,7.166745905416744e-5,0.11111040237875594,-0.11111015256995428
32895,1.5625,-0.11111047506228787,7.639166355882677e-11,8.740232465948876e-6,7.103190924158472e-5,0.11111047506228787,-0.11111015749313294
32896,0.625,-0.11111054621283979,2.3771211991600263e-10,1.5417915550294166e-5,6.955145949451492e-5,0.11111054621283979,-0.11111016212922223
32897,0.25,-0.11111061689225969,4.908848375521077e-10,2.2155921049509716e-5,6.842298912568415e-5,0.11111061689225969,-0.1111101666540593
32898,0.1,-0.1111106874900248,8.348944736746362e-10,2.8894540551367764e-5,6.770147707711826e-5,0.1111106874900248,-0.1111101711412367
32899,0.1,-0.11111075796900578,1.2665413015830842e-9,3.558849956914571e-5,6.725016219973165e-5,0.11111075796900578,-0.11111017551456413
32900,0.1,-0.11111082826781521,1.7827576425526409e-9,4.222271477004577e-5,6.673782508647722e-5,0.11111082826781521,-0.11111017975813364
32901,0.1,-0.1111108983236737,2.3801859478639212e-9,4.878714941317971e-5,6.616495190465948e-5,0.1111108983236737,-0.11111018385665235
32902,0.1,-0.1111109680725431,3.0551931103984017e-9,5.527380130222999e-5,6.553213314332693e-5,0.1111109680725431,-0.11111018779550264
32903,0.25,-0.11111103629295879,3.782629356043112e-9,6.150308411814088e-5,6.484430636702949e-5,0.11111103629295879,-0.1111101908877573
32904,0.625,-0.11111109987461715,4.495392743554612e-9,6.704769006874593e-5,6.318943590156264e-5,0.11111109987461715,-0.11111019159469089
32905,1.5625,-0.11111115021958061,5.008408670716265e-9,7.077011142224001e-5,5.8926634660658105e-5,0.11111115021958061,-0.11111018601254959
32906,3.90625,-0.11111116456528801,4.87030009314707e-9,6.978753537091756e-5,4.7942487473653914e-5,0.11111116456528801,-0.11111016665690196
32907,9.765625,-0.1111110884544111,3.3248030248331085e-9,5.7661104956748e-5,2.1730994952452936e-5,0.1111110884544111,-0.11111013197711621
32908,24.4140625,-0.11111082351528496,6.377444850126669e-10,2.5253603406497593e-5,3.691678685893414e-5,0.11111082351528496,-0.11111012831064297
32909,9.765625,-0.11111066158352259,1.2210758008648326e-10,1.1050229865775791e-5,9.660208720686569e-5,0.11111066158352259,-0.11111014124562726
32910,3.90625,-0.111110528510601,2.0653721936312958e-11,4.544636612130057e-6,0.00010614622456895234,0.111110528510601,-0.11111015333029946
32911,1.5625,-0.11111040525285136,1.6147230273994313e-10,1.27071752462907e-5,0.00010529145509206125,0.11111040525285136,-0.11111016416343596
32912,0.625,-0.11111028552304288,5.115877738866493e-10,2.2618306167497363e-5,0.00010313751902669967,0.11111028552304288,-0.11111017436696927
32913,0.25,-0.11111016722285166,1.0634939057819185e-9,3.2611254281028786e-5,0.0001014851405968715,0.11111016722285166,-0.11111018432552114
32914,0.1,-0.11111004962210595,1.814967730648592e-9,4.260243808338429e-5,0.00010042737236323,0.11111004962210595,-0.1111101942011
32915,0.1,-0.111109932816791,2.7590840296547347e-9,5.2526983824075936e-5,9.976637170443085e-5,0.111109932816791,-0.11111020382848644
32916,0.1,-0.11110981689606779,3.889178549503497e-9,6.236327885465531e-5,9.901480743804596e-5,0.11110981689606779,-0.11111021317264376
32917,0.1,-0.11110970194715038,5.19795086828977e-9,7.209681593725045e-5,9.817338713025934e-5,0.11110970194715038,-0.11111022219987286
32918,0.1,-0.11110958805526612,6.677495372382845e-9,8.171594319582223e-5,9.724297053753096e-5,0.11110958805526612,-0.11111023087794354
32919,0.25,-0.11110947730087779,8.273089621063876e-9,9.095652599491626e-5,9.623068206696852e-5,0.11110947730087779,-0.11111023770360028
32920,0.625,-0.1111093748081575,9.838571379011184e-9,9.918957293491682e-5,9.378823263289849e-5,0.1111093748081575,-0.1111102393053413
32921,1.5625,-0.11110929448301662,1.0970463033584731e-8,0.00010473997820118511,8.748691503459945e-5,0.11110929448301662,-0.11111022711971592
32922,3.90625,-0.11110927268246291,1.068326080010208e-8,0.00010335986068151446,7.122700186748265e-5,0.11110927268246291,-0.11111018467573686
32923,9.765625,-0.11110939682693911,7.3183700363478764e-9,8.554747241355455e-5,3.221903694599736e-5,0.11110939682693911,-0.11111010826714023
32924,24.4140625,-0.11110998313906484,1.1817632347420846e-10,1.0870893407361165e-5,5.269592521219208e-5,0.11110998313906484,-0.11111015507969887
32925,9.765625,-0.1111107179322134,1.2538211984171673e-10,1.119741576622556e-5,2.9004347550845514e-5,0.1111107179322134,-0.11111015422463066
32926,3.90625,-0.11111099258401994,1.42179303798179e-10,1.1923896334595458e-5,1.906588101452041e-5,0.11111099258401994,-0.11111015389614783
32927,1.5625,-0.11111121323441436,1.6313597068880553e-10,1.2772469247909956e-5,1.490637823103491e-5,0.11111121323441436,-0.11111015382018274
32928,3.90625,-0.1111112642668023,1.6163587154509106e-10,1.2713609697685825e-5,1.308001673694527e-5,0.1111112642668023,-0.11111015325413287
32929,9.765625,-0.11111091755480418,1.0767687959272596e-10,1.0376747062192754e-5,9.130083345121109e-6,0.11111091755480418,-0.11111015215248171
32930,24.4140625,-0.11111029901775048,1.9062124207168006e-11,4.366019263261215e-6,8.81450666223777e-6,0.11111029901775048,-0.11111015206486792
32931,9.765625,-0.1111106077990774,3.767422724873504e-12,1.9409849883174018e-6,1.7624579461911938e-5,0.1111106077990774,-0.11111015248915876
32932,3.90625,-0.11111071357137245,1.6003112322512272e-12,1.2650340834346035e-6,1.8894790954645627e-5,0.11111071357137245,-0.11111015286635358
32933,1.5625,-0.11111079573306072,6.663135656439193e-12,2.5813050297164015e-6,1.8572684335401143e-5,0.11111079573306072,-0.11111015320153568
32934,0.625,-0.11111087194677322,1.7924836482322583e-11,4.233773314942899e-6,1.8103419392473806e-5,0.11111087194677322,-0.11111015351585302
32935,0.25,-0.11111094639598182,3.5125910121432457e-11,5.926711577378509e-6,1.7752140493134608e-5,0.11111094639598182,-0.11111015382125647
32936,0.1,-0.11111102031208143,5.816368405771393e-11,7.626511919463178e-6,1.7518089401425713e-5,0.11111102031208143,-0.11111015412267311
32937,0.1,-0.11111109178906665,8.676855741317736e-11,9.31496416596314e-6,1.736106508107254e-5,0.11111109178906665,-0.11111015441495539
32938,0.1,-0.11111116058267088,1.2069732829892742e-10,1.0986233581119939e-5,1.7194193485572353e-5,0.11111116058267088,-0.11111015469732931
32939,0.1,-0.11111122645956743,1.596928055789077e-10,1.26369618808837e-5,1.7016951496350244e-5,0.11111122645956743,-0.11111015496903602
32940,0.1,-0.11111128919808756,2.0348441664868493e-10,1.4264796411049297e-5,1.6828951161353085e-5,0.11111128919808756,-0.11111015522934067
32941,0.25,-0.11111133990928011,2.5027537136226813e-10,1.582009391129737e-5,1.6631762748268284e-5,0.11111133990928011,-0.11111015543318654
32942,0.625,-0.11111135884481264,2.9537499152107294e-10,1.7186476995622835e-5,1.6198030038176e-5,0.11111135884481264,-0.11111015548080538
32943,1.5625,-0.11111129762018322,3.261099352770006e-10,1.805851420457953e-5,1.5128393855536568e-5,0.11111129762018322,-0.11111015512225694
32944,3.90625,-0.11111105631213929,3.1270569936633247e-10,1.7683486629234985e-5,1.2467540427625586e-5,0.11111105631213929,-0.11111015389284667
32945,9.765625,-0.11111053749293481,2.093663198410784e-10,1.4469496184770166e-5,6.811598635017525e-6,0.11111053749293481,-0.11111015174418751
32946,24.4140625,-0.11111019101899616,3.964192266602274e-11,6.2961831823750765e-6,1.064823082022793e-5,0.11111019101899616,-0.11111015158427767
32947,9.765625,-0.1111103930031465,7.679425935882026e-12,2.771177716401824e-6,2.4589601899680922e-5,0.1111103930031465,-0.11111015241395525
32948,3.90625,-0.11111047174435422,1.950868959851064e-12,1.3967351072594488e-6,2.6811607080299145e-5,0.11111047174435422,-0.11111015318053397
32949,1.5625,-0.11111053371892325,1.1343383457131826e-11,3.3679939811602733e-6,2.6524482713600932e-5,0.11111053371892325,-0.11111015386647705
32950,0.625,-0.11111059114305322,3.376431355097654e-11,5.810706803046987e-6,2.5945977022977225e-5,0.11111059114305322,-0.11111015451206492
32951,0.25,-0.11111064712390167,6.871858350405173e-11,8.289667273422482e-6,2.5505910015853224e-5,0.11111064712390167,-0.11111015514150953
32952,0.1,-0.11111070263554056,1.1604077337208383e-10,1.0772222304245482e-5,2.5220048458403874e-5,0.11111070263554056,-0.11111015576490872
32953,0.1,-0.11111075716391934,1.7526068310264674e-10,1.3238605783942912e-5,2.5036292948947275e-5,0.11111075716391934,-0.11111015637174115
32954,0.1,-0.111110810565435,2.4593225593699185e-10,1.5682227390807464e-5,2.483195965672799e-5,0.111110810565435,-0.11111015695996006
32955,0.1,-0.11111086270050934,3.2757256298856547e-10,1.8098965798867223e-5,2.460703015329476e-5,0.11111086270050934,-0.11111015752759298
32956,0.1,-0.11111091343401243,4.1966352104149845e-10,2.048569064106696e-5,2.4361560060019197e-5,0.11111091343401243,-0.11111015807275212
32957,0.25,-0.11111095881279899,5.187042036502542e-10,2.2775078565182915e-5,2.4097456587920633e-5,0.11111095881279899,-0.11111015850144554
32958,0.625,-0.1111109896419523,6.15400294950493e-10,2.4807262947582367e-5,2.3481163160969172e-5,0.1111109896419523,-0.1111101586037296
32959,1.5625,-0.11111098271976205,6.842126244975226e-10,2.6157458295819237e-5,2.1916649999018102e-5,0.11111098271976205,-0.11111015784846083
32960,3.90625,-0.11111088761223753,6.632303087911493e-10,2.5753258216993617e-5,1.7932615967147328e-5,0.11111088761223753,-0.1111101552245108
32961,9.765625,-0.11111064226726104,4.502649082430882e-10,2.121944646410665e-5,8.8459407612662e-6,0.11111064226726104,-0.11111015055344718
32962,24.4140625,-0.11111040669461225,8.5423206624638e-11,9.242467561459872e-6,1.4522749440641601e-5,0.11111040669461225,-0.11111015013634479
32963,9.765625,-0.11111046145908654,1.6239517997884518e-11,4.029828532069884e-6,3.587225155402828e-5,0.11111046145908654,-0.11111015191181421
32964,3.90625,-0.11111046272839588,3.2017357522749345e-12,1.7893394737374276e-6,3.927595204609405e-5,0.11111046272839588,-0.1111101535616311
32965,1.5625,-0.11111045875595221,2.2952357678659386e-11,4.790861893089738e-6,3.892041797374316e-5,0.11111045875595221,-0.11111015503980105
32966,0.625,-0.11111045360057953,7.103044322340816e-11,8.427956052531846e-6,3.8110104943419554e-5,0.11111045360057953,-0.11111015643228529
32967,0.25,-0.11111044813086307,1.4641465829533466e-10,1.2100192490011663e-5,3.7492815995486085e-5,0.11111044813086307,-0.11111015779143088
32968,0.1,-0.11111044259283546,2.48794627552701e-10,1.5773225020670343e-5,3.7097458804595635e-5,0.11111044259283546,-0.1111101591391391
32969,0.1,-0.11111043672972465,3.7721162772335706e-10,1.9421936765507117e-5,3.684936903019133e-5,0.11111043672972465,-0.11111016045273008
32970,0.1,-0.11111043050117408,5.307475280795789e-10,2.303795841821881e-5,3.656855422391699e-5,0.11111043050117408,-0.11111016172751101
32971,0.1,-0.11111042386894576,7.083991594593816e-10,2.6615768999962814e-5,3.625523003263549e-5,0.11111042386894576,-0.11111016295896821
32972,0.1,-0.11111041679706522,9.090824513476656e-10,3.0150994201645585e-5,3.590967887854597e-5,0.11111041679706522,-0.11111016414278489
32973,0.25,-0.11111040793527598,1.125321923177539e-9,3.35458182666266e-5,3.553455685012463e-5,0.11111040793527598,-0.11111016507465468
32974,0.625,-0.11111039428475718,1.337183081863921e-9,3.6567514023569075e-5,3.46352626053283e-5,0.11111039428475718,-0.11111016529702321
32975,1.5625,-0.11111036866171763,1.4896987839653023e-9,3.8596616224292284e-5,3.2323256705352445e-5,0.11111036866171763,-0.11111016364903276
32976,3.90625,-0.1111103175446541,1.4488303313261315e-9,3.806350392864708e-5,2.6380481274154703e-5,0.1111103175446541,-0.11111015790406474
32977,9.765625,-0.11111023790431947,9.899455159041074e-10,3.146339962407285e-5,1.2389810540309397e-5,0.11111023790431947,-0.11111014759221757
32978,24.4140625,-0.11111026002555097,1.9102930940392234e-10,1.3821335297427754e-5,2.048523408289508e-5,0.11111026002555097,-0.11111014647894635
32979,9.765625,-0.11111037432213304,3.6867976497510835e-11,6.071900567162709e-6,5.2893148628963056e-5,0.11111037432213304,-0.11111015034728519
32980,3.90625,-0.11111044814063939,6.182892618942116e-12,2.486542301860581e-6,5.8124721701104614e-5,0.11111044814063939,-0.11111015397047465
32981,1.5625,-0.11111051399154985,4.778791036498778e-11,6.912880034037028e-6,5.7676816043825316e-5,0.11111051399154985,-0.11111015722241815
32982,0.625,-0.1111105774566113,1.5186077632941828e-10,1.2323180447003862e-5,5.651342899212846e-5,0.1111105774566113,-0.11111016028714303
32983,0.25,-0.11111064017678415,3.1617557124791874e-10,1.778132647605118e-5,5.5619924603519504e-5,0.11111064017678415,-0.11111016327911202
32984,0.1,-0.11111070270112362,5.400850898142369e-10,2.3239730846424123e-5,5.50489387085902e-5,0.11111070270112362,-0.11111016624666065
32985,0.1,-0.11111076481644276,8.215480513237174e-10,2.8662659529843307e-5,5.469348242785201e-5,0.11111076481644276,-0.11111016914064982
32986,0.1,-0.11111082643762872,1.158597293429108e-9,3.403817406132573e-5,5.4288667017415144e-5,0.11111082643762872,-0.11111017195060091
32987,0.1,-0.11111088748000147,1.549074717110107e-9,3.935828651135752e-5,5.383484691477137e-5,0.11111088748000147,-0.11111017466642582
32988,0.1,-0.11111094785952413,1.990640361671609e-9,4.461659289627133e-5,5.333246531241841e-5,0.11111094785952413,-0.11111017727846895
32989,0.25,-0.11111100548011406,2.467021047191433e-9,4.9669115627232915e-5,5.278523142333213e-5,0.11111100548011406,-0.11111017933833074
32990,0.625,-0.1111110553121451,2.9347056176472572e-9,5.417292328873583e-5,5.1458956174091586e-5,0.1111110553121451,-0.11111017983977928
32991,1.5625,-0.11111108419183872,3.273515041232593e-9,5.72146400952815e-5,4.803120640423743e-5,0.11111108419183872,-0.1111101762257642
32992,3.90625,-0.1111110608415954,3.189741478649213e-9,5.647779633315391e-5,3.9186498499570345e-5,0.1111110608415954,-0.11111016357162079
32993,9.765625,-0.11111092922332512,2.1883733159270974e-9,4.6780052543013434e-5,1.808927059534554e-5,0.11111092922332512,-0.11111014073209381
32994,24.4140625,-0.11111067482098688,4.2887902250307066e-10,2.070939454699414e-5,2.9636710195630836e-5,0.11111067482098688,-0.11111013794005827
32995,9.765625,-0.11111058166871973,8.422436685939151e-11,9.177383442974992e-6,7.839718755433638e-5,0.11111058166871973,-0.11111014644038215
32996,3.90625,-0.11111049132725379,1.2895424365915875e-11,3.5910199617818714e-6,8.636711381599504e-5,0.11111049132725379,-0.11111015445426141
32997,1.5625,-0.11111040607243693,1.016597363735269e-10,1.0082645306343316e-5,8.578522032371587e-5,0.11111040607243693,-0.11111016165848467
32998,0.625,-0.11111032285296105,3.287192593912626e-10,1.8130616630199387e-5,8.409432750202071e-5,0.11111032285296105,-0.11111016845039799
32999,0.25,-0.11111024049901655,6.891386496456846e-10,2.6251450429370272e-5,8.278578664299205e-5,0.11111024049901655,-0.11111017508153684
33000,0.1,-0.1111101585863327,1.1815028098713933e-9,3.4372995357858956e-5,8.1948833158563e-5,0.1111101585863327,-0.1111101816589055
33001,0.1,-0.11111007711600956,1.801377832393667e-9,4.24426416754856e-5,8.142886990263703e-5,0.11111007711600956,-0.11111018807521901
33002,0.1,-0.11110999613837762,2.544472420013294e-9,5.044276380228679e-5,8.08350704813578e-5,0.11110999613837762,-0.1111101943071581
33003,0.1,-0.11110991570320332,3.40607156522512e-9,5.836155896842647e-5,8.016799042031806e-5,0.11110991570320332,-0.11111020033226712
33004,0.1,-0.11110983585970641,4.381056507718978e-9,6.618954983771213e-5,7.942830840157031e-5,0.11110983585970641,-0.11111020612904114
33005,0.25,-0.11110975767207772,5.43378585948728e-9,7.371421748541647e-5,7.862139534420069e-5,0.11110975767207772,-0.11111021070916605
33006,0.625,-0.11110968385334744,6.468835294807149e-9,8.04290699610977e-5,7.665769030656715e-5,0.11110968385334744,-0.11111021185169331
33007,1.5625,-0.11110962204582624,7.222371119161147e-9,8.498453458813049e-5,7.157168044540633e-5,0.11110962204582624,-0.11111020390549826
33008,3.90625,-0.11110959377019701,7.048499399524732e-9,8.395534169738536e-5,5.8423550045090536e-5,0.11110959377019701,-0.11111017594936774
33009,9.765625,-0.11110965936155207,4.85321449304093e-9,6.966501627819325e-5,2.6842311837267822e-5,0.11110965936155207,-0.11111012523863378
33010,24.4140625,-0.11111021475181457,7.593874881712071e-11,8.714284182715222e-6,4.2361916141185785e-5,0.11111021475181457,-0.11111015589538036
33011,9.765625,-0.11111063873341036,8.109095646988443e-11,9.005051719445281e-6,2.3254733211910354e-5,0.11111063873341036,-0.1111101553336261
33012,3.90625,-0.1111107886284241,9.171307803152205e-11,9.576694525331904e-6,1.533203766377602e-5,0.1111107886284241,-0.11111015512298887
33013,1.5625,-0.11111090876842343,1.0488717390183909e-10,1.0241443936371427e-5,1.2070964286050224e-5,0.11111090876842343,-0.11111015507742186
33014,3.90625,-0.11111093020691656,1.0392764089120379e-10,1.0194490712693979e-5,1.0661102205741315e-5,0.11111093020691656,-0.11111015471871143
33015,9.765625,-0.1111107245503172,6.994236730046503e-11,8.363155343556941e-6,7.665807177408877e-6,0.1111107245503172,-0.11111015401079909
33016,24.4140625,-0.11111038158829471,1.2634064050816848e-11,3.5544428608175497e-6,7.482967607155411e-6,0.11111038158829471,-0.11111015395138188
33017,9.765625,-0.11111055225304024,2.599847064805533e-12,1.6124041257716792e-6,1.440484221914899e-5,0.11111055225304024,-0.11111015423060093
33018,3.90625,-0.11111060434238604,9.711602298583498e-13,9.854746216206431e-7,1.548464348635585e-5,0.11111060434238604,-0.11111015448442516
33019,1.5625,-0.11111064351054525,4.0516240283864536e-12,2.012864632404885e-6,1.5264493371088868e-5,0.11111064351054525,-0.11111015471178491
33020,0.625,-0.11111067949693305,1.1168510446718843e-11,3.341932142745996e-6,1.4909319374494943e-5,0.11111067949693305,-0.1111101549257164
33021,0.25,-0.1111107145542134,2.2152601524526534e-11,4.70665502501793e-6,1.46398716595611e-5,0.1111107145542134,-0.11111015513387061
33022,0.1,-0.11111074933593688,3.693868727818544e-11,6.077720565984047e-6,1.4459915456227993e-5,0.11111074933593688,-0.1111101553394542
33023,0.1,-0.11111078274313235,5.5361556670649745e-11,7.4405347032756825e-6,1.4339391025767515e-5,0.11111078274313235,-0.11111015553921107
33024,0.1,-0.11111081464245785,7.726957763649267e-11,8.790311577896012e-6,1.4210907361995738e-5,0.11111081464245785,-0.11111015573262542
33025,0.1,-0.11111084490696645,1.0250182813361047e-10,1.0124318650339413e-5,1.4074068982347115e-5,0.11111084490696645,-0.11111015591919059
33026,0.1,-0.11111087341650779,1.3088845291637954e-10,1.1440649147508175e-5,1.3928585174965688e-5,0.11111087341650779,-0.11111015609841553
33027,0.25,-0.11111089519323807,1.6130703706781198e-10,1.270067073298934e-5,1.3775612530801238e-5,0.11111089519323807,-0.11111015624121001
33028,0.625,-0.11111089923154616,1.9081064471227566e-10,1.3813422628453662e-5,1.343679581205298e-5,0.11111089923154616,-0.11111015628288333
33029,1.5625,-0.11111085871618957,2.113818858986543e-10,1.4538978158682758e-5,1.2598456890784865e-5,0.11111085871618957,-0.1111101560604997
33030,3.90625,-0.11111071908287122,2.039125189754492e-10,1.4279794080288736e-5,1.0512984555940228e-5,0.11111071908287122,-0.11111015526687541
33031,9.765625,-0.11111043230173044,1.3792286883017524e-10,1.1744056745016827e-5,6.133096096547299e-6,0.11111043230173044,-0.11111015385366128
33032,24.4140625,-0.11111027228419006,2.6698564002365847e-11,5.167065318182638e-6,8.862204445755914e-6,0.11111027228419006,-0.11111015372611538
33033,9.765625,-0.11111039818061026,5.459172313619401e-12,2.336487173861522e-6,2.0111874645875347e-5,0.11111039818061026,-0.11111015427537743
33034,3.90625,-0.11111045231124328,1.4094641380826012e-12,1.1872085486899938e-6,2.1958165823762303e-5,0.11111045231124328,-0.1111101547891452
33035,1.5625,-0.11111049643296826,7.338874877915739e-12,2.7090357838012658e-6,2.175771534435461e-5,0.11111049643296826,-0.11111015525134496
33036,0.625,-0.11111053779749808,2.18725923423944e-11,4.676814336959978e-6,2.13087369441314e-5,0.11111053779749808,-0.11111015568741796
33037,0.25,-0.11111057828123867,4.468846406467067e-11,6.684943086120529e-6,2.0964800667730024e-5,0.11111057828123867,-0.11111015611306589
33038,0.1,-0.11111061847768909,7.568300093105402e-11,8.699597745358921e-6,2.0742012083478328e-5,0.11111061847768909,-0.11111015653490082
33039,0.1,-0.11111065808796562,1.1455703997997926e-10,1.0703132250887087e-5,2.059992217720637e-5,0.11111065808796562,-0.11111015694605464
33040,0.1,-0.1111106970245891,1.6102517252547684e-10,1.2689569438143945e-5,2.0440968514679423e-5,0.1111106970245891,-0.11111015734515141
33041,0.1,-0.11111073520233321,2.1477717925663435e-10,1.4655278204682242e-5,2.0265167589092448e-5,0.11111073520233321,-0.11111015773086468
33042,0.1,-0.1111107725384785,2.754791566898624e-10,1.6597564781914918e-5,2.007259159221281e-5,0.1111107725384785,-0.11111015810192335
33043,0.25,-0.11111080665795225,3.4085600190313845e-10,1.846228593384737e-5,1.9864679547015137e-5,0.11111080665795225,-0.11111015839649385
33044,0.625,-0.11111083201509686,4.0485050137591275e-10,2.0120897131487768e-5,1.9374205556531785e-5,0.11111083201509686,-0.11111015847617937
33045,1.5625,-0.11111083455009604,4.507816077688508e-10,2.123161811470927e-5,1.8123576072267795e-5,0.11111083455009604,-0.1111101579900995
33046,3.90625,-0.11111078331103678,4.380639298780293e-10,2.0929976824593698e-5,1.4938693889333396e-5,0.11111078331103678,-0.11111015626645389
33047,9.765625,-0.11111063753856125,2.9905632839516036e-10,1.7293245166687494e-5,7.762722515016846e-6,0.11111063753856125,-0.11111015316721881
33048,24.4140625,-0.11111047709450442,5.795129348110758e-11,7.61257469461598e-6,1.1947313852872222e-5,0.11111047709450442,-0.11111015284322992
33049,9.765625,-0.1111104880737605,1.1380413705130888e-11,3.373486876383379e-6,2.9328087114510773e-5,0.1111104880737605,-0.11111015402426254
33050,3.90625,-0.1111104718836769,2.1396998327024972e-12,1.4627712851647372e-6,3.2173871763586434e-5,0.1111104718836769,-0.1111101551322036
33051,1.5625,-0.11111045398755372,1.4742700134647672e-11,3.839622394799737e-6,3.192587776358475e-5,0.11111045398755372,-0.11111015612842012
33052,0.625,-0.11111043585642293,4.621996772141951e-11,6.798526878774512e-6,3.1289059092978074e-5,0.11111043585642293,-0.11111015706824388
33053,0.25,-0.11111041770317633,9.589702140788724e-11,9.792702456824022e-6,3.080038662539542e-5,0.11111041770317633,-0.11111015798614006
33054,0.1,-0.11111039956913876,1.635765556897996e-10,1.2789705066568173e-5,3.048813083725153e-5,0.11111039956913876,-0.11111015889666274
33055,0.1,-0.11111038131566164,2.4864057428507117e-10,1.57683408856186e-5,3.0293698355323507e-5,0.11111038131566164,-0.11111015978492036
33056,0.1,-0.11111036293279652,3.5049398896297963e-10,1.8721484689067255e-5,3.0072478427514015e-5,0.11111036293279652,-0.11111016064775596
33057,0.1,-0.1111103444117582,4.684844017136947e-10,2.164450049582329e-5,2.982465469673181e-5,0.1111103444117582,-0.11111016148212918
33058,0.1,-0.1111103257449989,6.019048068281738e-10,2.4533748324057082e-5,2.9550463469720772e-5,0.1111103257449989,-0.11111016228512972
33059,0.25,-0.1111103064396136,7.458424831446734e-10,2.731011686435401e-5,2.92519136787196e-5,0.1111103064396136,-0.11111016292121337
33060,0.625,-0.111110285479281,8.871638383624257e-10,2.978529567357735e-5,2.8528812115702488e-5,0.111110285479281,-0.11111016308625035
33061,1.5625,-0.11111026066232074,9.895946797189063e-10,3.145782382363577e-5,2.6661654045342338e-5,0.11111026066232074,-0.11111016200728664
33062,3.90625,-0.11111022922995224,9.644732176707148e-10,3.105596911498198e-5,2.1857097205072236e-5,0.11111022922995224,-0.11111015819480535
33063,9.765625,-0.11111020108819372,6.62264847047427e-10,2.5734506932277275e-5,1.0605740318583119e-5,0.11111020108819372,-0.1111101512963771
33064,24.4140625,-0.11111026993752085,1.3052161613247668e-10,1.14246057320363e-5,1.6702377422280522e-5,0.11111026993752085,-0.11111015044128678
33065,9.765625,-0.11111036401936454,2.5930941106944128e-11,5.0922432293581706e-6,4.330441271458534e-5,0.11111036401936454,-0.11111015302561006
33066,3.90625,-0.1111104302856177,4.07129918915685e-12,2.01774606656954e-6,4.769991285235508e-5,0.1111104302856177,-0.11111015546866818
33067,1.5625,-0.11111049034078196,3.070794278726898e-11,5.541474784501773e-6,4.739530607230122e-5,0.11111049034078196,-0.11111015766826472
33068,0.625,-0.11111054846752161,9.92503598228466e-11,9.962447481560272e-6,4.6476800813334624e-5,0.11111054846752161,-0.11111015974361632
33069,0.25,-0.11111060597513935,2.0821405220902157e-10,1.4429624118771132e-5,4.576544085594239e-5,0.11111060597513935,-0.11111016177064328
33070,0.1,-0.11111066330842778,3.571818952173458e-10,1.889925647260616e-5,4.531156540341375e-5,0.11111066330842778,-0.11111016378171672
33071,0.1,-0.11111072032507646,5.448264963075377e-10,2.3341518723243733e-5,4.503098324966095e-5,0.11111072032507646,-0.11111016574440262
33072,0.1,-0.11111077695783395,7.698617147111346e-10,2.7746382011194445e-5,4.4709855222235655e-5,0.11111077695783395,-0.11111016765161455
33073,0.1,-0.11111083313966243,1.0308722722622093e-9,3.2107199695118375e-5,4.434847611899233e-5,0.11111083313966243,-0.11111016949652341
33074,0.1,-0.1111108888038861,1.3263197217113544e-9,3.6418672706612395e-5,4.394721126983112e-5,0.1111108888038861,-0.11111017127258489
33075,0.25,-0.11111094234527093,1.64543600917524e-9,4.0563974277371295e-5,4.350888920991519e-5,0.11111094234527093,-0.11111017268044002
33076,0.625,-0.11111098987735633,1.959362965663972e-9,4.426469208820922e-5,4.2436479330599706e-5,0.11111098987735633,-0.11111017304704372
33077,1.5625,-0.11111102112525606,2.1882728306068957e-9,4.677897851179412e-5,3.965341902908944e-5,0.11111102112525606,-0.11111017065914582
33078,3.90625,-0.11111101107694814,2.1366519400940426e-9,4.6223932546831654e-5,3.246144787393272e-5,0.11111101107694814,-0.11111016220222852
33079,9.765625,-0.11111091116556607,1.4730075216396192e-9,3.8379780114529303e-5,1.533613603065473e-5,0.11111091116556607,-0.11111014682253506
33080,24.4140625,-0.1111106855381365,2.9478406227404175e-10,1.7169276696298006e-5,2.408437630671806e-5,0.1111106855381365,-0.11111014468950269
33081,9.765625,-0.11111058741420704,5.965313773317009e-11,7.723544376332027e-6,6.43020742810941e-5,0.11111058741420704,-0.1111101503905412
33082,3.90625,-0.11111049849032464,8.717497115323913e-12,2.952540789781559e-6,7.101399851302116e-5,0.11111049849032464,-0.1111101558151128
33083,1.5625,-0.11111041514398831,6.578500826362047e-11,8.110795784854928e-6,7.06251891494094e-5,0.11111041514398831,-0.11111016070591158
33084,0.625,-0.11111033388687677,2.161387458003215e-10,1.4701657926925164e-5,6.928387166700495e-5,0.11111033388687677,-0.11111016532144027
33085,0.25,-0.11111025346351622,4.5646206655396206e-10,2.1364972889146432e-5,6.823645336978054e-5,0.11111025346351622,-0.11111016982939065
33086,0.1,-0.11111017342590414,7.858319072832067e-10,2.8032693543132933e-5,6.756692979090675e-5,0.11111017342590414,-0.11111017430179411
33087,0.1,-0.11111009380591312,1.201342585209806e-9,3.466038928243314e-5,6.715328600400876e-5,0.11111009380591312,-0.11111017866743979
33088,0.1,-0.1111100146598966,1.70016707636492e-9,4.123308230492744e-5,6.667882310595839e-5,0.1111100146598966,-0.11111018291048852
33089,0.1,-0.11110993604368989,2.2791905410726264e-9,4.7740868666925474e-5,6.614399877561833e-5,0.11110993604368989,-0.11111018701567264
33090,0.1,-0.11110985801260383,2.9350235322636532e-9,5.417585746680576e-5,6.55493692097716e-5,0.11110985801260383,-0.11111019096835738
33091,0.25,-0.1111097817952844,3.6439394880323228e-9,6.036505187633257e-5,6.489907002720618e-5,0.1111097817952844,-0.1111101941051647
33092,0.625,-0.11110971047721495,4.342278459338685e-9,6.589596694289177e-5,6.330376031292616e-5,0.11110971047721495,-0.11111019493265993
33093,1.5625,-0.11110965259526855,4.853782426443032e-9,6.966909233256187e-5,5.9157163937429586e-5,0.11110965259526855,-0.11111018964478758
33094,3.90625,-0.11110963129435399,4.746082555675485e-9,6.889181777014949e-5,4.842115841099673e-5,0.11110963129435399,-0.11111017085495624
33095,9.765625,-0.11110970654566438,3.2827457425904287e-9,5.72952506111146e-5,2.2633060432076777e-5,0.11110970654566438,-0.11111013653422945
33096,24.4140625,-0.11111001082710782,6.649690352322056e-10,2.578699352837018e-5,3.518960125509062e-5,0.11111001082710782,-0.11111013138810592
33097,9.765625,-0.11111020905176411,1.3599249347006317e-10,1.1661581945433612e-5,9.579286576429796e-5,0.11111020905176411,-0.11111014404510662
33098,3.90625,-0.11111036850634376,1.813176985733942e-11,4.2581415966756465e-6,0.0001059998316928031,0.11111036850634376,-0.11111015615080422
33099,1.5625,-0.1111105160583929,1.4142485435177188e-10,1.1892218226713293e-5,0.00010549874989679948,0.1111105160583929,-0.1111101670780884
33100,0.625,-0.11111065978014939,4.729398216407963e-10,2.1747179624971978e-5,0.00010353084613439913,0.11111065978014939,-0.1111101773923141
33101,0.25,-0.11111080235062433,1.0052518247131406e-9,3.17057065007727e-5,0.00010198325895614505,0.11111080235062433,-0.11111018746583116
33102,0.1,-0.11111094471056411,1.7363128348716225e-9,4.166908728148029e-5,0.00010099231275186728,0.11111094471056411,-0.11111019745959022
33103,0.1,-0.11111108663970783,2.6597348438931288e-9,5.157261719064807e-5,0.00010038026602873883,0.11111108663970783,-0.11111020721662038
33104,0.1,-0.11111122799003272,3.769278929726397e-9,6.139445357462185e-5,9.967724463841555e-5,0.11111122799003272,-0.11111021670149673
33105,0.1,-0.11111136861195547,5.058062898122864e-9,7.112005974493317e-5,9.888391293500851e-5,0.11111136861195547,-0.1111102258800581
33106,0.1,-0.11111150835465693,6.518590339433819e-9,8.073778755597541e-5,9.800108149121194e-5,0.11111150835465693,-0.11111023471954108
33107,0.25,-0.11111164395892305,8.09836183089273e-9,8.999089860031807e-5,9.703478446151789e-5,0.11111164395892305,-0.11111024174484847
33108,0.625,-0.11111176737182807,9.656359411779667e-9,9.826677674463362e-5,9.465930783704018e-5,0.11111176737182807,-0.11111024363134307
33109,1.5625,-0.11111185691485455,1.0801818748634335e-8,0.0001039317985442104,8.847753745517551e-5,0.11111185691485455,-0.11111023189766223
33110,3.90625,-0.11111185797572942,1.0574936987680482e-8,0.00010283451262917758,7.245313157958354e-5,0.11111185797572942,-0.11111019004029407
33111,9.765625,-0.11111165449041663,7.334981991284974e-9,8.564450940536103e-5,3.378216718642553e-5,0.11111165449041663,-0.11111011328823964
33112,24.4140625,-0.11111120450848597,1.1258274252187094e-10,1.061050152075155e-5,5.073798946970884e-5,0.11111120450848597,-0.11111015850103106
33113,9.765625,-0.11111003864338417,1.18170587483726e-10,1.0870629580835049e-5,2.871563871494005e-5,0.11111003864338417,-0.1111101577670788
33114,3.90625,-0.11110959785408671,1.3564907500691873e-10,1.164684828642147e-5,1.909458936651378e-5,0.11110959785408671,-0.111110157468847
33115,1.5625,-0.11110924320618147,1.5740568553553044e-10,1.2546142257105586e-5,1.4937846095792259e-5,0.11110924320618147,-0.11111015740199472
33116,3.90625,-0.1111091566792332,1.5660448605182628e-10,1.251417140891982e-5,1.3084083892957048e-5,0.1111091566792332,-0.11111015685210915
33117,9.765625,-0.111109702476472,1.0320766594771325e-10,1.0159117380349204e-5,9.013610242507175e-6,0.111109702476472,-0.11111015578482138
33118,24.4140625,-0.11111070115630649,1.9292158453068994e-11,4.392283967717592e-6,8.513609027706045e-6,0.11111070115630649,-0.11111015566402067
33119,9.765625,-0.11111022328940283,3.935623582402769e-12,1.9838406141630353e-6,1.7548080320057587e-5,0.11111022328940283,-0.11111015608650725
33120,3.90625,-0.11111005339395708,1.8835743185666936e-12,1.3724337210104878e-6,1.877034633366532e-5,0.11111005339395708,-0.11111015645649554
33121,1.5625,-0.11110992038496165,6.905596142906721e-12,2.627850099017583e-6,1.8444560297359193e-5,0.11110992038496165,-0.11111015678597558
33122,0.625,-0.11110979676997229,1.8022026626164194e-11,4.245235756252436e-6,1.7985353631928192e-5,0.11110979676997229,-0.11111015709563667
33123,0.25,-0.11110967597213578,3.499697942752062e-11,5.915824492623207e-6,1.7645942528987158e-5,0.11110967597213578,-0.1111101573970373
33124,0.1,-0.11110955604399238,5.7742221363468074e-11,7.59883026284099e-6,1.7422857499863522e-5,0.11110955604399238,-0.11111015769491382
33125,0.1,-0.11110943989432272,8.598451735287503e-11,9.272783689533312e-6,1.7275567332451796e-5,0.11110943989432272,-0.11111015798409378
33126,0.1,-0.11110932790501023,1.194845620601995e-10,1.0930899416800042e-5,1.7117736675159512e-5,0.11110932790501023,-0.11111015826377789
33127,0.1,-0.11110922044124606,1.5798818378308696e-10,1.2569335057316555e-5,1.6948946813981334e-5,0.11110922044124606,-0.11111015853318613
33128,0.1,-0.11110911785042887,2.012271685450928e-10,1.4185456233237364e-5,1.6768902996488113e-5,0.11110911785042887,-0.11111015879156527
33129,0.25,-0.11110903387596491,2.4734295285867856e-10,1.5727140644716017e-5,1.6579049455737928e-5,0.11110903387596491,-0.11111015899436784
33130,0.625,-0.11110899911347104,2.9151017609284033e-10,1.7073669087013497e-5,1.6153754673449664e-5,0.11110899911347104,-0.11111015904323411
33131,1.5625,-0.11110908868879306,3.2084892965061636e-10,1.7912256408688895e-5,1.5099034914247451e-5,0.11110908868879306,-0.11111015869320232
33132,3.90625,-0.11110945862755793,3.059711972681464e-10,1.749203239386854e-5,1.2488500199493829e-5,0.11110945862755793,-0.11111015749473228
33133,9.765625,-0.11111026649617034,2.0472685571617197e-10,1.4308279271672466e-5,7.067212226662897e-6,0.11111026649617034,-0.11111015540198363
33134,24.4140625,-0.11111083814508464,4.099493137742269e-11,6.402728432271877e-6,1.0479951251173518e-5,0.11111083814508464,-0.11111015516798266
33135,9.765625,-0.11111053263282476,8.256385886400367e-12,2.8733927483726215e-6,2.430777198686955e-5,0.11111053263282476,-0.11111015597746536
33136,3.90625,-0.11111041529462129,1.7199341748735105e-12,1.3114626090260868e-6,2.6665719558099123e-5,0.11111041529462129,-0.1111101567388476
33137,1.5625,-0.11111032362693421,1.0137318721675984e-11,3.183915627285997e-6,2.645551786424614e-5,0.11111032362693421,-0.11111015742390513
33138,0.625,-0.11111023895186986,3.142740696388185e-11,5.606015248274111e-6,2.5919608266944805e-5,0.11111023895186986,-0.11111015806981944
33139,0.25,-0.11111015652368557,6.510526522026245e-11,8.068783379188119e-6,2.5504505943306112e-5,0.11111015652368557,-0.11111015870000673
33140,0.1,-0.11111007485734319,1.110181939665858e-10,1.0536517164916774e-5,2.5234902870683324e-5,0.11111007485734319,-0.11111015932443062
33141,0.1,-0.11110999471905274,1.6872759499775207e-10,1.2989518659201813e-5,2.5063064550663202e-5,0.11110999471905274,-0.11111015993306908
33142,0.1,-0.11110991632358765,2.3781262244946353e-10,1.5421174483464725e-5,2.4870376256873898e-5,0.11110991632358765,-0.11111016052385442
33143,0.1,-0.11110983987913331,3.1781495391864727e-10,1.7827365310629813e-5,2.465685174691936e-5,0.11110983987913331,-0.11111016109479212
33144,0.1,-0.11110976558668523,4.0824049491187586e-10,2.0204962135868405e-5,2.4422571872512772e-5,0.11110976558668523,-0.11111016164396915
33145,0.25,-0.11110969938070146,5.057159125168134e-10,2.248812825730086e-5,2.416922580303016e-5,0.11110969938070146,-0.11111016207955439
33146,0.625,-0.1111096550536265,6.012491513053873e-10,2.45203823645837e-5,2.3569074634553015e-5,0.1111096550536265,-0.11111016219563943
33147,1.5625,-0.11110966739500097,6.700830015372305e-10,2.5885961476005302e-5,2.2034801937749086e-5,0.11110966739500097,-0.11111016146965702
33148,3.90625,-0.11110981205538188,6.520859189448588e-10,2.553597303697e-5,1.8114174651976522e-5,0.11110981205538188,-0.11111015889813726
33149,9.765625,-0.1111101825281809,4.4727019530008943e-10,2.1148763446123497e-5,9.116178660424876e-6,0.1111101825281809,-0.11111015425009982
33150,24.4140625,-0.11111053957616726,8.896462123232725e-11,9.432105874741188e-6,1.4026342677610264e-5,0.11111053957616726,-0.11111015365820259
33151,9.765625,-0.11111044759892814,1.7819103878586348e-11,4.221268041547036e-6,3.568915714364483e-5,0.11111044759892814,-0.11111015541036898
33152,3.90625,-0.11111043551241635,2.8142408212451683e-12,1.677569915456631e-6,3.93106493586545e-5,0.11111043551241635,-0.1111101570700386
33153,1.5625,-0.11111043203284908,2.0620975666198902e-11,4.541032444962148e-6,3.9064604601158666e-5,0.11111043203284908,-0.11111015856539375
33154,0.625,-0.11111043066669055,6.675500953798026e-11,8.170373892177779e-6,3.830972251162494e-5,0.11111043066669055,-0.11111015997641302
33155,0.25,-0.11111042996029148,1.4019562019458366e-10,1.184042314254789e-5,3.772275892425717e-5,0.11111042996029148,-0.1111101613543211
33156,0.1,-0.11111042949083767,2.4064755061260685e-10,1.551281891251899e-5,3.734630363344731e-5,0.11111042949083767,-0.11111016272101756
33157,0.1,-0.11111042960963458,3.672067534063458e-10,1.916263952085792e-5,3.711183718066962e-5,0.11111042960963458,-0.11111016405469525
33158,0.1,-0.11111043037873913,5.189967936184224e-10,2.278150112741525e-5,3.684443965415215e-5,0.11111043037873913,-0.11111016535059874
33159,0.1,-0.1111104318565889,6.950552481706543e-10,2.6363900473386982e-5,3.654432665799966e-5,0.1111104318565889,-0.11111016660414468
33160,0.1,-0.11111043409779442,8.943376795825634e-10,2.990547908966789e-5,3.6211776955204305e-5,0.11111043409779442,-0.11111016781094187
33161,0.25,-0.11111043912498314,1.109593211254104e-9,3.3310557054094785e-5,3.584916356452991e-5,0.11111043912498314,-0.11111016876913482
33162,0.625,-0.11111045146182844,1.3214030963699102e-9,3.635110859891222e-5,3.496801436598082e-5,0.11111045146182844,-0.1111101690248105
33163,1.5625,-0.11111048203566341,1.4760626044491146e-9,3.841956018031849e-5,3.268803411644875e-5,0.11111048203566341,-0.11111016742211352
33164,3.90625,-0.11111055200520598,1.442015853565844e-9,3.797388383568165e-5,2.6805998068409476e-5,0.11111055200520598,-0.11111016172194223
33165,9.765625,-0.11111067083534285,9.958727314703348e-10,3.1557451282864e-5,1.2867192031469745e-5,0.11111067083534285,-0.11111015132802526
33166,24.4140625,-0.11111066597696867,2.008634883737484e-10,1.417263166718688e-5,1.984872630747686e-5,0.11111066597696867,-0.11111014982798106
33167,9.765625,-0.11111052348187586,4.0851827232212237e-11,6.391543415499283e-6,5.2940610421246486e-5,0.11111052348187586,-0.11111015368970222
33168,3.90625,-0.11111043565286846,5.590384620485604e-12,2.364399420674435e-6,5.851122908951523e-5,0.11111043565286846,-0.11111015737553959
33169,1.5625,-0.11111035815840292,4.349062952343964e-11,6.594742566881564e-6,5.821585166616858e-5,0.11111035815840292,-0.1111101607017669
33170,0.625,-0.11111028383580333,1.445628462982849e-10,1.2023429057398097e-5,5.7123618417514173e-5,0.11111028383580333,-0.11111016384146602
33171,0.25,-0.11111021063221334,3.065490017060946e-10,1.7508540821727394e-5,5.626687006359754e-5,0.11111021063221334,-0.11111016690792438
33172,0.1,-0.11111013787271977,5.288190830976794e-10,2.299606668753766e-5,5.571814638172927e-5,0.11111013787271977,-0.11111016994999849
33173,0.1,-0.11111006583814743,8.094189286564733e-10,2.8450288727119684e-5,5.537867584613642e-5,0.11111006583814743,-0.11111017291986773
33174,0.1,-0.11110999462414724,1.1464428117582461e-9,3.3859161415461044e-5,5.498940039014774e-5,0.11110999462414724,-0.11111017580682067
33175,0.1,-0.11110992432419421,1.5377907572060471e-9,3.921467527860007e-5,5.4550670332104506e-5,0.11110992432419421,-0.1111101786005281
33176,0.1,-0.11110985502940407,1.981177341584841e-9,4.451041834879606e-5,5.406292098247218e-5,0.11110985502940407,-0.11111018129108483
33177,0.25,-0.11110978926973052,2.4606316922889807e-9,4.960475473469233e-5,5.352950136383896e-5,0.11110978926973052,-0.11111018343041333
33178,0.625,-0.11110973303963224,2.9332811804355804e-9,5.4159774560420584e-5,5.2221217002284536e-5,0.11110973303963224,-0.11111018400907237
33179,1.5625,-0.11110970192948272,3.2803709936237686e-9,5.727452307635367e-5,4.882078680986887e-5,0.11110970192948272,-0.11111018045273179
33180,3.90625,-0.11110973287667882,3.2103590685760978e-9,5.666003060867597e-5,4.00178243741352e-5,0.11110973287667882,-0.11111016775566236
33181,9.765625,-0.11110989271727852,2.225434589807883e-9,4.717451207811145e-5,1.8906672460838812e-5,0.11110989271727852,-0.11111014448727499
33182,24.4140625,-0.11111020380275331,4.550532384958262e-10,2.133197690078972e-5,2.8877605937245154e-5,0.11111020380275331,-0.11111014082700733
33183,9.765625,-0.11111031414786099,9.404884932169234e-11,9.697878599038675e-6,7.889235110869869e-5,0.11111031414786099,-0.11111014940233176
33184,3.90625,-0.11111041943794549,1.2062660470500832e-11,3.4731340991244253e-6,8.739241855974626e-5,0.11111041943794549,-0.11111015763712938
33185,1.5625,-0.11111051884656081,9.379671230171845e-11,9.684870278001582e-6,8.702613578353249e-5,0.11111051884656081,-0.11111016507919859
33186,0.625,-0.11111061618605125,3.1685970474437747e-10,1.7800553495450006e-5,8.542781786400752e-5,0.11111061618605125,-0.11111017210615683
33187,0.25,-0.11111071290515613,6.761976704991762e-10,2.6003801077903517e-5,8.41645200811643e-5,0.11111071290515613,-0.1111101789695835
33188,0.1,-0.11111080953413545,1.1704215421430765e-9,3.4211424146665925e-5,8.335459828722733e-5,0.11111080953413545,-0.11111018577871612
33189,0.1,-0.11111090598527339,1.7952388121184873e-9,4.2370258579792584e-5,8.285442301757015e-5,0.11111090598527339,-0.11111019242789984
33190,0.1,-0.11111100217245684,2.546446017722431e-9,5.046232275393624e-5,8.227936371209317e-5,0.11111100217245684,-0.11111019889306005
33191,0.1,-0.11111109800763519,3.419403367220315e-9,5.847566474372322e-5,8.162996365657892e-5,0.11111109800763519,-0.11111020515097317
33192,0.1,-0.11111119340099428,4.40905428900992e-9,6.640071000380885e-5,8.090688633165166e-5,0.11111119340099428,-0.11111021117935956
33193,0.25,-0.11111128656802241,5.480001327044412e-9,7.402703105652969e-5,8.011502034247693e-5,0.11111128656802241,-0.11111021597969012
33194,0.625,-0.11111137300335258,6.537097579051819e-9,8.085231956506764e-5,7.816582150473894e-5,0.11111137300335258,-0.11111021729963481
33195,1.5625,-0.1111114402738654,7.3165376243190026e-9,8.553676182974781e-5,7.309011463745226e-5,0.1111114402738654,-0.11111020938895301
33196,3.90625,-0.11111145538902145,7.169700234946489e-9,8.467408242754384e-5,5.9928277093255695e-5,0.11111145538902145,-0.11111018103488862
33197,9.765625,-0.11111133864612056,4.984471770151293e-9,7.06007915688719e-5,2.8166549702673528e-5,0.11111133864612056,-0.11111012886485466
33198,24.4140625,-0.11111085457230103,7.467008214439339e-11,8.641185227987732e-6,4.15689447804121e-5,0.11111085457230103,-0.11111015943445895
33199,9.765625,-0.11111016640670442,7.920725168996042e-11,8.89984559922027e-6,2.3179978938016844e-5,0.11111016640670442,-0.11111015891157755
33200,3.90625,-0.11110991366881269,9.009081725386565e-11,9.4916182631765e-6,1.538616018613463e-5,0.11110991366881269,-0.11111015870997294
33201,1.5625,-0.1111097102261289,1.0358775431821544e-10,1.0177806950331464e-5,1.212337123347534e-5,0.1111097102261289,-0.11111015866735612
33202,3.90625,-0.11110966564424676,1.0286160667739217e-10,1.0142071123660698e-5,1.0700653011518022e-5,0.11110966564424676,-0.11111015831216052
33203,9.765625,-0.11110999195371533,6.896122374911813e-11,8.30428947888488e-6,7.656595026490264e-6,0.11110999195371533,-0.11111015761083487
33204,24.4140625,-0.11111057152228711,1.296147331231313e-11,3.600204620894919e-6,7.395141622615088e-6,0.11111057152228711,-0.11111015753482271
33205,9.765625,-0.11111030441029111,2.7350582730179174e-12,1.6538011588513044e-6,1.4456759517813463e-5,0.11111030441029111,-0.11111015781648224
33206,3.90625,-0.11111021611273093,1.0728085378517708e-12,1.035764711627004e-6,1.553425196358094e-5,0.11111021611273093,-0.11111015807134991
33207,1.5625,-0.11111014835510663,4.124722021129293e-12,2.030941166338723e-6,1.531742842528738e-5,0.11111014835510663,-0.1111101583001121
33208,0.625,-0.11111008575448497,1.122695357407848e-11,3.3506646466154264e-6,1.4967042244366116e-5,0.11111008575448497,-0.11111015851564247
33209,0.25,-0.11111002468622069,2.2215475058837797e-11,4.7133295088331985e-6,1.4701937136172552e-5,0.11111002468622069,-0.11111015872552273
33210,0.1,-0.11110996408697542,3.702870888509902e-11,6.085121928531837e-6,1.4525704949441197e-5,0.11110996408697542,-0.11111015893293409
33211,0.1,-0.11110990563716135,5.549900837155456e-11,7.449765658834818e-6,1.4408404002765524e-5,0.11110990563716135,-0.1111101591345967
33212,0.1,-0.1111098495491557,7.747483761824442e-11,8.801979187560285e-6,1.4282824326827565e-5,0.1111098495491557,-0.11111015932998011
33213,0.1,-0.11110979602560112,1.0279503568520285e-10,1.0138788669520775e-5,1.4148610782836408e-5,0.11110979602560112,-0.11111015951856436
33214,0.1,-0.11110974525878121,1.3128924436324569e-10,1.145815187380782e-5,1.4005508413735776e-5,0.11110974525878121,-0.11111015969984546
33215,0.25,-0.11110970502679433,1.6180850355070025e-10,1.2720397145950288e-5,1.3854629282809843e-5,0.11110970502679433,-0.11111015984462957
33216,0.625,-0.11110969258838123,1.9134528662335198e-10,1.3832761352071104e-5,1.3517742256356128e-5,0.11110969258838123,-0.11111015988803766
33217,1.5625,-0.1111097501686032,2.117694511924687e-10,1.4552300546390207e-5,1.2682063134888518e-5,0.1111097501686032,-0.1111101596669884
33218,3.90625,-0.11110996464238491,2.0398461237658853e-10,1.4282318172362234e-5,1.0606964744546072e-5,0.11110996464238491,-0.111110158875021
33219,9.765625,-0.11111041856636472,1.3842598975687107e-10,1.1765457481835165e-5,6.272941135382727e-6,0.11111041856636472,-0.1111101574582946
33220,24.4140625,-0.11111070784596618,2.7917665964982232e-11,5.283717059512387e-6,8.762275427182955e-6,0.11111070784596618,-0.11111015728720354
33221,9.765625,-0.11111052003809435,5.8804081970244065e-12,2.4249552979435325e-6,2.0127763227032805e-5,0.11111052003809435,-0.11111015783668554
33222,3.90625,-0.11111044154963048,1.3048438979115339e-12,1.1422976398082656e-6,2.2079858547766775e-5,0.11111044154963048,-0.1111101583580399
33223,1.5625,-0.11111037835754325,6.8224277859013725e-12,2.611977753714869e-6,2.192504378528441e-5,0.11111037835754325,-0.11111015882895221
33224,0.625,-0.11111031938929948,2.103406464426224e-11,4.586290946316232e-6,2.1496543710996197e-5,0.11111031938929948,-0.11111015927372297
33225,0.25,-0.11111026178825685,4.361293520153661e-11,6.604009024943607e-6,2.1162718401480612e-5,0.11111026178825685,-0.11111015970796069
33226,0.1,-0.11111020465347697,7.445694186261762e-11,8.62884359938327e-6,2.094573923617948e-5,0.11111020465347697,-0.11111016013835062
33227,0.1,-0.11111014842564078,1.1327555734596347e-10,1.0643099048019963e-5,2.0807605654974302e-5,0.11111014842564078,-0.11111016055816872
33228,0.1,-0.11111009323462302,1.597889811466303e-10,1.2640766636032417e-5,2.0652403662189244e-5,0.11111009323462302,-0.1111101609660107
33229,0.1,-0.1111100392065666,2.1369210697117136e-10,1.461821148332351e-5,2.0480158328121803e-5,0.1111100392065666,-0.1111101613605205
33230,0.1,-0.11110998646353765,2.746556461683631e-10,1.6572738040781406e-5,2.0290948068521496e-5,0.11110998646353765,-0.11111016174039756
33231,0.25,-0.11110993854369203,3.4043176455557657e-10,1.8450793060342326e-5,2.008612526876667e-5,0.11110993854369203,-0.1111101620437921
33232,0.625,-0.1111099037011328,4.0501938121702623e-10,2.012509332194577e-5,1.9599658211590968e-5,0.1111099037011328,-0.11111016213184341
33233,1.5625,-0.1111099028479873,4.51863638849095e-10,2.1257084439054547e-5,1.8354945550053746e-5,0.1111099028479873,-0.11111016165155342
33234,3.90625,-0.11110998199185922,4.4058734097373615e-10,2.0990172485564193e-5,1.5177469250468557e-5,0.11110998199185922,-0.11111015992201942
33235,9.765625,-0.11111020159582978,3.0333871121605756e-10,1.7416621693544864e-5,7.965899485930855e-6,0.11111020159582978,-0.11111015677338495
33236,24.4140625,-0.11111044012942581,6.095286567806651e-11,7.807231627028015e-6,1.1714875752103004e-5,0.11111044012942581,-0.11111015634932975
33237,9.765625,-0.11111041151429338,1.2432267576287682e-11,3.5259420835129554e-6,2.9482559237018337e-5,0.11111041151429338,-0.11111015754054171
33238,3.90625,-0.1111104242245122,1.9567863418239563e-12,1.3988517940882645e-6,3.249502076148682e-5,0.1111104242245122,-0.11111015867470783
33239,1.5625,-0.111110440356453,1.3758181672232978e-11,3.7092022959435604e-6,3.231275216155385e-5,0.111110440356453,-0.1111101596986903
33240,0.625,-0.11111045719303239,4.4791144131958025e-11,6.69261863039857e-6,3.170288971142801e-5,0.11111045719303239,-0.11111016066573445
33241,0.25,-0.11111047423282602,9.436333995897007e-11,9.714079470488703e-6,3.122649721900237e-5,0.11111047423282602,-0.11111016161038925
33242,0.1,-0.11111049134924235,1.6227696358818313e-10,1.273879757230576e-5,3.092097086571989e-5,0.11111049134924235,-0.11111016254749757
33243,0.1,-0.1111105087272306,2.479273730200469e-10,1.5745709670257702e-5,3.07311135990637e-5,0.1111105087272306,-0.11111016346236739
33244,0.1,-0.11111052638636439,3.5072657897869297e-10,1.8727695506353497e-5,3.0514180972260184e-5,0.11111052638636439,-0.11111016435176006
33245,0.1,-0.1111105443441706,4.700280726285102e-10,2.168013082590855e-5,3.0270353239818143e-5,0.1111105443441706,-0.11111016521255271
33246,0.1,-0.11111056261603348,6.051294885121887e-10,2.459937983999167e-5,2.999986240318763e-5,0.11111056261603348,-0.11111016604175136
33247,0.25,-0.11111058201122749,7.511458312122146e-10,2.7407039811191114e-5,2.970460419473203e-5,0.11111058201122749,-0.11111016670264916
33248,0.625,-0.11111060425415525,8.949796237475922e-10,2.9916210049864142e-5,2.898465369226439e-5,0.11111060425415525,-0.11111016688754616
33249,1.5625,-0.11111063325486004,1.000376804825117e-9,3.1628733847960416e-5,2.711926799762021e-5,0.11111063325486004,-0.1111101658121832
33250,3.90625,-0.11111067509076868,9.784031111666876e-10,3.127943591509744e-5,2.2307649506773324e-5,0.11111067509076868,-0.11111016195350587
33251,9.765625,-0.11111072152286401,6.774627407417053e-10,2.6028114429241804e-5,1.0970971779257324e-5,0.11111072152286401,-0.11111015488562556
33252,24.4140625,-0.1111106533584068,1.3805519829883297e-10,1.17496892852038e-5,1.6422695348282625e-5,0.1111106533584068,-0.11111015381050064
33253,9.765625,-0.11111053954415585,2.8458197476561573e-11,5.3346225242805675e-6,4.37160825864071e-5,0.11111053954415585,-0.11111015643825496
33254,3.90625,-0.11111046207581433,3.784521540315397e-12,1.9453846766938914e-6,4.8365752462595225e-5,0.11111046207581433,-0.11111015895805786
33255,1.5625,-0.11111039239910603,2.894486759478403e-11,5.380043456588806e-6,4.815242319067187e-5,0.11111039239910603,-0.11111016123569718
33256,0.625,-0.11111032519104905,9.712964852191374e-11,9.855437510426096e-6,4.726777795713905e-5,0.11111032519104905,-0.11111016338689207
33257,0.25,-0.1111102588598551,2.0680169204736014e-10,1.4380601240816051e-5,4.657042796335011e-5,0.1111102588598551,-0.11111016548836194
33258,0.1,-0.1111101928725548,3.5753730180979343e-10,1.8908656795494317e-5,4.612382544015593e-5,0.1111101928725548,-0.11111016757335711
33259,0.1,-0.11111012741161168,5.480243444177395e-10,2.3409919786657523e-5,4.5848224659339314e-5,0.11111012741161168,-0.11111016960958482
33260,0.1,-0.11111006255172429,7.76979425777996e-10,2.7874350679038177e-5,4.553153649415222e-5,0.11111006255172429,-0.11111017158972772
33261,0.1,-0.11110999836625955,1.0429865971566825e-9,3.22953030200474e-5,4.5174052108886804e-5,0.11110999836625955,-0.11111017350672751
33262,0.1,-0.11110993492713354,1.344503285836649e-9,3.666746904050849e-5,4.477613219556716e-5,0.11110993492713354,-0.11111017535381132
33263,0.25,-0.11110987412664426,1.6707297553364937e-9,4.087456122500269e-5,4.434046259329274e-5,0.11110987412664426,-0.11111017682660482
33264,0.625,-0.11110982049760999,1.992644831179435e-9,4.463905051834587e-5,4.326798749174005e-5,0.11110982049760999,-0.11111017723877384
33265,1.5625,-0.11110978596352816,2.2298023522381843e-9,4.72207830540556e-5,4.047614087989552e-5,0.11110978596352816,-0.11111017483850325
33266,3.90625,-0.11110979950605711,2.184483145188709e-9,4.6738454672664446e-5,3.32459414825683e-5,0.11110979950605711,-0.11111016621164255
33267,9.765625,-0.11110991798476942,1.518005582975037e-9,3.896159112478643e-5,1.5946275248141153e-5,0.11110991798476942,-0.11111015033962096
33268,24.4140625,-0.11111018726214636,3.135067056238123e-10,1.770612056956047e-5,2.3781505390293158e-5,0.11111018726214636,-0.11111014771551968
33269,9.765625,-0.11111030181620415,6.565398508120269e-11,8.102714673564822e-6,6.516542202300366e-5,0.11111030181620415,-0.1111101535569247
33270,3.90625,-0.1111104042743204,8.238828492036475e-12,2.8703359545594094e-6,7.22691732818274e-5,0.1111104042743204,-0.11111015919170693
33271,1.5625,-0.11111050030043029,6.261250386877511e-11,7.912806320691485e-6,7.200941204924895e-5,0.11111050030043029,-0.11111016429124897
33272,0.625,-0.11111059411399059,2.1346945187642848e-10,1.4610593823538743e-5,7.071108374920718e-5,0.11111059411399059,-0.11111016910859224
33273,0.25,-0.11111068722564435,4.5735695050462864e-10,2.138590541699436e-5,6.967956051162597e-5,0.11111068722564435,-0.1111101738145176
33274,0.1,-0.11111078017769684,7.933348964616815e-10,2.8166201314016087e-5,6.901792763730437e-5,0.11111078017769684,-0.1111101784835395
33275,0.1,-0.11111087287319672,1.2185095724873748e-9,3.490715646522035e-5,6.860999509064868e-5,0.11111087287319672,-0.11111018304413248
33276,0.1,-0.111110965228295,1.730039400318766e-9,4.159374232163735e-5,6.814018081927002e-5,0.111110965228295,-0.11111018747982096
33277,0.1,-0.11111105715799822,2.3247845505279084e-9,4.821601964625355e-5,6.760893502638223e-5,0.11111105715799822,-0.11111019177470623
33278,0.1,-0.11111114857631578,2.9993201666612592e-9,5.4766049397973366e-5,6.701680623584e-5,0.11111114857631578,-0.1111101959135295
33279,0.25,-0.11111123768913266,3.72964334990169e-9,6.107080603612245e-5,6.636773672042526e-5,0.11111123768913266,-0.11111019921641661
33280,0.625,-0.11111132000920722,4.45117680040413e-9,6.671714022951022e-5,6.476552769300489e-5,0.11111132000920722,-0.11111020014848719
33281,1.5625,-0.11111138325860809,4.984756232811603e-9,7.0602806125618e-5,6.058817154508555e-5,0.11111138325860809,-0.11111019478808619
33282,3.90625,-0.1111113953155186,4.889418974295723e-9,6.992438039979848e-5,4.975045498742453e-5,0.1111113953155186,-0.11111017547205258
33283,9.765625,-0.11111128074030807,3.4069086827431854e-9,5.836873035061826e-5,2.361164265264593e-5,0.11111128074030807,-0.1111101398065683
33284,24.4140625,-0.1111109109268616,7.1039761417223e-10,2.66532852416401e-5,3.4907328182011273e-5,0.1111109109268616,-0.11111013357719324
33285,9.765625,-0.1111107015320738,1.4998786386921783e-10,1.2246953248429498e-5,9.742015813067126e-5,0.1111107015320738,-0.11111014663762063
33286,3.90625,-0.11111052976815027,1.737586363934623e-11,4.1684365941376904e-6,0.00010821964398575364,0.11111052976815027,-0.11111015929041727
33287,1.5625,-0.1111103708356359,1.359384026935642e-10,1.1659262527860165e-5,0.00010789624888117103,0.1111103708356359,-0.11111017075180919
33288,0.625,-0.11111021643736363,4.712013432808243e-10,2.170717262291025e-5,0.00010597900557970451,0.11111021643736363,-0.11111018158012972
33289,0.25,-0.11111006382034035,1.0153701883831955e-9,3.1864873895611066e-5,0.00010444582636922856,0.11111006382034035,-0.11111019215731241
33290,0.1,-0.11110991202985215,1.7663249303133393e-9,4.2027668628099504e-5,0.0001034604097789991,0.11110991202985215,-0.1111102026508939
33291,0.1,-0.11110976124415382,2.7176337763590646e-9,5.2130929172220445e-5,0.00010285246143315758,0.11110976124415382,-0.11111021290198457
33292,0.1,-0.11110961158487498,3.862961896525314e-9,6.21527304028175e-5,0.00010215179272731466,0.11110961158487498,-0.11111022287355968
33293,0.1,-0.11110946317137078,5.195306314303113e-9,7.207847330724418e-5,0.00010135906364182213,0.11110946317137078,-0.11111023252988034
33294,0.1,-0.11110931612066771,6.707025252595392e-9,8.189643003571884e-5,0.00010047507990708532,0.11110931612066771,-0.11111024183663401
33295,0.25,-0.11110917333715155,8.344619857278748e-9,9.134889083770392e-5,9.950565034498283e-5,0.11110917333715155,-0.11111024927204927
33296,0.625,-0.11110904193263058,9.964050165571077e-9,9.982008898799418e-5,9.711036612398153e-5,0.11110904193263058,-0.11111025139733806
33297,1.5625,-0.11110894114824917,1.1165441709031907e-8,0.00010566665372307342,9.086099661805374e-5,0.11110894114824917,-0.11111023941878881
33298,3.90625,-0.1111089210509559,1.0963531268836815e-8,0.00010470688262400335,7.463239908498146e-5,0.1111089210509559,-0.11111019611311912
33299,9.765625,-0.1111091006396336,7.65859122001905e-9,8.751337737751326e-5,3.532824469731713e-5,0.1111091006396336,-0.1111101158794597
33300,24.4140625,-0.11110977062039337,1.1333417337943218e-10,1.0645852402669886e-5,5.0555049603356415e-5,0.11110977062039337,-0.11111016208099765
33301,9.765625,-0.111110849414907,1.1876517899974945e-10,1.0897943796870557e-5,2.879444952076603e-5,0.111110849414907,-0.11111016135535759
33302,3.90625,-0.11111125154885589,1.3623972623957358e-10,1.1672177442087383e-5,1.9218950858660914e-5,0.11111125154885589,-0.11111016105985891
33303,1.5625,-0.11111157521534559,1.581877148319259e-10,1.2577269768591509e-5,1.5081012407579015e-5,0.11111157521534559,-0.1111101609959253
33304,3.90625,-0.11111164989475929,1.5769429850236815e-10,1.2557639049692746e-5,1.3231800144107295e-5,0.11111164989475929,-0.11111016044463314
33305,9.765625,-0.11111114097639084,1.0455240958792664e-10,1.0225087265540898e-5,9.153480536788479e-6,0.11111114097639084,-0.11111015936315095
33306,24.4140625,-0.11111022853090853,1.9798388283031762e-11,4.449537985345418e-6,8.530264619840554e-6,0.11111022853090853,-0.11111015922566687
33307,9.765625,-0.11111066798492776,4.090310546741411e-12,2.0224516178987844e-6,1.7643299707427675e-5,0.11111066798492776,-0.11111015965160641
33308,3.90625,-0.11111082053694038,1.7557391366904275e-12,1.3250430697492166e-6,1.8935662252636987e-5,0.11111082053694038,-0.11111016002945528
33309,1.5625,-0.11111093922376869,6.605493816801699e-12,2.5701155259640955e-6,1.8639322285129803e-5,0.11111093922376869,-0.11111016036695472
33310,0.625,-0.11111104934511275,1.7642258356808016e-11,4.200268843396577e-6,1.8192300466793063e-5,0.11111104934511275,-0.11111016068440176
33311,0.25,-0.11111115691553292,3.462487270255942e-11,5.884290331259957e-6,1.785841501005344e-5,0.11111115691553292,-0.11111016099343049
33312,0.1,-0.11111126370992534,5.7464106928651847e-11,7.580508355555836e-6,1.7638269793418745e-5,0.11111126370992534,-0.11111016129886701
33313,0.1,-0.11111136702404613,8.589236457554635e-11,9.267813365381628e-6,1.7492849987265964e-5,0.11111136702404613,-0.11111016159558472
33314,0.1,-0.11111146650723647,1.1967306511896012e-10,1.0939518504895913e-5,1.7336689591488633e-5,0.11111146650723647,-0.1111101618827609
33315,0.1,-0.11111156182430186,1.5855454118404157e-10,1.2591844232837443e-5,1.7169381010501626e-5,0.11111156182430186,-0.11111016215959318
33316,0.1,-0.11111165265654123,2.0227083382998245e-10,1.4222195112920595e-5,1.699063697554924e-5,0.11111165265654123,-0.11111016242530547
33317,0.25,-0.11111172631487669,2.4898828100499965e-10,1.5779362503124126e-5,1.680186280243835e-5,0.11111172631487669,-0.11111016263500056
33318,0.625,-0.11111175458068807,2.939328106248984e-10,1.714446880556229e-5,1.6377585942203936e-5,0.11111175458068807,-0.11111016268923772
33319,1.5625,-0.11111166825682595,3.2431484124218523e-10,1.800874346649941e-5,1.532266782261076e-5,0.11111166825682595,-0.11111016233938403
33320,3.90625,-0.11111132417204744,3.1071157319378655e-10,1.76270125998079e-5,1.2701288097054052e-5,0.11111132417204744,-0.11111016112404176
33321,9.765625,-0.11111058133292005,2.0986049402705193e-10,1.4486562533156441e-5,7.172327746031117e-6,0.11111058133292005,-0.11111015897306957
33322,24.4140625,-0.11111007877739021,4.313261735549213e-11,6.567542718208396e-6,1.0349640374713973e-5,0.11111007877739021,-0.11111015868048761
33323,9.765625,-0.11111037140082757,8.935421734011667e-12,2.9892175789011526e-6,2.4584859090854e-5,0.11111037140082757,-0.11111015950717766
33324,3.90625,-0.11111048591196178,1.6276283670301736e-12,1.2757853922310656e-6,2.707026886182048e-5,0.11111048591196178,-0.11111016029406805
33325,1.5625,-0.11111057603805108,9.724756595098886e-12,3.118454199615394e-6,2.690254633081686e-5,0.11111057603805108,-0.11111016100438713
33326,0.625,-0.11111065953398104,3.107784714478857e-11,5.574750859436552e-6,2.6380974874071332e-5,0.11111065953398104,-0.11111016167469695
33327,0.25,-0.11111074092291814,6.51860868045842e-11,8.073790113978949e-6,2.5971251324526876e-5,0.11111074092291814,-0.11111016232879922
33328,0.1,-0.11111082162217684,1.1189479988046154e-10,1.0578033838122353e-5,2.5704323263898997e-5,0.11111082162217684,-0.11111016297696016
33329,0.1,-0.1111109008782949,1.7076747223814562e-10,1.3067802884882585e-5,2.5534377932121775e-5,0.1111109008782949,-0.1111101636091215
33330,0.1,-0.11111097848312752,2.413818211055764e-10,1.553646745903252e-5,2.534318120141367e-5,0.11111097848312752,-0.11111016422313688
33331,0.1,-0.11111105423454017,3.232767957486554e-10,1.7979899770261663e-5,2.5130751849467245e-5,0.11111105423454017,-0.11111016481693468
33332,0.1,-0.11111112793700299,4.1595428933932555e-10,2.039495744882361e-5,2.4897174280385946e-5,0.11111112793700299,-0.11111016538852614
33333,0.25,-0.11111119383457571,5.160120094872863e-10,2.2715897725762155e-5,2.4644076908235592e-5,0.11111119383457571,-0.1111101658440959
33334,0.625,-0.11111123854693299,6.143581584580086e-10,2.4786249382631664e-5,2.4041435786917026e-5,0.11111123854693299,-0.11111016597273661
33335,1.5625,-0.11111122829428594,6.8590987634236e-10,2.618988118228794e-5,2.2496509324231502e-5,0.11111122829428594,-0.11111016523785514
33336,3.90625,-0.11111108943477048,6.6952857567509e-10,2.5875250253380934e-5,1.853949953927964e-5,0.11111108943477048,-0.1111101626020029
33337,9.765625,-0.11111072969952453,4.625122124804256e-10,2.150609710013478e-5,9.39272052904352e-6,0.11111072969952453,-0.11111015778824793
33338,24.4140625,-0.11111037372162705,9.451665290085761e-11,9.721967542676617e-6,1.392041161097761e-5,0.11111037372162705,-0.11111015706313755
33339,9.765625,-0.11111045310723774,1.9477836907392386e-11,4.413370243633813e-6,3.6232795247125673e-5,0.11111045310723774,-0.1111101588663279
33340,3.90625,-0.11111045769605128,2.6560163568881173e-12,1.6297289212897086e-6,4.005581895507175e-5,0.11111045769605128,-0.11111016059426723
33341,1.5625,-0.11111045471096433,1.9896429476131785e-11,4.4605413882321265e-6,3.987009713696197e-5,0.11111045471096433,-0.11111016215604275
33342,0.625,-0.11111044997030492,6.652294167073984e-11,8.15615973793671e-6,3.913236940749279e-5,0.11111044997030492,-0.1111101636309138
33343,0.25,-0.11111044474097041,1.414690643498292e-10,1.1894076859926086e-5,3.855027112901146e-5,0.11111044474097041,-0.1111101650713492
33344,0.1,-0.11111043938703118,2.444307434186622e-10,1.563428103299484e-5,3.817568027260437e-5,0.11111043938703118,-0.11111016650008308
33345,0.1,-0.1111104335819102,3.7449860968174806e-10,1.9351966558511517e-5,3.7942591672952735e-5,0.1111104335819102,-0.11111016789506468
33346,0.1,-0.11111042726851868,5.307840853444883e-10,2.3038751818284086e-5,3.767594189332385e-5,0.11111042726851868,-0.1111101692513373
33347,0.1,-0.11111042039266757,7.123093945504031e-10,2.668912502406932e-5,3.7375948871292507e-5,0.11111042039266757,-0.11111017056411926
33348,0.1,-0.1111104129033017,9.180115821876926e-10,3.0298705949061463e-5,3.70428929536672e-5,0.1111104129033017,-0.11111017182882439
33349,0.25,-0.11111040296396721,1.1405139349928268e-9,3.3771495895101044e-5,3.667907845068209e-5,0.11111040296396721,-0.11111017283773983
33350,0.625,-0.11111038647278308,1.3600173094897936e-9,3.6878412513146405e-5,3.579092176160074e-5,0.11111038647278308,-0.11111017312263928
33351,1.5625,-0.11111035358782535,1.521670125006245e-9,3.9008590400144494e-5,3.348726545484005e-5,0.11111035358782535,-0.11111017148853343
33352,3.90625,-0.11111028582034467,1.4907108206339068e-9,3.8609724430950126e-5,2.7533284009871335e-5,0.11111028582034467,-0.11111016560627932
33353,9.765625,-0.11111017960381497,1.0363262282395004e-9,3.219202118910058e-5,1.3356791720158882e-5,0.11111017960381497,-0.11111015477675296
33354,24.4140625,-0.11111021603811465,2.1448575986387777e-10,1.4645332357576518e-5,1.977259527301337e-5,0.11111021603811465,-0.11111015297485671
33355,9.765625,-0.11111037077631071,4.4839411050487886e-11,6.696223641014978e-6,5.392321776301659e-5,0.11111037077631071,-0.11111015697421012
33356,3.90625,-0.11111046832006079,5.3645853473137015e-12,2.3161574530488425e-6,5.980436215327284e-5,0.11111046832006079,-0.11111016083446987
33357,1.5625,-0.11111055485072084,4.229801634503388e-11,6.503692516181394e-6,5.959460302922544e-5,0.11111055485072084,-0.11111016432874397
33358,0.625,-0.11111063810107485,1.4516287205210953e-10,1.2048355574604758e-5,5.852295873935902e-5,0.11111063810107485,-0.11111016762965767
33359,0.25,-0.11111072031613979,3.1158754408967267e-10,1.7651842512601132e-5,5.76700266765381e-5,0.11111072031613979,-0.11111017085397125
33360,0.1,-0.11111080224072672,5.409205757935235e-10,2.3257699279884145e-5,5.7121972826872706e-5,0.11111080224072672,-0.11111017405269182
33361,0.1,-0.11111088354235214,8.311834611602713e-10,2.8830252533758204e-5,5.6783269606268566e-5,0.11111088354235214,-0.1111101771771147
33362,0.1,-0.11111096410545022,1.1804317085601592e-9,3.435741126103885e-5,5.63936676610176e-5,0.11111096410545022,-0.11111018021601095
33363,0.1,-0.11111104381552123,1.5865178796215784e-9,3.9831116976825774e-5,5.59535179787003e-5,0.11111104381552123,-0.11111018315854304
33364,0.1,-0.11111112255938928,2.0471005464142157e-9,4.524489525254994e-5,5.546325657636882e-5,0.11111112255938928,-0.11111018599430789
33365,0.25,-0.11111119738393065,2.5458141220577095e-9,5.045606130147011e-5,5.4926145580656344e-5,0.11111119738393065,-0.11111018825921806
33366,0.625,-0.11111126125291752,3.038630680775396e-9,5.512377600251452e-5,5.3602849159456346e-5,0.11111126125291752,-0.11111018890534594
33367,1.5625,-0.11111129580625687,3.403392112745926e-9,5.833859882398553e-5,5.015548644402681e-5,0.11111129580625687,-0.11111018525459118
33368,3.90625,-0.11111125748692037,3.339374743251099e-9,5.778732337849798e-5,4.121636631538078e-5,0.11111125748692037,-0.11111017206995302
33369,9.765625,-0.11111106812342005,2.3290105753916255e-9,4.825982361542182e-5,1.9698822475854394e-5,0.11111106812342005,-0.11111014769173935
33370,24.4140625,-0.11111070854932632,4.876122084306127e-10,2.2081943040199445e-5,2.8882929418603517e-5,0.11111070854932632,-0.11111014336034322
33371,9.765625,-0.11111059022796949,1.0335252083684821e-10,1.0166244185383716e-5,8.058825067321199e-5,0.11111059022796949,-0.11111015229249181
33372,3.90625,-0.11111047600972021,1.1757732146318046e-11,3.4289549641717438e-6,8.95569782581255e-5,0.11111047600972021,-0.11111016096026342
33373,1.5625,-0.11111036833874154,9.201179126065577e-11,9.592277688883687e-6,8.930852794537059e-5,0.11111036833874154,-0.11111016881585903
33374,0.625,-0.11111026323120221,3.205071535964838e-10,1.790271358192617e-5,8.773191940359144e-5,0.11111026323120221,-0.1111101762386061
33375,0.25,-0.11111015917998852,6.918994854258894e-10,2.6303982311161353e-5,8.646809766402225e-5,0.11111015917998852,-0.11111018348930338
33376,0.1,-0.11111005564243563,1.2047333963914526e-9,3.470926960325516e-5,8.565501298204517e-5,0.11111005564243563,-0.11111019068256683
33377,0.1,-0.11110995268085744,1.8546238241352397e-9,4.306534365513922e-5,8.515304435080653e-5,0.11110995268085744,-0.11111019771010183
33378,0.1,-0.11110985036399001,2.6372463529013052e-9,5.135412693154568e-5,8.457445784307699e-5,0.11110985036399001,-0.11111020454657515
33379,0.1,-0.11110974875990431,3.547819913360092e-9,5.9563578748763004e-5,8.391980050699433e-5,0.11110974875990431,-0.11111021116753261
33380,0.1,-0.11110964793600858,4.581126808078137e-9,6.76840218077955e-5,8.318973982143264e-5,0.11110964793600858,-0.1111102175494938
33381,0.25,-0.11110954945356881,5.70067761854421e-9,7.550283185778007e-5,8.238907454207257e-5,0.11110954945356881,-0.11111022265271106
33382,0.625,-0.11110945722068997,6.808207301960635e-9,8.251186158341499e-5,8.041113905494192e-5,0.11110945722068997,-0.11111022412687327
33383,1.5625,-0.1111093821295953,7.630857830910662e-9,8.73547813855124e-5,7.525091439377028e-5,0.1111093821295953,-0.11111021595974467
33384,3.90625,-0.11110935439803524,7.496017142672471e-9,8.657954228726594e-5,6.185107165307414e-5,0.11110935439803524,-0.11111018636482656
33385,9.765625,-0.11110945657488665,5.241703921101549e-9,7.239961271375386e-5,2.9413896378748504e-5,0.11110945657488665,-0.11111013144838337
33386,24.4140625,-0.11111009721765279,7.621712964801261e-11,8.73024224452063e-6,4.172865794437411e-5,0.11111009721765279,-0.11111016302689398
33387,9.765625,-0.11111072699538468,8.068840389688413e-11,8.982672425112925e-6,2.3401559510271927e-5,0.11111072699538468,-0.11111016250181559
33388,3.90625,-0.11111095363580462,9.172450325331519e-11,9.577291018514327e-6,1.5585532774316215e-5,0.11111095363580462,-0.11111016229895064
33389,1.5625,-0.11111113625823144,1.0553728925872291e-10,1.0273134344430764e-5,1.2310599419425751e-5,0.11111113625823144,-0.11111016225736407
33390,3.90625,-0.1111111728393347,1.0498645551270617e-10,1.0246289841337994e-5,1.0878441683946028e-5,0.1111111728393347,-0.11111016189606027
33391,9.765625,-0.11111087133468432,7.073070651856148e-11,8.410154964004022e-6,7.79670653037495e-6,0.11111087133468432,-0.11111016117612253
33392,24.4140625,-0.11111034974625342,1.3435554002640228e-11,3.665454133206447e-6,7.440763711800237e-6,0.11111034974625342,-0.11111016108904334
33393,9.765625,-0.11111058930248262,2.8621724329133585e-12,1.691795623860447e-6,1.4614648874487422e-5,0.11111058930248262,-0.11111016137638607
33394,3.90625,-0.11111066520764458,1.0141174538572586e-12,1.0070339884319986e-6,1.5747996957577938e-5,0.11111066520764458,-0.11111016163907331
33395,1.5625,-0.11111072271405692,4.010824141764374e-12,2.0027042072568717e-6,1.5549030943079502e-5,0.11111072271405692,-0.11111016187536361
33396,0.625,-0.11111077565022896,1.116859948504601e-11,3.341945464104106e-6,1.520374107254373e-5,0.11111077565022896,-0.1111101620980912
33397,0.25,-0.11111082724246908,2.2317834131657818e-11,4.724175497550638e-6,1.4939939624672276e-5,0.11111082724246908,-0.11111016231499088
33398,0.1,-0.11111087843185553,3.7395301843210846e-11,6.115169813113193e-6,1.4764005719492782e-5,0.11111087843185553,-0.11111016252934032
33399,0.1,-0.11111092768311505,5.6234012273013415e-11,7.4989340757879324e-6,1.4646775895953655e-5,0.11111092768311505,-0.11111016273783958
33400,0.1,-0.11111097480599176,7.868166292271437e-11,8.870268480869921e-6,1.4521062739478662e-5,0.11111097480599176,-0.11111016293993806
33401,0.1,-0.11111101961909285,1.0457607311514927e-10,1.0226244330894372e-5,1.4386516019257983e-5,0.11111101961909285,-0.11111016313509539
33402,0.1,-0.11111106195046072,1.337456018724892e-10,1.156484335702344e-5,1.4242883844259953e-5,0.11111106195046072,-0.1111101633227888
33403,0.25,-0.11111109476974439,1.6503913094416942e-10,1.284675565830414e-5,1.4091266600297639e-5,0.11111109476974439,-0.11111016347321102
33404,0.625,-0.11111110250372827,1.9543584766847638e-10,1.3979837183189094e-5,1.3752030182575963e-5,0.11111110250372827,-0.11111016351995022
33405,1.5625,-0.11111104712992316,2.1674242882043457e-10,1.4722174731351159e-5,1.29088909303827e-5,0.11111104712992316,-0.11111016329552956
33406,3.90625,-0.11111085087608881,2.0957351254669428e-10,1.4476654052186724e-5,1.0807878509952254e-5,0.11111085087608881,-0.11111016248239991
33407,9.765625,-0.11111044286658692,1.433139064721205e-10,1.1971378637071025e-5,6.35811863207883e-6,0.11111044286658692,-0.11111016101208215
33408,24.4140625,-0.1111102021252653,2.9537164803706694e-11,5.434810466217446e-6,8.715152449502206e-6,0.1111102021252653,-0.11111016080461045
33409,9.765625,-0.1111103811951034,6.347235003372069e-12,2.519371946214387e-6,2.0449790214294136e-5,0.1111103811951034,-0.11111016137137737
33410,3.90625,-0.11111045808336127,1.25989411794955e-12,1.122450051427479e-6,2.2504478780765593e-5,0.11111045808336127,-0.11111016191437886
33411,1.5625,-0.11111052055792615,6.665979037303688e-12,2.5818557351842274e-6,2.2377461148714083e-5,0.11111052055792615,-0.11111016240605665
33412,0.625,-0.11111057905316106,2.1106788251065536e-11,4.5942124734349775e-6,2.1955170413132606e-5,0.11111057905316106,-0.11111016287070002
33413,0.25,-0.11111063627454844,4.424101892481839e-11,6.651392254619959e-6,2.1622057733504362e-5,0.11111063627454844,-0.11111016332436126
33414,0.1,-0.1111106930774685,7.596332123054878e-11,8.715693961501218e-6,2.140481039770141e-5,0.1111106930774685,-0.1111101637739961
33415,0.1,-0.11111074903165874,1.1597982643949232e-10,1.076939303951213e-5,2.1266480131291075e-5,0.11111074903165874,-0.1111101642127718
33416,0.1,-0.11111080401176059,1.640055298816604e-10,1.2806464378651134e-5,2.111070011087066e-5,0.11111080401176059,-0.11111016463922095
33417,0.1,-0.11111085789574067,2.1972908702459464e-10,1.4823261686437119e-5,2.093749732935037e-5,0.11111085789574067,-0.11111016505192634
33418,0.1,-0.11111091056523675,2.8281395635491157e-10,1.681707335878962e-5,2.074695166692072e-5,0.11111091056523675,-0.111110165449527
33419,0.25,-0.11111095860724743,3.5096514444255664e-10,1.873406374608981e-5,2.0540393353737488e-5,0.11111095860724743,-0.11111016576819616
33420,0.625,-0.11111099405455843,4.180437251854977e-10,2.0446117606663073e-5,2.0048246312401822e-5,0.11111099405455843,-0.111110165864322
33421,1.5625,-0.11111099669245336,4.670862861056794e-10,2.161217911515818e-5,1.8786596861152434e-5,0.11111099669245336,-0.11111016537206612
33422,3.90625,-0.11111092186857802,4.5659540506492e-10,2.1368093154629402e-5,1.55594251606766e-5,0.11111092186857802,-0.11111016358173657
33423,9.765625,-0.11111070971648405,3.1623715699477467e-10,1.7783058145177806e-5,8.180856665269446e-6,0.11111070971648405,-0.11111016029454415
33424,24.4140625,-0.11111047050847439,6.497960193960902e-11,8.060992615032532e-6,1.1704978910897592e-5,0.11111047050847439,-0.11111015978743352
33425,9.765625,-0.11111048940067822,1.3548256264038668e-11,3.6807956020456592e-6,3.0053066233810203e-5,0.11111048940067822,-0.11111016102401433
33426,3.90625,-0.11111047082621255,1.87750688917801e-12,1.3702214744989257e-6,3.322633793449847e-5,0.11111047082621255,-0.1111101622126756
33427,1.5625,-0.11111044960491745,1.3507233493320933e-11,3.675218836113155e-6,3.3084160783914676e-5,0.11111044960491745,-0.11111016328853555
33428,0.625,-0.11111042794420808,4.5238768493828774e-11,6.725977140447979e-6,3.2481377975467795e-5,0.11111042794420808,-0.11111016430515902
33429,0.25,-0.11111040620343934,9.634290578031865e-11,9.81544221012577e-6,3.200447703707297e-5,0.11111040620343934,-0.11111016529828731
33430,0.1,-0.11111038446419635,1.6661311423369996e-10,1.2907870243913205e-5,3.169757559538667e-5,0.11111038446419635,-0.11111016628345009
33431,0.1,-0.11111036256074959,2.554327701114916e-10,1.598226423606779e-5,3.1506837345242405e-5,0.11111036256074959,-0.11111016724562345
33432,0.1,-0.11111034047769171,3.621981949888585e-10,1.903150532640176e-5,3.128841533861322e-5,0.11111034047769171,-0.11111016818141045
33433,0.1,-0.11111031820116825,4.862446197329085e-10,2.205095507530022e-5,3.104249189796267e-5,0.11111031820116825,-0.11111016908753413
33434,0.1,-0.11111029571898628,6.268489102734893e-10,2.503695089809239e-5,3.076930101799015e-5,0.11111029571898628,-0.11111016996085014
33435,0.25,-0.11111027236904295,7.789881732327712e-10,2.791035960414647e-5,3.0470715145102043e-5,0.11111027236904295,-0.11111017065945412
33436,0.625,-0.11111024676271519,9.291717727723051e-10,3.048231901893793e-5,2.9740482268326734e-5,0.11111024676271519,-0.11111017086329958
33437,1.5625,-0.11111021585604382,1.040004425036296e-9,3.2249099600396536e-5,2.78452885508869e-5,0.11111021585604382,-0.11111016975512619
33438,3.90625,-0.1111101756936001,1.0195251664386989e-9,3.193000417223115e-5,2.2949377811218535e-5,0.1111101756936001,-0.11111016573966036
33439,9.765625,-0.11111013909725094,7.098375148784972e-10,2.664277603551284e-5,1.1358803624448688e-5,0.11111013909725094,-0.11111015832584195
33440,24.4140625,-0.11111023137601304,1.4774831188193955e-10,1.2155176341046623e-5,1.646607775441858e-5,0.11111023137601304,-0.11111015706182394
33441,9.765625,-0.11111035455243691,3.111926225809195e-11,5.578464148678555e-6,4.468540163139565e-5,0.11111035455243691,-0.11111015980398102
33442,3.90625,-0.11111043956730901,3.680952876919423e-12,1.9185809539655663e-6,4.9581477989436204e-5,0.11111043956730901,-0.11111016245780621
33443,1.5625,-0.11111051626614647,2.8615482504698373e-11,5.3493441191138914e-6,4.9425221368666184e-5,0.11111051626614647,-0.11111016486243856
33444,0.625,-0.11111059039949973,9.873847723946192e-11,9.936723667258838e-6,4.8548030032499325e-5,0.11111059039949973,-0.11111016713491302
33445,0.25,-0.11111066370408267,2.1242451644896031e-10,1.45747904427117e-5,4.784784081732116e-5,0.11111066370408267,-0.11111016935499239
33446,0.1,-0.11111073676545712,3.692298627023876e-10,1.9215354867979608e-5,4.739796883373962e-5,0.11111073676545712,-0.11111017155761757
33447,0.1,-0.11111080936516084,5.678092563501987e-10,2.382874852673129e-5,4.712036342425366e-5,0.11111080936516084,-0.11111017370956537
33448,0.1,-0.11111088141426524,8.068382501791594e-10,2.8404898348333505e-5,4.6800654682956744e-5,0.11111088141426524,-0.11111017580312649
33449,0.1,-0.11111095282441939,1.084853208540164e-9,3.2937109899627864e-5,4.643913623319326e-5,0.11111095282441939,-0.1111101778308596
33450,0.1,-0.11111102350803044,1.4002574120574066e-9,3.7420013522945266e-5,4.6036171737856274e-5,0.11111102350803044,-0.11111017978561896
33451,0.25,-0.11111109126933338,1.7418808710726991e-9,4.173584635625231e-5,4.559442133106019e-5,0.11111109126933338,-0.11111018134979067
33452,0.625,-0.11111115082813006,2.079656004960021e-9,4.560324555292113e-5,4.450375996919997e-5,0.11111115082813006,-0.1111101818058199
33453,1.5625,-0.11111118827046418,2.330123029910372e-9,4.827134791892984e-5,4.166004411654413e-5,0.11111118827046418,-0.11111017931900606
33454,3.90625,-0.11111116982700565,2.2876826097441414e-9,4.782972516902163e-5,3.428583970173967e-5,0.11111116982700565,-0.11111017029682217
33455,9.765625,-0.11111103021339212,1.5977995193717726e-9,3.9972484528382426e-5,1.6578685461801306e-5,0.11111103021339212,-0.11111015357458083
33456,24.4140625,-0.11111072433720458,3.364176232694697e-10,1.834169085088585e-5,2.392918373495544e-5,0.11111072433720458,-0.11111015052792722
33457,9.765625,-0.11111060241342706,7.183863047888482e-11,8.475767250160001e-6,6.677105348359838e-5,0.11111060241342706,-0.11111015665293261
33458,3.90625,-0.1111104923818519,8.107958239763605e-12,2.8474476711194544e-6,7.424673478425875e-5,0.1111104923818519,-0.11111016261214922
33459,1.5625,-0.1111103893590712,6.234070661174519e-11,7.895613124498007e-6,7.406586867806347e-5,0.1111103893590712,-0.11111016801755207
33460,0.625,-0.11111028892584895,2.1832164233097082e-10,1.4775711229276606e-5,7.27728982122445e-5,0.11111028892584895,-0.11111017312661087
33461,0.25,-0.11111018950516861,4.72381115988063e-10,2.1734330355179175e-5,7.173320801079469e-5,0.11111018950516861,-0.11111017811773022
33462,0.1,-0.11111009053712508,8.235251222426346e-10,2.8697127421444723e-5,7.106413024937468e-5,0.11111009053712508,-0.11111018306953413
33463,0.1,-0.11110999210486182,1.2687659318580549e-9,3.5619740760680096e-5,7.065145433077333e-5,0.11110999210486182,-0.11111018790804693
33464,0.1,-0.11110989428177903,1.805152155077598e-9,4.248708221421657e-5,7.01753078461749e-5,0.11110989428177903,-0.11111019261585604
33465,0.1,-0.111109797140641,2.4294187044937783e-9,4.928913373649184e-5,6.96361459251793e-5,0.111109797140641,-0.11111019717614977
33466,0.1,-0.11110970075355486,3.1380004708149598e-9,5.601785849900869e-5,6.903452294370295e-5,0.11110970075355486,-0.1111102015727824
33467,0.25,-0.11110960679735686,3.9059492379440675e-9,6.249759385723636e-5,6.837436346259437e-5,0.11110960679735686,-0.11111020509317754
33468,0.625,-0.11110951943639537,4.666044498611699e-9,6.830845115073024e-5,6.674091768132492e-5,0.11110951943639537,-0.11111020612579271
33469,1.5625,-0.11110945012243532,5.2315601769016586e-9,7.232952493208882e-5,6.247650203230088e-5,0.11110945012243532,-0.11111020054636456
33470,3.90625,-0.11110942964711289,5.14193034696213e-9,7.170725449326679e-5,5.140054189591838e-5,0.11110942964711289,-0.11111018026000341
33471,9.765625,-0.11110953657441462,3.6001688006107037e-9,6.000140665526687e-5,2.4610586698157972e-5,0.11110953657441462,-0.11111014253981699
33472,24.4140625,-0.11110993695424914,7.646051985248388e-10,2.765149541209008e-5,3.523273970189994e-5,0.11110993695424914,-0.1111101353484439
33473,9.765625,-0.11111018133343004,1.64444854627837e-10,1.2823605367751965e-5,0.00010003709876040374,0.11111018133343004,-0.11111014910137183
33474,3.90625,-0.11111037675749395,1.724541933462271e-11,4.1527604475363985e-6,0.00011140695356377006,0.11111037675749395,-0.1111101625349979
33475,1.5625,-0.1111105572802215,1.3615975036782656e-10,1.1668751020046085e-5,0.00011119737736274995,0.1111105572802215,-0.11111017473035209
33476,0.625,-0.11111073300895091,4.845453618977699e-10,2.201239109905532e-5,0.00010928293305433861,0.11111073300895091,-0.11111018625839239
33477,0.25,-0.11111090727068945,1.05410428626204e-9,3.246697223736824e-5,0.00010773419232562763,0.11111090727068945,-0.11111019751983654
33478,0.1,-0.111111081227082,1.8426011901193621e-9,4.292553074941954e-5,0.00010673592058640344,0.111111081227082,-0.11111020869214473
33479,0.1,-0.11111125455679112,2.8433737578039e-9,5.332329470132074e-5,0.00010612014589591966,0.11111125455679112,-0.11111021961012477
33480,0.1,-0.11111142707732198,4.049820772311898e-9,6.363820214550296e-5,0.00010540897524928427,0.11111142707732198,-0.11111023023445991
33481,0.1,-0.11111159860482937,5.454633031362548e-9,7.385548748307432e-5,0.000104603074420025,0.11111159860482937,-0.11111024052717668
33482,0.1,-0.11111176895449977,7.049823861492019e-9,8.396322922263066e-5,0.00010370325784390299,0.11111176895449977,-0.11111025045179264
33483,0.25,-0.11111193397912657,8.779501781399792e-9,9.369899562641956e-5,0.000102715314928034,0.11111193397912657,-0.11111025840598006
33484,0.625,-0.11111208349571029,1.0492947701884445e-8,0.00010243509018829653,0.00010026759431843864,0.11111208349571029,-0.11111026076281079
33485,1.5625,-0.11111219015101492,1.1771235297312226e-8,0.00010849532384998086,9.387225458552635e-5,0.11111219015101492,-0.11111024823333956
33486,3.90625,-0.11111218503425,1.1580065565118574e-8,0.00010761071305924226,7.724648697960528e-5,0.11111218503425,-0.11111020255035726
33487,9.765625,-0.1111119209381867,8.124795433807625e-9,9.013764715038675e-5,3.688080019641113e-5,0.1111119209381867,-0.11111011736697936
33488,24.4140625,-0.11111144286416443,1.1927265786495135e-10,1.0921202217015825e-5,5.118457180229435e-5,0.11111144286416443,-0.11111016566178053
33489,9.765625,-0.1111099108175045,1.2320992664323532e-10,1.1099996695640739e-5,2.9987686233133465e-5,0.1111099108175045,-0.11111016499206286
33490,3.90625,-0.11110932879513155,1.4311731521421326e-10,1.1963164933002188e-5,2.0227216104898605e-5,0.11110932879513155,-0.11111016469959452
33491,1.5625,-0.11110885968149059,1.681305129837104e-10,1.2966515067037496e-5,1.587016796824327e-5,0.11110885968149059,-0.11111016463930365
33492,3.90625,-0.11110874241382357,1.680927791398381e-10,1.2965059935836707e-5,1.388787533876782e-5,0.11110874241382357,-0.11111016405008259
33493,9.765625,-0.11110945639626957,1.0956055143548347e-10,1.0467117627861237e-5,9.458585590028254e-6,0.11110945639626957,-0.1111101629038708
33494,24.4140625,-0.11111077788208175,2.142217234270694e-11,4.628409266984386e-6,8.596717016853205e-6,0.11111077788208175,-0.11111016273485114
33495,9.765625,-0.11111016355217163,4.499950653003704e-12,2.1213087123291847e-6,1.8284184197808055e-5,0.11111016355217163,-0.11111016319576611
33496,3.90625,-0.11110994345934637,2.343586844953727e-12,1.5308778020971259e-6,1.9516041037220762e-5,0.11110994345934637,-0.11111016359381436
33497,1.5625,-0.11110977095070933,7.802087949104802e-12,2.793221786594255e-6,1.916598284125225e-5,0.11110977095070933,-0.11111016394865907
33498,0.625,-0.11110961058168807,1.9844609340351215e-11,4.454728873944094e-6,1.868877167015248e-5,0.11110961058168807,-0.11111016428256186
33499,0.25,-0.11110945385613337,3.8230394350816004e-11,6.183073212474199e-6,1.8339092901062855e-5,0.11110945385613337,-0.1111101646078456
33500,0.1,-0.1111092982553037,6.287239198734596e-11,7.92921130928833e-6,1.8110887263831496e-5,0.1111092982553037,-0.11111016492953983
33501,0.1,-0.11110914751795219,9.346419033155212e-11,9.667687951705521e-6,1.7961366769458506e-5,0.11110914751795219,-0.11111016524197097
33502,0.1,-0.11110900213736775,1.2974424273878764e-10,1.1390533031372485e-5,1.7800454441607353e-5,0.11110900213736775,-0.11111016554425472
33503,0.1,-0.11110886258547548,1.714342735928005e-10,1.3093291167342171e-5,1.7627777289624595e-5,0.11110886258547548,-0.11111016583553147
33504,0.1,-0.11110872931141191,2.1824036491587411e-10,1.4772960600904414e-5,1.7443085552232052e-5,0.11110872931141191,-0.1111101661149732
33505,0.25,-0.11110862002554568,2.680677597026992e-10,1.637277495425559e-5,1.7247833501579536e-5,0.11110862002554568,-0.11111016633430001
33506,0.625,-0.11110857417324962,3.1550826582225176e-10,1.7762552345376824e-5,1.6807079810450326e-5,0.11110857417324962,-0.1111101663871993
33507,1.5625,-0.11110868865809696,3.4627988641037326e-10,1.8608597110216915e-5,1.5712693918981132e-5,0.11110868865809696,-0.1111101660102967
33508,3.90625,-0.1111091649709847,3.2862882891221085e-10,1.812812259756125e-5,1.3017858105314001e-5,0.1111091649709847,-0.11111016472576173
33509,9.765625,-0.11111020793860277,2.1998073588370038e-10,1.4831747566746825e-5,7.507340518015614e-6,0.11111020793860277,-0.11111016248332235
33510,24.4140625,-0.11111095299782317,4.6516878536387445e-11,6.8203283305415325e-6,1.068638720189454e-5,0.11111095299782317,-0.11111016214274129
33511,9.765625,-0.11111055737697267,9.709386298857351e-12,3.1159888155860495e-6,2.5131670468750493e-5,0.11111055737697267,-0.11111016300767435
33512,3.90625,-0.11111040482722549,1.6173736258837121e-12,1.2717600504355026e-6,2.774806003967289e-5,0.11111040482722549,-0.11111016383618713
33513,1.5625,-0.11111028561748988,9.761774609755017e-12,3.12438387682356e-6,2.760465240836557e-5,0.11111028561748988,-0.11111016458531343
33514,0.625,-0.11111017549866754,3.1859489921597544e-11,5.644421132551818e-6,2.70825798213054e-5,0.11111017549866754,-0.11111016529248484
33515,0.25,-0.11111006829860384,6.738019897918283e-11,8.208544266749301e-6,2.666858862791129e-5,0.11111006829860384,-0.11111016598256224
33516,0.1,-0.11110996208496478,1.161621539461995e-10,1.0777854793334316e-5,2.6398212392355257e-5,0.11110996208496478,-0.11111016666635862
33517,0.1,-0.11110985785105226,1.7775229934995535e-10,1.3332377858055004e-5,2.6226053559737465e-5,0.11110985785105226,-0.11111016733346231
33518,0.1,-0.11110975587605969,2.517105135207015e-10,1.5865387279253586e-5,2.6032020925172884e-5,0.11110975587605969,-0.11111016798160643
33519,0.1,-0.11110965643065042,3.3755561879377964e-10,1.837268676034563e-5,2.581614119238449e-5,0.11110965643065042,-0.11111016860860132
33520,0.1,-0.11110955977618182,4.3476720952456204e-10,2.085107214328707e-5,2.5578507085256328e-5,0.11110955977618182,-0.1111101692123449
33521,0.25,-0.11110947362189617,5.397880298133302e-10,2.3233338757340283e-5,2.5320747351736667e-5,0.11110947362189617,-0.11111016969463094
33522,0.625,-0.11110941589029305,6.431049854898121e-10,2.53595146934994e-5,2.4705623352633933e-5,0.11110941589029305,-0.11111016983440428
33523,1.5625,-0.11110943181830293,7.184798805622502e-10,2.6804475010009994e-5,2.312700298729593e-5,0.11110943181830293,-0.11111016906884619
33524,3.90625,-0.11110961998353112,7.020431065442718e-10,2.649609606233099e-5,1.9081424239905198e-5,0.11110961998353112,-0.11111016630741927
33525,9.765625,-0.11111010362052327,4.866837408396235e-10,2.2060909791747563e-5,9.707735874357035e-6,0.11111010362052327,-0.11111016123904718
33526,24.4140625,-0.11111057833966982,1.0135101488107322e-10,1.0067324117215718e-5,1.4054081612158596e-5,0.11111057833966982,-0.11111016039570223
33527,9.765625,-0.11111045931644403,2.1240267390921336e-11,4.608716458073911e-6,3.7117688919586956e-5,0.11111045931644403,-0.11111016228686872
33528,3.90625,-0.11111044201118313,2.611165458351663e-12,1.6159101021875143e-6,4.113716497691412e-5,0.11111044201118313,-0.11111016411286738
33529,1.5625,-0.11111043581601729,1.9926525171657154e-11,4.463913660864998e-6,4.0990106693453686e-5,0.11111043581601729,-0.11111016576654717
33530,0.625,-0.11111043236520907,6.823299821157481e-11,8.260326761791862e-6,4.0252898122538586e-5,0.11111043236520907,-0.11111016732892517
33531,0.25,-0.111110429770161,1.463989527173448e-10,1.209954349210518e-5,3.966506504102083e-5,0.111110429770161,-0.1111101688548751
33532,0.1,-0.11111042747763823,2.5410410108907266e-10,1.594064305757684e-5,3.9285701230891876e-5,0.11111042747763823,-0.11111017036838688
33533,0.1,-0.1111104259131207,3.9040761125307115e-10,1.9758735062069917e-5,3.9049584909552635e-5,0.1111104259131207,-0.1111101718466121
33534,0.1,-0.11111042515694725,5.543852429717549e-10,2.3545386872416324e-5,3.8778993654675665e-5,0.11111042515694725,-0.1111101732843083
33535,0.1,-0.11111042528500938,7.450187093101481e-10,2.7295030853804655e-5,3.8474150394230806e-5,0.11111042528500938,-0.11111017467641755
33536,0.1,-0.11111042636846652,9.611998596181684e-10,3.100322337464555e-5,3.813534103614989e-5,0.11111042636846652,-0.11111017601808454
33537,0.25,-0.11111043095851979,1.1952459684885001e-9,3.457232952070919e-5,3.7764874747696376e-5,0.11111043095851979,-0.11111017709146873
33538,0.625,-0.11111044478313481,1.4265093608497636e-9,3.776915885811814e-5,3.6858463159807136e-5,0.11111044478313481,-0.111110177404738
33539,1.5625,-0.11111048170076161,1.5977302400180028e-9,3.997161793095199e-5,3.450453872108815e-5,0.11111048170076161,-0.11111017570086719
33540,3.90625,-0.11111056856035291,1.5679922614986129e-9,3.959788203299026e-5,2.8413983917442273e-5,0.11111056856035291,-0.111110169520321
33541,9.765625,-0.11111071718488366,1.094697969820307e-9,3.308622024076348e-5,1.3863575791521385e-5,0.11111071718488366,-0.11111015807134235
33542,24.4140625,-0.11111070763801058,2.3035163776945273e-10,1.5177339614354445e-5,1.9979835326676088e-5,0.11111070763801058,-0.11111015600043633
33543,9.765625,-0.11111052830806506,4.8960402986153887e-11,6.997171070236448e-6,5.5355142037346e-5,0.11111052830806506,-0.1111101602108744
33544,3.90625,-0.11111041935787372,5.328124068742724e-12,2.308272962355779e-6,6.153295820159353e-5,0.11111041935787372,-0.1111101643045635
33545,1.5625,-0.11111032356318924,4.25848487568623e-11,6.5257067630151984e-6,6.137771279720286e-5,0.11111032356318924,-0.11111016801719809
33546,0.625,-0.11111023177196098,1.4960019530751486e-10,1.2231115865182329e-5,6.030357801491119e-5,0.11111023177196098,-0.11111017152594768
33547,0.25,-0.11111014137637416,3.2384733976953395e-10,1.7995758938414737e-5,5.943978600811171e-5,0.11111014137637416,-0.11111017495336217
33548,0.1,-0.11111005152210139,5.646347347915414e-10,2.3762043994394537e-5,5.8883091978944235e-5,0.11111005152210139,-0.111110178353437
33549,0.1,-0.1111099625969404,8.699056138955714e-10,2.9494162369790592e-5,5.8538839098677186e-5,0.1111099625969404,-0.11111018167549243
33550,0.1,-0.11110987472395843,1.2376282567676597e-9,3.517994111376055e-5,5.8142279315599946e-5,0.11110987472395843,-0.11111018490762656
33551,0.1,-0.1111097880234151,1.6655567039517528e-9,4.081123257084687e-5,5.7693770413933046e-5,0.1111097880234151,-0.11111018803834656
33552,0.1,-0.11110970261254044,2.151240088765112e-9,4.638146277086474e-5,5.7193756155892254e-5,0.11110970261254044,-0.1111101910566154
33553,0.25,-0.1111096217960543,2.6775750329586916e-9,5.174528995917108e-5,5.6645512992866974e-5,0.1111096217960543,-0.1111101934739992
33554,0.625,-0.11110955338082071,3.1984920441572805e-9,5.6555212351800786e-5,5.529243350817857e-5,0.11110955338082071,-0.11111019418594535
33555,1.5625,-0.11110951764158415,3.5860379123450076e-9,5.98835362378092e-5,5.1763890547291684e-5,0.11110951764158415,-0.11111019036573003
33556,3.90625,-0.11110956252888098,3.5246511134698345e-9,5.936877220786896e-5,4.260563865253029e-5,0.11110956252888098,-0.11111017646488708
33557,9.765625,-0.11110977437964972,2.468314365443478e-9,4.968213326180226e-5,2.0501625082972944e-5,0.11110977437964972,-0.1111101506096153
33558,24.4140625,-0.11111017755422363,5.24853273878651e-10,2.290967642457333e-5,2.9264597104901862e-5,0.11111017755422363,-0.11111014566441138
33559,9.765625,-0.11111030852150608,1.1296348459366777e-10,1.0628428133720798e-5,8.288287867431753e-5,0.11111030852150608,-0.11111015510243859
33560,3.90625,-0.11111043409204564,1.177661721222101e-11,3.4317076233591067e-6,9.230456307613872e-5,0.11111043409204564,-0.11111016432480515
33561,1.5625,-0.11111055262033369,9.311872806530184e-11,9.649804560989919e-6,9.213460516849589e-5,0.11111055262033369,-0.1111101726982935
33562,0.625,-0.11111066866365772,3.3184215829043043e-10,1.8216535298745217e-5,9.05506011447893e-5,0.11111066866365772,-0.11111018061389527
33563,0.25,-0.11111078395021247,7.222438134012459e-10,2.6874594199750178e-5,8.926817850193926e-5,0.11111078395021247,-0.11111018834635335
33564,0.1,-0.11111089910999555,1.2627808766426931e-9,3.553562827139395e-5,8.844094102177823e-5,0.11111089910999555,-0.11111019601739035
33565,0.1,-0.11111101400436423,1.94888155101094e-9,4.414613857418268e-5,8.793012620963662e-5,0.11111101400436423,-0.1111102035138256
33566,0.1,-0.11111112853032534,2.776014293399722e-9,5.26878951316118e-5,8.734039044398498e-5,0.11111112853032534,-0.11111021080870556
33567,0.1,-0.11111124258283793,3.7391627299944e-9,6.11486936082399e-5,8.667228934637866e-5,0.11111124258283793,-0.1111102178759994
33568,0.1,-0.11111135605499874,4.832846605974429e-9,6.951867810865242e-5,8.592650152355045e-5,0.11111135605499874,-0.11111022469070012
33569,0.25,-0.11111146673054112,6.018770647325272e-9,7.758073631595199e-5,8.510785417866175e-5,0.11111146673054112,-0.1111102301543256
33570,0.625,-0.11111156905673006,7.193674048621595e-9,8.481552952509107e-5,8.308148563785737e-5,0.11111156905673006,-0.11111023178026183
33571,1.5625,-0.11111164774341123,8.070534376166177e-9,8.983615294616181e-5,7.778918048655392e-5,0.11111164774341123,-0.11111022319937214
33572,3.90625,-0.11111166217696736,7.940595238446293e-9,8.911001760995389e-5,6.403400541467323e-5,0.11111166217696736,-0.11111019188223328
33573,9.765625,-0.1111115135197224,5.5733425868453224e-9,7.465482293090865e-5,3.066187626024572e-5,0.1111115135197224,-0.11111013345234834
33574,24.4140625,-0.1111109653819191,7.977468885700367e-11,8.931667753393185e-6,4.2392530165322454e-5,0.1111109653819191,-0.11111016662499777
33575,9.765625,-0.11111009228201486,8.395440802228192e-11,9.162663806027259e-6,2.4077225643244337e-5,0.11111009228201486,-0.11111016610287237
33576,3.90625,-0.11110976963834329,9.598504748500938e-11,9.797195899083032e-6,1.608815226064585e-5,0.11110976963834329,-0.11111016589426889
33577,1.5625,-0.11110950925763437,1.1100389662278969e-10,1.0535838676763691e-5,1.2682718408600947e-5,0.11110950925763437,-0.1111101658512504
33578,3.90625,-0.11110945001480935,1.1053819924029422e-10,1.0513714816385986e-5,1.1179717698858496e-5,0.11110945001480935,-0.1111101654689721
33579,9.765625,-0.11110986123931722,7.395210051862528e-11,8.59954071556297e-6,7.924350490348549e-6,0.11110986123931722,-0.11111016471160522
33580,24.4140625,-0.11111060165762726,1.4388793546664144e-11,3.7932563249356276e-6,7.497913046083738e-6,0.11111060165762726,-0.1111101646083658
33581,9.765625,-0.11111027254056137,3.0996665102253885e-12,1.7605869788866975e-6,1.5029349089112798e-5,0.11111027254056137,-0.11111016491366726
33582,3.90625,-0.11111016286212397,1.203421875152404e-12,1.0970058683308872e-6,1.6167509352183945e-5,0.11111016286212397,-0.11111016518971412
33583,1.5625,-0.11111007857884249,4.418796408068603e-12,2.1020933395233912e-6,1.5951631784511395e-5,0.11111007857884249,-0.11111016543792072
33584,0.625,-0.11111000068154477,1.2033181049815546e-11,3.4688875810287577e-6,1.5593086503219584e-5,0.11111000068154477,-0.11111016567193444
33585,0.25,-0.11110992468308953,2.387226016435842e-11,4.885924699006158e-6,1.532108044203768e-5,0.11110992468308953,-0.11111016589988951
33586,0.1,-0.11110984926575677,3.987180973547143e-11,6.314412857540393e-6,1.5140403179276132e-5,0.11110984926575677,-0.11111016612521944
33587,0.1,-0.11110977650251168,5.984935069116248e-11,7.736236209628199e-6,1.5020431473994834e-5,0.11110977650251168,-0.11111016634438842
33588,0.1,-0.1111097066563736,8.364154914728413e-11,9.145575386343067e-6,1.4891570383108768e-5,0.1111097066563736,-0.11111016655680904
33589,0.1,-0.1111096399784149,1.1107441705929531e-10,1.0539184838463329e-5,1.4753481883900192e-5,0.1111096399784149,-0.11111016676190678
33590,0.1,-0.11110957670697452,1.4196383151804894e-10,1.1914857595374313e-5,1.4605927677698826e-5,0.11110957670697452,-0.11111016695912615
33591,0.25,-0.11110952645588891,1.750530382231528e-10,1.3230761059861704e-5,1.4450035334956141e-5,0.11110952645588891,-0.11111016711686109
33592,0.625,-0.11110951056595425,2.0705896076888723e-10,1.4389543452413187e-5,1.4100312102359531e-5,0.11110951056595425,-0.11111016716484651
33593,1.5625,-0.11110958127330037,2.2914486056254365e-10,1.5137531521438482e-5,1.3231240492285372e-5,0.11110958127330037,-0.11111016692655115
33594,3.90625,-0.11110984617066572,2.2075822328564618e-10,1.4857934691121987e-5,1.1072608782005857e-5,0.11110984617066572,-0.11111016607003775
33595,9.765625,-0.11111040819674406,1.506720934189268e-10,1.2274856146567535e-5,6.539195549788985e-6,0.11111040819674406,-0.11111016452664556
33596,24.4140625,-0.1111107699528889,3.1670806390654816e-11,5.6276821508197155e-6,8.87398338069171e-6,0.1111107699528889,-0.11111016428696165
33597,9.765625,-0.11111053665760016,6.860125572280479e-12,2.619184142491795e-6,2.092965500589041e-5,0.11111053665760016,-0.11111016488110856
33598,3.90625,-0.11111043882361388,1.256559087376416e-12,1.1209634638900663e-6,2.308706217242976e-5,0.11111043882361388,-0.111110165453687
33599,1.5625,-0.11111036005801853,6.72650324133395e-12,2.5935503159441405e-6,2.2977358045394237e-5,0.11111036005801853,-0.11111016597286608
33600,0.625,-0.11111028656396991,2.1723224327179333e-11,4.6608179890636506e-6,2.2552999409293943e-5,0.11111028656396991,-0.11111016646361416
33601,0.25,-0.11111021477513434,4.588492771887437e-11,6.773841430006637e-6,2.221532255023264e-5,0.11111021477513434,-0.11111016694274652
33602,0.1,-0.11111014356619758,7.910079010505727e-11,8.893862496410504e-6,2.1994531220923935e-5,0.11111014356619758,-0.11111016741760471
33603,0.1,-0.1111100734860555,1.2106538331486248e-10,1.1002971567484053e-5,2.185386370276774e-5,0.1111100734860555,-0.11111016788109436
33604,0.1,-0.11111000469679655,1.7148124181674144e-10,1.309508464335918e-5,2.169523223995967e-5,0.11111000469679655,-0.11111016833166319
33605,0.1,-0.11110993735587578,2.300230606494675e-10,1.5166511156144894e-5,2.1518667602570247e-5,0.11110993735587578,-0.11111016876781223
33606,0.1,-0.11110987161567747,2.9633890151114927e-10,1.721449684164917e-5,2.1324253798867693e-5,0.11110987161567747,-0.11111016918810161
33607,0.25,-0.11110981189004106,3.6803025987338976e-10,1.9184114779509368e-5,2.111332952769322e-5,0.11110981189004106,-0.11111016952555838
33608,0.625,-0.11110976847891796,4.386755212585223e-10,2.094458214571306e-5,2.0609967375405104e-5,0.11110976847891796,-0.11111016962930047
33609,1.5625,-0.11110976749702894,4.90523296557643e-10,2.2147760531431682e-5,1.9318314811590947e-5,0.11110976749702894,-0.11111016911457992
33610,3.90625,-0.11110986653510285,4.801333153574013e-10,2.1911944581834842e-5,1.6010968781468235e-5,0.11110986653510285,-0.1111101672328936
33611,9.765625,-0.11111014219458969,3.3372337783922745e-10,1.8268097269262267e-5,8.413928448474812e-6,0.11111014219458969,-0.11111016376087038
33612,24.4140625,-0.11111044710299875,6.964199668180074e-11,8.345178049736312e-6,1.1830996746362105e-5,0.11111044710299875,-0.1111101631781987
33613,9.765625,-0.11111041178957955,1.4718643176740454e-11,3.8364883913209556e-6,3.0829366442512306e-5,0.11111041178957955,-0.11111016447904197
33614,3.90625,-0.11111042662944133,1.857208773346073e-12,1.3627944721586132e-6,3.4158953888262114e-5,0.11111042662944133,-0.11111016573753739
33615,1.5625,-0.1111104456784683,1.3643110420691627e-11,3.693658135330289e-6,3.404352797495742e-5,0.1111104456784683,-0.11111016687844513
33616,0.625,-0.1111104656029362,4.668207426857709e-11,6.832428138559314e-6,3.343788404816581e-5,0.1111104656029362,-0.11111016795690314
33617,0.25,-0.11111048578014661,1.0019879046949849e-10,1.000993458867232e-5,3.295429791305529e-5,0.11111048578014661,-0.11111016901043848
33618,0.1,-0.11111050605054966,1.739747949810581e-10,1.318995052989427e-5,3.2642275072751974e-5,0.11111050605054966,-0.11111017005548339
33619,0.1,-0.11111052662284564,2.6736879500341955e-10,1.6351415688050364e-5,3.2448264495925967e-5,0.11111052662284564,-0.11111017107639441
33620,0.1,-0.11111054752096204,3.7974999566705306e-10,1.9487175158730756e-5,3.2225779461248906e-5,0.11111054752096204,-0.11111017206957305
33621,0.1,-0.1111105687664256,5.104230548280648e-10,2.2592544230964002e-5,3.197500615379924e-5,0.1111105687664256,-0.11111017303154591
33622,0.1,-0.11111059037823896,6.586309299532066e-10,2.566380583532393e-5,3.1696183091912504e-5,0.11111059037823896,-0.11111017395897835
33623,0.25,-0.11111061330688088,8.191215961037479e-10,2.862030041952299e-5,3.1391197939350625e-5,0.11111061330688088,-0.11111017470256122
33624,0.625,-0.11111063958492548,9.77772905752906e-10,3.126936049478636e-5,3.064405481537293e-5,0.11111063958492548,-0.1111101749250851
33625,1.5625,-0.11111067381413926,1.0954030444426072e-9,3.309687363547511e-5,2.8703016104580275e-5,0.11111067381413926,-0.11111017376438201
33626,3.90625,-0.11111072302837359,1.0755029717881664e-9,3.2794861972390835e-5,2.3683428580608106e-5,0.11111072302837359,-0.1111101695317972
33627,9.765625,-0.11111077641955196,7.515774517881167e-10,2.741491294511286e-5,1.1756005028290305e-5,0.11111077641955196,-0.11111016167575216
33628,24.4140625,-0.1111106881269346,1.5863257310936388e-10,1.259494236228828e-5,1.6683944659722892e-5,0.1111106881269346,-0.11111016023903816
33629,9.765625,-0.11111054966087182,3.386336549632943e-11,5.819223788129258e-6,4.5928678556210323e-5,0.11111054966087182,-0.11111016313390087
33630,3.90625,-0.1111104561584089,3.678686741242679e-12,1.917990287056397e-6,5.106134037122719e-5,0.1111104561584089,-0.11111016595277429
33631,1.5625,-0.11111037222645861,2.9052430593094922e-11,5.390030667175737e-6,5.094294127096339e-5,0.11111037222645861,-0.11111016851097127
33632,0.625,-0.1111102913083557,1.0233991196958757e-10,1.01163190919221e-5,5.005928266633653e-5,0.1111102913083557,-0.11111017092941448
33633,0.25,-0.11111021145185429,2.218069843306713e-10,1.4893185835497765e-5,4.934759925765295e-5,0.11111021145185429,-0.11111017329211256
33634,0.1,-0.11111013200513108,3.869814346556648e-10,1.9671843702501928e-5,4.8889124590569794e-5,0.11111013200513108,-0.11111017563613454
33635,0.1,-0.11111005321270712,5.964580511825207e-10,2.442249068343605e-5,4.860602018624095e-5,0.11111005321270712,-0.11111017792675648
33636,0.1,-0.11110997516719741,8.488472511377553e-10,2.9134983287068405e-5,4.827959444011453e-5,0.11110997516719741,-0.1111101801557927
33637,0.1,-0.1111098979595508,1.1426121820245759e-9,3.3802546975406685e-5,4.7910147030069625e-5,0.1111098979595508,-0.11111018231533823
33638,0.1,-0.11110982167890278,1.4760751086521527e-9,3.8419722912225076e-5,4.7498048692224296e-5,0.11110982167890278,-0.11111018439780036
33639,0.25,-0.11110974870684422,1.8375170655977686e-9,4.286626955541815e-5,4.704598659404676e-5,0.11110974870684422,-0.1111101860679358
33640,0.625,-0.11110968473141074,2.195359678193932e-9,4.685466549015084e-5,4.592835955174412e-5,0.11110968473141074,-0.11111018656739376
33641,1.5625,-0.11110964469521294,2.461872504270101e-9,4.9617260144732913e-5,4.3011926968668754e-5,0.11110964469521294,-0.11111018395486552
33642,3.90625,-0.1111096648696282,2.420595931405889e-9,4.919955214639549e-5,3.5442787991567244e-5,0.1111096648696282,-0.11111017441684079
33643,9.765625,-0.11110981620806451,1.6965408324246171e-9,4.118908632665475e-5,1.7219090489597825e-5,0.11110981620806451,-0.11111015664945154
33644,24.4140625,-0.1111101535092365,3.618996587183598e-10,1.902366049734803e-5,2.431293836790164e-5,0.1111101535092365,-0.11111015320720333
33645,9.765625,-0.11111028934428271,7.82465185081336e-11,8.845706218733108e-6,6.874270335493797e-5,0.11111028934428271,-0.11111015969408919
33646,3.90625,-0.11111041057795842,8.171972525951232e-12,2.858666214504805e-6,7.657916901824825e-5,0.11111041057795842,-0.11111016604237162
33647,1.5625,-0.11111052410245598,6.358776832747226e-11,7.974193898286663e-6,7.645291329099743e-5,0.11111052410245598,-0.11111017180940383
33648,0.625,-0.11111063497947281,2.2719936225708025e-10,1.5073133790193738e-5,7.514770403823151e-5,0.11111063497947281,-0.1111101772621906
33649,0.25,-0.11111074501075038,4.950857021882262e-10,2.2250521391379265e-5,7.408913235733623e-5,0.11111074501075038,-0.11111018258922235
33650,0.1,-0.11111085484047745,8.661895282140582e-10,2.943109797839792e-5,7.340626902183093e-5,0.11111085484047745,-0.11111018787414023
33651,0.1,-0.11111096432657769,1.3373813534841366e-9,3.6570224958073976e-5,7.29849203933479e-5,0.11111096432657769,-0.11111019303933471
33652,0.1,-0.11111107336884857,1.9055562373803314e-9,4.3652677322019226e-5,7.249814528660607e-5,0.11111107336884857,-0.11111019806625902
33653,0.1,-0.11111118186592255,2.567275775044814e-9,5.066829161363953e-5,7.194640720967431e-5,0.11111118186592255,-0.11111020293699915
33654,0.1,-0.11111128971543745,3.3187824626082847e-9,5.7608874859766914e-5,7.133027126323271e-5,0.11111128971543745,-0.11111020763434387
33655,0.25,-0.11111139471086864,4.133807589126875e-9,6.429469332010905e-5,7.065370883797519e-5,0.11111139471086864,-0.11111021140373199
33656,0.625,-0.11111149136652043,4.9414974073216626e-9,7.029578513198115e-5,6.897720943304869e-5,0.11111149136652043,-0.1111102125366077
33657,1.5625,-0.11111156470728537,5.544864306804751e-9,7.446384563534676e-5,6.459671908217286e-5,0.11111156470728537,-0.11111020665560456
33658,3.90625,-0.11111157559504284,5.457310303500114e-9,7.387361033210787e-5,5.321061429805576e-5,0.11111157559504284,-0.11111018514363209
33659,9.765625,-0.11111143202003247,3.83320297226772e-9,6.191286596716163e-5,2.5612599988973084e-5,0.11111143202003247,-0.1111101449584253
33660,24.4140625,-0.1111109778242071,8.23765570361107e-10,2.8701316526617852e-5,3.5886765694356384e-5,0.1111109778242071,-0.111110136873996
33661,9.765625,-0.11111072863889702,1.7921429780097353e-10,1.3387094449542572e-5,0.00010313938870839475,0.11111072863889702,-0.11111015148134733
33662,3.90625,-0.11111052560366223,1.7519816822887515e-11,4.1856680258815935e-6,0.00011505254743494278,0.11111052560366223,-0.11111016582644914
33663,1.5625,-0.11111033798922655,1.39588144600244e-10,1.181474268023828e-5,0.00011491841968792235,0.11111033798922655,-0.11111017886744826
33664,0.625,-0.11111015577373365,5.062412763903942e-10,2.2499806141173623e-5,0.00011298003178526536,0.11111015577373365,-0.1111101911988464
33665,0.25,-0.11110997565372122,1.1085840454736499e-9,3.3295405771271956e-5,0.00011139922295526609,0.11110997565372122,-0.11111020324523047
33666,0.1,-0.11110979648733799,1.944223054206555e-9,4.4093344783612806e-5,0.00011037784490670321,0.11110979648733799,-0.11111021519582769
33667,0.1,-0.11110961853319508,3.0061472925389897e-9,5.482834387922901e-5,0.000109747419519219,0.11110961853319508,-0.11111022687677181
33668,0.1,-0.11110944193997548,4.2873838239515404e-9,6.547811713810607e-5,0.00010901864388858627,0.11110944193997548,-0.11111023824611808
33669,0.1,-0.11110926685365123,5.780207267299421e-9,7.602767435151111e-5,0.00010819219718666596,0.11110926685365123,-0.11111024926334373
33670,0.1,-0.11110909341740466,7.476171890879576e-9,8.646485928329251e-5,0.00010726891027537557,0.11110909341740466,-0.1111102598895011
33671,0.25,-0.11110892525329226,9.316256034625007e-9,9.652075442424292e-5,0.00010625465141407449,0.11110892525329226,-0.11111026842347083
33672,0.625,-0.11110877118941848,1.11411551471304e-8,0.00010555167050847846,0.00010373882118404072,0.11110877118941848,-0.1111102710104384
33673,1.5625,-0.11110865504412493,1.2507738828448946e-8,0.00011183800261292646,9.716092038698701e-5,0.11110865504412493,-0.11111025776762139
33674,3.90625,-0.111108638524741,1.2320439964725718e-8,0.00011099747728991735,8.004927599683744e-5,0.111108638524741,-0.1111102092056502
33675,9.765625,-0.1111088668630107,8.670627401600552e-9,9.311620375423685e-5,3.8432018835123633e-5,0.1111088668630107,-0.11111011825320989
33676,24.4140625,-0.11110958382067104,1.2448716360682481e-10,1.1157381574851011e-5,5.224079342584762e-5,0.11110958382067104,-0.111110169319807
33677,9.765625,-0.1111109557237302,1.2902167940189328e-10,1.135877103395844e-5,3.0476227949327512e-5,0.1111109557237302,-0.11111016860040285
33678,3.90625,-0.11111146968972399,1.4919227695522778e-10,1.2214429047451533e-5,2.0534033844831455e-5,0.11111146968972399,-0.11111016829236355
33679,1.5625,-0.11111188400342804,1.7471925204493734e-10,1.3218141020769045e-5,1.6136540878164467e-5,0.11111188400342804,-0.1111101682292248
33680,3.90625,-0.11111198216809313,1.7480269712259052e-10,1.322129710439148e-5,1.414161754924408e-5,0.11111198216809313,-0.11111016761817487
33681,9.765625,-0.11111133790632045,1.1509122350582451e-10,1.0728057769504437e-5,9.68011608943172e-6,0.11111133790632045,-0.11111016641704631
33682,24.4140625,-0.11111016974976522,2.2447529962816163e-11,4.73788243446544e-6,8.753972596457284e-6,0.11111016974976522,-0.1111101662347053
33683,9.765625,-0.11111071862595462,4.724842042160563e-12,2.173670177869808e-6,1.8600336778706025e-5,0.11111071862595462,-0.11111016671010815
33684,3.90625,-0.1111109113889222,2.141914289257749e-12,1.4635280281763479e-6,1.9945636723409084e-5,0.1111109113889222,-0.11111016712829884
33685,1.5625,-0.11111106163488517,7.533336127878338e-12,2.7446923557802136e-6,1.962718259037449e-5,0.11111106163488517,-0.1111101675020029
33686,0.625,-0.1111112010973963,1.9806504663381046e-11,4.450449939430961e-6,1.9155621331017715e-5,0.1111112010973963,-0.11111016785368702
33687,0.25,-0.11111133734175122,3.87017702473013e-11,6.221074685880351e-6,1.880488897542855e-5,0.11111133734175122,-0.11111016819617842
33688,0.1,-0.11111147260410002,6.41248333571062e-11,8.00779828399206e-6,1.8574402633394062e-5,0.11111147260410002,-0.11111016853479114
33689,0.1,-0.11111160351245525,9.577042470170625e-11,9.786236493244288e-6,1.8422686744896577e-5,0.11111160351245525,-0.1111101688637804
33690,0.1,-0.11111172962644521,1.3337313773827963e-10,1.1548728836468524e-5,1.825935657390834e-5,0.11111172962644521,-0.11111016918221912
33691,0.1,-0.11111185052493666,1.7665037020348012e-10,1.3290988308003288e-5,1.8084021867167153e-5,0.11111185052493666,-0.11111016948920432
33692,0.1,-0.11111196580732512,2.2530334257781713e-10,1.5010108013529321e-5,1.7896415397075867e-5,0.11111196580732512,-0.11111016978386457
33693,0.25,-0.11111205959046548,2.772364103738938e-10,1.6650417723705728e-5,1.7698000975041837e-5,0.11111205959046548,-0.11111017001620788
33694,0.625,-0.11111209653007109,3.270146253764672e-10,1.8083545708086872e-5,1.7250451426802395e-5,0.11111209653007109,-0.11111017007568808
33695,1.5625,-0.11111198989432139,3.6018202995045487e-10,1.8978462265169296e-5,1.6137298482958322e-5,0.11111198989432139,-0.11111016968681442
33696,3.90625,-0.11111155991067173,3.4404298335625734e-10,1.854839570842334e-5,1.3379213255988972e-5,0.11111155991067173,-0.11111016834190005
33697,9.765625,-0.11111062762035984,2.3251277178762632e-10,1.5248369479640317e-5,7.60044780511339e-6,0.11111062762035984,-0.1111101659616551
33698,24.4140625,-0.11110998631672864,4.9558507060124623e-11,7.0397803275474885e-6,1.0708067025421061e-5,0.11110998631672864,-0.11111016557200405
33699,9.765625,-0.11111035337523233,1.0495083434593454e-11,3.2396116178630817e-6,2.580655366532854e-5,0.11111035337523233,-0.11111016648321949
33700,3.90625,-0.1111104971095394,1.6224887212011552e-12,1.2737694929621903e-6,2.8545220946288126e-5,0.1111104971095394,-0.11111016736132012
33701,1.5625,-0.11111061013517579,9.936553925894538e-12,3.1522299925440938e-6,2.842016272695513e-5,0.11111061013517579,-0.11111016815642794
33702,0.625,-0.11111071480231148,3.3021085562013526e-11,5.746397616073354e-6,2.7893520685552968e-5,0.11111071480231148,-0.11111016890723747
33703,0.25,-0.11111081681068373,7.031325735749213e-11,8.385300075578221e-6,2.7472651655205448e-5,0.11111081681068373,-0.11111016963990596
33704,0.1,-0.11111091794653631,1.2164217598770584e-10,1.1029151190717527e-5,2.7197149268284423e-5,0.11111091794653631,-0.11111017036588737
33705,0.1,-0.11111101726437234,1.865364043539203e-10,1.3657833076806888e-5,2.7021633555573046e-5,0.11111101726437234,-0.11111017107430601
33706,0.1,-0.1111111145024608,2.645358961588585e-10,1.6264559513213337e-5,2.682358132562831e-5,0.1111111145024608,-0.11111017176275517
33707,0.1,-0.11111120940667601,3.5513718075635237e-10,1.88450837290884e-5,2.6603019673281622e-5,0.11111120940667601,-0.11111017242890939
33708,0.1,-0.11111130173123628,4.5779525968318723e-10,2.139615058096169e-5,2.6360042412368974e-5,0.11111130173123628,-0.11111017307053558
33709,0.25,-0.11111138423924244,5.687903671811063e-10,2.3849326346484218e-5,2.6096294323793225e-5,0.11111138423924244,-0.11111017358409024
33710,0.625,-0.11111144010588592,6.781618242837931e-10,2.6041540359275852e-5,2.546595253900275e-5,0.11111144010588592,-0.11111017373618581
33711,1.5625,-0.11111142684058736,7.583979275074716e-10,2.753902553663567e-5,2.3846573080922054e-5,0.11111142684058736,-0.11111017293173889
33712,3.90625,-0.1111112516964196,7.423391827861468e-10,2.7245902128322833e-5,1.969051264073863e-5,0.1111112516964196,-0.11111017001321441
33713,9.765625,-0.11111079768762866,5.165132192360068e-10,2.2726927184201712e-5,1.0006955092745333e-5,0.11111079768762866,-0.11111016462870152
33714,24.4140625,-0.11111034406732166,1.0881286243805657e-10,1.043134039508138e-5,1.426189099809068e-5,0.11111034406732166,-0.11111016367492474
33715,9.765625,-0.11111044585347675,2.3066479951208504e-11,4.802757536166957e-6,3.81964086395146e-5,0.11111044585347675,-0.11111016567661884
33716,3.90625,-0.11111045449986907,2.6221515413401324e-12,1.6193058825744235e-6,4.240601527585191e-5,0.11111045449986907,-0.1111101676196189
33717,1.5625,-0.11111045348445014,2.0389228737304506e-11,4.515443359992959e-6,4.2285192185378606e-5,0.11111045348445014,-0.11111016938160422
33718,0.625,-0.11111045019391232,7.109012114561485e-11,8.431495783407287e-6,4.153945388802851e-5,0.11111045019391232,-0.1111101710467934
33719,0.25,-0.11111044625743585,1.5351677851664095e-10,1.2390188800685845e-5,4.0940299050290984e-5,0.11111044625743585,-0.11111017267316915
33720,0.1,-0.1111104421473819,2.6732848974060075e-10,1.6350183171469387e-5,4.055278670019265e-5,0.1111104421473819,-0.11111017428623997
33721,0.1,-0.11111043747228934,4.1153890359782866e-10,2.0286421655822612e-5,4.031149676316141e-5,0.11111043747228934,-0.11111017586202376
33722,0.1,-0.11111043215954315,5.851752940418383e-10,2.4190396731799136e-5,4.003466687270566e-5,0.11111043215954315,-0.11111017739494135
33723,0.1,-0.11111042614011273,7.87165102400215e-10,2.805646275638137e-5,3.972252630118693e-5,0.11111042614011273,-0.11111017887960656
33724,0.1,-0.11111041934884623,1.0163403304424186e-9,3.188009301182195e-5,3.937536815563815e-5,0.11111041934884623,-0.11111018031084766
33725,0.25,-0.11111040949873022,1.2646123549596721e-9,3.556138854093962e-5,3.899553226817504e-5,0.11111040949873022,-0.11111018145806514
33726,0.625,-0.1111103914623735,1.5102215880681069e-9,3.886156955229815e-5,3.8064950135446e-5,0.1111103914623735,-0.11111018180003204
33727,1.5625,-0.11111035290352474,1.6927753051323579e-9,4.114335067945193e-5,3.564628985262496e-5,0.11111035290352474,-0.11111018000319742
33728,3.90625,-0.1111102705019569,1.663430807639536e-9,4.0785178774151966e-5,2.9382947586928084e-5,0.1111102705019569,-0.11111017345087376
33729,9.765625,-0.11111013878447852,1.1648709840773215e-9,3.413020632925212e-5,1.4376925648347642e-5,0.11111013878447852,-0.11111016126022874
33730,24.4140625,-0.11111017983385033,2.478911258909646e-10,1.5744558612135326e-5,2.0348840652366738e-5,0.11111017983385033,-0.11111015893297317
33731,9.765625,-0.1111103669186208,5.32653716972147e-11,7.298312935001808e-6,5.705305035858631e-5,0.1111103669186208,-0.11111016340279926
33732,3.90625,-0.11111048324860122,5.4102424439515414e-12,2.325992786736782e-6,6.352163485664236e-5,0.11111048324860122,-0.11111016777061554
33733,1.5625,-0.11111058611076688,4.376829838275505e-11,6.615761360777386e-6,6.340454194413289e-5,0.11111058611076688,-0.11111017173699171
33734,0.625,-0.11111068497539478,1.5645055512890716e-10,1.2508019632576021e-5,6.231588208652556e-5,0.11111068497539478,-0.11111017548666598
33735,0.25,-0.11111078257533062,3.407538731648347e-10,1.8459519851958085e-5,6.143393518954304e-5,0.11111078257533062,-0.11111017914948407
33736,0.1,-0.11111087981393743,5.959414454180434e-10,2.441191195744494e-5,6.086436325939252e-5,0.11111087981393743,-0.11111018278299374
33737,0.1,-0.11111097626619348,9.198502012888916e-10,3.0329032317053764e-5,6.051201808631928e-5,0.11111097626619348,-0.11111018633382302
33738,0.1,-0.11111107179164022,1.310335360254245e-9,3.6198554670791e-5,6.010568767455487e-5,0.11111107179164022,-0.11111018978927098
33739,0.1,-0.11111116625131667,1.7650239124081838e-9,4.201218766510718e-5,5.96457382804428e-5,0.11111116625131667,-0.11111019313707093
33740,0.1,-0.11111125950807915,2.2813244613891354e-9,4.7763212427443945e-5,5.913262414732151e-5,0.11111125950807915,-0.11111019636543688
33741,0.25,-0.11111134792236058,2.841168497622441e-9,5.330261248402784e-5,5.8569674238913135e-5,0.11111134792236058,-0.11111019895584616
33742,0.625,-0.11111142284589458,3.395842262102321e-9,5.827385573395947e-5,5.7178546149027486e-5,0.11111142284589458,-0.11111019973447886
33743,1.5625,-0.11111146174502277,3.80994817284822e-9,6.17247776249394e-5,5.3548138419601535e-5,0.11111146174502277,-0.11111019569448734
33744,3.90625,-0.11111141125097956,3.749137659823474e-9,6.123020218669438e-5,4.411903636725079e-5,0.11111141125097956,-0.11111018091879124
33745,9.765625,-0.11111117593790017,2.6327549646909626e-9,5.131037872293443e-5,2.131514726849375e-5,0.11111117593790017,-0.1111101533265411
33746,24.4140625,-0.11111073564019644,5.655283978797923e-10,2.378084098344279e-5,2.987985276561134e-5,0.11111073564019644,-0.11111014779846763
33747,9.765625,-0.11111059899812314,1.2291020128231338e-10,1.1086487328379236e-5,8.553549765010167e-5,0.11111059899812314,-0.11111015784377849
33748,3.90625,-0.11111046664057912,1.2043126625154049e-11,3.4703208245281947e-6,9.539559646949512e-5,0.11111046664057912,-0.11111016770489303
33749,1.5625,-0.11111034186657101,9.61199787625267e-11,9.804079699927306e-6,9.52785534496756e-5,0.11111034186657101,-0.11111017666896263
33750,0.625,-0.11111022005144565,3.482201045809688e-10,1.866065659565517e-5,9.366888522394975e-5,0.11111022005144565,-0.11111018514513313
33751,0.25,-0.11111009944615778,7.62224703798078e-10,2.760841726354624e-5,9.235659120655894e-5,0.11111009944615778,-0.11111019342524411
33752,0.1,-0.11110997942204713,1.3364801615050725e-9,3.655790149208612e-5,9.15083089022531e-5,0.11110997942204713,-0.1111102016393014
33753,0.1,-0.1111098600796064,2.0661587054123265e-9,4.545501848434699e-5,9.098417740146486e-5,0.1111098600796064,-0.11111020966777732
33754,0.1,-0.11110974150035739,2.9464594492452056e-9,5.4281299259000844e-5,9.037859321729487e-5,0.11110974150035739,-0.11111021748187375
33755,0.1,-0.11110962376504992,3.972065112998083e-9,6.302432159887231e-5,8.969212470472999e-5,0.11110962376504992,-0.11111022505377108
33756,0.1,-0.11110950695368262,5.137164137999832e-9,7.167401298936618e-5,8.892546598951165e-5,0.11110950695368262,-0.11111023235673508
33757,0.25,-0.11110939296748616,6.401196329236905e-9,8.000747670834835e-5,8.808352929366302e-5,0.11110939296748616,-0.11111023822199645
33758,0.625,-0.11110928653735608,7.654708363884219e-9,8.749119020726726e-5,8.599757327984417e-5,0.11110928653735608,-0.11111024000131565
33759,1.5625,-0.11110920081105426,8.593264883350242e-9,9.269986452714071e-5,8.05464877813284e-5,0.11110920081105426,-0.1111102309055699
33760,3.90625,-0.11110917214804546,8.464226532536372e-9,9.200123114685135e-5,6.637056917325547e-5,0.11110917214804546,-0.11111019754718554
33761,9.765625,-0.11110929938746597,5.956392078620455e-9,7.717766567226852e-5,3.192332723894171e-5,0.11110929938746597,-0.11111013507351929
33762,24.4140625,-0.11111001356896659,8.387951454718922e-11,9.158576010886694e-6,4.3365465468533206e-5,0.11111001356896659,-0.11111017023852794
33763,9.765625,-0.11111078958724381,8.83337870985603e-11,9.398605593307994e-6,2.4625527529765726e-5,0.11111078958724381,-0.11111016968665915
33764,3.90625,-0.11111107046962572,1.0076928440347609e-10,1.0038390528539726e-5,1.6460152068332405e-5,0.11111107046962572,-0.1111101694675399
33765,1.5625,-0.11111129729255133,1.1641753189879196e-10,1.0789695635132252e-5,1.2992738982613843e-5,0.11111129729255133,-0.11111016942279489
33766,3.90625,-0.1111113445484043,1.1606019667882532e-10,1.0773123812470798e-5,1.1461800535053629e-5,0.1111113445484043,-0.11111016902208845
33767,9.765625,-0.11111097537487137,7.812629776509755e-11,8.838908177207044e-6,8.131669629904936e-6,0.11111097537487137,-0.11111016822191234
33768,24.4140625,-0.11111032890852063,1.5178216351318745e-11,3.8959230422736465e-6,7.628484519700434e-6,0.11111032890852063,-0.11111016810858824
33769,9.765625,-0.1111106171966192,3.2709757107224472e-12,1.8085838965119774e-6,1.5350611122300938e-5,0.1111106171966192,-0.11111016842664347
33770,3.90625,-0.11111070969795105,1.1273349312051311e-12,1.061760298374888e-6,1.656595902613e-5,0.11111070969795105,-0.11111016871757468
33771,1.5625,-0.11111077994316956,4.370808171636884e-12,2.0906477875617605e-6,1.6365421845090008e-5,0.11111077994316956,-0.11111016897950401
33772,0.625,-0.11111084464569518,1.2245225202118564e-11,3.4993178195354824e-6,1.600602668293405e-5,0.11111084464569518,-0.11111016922644083
33773,0.25,-0.11111090771511659,2.4563960616066932e-11,4.9562042548776105e-6,1.5730410424764548e-5,0.11111090771511659,-0.11111016946692535
33774,0.1,-0.11111097029356791,4.125822965792993e-11,6.423256935381764e-6,1.5546484040388297e-5,0.11111097029356791,-0.11111016970459545
33775,0.1,-0.11111103053422648,6.214247909540441e-11,7.883050113718955e-6,1.5424002791382848e-5,0.11111103053422648,-0.11111016993581156
33776,0.1,-0.11111108820680331,8.704833034514234e-11,9.329969471822635e-6,1.5292374717428143e-5,0.11111108820680331,-0.11111017015995282
33777,0.1,-0.11111114309163739,1.1579628187468047e-10,1.0760868081836171e-5,1.5151251086324495e-5,0.11111114309163739,-0.11111017037641197
33778,0.1,-0.11111119498038997,1.4819621026522754e-10,1.2173586581826555e-5,1.5000383391972665e-5,0.11111119498038997,-0.11111017058459995
33779,0.25,-0.11111123538869225,1.8296499974832978e-10,1.3526455550081468e-5,1.484091563864489e-5,0.11111123538869225,-0.11111017075145402
33780,0.625,-0.11111124551145884,2.1673908985070137e-10,1.4722061331576545e-5,1.4483208572584566e-5,0.11111124551145884,-0.11111017080326152
33781,1.5625,-0.11111117940479949,2.4041770903798866e-10,1.5505409025175334e-5,1.3593078305078806e-5,0.11111117940479949,-0.11111017055412815
33782,3.90625,-0.11111094293205115,2.3258608382335683e-10,1.5250773220507766e-5,1.1372426661298294e-5,0.11111094293205115,-0.11111016965112364
33783,9.765625,-0.11111044933146835,1.5974468161812389e-10,1.2639014266078026e-5,6.630052859839356e-6,0.11111044933146835,-0.1111101680098797
33784,24.4140625,-0.11111015279813051,3.384814873054003e-11,5.817916184557838e-6,8.944325812014085e-6,0.11111015279813051,-0.111110167738558
33785,9.765625,-0.11111036942056533,7.400334853099109e-12,2.7203556482745245e-6,2.1515481071796863e-5,0.11111036942056533,-0.11111016836641753
33786,3.90625,-0.11111046243858382,1.2704478276637062e-12,1.1271414408421449e-6,2.377302244919173e-5,0.11111046243858382,-0.11111016897438958
33787,1.5625,-0.11111053794602063,6.90017894692868e-12,2.626819169057642e-6,2.36755619075073e-5,0.11111053794602063,-0.11111016952622828
33788,0.625,-0.1111106086145932,2.264583230332905e-11,4.758763736867911e-6,2.324527047155265e-5,0.1111106086145932,-0.11111017004792954
33789,0.25,-0.11111067773311835,4.8122177607518465e-11,6.9370150358434765e-6,2.2900576670636432e-5,0.11111067773311835,-0.1111101705572642
33790,0.1,-0.11111074634145977,8.321166747112433e-11,9.122042943942126e-6,2.267474192848433e-5,0.11111074634145977,-0.11111017106203552
33791,0.1,-0.1111108139173691,1.2759442955604297e-10,1.1295770427732806e-5,2.253078564587847e-5,0.1111108139173691,-0.1111101715547963
33792,0.1,-0.11111088030869894,1.8095775239545844e-10,1.3452053835584305e-5,2.2368283766818142e-5,0.11111088030869894,-0.11111017203389507
33793,0.1,-0.11111094536736603,2.4295937335659795e-10,1.5587154113455025e-5,2.2187267640920913e-5,0.11111094536736603,-0.11111017249773551
33794,0.1,-0.1111110089497639,3.1322874184741374e-10,1.769826945911418e-5,2.1987822639025206e-5,0.1111110089497639,-0.11111017294478467
33795,0.25,-0.11111106691181447,3.892437442277502e-10,1.9729261117126263e-5,2.1771308434022943e-5,0.11111106691181447,-0.11111017330417405
33796,0.625,-0.11111110957935932,4.6424487588395053e-10,2.1546342517558533e-5,2.1253994111704534e-5,0.11111110957935932,-0.11111017341606662
33797,1.5625,-0.11111111239776263,5.195271144992811e-10,2.2793137443083194e-5,1.9925361469192008e-5,0.11111111239776263,-0.11111017287241327
33798,3.90625,-0.11111102105434864,5.09223394129433e-10,2.2565978687604775e-5,1.6518791937824824e-5,0.11111102105434864,-0.11111017087696276
33799,9.765625,-0.11111076222890515,3.5500630804868424e-10,1.8841611078904168e-5,8.650036805112963e-6,0.11111076222890515,-0.11111016717991049
33800,24.4140625,-0.1111104676877225,7.482739555493571e-11,8.65028297542547e-6,1.203020862671448e-5,0.1111104676877225,-0.11111016652492725
33801,9.765625,-0.11111049171149551,1.5959201389048904e-11,3.994896918450951e-6,3.175857010708418e-5,0.11111049171149551,-0.1111101679051264
33802,3.90625,-0.11111047090583791,1.8771254248731807e-12,1.370082269381361e-6,3.524276803568557e-5,0.11111047090583791,-0.11111016924639691
33803,1.5625,-0.11111044682163042,1.4053569533105091e-11,3.7488090819759135e-6,3.5145512465771075e-5,0.11111044682163042,-0.11111017046365086
33804,0.625,-0.1111104221682056,4.886498392208312e-11,6.990349341920125e-6,3.453041401177128e-5,0.1111104221682056,-0.11111017161451599
33805,0.25,-0.11111039740057757,1.054822721425993e-10,1.027045627723517e-5,3.4036030695893145e-5,0.11111039740057757,-0.11111017273876998
33806,0.1,-0.11111037262577177,1.8367246887473295e-10,1.3552581631362083e-5,3.371642261044299e-5,0.11111037262577177,-0.1111101738539244
33807,0.1,-0.11111034765673115,2.82760413292005e-10,1.681548135772524e-5,3.351760653305103e-5,0.11111034765673115,-0.11111017494349862
33808,0.1,-0.11111032247445225,4.020797701059196e-10,2.005192684272311e-5,3.3289397738199824e-5,0.11111032247445225,-0.11111017600365419
33809,0.1,-0.11111029706176583,5.408955285213104e-10,2.3257160800951403e-5,3.3031987580345474e-5,0.11111029706176583,-0.11111017703068653
33810,0.1,-0.11111027140346708,6.984070045350862e-10,2.642739117913621e-5,3.274562064282377e-5,0.11111027140346708,-0.11111017802103697
33811,0.25,-0.11111024471884227,8.690650724027924e-10,2.947990964034307e-5,3.243221744569678e-5,0.11111024471884227,-0.11111017881622387
33812,0.625,-0.11111021536168791,1.0379364766924733e-9,3.2217021536642295e-5,3.1663616703823084e-5,0.11111021536168791,-0.1111101790579745
33813,1.5625,-0.11111017971401456,1.163560485729204e-9,3.411100241460523e-5,2.966544620704086e-5,0.11111017971401456,-0.11111017782944516
33814,3.90625,-0.11111013305721941,1.1436904023181339e-9,3.381849201721055e-5,2.4493949173082923e-5,0.11111013305721941,-0.11111017333054961
33815,9.765625,-0.11111009060218775,8.013104246249169e-10,2.8307427022336682e-5,1.2167923230813565e-5,0.11111009060218775,-0.11111016494951921
33816,24.4140625,-0.11111020115821857,1.707629395832212e-10,1.3067629455384063e-5,1.702536569913879e-5,0.11111020115821857,-0.11111016334427594
33817,9.765625,-0.1111103463551792,3.678359763521946e-11,6.064948279682149e-6,4.738283125569104e-5,0.1111103463551792,-0.11111016642400608
33818,3.90625,-0.11111044584379885,3.7573145229901224e-12,1.9383793547678233e-6,5.275140548123992e-5,0.11111044584379885,-0.1111101694357828
33819,1.5625,-0.11111053544451363,3.004810755767866e-11,5.481615414973826e-6,5.2659673577310416e-5,0.11111053544451363,-0.11111017217198316
33820,0.625,-0.11111062200274174,1.0747807706315459e-10,1.0367163404864158e-5,5.17608038204621e-5,0.11111062200274174,-0.11111017475930787
33821,0.25,-0.11111070757721715,2.3418932010123364e-10,1.5303245410736694e-5,5.1032214032080594e-5,0.11111070757721715,-0.1111101772869991
33822,0.1,-0.11111079286024823,4.096773307251708e-10,2.0240487413231205e-5,5.0561964498445865e-5,0.11111079286024823,-0.1111101797946362
33823,0.1,-0.11111087757885386,6.32458592113154e-10,2.5148729433376033e-5,5.027145237139473e-5,0.11111087757885386,-0.11111018224552915
33824,0.1,-0.11111096162753735,9.01061324680371e-10,3.001768353288393e-5,4.9936187038884236e-5,0.11111096162753735,-0.11111018463093066
33825,0.1,-0.11111104490159461,1.2138566191694697e-9,3.484044516319316e-5,4.955647598636944e-5,0.11111104490159461,-0.1111101869423912
33826,0.1,-0.11111112729732997,1.5690651975529435e-9,3.9611427613164154e-5,4.913269952482415e-5,0.11111112729732997,-0.11111018917179248
33827,0.25,-0.11111120617774559,1.9542705790834895e-9,4.420713267204162e-5,4.866759933463799e-5,0.11111120617774559,-0.11111019096244557
33828,0.625,-0.11111127521669767,2.335989314419499e-9,4.833207335113505e-5,4.751666221269477e-5,0.11111127521669767,-0.11111019150676547
33829,1.5625,-0.11111131776234486,2.621139930886661e-9,5.119706955370259e-5,4.45115785822936e-5,0.11111131776234486,-0.1111101887357165
33830,3.90625,-0.11111129343818708,2.5798069473431834e-9,5.0791800001015745e-5,3.67075713499097e-5,0.11111129343818708,-0.1111101785759518
33831,9.765625,-0.11111112428696947,1.8124216190003971e-9,4.257254536670784e-5,1.7879714089540052e-5,0.11111112428696947,-0.1111101595857964
33832,24.4140625,-0.1111107577870956,3.8999425049229005e-10,1.9748272088775008e-5,2.4872226746731463e-5,0.1111107577870956,-0.1111101557578412
33833,9.765625,-0.11111061674942874,8.500786898472305e-11,9.219971203031116e-6,7.100253074018158e-5,0.11111061674942874,-0.11111016267482982
33834,3.90625,-0.11111048972978324,8.402086255305083e-12,2.898635240126823e-6,7.919530223602907e-5,0.11111048972978324,-0.11111016947078539
33835,1.5625,-0.11111037086720581,6.60131678746459e-11,8.124848790878874e-6,7.910646030654051e-5,0.11111037086720581,-0.11111017565067721
33836,0.625,-0.11111025500323454,2.39306526336137e-10,1.5469535427288597e-5,7.777595868429504e-5,0.11111025500323454,-0.11111018149510674
33837,0.25,-0.11111014030441133,5.24071730989395e-10,2.289261302231344e-5,7.669033781469401e-5,0.11111014030441133,-0.11111018720474186
33838,0.1,-0.1111100261213499,9.191743429640515e-10,3.031788816794553e-5,7.598872816089843e-5,0.1111100261213499,-0.11111019286904814
33839,0.1,-0.11110991257240516,1.4212997502168828e-9,3.7700129312999485e-5,7.555555578326329e-5,0.11110991257240516,-0.11111019840582434
33840,0.1,-0.11110979974401237,2.027150012074527e-9,4.502388268546513e-5,7.505479725140601e-5,0.11110979974401237,-0.11111020379522817
33841,0.1,-0.11110968772184175,2.7330713771004965e-9,5.2278785153257876e-5,7.448692711515656e-5,0.11110968772184175,-0.11111020901809034
33842,0.1,-0.11110957659076821,3.5350694917444464e-9,5.9456450379621944e-5,7.385252408189634e-5,0.11110957659076821,-0.11111021405598787
33843,0.25,-0.11110946836521449,4.405250426483273e-9,6.637206058638886e-5,7.315564235660671e-5,0.11110946836521449,-0.11111021810452179
33844,0.625,-0.11110936802541477,5.26832606489185e-9,7.258323542590156e-5,7.142750028192132e-5,0.11110936802541477,-0.11111021934079116
33845,1.5625,-0.1111092892341788,5.914861185373569e-9,7.690813471521442e-5,6.690989335973651e-5,0.1111092892341788,-0.11111021309091909
33846,3.90625,-0.1111092686183365,5.826983866819329e-9,7.633468324961681e-5,5.516145945527444e-5,0.1111092686183365,-0.11111019013520651
33847,9.765625,-0.11110939913518543,4.1020426642108004e-9,6.40471909158458e-5,2.6642166683967667e-5,0.11110939913518543,-0.11111014711438197
33848,24.4140625,-0.1111098740065127,8.889047184993794e-10,2.981450516945367e-5,3.678273414942214e-5,0.1111098740065127,-0.11111013814072623
33849,61.03515625,-0.11111073229105387,2.741117621236308e-10,1.655632091147157e-5,0.00010597412504366393,0.11111073229105387,-0.11111017064843202
33850,24.4140625,-0.11111058157937714,8.364981352806811e-11,9.146027199176051e-6,2.1954952626103818e-5,0.11111058157937714,-0.11111016892801477
33851,9.765625,-0.11111048406688799,4.02052851971324e-11,6.3407637708033565e-6,2.3355759562799585e-5,0.11111048406688799,-0.11111016934590809
33852,3.90625,-0.11111045573017447,2.5772652809736244e-11,5.076677339533826e-6,2.5323486304585646e-5,0.11111045573017447,-0.11111016996613764
33853,1.5625,-0.1111104304491568,2.6150408569659446e-11,5.113747018543198e-6,2.5215480816008307e-5,0.1111104304491568,-0.1111101705819742
33854,0.625,-0.11111040595347278,3.8380558568720346e-11,6.195204481590607e-6,2.4663564803462708e-5,0.11111040595347278,-0.11111017117372277
33855,0.25,-0.11111038169561809,6.155592878859343e-11,7.845758649652272e-6,2.4148713801305196e-5,0.11111038169561809,-0.11111017174724303
33856,0.1,-0.11111035751431962,9.526906830110693e-11,9.760587497743511e-6,2.37469297868973e-5,0.11111035751431962,-0.11111017230776699
33857,0.1,-0.11111033387783457,1.3896188018995205e-10,1.1788209371654037e-5,2.343853366847914e-5,0.11111033387783457,-0.11111017284730051
33858,0.1,-0.11111031083223544,1.921590376565744e-10,1.386214404977002e-5,2.3130959316611948e-5,0.11111031083223544,-0.11111017336530792
33859,0.1,-0.11111028842128501,2.5437528227314285e-10,1.5949146756900285e-5,2.282157408581682e-5,0.11111028842128501,-0.1111101738611602
33860,0.1,-0.11111026668631181,3.251140458995593e-10,1.803091916402376e-5,2.250818596276201e-5,0.11111026668631181,-0.11111017433416484
33861,0.25,-0.11111024751246218,4.016045761411812e-10,2.004007425488192e-5,2.2192927920657596e-5,0.11111024751246218,-0.11111017471235043
33862,0.625,-0.11111023501526877,4.766491097908791e-10,2.1832295110475194e-5,2.160010213773552e-5,0.11111023501526877,-0.11111017483382826
33863,1.5625,-0.11111023912467571,5.306048972265924e-10,2.303486264831185e-5,2.0238403290276847e-5,0.11111023912467571,-0.11111017428682751
33864,3.90625,-0.11111027965886652,5.16029758395869e-10,2.271628839392274e-5,1.691225135296434e-5,0.11111027965886652,-0.11111017227938062
33865,9.765625,-0.11111037279252171,3.548282769614667e-10,1.883688607391006e-5,9.654304452770479e-6,0.11111037279252171,-0.11111016861216354
33866,24.4140625,-0.11111042668960684,7.579834319931721e-11,8.706224394036556e-6,1.2496446081681815e-5,0.11111042668960684,-0.11111016794724013
33867,9.765625,-0.11111042958914656,2.1650003263558816e-11,4.652956400350084e-6,3.027987319677098e-5,0.11111042958914656,-0.11111016914702133
33868,3.90625,-0.11111044202630761,9.23333564617013e-12,3.0386404272585676e-6,3.3228290742922475e-5,0.11111044202630761,-0.11111017032012532
33869,1.5625,-0.11111045475269543,2.0597696996520523e-11,4.5384685739267295e-6,3.2883186305827594e-5,0.11111045475269543,-0.11111017138147161
33870,0.625,-0.11111046738852699,5.2062502296969946e-11,7.215435004001487e-6,3.209906887687058e-5,0.11111046738852699,-0.1111101723776772
33871,0.25,-0.11111047998102942,1.0257584574982482e-10,1.0127973427582875e-5,3.1459172146987744e-5,0.11111047998102942,-0.11111017334226841
33872,0.1,-0.11111049256728567,1.7165504650007863e-10,1.3101719219250527e-5,3.100423228105689e-5,0.11111049256728567,-0.11111017429031857
33873,0.1,-0.11111050517606615,2.5840144360621554e-10,1.607486994056921e-5,3.067828850701806e-5,0.11111050517606615,-0.11111017520697501
33874,0.1,-0.11111051779972507,3.619791252360493e-10,1.9025749005914306e-5,3.0335727864602707e-5,0.11111051779972507,-0.11111017608992042
33875,0.1,-0.11111053042968645,4.815181529153061e-10,2.1943521889507758e-5,2.997560350777312e-5,0.11111053042968645,-0.1111101769368924
33876,0.1,-0.1111105430564659,6.161156136652536e-10,2.4821676286368203e-5,2.9597205565491354e-5,0.1111105430564659,-0.1111101777457084
33877,0.25,-0.1111105556121446,7.605014266836838e-10,2.7577190333383925e-5,2.9204010123480816e-5,0.1111105556121446,-0.11111017837927997
33878,0.625,-0.11111056784824705,9.0095684836039e-10,3.001594323622681e-5,2.8399320851697716e-5,0.11111056784824705,-0.11111017853180964
33879,1.5625,-0.11111057889046545,1.0000717596374035e-9,3.162391120082087e-5,2.647956833187424e-5,0.11111057889046545,-0.11111017743076619
33880,3.90625,-0.11111058552991951,9.674435637785903e-10,3.110375481800534e-5,2.171919816758647e-5,0.11111058552991951,-0.11111017361083425
33881,9.765625,-0.11111057555521398,6.544433975046237e-10,2.5582091343450084e-5,1.1124367989766904e-5,0.11111057555521398,-0.11111016683830567
33882,24.4140625,-0.11111050852578143,1.246033588334231e-10,1.1162587461400834e-5,1.759684413572938e-5,0.11111050852578143,-0.11111016622250906
33883,9.765625,-0.11111046371199122,2.7392352665041544e-11,5.233770406221651e-6,4.2443089100872696e-5,0.11111046371199122,-0.11111016867482901
33884,3.90625,-0.11111043198706469,9.802761008925189e-12,3.1309361234182325e-6,4.625986157080273e-5,0.11111043198706469,-0.11111017094966137
33885,1.5625,-0.11111040312263276,3.821831357441518e-11,6.1820962119992265e-6,4.56863131491998e-5,0.11111040312263276,-0.11111017298196915
33886,0.625,-0.1111103752089539,1.0605266026800062e-10,1.029818723212977e-5,4.4607450407639484e-5,0.1111103752089539,-0.11111017488989877
33887,0.25,-0.11111034765033209,2.116149266760515e-10,1.4546990296142069e-5,4.377505464620334e-5,0.11111034765033209,-0.11111017674523901
33888,0.1,-0.11111032024531346,3.542282877669202e-10,1.8820953423429967e-5,4.321558938794187e-5,0.11111032024531346,-0.11111017857794918
33889,0.1,-0.11111029308834715,5.322948860522887e-10,2.307151676965103e-5,4.28372696416324e-5,0.11111029308834715,-0.11111018035593659
33890,0.1,-0.11111026620957559,7.443116856414058e-10,2.7282076270720412e-5,4.242455874707357e-5,0.11111026620957559,-0.11111018207335312
33891,0.1,-0.11111023963862811,9.886778384670904e-10,3.144324789946309e-5,4.197744831984413e-5,0.11111023963862811,-0.11111018372459962
33892,0.1,-0.11111021340459144,1.2637001184570799e-9,3.554856000539375e-5,4.149606169824128e-5,0.11111021340459144,-0.11111018530435224
33893,0.25,-0.1111101883124369,1.5587104912768461e-9,3.948050773833647e-5,4.098526389483456e-5,0.1111101883124369,-0.11111018653094465
33894,0.625,-0.11111016627909485,1.8456993199228117e-9,4.2961602855605975e-5,3.9864934328060826e-5,0.11111016627909485,-0.11111018677749318
33895,1.5625,-0.11111015235726206,2.0480328970933793e-9,4.5255197459445245e-5,3.7100845626544984e-5,0.11111015235726206,-0.11111018446160296
33896,3.90625,-0.11111015896211379,1.980200110640645e-9,4.4499439441869885e-5,3.0123295081614582e-5,0.11111015896211379,-0.11111017658556714
33897,9.765625,-0.11111021144799514,1.3364623503836467e-9,3.655765788974516e-5,1.395962852232925e-5,0.11111021144799514,-0.11111016270809387
33898,24.4140625,-0.11111033683065855,2.462379813668967e-10,1.569197187630977e-5,2.4452006227410144e-5,0.11111033683065855,-0.1111101617067603
33899,9.765625,-0.11111040023743364,4.6446865337269264e-11,6.8151937123803945e-6,6.105927196199181e-5,0.11111040023743364,-0.1111101668809327
33900,3.90625,-0.11111045534701966,1.1407086741708633e-11,3.3774378960550308e-6,6.660281101742826e-5,0.11111045534701966,-0.11111017162337322
33901,1.5625,-0.11111050651147036,7.192951819179906e-11,8.481127176961744e-6,6.579815440556679e-5,0.11111050651147036,-0.11111017584358288
33902,0.625,-0.11111055635981314,2.1460848025252573e-10,1.4649521502510782e-5,6.427096822050757e-5,0.11111055635981314,-0.11111017980241929
33903,0.25,-0.11111060580642802,4.3612859781351167e-10,2.0883692149941104e-5,6.310363140534929e-5,0.11111060580642802,-0.11111018365433878
33904,0.1,-0.11111065517691358,7.352504646193411e-10,2.711550229332551e-5,6.233143567888141e-5,0.11111065517691358,-0.11111018746326734
33905,0.1,-0.11111070438265337,1.1088011048586903e-9,3.329866521136681e-5,6.182012771027168e-5,0.11111070438265337,-0.11111019116252308
33906,0.1,-0.11111075336997843,1.5537765107048922e-9,3.941797192531463e-5,6.125633876289641e-5,0.11111075336997843,-0.11111019473938073
33907,0.1,-0.11111080208427088,2.066952613377509e-9,4.546375054235527e-5,6.064029271006093e-5,0.11111080208427088,-0.11111019818165732
33908,0.1,-0.11111085047010112,2.64489749081851e-9,5.142856687502103e-5,5.997236001937979e-5,0.11111085047010112,-0.11111020147776526
33909,0.25,-0.11111089733305078,3.265414351287568e-9,5.7143804137347806e-5,5.9259052993176914e-5,0.11111089733305078,-0.1111102040368273
33910,0.625,-0.11111093971282301,3.869973814340065e-9,6.220911359551802e-5,5.7654504165997254e-5,0.11111093971282301,-0.11111020454190469
33911,1.5625,-0.11111096958726376,4.298106067766957e-9,6.555994255463436e-5,5.3646126568882146e-5,0.11111096958726376,-0.11111019966530324
33912,3.90625,-0.11111096645613937,4.160625965937927e-9,6.450291439879231e-5,4.345463679439323e-5,0.11111096645613937,-0.11111018308798486
33913,9.765625,-0.11111088528815516,2.8135550191194634e-9,5.3042954472007525e-5,1.940542816916677e-5,0.11111088528815516,-0.11111015381294491
33914,24.4140625,-0.11111066645915701,5.194410328346378e-10,2.2791249040687475e-5,3.4768172809557384e-5,0.11111066645915701,-0.11111015157756506
33915,9.765625,-0.11111055740397649,9.568080069717875e-11,9.781656337102563e-6,8.86136536634842e-5,0.11111055740397649,-0.11111016251233183
33916,3.90625,-0.11111046467678246,2.0113807707541115e-11,4.484841993598115e-6,9.681901787228388e-5,0.11111046467678246,-0.11111017254948413
33917,1.5625,-0.1111103787146793,1.4686473380299213e-10,1.2118776085190787e-5,9.572270607138478e-5,0.1111103787146793,-0.11111018148611237
33918,0.625,-0.11111029521981797,4.4776475769883324e-10,2.1160452681803223e-5,9.355002369368757e-5,0.11111029521981797,-0.11111018987346954
33919,0.25,-0.11111021273411283,9.159788756548216e-10,3.0265142914825657e-5,9.189008638164152e-5,0.11111021273411283,-0.11111019803907914
33920,0.1,-0.11111013074897502,1.5490612918304851e-9,3.9358115958852565e-5,9.079981245987681e-5,0.11111013074897502,-0.11111020611867703
33921,0.1,-0.11111004936433679,2.340496325141114e-9,4.8378676347551244e-5,9.008595100182399e-5,0.11111004936433679,-0.11111021397156812
33922,0.1,-0.11110996864531368,3.2840899232265686e-9,5.7306979707768304e-5,8.929352729191852e-5,0.11110996864531368,-0.11111022157015629
33923,0.1,-0.11110988865574063,4.373164855161125e-9,6.612990893053705e-5,8.842304345818023e-5,0.11110988865574063,-0.11111022888801361
33924,0.1,-0.11110980945815567,5.6005871579069565e-9,7.483707074643527e-5,8.74751820102951e-5,0.11110980945815567,-0.11111023589999108
33925,0.25,-0.11110973262200402,6.919575578967716e-9,8.318398631327856e-5,8.645891152106274e-5,0.11110973262200402,-0.11111024135282646
33926,0.625,-0.11110966199519566,8.206445524598808e-9,9.058943384633116e-5,8.414022753205891e-5,0.11110966199519566,-0.11111024244981269
33927,1.5625,-0.111109608028121,9.121604107703138e-9,9.550708930599412e-5,7.830818402857518e-5,0.111109608028121,-0.11111023211694214
33928,3.90625,-0.11110959816027828,8.840168010404725e-9,9.402216765425441e-5,6.342407635347025e-5,0.11110959816027828,-0.11111019688750588
33929,9.765625,-0.1111096989738613,5.9920578123760375e-9,7.740838334687036e-5,2.80007368067407e-5,0.1111096989738613,-0.11111013446868616
33930,24.4140625,-0.11111013089866816,1.0063986871459262e-10,1.0031942419820431e-5,4.856383288194703e-5,0.11111013089866816,-0.111110173639577
33931,9.765625,-0.1111106906672324,1.0671654405131639e-10,1.0330369986177474e-5,2.680994952824908e-5,0.1111106906672324,-0.11111017291549095
33932,3.90625,-0.11111089120339815,1.2056294438988407e-10,1.0980115864137503e-5,1.7753830626302617e-5,0.11111089120339815,-0.11111017264591626
33933,1.5625,-0.11111105202596815,1.3794462680460154e-10,1.1744983048289237e-5,1.3990654875491625e-5,0.11111105202596815,-0.11111017259077648
33934,3.90625,-0.11111108122166974,1.3637743114787662e-10,1.1678074804858745e-5,1.2327629671826069e-5,0.11111108122166974,-0.11111017212254096
33935,9.765625,-0.11111080653874579,9.059886628339242e-11,9.51834367331798e-6,8.810949723799951e-6,0.11111080653874579,-0.11111017120573385
33936,24.4140625,-0.11111034232193301,1.5738336756755597e-11,3.967157263930382e-6,8.48333847079035e-6,0.11111034232193301,-0.11111017115097067
33937,9.765625,-0.11111057333308616,3.1188253916858943e-12,1.7660196464609035e-6,1.6223352050420463e-5,0.11111057333308616,-0.11111017150937028
33938,3.90625,-0.11111064863941285,1.3909917667314706e-12,1.17940314003799e-6,1.7316917081191408e-5,0.11111064863941285,-0.11111017182666545
33939,1.5625,-0.11111070617070591,5.64670012866277e-12,2.3762786302668232e-6,1.6984093330791716e-5,0.11111070617070591,-0.111110172107667
33940,0.625,-0.11111075927151293,1.5005697481481028e-11,3.87371881807147e-6,1.6526222874824177e-5,0.11111075927151293,-0.11111017237031445
33941,0.25,-0.11111081106609788,2.923316321689814e-11,5.406770127987516e-6,1.618041582135836e-5,0.11111081106609788,-0.111110172624677
33942,0.1,-0.11111086246816017,4.822668181626288e-11,6.944543312289361e-6,1.5944439553887217e-5,0.11111086246816017,-0.11111017287493934
33943,0.1,-0.11111091203081913,7.174914280902391e-11,8.470486574514118e-6,1.578116940127865e-5,0.11111091203081913,-0.11111017311694227
33944,0.1,-0.1111109595720996,9.958700085751728e-11,9.979328677697577e-6,1.5611588506135785e-5,0.1111109595720996,-0.111110173350162
33945,0.1,-0.11111100491847531,1.3151732187513695e-10,1.1468100185956562e-5,1.543490584786706e-5,0.11111100491847531,-0.11111017357407575
33946,0.1,-0.11111104790541197,1.673080676003491e-10,1.2934761984681012e-5,1.5250501673387663e-5,0.11111104790541197,-0.1111101737881691
33947,0.25,-0.11111108184907148,2.05478504450815e-10,1.4334521423850012e-5,1.5059893538634426e-5,0.11111108184907148,-0.11111017395556881
33948,0.625,-0.11111109193064263,2.421821648336348e-10,1.5562203084191995e-5,1.4659022339910981e-5,0.11111109193064263,-0.11111017399476666
33949,1.5625,-0.11111104194372372,2.670406032784251e-10,1.6341377031279374e-5,1.3691318403746087e-5,0.11111104194372372,-0.11111017370179008
33950,3.90625,-0.11111085770251569,2.55656700272899e-10,1.59892682844744e-5,1.1310204750779287e-5,0.11111085770251569,-0.11111017269864491
33951,9.765625,-0.1111104707603047,1.7051702390019255e-10,1.3058216719758964e-5,6.358631917599264e-6,0.1111104707603047,-0.11111017095425103
33952,24.4140625,-0.1111102372133279,3.210398031260882e-11,5.666037443629262e-6,9.89923406953932e-6,0.1111102372133279,-0.11111017084328646
33953,9.765625,-0.11111040143333331,6.6465066219092346e-12,2.5780819657080794e-6,2.2181339930404995e-5,0.11111040143333331,-0.11111017151150437
33954,3.90625,-0.11111046830051564,2.3065246581667534e-12,1.5187246814899512e-6,2.409719033911139e-5,0.11111046830051564,-0.11111017212728551
33955,1.5625,-0.11111052185783662,1.0119194788542053e-11,3.1810681835732556e-6,2.3802040009459623e-5,0.11111052185783662,-0.1111101726781792
33956,0.625,-0.11111057178629752,2.8389201387895933e-11,5.328151779735252e-6,2.3261454657902533e-5,0.11111057178629752,-0.11111017319658262
33957,0.25,-0.11111062056102437,5.670496661635457e-11,7.530270022804931e-6,2.285173037680215e-5,0.11111062056102437,-0.11111017370179177
33958,0.1,-0.11111066895982025,9.49189934325608e-11,9.742637909342665e-6,2.2583329773933727e-5,0.11111066895982025,-0.11111017420180912
33959,0.1,-0.11111071655818304,1.4263271505258118e-10,1.1942893914482418e-5,2.240810616318189e-5,0.11111071655818304,-0.11111017468801246
33960,0.1,-0.11111076324016295,1.9947143090036784e-10,1.4123435520452091e-5,2.2215243392830023e-5,0.11111076324016295,-0.11111017515881458
33961,0.1,-0.11111080889298758,2.650322538189421e-10,1.6279811234131128e-5,2.200466870551788e-5,0.11111080889298758,-0.11111017561268685
33962,0.1,-0.1111108534073993,3.388854482444148e-10,1.8408841578013943e-5,2.1776387115796775e-5,0.1111108534073993,-0.11111017604816667
33963,0.25,-0.11111089357448163,4.1817733065401314e-10,2.044938460330807e-5,2.1532292261401434e-5,0.11111089357448163,-0.11111017638961303
33964,0.625,-0.11111092193224134,4.953644218070282e-10,2.2256783725575182e-5,2.0974076423244255e-5,0.11111092193224134,-0.1111101764685381
33965,1.5625,-0.11111091963101903,5.49769991750997e-10,2.3447174493976818e-5,1.9570736089543987e-5,0.11111091963101903,-0.11111017585966637
33966,3.90625,-0.1111108455190791,5.314241623866443e-10,2.3052638946260456e-5,1.601954863147164e-5,0.1111108455190791,-0.11111017375835792
33967,9.765625,-0.1111106475853229,3.585391813919471e-10,1.8935130878659043e-5,8.064767668019756e-6,0.1111106475853229,-0.11111017004914459
33968,24.4140625,-0.1111104466362907,6.650730529809574e-11,8.155201119414268e-6,1.3367640386635226e-5,0.1111104466362907,-0.11111016979317737
33969,9.765625,-0.11111047919600976,1.2538035185473121e-11,3.5409088078448338e-6,3.206893662846068e-5,0.11111047919600976,-0.11111017120969932
33970,3.90625,-0.11111047112656182,3.070147774938973e-12,1.752183716092286e-6,3.497725575328769e-5,0.11111047112656182,-0.11111017251372772
33971,1.5625,-0.11111045960504218,1.9545511280926246e-11,4.421030567743933e-6,3.4601908603539625e-5,0.11111045960504218,-0.1111101736791447
33972,0.625,-0.11111044738301527,5.842943775260803e-11,7.643915080154151e-6,3.384988880631447e-5,0.11111044738301527,-0.11111017477616603
33973,0.25,-0.11111043499323012,1.1890238029343472e-10,1.0904236804721122e-5,3.3282004047433874e-5,0.11111043499323012,-0.11111017584653038
33974,0.1,-0.11111042257624511,2.0070182861594633e-10,1.416692728208719e-5,3.29170343871625e-5,0.11111042257624511,-0.11111017690750069
33975,0.1,-0.11111040993510174,3.03035026095783e-10,1.740790125476885e-5,3.268561080119753e-5,0.11111040993510174,-0.11111017794071942
33976,0.1,-0.11111039704520477,4.25148314498511e-10,2.0619124969273333e-5,3.242542797359893e-5,0.11111039704520477,-0.11111017894252428
33977,0.1,-0.11111038388361659,5.662219983564009e-10,2.379541969279804e-5,3.213668523147251e-5,0.11111038388361659,-0.11111017990940004
33978,0.1,-0.11111037042917384,7.253737164864676e-10,2.693276288252781e-5,3.181964307752005e-5,0.11111037042917384,-0.11111018083799004
33979,0.25,-0.11111035577155871,8.965869551284397e-10,2.994306188632752e-5,3.1476933092144236e-5,0.11111035577155871,-0.11111018156574594
33980,0.625,-0.11111033793237948,1.0638738386914089e-9,3.261707894173555e-5,3.0667079199364e-5,0.11111033793237948,-0.11111018172958803
33981,1.5625,-0.11111031230804444,1.1832455502586164e-9,3.439833644609309e-5,2.8599134484584962e-5,0.11111031230804444,-0.11111018041039532
33982,3.90625,-0.11111027105773111,1.147744270841518e-9,3.387837467827401e-5,2.3304738482375754e-5,0.11111027105773111,-0.1111101758553921
33983,9.765625,-0.11111021868634509,7.795185495588657e-10,2.7919859411516844e-5,1.0953064377805724e-5,0.11111021868634509,-0.11111016774963194
33984,24.4140625,-0.11111026969863405,1.468216894309925e-10,1.2117000017784622e-5,1.8601188239611463e-5,0.11111026969863405,-0.11111016703714487
33985,9.765625,-0.11111037274008151,2.761995188358046e-11,5.255468759642708e-6,4.6995976902801e-5,0.11111037274008151,-0.11111017009429712
33986,3.90625,-0.11111044130613033,5.331521766605293e-12,2.3090088277452067e-6,5.1470363574422894e-5,0.11111044130613033,-0.11111017292893272
33987,1.5625,-0.1111105028677277,3.9688774934971614e-11,6.299902771866532e-6,5.099357448382452e-5,0.1111105028677277,-0.11111017546562765
33988,0.625,-0.11111056230251858,1.2298989192239515e-10,1.1090080789714525e-5,4.9921162383670473e-5,0.11111056230251858,-0.11111017785398311
33989,0.25,-0.11111062106110439,2.5347167797060666e-10,1.5920793886317562e-5,4.910498311119857e-5,0.11111062106110439,-0.11111018018468842
33990,0.1,-0.11111067963091752,4.305960951268057e-10,2.0750809505337514e-5,4.858209112586383e-5,0.11111067963091752,-0.11111018249560965
33991,0.1,-0.11111073782730885,6.526972314680046e-10,2.5547939867394484e-5,4.8253603060827404e-5,0.11111073782730885,-0.11111018474746304
33992,0.1,-0.11111079557539039,9.181803011907248e-10,3.0301490082019478e-5,4.78817675285153e-5,0.11111079557539039,-0.11111018693212725
33993,0.1,-0.11111085280069144,1.225302994996326e-9,3.500432823232473e-5,4.74669157448237e-5,0.11111085280069144,-0.1111101890417961
33994,0.1,-0.11111090942933743,1.5721828286346981e-9,3.965076075732593e-5,4.700945864734039e-5,0.11111090942933743,-0.1111101910690111
33995,0.25,-0.11111096361755045,1.945859128510463e-9,4.4111893277328996e-5,4.65130435105801e-5,0.11111096361755045,-0.11111019266053804
33996,0.625,-0.11111101093599293,2.311788041490873e-9,4.808105699223836e-5,4.532491005943114e-5,0.11111101093599293,-0.11111019302558163
33997,1.5625,-0.11111103976103076,2.5747492252996716e-9,5.074198680875308e-5,4.227197497236605e-5,0.11111103976103076,-0.1111101901587083
33998,3.90625,-0.11111102224783562,2.502655729865223e-9,5.0026550249494743e-5,3.441934193964212e-5,0.11111102224783562,-0.11111018021848866
33999,9.765625,-0.1111109069684385,1.7071908641624956e-9,4.1318166272990574e-5,1.579819031524154e-5,0.1111109069684385,-0.11111016242513708
34000,24.4140625,-0.11111067127222715,3.2682714983521634e-10,1.807836137030169e-5,2.669905214507129e-5,0.11111067127222715,-0.11111016058910878
34001,9.765625,-0.11111058125428834,6.258588980170262e-11,7.911124433460937e-6,6.929505441870501e-5,0.11111058125428834,-0.11111016724051402
34002,3.90625,-0.11111049646869546,1.0956463737168748e-11,3.310054944735623e-6,7.609665654986565e-5,0.11111049646869546,-0.11111017344872975
34003,1.5625,-0.11111041663639105,8.365305007388865e-11,9.146204134715596e-6,7.546810021267205e-5,0.11111041663639105,-0.11111017901298509
34004,0.625,-0.11111033872548597,2.6373729615841155e-10,1.6239990645268598e-5,7.391607044292694e-5,0.11111033872548597,-0.1111101842535149
34005,0.25,-0.11111026160272996,5.473387528588391e-10,2.339527201933842e-5,7.272606674325722e-5,0.11111026160272996,-0.11111018936782847
34006,0.1,-0.1111101848593939,9.332954442562876e-10,3.0549884521161246e-5,7.19630344863284e-5,0.1111101848593939,-0.11111019443901102
34007,0.1,-0.11111010851333865,1.4180249927032938e-9,3.765667261858506e-5,7.148465148073241e-5,0.11111010851333865,-0.11111019938207797
34008,0.1,-0.11111003261525217,1.998082639939974e-9,4.469991767263083e-5,7.094158624005697e-5,0.11111003261525217,-0.1111102041790982
34009,0.1,-0.11110995721538951,2.6696985094289304e-9,5.166912530156603e-5,7.033435706383971e-5,0.11110995721538951,-0.11111020881283187
34010,0.1,-0.11110988236357022,3.428793636191325e-9,5.855590180495323e-5,6.966359159460554e-5,0.11110988236357022,-0.11111021326679739
34011,0.25,-0.11110980914817042,4.247238640947763e-9,6.517084195365105e-5,6.89345411239535e-5,0.11110980914817042,-0.1111102167694234
34012,0.625,-0.1111097403220632,5.049953222584056e-9,7.106302289224724e-5,6.718219004759608e-5,0.1111097403220632,-0.11111021759085
34013,1.5625,-0.11110968357004776,5.629754261110303e-9,7.503168837971263e-5,6.266926506560935e-5,0.11110968357004776,-0.11111021133846778
34014,3.90625,-0.11110966012569627,5.480761331569672e-9,7.403216416916145e-5,5.103638362793159e-5,0.11110966012569627,-0.11111018956861672
34015,9.765625,-0.11110972724478474,3.752201408441569e-9,6.125521535707444e-5,2.320930957615243e-5,0.11110972724478474,-0.11111015040799832
34016,24.4140625,-0.1111100210091857,7.278279767340342e-10,2.6978287134917112e-5,3.879602060135694e-5,0.1111100210091857,-0.1111101459035352
34017,9.765625,-0.1111102184418821,1.4076463528427014e-10,1.1864427305364137e-5,0.0001025670127792694,0.1111102184418821,-0.11111016048382005
34018,3.90625,-0.11111037568852676,2.200264628606007e-11,4.690697846382782e-6,0.00011286984866963972,0.11111037568852676,-0.11111017416622511
34019,1.5625,-0.11111052103629453,1.772483283555867e-10,1.3313464175622612e-5,0.00011203321854934921,0.11111052103629453,-0.1111101864456316
34020,0.625,-0.11111066258490046,5.691176250645649e-10,2.3856186305957725e-5,0.00010977596036631926,0.11111066258490046,-0.11111019801401774
34021,0.25,-0.11111080301132412,1.189085485149659e-9,3.448311884313336e-5,0.00010803429657736536,0.11111080301132412,-0.11111020930439228
34022,0.1,-0.11111094325549349,2.034634291367547e-9,4.510692065933505e-5,0.00010691700733882748,0.11111094325549349,-0.11111022050009597
34023,0.1,-0.11111108308208016,3.098018824100626e-9,5.5659849300017206e-5,0.00010621808583273765,0.11111108308208016,-0.11111023141627108
34024,0.1,-0.11111122234041015,4.371760611476263e-9,6.611929076658538e-5,0.00010542287172290822,0.11111122234041015,-0.11111024201325129
34025,0.1,-0.11111136087802241,5.847661661885737e-9,7.647000498159874e-5,0.00010453211510684874,0.11111136087802241,-0.11111025225287414
34026,0.1,-0.11111149854104074,7.516839206495127e-9,8.669970707271812e-5,0.0001035467268264988,0.11111149854104074,-0.11111026209863058
34027,0.25,-0.11111163200313748,9.317893738522175e-9,9.652923773925792e-5,0.00010247424228354075,0.11111163200313748,-0.11111026985671336
34028,0.625,-0.11111175305520454,1.1086704927668512e-8,0.00010529342300290418,9.988563806295802e-5,0.11111175305520454,-0.11111027172469008
34029,1.5625,-0.11111183964494581,1.2369930755314585e-8,0.00011122019041214857,9.320506802823563e-5,0.11111183964494581,-0.11111025803616953
34030,3.90625,-0.11111183655452453,1.2058999540787605e-8,0.00010981347613470583,7.595807052704194e-5,0.11111183655452453,-0.11111021015432468
34031,9.765625,-0.11111162862926903,8.281844392806723e-9,9.100463940265201e-5,3.450346632551459e-5,0.11111162862926903,-0.11111012363991817
34032,24.4140625,-0.11111119647463917,1.3273564079257056e-10,1.1521095468425326e-5,5.547679060411627e-5,0.11111119647463917,-0.11111017619254943
34033,9.765625,-0.11111005288542869,1.3980069292710365e-10,1.182373430550195e-5,3.0975227103729676e-5,0.11111005288542869,-0.1111101752851141
34034,3.90625,-0.11110961661152154,1.5972930957538692e-10,1.2638406132712579e-5,2.0474832860253217e-5,0.11110961661152154,-0.11111017492504398
34035,1.5625,-0.11110926553531268,1.845654828963008e-10,1.3585487952086991e-5,1.5979630095809334e-5,0.11110926553531268,-0.11111017484146594
34036,3.90625,-0.11110917743192875,1.8330409917013497e-10,1.3538984421666752e-5,1.3978635865289458e-5,0.11110917743192875,-0.11111017419588279
34037,9.765625,-0.11110971156828052,1.2101824614486602e-10,1.1000829338957406e-5,9.590822860202072e-6,0.11110971156828052,-0.11111017294656798
34038,24.4140625,-0.1111107004512642,2.186992883378427e-11,4.676529571571666e-6,9.105220518081953e-6,0.1111107004512642,-0.11111017282827158
34039,9.765625,-0.11111022984178674,4.325190217665969e-12,2.0797091666062276e-6,1.8751641399686493e-5,0.11111022984178674,-0.11111017331253954
34040,3.90625,-0.11111006159952011,2.0419643459078866e-12,1.428973178862321e-6,2.005476112081742e-5,0.11111006159952011,-0.1111101737359615
34041,1.5625,-0.11110992973297933,7.951006226964587e-12,2.8197528662924678e-6,1.9685444468430856e-5,0.11110992973297933,-0.11111017411139895
34042,0.625,-0.11110980714207486,2.0897854525984314e-11,4.571417124479488e-6,1.9174404516924402e-5,0.11110980714207486,-0.11111017446331532
34043,0.25,-0.111109687334815,4.059655551863624e-11,6.371542632568367e-6,1.8795468240021916e-5,0.111109687334815,-0.1111101748052716
34044,0.1,-0.1111095683878361,6.693460517857905e-11,8.181357172167651e-6,1.8544163068322582e-5,0.1111095683878361,-0.11111017514281396
34045,0.1,-0.1111094531613636,9.959187588322341e-11,9.979572930903577e-6,1.8376119201630237e-5,0.1111094531613636,-0.11111017546998447
34046,0.1,-0.11110934203169776,1.3828557615010573e-10,1.1759488770780204e-5,1.8197365660547786e-5,0.11110934203169776,-0.11111017578590078
34047,0.1,-0.11110923535869614,1.8271668795658865e-10,1.3517273688010783e-5,1.8007367748333432e-5,0.11110923535869614,-0.11111017608969977
34048,0.1,-0.11110913348470268,2.3257080734306252e-10,1.525027236947139e-5,1.7805734856809084e-5,0.11110913348470268,-0.11111017638054693
34049,0.25,-0.11110904994124704,2.8571945990306435e-10,1.690323814844553e-5,1.7594161079586763e-5,0.11110904994124704,-0.11111017660703773
34050,0.625,-0.11110901485795,3.3663655251229747e-10,1.834765795714258e-5,1.7128109159314528e-5,0.11110901485795,-0.11111017665572209
34051,1.5625,-0.1111091022404093,3.7052797317415797e-10,1.9249103178438156e-5,1.5979856596911123e-5,0.1111091022404093,-0.11111017624390479
34052,3.90625,-0.11110946594552536,3.5335573303014163e-10,1.879775872358568e-5,1.3135262985919229e-5,0.11110946594552536,-0.11111017485278538
34053,9.765625,-0.11111026242529926,2.3538715229042535e-10,1.5342332035594372e-5,7.155254672958067e-6,0.11111026242529926,-0.11111017244206232
34054,24.4140625,-0.11111083281770835,4.539695366195652e-11,6.737726149225458e-6,1.1218258047907273e-5,0.11111083281770835,-0.11111017223706188
34055,9.765625,-0.1111105341364436,8.782924889158395e-12,2.963599988048049e-6,2.6002995369203665e-5,0.1111105341364436,-0.11111017316756738
34056,3.90625,-0.11111041946155319,2.036263372456451e-12,1.4269770048800546e-6,2.8412862792608105e-5,0.11111041946155319,-0.11111017403026069
34057,1.5625,-0.11111032995823361,1.2360757598037935e-11,3.515786910214829e-6,2.812692538321163e-5,0.11111032995823361,-0.11111017480259827
34058,0.625,-0.11111024731657135,3.7379256748305505e-11,6.1138577631725705e-6,2.752000393914889e-5,0.11111024731657135,-0.11111017552940222
34059,0.25,-0.11111016688263309,7.652948141030678e-11,8.748113019977896e-6,2.7055616102793644e-5,0.11111016688263309,-0.11111017623789943
34060,0.1,-0.11111008719938924,1.2962409334443497e-10,1.138525771971961e-5,2.675321824991092e-5,0.11111008719938924,-0.11111017693950566
34061,0.1,-0.11111000900857287,1.9613633775026293e-10,1.400486835890516e-5,2.655853255138391e-5,0.11111000900857287,-0.11111017762249531
34062,0.1,-0.11110993252054711,2.755650789663091e-10,1.6600152980208017e-5,2.6341906839265034e-5,0.11110993252054711,-0.1111101782845553
34063,0.1,-0.11110985793926342,3.6736750823817087e-10,1.9166833547515637e-5,2.610332823810687e-5,0.11110985793926342,-0.11111017892345669
34064,0.1,-0.11110978546166833,4.709611066281728e-10,2.1701638339723868e-5,2.5842861145882658e-5,0.11110978546166833,-0.11111017953706698
34065,0.25,-0.11110972088123656,5.824165052327277e-10,2.4133306968435298e-5,2.55625282423735e-5,0.11110972088123656,-0.11111018001980315
34066,0.625,-0.11110967767033764,6.912992442954186e-10,2.6292570134838827e-5,2.490845903489344e-5,0.11110967767033764,-0.11111018013564054
34067,1.5625,-0.11110968981684435,7.689431760593229e-10,2.7729824666941602e-5,2.3247791807333048e-5,0.11110968981684435,-0.1111101792871445
34068,3.90625,-0.11110983121690912,7.459076539927992e-10,2.7311310001404165e-5,1.90155868305452e-5,0.11110983121690912,-0.11111017633515426
34069,9.765625,-0.11111019298534303,5.076475604761268e-10,2.2531035494981735e-5,9.304796565601663e-6,0.11111019298534303,-0.11111017106386134
34070,24.4140625,-0.11111053970072345,9.758914484523511e-11,9.878721822444192e-6,1.5180637629772608e-5,0.11111053970072345,-0.11111017053507731
34071,9.765625,-0.11111044770169134,1.872590353966198e-11,4.327343704821929e-6,3.8028298548709194e-5,0.11111044770169134,-0.11111017253197297
34072,3.90625,-0.11111043494349326,3.3617345470466314e-12,1.8335033534320659e-6,4.171450011327823e-5,0.11111043494349326,-0.11111017439628564
34073,1.5625,-0.1111104307856256,2.505663416715042e-11,5.005660212914019e-6,4.1366419008577594e-5,0.1111104307856256,-0.1111101760683903
34074,0.625,-0.11111042874728834,7.875139466498531e-11,8.874198254771261e-6,4.0518010701457834e-5,0.11111042874728834,-0.11111017764374713
34075,0.25,-0.11111042737314017,1.6328442862266106e-10,1.2778279564270812e-5,3.9867466366857814e-5,0.11111042737314017,-0.11111017918123554
34076,0.1,-0.11111042623966894,2.7830281118061753e-10,1.6682410232955476e-5,3.9449690749363125e-5,0.11111042623966894,-0.11111018070563669
34077,0.1,-0.11111042570283401,4.2273470396688374e-10,2.0560513222361053e-5,3.91870995592322e-5,0.11111042570283401,-0.11111018219163929
34078,0.1,-0.11111042582478055,5.955500451434414e-10,2.440389405696233e-5,3.888970616972892e-5,0.11111042582478055,-0.1111101836339361
34079,0.1,-0.11111042666399544,7.956228560538356e-10,2.8206787411079547e-5,3.855774049714789e-5,0.11111042666399544,-0.11111018502742154
34080,0.1,-0.1111104282751038,1.0217358858408022e-9,3.196460363966371e-5,3.8191502405336837e-5,0.1111104282751038,-0.11111018636721094
34081,0.25,-0.11111043269447807,1.2655157168082526e-9,3.557408771575531e-5,3.7793805653566256e-5,0.11111043269447807,-0.11111018742343974
34082,0.625,-0.11111044447553148,1.504618729935935e-9,3.878941517909151e-5,3.684045103254276e-5,0.11111044447553148,-0.11111018768077842
34083,1.5625,-0.11111047463321817,1.6773982128623623e-9,4.095605221285814e-5,3.438884872430057e-5,0.11111047463321817,-0.11111018583052261
34084,3.90625,-0.11111054463978023,1.6333545079122586e-9,4.041478080989997e-5,2.808215777627448e-5,0.11111054463978023,-0.11111017935563536
34085,9.765625,-0.11111066527947794,1.119341046449272e-9,3.345655461115612e-5,1.316683924795683e-5,0.11111066527947794,-0.11111016768615534
34086,24.4140625,-0.11111066860614965,2.1853930910850367e-10,1.4783075089726889e-5,2.1483939924923037e-5,0.11111066860614965,-0.11111016630852122
34087,9.765625,-0.11111052948377027,4.260495922316727e-11,6.527247446142e-6,5.61820410153574e-5,0.11111052948377027,-0.11111017067373866
34088,3.90625,-0.11111044349666961,6.541133529461358e-12,2.5575639834540518e-6,6.184103364110746e-5,0.11111044349666961,-0.11111017478132935
34089,1.5625,-0.11111036759222793,5.237292612069285e-11,7.236914129702856e-6,6.140559461093471e-5,0.11111036759222793,-0.11111017847213647
34090,0.625,-0.11111029479475754,1.689354231446126e-10,1.2997516037482415e-5,6.0185567047360206e-5,0.11111029479475754,-0.11111018195103424
34091,0.25,-0.11111022310193377,3.5368798220130726e-10,1.880659411486586e-5,5.9242465191141745e-5,0.11111022310193377,-0.1111101853470763
34092,0.1,-0.11111015185459543,6.058891023978402e-10,2.4614814693550718e-5,5.863808295045565e-5,0.11111015185459543,-0.1111101887150656
34093,0.1,-0.11111008131351348,9.232481170060916e-10,3.0384998222907493e-5,5.826109488059792e-5,0.11111008131351348,-0.11111019200000295
34094,0.1,-0.11111001157121385,1.303550156539535e-9,3.610471100202209e-5,5.783163990652527e-5,0.11111001157121385,-0.1111101951900197
34095,0.1,-0.1111099427180889,1.744364992508599e-9,4.176559579975603e-5,5.7350095888637496e-5,0.1111099427180889,-0.11111019827368736
34096,0.1,-0.1111098748422311,2.243057235817881e-9,4.736092520018883e-5,5.68169338335291e-5,0.1111098748422311,-0.11111020124006438
34097,0.25,-0.11110981037104883,2.7813573694299523e-9,5.273857572432111e-5,5.623608978636934e-5,0.11110981037104883,-0.11111020358341182
34098,0.625,-0.11110975506466503,3.3103895017808186e-9,5.7535984407853996e-5,5.4828989104632404e-5,0.11110975506466503,-0.11111020416770709
34099,1.5625,-0.11110972391015432,3.695077222412662e-9,6.078714685204975e-5,5.119219682656691e-5,0.11110972391015432,-0.1111102001032875
34100,3.90625,-0.1111097524097518,3.6048935319048838e-9,6.0040765583933754e-5,4.18029780006458e-5,0.1111097524097518,-0.1111101858096375
34101,9.765625,-0.11110990469685936,2.480573413040708e-9,4.980535526467719e-5,1.933986379348372e-5,0.11110990469685936,-0.11111015990346175
34102,24.4140625,-0.11111020214261076,4.917672016722188e-10,2.217582471233525e-5,3.1175619807347846e-5,0.11111020214261076,-0.11111015648329083
34103,9.765625,-0.11111031051739187,9.756047137273666e-11,9.877270441409239e-6,8.340919203710357e-5,0.11111031051739187,-0.11111016610406493
34104,3.90625,-0.11111041425254137,1.374498893301024e-11,3.707423489839034e-6,9.203393926534816e-5,0.11111041425254137,-0.11111017521666462
34105,1.5625,-0.11111051226508986,1.117860293704743e-10,1.0572891249344916e-5,9.147508793271077e-5,0.11111051226508986,-0.11111018341827089
34106,0.625,-0.11111060826497988,3.668599468405725e-10,1.915358835415893e-5,8.970110732495882e-5,0.11111060826497988,-0.11111019115227677
34107,0.25,-0.11111070367274142,7.733347650438259e-10,2.7808897228114347e-5,8.831957881380248e-5,0.11111070367274142,-0.11111019870301023
34108,0.1,-0.11111079901077975,1.329599478814451e-9,3.646367341361058e-5,8.743394831846068e-5,0.11111079901077975,-0.11111020619209248
34109,0.1,-0.11111089420628108,2.0306765069605975e-9,4.50630281601292e-5,8.688315997564833e-5,0.11111089420628108,-0.1111102134990435
34110,0.1,-0.11111098917376018,2.8717311894210614e-9,5.3588535988782725e-5,8.625370149379165e-5,0.11111098917376018,-0.11111022059734915
34111,0.1,-0.11111108382558127,3.847447823075451e-9,6.202779879276267e-5,8.554616198727491e-5,0.11111108382558127,-0.1111102274614699
34112,0.1,-0.11111117807214771,4.952052126247884e-9,7.037081871236034e-5,8.476126083386381e-5,0.11111117807214771,-0.11111023406694157
34113,0.25,-0.11111127018248715,6.145399499609071e-9,7.839259850017137e-5,8.390467937506959e-5,0.11111127018248715,-0.1111102392955267
34114,0.625,-0.11111135576479825,7.31992398741592e-9,8.555655432178134e-5,8.181919466562476e-5,0.11111135576479825,-0.11111024063183059
34115,1.5625,-0.11111142268290271,8.178020010285344e-9,9.043240575305594e-5,7.641571849474744e-5,0.11111142268290271,-0.11111023166962823
34116,3.90625,-0.11111143877208113,7.99022152450778e-9,8.938803904610381e-5,6.2439055862954e-5,0.11111143877208113,-0.11111019999718971
34117,9.765625,-0.11111132684463601,5.516480638730402e-9,7.427301420253793e-5,2.879438750601196e-5,0.11111132684463601,-0.11111014232311185
34118,24.4140625,-0.11111083876599934,8.512076170425836e-11,9.226091355729054e-6,4.466318084082691e-5,0.11111083876599934,-0.11111017688297863
34119,9.765625,-0.11111018239598651,9.061886842101468e-11,9.51939433057664e-6,2.4668201301608037e-5,0.11111018239598651,-0.11111017626767104
34120,3.90625,-0.11110994187101957,1.0290587144580711e-10,1.0144253124099729e-5,1.6264599196805057e-5,0.11110994187101957,-0.11111017603148815
34121,1.5625,-0.11110974852256106,1.1810160534092877e-10,1.0867456249782134e-5,1.2753935984277522e-5,0.11110974852256106,-0.11111017597826316
34122,3.90625,-0.11110970684236024,1.1716187183542503e-10,1.0824133768363408e-5,1.1222419026486683e-5,0.11110970684236024,-0.1111101755701179
34123,9.765625,-0.1111100190232209,7.85577900063022e-11,8.863283252063097e-6,7.933572500479044e-6,0.1111100190232209,-0.11111017476914797
34124,24.4140625,-0.11111057006877391,1.4418836604208508e-11,3.797214321605841e-6,7.686202842933643e-6,0.11111057006877391,-0.11111017469104324
34125,9.765625,-0.11111031099125937,2.9478557316111408e-12,1.7169320695971466e-6,1.5243816299686521e-5,0.11111031099125937,-0.11111017500623405
34126,3.90625,-0.11111022558781587,1.1227965155803104e-12,1.0596209301350697e-6,1.6386411380598117e-5,0.11111022558781587,-0.11111017529041108
34127,1.5625,-0.11111016005985386,4.627310293955395e-12,2.1511183821341387e-6,1.614550580492614e-5,0.11111016005985386,-0.1111101755445503
34128,0.625,-0.11111009951862838,1.2704764347181118e-11,3.564374327589783e-6,1.5764014363305325e-5,0.11111009951862838,-0.11111017578351393
34129,0.25,-0.11111004045872636,2.5166254527140796e-11,5.016597903673445e-6,1.547547591578883e-5,0.11111004045872636,-0.11111017601597059
34130,0.1,-0.11110998185236043,4.1939330065525345e-11,6.476058219744889e-6,1.5283091720085112e-5,0.11110998185236043,-0.11111017624554503
34131,0.1,-0.11110992532699543,6.283284339320346e-11,7.926717062769647e-6,1.5154426791459954e-5,0.11110992532699543,-0.11111017646853448
34132,0.1,-0.11110987108786043,8.767336866056466e-11,9.363405825903556e-6,1.5017121438592753e-5,0.11110987108786043,-0.1111101766843514
34133,0.1,-0.11110981933072302,1.1627684069167565e-10,1.0783173961857226e-5,1.4870764738710672e-5,0.11110981933072302,-0.11111017689241977
34134,0.1,-0.11110977024128778,1.4844901117442542e-10,1.2183965330483562e-5,1.4715056536894016e-5,0.11110977024128778,-0.11111017709218128
34135,0.25,-0.11110973134476623,1.828930784649192e-10,1.35237967473975e-5,1.455123527201062e-5,0.11110973134476623,-0.1111101772506561
34136,0.625,-0.11110971933482632,2.1621457639963378e-10,1.4704236681978217e-5,1.4187907043310493e-5,0.11110971933482632,-0.11111017729458925
34137,1.5625,-0.11110977504468052,2.392250261821206e-10,1.5466900988307922e-5,1.3288714010478608e-5,0.11110977504468052,-0.11111017703989887
34138,3.90625,-0.11110998244453822,2.3026575589451842e-10,1.5174510070988072e-5,1.1052405228717849e-5,0.11110998244453822,-0.11111017614128649
34139,9.765625,-0.11111042112693278,1.556087029306702e-10,1.2474321742310087e-5,6.336116099181254e-6,0.11111042112693278,-0.11111017454576612
34140,24.4140625,-0.11111069989505577,3.0546643510887e-11,5.526901800365825e-6,9.224040540273756e-6,0.11111069989505577,-0.11111017438345575
34141,9.765625,-0.11111051952111285,6.2347298754630805e-12,2.4969441073966954e-6,2.128134858735377e-5,0.11111051952111285,-0.11111017500048585
34142,3.90625,-0.11111044433518422,1.4612345356351456e-12,1.208815343894652e-6,2.3287749712290603e-5,0.11111044433518422,-0.11111017557970974
34143,1.5625,-0.11111038382542109,7.98645343832348e-12,2.826031393725746e-6,2.3090265198412026e-5,0.11111038382542109,-0.11111017610096179
34144,0.625,-0.11111032736667201,2.4247113717352884e-11,4.924135834575736e-6,2.2618625595756557e-5,0.11111032736667201,-0.11111017659262333
34145,0.25,-0.11111027222040143,4.987646088215148e-11,7.0623268744905515e-6,2.225503500271911e-5,0.11111027222040143,-0.11111017707241629
34146,0.1,-0.11111021752301697,8.475694368339413e-11,9.20635344115107e-6,2.201892852420623e-5,0.11111021752301697,-0.111110177547845
34147,0.1,-0.11111016369591765,1.285532241137741e-10,1.1338131420731288e-5,2.1868134803205468e-5,0.11111016369591765,-0.11111017801123788
34148,0.1,-0.11111011086359596,1.8094432564555032e-10,1.3451554766849455e-5,2.1699319217066432e-5,0.11111011086359596,-0.11111017846103521
34149,0.1,-0.1111100591469696,2.415811870139231e-10,1.554288219777539e-5,2.151250134541432e-5,0.1111100591469696,-0.1111101788957332
34150,0.1,-0.11111000866304094,3.100879404165256e-10,1.760931402458726e-5,2.130775884963568e-5,0.11111000866304094,-0.11111017931389057
34151,0.25,-0.11110996280091698,3.839086714781122e-10,1.959358750913452e-5,2.108661557196484e-5,0.11110996280091698,-0.11111017964583056
34152,0.625,-0.11110992946720316,4.562349700500044e-10,2.1359657535878342e-5,2.056479671889353e-5,0.11110992946720316,-0.11111017973544456
34153,1.5625,-0.11110992868754531,5.083120079266674e-10,2.254577583332779e-5,1.9233521264606173e-5,0.11110992868754531,-0.11111017918662647
34154,3.90625,-0.11111000446733935,4.944919012552039e-10,2.2237173859445447e-5,1.5837936513507834e-5,0.11111000446733935,-0.11111017723920659
34155,9.765625,-0.11111021426907304,3.3854437150605537e-10,1.8399575307763368e-5,8.115740679349254e-6,0.11111021426907304,-0.111110173725686
34156,24.4140625,-0.1111104398272892,6.641062560589002e-11,8.149271477002715e-6,1.2462361080511741e-5,0.1111104398272892,-0.11111017331931002
34157,9.765625,-0.11111041201856943,1.3139646475799363e-11,3.6248650286320128e-6,3.1136775974468344e-5,0.11111041201856943,-0.11111017465205403
34158,3.90625,-0.11111042458651307,2.2359818374273105e-12,1.4953199782746536e-6,3.42248808053696e-5,0.11111042458651307,-0.1111101759080738
34159,1.5625,-0.11111044047309881,1.6120474033845003e-11,4.0150310128123545e-6,3.398500324417718e-5,0.11111044047309881,-0.11111017703847002
34160,0.625,-0.11111045704044703,5.141308061390829e-11,7.17029152921332e-6,3.331704683471146e-5,0.11111045704044703,-0.11111017810492894
34161,0.25,-0.11111047380487511,1.0734402379007885e-10,1.0360696105478571e-5,3.280101961223138e-5,0.11111047380487511,-0.11111017914638363
34162,0.1,-0.11111049064536406,1.836883482211204e-10,1.3553167460823332e-5,3.247044802343548e-5,0.11111049064536406,-0.11111018017937285
34163,0.1,-0.1111105077493797,2.7975300325783183e-10,1.672581846301794e-5,3.2264338577872724e-5,0.1111105077493797,-0.11111018118721488
34164,0.1,-0.11111052513583869,3.9486818121069557e-10,1.9871290376085183e-5,3.202966227692929e-5,0.11111052513583869,-0.11111018216632403
34165,0.1,-0.11111054282160525,5.282991549741363e-10,2.29847591889525e-5,3.1766613972762754e-5,0.11111054282160525,-0.11111018311324651
34166,0.1,-0.11111056082140053,6.792493189870864e-10,2.606241199480751e-5,3.1475443699214705e-5,0.11111056082140053,-0.11111018402467457
34167,0.25,-0.1111105799378333,8.421948285207324e-10,2.902059318002877e-5,3.115827764425157e-5,0.1111105799378333,-0.11111018474748113
34168,0.625,-0.11111060187672879,1.0023572486692924e-9,3.1660026037091196e-5,3.0389816783347954e-5,0.11111060187672879,-0.11111018493771274
34169,1.5625,-0.1111106305066227,1.1188920155649193e-9,3.344984328161971e-5,2.840456404910143e-5,0.1111106305066227,-0.1111101837203318
34170,3.90625,-0.11111067188227616,1.0918397314994963e-9,3.304299822200607e-5,2.3290460973245187e-5,0.11111067188227616,-0.11111017940443967
34171,9.765625,-0.11111071828002615,7.519528888121125e-10,2.7421759404022793e-5,1.1242953379698687e-5,0.11111071828002615,-0.11111017156399194
34172,24.4140625,-0.1111106540290571,1.4987134242254674e-10,1.2242195163554074e-5,1.7520908197338638e-5,0.1111106540290571,-0.11111017051331876
34173,9.765625,-0.11111054316906246,3.0043104393678236e-11,5.481159037437086e-6,4.6081253536612916e-5,0.11111054316906246,-0.11111017344071068
34174,3.90625,-0.11111046730787794,4.313161224659259e-12,2.0768151638167657e-6,5.084402124010899e-5,0.11111046730787794,-0.11111017622071208
34175,1.5625,-0.11111039900061519,3.375174758565209e-11,5.809625425589165e-6,5.0552603646973085e-5,0.11111039900061519,-0.1111101787262768
34176,0.625,-0.1111103330981954,1.1083812634903596e-10,1.0527968766530225e-5,4.958765707907777e-5,0.1111103330981954,-0.1111101810906416
34177,0.25,-0.11111026805641215,2.338720330940507e-10,1.5292875239602614e-5,4.8835371144542273e-5,0.11111026805641215,-0.1111101833997682
34178,0.1,-0.11111020335735533,4.0237443277335194e-10,2.005927298715863e-5,4.835410870978579e-5,0.11111020335735533,-0.11111018569051288
34179,0.1,-0.11111013916848961,6.148506001667433e-10,2.4796181160951845e-5,4.805610594307937e-5,0.11111013916848961,-0.11111018792642322
34180,0.1,-0.11111007556173082,8.698473093580673e-10,2.949317394513631e-5,4.771489209943188e-5,0.11111007556173082,-0.11111019009943741
34181,0.1,-0.11111001260770108,1.165764979925757e-9,3.4143300659510894e-5,4.73307808415342e-5,0.11111001260770108,-0.11111019220178422
34182,0.1,-0.1111099503756171,1.5008644072440608e-9,3.874099130435437e-5,4.69041599810322e-5,0.1111099503756171,-0.11111019422601548
34183,0.25,-0.11110989067251821,1.86300533759284e-9,4.316254554116149e-5,4.6438030149368575e-5,0.11110989067251821,-0.11111019583304661
34184,0.625,-0.11110983783457168,2.2196318364361958e-9,4.711296887732926e-5,4.529767894585455e-5,0.11110983783457168,-0.111110196259762
34185,1.5625,-0.11110980327898765,2.480631300621153e-9,4.9805936399400757e-5,4.2337640035697426e-5,0.11110980327898765,-0.11111019356177566
34186,3.90625,-0.11110981479708484,2.4250233164200126e-9,4.92445257507879e-5,3.468295556525636e-5,0.11110981479708484,-0.11111018396730567
34187,9.765625,-0.11110992713185784,1.6766758681755399e-9,4.094723272915448e-5,1.6389610435999805e-5,0.11110992713185784,-0.11111016644862388
34188,24.4140625,-0.11111018619625544,3.392332178460246e-10,1.8418284877969083e-5,2.536679659795838e-5,0.11111018619625544,-0.11111016385165623
34189,9.765625,-0.11111030011194402,6.92755640697827e-11,8.323194342906015e-6,6.854696564276066e-5,0.11111030011194402,-0.11111017032987022
34190,3.90625,-0.11111040199308443,9.34399893149488e-12,3.0567955331514867e-6,7.582021193390142e-5,0.11111040199308443,-0.11111017652192928
34191,1.5625,-0.11111049750480129,7.259682927427591e-11,8.520377296474372e-6,7.545392415515572e-5,0.11111049750480129,-0.1111101821109308
34192,0.625,-0.1111105908291754,2.4220763840187415e-10,1.5563021506181703e-5,7.404382457999665e-5,0.1111105908291754,-0.11111018738647852
34193,0.25,-0.1111106834670179,5.143767195263786e-10,2.2679874768754314e-5,7.293563885353285e-5,0.1111106834670179,-0.11111019253891792
34194,0.1,-0.11111077595833313,8.880489850615782e-10,2.9800150755685417e-5,7.222573308049925e-5,0.11111077595833313,-0.11111019765045461
34195,0.1,-0.11111086821609885,1.3599491523725486e-9,3.687748842278374e-5,7.178674277267546e-5,0.11111086821609885,-0.11111020264078357
34196,0.1,-0.11111096015657952,1.926879300520561e-9,4.389623332953023e-5,7.128281593860658e-5,0.11111096015657952,-0.11111020749182332
34197,0.1,-0.11111105169475992,2.5853134892203844e-9,5.084597810270134e-5,7.071443768996928e-5,0.11111105169475992,-0.11111021218614088
34198,0.1,-0.11111114274450658,3.3314126812599397e-9,5.771839118738446e-5,7.008219758105506e-5,0.11111114274450658,-0.11111021670701964
34199,0.25,-0.11111123154102968,4.1383404306231855e-9,6.432993417238344e-5,6.93904728309043e-5,0.11111123154102968,-0.1111102203007495
34200,0.625,-0.11111131365695527,4.9340355793228615e-9,7.02426905757664e-5,6.769254960169394e-5,0.11111131365695527,-0.1111102212688811
34201,1.5625,-0.11111137696815666,5.518844555668661e-9,7.428892619811287e-5,6.327724538462451e-5,0.11111137696815666,-0.11111021527897082
34202,3.90625,-0.11111138977842884,5.4024142390105746e-9,7.350111726368909e-5,5.1838397192175946e-5,0.11111138977842884,-0.11111019390214341
34203,9.765625,-0.11111127796290894,3.746570085913162e-9,6.120923203172183e-5,2.4294463479068155e-5,0.11111127796290894,-0.11111015470940132
34204,24.4140625,-0.11111091632476958,7.663877515257478e-10,2.7683709135983708e-5,3.717732197680725e-5,0.11111091632476958,-0.11111014849531325
34205,9.765625,-0.1111107092684896,1.5808998342891726e-10,1.2573383929114598e-5,0.00010226415595870714,0.1111107092684896,-0.11111016291729149
34206,3.90625,-0.11111053869354559,1.9611421239050102e-11,4.42847843384724e-6,0.00011331711569188596,0.11111053869354559,-0.11111017676866837
34207,1.5625,-0.11111038074821139,1.5676156029630424e-10,1.2520445690801275e-5,0.00011284693644645865,0.11111038074821139,-0.11111018928475012
34208,0.625,-0.11111022730071508,5.317945103680083e-10,2.306067020639271e-5,0.00011077269890043169,0.11111022730071508,-0.11111020110096329
34209,0.25,-0.11111007564227031,1.1361693439296813e-9,3.370711117746048e-5,0.00010913150088472627,0.11111007564227031,-0.11111021264097705
34210,0.1,-0.11110992483201781,1.967521245762286e-9,4.4356749720446e-5,0.00010807810744807332,0.11110992483201781,-0.11111022408883628
34211,0.1,-0.11110977502553875,3.018612199875063e-9,5.494189840072022e-5,0.00010742654198303236,0.11110977502553875,-0.11111023526703669
34212,0.1,-0.11110962634058719,4.2823520403961655e-9,6.543968245946923e-5,0.00010667787460049645,0.11110962634058719,-0.11111024613509672
34213,0.1,-0.11110947889257584,5.7509186517309145e-9,7.583481160872568e-5,0.00010583281551634395,0.11110947889257584,-0.11111025665397217
34214,0.1,-0.11110933279452197,7.415790899642774e-9,8.611498649853447e-5,0.00010489222925725803,0.11110933279452197,-0.11111026678620893
34215,0.25,-0.11110919083664056,9.217449546075504e-9,9.600754942230066e-5,0.00010386252919906538,0.11110919083664056,-0.11111027485225913
34216,0.625,-0.11110905986669155,1.0995936341383787e-8,0.00010486151029516878,0.00010133136519965048,0.11110905986669155,-0.1111102770633802
34217,1.5625,-0.11110895844433474,1.2307758206958358e-8,0.00011094033624862671,9.474340467540511e-5,0.11110895844433474,-0.11111026374592393
34218,3.90625,-0.11110893504019771,1.2062351365332967e-8,0.00010982873651887728,7.765856266235983e-5,0.11110893504019771,-0.1111102160307335
34219,9.765625,-0.11110910592257353,8.38881538110873e-9,9.159047647604378e-5,3.6352682734486696e-5,0.11110910592257353,-0.1111101282091872
34220,24.4140625,-0.11110980647341863,1.2642492938973556e-10,1.1243884088238172e-5,5.369886478926026e-5,0.11110980647341863,-0.11111017953284402
34221,9.765625,-0.11111083498425954,1.3305154233214524e-10,1.1534797021714134e-5,3.02398369840514e-5,0.11111083498425954,-0.11111017868772126
34222,3.90625,-0.1111112173795802,1.5212332355654327e-10,1.2333828422535449e-5,2.005553947096844e-5,0.1111112173795802,-0.11111017834819882
34223,1.5625,-0.11111152491717032,1.7601967743831395e-10,1.3267240762054255e-5,1.5686266109470738e-5,0.11111152491717032,-0.11111017827076285
34224,3.90625,-0.1111115948551196,1.752212308453639e-10,1.3237115654301881e-5,1.3740591975428672e-5,0.1111115948551196,-0.11111017765485531
34225,9.765625,-0.11111110839739442,1.1648921781199377e-10,1.0793017085689884e-5,9.451004076632515e-6,0.11111110839739442,-0.11111017645065885
34226,24.4140625,-0.11111024094840673,2.1677590406644423e-11,4.655919931296545e-6,8.875418738252323e-6,0.11111024094840673,-0.11111017630925002
34227,9.765625,-0.11111066356304769,4.384484298884086e-12,2.09391602001706e-6,1.8469105899462534e-5,0.11111066356304769,-0.11111017677727757
34228,3.90625,-0.11111080957174524,1.7994535822718108e-12,1.341437133179118e-6,1.984149449962473e-5,0.11111080957174524,-0.11111017719308666
34229,1.5625,-0.11111092305819596,7.182781570937482e-12,2.6800711876622757e-6,1.952827946721761e-5,0.11111092305819596,-0.1111101775637699
34230,0.625,-0.11111102832817887,1.9420028379566018e-11,4.406816127269893e-6,1.905353612336431e-5,0.11111102832817887,-0.11111017791199532
34231,0.25,-0.11111113115361887,3.8238919375723185e-11,6.183762558161753e-6,1.8698079539232764e-5,0.11111113115361887,-0.1111101782507502
34232,0.1,-0.11111123323667366,6.353723708810673e-11,7.971024845533146e-6,1.8463016615191474e-5,0.11111123323667366,-0.11111017858542245
34233,0.1,-0.1111113319748001,9.502047673913333e-11,9.747844722764788e-6,1.8307169675520365e-5,0.1111113319748001,-0.1111101789103605
34234,0.1,-0.11111142703142667,1.3242627567578177e-10,1.150766160763262e-5,1.8140121754228853e-5,0.11111142703142667,-0.11111017922466303
34235,0.1,-0.1111115180848835,1.7547580603575206e-10,1.324672812568266e-5,1.7961416733431065e-5,0.1111115180848835,-0.11111017952744924
34236,0.1,-0.11111160482938896,2.2387460021053235e-10,1.4962439647682204e-5,1.7770727695681075e-5,0.11111160482938896,-0.11111017981786667
34237,0.25,-0.11111167507002125,2.756134242787223e-10,1.6601609087034975e-5,1.756957134305515e-5,0.11111167507002125,-0.11111018004622328
34238,0.625,-0.11111170169378672,3.254538669337541e-10,1.8040339989416886e-5,1.7119322825834637e-5,0.11111170169378672,-0.11111018010239622
34239,1.5625,-0.11111161823253587,3.593199321259723e-10,1.8955736127251095e-5,1.6000807070843623e-5,0.11111161823253587,-0.11111017971071266
34240,3.90625,-0.11111128725290247,3.445934560292006e-10,1.8563228599281985e-5,1.321412381523403e-5,0.11111128725290247,-0.11111017835843752
34241,9.765625,-0.11111057395405924,2.3249492968035407e-10,1.5247784418739466e-5,7.2640111244735e-6,0.11111057395405924,-0.11111017597074563
34242,24.4140625,-0.11111009435492038,4.6836373309100034e-11,6.843710492788253e-6,1.0819034878846838e-5,0.11111009435492038,-0.11111017567823187
34243,9.765625,-0.11111037548859677,9.50532568641722e-12,3.0830708208565724e-6,2.5837942977121193e-5,0.11111037548859677,-0.11111017659379183
34244,3.90625,-0.11111048566417218,1.8005865594230634e-12,1.3418593664848277e-6,2.8398111156621e-5,0.11111048566417218,-0.1111101774589424
34245,1.5625,-0.11111057245714201,1.1108998623604955e-11,3.3330164451446914e-6,2.8193287722221522e-5,0.11111057245714201,-0.11111017823797402
34246,0.625,-0.11111065289371375,3.5062832754871856e-11,5.921387738940244e-6,2.7629894793729128e-5,0.11111065289371375,-0.11111017897248489
34247,0.25,-0.11111073131141623,7.310853825992013e-11,8.550353107323704e-6,2.7190712072494914e-5,0.11111073131141623,-0.11111017968902082
34248,0.1,-0.11111080906977573,1.2507215821173425e-10,1.118356643525375e-5,2.6904826688938237e-5,0.11111080906977573,-0.11111018039894245
34249,0.1,-0.11111088544721535,1.9046166432090416e-10,1.3800784916840932e-5,2.672243402963074e-5,0.11111088544721535,-0.11111018109098653
34250,0.1,-0.11111096024385049,2.688030919201947e-10,1.6395215519174936e-5,2.6517734061843527e-5,0.11111096024385049,-0.11111018176279495
34251,0.1,-0.11111103326552023,3.5957990472655374e-10,1.896259224701501e-5,2.6290740253635503e-5,0.11111103326552023,-0.11111018241209214
34252,0.1,-0.11111110432435989,4.622349004007679e-10,2.1499648843661795e-5,2.6041536358206134e-5,0.11111110432435989,-0.11111018303669558
34253,0.25,-0.11111116789923471,5.729720107436082e-10,2.393683376605202e-5,2.5771907170883607e-5,0.11111116789923471,-0.11111018353250776
34254,0.625,-0.11111121115327449,6.81661681075723e-10,2.6108651460305702e-5,2.513269492165045e-5,0.11111121115327449,-0.11111018366583114
34255,1.5625,-0.11111120167902563,7.603800661825756e-10,2.757498986731592e-5,2.349716760210229e-5,0.11111120167902563,-0.1111101828427908
34256,3.90625,-0.11111106885038764,7.41127979848306e-10,2.72236658047425e-5,1.931012661530799e-5,0.11111106885038764,-0.11111017991890605
34257,9.765625,-0.11111072437654922,5.100442238422712e-10,2.258415869237265e-5,9.6134988722335e-6,0.11111072437654922,-0.11111017461103029
34258,24.4140625,-0.11111038456155736,1.0249059592714257e-10,1.0123763920950675e-5,1.4706370475089164e-5,0.11111038456155736,-0.11111017388297272
34259,9.765625,-0.11111045958533992,2.0693831803515986e-11,4.5490473512061825e-6,3.804800241455989e-5,0.11111045958533992,-0.11111017587548537
34260,3.90625,-0.11111046247912484,2.9846176630392678e-12,1.7276046026331569e-6,4.198010435715322e-5,0.11111046247912484,-0.11111017777113567
34261,1.5625,-0.11111045817521961,2.276124001258613e-11,4.770874135060171e-6,4.174420178567782e-5,0.11111045817521961,-0.11111017948072283
34262,0.625,-0.11111045222174337,7.488804154881359e-11,8.653787699545996e-6,4.094923101748929e-5,0.11111045222174337,-0.11111018109406637
34263,0.25,-0.11111044581676767,1.5819279111733688e-10,1.2577471570921433e-5,4.032715734235779e-5,0.11111044581676767,-0.11111018266943071
34264,0.1,-0.11111043930257512,2.7233647374183826e-10,1.6502620208374132e-5,3.992726563516915e-5,0.11111043930257512,-0.11111018423186027
34265,0.1,-0.11111043235678254,4.162975784777395e-10,2.0403371742869842e-5,3.9677920461033565e-5,0.11111043235678254,-0.11111018575673096
34266,0.1,-0.11111042492495023,5.890824100859783e-10,2.4271019963857683e-5,3.939336147260733e-5,0.11111042492495023,-0.11111018723860562
34267,0.1,-0.1111104169554406,7.895992626809536e-10,2.8099808943851446e-5,3.907381905772259e-5,0.1111104169554406,-0.11111018867224322
34268,0.1,-0.11111040839963972,1.0166629175413767e-9,3.188515199181865e-5,3.871958993229724e-5,0.11111040839963972,-0.11111019005261986
34269,0.25,-0.11111039748480511,1.2620618130958962e-9,3.5525509329155243e-5,3.833318885750199e-5,0.11111039748480511,-0.11111019115004399
34270,0.625,-0.11111038026004479,1.503788456509125e-9,3.877871138278224e-5,3.73938516292637e-5,0.11111038026004479,-0.111110191447491
34271,1.5625,-0.11111034726162995,1.6809369513469125e-9,4.0999231106777024e-5,3.4962182838597915e-5,0.11111034726162995,-0.111110189627142
34272,3.90625,-0.11111028078448551,1.6441142299871432e-9,4.05476784783931e-5,2.8683017770824383e-5,0.11111028078448551,-0.11111018312940274
34273,9.765625,-0.11111017792608206,1.1386411113771088e-9,3.374375662810987e-5,1.3734841564775658e-5,0.11111017792608206,-0.11111017123577839
34274,24.4140625,-0.11111021553742012,2.3204698732554155e-10,1.5233088568164421e-5,2.0932712660646576e-5,0.11111021553742012,-0.11111016940954774
34275,9.765625,-0.1111103682254955,4.7603452530963026e-11,6.899525529408745e-6,5.6550974100135025e-5,0.1111103682254955,-0.11111017381609378
34276,3.90625,-0.11111046536772085,6.014337143881652e-12,2.4524145538390634e-6,6.259718932800534e-5,0.11111046536772085,-0.11111017804021447
34277,1.5625,-0.11111055171553473,4.823113930515222e-11,6.944864239504774e-6,6.231975448323217e-5,0.11111055171553473,-0.11111018185617104
34278,0.625,-0.11111063484274532,1.6278507317233096e-10,1.2758725374124602e-5,6.116836073009786e-5,0.11111063484274532,-0.11111018545880923
34279,0.25,-0.11111071695781564,3.47079104434773e-10,1.8630059163480213e-5,6.025959494173343e-5,0.11111071695781564,-0.11111018897729938
34280,0.1,-0.11111079879534735,6.003904856167465e-10,2.4502866885667613e-5,5.9676369477974016e-5,0.11111079879534735,-0.11111019246763758
34281,0.1,-0.11111088003848575,9.205062553955451e-10,3.0339846001513343e-5,5.931527856201231e-5,0.11111088003848575,-0.1111101958756411
34282,0.1,-0.11111096057318037,1.3052609656727222e-9,3.6128395559071294e-5,5.8900880721697424e-5,0.11111096057318037,-0.11111019918902905
34283,0.1,-0.1111110402862865,1.7522668020816428e-9,4.186008602573152e-5,5.8433547959796605e-5,0.1111110402862865,-0.11111020239595569
34284,0.1,-0.1111111190658356,2.2589235729383547e-9,4.752813454090487e-5,5.791374247742705e-5,0.1111111190658356,-0.11111020548505761
34285,0.25,-0.11111119402624338,2.8070829645065236e-9,5.2981911672820224e-5,5.734501362707872e-5,0.11111119402624338,-0.11111020794495327
34286,0.625,-0.11111125827869624,3.34798932954541e-9,5.7861812359667837e-5,5.594917384265107e-5,0.11111125827869624,-0.11111020862250626
34287,1.5625,-0.11111129382778892,3.746503803233629e-9,6.120869058584433e-5,5.2319349483214095e-5,0.11111129382778892,-0.11111020457437856
34288,3.90625,-0.11111125792448184,3.67047436570652e-9,6.0584439963628614e-5,4.291608766197376e-5,0.11111125792448184,-0.1111101900638312
34289,9.765625,-0.11111107362566651,2.550809430564024e-9,5.050553861275042e-5,2.030168818437614e-5,0.11111107362566651,-0.11111016337737908
34290,24.4140625,-0.1111107203677606,5.264542957189968e-10,2.2944591862114192e-5,3.056782824451712e-5,0.1111107203677606,-0.11111015895866388
34291,9.765625,-0.11111060044895252,1.0968211232284371e-10,1.0472922816618277e-5,8.439816787472527e-5,0.11111060044895252,-0.11111016877113583
34292,3.90625,-0.11111048494537622,1.3121550859652111e-11,3.6223681286766136e-6,9.361677840242645e-5,0.11111048494537622,-0.11111017823161223
34293,1.5625,-0.11111037607593334,1.0448315615926605e-10,1.0221700257749004e-5,9.327619357892873e-5,0.11111037607593334,-0.11111018678978365
34294,0.625,-0.11111026981426046,3.5799988572141964e-10,1.8920884908518937e-5,9.158724861303614e-5,0.11111026981426046,-0.11111019487206888
34295,0.25,-0.11111016463778374,7.678378688562128e-10,2.7709887564842496e-5,9.024439889328884e-5,0.11111016463778374,-0.11111020276598854
34296,0.1,-0.11111005999804541,1.3323897187221397e-9,3.6501913904919286e-5,8.93815741773129e-5,0.11111005999804541,-0.11111021059698446
34297,0.1,-0.11110995594477378,2.046771518100593e-9,4.524125902426448e-5,8.884806910474093e-5,0.11110995594477378,-0.11111021824501961
34298,0.1,-0.11110985254607608,2.906186769125513e-9,5.390906017661144e-5,8.823443931712618e-5,0.11110985254607608,-0.11111022568246032
34299,0.1,-0.11110974986930595,3.90533997242564e-9,6.249271935534283e-5,8.754126531385706e-5,0.11110974986930595,-0.11111023288264724
34300,0.1,-0.11110964798108276,5.0384588769817755e-9,7.098210251170203e-5,8.676925489862235e-5,0.11110964798108276,-0.11111023981999668
34301,0.25,-0.11110954841126244,6.265225129969137e-9,7.91531751098409e-5,8.592360807733935e-5,0.11110954841126244,-0.11111024535249325
34302,0.625,-0.11110945500060704,7.477204657765996e-9,8.647083125404772e-5,8.384180055935741e-5,0.11110945500060704,-0.11111024690198236
34303,1.5625,-0.11110937847319761,8.373588601008625e-9,9.150731446725243e-5,7.841952747334424e-5,0.11110937847319761,-0.1111102378810105
34304,3.90625,-0.11110934867042624,8.213973276054406e-9,9.063097305035628e-5,6.435235365124145e-5,0.11110934867042624,-0.11111020541503813
34305,9.765625,-0.11110944760321084,5.724653095017521e-9,7.566143730472956e-5,3.0339731245207068e-5,0.11110944760321084,-0.11111014546926143
34306,24.4140625,-0.11111010843084126,8.4505252634617e-11,9.192673856643507e-6,4.409574590226671e-5,0.11111010843084126,-0.11111018031760377
34307,9.765625,-0.11111072398709085,8.965505607340995e-11,9.468635386021048e-6,2.456288049198929e-5,0.11111072398709085,-0.11111017972223658
34308,3.90625,-0.11111094480939256,1.0180479425665835e-10,1.0089836185818794e-5,1.6277518738549603e-5,0.11111094480939256,-0.1111101794924484
34309,1.5625,-0.11111112254335806,1.169824833804538e-10,1.081584409005852e-5,1.2809137248138392e-5,0.11111112254335806,-0.11111017944260777
34310,3.90625,-0.11111115737232606,1.1629414604026557e-10,1.0783976355698559e-5,1.1291890720656206e-5,0.11111115737232606,-0.11111017903942133
34311,9.765625,-0.11111086167625006,7.83596915198801e-11,8.852100966430518e-6,8.015971689965468e-6,0.11111086167625006,-0.11111017823999428
34312,24.4140625,-0.11111035329036564,1.468066929672826e-11,3.8315361536501594e-6,7.668290567646414e-6,0.11111035329036564,-0.1111101781481455
34313,9.765625,-0.11111059026166785,3.0583327501335686e-12,1.748808951867976e-6,1.526133370934069e-5,0.11111059026166785,-0.11111017846303789
34314,3.90625,-0.11111066506000808,1.0513575993725885e-12,1.0253573032716881e-6,1.6452997677037756e-5,0.11111066506000808,-0.11111017875018374
34315,1.5625,-0.11111072168025657,4.3960422675042925e-12,2.0966740966359776e-6,1.623830506582699e-5,0.11111072168025657,-0.11111017900785475
34316,0.625,-0.11111077378856557,1.2334742389401614e-11,3.51208519107974e-6,1.587045850218652e-5,0.11111077378856557,-0.11111017925043021
34317,0.25,-0.11111082457105982,2.4678884603865462e-11,4.967784677687375e-6,1.5589662242606835e-5,0.11111082457105982,-0.1111101794865172
34318,0.1,-0.1111108749567013,4.135766082095328e-11,6.4309922112340705e-6,1.5402268483815593e-5,0.1111108749567013,-0.11111017971975518
34319,0.1,-0.11111092342738398,6.218620158446852e-11,7.885822822284845e-6,1.527723150660479e-5,0.11111092342738398,-0.11111017994649974
34320,0.1,-0.11111096979525953,8.699552932161941e-11,9.327139396493408e-6,1.5143293289639854e-5,0.11111096979525953,-0.11111018016614671
34321,0.1,-0.11111101388125257,1.1560582378316486e-10,1.0752014870858618e-5,1.5000069683516217e-5,0.11111101388125257,-0.11111018037810369
34322,0.1,-0.11111105551562943,1.478268711623086e-10,1.2158407427056744e-5,1.484728169157821e-5,0.11111105551562943,-0.11111018058179661
34323,0.25,-0.11111108775167454,1.8238794773705692e-10,1.3505108209009543e-5,1.468610653368539e-5,0.11111108775167454,-0.11111018074429256
34324,0.625,-0.11111109520386253,2.1595348362571471e-10,1.4695355852299553e-5,1.4326207119466356e-5,0.11111109520386253,-0.11111018079223078
34325,1.5625,-0.11111104031499451,2.39468382002411e-10,1.5474765975691232e-5,1.3432002415824537e-5,0.11111104031499451,-0.11111018054063275
34326,3.90625,-0.11111084630141284,2.3146366501027902e-10,1.5213929965997577e-5,1.1199741080003545e-5,0.11111084630141284,-0.11111017963909806
34327,9.765625,-0.11111044340642409,1.5792056327415206e-10,1.2566644869421275e-5,6.430792456016897e-6,0.11111044340642409,-0.11111017801632109
34328,24.4140625,-0.11111020681927761,3.2067982891424206e-11,5.66285995689671e-6,9.062722673732546e-6,0.11111020681927761,-0.11111017780393766
34329,9.765625,-0.11111038348050298,6.767221735513534e-12,2.601388424575141e-6,2.141748220707552e-5,0.11111038348050298,-0.11111017842759793
34330,3.90625,-0.1111104593604811,1.3671427554204095e-12,1.1692487996232494e-6,2.3542318071638915e-5,0.1111104593604811,-0.11111017902153715
34331,1.5625,-0.11111052104406774,7.507698706025573e-12,2.7400180119892593e-6,2.3391194542685557e-5,0.11111052104406774,-0.11111017955818385
34332,0.625,-0.11111057880966073,2.3587539493957217e-11,4.856700473979965e-6,2.2938592073628108e-5,0.11111057880966073,-0.11111018006492751
34333,0.25,-0.11111063532172548,4.9231761612028476e-11,7.016534872145116e-6,2.2583859036259268e-5,0.11111063532172548,-0.11111018055956991
34334,0.1,-0.11111069142281009,8.43235516762328e-11,9.182785616371146e-6,2.235281363497089e-5,0.11111069142281009,-0.11111018104977512
34335,0.1,-0.11111074668985856,1.2853483117700677e-10,1.1337320282015798e-5,2.2205604690332622e-5,0.11111074668985856,-0.11111018152794747
34336,0.1,-0.11111080099929133,1.8154851436633665e-10,1.3473994002015017e-5,2.204006407557431e-5,0.11111080099929133,-0.11111018199247731
34337,0.1,-0.11111085423078688,2.4301860365338186e-10,1.5589053969159958e-5,2.185621681215395e-5,0.11111085423078688,-0.1111101824418109
34338,0.1,-0.11111090626762284,3.125714587261468e-10,1.767969057212673e-5,2.1654143985634677e-5,0.11111090626762284,-0.11111018287445791
34339,0.25,-0.11111095374868202,3.8766077074150285e-10,1.9689102842473623e-5,2.143527896165001e-5,0.11111095374868202,-0.11111018321995338
34340,0.625,-0.11111098882681147,4.6148254569132675e-10,2.148214481124561e-5,2.0915021548983306e-5,0.11111098882681147,-0.11111018331992437
34341,1.5625,-0.11111099159354439,5.152492799312778e-10,2.2699103064466616e-5,1.958261927640392e-5,0.11111099159354439,-0.1111101827713311
34342,3.90625,-0.11111091809561605,5.030524184771442e-10,2.2428830073749817e-5,1.6174326450071427e-5,0.11111091809561605,-0.11111018079446063
34343,9.765625,-0.11111070957502243,3.473464275418167e-10,1.863723229296176e-5,8.358183094828373e-6,0.11111070957502243,-0.11111017718320723
34344,24.4140625,-0.11111047541662411,7.045551844348832e-11,8.39377855578096e-6,1.2279941388915613e-5,0.11111047541662411,-0.1111101766629902
34345,9.765625,-0.11111049367446438,1.445464054642273e-11,3.8019258996491144e-6,3.1479236661315566e-5,0.11111049367446438,-0.11111017802243418
34346,3.90625,-0.11111047469886728,2.076096103685777e-12,1.440866442001401e-6,3.4755002256058996e-5,0.11111047469886728,-0.11111017932189428
34347,1.5625,-0.11111045313213319,1.5252612686290475e-11,3.905459343827621e-6,3.458053998802883e-5,0.11111045313213319,-0.11111018049596436
34348,0.625,-0.11111043114544603,5.0482559781887046e-11,7.105108006349168e-6,3.393613566255048e-5,0.11111043114544603,-0.11111018160476734
34349,0.25,-0.1111104090874548,1.0696792690901476e-10,1.0342530005226708e-5,3.3429696003165855e-5,0.1111104090874548,-0.11111018268778401
34350,0.1,-0.11111038703600395,1.8448082482906695e-10,1.3582371841069105e-5,3.3104201181518825e-5,0.11111038703600395,-0.11111018376206239
34351,0.1,-0.1111103648213511,2.8233483009122603e-10,1.6802822087114592e-5,3.290173275217807e-5,0.1111103648213511,-0.11111018481093644
34352,0.1,-0.11111034242825428,3.998602819109509e-10,1.999650674270261e-5,3.267023301387257e-5,0.11111034242825428,-0.11111018583068841
34353,0.1,-0.11111031984301589,5.363205242511241e-10,2.315859504052705e-5,3.240989402007324e-5,0.11111031984301589,-0.11111018681773259
34354,0.1,-0.1111102970535887,6.909149346932672e-10,2.628526078800184e-5,3.2120962299938774e-5,0.1111102970535887,-0.1111101877686299
34355,0.25,-0.1111102733937372,8.580849546286332e-10,2.9293087147459095e-5,3.1805451056843295e-5,0.1111102733937372,-0.11111018852714637
34356,0.625,-0.11111024746857039,1.022916966266241e-9,3.1983073121047034e-5,3.103574325141445e-5,0.11111024746857039,-0.11111018874130009
34357,1.5625,-0.11111021622058574,1.1441039095444076e-9,3.382460509073842e-5,2.9040382549552057e-5,0.11111021622058574,-0.11111018751317828
34358,3.90625,-0.11111017566191275,1.120195692120674e-9,3.346932464392841e-5,2.388789825159739e-5,0.11111017566191275,-0.11111018309479959
34359,9.765625,-0.1111101385204026,7.776474505791155e-10,2.788633089130077e-5,1.1679650429617068e-5,0.1111101385204026,-0.1111101749742769
34360,24.4140625,-0.11111022996131643,1.5996976421823037e-10,1.264791540998873e-5,1.7334419689329883e-5,0.11111022996131643,-0.11111017366884746
34361,9.765625,-0.11111035345789864,3.321633512312431e-11,5.763361443040364e-6,4.677818352034468e-5,0.11111035345789864,-0.11111017667840495
34362,3.90625,-0.11111043901968573,4.0856198822438376e-12,2.0212916371082716e-6,5.1829852140051015e-5,0.11111043901968573,-0.11111017957578054
34363,1.5625,-0.11111051627841954,3.2256439110128054e-11,5.679475249539174e-6,5.163058981360362e-5,0.11111051627841954,-0.11111018219703984
34364,0.625,-0.11111059097423713,1.0988216982499544e-10,1.0482469643409202e-5,5.06951248671371e-5,0.11111059097423713,-0.11111018467310403
34365,0.25,-0.11111066484483854,2.351883728932666e-10,1.533585253232655e-5,4.995335221617426e-5,0.11111066484483854,-0.11111018709182009
34366,0.1,-0.11111073847703239,4.076869077626273e-10,2.019125820157395e-5,4.947737219914484e-5,0.11111073847703239,-0.11111018949144479
34367,0.1,-0.11111081165804447,6.258848976115187e-10,2.5017691692310838e-5,4.9183416782149984e-5,0.11111081165804447,-0.11111019183522816
34368,0.1,-0.11111088429873413,8.883175229187475e-10,2.980465606107119e-5,4.884539074047925e-5,0.11111088429873413,-0.11111019411474965
34369,0.1,-0.1111109563104659,1.1933676691008031e-9,3.454515406103732e-5,4.8463603565874e-5,0.1111109563104659,-0.11111019632188512
34370,0.1,-0.11111102760529545,1.5392726888980006e-9,3.9233565844796734e-5,4.803843865026684e-5,0.11111102760529545,-0.11111019844883688
34371,0.25,-0.11111109599814292,1.9137071747308383e-9,4.3745938951299675e-5,4.757274987063544e-5,0.11111109599814292,-0.11111020014682757
34372,0.625,-0.11111115622712146,2.2835265549611944e-9,4.778625906012307e-5,4.6425688550021257e-5,0.11111115622712146,-0.11111020062871065
34373,1.5625,-0.11111119441724704,2.556799122043756e-9,5.056480121629824e-5,4.343825247583808e-5,0.11111119441724704,-0.11111019788373658
34374,3.90625,-0.11111117687526034,2.5073314004904237e-9,5.007326033413866e-5,3.569582072903969e-5,0.11111117687526034,-0.11111018798455644
34375,9.765625,-0.1111110384286041,1.7464335736428336e-9,4.179035263841206e-5,1.7109183853060334e-5,0.1111110384286041,-0.11111016971259632
34376,24.4140625,-0.11111073364289432,3.637661759520907e-10,1.9072655188832275e-5,2.5213422553193757e-5,0.11111073364289432,-0.11111016655079957
34377,9.765625,-0.11111061030434653,7.671282803561366e-11,8.758585960965027e-6,6.983767006491695e-5,0.11111061030434653,-0.11111017325954395
34378,3.90625,-0.11111049885183055,9.010689887890341e-12,3.0017811192507595e-6,7.754913464868452e-5,0.11111049885183055,-0.11111017975484637
34379,1.5625,-0.11111039447195535,7.009092823368265e-11,8.372032503142988e-6,7.731007790812207e-5,0.11111039447195535,-0.11111018563834317
34380,0.625,-0.11111029271699595,2.422805371892152e-10,1.5565363381213277e-5,7.593439915570234e-5,0.11111029271699595,-0.11111019119710724
34381,0.25,-0.11111019199656796,5.215819300863956e-10,2.2838168273449507e-5,7.483528806877411e-5,0.11111019199656796,-0.11111019662710005
34382,0.1,-0.1111100917455113,9.069046640686076e-10,3.011485786233446e-5,7.412886954775775e-5,0.1111100917455113,-0.11111020201420341
34383,0.1,-0.11110999203817191,1.3949431719793733e-9,3.734893803014181e-5,7.369285164194368e-5,0.11110999203817191,-0.11111020727680644
34384,0.1,-0.11110989294770073,1.9824425302882347e-9,4.452462835654257e-5,7.319048182761152e-5,0.11110989294770073,-0.11111021239592846
34385,0.1,-0.11110979454656776,2.6658053005783164e-9,5.163143713454349e-5,7.26222408327204e-5,0.11110979454656776,-0.11111021735325065
34386,0.1,-0.11110969690654084,3.4411066391419294e-9,5.866094645624062e-5,7.198871385557772e-5,0.11110969690654084,-0.11111022213118653
34387,0.25,-0.11110960168617323,4.2808916792064585e-9,6.542852343746157e-5,7.12941008734738e-5,0.11110960168617323,-0.11111022594911243
34388,0.625,-0.11110951301285064,5.111255827574739e-9,7.14930474072461e-5,6.957915199122132e-5,0.11110951301285064,-0.11111022704330518
34389,1.5625,-0.111109442253126,5.727051002221088e-9,7.567728194260869e-5,6.510667962411717e-5,0.111109442253126,-0.11111022090400419
34390,3.90625,-0.11110942004996194,5.622852457496452e-9,7.498568168321504e-5,5.3497499635029956e-5,0.11110942004996194,-0.111110198700405
34391,9.765625,-0.1111095250383724,3.92689209765908e-9,6.266491919454681e-5,2.54382468796524e-5,0.1111095250383724,-0.11111015757188376
34392,24.4140625,-0.11110992586680106,8.257268158277955e-10,2.8735462686857776e-5,3.71106393179464e-5,0.11110992586680106,-0.11111015008291746
34393,9.765625,-0.11111017417354133,1.7558255020051782e-10,1.3250756589739237e-5,0.00010453437670460077,0.11111017417354133,-0.11111016511631934
34394,3.90625,-0.1111103728743547,1.9146495646804722e-11,4.3756708796257424e-6,0.00011626193329577046,0.1111103728743547,-0.11111017973371079
34395,1.5625,-0.1111105564839317,1.5266271218661203e-10,1.2355675302734855e-5,0.00011597323210917629,0.1111105564839317,-0.11111019298686399
34396,0.625,-0.11111073524743664,5.36270002842756e-10,2.3157504244688287e-5,0.00011394067110728992,0.11111073524743664,-0.11111020551046072
34397,0.25,-0.11111091254249048,1.16094709488808e-9,3.4072673726728285e-5,0.00011230652105906965,0.11111091254249048,-0.11111021774361267
34398,0.1,-0.11111108954996422,2.0242491554874447e-9,4.4991656509706824e-5,0.00011125455089996557,0.11111108954996422,-0.11111022987976814
34399,0.1,-0.1111112659515839,3.1188267368243254e-9,5.584645679740412e-5,0.00011060529317407824,0.1111112659515839,-0.11111024173713452
34400,0.1,-0.11111144156112096,4.437419655802792e-9,6.661395991684319e-5,0.00010985640556059246,0.11111144156112096,-0.11111025327292778
34401,0.1,-0.11111161619077409,5.971996030435953e-9,7.727869066201854e-5,0.00010900859133405956,0.11111161619077409,-0.11111026444584002
34402,0.1,-0.1111117896515711,7.713785904172016e-9,8.782816122504225e-5,0.00010806270997526453,0.1111117896515711,-0.11111027521620088
34403,0.25,-0.11111195774179708,9.60143121014239e-9,9.798689305280778e-5,0.0001070249410582834,0.11111195774179708,-0.11111028383241613
34404,0.625,-0.11111211013105252,1.1469615701107629e-8,0.00010709629172435257,0.00010445878128949693,0.11111211013105252,-0.1111102863332983
34405,1.5625,-0.1111122190604126,1.2859141954866968e-8,0.00011339815675251062,9.776041234176105e-5,0.1111122190604126,-0.11111027258216363
34406,3.90625,-0.11111221462888311,1.2637499377156275e-8,0.00011241663300933842,8.035729610314698e-5,0.11111221462888311,-0.11111022268829462
34407,9.765625,-0.11111194791316555,8.845616124293448e-9,9.405113568848304e-5,3.8142073771114145e-5,0.11111194791316555,-0.11111012998109344
34408,24.4140625,-0.11111145136737509,1.309726419217504e-10,1.144432793665711e-5,5.385589878726526e-5,0.11111145136737509,-0.11111018296599807
34409,9.765625,-0.11110990987561599,1.357685724066106e-10,1.1651977188726838e-5,3.128852245762257e-5,0.11110990987561599,-0.11111018220240187
34410,3.90625,-0.11110932440591358,1.5733057811686338e-10,1.2543148652426287e-5,2.100746494835256e-5,0.11110932440591358,-0.11111018187294129
34411,1.5625,-0.11110885267583115,1.8436509746502692e-10,1.357811096821008e-5,1.643919521240551e-5,0.11110885267583115,-0.11111018180143316
34412,3.90625,-0.11110873505449412,1.8415672172287503e-10,1.3570435576018739e-5,1.4365157473434812e-5,0.11110873505449412,-0.11111018115278401
34413,9.765625,-0.11110945402563879,1.203214935286772e-10,1.0969115439664094e-5,9.72697578761866e-6,0.11110945402563879,-0.11111017989406718
34414,24.4140625,-0.1111107834338213,2.3280795753778575e-11,4.825017694659635e-6,8.88405687472449e-6,0.1111107834338213,-0.11111017971550644
34415,9.765625,-0.11111016279263444,4.816733176067038e-12,2.19470571513974e-6,1.904548137877412e-5,0.11111016279263444,-0.1111101802167909
34416,3.90625,-0.11110994050861142,2.434321777585578e-12,1.5602313218191646e-6,2.0349379861492882e-5,0.11110994050861142,-0.11111018065039086
34417,1.5625,-0.11110976628487125,8.397179148934436e-12,2.8977886653333497e-6,1.9984982975069916e-5,0.11110976628487125,-0.11111018103643601
34418,0.625,-0.11110960432249073,2.156991978542524e-11,4.644342772171886e-6,1.948406707552566e-5,0.11110960432249073,-0.11111018139938902
34419,0.25,-0.11110944604045576,4.168560976125539e-11,6.456439402740135e-6,1.9116212404101148e-5,0.11110944604045576,-0.11111018175281052
34420,0.1,-0.11110928889491163,6.864702975939642e-11,8.285350309998753e-6,1.887573978721354e-5,0.11110928889491163,-0.11111018210224269
34421,0.1,-0.11110913666130888,1.0212131927361789e-10,1.0105509352507567e-5,1.8717910879791638e-5,0.11110913666130888,-0.11111018244150365
34422,0.1,-0.11110898983774693,1.4182282375917604e-10,1.1908938817509142e-5,1.8548191942970333e-5,0.11110898983774693,-0.11111018276963028
34423,0.1,-0.11110884890073404,1.8744771386044124e-10,1.3691154584637529e-5,1.836617405307243e-5,0.11110884890073404,-0.11111018308568422
34424,0.1,-0.11110871430375263,2.386751307706533e-10,1.544911423903174e-5,1.8171578707446783e-5,0.11110871430375263,-0.11111018338876244
34425,0.25,-0.11110860393088114,2.932315749626377e-10,1.7124005809466363e-5,1.796593972505419e-5,0.11110860393088114,-0.11111018362604924
34426,0.625,-0.11110855761375099,3.4524065122140377e-10,1.8580652604830752e-5,1.7502384596345666e-5,0.11110855761375099,-0.11111018368116957
34427,1.5625,-0.11110867320357659,3.791502105245543e-10,1.947177984994064e-5,1.6351134846424435e-5,0.11110867320357659,-0.11111018326549427
34428,3.90625,-0.11110915415892747,3.601978988895016e-10,1.89788803381417e-5,1.3509008194864074e-5,0.11110915415892747,-0.11111018185409309
34429,9.765625,-0.1111102073138441,2.4109701918437074e-10,1.552729915936351e-5,7.6353706659808e-6,0.1111102073138441,-0.11111017939199566
34430,24.4140625,-0.11111095989231688,5.038150441482974e-11,7.097992984980313e-6,1.1095017369401508e-5,0.11111095989231688,-0.11111017903692466
34431,9.765625,-0.11111056106712569,1.0388566542578433e-11,3.2231299295216805e-6,2.6274001567627616e-5,0.11111056106712569,-0.11111017998411955
34432,3.90625,-0.11111040735161103,1.753642330425896e-12,1.324251611449235e-6,2.8982525908502373e-5,0.11111040735161103,-0.11111018088759644
34433,1.5625,-0.11111028724081903,1.088343881478892e-11,3.299005731245237e-6,2.8816389971857283e-5,0.11111028724081903,-0.11111018170328274
34434,0.625,-0.111110176293405,3.528487334537843e-11,5.940107182987394e-6,2.8261675956021726e-5,0.111110176293405,-0.11111018247287742
34435,0.25,-0.11111006828929613,7.437834631001648e-11,8.62428816251037e-6,2.782391026636395e-5,0.11111006828929613,-0.11111018322374455
34436,0.1,-0.11110996128116828,1.279858187332765e-10,1.1313081752258158e-5,2.7538295679938422e-5,0.11110996128116828,-0.1111101839677314
34437,0.1,-0.11110985626820209,1.9560646781512913e-10,1.3985938217192622e-5,2.7356362268998176e-5,0.11110985626820209,-0.11111018469335379
34438,0.1,-0.11110975353162793,2.7675494123506625e-10,1.6635953271005128e-5,2.7151524611005168e-5,0.11110975353162793,-0.11111018539813525
34439,0.1,-0.11110965334407746,3.7090104944359986e-10,1.9258791484503898e-5,2.6923807060598984e-5,0.11110965334407746,-0.11111018607968591
34440,0.1,-0.11110955596879528,4.774717728279047e-10,2.185112749557571e-5,2.667330358127608e-5,0.11110955596879528,-0.11111018673571073
34441,0.25,-0.11110946916883988,5.925525771182197e-10,2.4342402862458333e-5,2.640175053335561e-5,0.11110946916883988,-0.11111018725844389
34442,0.625,-0.11110941099235665,7.056820365165473e-10,2.656467648055491e-5,2.5754760861315058e-5,0.11110941099235665,-0.1111101874054946
34443,1.5625,-0.11110942699066893,7.880164321687828e-10,2.807163037959824e-5,2.4095467498088614e-5,0.11110942699066893,-0.11111018656011148
34444,3.90625,-0.11110961640116819,7.693710983452771e-10,2.7737539514983608e-5,1.9842763302836428e-5,0.11110961640116819,-0.11111018352936648
34445,9.765625,-0.11111010310007904,5.32225691389632e-10,2.307001715191456e-5,9.965339178995334e-6,0.11111010310007904,-0.11111017798605084
34446,24.4140625,-0.11111057966218245,1.097803733971537e-10,1.047761296274842e-5,1.4719952275975923e-5,0.11111057966218245,-0.11111017710597595
34447,9.765625,-0.1111104595983146,2.2744619493961392e-11,4.769131943442265e-6,3.880575122748559e-5,0.1111104595983146,-0.11111017917589937
34448,3.90625,-0.11111044235279907,2.8752587495354925e-12,1.6956587951399576e-6,4.29625167337359e-5,0.11111044235279907,-0.11111018116624112
34449,1.5625,-0.11111043632478997,2.2271201606842095e-11,4.71923739674559e-6,4.278544060884468e-5,0.11111043632478997,-0.11111018296645622
34450,0.625,-0.11111043306730295,7.552967788315259e-11,8.690781200971096e-6,4.200307448422044e-5,0.11111043306730295,-0.111110184666608
34451,0.25,-0.11111043067536784,1.6141691415535523e-10,1.2704995637754278e-5,4.138245450803641e-5,0.11111043067536784,-0.11111018632695693
34452,0.1,-0.11111042859155586,2.795818555725407e-10,1.672070140791171e-5,4.0982373003799826e-5,0.11111042859155586,-0.11111018797372756
34453,0.1,-0.11111042724984783,4.289856622511921e-10,2.0711969057798248e-5,4.073325478451233e-5,0.11111042724984783,-0.11111018958174386
34454,0.1,-0.11111042673124889,6.086104896079035e-10,2.4670032217407083e-5,4.044807075376146e-5,0.11111042673124889,-0.11111019114528736
34455,0.1,-0.11111042711222235,8.173357412347307e-10,2.85890843021376e-5,4.0127053879561596e-5,0.11111042711222235,-0.11111019265884134
34456,0.1,-0.11111042846441303,1.053942678477156e-9,3.24644833391378e-5,3.9770503456387427e-5,0.11111042846441303,-0.1111101941171128
34457,0.25,-0.11111043337233414,1.309982737460552e-9,3.619368366801799e-5,3.938087572786172e-5,0.11111043337233414,-0.11111019528143841
34458,0.625,-0.11111044763487532,1.5627669849740415e-9,3.953184773033056e-5,3.842915615618704e-5,0.11111044763487532,-0.111110195613405
34459,1.5625,-0.11111048527936458,1.7494100701826954e-9,4.182594972242347e-5,3.595947778385414e-5,0.11111048527936458,-0.11111019373794767
34460,3.90625,-0.11111057348974387,1.715292937390714e-9,4.141609514899629e-5,2.957142298159226e-5,0.11111057348974387,-0.11111018696989601
34461,9.765625,-0.1111107243544474,1.1949404740557489e-9,3.456791104558893e-5,1.430273307877275e-5,0.1111107243544474,-0.11111017447458316
34462,24.4140625,-0.1111107158793596,2.4927506571343183e-10,1.5788447222999223e-5,2.0978897525153375e-5,0.1111107158793596,-0.11111017230528253
34463,9.765625,-0.11111053443180344,5.2444391072038155e-11,7.2418499758030164e-6,5.7845187074611125e-5,0.11111053443180344,-0.11111017690796254
34464,3.90625,-0.1111104238883221,5.884317506865798e-12,2.4257612221456997e-6,6.423191539657797e-5,0.1111104238883221,-0.11111018136557586
34465,1.5625,-0.11111032663121337,4.753634294034622e-11,6.894660465921888e-6,6.403690988627157e-5,0.11111032663121337,-0.11111018540370042
34466,0.625,-0.1111102334268644,1.6527937290152882e-10,1.285610255487754e-5,6.289893123974416e-5,0.1111102334268644,-0.11111018921882862
34467,0.25,-0.11111014164147727,3.5636318860866747e-10,1.887758428953947e-5,6.198849849457566e-5,0.11111014164147727,-0.11111019294526417
34468,0.1,-0.11111005041172929,6.200313990892767e-10,2.4900429696880266e-5,6.14024028097617e-5,0.11111005041172929,-0.11111019664191969
34469,0.1,-0.11110996012246745,9.540176958143136e-10,3.0887176883203706e-5,6.103983278128872e-5,0.11110996012246745,-0.11111020025306463
34470,0.1,-0.1111098708974083,1.356089096152209e-9,3.68251150188592e-5,6.062260615711752e-5,0.1111098708974083,-0.11111020376573388
34471,0.1,-0.11110978285741051,1.823778928973712e-9,4.2705724779866595e-5,6.015109838390179e-5,0.11110978285741051,-0.11111020716741235
34472,0.1,-0.11110969612025236,2.3543971022014415e-9,4.8522130025396056e-5,5.96257753442984e-5,0.11110969612025236,-0.11111021044608416
34473,0.25,-0.11110961400096839,2.9291725245098625e-9,5.4121830387652844e-5,5.9050118122300155e-5,0.11110961400096839,-0.11111021306760996
34474,0.625,-0.11110954433451033,3.497580319908304e-9,5.9140344266061764e-5,5.763157766999536e-5,0.11110954433451033,-0.1111102138250052
34475,1.5625,-0.11110950747437304,3.919370335949696e-9,6.260487469797936e-5,5.3935106116868145e-5,0.11110950747437304,-0.11111020963155889
34476,3.90625,-0.11110955158431773,3.8489672177353724e-9,6.204004527509125e-5,4.434499323863019e-5,0.11110955158431773,-0.11111019443978386
34477,9.765625,-0.11110976355984753,2.6899685030032925e-9,5.186490627585567e-5,2.1204968197379565e-5,0.11110976355984753,-0.11111016626973755
34478,24.4140625,-0.11111016934893389,5.674663946120844e-10,2.382155315280858e-5,3.0741494448530604e-5,0.11111016934893389,-0.11111016107352366
34479,9.765625,-0.11111030361435459,1.2103776305529641e-10,1.1001716368607965e-5,8.655611303706074e-5,0.11111030361435459,-0.11111017137574103
34480,3.90625,-0.1111104321146865,1.301100056950033e-11,3.6070764573959796e-6,9.629567268725154e-5,0.1111104321146865,-0.11111018140605525
34481,1.5625,-0.11111055341136793,1.0373467245421304e-10,1.0185021966309795e-5,9.607254204343551e-5,0.11111055341136793,-0.11111019050389703
34482,0.625,-0.11111067217473657,3.6586327693252674e-10,1.912755282132366e-5,9.439732030674056e-5,0.11111067217473657,-0.11111019910186064
34483,0.25,-0.11111079017577694,7.931995929355093e-10,2.8163799334172038e-5,9.304778405688573e-5,0.11111079017577694,-0.11111020750046677
34484,0.1,-0.11111090806069451,1.3840603505397537e-9,3.720296158291372e-5,9.217824278062567e-5,0.11111090806069451,-0.11111021583230869
34485,0.1,-0.11111102569288785,2.1334196558215658e-9,4.618895599406384e-5,9.1641171086107e-5,0.11111102569288785,-0.11111022397316186
34486,0.1,-0.11111114296638364,3.0363078281058936e-9,5.510270254811368e-5,9.10216990491076e-5,0.11111114296638364,-0.11111023189370436
34487,0.1,-0.11111125977299936,4.087226999315591e-9,6.39314241927676e-5,9.03204104568142e-5,0.11111125977299936,-0.11111023956562484
34488,0.1,-0.11111137600254911,5.280174120206043e-9,7.26648066136974e-5,8.9538018245077e-5,0.11111137600254911,-0.11111024696173391
34489,0.25,-0.11111148939305471,6.57319914472773e-9,8.107526839133947e-5,8.867964037556587e-5,0.11111148939305471,-0.11111025288275857
34490,0.625,-0.11111159426907982,7.853262015101863e-9,8.861863243755155e-5,8.65578265803032e-5,0.11111159426907982,-0.11111025461587958
34491,1.5625,-0.1111116749999498,8.806319641441754e-9,9.384199295327094e-5,8.102002165038025e-5,0.1111116749999498,-0.111110245217099
34492,3.90625,-0.11111169011066885,8.65755480817154e-9,9.304598222476637e-5,6.66329643235026e-5,0.11111169011066885,-0.11111021104992663
34493,9.765625,-0.11111153904596666,6.065041582513059e-9,7.787837686105854e-5,3.174818651159258e-5,0.11111153904596666,-0.1111101474823906
34494,24.4140625,-0.11111097596119195,8.752627385277828e-11,9.355547758029899e-6,4.4511501359955336e-5,0.11111097596119195,-0.11111018379580224
34495,9.765625,-0.11111008917640276,9.226851998108358e-11,9.605650419471009e-6,2.5149459999474735e-5,0.11111008917640276,-0.1111101832122001
34496,3.90625,-0.1111097615457266,1.0540369868042364e-10,1.0266630346926086e-5,1.6737137781961946e-5,0.1111097615457266,-0.11111018297906881
34497,1.5625,-0.11110949727298151,1.2177551973107815e-10,1.1035194594164533e-5,1.3152113387392585e-5,0.11110949727298151,-0.11111018292852498
34498,3.90625,-0.11110943736448456,1.212102712725764e-10,1.1009553636391278e-5,1.1568905868979477e-5,0.11110943736448456,-0.1111101825066149
34499,9.765625,-0.11110985551597094,8.112038272637984e-11,9.00668544617718e-6,8.127748385675627e-6,0.11110985551597094,-0.11111018167401875
34500,24.4140625,-0.11111060763813416,1.564309713091905e-11,3.9551355388809435e-6,7.700952690103367e-6,0.11111060763813416,-0.11111018156340415
34501,9.765625,-0.11111027139509475,3.3130290669228046e-12,1.82017281237876e-6,1.5642234551640538e-5,0.11111027139509475,-0.11111018189551526
34502,3.90625,-0.11111015927781288,1.2531766188212302e-12,1.1194537144613126e-6,1.6837320236195304e-5,0.11111015927781288,-0.1111101821953063
34503,1.5625,-0.11111007310230475,4.793309011070107e-12,2.1893626951855435e-6,1.66084193064087e-5,0.11111007310230475,-0.11111018246437308
34504,0.625,-0.11110999345203583,1.315103160187324e-11,3.6264351092875274e-6,1.6229957562597472e-5,0.11110999345203583,-0.11111018271780662
34505,0.25,-0.11110991574256036,2.6134585745252207e-11,5.112199697317409e-6,1.5942906370292897e-5,0.11110991574256036,-0.11111018296456776
34506,0.1,-0.11110983862738293,4.367306546484384e-11,6.608560014469403e-6,1.5752174286027922e-5,0.11110983862738293,-0.1111101832084338
34507,0.1,-0.11110976422205267,6.55666882861437e-11,8.097325996039908e-6,1.5625456959936796e-5,0.11110976422205267,-0.11111018344553614
34508,0.1,-0.11110969279516213,9.163629586161381e-11,9.572684882602885e-6,1.5489422879027253e-5,0.11110969279516213,-0.11111018367523401
34509,0.1,-0.11110962460309705,1.2169110114914504e-10,1.10313689607929e-5,1.5343705673688804e-5,0.11110962460309705,-0.11111018389690086
34510,0.1,-0.11110955988924459,1.555292457080944e-10,1.2471136504268341e-5,1.5188044619031503e-5,0.11110955988924459,-0.11111018410992919
34511,0.25,-0.11110950846859552,1.9177607527971647e-10,1.3848323915901031e-5,1.5023628718598832e-5,0.11110950846859552,-0.11111018427969721
34512,0.625,-0.11110949212928697,2.268391944500801e-10,1.5061181708288366e-5,1.4655014028375298e-5,0.11110949212928697,-0.11111018432923182
34513,1.5625,-0.11110956420456379,2.510417351389139e-10,1.5844296612311758e-5,1.3738746084849205e-5,0.11110956420456379,-0.11111018406513828
34514,3.90625,-0.11110983456022214,2.4183708237126805e-10,1.555111193359716e-5,1.1458609590241825e-5,0.11110983456022214,-0.11111018312385604
34515,9.765625,-0.11111040840638532,1.648526408947106e-10,1.283949535202652e-5,6.630064234138953e-6,0.11111040840638532,-0.11111018143261166
34516,24.4140625,-0.11111077846513086,3.4332474915661867e-11,5.859392026111742e-6,9.183517227870138e-6,0.11111077846513086,-0.11111018118014215
34517,9.765625,-0.11111054085883443,7.346784762283265e-12,2.710495298332625e-6,2.1845546411388184e-5,0.11111054085883443,-0.11111018182910269
34518,3.90625,-0.11111044130453344,1.3453047754398948e-12,1.1598727410539033e-6,2.4084515047728552e-5,0.11111044130453344,-0.11111018245215273
34519,1.5625,-0.11111036117050577,7.446935110528095e-12,2.728907310724953e-6,2.395894950878948e-5,0.11111036117050577,-0.11111018301627648
34520,0.625,-0.1111102864049358,2.3963370638748728e-11,4.89523958951436e-6,2.3509207033630926e-5,0.1111102864049358,-0.11111018354921094
34521,0.25,-0.11111021337660204,5.0499739250161504e-11,7.10631685545765e-6,2.3152800358928747e-5,0.11111021337660204,-0.11111018406943711
34522,0.1,-0.11111014093977646,8.693456481794675e-11,9.323870699336556e-6,2.292000637684541e-5,0.11111014093977646,-0.11111018458499185
34523,0.1,-0.11111006965218334,1.3293118237097815e-10,1.1529578586009904e-5,2.277169200021519e-5,0.11111006965218334,-0.11111018508807124
34524,0.1,-0.11110999967876223,1.881623954350958e-10,1.371722987469029e-5,2.260455419516958e-5,0.11110999967876223,-0.11111018557698134
34525,0.1,-0.11110993117972805,2.5227059811886843e-10,1.5883028619217067e-5,2.2418622217144248e-5,0.11110993117972805,-0.11111018605008582
34526,0.1,-0.11110986431012974,3.248690998960603e-10,1.8024125496013957e-5,2.2213981309255384e-5,0.11110986431012974,-0.11111018650581383
34527,0.25,-0.11110980356000863,4.033224008694069e-10,2.0082888260143433e-5,2.199205017688206e-5,0.11110980356000863,-0.1111101868707916
34528,0.625,-0.1111097594073069,4.805784491898527e-10,2.1922099561626224e-5,2.1462931125454262e-5,0.1111097594073069,-0.11111018697982063
34529,1.5625,-0.11110975841549824,5.371510155555486e-10,2.317651862458097e-5,2.0105641217615658e-5,0.11110975841549824,-0.11111018641189592
34530,3.90625,-0.11110985914389471,5.253846944559917e-10,2.2921271658788736e-5,1.662898721602842e-5,0.11110985914389471,-0.11111018434931949
34531,9.765625,-0.11111013933382742,3.6449963158455084e-10,1.9091873443550553e-5,8.615938723706963e-6,0.11111013933382742,-0.11111018055583312
34532,24.4140625,-0.11111044829871508,7.547156657149007e-11,8.687437284463703e-6,1.2340887562330542e-5,0.11111044829871508,-0.11111017994224566
34533,9.765625,-0.11111041202285242,1.5791611566714482e-11,3.973866073072227e-6,3.219779058223159e-5,0.11111041202285242,-0.11111018136326048
34534,3.90625,-0.11111042707899742,2.0229395939171452e-12,1.4223008099263478e-6,3.564817558168088e-5,0.11111042707899742,-0.11111018273329291
34535,1.5625,-0.11111044645221968,1.5152846054228406e-11,3.892665674602483e-6,3.551204402477154e-5,0.11111044645221968,-0.11111018397392107
34536,0.625,-0.11111046672545295,5.1481838054711794e-11,7.1750845329314274e-6,3.487130413808382e-5,0.11111046672545295,-0.11111018514621003
34537,0.25,-0.11111048725980496,1.1016545824282171e-10,1.0495973429978837e-5,3.436188407107494e-5,0.11111048725980496,-0.11111018629129975
34538,0.1,-0.11111050789161413,1.9096495223243506e-10,1.3819006919183269e-5,3.403353586555312e-5,0.11111050789161413,-0.11111018742713567
34539,0.1,-0.11111052883734396,2.931745124447707e-10,1.7122339572756134e-5,3.3829352458193176e-5,0.11111052883734396,-0.11111018853652811
34540,0.1,-0.11111055012158798,4.161013880345983e-10,2.039856338163544e-5,3.359537957899237e-5,0.11111055012158798,-0.11111018961555305
34541,0.1,-0.11111057176645982,5.589823522878863e-10,2.3642807622782163e-5,3.333181135402602e-5,0.11111057176645982,-0.11111019066042332
34542,0.1,-0.11111059379147041,7.209868318169807e-10,2.6851197958694146e-5,3.303889683010896e-5,0.11111059379147041,-0.11111019166750563
34543,0.25,-0.11111061717837575,8.963515117090898e-10,2.9939130109425186e-5,3.2718633539801e-5,0.11111061717837575,-0.11111019247346085
34544,0.625,-0.11111064402643848,1.0695885211393615e-9,3.270456422488093e-5,3.193491167910398e-5,0.11111064402643848,-0.11111019270963121
34545,1.5625,-0.1111106790941299,1.1977465695836454e-9,3.460847540102923e-5,2.9899830041720808e-5,0.1111106790941299,-0.11111019143400834
34546,3.90625,-0.11111072970714066,1.1751140251012377e-9,3.427993618869845e-5,2.4637448798280896e-5,0.11111072970714066,-0.11111018680455904
34547,9.765625,-0.1111107851378892,8.197302150829167e-10,2.8630931090045198e-5,1.2117140640715571e-5,0.1111107851378892,-0.11111017823625542
34548,24.4140625,-0.11111069678269583,1.7180267531472327e-10,1.3107351956620501e-5,1.7464839337904474e-5,0.11111069678269583,-0.1111101767192153
34549,9.765625,-0.11111055563423712,3.6366199191395676e-11,6.030439386263299e-6,4.796309321305626e-5,0.11111055563423712,-0.11111017987944165
34550,3.90625,-0.11111046020992352,4.035733899006869e-12,2.0089136116336284e-6,5.327938736600639e-5,0.11111046020992352,-0.1111101829469509
34551,1.5625,-0.11111037452888761,3.225627703591811e-11,5.6794609811071075e-6,5.313396875180534e-5,0.11111037452888761,-0.11111018572816507
34552,0.625,-0.11111029192126765,1.1270628053191716e-10,1.0616321421844628e-5,5.2200601613592184e-5,0.11111029192126765,-0.1111101883567094
34553,0.25,-0.11111021039992797,2.4349934042131596e-10,1.5604465400048664e-5,5.145206339130553e-5,0.11111021039992797,-0.11111019092451425
34554,0.1,-0.11111012930115872,4.2412013751878385e-10,2.0594177272199632e-5,5.0970339630408176e-5,0.11111012930115872,-0.11111019347199935
34555,0.1,-0.111110048869484,6.53024702448477e-10,2.555434801454494e-5,5.0672845363506083e-5,0.111110048869484,-0.1111101959610639
34556,0.1,-0.11110996919878967,9.286894299132043e-10,3.047440614537393e-5,5.03300872870843e-5,0.11110996919878967,-0.11111019838279335
34557,0.1,-0.11110989038124991,1.2494301396783708e-9,3.5347279098657236e-5,4.994237891478893e-5,0.11110989038124991,-0.11111020072858162
34558,0.1,-0.11110981250717845,1.6134090861707692e-9,4.016726386213989e-5,4.951010835806868e-5,0.11110981250717845,-0.1111102029901634
34559,0.25,-0.1111097379859309,2.00778768652551e-9,4.480834393866292e-5,4.903611626691982e-5,0.1111097379859309,-0.11111020480133325
34560,0.625,-0.11110967257440119,2.397990156056473e-9,4.896927767546171e-5,4.7865508954929264e-5,0.11110967257440119,-0.11111020533421047
34561,1.5625,-0.1111096313995716,2.688000989940011e-9,5.184593513420325e-5,4.4812383644886486e-5,0.1111096313995716,-0.11111020247068899
34562,3.90625,-0.111109651194943,2.6410935074459626e-9,5.1391570392876326e-5,3.689041768210799e-5,0.111109651194943,-0.11111019205624745
34563,9.765625,-0.11110980390889846,1.848036946502728e-9,4.2988800244979246e-5,1.7813658883577483e-5,0.11110980390889846,-0.1111101727051514
34564,24.4140625,-0.11111014586126966,3.9170357261367906e-10,1.9791502535524662e-5,2.5484201331030916e-5,0.11111014586126966,-0.11111016906186608
34565,9.765625,-0.11111028504958251,8.40825984372554e-11,9.169656396902525e-6,7.1760764431889e-5,0.11111028504958251,-0.11111017613622637
34566,3.90625,-0.11111040928313705,8.99711971561363e-12,2.9995199141885405e-6,7.98762502729439e-5,0.11111040928313705,-0.11111018303918754
34567,1.5625,-0.1111105256371352,7.051357510197445e-11,8.397236158521115e-6,7.971416321106154e-5,0.1111105256371352,-0.11111018930495027
34568,0.625,-0.11111063928902568,2.4982817607325246e-10,1.5805953817256726e-5,7.833762072218537e-5,0.11111063928902568,-0.11111019522795934
34569,0.25,-0.11111075208370401,5.426809969812858e-10,2.3295514524931314e-5,7.722575733860388e-5,0.11111075208370401,-0.11111020101414908
34570,0.1,-0.11111086468141451,9.479204881569366e-10,3.078831739730082e-5,7.650925630811179e-5,0.11111086468141451,-0.11111020675459604
34571,0.1,-0.11111097694081457,1.4621144856322423e-9,3.82376056472191e-5,7.606714382621416e-5,0.11111097694081457,-0.11111021236426914
34572,0.1,-0.11111108875896863,2.0818644134716387e-9,4.562745241049119e-5,7.55567222150434e-5,0.11111108875896863,-0.11111021782299169
34573,0.1,-0.1111112000316708,2.803408467995484e-9,5.294722342102071e-5,7.497847741849662e-5,0.1111112000316708,-0.11111022311127915
34574,0.1,-0.11111131065360902,3.6226373600550377e-9,6.0188349039120835e-5,7.433300189383517e-5,0.11111131065360902,-0.11111022821041458
34575,0.25,-0.11111141837192937,4.510816139426512e-9,6.716260968296655e-5,7.362448728153977e-5,0.11111141837192937,-0.11111023229723624
34576,0.625,-0.11111151757930476,5.390479184872822e-9,7.341988276259247e-5,7.187042957655857e-5,0.11111151757930476,-0.11111023350893008
34577,1.5625,-0.1111115929637953,6.046344639545719e-9,7.775824483323758e-5,6.728944090584211e-5,0.1111115929637953,-0.11111022707543096
34578,3.90625,-0.11111160451928227,5.946992478031614e-9,7.711674576920122e-5,5.538569317789641e-5,0.11111160451928227,-0.11111020361985026
34579,9.765625,-0.11111145835867613,4.1707315539871175e-9,6.458120124298648e-5,2.6541515674973526e-5,0.11111145835867613,-0.1111101599047523
34580,24.4140625,-0.11111099579281847,8.91006394040188e-10,2.984973021720947e-5,3.7622287918846005e-5,0.11111099579281847,-0.11111015133496965
34581,9.765625,-0.11111074115503472,1.9258445422351293e-10,1.3877480110723018e-5,0.00010761653658485072,0.11111074115503472,-0.11111016724822441
34582,3.90625,-0.1111105333268577,1.9295217653744386e-11,4.3926322010548965e-6,0.0001199525509426922,0.1111105333268577,-0.11111018283302893
34583,1.5625,-0.11111034123063951,1.5455411474249565e-10,1.2431979518262394e-5,0.00011976993645767136,0.11111034123063951,-0.11111019699039643
34584,0.625,-0.11111015466324581,5.558067190494837e-10,2.357555341979237e-5,0.00011772803193304554,0.11111015466324581,-0.11111021037475817
34585,0.25,-0.11110997025709475,1.2133976616493912e-9,3.4833857978257176e-5,0.00011606931745960272,0.11110997025709475,-0.1111102234493686
34586,0.1,-0.11110978684775191,2.1247222737926583e-9,4.609470982436768e-5,0.00011499864652905212,0.11110978684775191,-0.11111023642003552
34587,0.1,-0.11110960468864095,3.2821025802432147e-9,5.728963763407144e-5,0.00011433777308365231,0.11110960468864095,-0.11111024909653952
34588,0.1,-0.11110942392990707,4.677916493212598e-9,6.839529584125357e-5,0.00011357428897675897,0.11110942392990707,-0.11111026143329855
34589,0.1,-0.11110924471881824,6.303723358190444e-9,7.939599081937603e-5,0.00011270890666648807,0.11110924471881824,-0.11111027338628347
34590,0.1,-0.11110906719969593,8.150299076250155e-9,9.02790068412926e-5,0.00011174249748118312,0.11110906719969593,-0.1111102849131857
34591,0.25,-0.11110889502510983,1.0153171911356675e-8,0.00010076294910013638,0.00011068124966336796,0.11110889502510983,-0.11111029416052949
34592,0.625,-0.111108737103081,1.2138413932851282e-8,0.00011017447042237726,0.00010805121977952046,0.111108737103081,-0.11111029693054064
34593,1.5625,-0.1111086174837215,1.3622405306652684e-8,0.00011671506032493272,0.00010117790265459763,0.1111086174837215,-0.1111102824664739
34594,3.90625,-0.11110859858306851,1.3410250921905345e-8,0.0001158026378020179,8.330335821664584e-5,0.11110859858306851,-0.11111022958327045
34595,9.765625,-0.11110882800741718,9.424117512355062e-9,9.707789404573558e-5,3.9851646735783175e-5,0.11110882800741718,-0.11111013074745749
34596,24.4140625,-0.1111095824967648,1.359712695516457e-10,1.1660671916817045e-5,5.4744577206912654e-5,0.1111095824967648,-0.11111018650970195
34597,9.765625,-0.11111096210172824,1.4127299848366748e-10,1.1885831838103191e-5,3.1743911260822433e-5,0.11111096210172824,-0.11111018570287799
34598,3.90625,-0.11111147839914877,1.6308079845396337e-10,1.2770309254437159e-5,2.1311247101387078e-5,0.11111147839914877,-0.11111018535981773
34599,1.5625,-0.11111189447296606,1.906419774610273e-10,1.380731608463525e-5,1.6710995265332728e-5,0.11111189447296606,-0.11111018528646328
34600,3.90625,-0.11111199248691465,1.9061134797627168e-10,1.380620686417061e-5,1.4626683506207015e-5,0.11111199248691465,-0.11111018461737451
34601,9.765625,-0.11111134386842804,1.257269165305068e-10,1.1212801457731551e-5,9.95925917918896e-6,0.11111134386842804,-0.11111018330480661
34602,24.4140625,-0.11111017031705975,2.4341056819790273e-11,4.9336656574792615e-6,9.030733435021819e-6,0.11111017031705975,-0.11111018311019664
34603,9.765625,-0.11111072406823237,5.061695569382676e-12,2.2498212305387013e-6,1.9345781671641374e-5,0.11111072406823237,-0.11111018362560075
34604,3.90625,-0.11111091816483043,2.2233258856103455e-12,1.491082119002956e-6,2.0763906185146734e-5,0.11111091816483043,-0.11111018407953102
34605,1.5625,-0.11111106938923276,8.085735594062758e-12,2.8435427892090453e-6,2.0433492520334936e-5,0.11111106938923276,-0.11111018448476902
34606,0.625,-0.11111120974500421,2.145279587462161e-11,4.6317162990215206e-6,1.9940178377622788e-5,0.11111120974500421,-0.11111018486587296
34607,0.25,-0.11111134685849693,4.203903898618777e-11,6.483751922011496e-6,1.9572632291519315e-5,0.11111134685849693,-0.1111101852368847
34608,0.1,-0.11111148298334846,6.974038665904875e-11,8.351070988744422e-6,1.9330834990122458e-5,0.11111148298334846,-0.11111018560362622
34609,0.1,-0.11111161471657255,1.0422631972836043e-10,1.0209129234580216e-5,1.9171523526959167e-5,0.11111161471657255,-0.11111018595986116
34610,0.1,-0.11111174161417957,1.4520828230336362e-10,1.2050239927211558e-5,1.9000090489608175e-5,0.11111174161417957,-0.1111101863045811
34611,0.1,-0.11111186325160083,1.923790678860286e-10,1.387007814996111e-5,1.8816113559623118e-5,0.11111186325160083,-0.1111101866368037
34612,0.1,-0.1111119792249952,2.454138942716902e-10,1.5665691630811904e-5,1.8619299983943264e-5,0.1111119792249952,-0.11111018695558005
34613,0.25,-0.11111207351349825,3.02044007000869e-10,1.7379413310030607e-5,1.841118207581473e-5,0.11111207351349825,-0.11111018720644035
34614,0.625,-0.11111211046959495,3.563797578780718e-10,1.8878023145395066e-5,1.7941989096561223e-5,0.11111211046959495,-0.11111018726886743
34615,1.5625,-0.11111200262667303,3.9272877057996124e-10,1.9817385563690313e-5,1.6774470498238726e-5,0.11111200262667303,-0.11111018684225321
34616,3.90625,-0.11111156873975744,3.7545358099360346e-10,1.9376624602690826e-5,1.3875259159831692e-5,0.11111156873975744,-0.11111018537151778
34617,9.765625,-0.11111062869633506,2.537891440621874e-10,1.593076093795232e-5,7.744085679256198e-6,0.11111062869633506,-0.1111101827694977
34618,24.4140625,-0.11110998386306688,5.367208488245284e-11,7.326123455310649e-6,1.108788405309103e-5,0.11110998386306688,-0.11111018235580342
34619,9.765625,-0.11111035433139113,1.1272493451741461e-11,3.3574534176577134e-6,2.6925983034407948e-5,0.11111035433139113,-0.11111018334938054
34620,3.90625,-0.11111049949607313,1.7429624667436535e-12,1.320213038393294e-6,2.9769008647731842e-5,0.11111049949607313,-0.11111018430423192
34621,1.5625,-0.11111061368857167,1.0953748579291749e-11,3.309644781436786e-6,2.96282053836552e-5,0.11111061368857167,-0.11111018516794775
34622,0.625,-0.11111071945192608,3.6274172037647335e-11,6.022804333335704e-6,2.907270437835563e-5,0.11111071945192608,-0.11111018598323177
34623,0.25,-0.11111082253504968,7.70912769573311e-11,8.780163834310331e-6,2.8630186442981444e-5,0.11111082253504968,-0.11111018677872296
34624,0.1,-0.11111092473972232,1.3321830488336565e-10,1.154202343106986e-5,2.8340758806231028e-5,0.11111092473972232,-0.11111018756692508
34625,0.1,-0.11111102511182513,2.0413815050121666e-10,1.4287692273464482e-5,2.815638606357646e-5,0.11111102511182513,-0.1111101883359189
34626,0.1,-0.11111112338719324,2.8934696940991193e-10,1.7010201921491464e-5,2.794844682209128e-5,0.11111112338719324,-0.1111101890830825
34627,0.1,-0.11111121930931493,3.88293607255431e-10,1.970516701922191e-5,2.7716966107785945e-5,0.11111121930931493,-0.11111018980588276
34628,0.1,-0.11111131263007838,5.003816697338967e-10,2.2369212541658605e-5,2.746203896113365e-5,0.11111131263007838,-0.11111019050188757
34629,0.25,-0.11111139604678297,6.215407793941777e-10,2.493071959238597e-5,2.7185399692233617e-5,0.11111139604678297,-0.11111019105797501
34630,0.625,-0.11111145258106715,7.40875460456043e-10,2.721902754427577e-5,2.6524679611082514e-5,0.11111145258106715,-0.11111019121928355
34631,1.5625,-0.1111114393546778,8.282972437504638e-10,2.8780153643621567e-5,2.482761808955749e-5,0.1111114393546778,-0.11111019033621776
34632,3.90625,-0.11111126278176903,8.103685284292208e-10,2.8466972589813985e-5,2.0470907486407857e-5,0.11111126278176903,-0.11111018714653972
34633,9.765625,-0.11111080487696155,5.631076164110719e-10,2.3729888672538517e-5,1.0293273249242966e-5,0.11111080487696155,-0.11111018127501625
34634,24.4140625,-0.11111034761730176,1.1791391039546022e-10,1.085881717294569e-5,1.4880974727566774e-5,0.11111034761730176,-0.11111018026276717
34635,9.765625,-0.11111044969620994,2.48129957284604e-11,4.981264470840752e-6,3.9867451728859766e-5,0.11111044969620994,-0.11111018244568423
34636,3.90625,-0.11111045770367975,2.85856786010937e-12,1.6907299784736088e-6,4.423394773065718e-5,0.11111045770367975,-0.11111018455903274
34637,1.5625,-0.11111045600223474,2.2535765673305914e-11,4.747185026234591e-6,4.409298015781025e-5,0.11111045600223474,-0.11111018647390063
34638,0.625,-0.11111045202378003,7.810077896021159e-11,8.837464509700256e-6,4.3307025556303564e-5,0.11111045202378003,-0.11111018828309739
34639,0.25,-0.11111044740301339,1.6823957865456276e-10,1.2970720051506885e-5,4.267771284612164e-5,0.11111044740301339,-0.11111019005001331
34640,0.1,-0.11111044261307447,2.925807007319743e-10,1.710499052124772e-5,4.227105416403792e-5,0.11111044261307447,-0.11111019180245478
34641,0.1,-0.11111043725574898,4.5004264249287003e-10,2.121420850498246e-5,4.2017846782326774e-5,0.11111043725574898,-0.11111019351415022
34642,0.1,-0.11111043125793024,6.395606227168282e-10,2.5289535834349118e-5,4.1727505877895755e-5,0.11111043125793024,-0.11111019517902486
34643,0.1,-0.11111042455012382,8.599610481704592e-10,2.9325092466528715e-5,4.140027006355005e-5,0.11111042455012382,-0.11111019679121462
34644,0.1,-0.11111041706674156,1.109966323715928e-9,3.3316157097059195e-5,4.1036444901925845e-5,0.11111041706674156,-0.11111019834509105
34645,0.25,-0.11111040649798562,1.3807266918499708e-9,3.715813089822967e-5,4.063849480066184e-5,0.11111040649798562,-0.11111019958893723
34646,0.625,-0.1111103876687046,1.6484453722927808e-9,4.0601051369302996e-5,3.966426325377142e-5,0.1111103876687046,-0.1111101999540781
34647,1.5625,-0.11111034813500215,1.8470977413960201e-9,4.297787502187632e-5,3.71330310136055e-5,0.11111034813500215,-0.1111101979862275
34648,3.90625,-0.11111026441242433,1.8140529581575204e-9,4.259170057836997e-5,3.057869957882079e-5,0.11111026441242433,-0.11111019083530564
34649,9.765625,-0.11111013128298032,1.268625977800374e-9,3.5617776149001414e-5,1.486301032600205e-5,0.11111013128298032,-0.1111101775594042
34650,24.4140625,-0.11111017434080843,2.6852084105013705e-10,1.6386605537759707e-5,2.128686934117672e-5,0.11111017434080843,-0.1111101750849098
34651,9.765625,-0.11111036509784553,5.7335548526241974e-11,7.572024070632764e-6,5.954182419497618e-5,0.11111036509784553,-0.1111101799567931
34652,3.90625,-0.11111048410806049,5.927042920493581e-12,2.434551893160953e-6,6.624971370672493e-5,0.11111048410806049,-0.1111101847058576
34653,1.5625,-0.11111058942194423,4.8358175863532093e-11,6.954004304250328e-6,6.610674329828828e-5,0.11111058942194423,-0.11111018901538204
34654,0.625,-0.11111069067012785,1.717012302633762e-10,1.3103481608464836e-5,6.496074183027526e-5,0.11111069067012785,-0.11111019308863589
34655,0.25,-0.11111079063604588,3.730189474343819e-10,1.9313698440080863e-5,6.403547862230198e-5,0.11111079063604588,-0.11111019706739192
34656,0.1,-0.11111089024066116,6.515092265485352e-10,2.5524678774639558e-5,6.343847056706186e-5,0.11111089024066116,-0.11111020101430978
34657,0.1,-0.11111098905483131,1.0048033661172142e-9,3.169863350551904e-5,6.306918080871245e-5,0.11111098905483131,-0.11111020487098652
34658,0.1,-0.11111108693517785,1.4305564936039915e-9,3.782269812697121e-5,6.264352862619012e-5,0.11111108693517785,-0.1111102086236047
34659,0.1,-0.1111111837397688,1.9261751794985942e-9,4.388821230693493e-5,6.216189661526291e-5,0.1111111837397688,-0.11111021225881988
34660,0.1,-0.11111127932845115,2.488828205923681e-9,4.9888156970604565e-5,6.162475961000579e-5,0.11111127932845115,-0.11111021576381457
34661,0.25,-0.11111136999931938,3.0987690570678387e-9,5.5666588336881565e-5,6.10356209179428e-5,0.11111136999931938,-0.11111021857317331
34662,0.625,-0.11111144694997731,3.702782151685907e-9,6.085049015156663e-5,5.958075242790775e-5,0.11111144694997731,-0.11111021940752971
34663,1.5625,-0.11111148723618265,4.153006312704756e-9,6.44438229212448e-5,5.5785292879024495e-5,0.11111148723618265,-0.11111021499108874
34664,3.90625,-0.11111143649226139,4.08452218612354e-9,6.391026667229249e-5,4.592934372860832e-5,0.11111143649226139,-0.11111019888503466
34665,9.765625,-0.11111119742446744,2.864618146018112e-9,5.352212762977675e-5,2.209216459256706e-5,0.11111119742446744,-0.11111016886661587
34666,24.4140625,-0.11111074883932014,6.123121037687901e-10,2.4744940973233098e-5,3.128176716530618e-5,0.11111074883932014,-0.11111016297987529
34667,9.765625,-0.11111060820552167,1.3235317401487348e-10,1.150448495217728e-5,8.923952619290186e-5,0.11111060820552167,-0.11111017392023807
34668,3.90625,-0.11111047207702901,1.322348328659478e-11,3.636410769783136e-6,9.946326772888208e-5,0.11111047207702901,-0.11111018463566219
34669,1.5625,-0.11111034375335116,1.0609331344991053e-10,1.0300160845827142e-5,9.931206511375814e-5,0.11111034375335116,-0.11111019437021008
34670,0.625,-0.1111102184837477,3.817139883080164e-10,1.9537502100013103e-5,9.761939840759999e-5,0.1111102184837477,-0.11111020357338389
34671,0.25,-0.11111009447174255,8.334419597447624e-10,2.886939486280865e-5,9.624392715025389e-5,0.11111009447174255,-0.11111021256346015
34672,0.1,-0.11110997107167593,1.4594786878774256e-9,3.820312405913194e-5,9.535557765603876e-5,0.11110997107167593,-0.11111022148185189
34673,0.1,-0.11110984838029254,2.2545438628497226e-9,4.748203726515663e-5,9.480673442339024e-5,0.11110984838029254,-0.1111102301979101
34674,0.1,-0.1111097264803504,3.2133946348120967e-9,5.668681182437496e-5,9.417290204410704e-5,0.1111097264803504,-0.1111102386803302
34675,0.1,-0.11110960545373394,4.3302262858381525e-9,6.580445490875335e-5,9.345467539650073e-5,0.11110960545373394,-0.11111024689887536
34676,0.1,-0.1111094853814809,5.598696402175474e-9,7.482443719918964e-5,9.265278104068088e-5,0.1111094853814809,-0.11111025482449255
34677,0.25,-0.11110936818974491,6.974528238438527e-9,8.351364103210042e-5,9.17723842073648e-5,0.11110936818974491,-0.11111026118398856
34678,0.625,-0.11110925867544094,8.338286730044636e-9,9.131421975817696e-5,8.95925178848523e-5,0.11110925867544094,-0.11111026309380352
34679,1.5625,-0.1111091701807014,9.357877912297925e-9,9.673612516685753e-5,8.38979184561927e-5,0.1111091701807014,-0.11111025316454447
34680,3.90625,-0.11110913967174152,9.212723361894836e-9,9.598293265937875e-5,6.909205166440643e-5,0.11110913967174152,-0.1111102168407655
34681,9.765625,-0.11110926806023042,6.475452366077784e-9,8.047019551410189e-5,3.3124010447560145e-5,0.11110926806023042,-0.11111014893359455
34682,24.4140625,-0.1111100115282158,9.164926956394315e-11,9.57336250039364e-6,4.539908091809107e-5,0.1111100115282158,-0.1111101873034523
34683,9.765625,-0.11111079707810126,9.663347765423306e-11,9.830232838251242e-6,2.567847848094383e-5,0.11111079707810126,-0.11111018669195588
34684,3.90625,-0.11111108101753993,1.1016857665121724e-10,1.0496121981532858e-5,1.7106475643053252e-5,0.11111108101753993,-0.11111018644885476
34685,1.5625,-0.11111131021595003,1.2718361819315743e-10,1.127757146699401e-5,1.3465493973999558e-5,0.11111131021595003,-0.11111018639696922
34686,3.90625,-0.1111113575337026,1.2675268173191677e-10,1.1258449348463437e-5,1.1856518600194694e-5,0.1111113575337026,-0.11111018595682087
34687,9.765625,-0.11111098322626506,8.535100431523231e-11,9.2385607274744e-6,8.344403596636965e-6,0.11111098322626506,-0.11111018508079917
34688,24.4140625,-0.11111032938613861,1.6472634623742996e-11,4.05864935954598e-6,7.829510684424959e-6,0.11111032938613861,-0.11111018495852816
34689,9.765625,-0.11111062243364359,3.4999567868873356e-12,1.8708171441611646e-6,1.595762284482401e-5,0.11111062243364359,-0.11111018530354211
34690,3.90625,-0.11111071624924132,1.1696246737878792e-12,1.0814918741201337e-6,1.7232531461823914e-5,0.11111071624924132,-0.11111018561875045
34691,1.5625,-0.11111078745011126,4.72077102024366e-12,2.17273353641068e-6,1.7021211591942882e-5,0.11111078745011126,-0.11111018590211462
34692,0.625,-0.1111108530214215,1.332656450892875e-11,3.6505567395849022e-6,1.664331318044437e-5,0.1111108530214215,-0.11111018616904006
34693,0.25,-0.11111091693471671,2.6782670534815522e-11,5.175197632440284e-6,1.6353511785151954e-5,0.11111091693471671,-0.11111018642889144
34694,0.1,-0.11111098034996118,4.501362343030266e-11,6.7092192861988545e-6,1.6160079653976263e-5,0.11111098034996118,-0.11111018668565552
34695,0.1,-0.11111104138954832,6.78171237451563e-11,8.235115284266293e-6,1.6031234128714516e-5,0.11111104138954832,-0.11111018693536588
34696,0.1,-0.11111109981953238,9.500931220346077e-11,9.74727203906102e-6,1.589281039936554e-5,0.11111109981953238,-0.11111018717734676
34697,0.1,-0.11111115541677664,1.2639421944580318e-10,1.1242518376493906e-5,1.5744433187870717e-5,0.11111115541677664,-0.11111018741093595
34698,0.1,-0.1111112079696616,1.617643025174385e-10,1.2718659619529037e-5,1.5585832959046763e-5,0.1111112079696616,-0.11111018763549263
34699,0.25,-0.11111124885582674,1.9972113602309896e-10,1.4132272854112991e-5,1.5418209129750078e-5,0.11111124885582674,-0.11111018781492633
34700,0.625,-0.11111125896586796,2.365975666018817e-10,1.5381728335979727e-5,1.5042267802515499e-5,0.11111125896586796,-0.11111018786876954
34701,1.5625,-0.1111111916171204,2.62464785948576e-10,1.620076498035127e-5,1.4106355198825671e-5,0.1111111916171204,-0.11111018759406491
34702,3.90625,-0.1111109511855893,2.539252571920431e-10,1.593503238754296e-5,1.1767304708589796e-5,0.1111109511855893,-0.1111101866054762
34703,9.765625,-0.11111044970523576,1.742738757437706e-10,1.3201283109749998e-5,6.731577321908484e-6,0.11111044970523576,-0.11111018481238621
34704,24.4140625,-0.11111014940782812,3.6694272165728326e-11,6.057579728383963e-6,9.236285223877454e-6,0.11111014940782812,-0.11111018452267787
34705,9.765625,-0.11111036975327253,7.950930208017764e-12,2.8197393865422678e-6,2.2427331131649712e-5,0.11111036975327253,-0.11111018520640102
34706,3.90625,-0.11111046444960548,1.3518212162517977e-12,1.1626784664092638e-6,2.4775236979605724e-5,0.11111046444960548,-0.11111018586676953
34707,1.5625,-0.11111054134857572,7.574483241612932e-12,2.752177908786591e-6,2.4666314679532144e-5,0.11111054134857572,-0.11111018646552234
34708,0.625,-0.11111061332984881,2.4828533129194373e-11,4.982823810771797e-6,2.421282037289891e-5,0.11111061332984881,-0.11111018703132892
34709,0.25,-0.11111068373637281,5.2694471518271664e-11,7.259095778282007e-6,2.38505454967403e-5,0.11111068373637281,-0.11111018758364251
34710,0.1,-0.11111075362523735,9.104402586387933e-11,9.541699317410883e-6,2.3613386404613888e-5,0.11111075362523735,-0.11111018813098326
34711,0.1,-0.11111082246561899,1.3952663315913145e-10,1.1812139228739706e-5,2.346224462131917e-5,0.11111082246561899,-0.11111018866519891
34712,0.1,-0.11111089010277797,1.9780004869218125e-10,1.4064140524475046e-5,2.3291692525555793e-5,0.11111089010277797,-0.11111018918449007
34713,0.1,-0.1111109563860843,2.654898130729191e-10,1.6293858139584963e-5,2.3101760084862703e-5,0.1111109563860843,-0.11111018968711772
34714,0.1,-0.11111102116945006,3.421906328580027e-10,1.8498395413062256e-5,2.2892533874693803e-5,0.11111102116945006,-0.11111019017141145
34715,0.25,-0.11111108023942959,4.2514316560728e-10,2.0619000111724137e-5,2.2665444186411405e-5,0.11111108023942959,-0.11111019055998082
34716,0.625,-0.11111112375937698,5.069546305294098e-10,2.2515653011392092e-5,2.212305968575906e-5,0.11111112375937698,-0.11111019067834582
34717,1.5625,-0.11111112676212159,5.671724647370177e-10,2.381538294332085e-5,2.073010749188509e-5,0.11111112676212159,-0.11111019008124283
34718,3.90625,-0.1111110340266105,5.556633137365428e-10,2.3572511824931657e-5,1.7156866797162516e-5,0.1111110340266105,-0.11111018790070055
34719,9.765625,-0.11111077104111151,3.869186321725784e-10,1.967024738463089e-5,8.873923762537068e-6,0.11111077104111151,-0.11111018386971136
34720,24.4140625,-0.11111047188595488,8.113482111153134e-11,9.00748694761926e-6,1.2515664441219587e-5,0.11111047188595488,-0.11111018317111603
34721,9.765625,-0.11111049591257278,1.718532955078672e-11,4.145519213655477e-6,3.3131148185487486e-5,0.11111049591257278,-0.11111018467503202
34722,3.90625,-0.1111104742964325,2.0287689229727946e-12,1.4243485960160154e-6,3.675023226501882e-5,0.1111104742964325,-0.11111018613319605
34723,1.5625,-0.11111044937003796,1.547756577387562e-11,3.934153755749211e-6,3.663846139736945e-5,0.11111044937003796,-0.11111018745549782
34724,0.625,-0.11111042387609406,5.358788619051182e-11,7.3203747301973424e-6,3.599105722642413e-5,0.11111042387609406,-0.11111018870534432
34725,0.25,-0.11111039827180895,1.1545790077196044e-10,1.0745133818243514e-5,3.5472207373178764e-5,0.11111039827180895,-0.11111018992620372
34726,0.1,-0.11111037266389824,2.008338063014726e-10,1.4171584466864409e-5,3.513704737823268e-5,0.11111037266389824,-0.11111019113716412
34727,0.1,-0.11111034685978909,3.0897622513729775e-10,1.757771956589642e-5,3.492857876912119e-5,0.11111034685978909,-0.11111019232019179
34728,0.1,-0.11111032084023331,4.391564801274059e-10,2.0956060701558533e-5,3.46893906197167e-5,0.11111032084023331,-0.11111019347110801
34729,0.1,-0.11111029458784298,5.905710457931513e-10,2.4301667551695938e-5,3.441968176759951e-5,0.11111029458784298,-0.11111019458587834
34730,0.1,-0.11111026808722718,7.623448328194792e-10,2.7610592764724903e-5,3.41197067671166e-5,0.11111026808722718,-0.11111019566062981
34731,0.25,-0.11111024054189776,9.48411110651101e-10,3.079628403965486e-5,3.379148429225683e-5,0.11111024054189776,-0.11111019652244232
34732,0.625,-0.11111021027415613,1.132449568807948e-9,3.3651888042247316e-5,3.298695923649931e-5,0.11111021027415613,-0.11111019678056432
34733,1.5625,-0.11111017360011645,1.269161536674509e-9,3.5625293495977107e-5,3.089584232901725e-5,0.11111017360011645,-0.11111019543542101
34734,3.90625,-0.11111012573316746,1.2468911685588213e-9,3.531134617313281e-5,2.5483384528731857e-5,0.11111012573316746,-0.1111101905265502
34735,9.765625,-0.11111008229673637,8.726135468831992e-10,2.9540032953319454e-5,1.2564129463017757e-5,0.11111008229673637,-0.11111018139910649
34736,24.4140625,-0.11111019553670881,1.8511280684282128e-10,1.3605616738789215e-5,1.777497752073183e-5,0.11111019553670881,-0.11111017968492776
34737,9.765625,-0.11111034439768958,3.9653704520858616e-11,6.297118747558967e-6,4.943815669543407e-5,0.11111034439768958,-0.11111018304020621
34738,3.90625,-0.11111044657261131,4.095308710202544e-12,2.023686910122844e-6,5.5012133906278685e-5,0.11111044657261131,-0.1111101863146594
34739,1.5625,-0.1111105386296404,3.310342298606352e-11,5.753557420071822e-6,5.490209899095966e-5,0.1111105386296404,-0.11111018928763301
34740,0.625,-0.11111062757373615,1.1778416805939147e-10,1.0852841473982354e-5,5.395716321952337e-5,0.11111062757373615,-0.11111019209831881
34741,0.25,-0.11111071551385242,2.561183648077771e-10,1.600369847278363e-5,5.3193416942823986e-5,0.11111071551385242,-0.11111019484411992
34742,0.1,-0.11111080315967163,4.4755705146976056e-10,2.115554422532686e-5,5.270087126768487e-5,0.11111080315967163,-0.11111019756813395
34743,0.1,-0.11111089023399634,6.90477423732919e-10,2.627693710714624e-5,5.239662876134152e-5,0.11111089023399634,-0.11111020023024719
34744,0.1,-0.11111097662857923,9.832717033219178e-10,3.135716350886856e-5,5.204565530300828e-5,0.11111097662857923,-0.1111102028209418
34745,0.1,-0.11111106223593852,1.3241609782787113e-9,3.6389022771691894e-5,5.16482716151546e-5,0.11111106223593852,-0.11111020533102473
34746,0.1,-0.11111114694958173,1.711202592882852e-9,4.1366684576877224e-5,5.120487468241831e-5,0.11111114694958173,-0.1111102077516647
34747,0.25,-0.1111112280719551,2.1308352775328487e-9,4.616097136686845e-5,5.071834387332707e-5,0.1111112280719551,-0.11111020969401375
34748,0.625,-0.1111112991279619,2.546500806385533e-9,5.046286561805159e-5,4.9514943759703566e-5,0.1111112991279619,-0.11111021027802219
34749,1.5625,-0.11111134306896805,2.8565979533174815e-9,5.344715103087798e-5,4.637361313080944e-5,0.11111134306896805,-0.11111020724981528
34750,3.90625,-0.11111131854767349,2.8102865177246466e-9,5.301213557030736e-5,3.821647288913572e-5,0.11111131854767349,-0.11111019617648572
34751,9.765625,-0.11111114572321935,1.972233187838905e-9,4.4409832107754074e-5,1.85285585900509e-5,0.11111114572321935,-0.11111017551308884
34752,24.4140625,-0.11111077067687318,4.226336184838931e-10,2.055805483220368e-5,2.600626583664988e-5,0.11111077067687318,-0.111110171420688
34753,9.765625,-0.11111062559742456,9.169727063255519e-11,9.575869184181412e-6,7.407237011986686e-5,0.11111062559742456,-0.11111017895274375
34754,3.90625,-0.11111049486905758,9.200165382089672e-12,3.0331774399282465e-6,8.25769672439938e-5,0.11111049486905758,-0.11111018633894047
34755,1.5625,-0.11111037252405576,7.269072095690286e-11,8.525885347393716e-6,8.246423061122098e-5,0.11111037252405576,-0.11111019305196268
34756,0.625,-0.11111025326896216,2.620252827768422e-10,1.6187195024983243e-5,8.106689427330338e-5,0.11111025326896216,-0.11111019939965681
34757,0.25,-0.11111013522098574,5.726308684284295e-10,2.392970681868939e-5,7.992987181396262e-5,0.11111013522098574,-0.11111020560081615
34758,0.1,-0.1111100177131376,1.0032739786452055e-9,3.167450044823447e-5,7.919561262906094e-5,0.1111100177131376,-0.1111102117527722
34759,0.1,-0.11110990086216228,1.5503324279373369e-9,3.9374260982745275e-5,7.874235095093013e-5,0.11110990086216228,-0.11111021776573334
34760,0.1,-0.11110978475617396,2.2102068849799223e-9,4.7012837448721626e-5,7.821855750086309e-5,0.11110978475617396,-0.11111022361812338
34761,0.1,-0.11110966948245095,2.9789107901213544e-9,5.45793989534637e-5,7.762472847375755e-5,0.11110966948245095,-0.11111022928909987
34762,0.1,-0.11110955512741028,3.8520869666428515e-9,6.206518320800199e-5,7.696146903260419e-5,0.11110955512741028,-0.11111023475863391
34763,0.25,-0.11110944374101167,4.799298220667258e-9,6.92769674615399e-5,7.62330342905488e-5,0.11110944374101167,-0.11111023915051951
34764,0.625,-0.11110934039455928,5.738418432666836e-9,7.575234935410806e-5,7.442745097150538e-5,0.11110934039455928,-0.1111102404798645
34765,1.5625,-0.11110925900909105,6.441049976341024e-9,8.025615226473934e-5,6.970852524121179e-5,0.11110925900909105,-0.11111023365917923
34766,3.90625,-0.11110923695528957,6.342685476398166e-9,7.96409786253168e-5,5.743838735029876e-5,0.11110923695528957,-0.11111020866198737
34767,9.765625,-0.1111093693960701,4.460653005503605e-9,6.678812024232757e-5,2.765450664545524e-5,0.1111093693960701,-0.1111101618853442
34768,24.4140625,-0.11110985580641099,9.62956487044584e-10,3.103154019775016e-5,3.847578755925115e-5,0.11110985580641099,-0.11111015228290204
34769,61.03515625,-0.11111074289541044,2.99601941602544e-10,1.7309013305285313e-5,0.00011052638589291134,0.11111074289541044,-0.1111101874948173
34770,24.4140625,-0.11111058584384194,9.052009978884998e-11,9.514205158017667e-6,2.285300966100457e-5,0.11111058584384194,-0.11111018566211242
34771,9.765625,-0.11111048802988344,4.321975632624853e-11,6.5741734329304495e-6,2.4540391285013873e-5,0.11111048802988344,-0.11111018613452713
34772,3.90625,-0.11111045956885497,2.7741070304753507e-11,5.266979239066118e-6,2.6574147300210857e-5,0.11111045956885497,-0.111110186819091
34773,1.5625,-0.11111043417003212,2.8558591110115043e-11,5.344023868782309e-6,2.6436282112994297e-5,0.11111043417003212,-0.11111018749579282
34774,0.625,-0.11111040955616143,4.244058902964122e-11,6.514644198238398e-6,2.5844692524593056e-5,0.11111040955616143,-0.11111018814516549
34775,0.25,-0.11111038518042762,6.839674672665197e-11,8.270232567869658e-6,2.5298526187164723e-5,0.11111038518042762,-0.11111018877430016
34776,0.1,-0.11111036088212238,1.0598133693859952e-10,1.0294723742704295e-5,2.4874159136481275e-5,0.11111036088212238,-0.11111018938912681
34777,0.1,-0.11111033713613801,1.54576846482216e-10,1.243289372922555e-5,2.4549282995594174e-5,0.11111033713613801,-0.11111018998075382
34778,0.1,-0.11111031398890951,2.136571274824355e-10,1.4617014999049412e-5,2.422523920547194e-5,0.11111031398890951,-0.11111019054859059
34779,0.1,-0.11111029148452327,2.8268506732623363e-10,1.6813240833528606e-5,2.3899249295902785e-5,0.11111029148452327,-0.11111019109194285
34780,0.1,-0.11111026966459421,3.61111064384667e-10,1.9002922522198184e-5,2.3568999583059383e-5,0.11111026966459421,-0.11111019161004726
34781,0.25,-0.1111102504344133,4.458559558954441e-10,2.1115301463522704e-5,2.3236733651055565e-5,0.1111102504344133,-0.11111019202302734
34782,0.625,-0.11111023795129148,5.289224723511757e-10,2.2998314554574986e-5,2.261065226542353e-5,0.11111023795129148,-0.11111019215138304
34783,1.5625,-0.11111024223963788,5.884920175147365e-10,2.4258854414723225e-5,2.1170858141176604e-5,0.11111024223963788,-0.11111019153886488
34784,3.90625,-0.11111028326841374,5.718926925832728e-10,2.3914278006732146e-5,1.765064587902302e-5,0.11111028326841374,-0.11111018930940736
34785,9.765625,-0.11111037706733441,3.9255928564056593e-10,1.9813108934252743e-5,9.947061961816837e-6,0.11111037706733441,-0.11111018525073248
34786,24.4140625,-0.11111042946926913,8.323776378748443e-11,9.12347323049092e-6,1.3117798014889477e-5,0.11111042946926913,-0.11111018454039462
34787,9.765625,-0.11111043106371571,2.3563009918987055e-11,4.8541744837806416e-6,3.185683621221499e-5,0.11111043106371571,-0.11111018587155264
34788,3.90625,-0.11111044306665048,1.0086202633453797e-11,3.175878246005945e-6,3.493502050760331e-5,0.11111044306665048,-0.11111018716796625
34789,1.5625,-0.11111045543498563,2.2944500275997523e-11,4.790041782280978e-6,3.4558879218437317e-5,0.11111045543498563,-0.11111018833945095
34790,0.625,-0.11111046773213713,5.807412796585744e-11,7.6206382912363345e-6,3.3728052864835535e-5,0.11111046773213713,-0.11111018943867795
34791,0.25,-0.11111047999313185,1.1431698756861755e-10,1.0691912250323492e-5,3.305273679635446e-5,0.11111047999313185,-0.11111019050302534
34792,0.1,-0.1111104922518617,1.911428860752067e-10,1.382544343141321e-5,3.257386145156168e-5,0.1111104922518617,-0.11111019154922168
34793,0.1,-0.11111050454393849,2.8755565397751953e-10,1.6957466024660628e-5,3.2231561494269005e-5,0.11111050454393849,-0.11111019256070145
34794,0.1,-0.11111051686222528,4.026295674292668e-10,2.006563149839214e-5,3.1871623334675285e-5,0.11111051686222528,-0.11111019353488753
34795,0.1,-0.11111052919857772,5.354008599033596e-10,2.3138730732331874e-5,3.149305054944773e-5,0.11111052919857772,-0.1111101944692633
34796,0.1,-0.11111054154386905,6.848688999893129e-10,2.6169999999795813e-5,3.109509590873556e-5,0.11111054154386905,-0.11111019536140136
34797,0.25,-0.11111055385624297,8.451704469792451e-10,2.907181533683862e-5,3.068139932206494e-5,0.11111055385624297,-0.11111019605896798
34798,0.625,-0.11111056594255883,1.001040604094173e-9,3.163922571894219e-5,2.9832586363221827e-5,0.11111056594255883,-0.11111019622230622
34799,1.5625,-0.11111057706198067,1.1108567460581653e-9,3.3329517639146315e-5,2.780473036917458e-5,0.11111057706198067,-0.11111019499369562
34800,3.90625,-0.11111058428802033,1.0740783020788488e-9,3.277313384586297e-5,2.2771713286914315e-5,0.11111058428802033,-0.11111019074812466
34801,9.765625,-0.11111057579274798,7.256519905694447e-10,2.6937928475839503e-5,1.1541626890406913e-5,0.11111057579274798,-0.11111018323740805
34802,24.4140625,-0.11111051069282152,1.3734320060759135e-10,1.1719351543818086e-5,1.8529330017082023e-5,0.11111051069282152,-0.11111018258778377
34803,9.765625,-0.11111046610719456,2.9937201368474436e-11,5.47148986734641e-6,4.469463738580824e-5,0.11111046610719456,-0.11111018530998648
34804,3.90625,-0.1111104344770106,1.080591133995898e-11,3.2872346037298556e-6,4.868790267934371e-5,0.1111104344770106,-0.11111018782891566
34805,1.5625,-0.1111104056957228,4.2687026252052976e-11,6.533530917662591e-6,4.807094802240336e-5,0.1111104056957228,-0.11111019007761974
34806,0.625,-0.11111037786617904,1.182944081701381e-10,1.0876323283634875e-5,4.69294110934942e-5,0.11111037786617904,-0.11111019218835955
34807,0.25,-0.11111035039629868,2.357634589864182e-10,1.5354590811428944e-5,4.605116111108302e-5,0.11111035039629868,-0.1111101942410084
34808,0.1,-0.11111032308576914,3.943506050873549e-10,1.9858262891989192e-5,4.5462090245881236e-5,0.11111032308576914,-0.11111019626880979
34809,0.1,-0.11111029602505908,5.9228272459623e-10,2.4336859382349028e-5,4.5064571864619224e-5,0.11111029602505908,-0.11111019823599888
34810,0.1,-0.11111026924377836,8.27893442454904e-10,2.8773137514961834e-5,4.4630690838705e-5,0.11111026924377836,-0.11111020013607656
34811,0.1,-0.11111024277100225,1.0994073036402699e-9,3.315731146580298e-5,4.416043915975423e-5,0.11111024277100225,-0.11111020196281876
34812,0.1,-0.1111102166352468,1.404945822481643e-9,3.74826069328381e-5,4.365394714390274e-5,0.1111102166352468,-0.1111102037103089
34813,0.25,-0.11111019162435355,1.7326370738497154e-9,4.162495734351827e-5,4.31163084760601e-5,0.11111019162435355,-0.11111020506547731
34814,0.625,-0.11111016961615651,2.05130777416474e-9,4.5291365337829464e-5,4.193479991049081e-5,0.11111016961615651,-0.11111020533177463
34815,1.5625,-0.11111015556293984,2.275676222936896e-9,4.7704048286669506e-5,3.901699637255355e-5,0.11111015556293984,-0.11111020275153623
34816,3.90625,-0.11111016164485674,2.1993739237769126e-9,4.689748312838241e-5,3.164755658246728e-5,0.11111016164485674,-0.11111019399834501
34817,9.765625,-0.11111021280889909,1.482742986490315e-9,3.850640188968991e-5,1.4550461689077939e-5,0.11111021280889909,-0.1111101786019164
34818,24.4140625,-0.11111033625103835,2.7182235701329645e-10,1.6487036028749875e-5,2.579836588148792e-5,0.11111033625103835,-0.1111101775490642
34819,9.765625,-0.11111040025067036,5.0917509849227645e-11,7.135650625502039e-6,6.432168729208626e-5,0.11111040025067036,-0.11111018329331868
34820,3.90625,-0.1111104560223812,1.2726034617056383e-11,3.567356811009572e-6,7.012507101998813e-5,0.1111104560223812,-0.1111101885480413
34821,1.5625,-0.11111050782553872,8.052422464320823e-11,8.973529107503259e-6,6.926106701070681e-5,0.11111050782553872,-0.11111019322159295
34822,0.625,-0.11111055830884692,2.394732700387446e-10,1.5474923910596284e-5,6.764589605653032e-5,0.11111055830884692,-0.11111019760530545
34823,0.25,-0.11111060839633936,4.85914143500366e-10,2.204346033408471e-5,6.64143959955972e-5,0.11111060839633936,-0.11111020187087502
34824,0.1,-0.11111065841783634,8.184842782192045e-10,2.8609164234895164e-5,6.560120979194189e-5,0.11111065841783634,-0.11111020608920434
34825,0.1,-0.11111070828774545,1.2336608681512577e-9,3.512350876765102e-5,6.506374060498754e-5,0.11111070828774545,-0.1111102101859883
34826,0.1,-0.11111075795135757,1.7281118284739951e-9,4.1570564447382656e-5,6.447083932773792e-5,0.11111075795135757,-0.11111021414708813
34827,0.1,-0.11111080735289534,2.2982598840580163e-9,4.794016983760087e-5,6.382274251054991e-5,0.11111080735289534,-0.11111021795896865
34828,0.1,-0.11111085643565509,2.9402961501816086e-9,5.422449769413829e-5,6.311984093136247e-5,0.11111085643565509,-0.11111022160875404
34829,0.25,-0.1111109039965763,3.6295194819577035e-9,6.024549345766622e-5,6.236895682477468e-5,0.1111109039965763,-0.111110224439743
34830,0.625,-0.11111094704675731,4.3007941313491034e-9,6.558044015824462e-5,6.067719042811152e-5,0.11111094704675731,-0.11111022498873704
34831,1.5625,-0.11111097748061506,4.775556458927625e-9,6.910540108361736e-5,5.644790766328687e-5,0.11111097748061506,-0.11111021955965741
34832,3.90625,-0.1111109745965002,4.620901839277609e-9,6.797721558932529e-5,4.569157793371337e-5,0.1111109745965002,-0.11111020114072115
34833,9.765625,-0.11111089310572471,3.1214614707751334e-9,5.587004090543637e-5,2.0295306744958594e-5,0.11111089310572471,-0.1111101686649858
34834,24.4140625,-0.1111106739554955,5.73574898532275e-10,2.394942376200887e-5,3.672060035230908e-5,0.1111106739554955,-0.11111016630332296
34835,9.765625,-0.11111056407909947,1.0502198245579233e-10,1.0248023343835256e-5,9.335462765658944e-5,0.11111056407909947,-0.11111017844221974
34836,3.90625,-0.11111047015809589,2.2581322673277635e-11,4.751980920971552e-6,0.00010194446914301774,0.11111047015809589,-0.11111018956445516
34837,1.5625,-0.11111038303281782,1.6449787966874045e-10,1.2825672678995844e-5,0.00010076611460390383,0.11111038303281782,-0.11111019946240926
34838,0.625,-0.11111029841023229,4.99587395086148e-10,2.235145174448738e-5,9.846815578300524e-5,0.11111029841023229,-0.11111020875132388
34839,0.25,-0.11111021482821698,1.0203015132247121e-9,3.194215886919217e-5,9.671668075284723e-5,0.11111021482821698,-0.11111021779512428
34840,0.1,-0.11111013177626065,1.7239473480709615e-9,4.152044494066702e-5,9.556807071017862e-5,0.11111013177626065,-0.1111102267443137
34841,0.1,-0.1111100493433886,2.6032871939549376e-9,5.102241854278311e-5,9.4817157798525e-5,0.1111100493433886,-0.11111023544216435
34842,0.1,-0.11110996759340634,3.651447354877857e-9,6.042720707494147e-5,9.398333922638429e-5,0.11110996759340634,-0.11111024385803843
34843,0.1,-0.11110988658871034,4.861016525267437e-9,6.972099056430163e-5,9.306714507804681e-5,0.11110988658871034,-0.11111025196259455
34844,0.1,-0.11110980639028444,6.2240752060885944e-9,7.889280832933122e-5,9.206929540491757e-5,0.11110980639028444,-0.11111025972791165
34845,0.25,-0.11110972852896084,7.688579002501584e-9,8.768454255170397e-5,9.099919935560855e-5,0.11110972852896084,-0.1111102657615964
34846,0.625,-0.11110965676522232,9.116933157771705e-9,9.548263275471464e-5,8.855482824552806e-5,0.11110965676522232,-0.11111026695744917
34847,1.5625,-0.11110960133328274,1.013140442823204e-8,0.00010065487781638821,8.240361066316964e-5,0.11110960133328274,-0.11111025546115143
34848,3.90625,-0.11110958924055915,9.814818734502453e-9,9.906976700539097e-5,6.670266465729716e-5,0.11110958924055915,-0.11111021633464745
34849,9.765625,-0.11110968686850128,6.6457877294778175e-9,8.152170097267241e-5,2.933314663990379e-5,0.11110968686850128,-0.11111014711571027
34850,24.4140625,-0.11111014140521372,1.1206561045641537e-10,1.058610459311712e-5,5.1322340950137414e-5,0.11111014140521372,-0.11111019068986489
34851,9.765625,-0.11111069059068993,1.189941951222412e-10,1.0908446045255081e-5,2.8227156757784338e-5,0.11111069059068993,-0.11111018987367993
34852,3.90625,-0.11111088629269547,1.3434812068022506e-10,1.1590863672747819e-5,1.8620376275454637e-5,0.11111088629269547,-0.11111018956871012
34853,1.5625,-0.11111104309205722,1.5359633430864289e-10,1.239339881988161e-5,1.4628163664721949e-5,0.11111104309205722,-0.11111018950346568
34854,3.90625,-0.11111107058604366,1.5177944820500613e-10,1.2319880202542804e-5,1.2862803736483225e-5,0.11111107058604366,-0.11111018897914203
34855,9.765625,-0.11111080012594951,1.0086842396174768e-10,1.0043327335188657e-5,9.118961288637902e-6,0.11111080012594951,-0.11111018795619823
34856,24.4140625,-0.11111034717733727,1.7402375633345134e-11,4.171615470455676e-6,8.795776309216476e-6,0.11111034717733727,-0.11111018789681883
34857,9.765625,-0.11111057561302795,3.393787293538825e-12,1.842223464604342e-6,1.7022180629387506e-5,0.11111057561302795,-0.11111018829284017
34858,3.90625,-0.11111064941199676,1.4734596929917828e-12,1.2138614801499316e-6,1.818292033555112e-5,0.11111064941199676,-0.11111018864313545
34859,1.5625,-0.11111070567230093,6.2107832962125744e-12,2.4921443168910935e-6,1.7830957974992336e-5,0.11111070567230093,-0.11111018895289496
34860,0.625,-0.11111075757028874,1.662556969790866e-11,4.077446467816427e-6,1.7345921824685416e-5,0.11111075757028874,-0.11111018924217024
34861,0.25,-0.11111080818440904,3.245629694185519e-11,5.697042824295355e-6,1.697948575487545e-5,0.11111080818440904,-0.11111018952220535
34862,0.1,-0.11111085841384001,5.3589039778932505e-11,7.320453522762952e-6,1.6729442727056925e-5,0.11111085841384001,-0.11111018979767355
34863,0.1,-0.11111090682485351,7.976107799460566e-11,8.930905776829452e-6,1.6556484899325007e-5,0.11111090682485351,-0.11111019006395748
34864,0.1,-0.11111095323799246,1.1073537733294196e-10,1.0523087823112661e-5,1.637682872744987e-5,0.11111095323799246,-0.11111019032047512
34865,0.1,-0.11111099748217934,1.462644490863424e-10,1.2093984003889802e-5,1.6189626226279044e-5,0.11111099748217934,-0.11111019056664483
34866,0.1,-0.11111103939525958,1.8609065339181016e-10,1.364150480672166e-5,1.599421109036327e-5,0.11111103939525958,-0.11111019080189422
34867,0.25,-0.11111107237079311,2.2857125343948278e-10,1.5118573128423289e-5,1.5792179035535272e-5,0.11111107237079311,-0.11111019098520289
34868,0.625,-0.11111108176790675,2.694361707041935e-10,1.641451097974574e-5,1.5366903600670628e-5,0.11111108176790675,-0.11111019102587219
34869,1.5625,-0.1111110318325071,2.971531072021846e-10,1.7238129457751055e-5,1.4339157730127661e-5,0.1111110318325071,-0.1111101906968552
34870,3.90625,-0.11111084939984395,2.8455875569818147e-10,1.6868869425607085e-5,1.1803882496820131e-5,0.11111084939984395,-0.11111018957717511
34871,9.765625,-0.11111046755100307,1.8971024613235098e-10,1.3773534264390929e-5,6.473562739167853e-6,0.11111046755100307,-0.11111018763319826
34872,24.4140625,-0.11111024045995709,3.5466872205319604e-11,5.95540697226643e-6,1.0326391807395126e-5,0.11111024045995709,-0.11111018751605505
34873,9.765625,-0.11111040326906006,7.2722417211988194e-12,2.69670942468758e-6,2.3344805146296665e-5,0.11111040326906006,-0.11111018825774129
34874,3.90625,-0.11111046972131879,2.535326019532762e-12,1.5922707117612765e-6,2.535507821873515e-5,0.11111046972131879,-0.11111018893947072
34875,1.5625,-0.11111052302183104,1.1309303851563124e-11,3.362930842518639e-6,2.5036430947738695e-5,0.11111052302183104,-0.1111101895486698
34876,0.625,-0.11111057273785725,3.171252019061705e-11,5.631387057432392e-6,2.446214961317272e-5,0.11111057273785725,-0.11111019012168248
34877,0.25,-0.11111062131532043,6.328873047775548e-11,7.95542145192544e-6,2.4027851769928002e-5,0.11111062131532043,-0.11111019068003768
34878,0.1,-0.1111106695230198,1.0587454382503207e-10,1.0289535646715652e-5,2.374368155668896e-5,0.1111106695230198,-0.11111019123264364
34879,0.1,-0.11111071694050166,1.5902556094561428e-10,1.2610533729609318e-5,2.3558340497723635e-5,0.11111071694050166,-0.11111019176987821
34880,0.1,-0.11111076345293691,2.223244582461009e-10,1.4910548556176628e-5,2.3354333790784245e-5,0.11111076345293691,-0.11111019228997651
34881,0.1,-0.11111080894861523,2.9532253078879387e-10,1.718495070661519e-5,2.3131579659686322e-5,0.11111080894861523,-0.11111019279123846
34882,0.1,-0.11111085331928212,3.7754118020170086e-10,1.943041894045779e-5,2.2890078625590826e-5,0.11111085331928212,-0.11111019327203801
34883,0.25,-0.11111089338830385,4.657977643981501e-10,2.1582348444924848e-5,2.263182646048177e-5,0.11111089338830385,-0.11111019364813142
34884,0.625,-0.1111109217683134,5.516802599102611e-10,2.3487874742306103e-5,2.2040849252571433e-5,0.1111109217683134,-0.11111019373192779
34885,1.5625,-0.11111091979918232,6.121338390886974e-10,2.4741338668081347e-5,2.0554444749783717e-5,0.11111091979918232,-0.11111019305009082
34886,3.90625,-0.11111084675685766,5.914546243896764e-10,2.4319840139064985e-5,1.678963252127745e-5,0.11111084675685766,-0.11111019070794388
34887,9.765625,-0.11111065126922134,3.985607876739802e-10,1.9963987268929527e-5,8.313984656507758e-6,0.11111065126922134,-0.1111101865827293
34888,24.4140625,-0.11111045318669494,7.349223377238565e-11,8.572761152183447e-6,1.4047620064228967e-5,0.11111045318669494,-0.1111101863142015
34889,9.765625,-0.11111048435063466,1.3736231050241462e-11,3.7062421737173977e-6,3.378190497284319e-5,0.11111048435063466,-0.11111018788779761
34890,3.90625,-0.11111047521065834,3.4147223327093568e-12,1.847896732155062e-6,3.682857949029548e-5,0.11111047521065834,-0.11111018933303728
34891,1.5625,-0.11111046272297267,2.1913822821010754e-11,4.681220227783644e-6,3.64221144446519e-5,0.11111046272297267,-0.11111019062357536
34892,0.625,-0.1111104495715664,6.531264027410023e-11,8.081623616211053e-6,3.562395097282927e-5,0.1111104495715664,-0.11111019183804971
34893,0.25,-0.1111104362678352,1.3270363964450765e-10,1.1519706578056043e-5,3.50227026841133e-5,0.1111104362678352,-0.11111019302295849
34894,0.1,-0.111110422944935,2.2379649746456255e-10,1.4959829459741931e-5,3.46367507215921e-5,0.111110422944935,-0.11111019419748663
34895,0.1,-0.11111040940321122,3.377073764484961e-10,1.8376816276180595e-5,3.4392247832087235e-5,0.11111040940321122,-0.1111101953411491
34896,0.1,-0.11111039561872678,4.735970891575025e-10,2.1762285935937487e-5,3.4117365135116104e-5,0.11111039561872678,-0.11111019644987709
34897,0.1,-0.1111103815691744,6.305529517395455e-10,2.5110813442410532e-5,3.3812310056728984e-5,0.1111103815691744,-0.11111019751976474
34898,0.1,-0.11111036723400687,8.075925401699504e-10,2.8418172709904315e-5,3.347735472251012e-5,0.11111036723400687,-0.11111019854708343
34899,0.25,-0.11111035171172444,9.980077599025427e-10,3.159126081533535e-5,3.311527269590416e-5,0.11111035171172444,-0.11111019935092466
34900,0.625,-0.1111103330488022,1.1839764450396295e-9,3.4408958790402676e-5,3.2259291473559295e-5,0.1111103330488022,-0.11111019952735293
34901,1.5625,-0.11111030671226098,1.316473662172815e-9,3.6283242167325884e-5,3.0073095851701395e-5,0.11111030671226098,-0.11111019805421993
34902,3.90625,-0.11111026505105291,1.2763522986035596e-9,3.572607309240073e-5,2.4474054332940338e-5,0.11111026505105291,-0.1111101929844698
34903,9.765625,-0.11111021302680958,8.657941839296187e-10,2.942438077393675e-5,1.138160027303087e-5,0.11111021302680958,-0.11111018398080125
34904,24.4140625,-0.11111026601485904,1.6220390662518286e-10,1.273592975110898e-5,1.961279619742987e-5,0.11111026601485904,-0.11111018322509872
34905,9.765625,-0.11111037055689434,3.0307642651014994e-11,5.50523774700194e-6,4.951566411820303e-5,0.11111037055689434,-0.11111018662081351
34906,3.90625,-0.1111104405405143,5.985222502342694e-12,2.4464714391021806e-6,5.4200226470660905e-5,0.1111104405405143,-0.11111018976266873
34907,1.5625,-0.11111050346134181,4.4536159497031176e-11,6.673541750602238e-6,5.368261490429766e-5,0.11111050346134181,-0.11111019257243847
34908,0.625,-0.11111056423666336,1.374238737013351e-10,1.172279291386379e-5,5.254544210022927e-5,0.11111056423666336,-0.11111019521743594
34909,0.25,-0.11111062433365158,2.826974059503332e-10,1.6813607761284702e-5,5.168215005779836e-5,0.11111062433365158,-0.11111019779856321
34910,0.1,-0.11111068424627836,4.797622446785456e-10,2.1903475630103675e-5,5.11297165929848e-5,0.11111068424627836,-0.11111020035785152
34911,0.1,-0.1111107437924966,7.26762455193023e-10,2.6958532140920116e-5,5.078296686611351e-5,0.1111107437924966,-0.11111020285149618
34912,0.1,-0.11111080289628435,1.0219236345170366e-9,3.196754032635349e-5,5.039047923442758e-5,0.11111080289628435,-0.11111020527048102
34913,0.1,-0.11111086148196204,1.363307347601466e-9,3.692299212687761e-5,4.9952600794501936e-5,0.11111086148196204,-0.11111020760614089
34914,0.1,-0.11111091947437636,1.7488193094152313e-9,4.181888699397954e-5,4.946976299678593e-5,0.11111091947437636,-0.11111020985019733
34915,0.25,-0.11111097501645922,2.1640216964711196e-9,4.651904659890526e-5,4.8945809821974615e-5,0.11111097501645922,-0.11111021160987428
34916,0.625,-0.11111102364003732,2.5704417738205854e-9,5.069952439442194e-5,4.7691408030816526e-5,0.11111102364003732,-0.11111021200619464
34917,1.5625,-0.1111110536099352,2.862053726359053e-9,5.349816563545944e-5,4.446788325537133e-5,0.1111110536099352,-0.11111020881096488
34918,3.90625,-0.11111103679006719,2.7805596693743666e-9,5.273101240611986e-5,3.617581192141919e-5,0.11111103679006719,-0.11111019776080848
34919,9.765625,-0.11111092113809554,1.894458311748012e-9,4.352537549232645e-5,1.6497525647106047e-5,0.11111092113809554,-0.11111017801717167
34920,24.4140625,-0.11111068311034486,3.608536087017428e-10,1.8996147206782296e-5,2.8193039075235864e-5,0.11111068311034486,-0.11111017605808512
34921,9.765625,-0.11111059054520903,6.870909722182918e-11,8.28909507858543e-6,7.299718706833212e-5,0.11111059054520903,-0.11111018344175506
34922,3.90625,-0.11111050337368981,1.2349795015867345e-11,3.5142275133900116e-6,8.011490333290383e-5,0.11111050337368981,-0.11111019031946034
34923,1.5625,-0.1111104212898943,9.38560928423009e-11,9.687935427236337e-6,7.943077472240502e-5,0.1111104212898943,-0.11111019648017703
34924,0.625,-0.11111034118972483,2.9446872250192797e-10,1.7160090981749717e-5,7.778595476160481e-5,0.11111034118972483,-0.11111020228165885
34925,0.25,-0.11111026191214676,6.099072431081753e-10,2.4696300190679886e-5,7.652797378433626e-5,0.11111026191214676,-0.11111020794341525
34926,0.1,-0.11111018303830932,1.0388874187497769e-9,3.223177653728967e-5,7.572220966368629e-5,0.11111018303830932,-0.11111021355757375
34927,0.1,-0.11111010457877864,1.5774207055879021e-9,3.971675598016412e-5,7.521738164530403e-5,0.11111010457877864,-0.11111021902945521
34928,0.1,-0.11111002658449103,2.2216767828208073e-9,4.713466646557295e-5,7.464436964446635e-5,0.11111002658449103,-0.11111022433917546
34929,0.1,-0.11110994910586387,2.9674643032373336e-9,5.447443715392875e-5,7.400371815879384e-5,0.11110994910586387,-0.11111022946761825
34930,0.1,-0.1111098721928002,3.810248731381371e-9,6.172721224372093e-5,7.329608740595281e-5,0.1111098721928002,-0.11111023439651092
34931,0.25,-0.11110979693040483,4.718725919691586e-9,6.869298304551627e-5,7.252701490902934e-5,0.11110979693040483,-0.11111023826876941
34932,0.625,-0.11110972607006564,5.609362458759017e-9,7.48956771700411e-5,7.067830123025538e-5,0.11110972607006564,-0.11111023916357346
34933,1.5625,-0.11110966730705636,6.25170564116496e-9,7.90677281902355e-5,6.591727668697053e-5,0.11110966730705636,-0.11111023220528246
34934,3.90625,-0.11110964198426002,6.083333220865141e-9,7.799572565766115e-5,5.3645586219521994e-5,0.11110964198426002,-0.11111020803190472
34935,9.765625,-0.11110970811933425,4.159820227804719e-9,6.449666834654887e-5,2.428899079524419e-5,0.11110970811933425,-0.11111016462350572
34936,24.4140625,-0.11111000598822264,8.030291455805752e-10,2.833776888854476e-5,4.098422865469443e-5,0.11111000598822264,-0.11111015979899379
34937,9.765625,-0.11111020933958768,1.5449665741943683e-10,1.2429668435619546e-5,0.00010800917955780506,0.11111020933958768,-0.11111017597176087
34938,3.90625,-0.11111037134937161,2.483345354723523e-11,4.983317524223721e-6,0.00011878782149478034,0.11111037134937161,-0.11111019111887495
34939,1.5625,-0.11111052114928338,1.987402056121814e-10,1.409752480445349e-5,0.00011787519717523986,0.11111052114928338,-0.11111020470546111
34940,0.625,-0.11111066706558644,6.348499679676273e-10,2.5196229241051672e-5,0.00011548439276133647,0.11111066706558644,-0.11111021750377739
34941,0.25,-0.11111081185387438,1.323742753001992e-9,3.638327573215463e-5,0.00011364431758117414,0.11111081185387438,-0.11111022999458535
34942,0.1,-0.11111095648299647,2.2626388546871155e-9,4.7567203561772636e-5,0.00011246511304145993,0.11111095648299647,-0.11111024238098857
34943,0.1,-0.1111111007157426,3.442923622987398e-9,5.867643158021283e-5,0.00011172793599341371,0.1111111007157426,-0.11111025445724093
34944,0.1,-0.11111124439581281,4.856289778223937e-9,6.968708473041427e-5,0.0001108893207177532,0.11111124439581281,-0.11111026617939782
34945,0.1,-0.11111138736484917,6.493631760402636e-9,8.05830736594394e-5,0.00010995005436511873,0.11111138736484917,-0.11111027750518353
34946,0.1,-0.11111152946283359,8.345084341003561e-9,9.135143316338042e-5,0.00010891109428725194,0.11111152946283359,-0.11111028839415807
34947,0.25,-0.11111166726476138,1.0342384252967891e-8,0.00010169751350435217,0.00010778038428862072,0.11111166726476138,-0.11111029696658642
34948,0.625,-0.11111179230691706,1.2303107620570355e-8,0.00011091937441479894,0.00010505109762235196,0.11111179230691706,-0.1111102990042805
34949,1.5625,-0.11111188184750419,1.3723474060437259e-8,0.00011714723240622145,9.80077382016372e-5,0.11111188184750419,-0.11111028378799048
34950,3.90625,-0.11111187899184195,1.337217122392006e-8,0.00011563810455001439,7.982613987289601e-5,0.11111187899184195,-0.11111023067309668
34951,9.765625,-0.11111166558974497,9.17300265916295e-9,9.577579370155566e-5,3.613733619726591e-5,0.11111166558974497,-0.1111101348661225
34952,24.4140625,-0.11111122051249868,1.4763964374209154e-10,1.2150705483308019e-5,5.861054442168869e-5,0.11111122051249868,-0.11111019326302939
34953,9.765625,-0.11111004622320605,1.5572985467614872e-10,1.247917684289107e-5,3.260148549999285e-5,0.11111004622320605,-0.11111019224020746
34954,3.90625,-0.11110959828865627,1.7779067014937587e-10,1.3333816788503428e-5,2.147623114303683e-5,0.11110959828865627,-0.11111019183402787
34955,1.5625,-0.11110923791049036,2.0524163389748922e-10,1.4326256799928208e-5,1.6716882519986818e-5,0.11110923791049036,-0.11111019173678659
34956,3.90625,-0.11110914748684231,2.037222490584935e-10,1.4273130317435398e-5,1.4598183143850117e-5,0.11110914748684231,-0.11111019101598188
34957,9.765625,-0.1111096958059882,1.34549243316655e-10,1.1599536340589437e-5,9.94280369479018e-6,0.1111096958059882,-0.11111018962526122
34958,24.4140625,-0.11111071006474908,2.4174342782194926e-11,4.9167410733325105e-6,9.463791284720889e-6,0.11111071006474908,-0.11111018949672082
34959,9.765625,-0.11111022518500545,4.725120384352102e-12,2.1737342027837954e-6,1.968522521794555e-5,0.11111022518500545,-0.11111019003184981
34960,3.90625,-0.11111005180049935,2.1944443471042654e-12,1.4813657033643871e-6,2.1064615415397733e-5,0.11111005180049935,-0.11111019049945639
34961,1.5625,-0.11110991587739481,8.76521229728294e-12,2.9606101224718767e-6,2.067409106926834e-5,0.11110991587739481,-0.11111019091357244
34962,0.625,-0.11110978950732354,2.3153148847979313e-11,4.811771903153693e-6,2.0133271656382632e-5,0.11110978950732354,-0.11111019130147967
34963,0.25,-0.11110966600463905,4.503980740026381e-11,6.711170345048903e-6,1.973214267463829e-5,0.11110966600463905,-0.1111101916782889
34964,0.1,-0.11110954338862562,7.429984063161677e-11,8.619735531419556e-6,1.9466080914599622e-5,0.11110954338862562,-0.1111101920501793
34965,0.1,-0.11110942460506906,1.1057862481467252e-10,1.0515637156857045e-5,1.9288163913262106e-5,0.11110942460506906,-0.11111019241054378
34966,0.1,-0.11110931004146612,1.5356238314737194e-10,1.2392029016564316e-5,1.9098942391002476e-5,0.11110931004146612,-0.11111019275840385
34967,0.1,-0.11110920006837242,2.0291934860666387e-10,1.4244976258550376e-5,1.8897838822317452e-5,0.11110920006837242,-0.11111019309280257
34968,0.1,-0.11110909503829262,2.583006784986805e-10,1.6071735391633364e-5,1.8684428708360315e-5,0.11110909503829262,-0.11111019341281371
34969,0.25,-0.11110900888660268,3.173476750140283e-10,1.7814254826234755e-5,1.8460496132367583e-5,0.11110900888660268,-0.11111019366134252
34970,0.625,-0.11110897264171318,3.739335253207321e-10,1.933736086752099e-5,1.796708504999204e-5,0.11110897264171318,-0.11111019371235575
34971,1.5625,-0.11110906251699515,4.116426504399929e-10,2.0288978545998635e-5,1.6750633055516358e-5,0.11110906251699515,-0.11111019325172279
34972,3.90625,-0.11110943696485111,3.9263821267069585e-10,1.9815100622270274e-5,1.3731388835167763e-5,0.11110943696485111,-0.11111019170272822
34973,9.765625,-0.11111025717036639,2.6141239277729e-10,1.6168252619788262e-5,7.329475388164951e-6,0.11111025717036639,-0.11111018902224522
34974,24.4140625,-0.11111084510829994,5.007423302655331e-11,7.07631493268589e-6,1.1730812308324562e-5,0.11111084510829994,-0.11111018880453599
34975,9.765625,-0.11111053837555805,9.60466190436841e-12,3.099138897237168e-6,2.7359155041513916e-5,0.11111053837555805,-0.11111018983618039
34976,3.90625,-0.1111104208766087,2.2507365857372242e-12,1.5002455084876023e-6,2.9883034249951943e-5,0.1111104208766087,-0.11111019079025992
34977,1.5625,-0.11111032923311293,1.3837073479130705e-11,3.7198216999112613e-6,2.95724842526595e-5,0.11111032923311293,-0.11111019164356399
34978,0.625,-0.1111102446360758,4.172994460785188e-11,6.4598718724021045e-6,2.8928072135361044e-5,0.1111102446360758,-0.11111019244626626
34979,0.25,-0.11111016230721908,8.530686776626773e-11,9.23617170510963e-6,2.843621799016816e-5,0.11111016230721908,-0.11111019322867156
34980,0.1,-0.11111008075090933,1.4436030696789305e-10,1.2015003411064562e-5,2.811626885331555e-5,0.11111008075090933,-0.11111019400345497
34981,0.1,-0.11111000072857415,2.183033598034154e-10,1.4775092548049079e-5,2.791042433390065e-5,0.11111000072857415,-0.11111019475754955
34982,0.1,-0.11110992245605751,3.065784133811885e-10,1.7509380725233788e-5,2.7681424230598023e-5,0.11110992245605751,-0.11111019548839018
34983,0.1,-0.11110984614260076,4.085816043135165e-10,2.0213401601747206e-5,2.7429249717898786e-5,0.11110984614260076,-0.11111019619350576
34984,0.1,-0.11110977199023159,5.236649979607154e-10,2.288372779860649e-5,2.715396384809794e-5,0.11110977199023159,-0.11111019687053125
34985,0.25,-0.11110970594492295,6.474538340128351e-10,2.544511414815888e-5,2.6857701716530555e-5,0.11110970594492295,-0.1111101974021137
34986,0.625,-0.11110966183229444,7.683336967588128e-10,2.7718832889550254e-5,2.6166335930838376e-5,0.11110966183229444,-0.11111019752601921
34987,1.5625,-0.1111096745250191,8.54402676670784e-10,2.9230167236449125e-5,2.441065442231437e-5,0.1111096745250191,-0.1111101965787218
34988,3.90625,-0.11110981980205115,8.284073250502825e-10,2.8782066031650376e-5,1.993394310888162e-5,0.11110981980205115,-0.11111019329644119
34989,9.765625,-0.11111019082598313,5.630696318469771e-10,2.372908830627458e-5,9.626985847473003e-6,0.11111019082598313,-0.11111018744822179
34990,24.4140625,-0.11111054459484765,1.0760813035363619e-10,1.0373433874741584e-5,1.596945471284044e-5,0.11111054459484765,-0.11111018688642375
34991,9.765625,-0.111110449283299,2.0491804149287437e-11,4.526787398286719e-6,4.0028991960182774e-5,0.111110449283299,-0.11111018910082904
34992,3.90625,-0.11111043574020506,3.755830563894757e-12,1.937996533509479e-6,4.388486050243302e-5,0.11111043574020506,-0.11111019116332219
34993,1.5625,-0.11111043109333003,2.8094228304045703e-11,5.3003988815980355e-6,4.350485079142517e-5,0.11111043109333003,-0.1111101930117399
34994,0.625,-0.11111042864356584,8.790721063964753e-11,9.375884525720628e-6,4.260490933458128e-5,0.11111042864356584,-0.11111019475280444
34995,0.25,-0.1111104268850235,1.8191089237186372e-10,1.3487434610475919e-5,4.191673181024465e-5,0.1111104268850235,-0.11111019645195708
34996,0.1,-0.11111042537939131,3.097153407700265e-10,1.7598731226143163e-5,4.147528754047916e-5,0.11111042537939131,-0.11111019813667071
34997,0.1,-0.11111042449649482,4.701272632565792e-10,2.168241829816451e-5,4.119801784573453e-5,0.11111042449649482,-0.11111019977875368
34998,0.1,-0.11111042430059777,6.620015120900274e-10,2.5729390045044352e-5,4.088405318387198e-5,0.11111042430059777,-0.11111020137232525
34999,0.1,-0.11111042485215854,8.840864911719359e-10,2.9733591965518326e-5,4.0533633199831116e-5,0.11111042485215854,-0.11111020291172699
35000,0.1,-0.11111042620761864,1.1350293210657703e-9,3.369019621589893e-5,4.014707153874125e-5,0.11111042620761864,-0.11111020439154677
35001,0.25,-0.11111043047788925,1.405513262536645e-9,3.749017554689021e-5,3.972733704264077e-5,0.11111043047788925,-0.1111102055565376
35002,0.625,-0.1111104423824321,1.6706842812257575e-9,4.087400495701097e-5,3.872105787314346e-5,0.1111104423824321,-0.11111020583470686
35003,1.5625,-0.11111047334262295,1.8619873876968703e-9,4.315075187869697e-5,3.613327193276622e-5,0.11111047334262295,-0.11111020377406301
35004,3.90625,-0.11111054566931387,1.8121448556962616e-9,4.256929475215982e-5,2.9475406613802e-5,0.11111054566931387,-0.11111019658530491
35005,9.765625,-0.11111067095538482,1.2402494323453855e-9,3.5217175246538233e-5,1.3709118066353263e-5,0.11111067095538482,-0.11111018365559215
35006,24.4140625,-0.1111106771415328,2.4084653239222267e-10,1.5519231050287984e-5,2.265495731380728e-5,0.1111106771415328,-0.11111018218369509
35007,9.765625,-0.1111105348077423,4.66610562915773e-11,6.830889860887621e-6,5.913263186901999e-5,0.1111105348077423,-0.11111018702189153
35008,3.90625,-0.11111044685819739,7.355400260153482e-12,2.712084117455335e-6,6.504928985852925e-5,0.11111044685819739,-0.11111019156450815
35009,1.5625,-0.1111103692214142,5.872437806913875e-11,7.663183285628678e-6,6.457183393011611e-5,0.1111103692214142,-0.11111019564354804
35010,0.625,-0.11111029476889318,1.8842163862132734e-10,1.3726676168006855e-5,6.327884598284927e-5,0.11111029476889318,-0.1111101994877406
35011,0.25,-0.11111022145490922,3.93641356373275e-10,1.9840397082046392e-5,6.228209224524227e-5,0.11111022145490922,-0.11111020324033259
35012,0.1,-0.11111014860608504,6.735647404999867e-10,2.5953125832931698e-5,6.164401343030076e-5,0.11111014860608504,-0.11111020696200456
35013,0.1,-0.1111100764847283,1.0256437990179085e-9,3.202567406032086e-5,6.124625076682011e-5,0.1111100764847283,-0.11111021059156029
35014,0.1,-0.11111000518474645,1.4474183834724175e-9,3.8044952141807425e-5,6.0793221739382354e-5,0.11111000518474645,-0.11111021411585996
35015,0.1,-0.11110993479781978,1.9361896287973823e-9,4.400215481993333e-5,6.028532286370107e-5,0.11110993479781978,-0.11111021752225272
35016,0.1,-0.11110986541322332,2.4890312887928165e-9,4.989019231064174e-5,5.9723049132566414e-5,0.11110986541322332,-0.11111022079862892
35017,0.25,-0.11110979949393508,3.0856385480236753e-9,5.554852426503944e-5,5.91105543115876e-5,0.11110979949393508,-0.11111022338402197
35018,0.625,-0.11110974288498653,3.6717066073953707e-9,6.059460873209242e-5,5.762683441085598e-5,0.11110974288498653,-0.11111022401889152
35019,1.5625,-0.11110971079337423,4.097196537330158e-9,6.400934726530304e-5,5.379225813776901e-5,0.11110971079337423,-0.11111021950069468
35020,3.90625,-0.1111097392384721,3.99516108104383e-9,6.320728661352131e-5,4.389291275988651e-5,0.1111097392384721,-0.11111020365174759
35021,9.765625,-0.11110989329266521,2.74570489611024e-9,5.2399474196887124e-5,2.020293349531278e-5,0.11110989329266521,-0.11111017498026216
35022,24.4140625,-0.1111101950215355,5.416186029888115e-10,2.3272700809936338e-5,3.2902244894648374e-5,0.1111101950215355,-0.11111017131170847
35023,9.765625,-0.11111030647097216,1.0686924404585833e-10,1.0337758173117532e-5,8.776184118820668e-5,0.11111030647097216,-0.11111018196648632
35024,3.90625,-0.1111104131349813,1.5483240180523196e-11,3.934874862117371e-6,9.677718130311121e-5,0.1111104131349813,-0.11111019203750709
35025,1.5625,-0.11111051393785591,1.2525176261208755e-10,1.1191593390223197e-5,9.616213887181631e-5,0.11111051393785591,-0.11111020109647522
35026,0.625,-0.1111106126890708,4.0874992241917874e-10,2.0217564700506804e-5,9.428358995533879e-5,0.1111106126890708,-0.11111020963778905
35027,0.25,-0.11111071084946564,8.597638081048656e-10,2.9321729282306415e-5,9.282461292259707e-5,0.11111071084946564,-0.11111021797668832
35028,0.1,-0.1111108089570617,1.476516695269197e-9,3.8425469356524416e-5,9.189031438056907e-5,0.1111108089570617,-0.11111022624769552
35029,0.1,-0.11111090694011831,2.253478418560402e-9,4.747081649350896e-5,9.130960274984852e-5,0.11111090694011831,-0.11111023431690055
35030,0.1,-0.11111100470992723,3.185285063735731e-9,5.643832973906768e-5,9.064608287381022e-5,0.11111100470992723,-0.11111024215497826
35031,0.1,-0.11111110217542557,4.2660399685702745e-9,6.531492914005399e-5,8.990037308877277e-5,0.11111110217542557,-0.11111024973368436
35032,0.1,-0.11111119924339974,5.489338660186619e-9,7.409007126590323e-5,8.907322948744534e-5,0.11111119924339974,-0.11111025702596647
35033,0.25,-0.11111129413274806,6.8106126588738045e-9,8.252643612124424e-5,8.817064394580249e-5,0.11111129413274806,-0.11111026279276034
35034,0.625,-0.11111138231747802,8.110475563783102e-9,9.005817877229753e-5,8.59732562388016e-5,0.11111138231747802,-0.11111026424802098
35035,1.5625,-0.11111145128854061,9.058704818218518e-9,9.517722846468329e-5,8.028030979499522e-5,0.11111145128854061,-0.11111025429904225
35036,3.90625,-0.11111146793559029,8.846301163344382e-9,9.405477746156429e-5,6.555663872834625e-5,0.11111146793559029,-0.11111021921926238
35037,9.765625,-0.11111135317943832,6.100170688580684e-9,7.810358947308813e-5,3.0120577576512482e-5,0.11111135317943832,-0.1111101554533753
35038,24.4140625,-0.11111085173067385,9.458955790087545e-11,9.725716318136955e-6,4.714602498637283e-5,0.11111085173067385,-0.11111019379613225
35039,9.765625,-0.11111017792647333,1.0080761907521636e-10,1.0040299750267238e-5,2.5948496910012764e-5,0.11111017792647333,-0.11111019310491792
35040,3.90625,-0.11110993114418528,1.1443056931484523e-10,1.0697222504689955e-5,1.7040898253710995e-5,0.11110993114418528,-0.11111019283841822
35041,1.5625,-0.11110973284172339,1.312545872906698e-10,1.1456639441418665e-5,1.331521462465918e-5,0.11110973284172339,-0.11111019277584507
35042,3.90625,-0.11110969023472106,1.3015026203733068e-10,1.1408341774216385e-5,1.1687506017125464e-5,0.11110969023472106,-0.11111019231942719
35043,9.765625,-0.11111001084025836,8.724527700096813e-11,9.34051802637135e-6,8.17817005329317e-6,0.11111001084025836,-0.1111101914275469
35044,24.4140625,-0.11111057588418778,1.5911020631646235e-11,3.988862072276533e-6,7.936011810470396e-6,0.11111057588418778,-0.11111019134201097
35045,9.765625,-0.11111030875434398,3.2037900361437155e-12,1.7899134158231552e-6,1.597123521975749e-5,0.11111030875434398,-0.111110191689471
35046,3.90625,-0.11111022072716926,1.1928751268676243e-12,1.0921882286802144e-6,1.7178653076094516e-5,0.11111022072716926,-0.11111019200214352
35047,1.5625,-0.11111015318498445,5.097556497968122e-12,2.257776892867876e-6,1.6921971998423033e-5,0.11111015318498445,-0.11111019228128972
35048,0.625,-0.11111009078246017,1.407727390058438e-11,3.7519693363065188e-6,1.651705071096973e-5,0.11111009078246017,-0.11111019254352725
35049,0.25,-0.11111002990694635,2.7922084576609733e-11,5.284135177738144e-6,1.6210906183028476e-5,0.11111002990694635,-0.11111019279851791
35050,0.1,-0.11110996949926892,4.655140199667209e-11,6.822858784752334e-6,1.6006795934290307e-5,0.11110996949926892,-0.11111019305029972
35051,0.1,-0.111109911236921,6.975306909814212e-11,8.351830284323438e-6,1.5870294129843957e-5,0.111109911236921,-0.11111019329476586
35052,0.1,-0.11110985533138483,9.733447132314539e-11,9.865823398132838e-6,1.5724660143981008e-5,0.11110985533138483,-0.11111019353126582
35053,0.1,-0.11110980198438412,1.2909120268845743e-10,1.1361830956692562e-5,1.5569448574583026e-5,0.11110980198438412,-0.11111019375916217
35054,0.1,-0.11110975138726281,1.6480756444935888e-10,1.2837739849730516e-5,1.5404331879256383e-5,0.11110975138726281,-0.11111019397783575
35055,0.25,-0.11110971129564859,2.0304425155401053e-10,1.4249359689263604e-5,1.5230616616187346e-5,0.11110971129564859,-0.11111019415067537
35056,0.625,-0.1111096989138709,2.4003298364291467e-10,1.549299789075422e-5,1.4845264742135714e-5,0.1111096989138709,-0.11111019419635951
35057,1.5625,-0.11110975632338164,2.6556956539100256e-10,1.6296305268096894e-5,1.389096462207585e-5,0.11110975632338164,-0.11111019391054876
35058,3.90625,-0.11110997005900008,2.5558231313882975e-10,1.598694195707327e-5,1.1512891373924612e-5,0.11110997005900008,-0.11111019291011823
35059,9.765625,-0.11111042214213741,1.7254176262882232e-10,1.313551531645494e-5,6.45145886330004e-6,0.11111042214213741,-0.11111019113832037
35060,24.4140625,-0.11111070950756644,3.364202699148273e-11,5.800174738012875e-6,9.601786484348393e-6,0.11111070950756644,-0.11111019096459046
35061,9.765625,-0.11111052394649644,6.7975916446293094e-12,2.6072191401240727e-6,2.2355593916585043e-5,0.11111052394649644,-0.11111019164702197
35062,3.90625,-0.11111044668060555,1.5962907432257847e-12,1.263444000827019e-6,2.445752365184128e-5,0.11111044668060555,-0.11111019228589271
35063,1.5625,-0.11111038450811564,8.913373940734274e-12,2.98552741416559e-6,2.424191919833815e-5,0.11111038450811564,-0.11111019286014126
35064,0.625,-0.11111032650135312,2.7018881192796337e-11,5.197968948810327e-6,2.3740955139563696e-5,0.11111032650135312,-0.11111019340153352
35065,0.25,-0.11111026984496249,5.550730525561923e-11,7.45032249339713e-6,2.3355755186245877e-5,0.11111026984496249,-0.11111019392977768
35066,0.1,-0.11111021365125268,9.424857420690154e-11,9.708170487115559e-6,2.310586886847808e-5,0.11111021365125268,-0.11111019445319884
35067,0.1,-0.11111015835308506,1.428694060402024e-10,1.1952799088088212e-5,2.294636994559399e-5,0.11111015835308506,-0.11111019496326088
35068,0.1,-0.11111010407835693,2.0101301422745423e-10,1.4177905847742614e-5,2.2767846620762422e-5,0.11111010407835693,-0.11111019545823736
35069,0.1,-0.11111005095128235,2.682914834052426e-10,1.637960571580533e-5,2.257031524012435e-5,0.11111005095128235,-0.11111019593646262
35070,0.1,-0.11110999909203761,3.4428718817490136e-10,1.8554977450131846e-5,2.235385357740073e-5,0.11110999909203761,-0.11111019639634107
35071,0.25,-0.11110995198278811,4.261577387969356e-10,2.064358832172681e-5,2.2120071106355563e-5,0.11110995198278811,-0.11111019676054128
35072,0.625,-0.11110991774670706,5.063337895080885e-10,2.250186191203049e-5,2.156837584236148e-5,0.11110991774670706,-0.11111019685587474
35073,1.5625,-0.11110991695475032,5.639695251089846e-10,2.374804255320814e-5,2.016061451070835e-5,0.11110991695475032,-0.11111019624307754
35074,3.90625,-0.11110999478925723,5.483510033128832e-10,2.341689568053125e-5,1.656737690268129e-5,0.11110999478925723,-0.11111019408015602
35075,9.765625,-0.11111021010940628,3.749149672162772e-10,1.9362721069526288e-5,8.358816296520045e-6,0.11111021010940628,-0.11111019018740945
35076,24.4140625,-0.11111044073012004,7.311324452924564e-11,8.550628311957294e-6,1.3067905534948966e-5,0.11111044073012004,-0.1111101897532758
35077,9.765625,-0.11111041189936938,1.4349675153367429e-11,3.788096507926828e-6,3.273686701592465e-5,0.11111041189936938,-0.11111019122826696
35078,3.90625,-0.11111042478397155,2.4769416695462273e-12,1.5738302543623399e-6,3.596658025671758e-5,0.11111042478397155,-0.11111019261494433
35079,1.5625,-0.11111044110465781,1.8036832965998192e-11,4.246979275437801e-6,3.570316311564974e-5,0.11111044110465781,-0.11111019386185852
35080,0.625,-0.11111045813249698,5.7293444442748734e-11,7.569243320355657e-6,3.4994745798900485e-5,0.11111045813249698,-0.11111019503791182
35081,0.25,-0.11111047536670865,1.193970629049879e-10,1.0926896307048398e-5,3.4448989941758605e-5,0.11111047536670865,-0.11111019618632172
35082,0.1,-0.11111049268204226,2.040993964657587e-10,1.428633600562995e-5,3.409974823224233e-5,0.11111049268204226,-0.11111019732539995
35083,0.1,-0.1111105102742978,3.106297985967445e-10,1.7624692865316674e-5,3.388212867239889e-5,0.1111105102742978,-0.11111019843659674
35084,0.1,-0.11111052816305707,4.382445655770819e-10,2.0934291618707375e-5,3.363440236331939e-5,0.11111052816305707,-0.11111019951594449
35085,0.1,-0.11111054636575728,5.861280671439035e-10,2.4210081931788326e-5,3.3356772172208936e-5,0.11111054636575728,-0.11111020055962222
35086,0.1,-0.11111056489760453,7.533961239838792e-10,2.7448062299256742e-5,3.304949924471516e-5,0.11111056489760453,-0.1111102015639709
35087,0.25,-0.11111058459400898,9.339117112627955e-10,3.055996909787043e-5,3.2714827526439706e-5,0.11111058459400898,-0.11111020235921801
35088,0.625,-0.11111060723017016,1.111260814791087e-9,3.33355788129003e-5,3.1903969172010816e-5,0.11111060723017016,-0.11111020256418455
35089,1.5625,-0.11111063683572434,1.24009112769069e-9,3.5214927625805086e-5,2.9809163040618596e-5,0.11111063683572434,-0.1111102012095372
35090,3.90625,-0.11111067975415467,1.2094711413522718e-9,3.477745162245606e-5,2.4411655962078886e-5,0.11111067975415467,-0.11111019642438162
35091,9.765625,-0.11111072825888187,8.318863601923474e-10,2.8842440260705187e-5,1.1671316874984879e-5,0.11111072825888187,-0.11111018774979511
35092,24.4140625,-0.1111106634673774,1.6492801352034823e-10,1.2842430203055347e-5,1.84377978421766e-5,0.1111106634673774,-0.11111018662307112
35093,9.765625,-0.11111054953163674,3.2853354255885666e-11,5.731784561189095e-6,4.845587454935926e-5,0.11111054953163674,-0.11111018986212488
35094,3.90625,-0.11111047149757229,4.819983249441359e-12,2.195446025171505e-6,5.343403095119562e-5,0.11111047149757229,-0.111110192931265
35095,1.5625,-0.11111040121738648,3.7778016462714394e-11,6.1463823882601376e-6,5.3112081045927045e-5,0.11111040121738648,-0.11111019569554509
35096,0.625,-0.11111033341080227,1.2342284211596958e-10,1.1109583345741171e-5,5.20898941476634e-5,0.11111033341080227,-0.1111101983035481
35097,0.25,-0.11111026649366564,2.59879288774745e-10,1.6120771965844098e-5,5.12952207169073e-5,0.11111026649366564,-0.11111020085055918
35098,0.1,-0.11111019993456768,4.466190492705335e-10,2.11333634159481e-5,5.078736959254764e-5,0.11111019993456768,-0.11111020337733203
35099,0.1,-0.11111013390169185,6.819817661821224e-10,2.6114780607581647e-5,5.0473073349724545e-5,0.11111013390169185,-0.1111102058433711
35100,0.1,-0.11111006846839443,9.643555262798635e-10,3.1054074229959965e-5,5.011328953485778e-5,0.11111006846839443,-0.11111020823976503
35101,0.1,-0.11111000370667351,1.2919664454317203e-9,3.5943934751661794e-5,4.97083469515554e-5,0.11111000370667351,-0.11111021055792497
35102,0.1,-0.11110993968705891,1.6628861386783335e-9,4.077850093711555e-5,4.9258652701859976e-5,0.11110993968705891,-0.11111021278961945
35103,0.25,-0.11110987824989355,2.0636424787541717e-9,4.542733184718393e-5,4.876737290256889e-5,0.11110987824989355,-0.11111021455931343
35104,0.625,-0.11110982381287682,2.4581190363182076e-9,4.9579421500439146e-5,4.7565619208660234e-5,0.11110982381287682,-0.11111021502221438
35105,1.5625,-0.11110978801000995,2.746375829636963e-9,5.240587590754459e-5,4.444644156908703e-5,0.11110978801000995,-0.11111021202669333
35106,3.90625,-0.11110979917124301,2.6834613298587954e-9,5.1802136344544666e-5,3.638029331109534e-5,0.11110979917124301,-0.11111020140362246
35107,9.765625,-0.11110991318063707,1.8531007772924738e-9,4.3047657047654447e-5,1.7092012289199916e-5,0.11110991318063707,-0.11111018204305279
35108,24.4140625,-0.11111017760059622,3.7312494640447653e-10,1.9316442384778738e-5,2.6734603168586555e-5,0.11111017760059622,-0.11111017924959142
35109,9.765625,-0.11111029522306791,7.580188720381279e-11,8.706427924459766e-6,7.206471120423386e-5,0.11111029522306791,-0.1111101864128372
35110,3.90625,-0.1111104004027627,1.0477898624634674e-11,3.2369582364674824e-6,7.966481618496877e-5,0.1111104004027627,-0.11111019324562132
35111,1.5625,-0.11111049902364181,8.121216427541695e-11,9.011779195886733e-6,7.925806662799661e-5,0.11111049902364181,-0.11111019940936928
35112,0.625,-0.11111059539824503,2.6944112993070214e-10,1.641466204131849e-5,7.776578403382797e-5,0.11111059539824503,-0.11111020522659017
35113,0.25,-0.11111069107558684,5.709780795754228e-10,2.389514761568597e-5,7.659625053607242e-5,0.11111069107558684,-0.11111021090802337
35114,0.1,-0.11111078661355478,9.84660869859219e-10,3.137930639544505e-5,7.584780996191275e-5,0.11111078661355478,-0.11111021654446761
35115,0.1,-0.11111088192520124,1.5068557649497252e-9,3.881824010629185e-5,7.53852418788225e-5,0.11111088192520124,-0.11111022204680508
35116,0.1,-0.11111097692364448,2.1340197936531304e-9,4.619545208841592e-5,7.485436741588775e-5,0.11111097692364448,-0.11111022739506649
35117,0.1,-0.11111107152059614,2.86224726375225e-9,5.349997442758501e-5,7.425569580061577e-5,0.11111107152059614,-0.1111102325700006
35118,0.1,-0.11111116562652786,3.68728630517626e-9,6.072302944662972e-5,7.358984654366808e-5,0.11111116562652786,-0.1111102375531496
35119,0.25,-0.11111125742213422,4.579388625456668e-9,6.767118016893652e-5,7.286143481455828e-5,0.11111125742213422,-0.11111024151061882
35120,0.625,-0.11111134233793343,5.458696985923604e-9,7.38829952419608e-5,7.107362106523883e-5,0.11111134233793343,-0.11111024256402602
35121,1.5625,-0.11111140785810435,6.10401620190794e-9,7.812820362652618e-5,6.642500415473411e-5,0.11111140785810435,-0.11111023592379612
35122,3.90625,-0.11111142128583981,5.972360204299714e-9,7.728104686337857e-5,5.438291101955296e-5,0.11111142128583981,-0.11111021228165777
35123,9.765625,-0.11111130638317045,4.137001473028982e-9,6.431952637441434e-5,2.5387385085383092e-5,0.11111130638317045,-0.1111101690106223
35124,24.4140625,-0.11111093540910318,8.424221999669643e-10,2.9024510331217723e-5,3.919901792592917e-5,0.11111093540910318,-0.11111016231486416
35125,9.765625,-0.11111072262668988,1.7296324219741075e-10,1.3151549041744503e-5,0.00010747521186482191,0.11111072262668988,-0.11111017824933501
35126,3.90625,-0.11111054695721796,2.200752427134092e-11,4.691217781273954e-6,0.00011902222929613704,0.11111054695721796,-0.11111019352355045
35127,1.5625,-0.11111038424752136,1.7520845934153572e-10,1.323663323287065e-5,0.00011849713201297522,0.11111038424752136,-0.11111020731798603
35128,0.625,-0.11111022617701849,5.909560349352543e-10,2.4309587304914378e-5,0.00011630353122761101,0.11111022617701849,-0.11111022033942805
35129,0.25,-0.11111006997004852,1.2598444063616027e-9,3.5494286953840934e-5,0.00011457255072170088,0.11111006997004852,-0.11111023305644882
35130,0.1,-0.11110991466230076,2.179268499801794e-9,4.6682635956014674e-5,0.00011346256492720398,0.11110991466230076,-0.1111102456721411
35131,0.1,-0.1111097604030452,3.3412048612734174e-9,5.780315615321898e-5,0.00011277628414628608,0.1111097604030452,-0.11111025798973154
35132,0.1,-0.11110960731126178,4.7378045991043765e-9,6.883171216165101e-5,0.00011198793437683869,0.11110960731126178,-0.11111026996455689
35133,0.1,-0.11110945550337077,6.3604104425531904e-9,7.975218142817907e-5,0.00011109826202587744,0.11110945550337077,-0.11111028155354416
35134,0.1,-0.1111093050932026,8.199593222553235e-9,9.055160530080753e-5,0.00011010817634202355,0.1111093050932026,-0.11111029271537881
35135,0.25,-0.1111091588972388,1.018944786474638e-8,0.00010094279501156276,0.00010902444082202826,0.1111091588972388,-0.11111030159371667
35136,0.625,-0.11110902383269883,1.2152907590530281e-8,0.0001102402267347554,0.00010636097770629599,0.11110902383269883,-0.11111030400263404
35137,1.5625,-0.11110891866485678,1.3599174260253374e-8,0.00011661549751320951,9.94297020668222e-5,0.11110891866485678,-0.11111028925829204
35138,3.90625,-0.11110889252710801,1.3321941150884344e-8,0.00011542071369942374,8.145728003475834e-5,0.11110889252710801,-0.1111102365419973
35139,9.765625,-0.11110906411200197,9.254703768730334e-9,9.62013709295784e-5,3.801875324214282e-5,0.11110906411200197,-0.11111013967112676
35140,24.4140625,-0.11110980406832603,1.4003320681840542e-10,1.1833562727192746e-5,5.661518941833982e-5,0.11110980406832603,-0.1111101964749216
35141,9.765625,-0.11111084118817603,1.4761792111145932e-10,1.2149811566911617e-5,3.174497686863103e-5,0.11111084118817603,-0.11111019552401553
35142,3.90625,-0.11111122619642494,1.6859349132210725e-10,1.2984355637539633e-5,2.097861180472054e-5,0.11111122619642494,-0.11111019514218758
35143,1.5625,-0.1111115357500335,1.9484217867288902e-10,1.3958587989939706e-5,1.6366230100229017e-5,0.1111115357500335,-0.11111019505221029
35144,3.90625,-0.11111160566365434,1.9383776068282806e-10,1.3922563006962047e-5,1.4312989703511796e-5,0.11111160566365434,-0.11111019436777039
35145,9.765625,-0.11111111476049718,1.289669451088072e-10,1.1356361437925758e-5,9.777953368736905e-6,0.11111111476049718,-0.11111019303324336
35146,24.4140625,-0.11111024212066362,2.3851176348854037e-11,4.883766614904324e-6,9.2063003676196e-6,0.11111024212066362,-0.11111019287995366
35147,9.765625,-0.11111066973559418,4.769116144228992e-12,2.1838306125313364e-6,1.9344271208920237e-5,0.11111066973559418,-0.11111019339467433
35148,3.90625,-0.11111081696380146,1.9048718490765898e-12,1.3801709492220845e-6,2.0796359861731094e-5,0.11111081696380146,-0.11111019385202624
35149,1.5625,-0.11111093132690693,7.854787749166089e-12,2.802639425464162e-6,2.0467187291620122e-5,0.11111093132690693,-0.11111019425930446
35150,0.625,-0.11111103739446591,2.138385971378613e-11,4.624268559868266e-6,1.9966397665355762e-5,0.11111103739446591,-0.11111019464165606
35151,0.25,-0.11111114099591743,4.218971244669798e-11,6.495360840376613e-6,1.9591136984118726e-5,0.11111114099591743,-0.11111019501349048
35152,0.1,-0.11111124384949939,7.015865363926056e-11,8.376076267516942e-6,1.9342862845394996e-5,0.11111124384949939,-0.1111101953807866
35153,0.1,-0.11111134331935786,1.0496650067778104e-10,1.02453160360128e-5,1.9178204166974317e-5,0.11111134331935786,-0.1111101957373118
35154,0.1,-0.11111143906535181,1.4632370042032413e-10,1.2096433376013118e-5,1.9001756441304753e-5,0.11111143906535181,-0.11111019608207129
35155,0.1,-0.11111153076243392,1.93922551898004e-10,1.3925607774815576e-5,1.88130262945768e-5,0.11111153076243392,-0.11111019641409278
35156,0.1,-0.11111161810165156,2.474380943125918e-10,1.5730165107607477e-5,1.861165726682204e-5,0.11111161810165156,-0.11111019673243493
35157,0.25,-0.1111116887465942,3.046581057935547e-10,1.7454458049265085e-5,1.839924387345524e-5,0.1111116887465942,-0.11111019698216626
35158,0.625,-0.11111171527477355,3.598109436975766e-10,1.896868323573296e-5,1.7923779134989823e-5,0.11111171527477355,-0.11111019704151344
35159,1.5625,-0.11111163047301587,3.973695874363703e-10,1.993413121849985e-5,1.67419112778413e-5,0.11111163047301587,-0.11111019660548331
35160,3.90625,-0.11111129544067494,3.812578248923037e-10,1.952582456369778e-5,1.37914911499624e-5,0.11111129544067494,-0.11111019510622112
35161,9.765625,-0.1111105743854213,2.571907590772273e-10,1.603716805041424e-5,7.435051891637211e-6,0.1111105743854213,-0.11111019246138439
35162,24.4140625,-0.11111009212796807,5.1476212850597576e-11,7.174692526554541e-6,1.1278389235932752e-5,0.11111009212796807,-0.11111019214688739
35163,9.765625,-0.11111037668314738,1.0368846804541582e-11,3.2200693788397764e-6,2.7133971021243602e-5,0.11111037668314738,-0.1111101931581068
35164,3.90625,-0.1111104882416031,1.972995897823128e-12,1.4046337237241343e-6,2.981262204758566e-5,0.1111104882416031,-0.11111019411146579
35165,1.5625,-0.111110576158291,1.2380901456156011e-11,3.518650516342311e-6,2.9588848033002906e-5,0.111110576158291,-0.11111019496913731
35166,0.625,-0.11111065765032609,3.897920975104862e-11,6.24333322441215e-6,2.8991881119209463e-5,0.11111065765032609,-0.1111101957775149
35167,0.25,-0.11111073710324988,8.115721210241989e-11,9.008729771861285e-6,2.852767241351373e-5,0.11111073710324988,-0.11111019656603101
35168,0.1,-0.11111081589166505,1.38722775611296e-10,1.1778063321756086e-5,2.822577731346846e-5,0.11111081589166505,-0.11111019734725325
35169,0.1,-0.1111108932846635,2.1112984057825246e-10,1.4530307656008267e-5,2.8033271255110676e-5,0.1111108932846635,-0.11111019810868138
35170,0.1,-0.11111096907993377,2.97853060383375e-10,1.7258419985136966e-5,2.7817270816387678e-5,0.11111096907993377,-0.11111019884771096
35171,0.1,-0.11111104308093168,3.983200382481051e-10,1.995795676536316e-5,2.757778575554973e-5,0.11111104308093168,-0.11111019956182795
35172,0.1,-0.11111111509746598,5.119134333596812e-10,2.2625504046533e-5,2.7314900094991474e-5,0.11111111509746598,-0.11111020024862159
35173,0.25,-0.11111117954139044,6.34424782717825e-10,2.51877903500451e-5,2.7030496665765935e-5,0.11111117954139044,-0.11111020079284839
35174,0.625,-0.11111122342011508,7.546267472761465e-10,2.7470470459679907e-5,2.6356244269116066e-5,0.11111122342011508,-0.11111020093588038
35175,1.5625,-0.11111121393449717,8.415736802268622e-10,2.9009889352199574e-5,2.4630879390596752e-5,0.11111121393449717,-0.11111020002069943
35176,3.90625,-0.11111107961846993,8.199237565532606e-10,2.8634310827279582e-5,2.0211720576705448e-5,0.11111107961846993,-0.1111101967823286
35177,9.765625,-0.11111073122710828,5.63631417630363e-10,2.3740922847066478e-5,9.94482197658511e-6,0.11111073122710828,-0.11111019091521233
35178,24.4140625,-0.11111038802918564,1.1267099876628642e-10,1.0614659616129309e-5,1.5434861697965787e-5,0.11111038802918564,-0.1111101901330395
35179,9.765625,-0.11111046335718122,2.2604165292566414e-11,4.754383797356543e-6,3.9975850531680014e-5,0.11111046335718122,-0.11111019233446268
35180,3.90625,-0.11111046559155706,3.3119469476202823e-12,1.8198755308043136e-6,4.408587093661924e-5,0.11111046559155706,-0.11111019442435874
35181,1.5625,-0.11111046058647078,2.541747318782156e-11,5.041574475084303e-6,4.382576674487598e-5,0.11111046058647078,-0.11111019630779453
35182,0.625,-0.11111045393240204,8.325554555431523e-11,9.124447684891138e-6,4.298420054230254e-5,0.11111045393240204,-0.11111019808481135
35183,0.25,-0.11111044683196122,1.7553441301921656e-10,1.3248940071538423e-5,4.232741607423976e-5,0.11111044683196122,-0.11111019981992626
35184,0.1,-0.11111043962789136,3.018804150483251e-10,1.7374706185956788e-5,4.190562173566987e-5,0.11111043962789136,-0.11111020154080527
35185,0.1,-0.11111043199087263,4.611603899114079e-10,2.1474645280223093e-5,4.1642751741085897e-5,0.11111043199087263,-0.11111020322013242
35186,0.1,-0.1111104238659645,6.522735302320244e-10,2.5539646243282707e-5,4.1342828303019034e-5,0.1111104238659645,-0.11111020485190447
35187,0.1,-0.1111104152010494,8.740106947663735e-10,2.9563671875570084e-5,4.100609174191951e-5,0.1111104152010494,-0.11111020643033523
35188,0.1,-0.11111040594705847,1.1250593919019258e-9,3.354190501301209e-5,4.063285237935145e-5,0.11111040594705847,-0.11111020794987908
35189,0.25,-0.11111039430827999,1.396319187334796e-9,3.7367354566985286e-5,4.022576186196959e-5,0.11111039430827999,-0.11111020915645264
35190,0.625,-0.11111037628571464,1.6634073337733254e-9,4.078489099866917e-5,3.923622009431014e-5,0.11111037628571464,-0.11111020947835272
35191,1.5625,-0.11111034230760389,1.8588614715710576e-9,4.311451578727352e-5,3.667470707821798e-5,0.11111034230760389,-0.11111020745894126
35192,3.90625,-0.11111027450754563,1.8172846084607499e-9,4.262962125636058e-5,3.0059676000434647e-5,0.11111027450754563,-0.11111020027196154
35193,9.765625,-0.111110170267448,1.2571217132978635e-9,3.545591224743574e-5,1.4293613675070709e-5,0.111110170267448,-0.1111101871407452
35194,24.4140625,-0.1111102100793726,2.5501144101611273e-10,1.596907765076345e-5,2.20262111687855e-5,0.1111102100793726,-0.1111101851735124
35195,9.765625,-0.1111103665073016,5.2041486441975623e-11,7.213978544601836e-6,5.941499569130218e-5,0.1111103665073016,-0.11111019004025738
35196,3.90625,-0.11111046636117887,6.712600264315677e-12,2.5908686312346437e-6,6.573273643345336e-5,0.11111046636117887,-0.11111019469629635
35197,1.5625,-0.11111055518892912,5.3856160879433394e-11,7.338675689757205e-6,6.542428385651679e-5,0.11111055518892912,-0.11111019889999962
35198,0.625,-0.11111064072851813,1.808309776663965e-10,1.3447340914336801e-5,6.420664050084977e-5,0.11111064072851813,-0.11111020286809818
35199,0.25,-0.11111072523999742,3.8477780183439896e-10,1.9615753919602452e-5,6.324813460236199e-5,0.11111072523999742,-0.1111102067434566
35200,0.1,-0.11111080947591252,6.649010840496909e-10,2.5785675947116278e-5,6.2633585361926e-5,0.11111080947591252,-0.11111021058786935
35201,0.1,-0.11111089311464055,1.0187485988733577e-9,3.191784138806003e-5,6.225329700858576e-5,0.11111089311464055,-0.1111102143412837
35202,0.1,-0.11111097603904868,1.4439239495030722e-9,3.799899932239101e-5,6.181696014370504e-5,0.11111097603904868,-0.1111102179901501
35203,0.1,-0.11111105813284848,1.937785126524043e-9,4.402028085467019e-5,6.132496467734117e-5,0.11111105813284848,-0.11111022152140033
35204,0.1,-0.1111111392808768,2.497455567923309e-9,4.99745492018018e-5,6.077779567386103e-5,0.1111111392808768,-0.11111022492249972
35205,0.25,-0.11111121653146508,3.1028418438857896e-9,5.5703158293635285e-5,6.017919358405864e-5,0.11111121653146508,-0.11111022762827891
35206,0.625,-0.11111128283269764,3.6999775542797873e-9,6.0827440800018766e-5,5.8710160063670806e-5,0.11111128283269764,-0.11111022836479786
35207,1.5625,-0.11111131975565472,4.139318240889871e-9,6.433753368672031e-5,5.4890301052148215e-5,0.11111131975565472,-0.1111102238815513
35208,3.90625,-0.11111128350559392,4.0534785896933365e-9,6.366693482250686e-5,4.499527827358811e-5,0.11111128350559392,-0.11111020784946733
35209,9.765625,-0.11111109522708286,2.8138960326109773e-9,5.304616887778963e-5,2.119255797409565e-5,0.11111109522708286,-0.11111017841349588
35210,24.4140625,-0.11111073358275371,5.782859547232955e-10,2.4047576899207444e-5,3.219438329528538e-5,0.11111073358275371,-0.11111017364462566
35211,9.765625,-0.11111060974384396,1.1994558309781636e-10,1.0951967088053924e-5,8.865109448422329e-5,0.11111060974384396,-0.11111018447489304
35212,3.90625,-0.11111049045825075,1.4674391012083688e-11,3.8307167752372e-6,9.828179934766532e-5,0.11111049045825075,-0.11111019489739647
35213,1.5625,-0.11111037802631503,1.1658801350290226e-10,1.0797592949491209e-5,9.790012453799668e-5,0.11111037802631503,-0.11111020432104407
35214,0.625,-0.11111026829999744,3.9730586702432683e-10,1.9932532880302162e-5,9.611538066895211e-5,0.11111026829999744,-0.111110213219575
35215,0.25,-0.11111015971041877,8.504086560967566e-10,2.9161767026309577e-5,9.470001993650846e-5,0.11111015971041877,-0.11111022191066831
35216,0.1,-0.11111005169254233,1.4741274723215486e-9,3.839436771613186e-5,9.37914272843644e-5,0.11111005169254233,-0.11111023053262874
35217,0.1,-0.11110994429137618,2.2630550008128053e-9,4.7571577657387035e-5,9.322986653584415e-5,0.11110994429137618,-0.11111023895254403
35218,0.1,-0.11110983757598987,3.2118875153529372e-9,5.66735168782822e-5,9.258411606046993e-5,0.11110983757598987,-0.11111024713995249
35219,0.1,-0.11110973161457345,4.314770677758355e-9,6.568691405263574e-5,9.185478560361705e-5,0.11110973161457345,-0.11111025506546797
35220,0.1,-0.11110962647446843,5.565324157698353e-9,7.46011002445564e-5,9.104261912115011e-5,0.11110962647446843,-0.1111102627008943
35221,0.25,-0.11110952370466089,6.918953024705299e-9,8.318024419719685e-5,9.015309614858612e-5,0.11110952370466089,-0.11111026878525535
35222,0.625,-0.11110942719789559,8.255755208106287e-9,9.086118647753994e-5,8.796360738265427e-5,0.11110942719789559,-0.11111027047288102
35223,1.5625,-0.11110934783630176,9.243190231240559e-9,9.614151148822531e-5,8.22615554570876e-5,0.11110934783630176,-0.11111026049528414
35224,3.90625,-0.11110931598853407,9.06312164789461e-9,9.52004288220101e-5,6.747034082657396e-5,0.11110931598853407,-0.11111022466025056
35225,9.765625,-0.1111094156530541,6.310007872783636e-9,7.943555798748842e-5,3.1712995475273255e-5,0.1111094156530541,-0.11111015859384726
35226,24.4140625,-0.11111010720460122,9.354758499371472e-11,9.672000051370695e-6,4.6450449880744315e-5,0.11111010720460122,-0.11111019711752747
35227,9.765625,-0.11111073089972064,9.93509822399357e-11,9.967496287430244e-6,2.578508207323764e-5,0.11111073089972064,-0.11111019645109707
35228,3.90625,-0.11111095418193147,1.1275994499471391e-10,1.0618848571983401e-5,1.702370235533191e-5,0.11111095418193147,-0.11111019619287284
35229,1.5625,-0.11111113382852453,1.2949278108256447e-10,1.1379489491298125e-5,1.335273485335588e-5,0.11111113382852453,-0.11111019613445128
35230,3.90625,-0.1111111686160816,1.2867729966109173e-10,1.1343601705855673e-5,1.1744793574706194e-5,0.1111111686160816,-0.11111019568548755
35231,9.765625,-0.1111108686085462,8.669957888232842e-11,9.311260864261532e-6,8.25988434994215e-6,0.1111108686085462,-0.11111019479878764
35232,24.4140625,-0.11111035469849412,1.6143183910650604e-11,4.01785812475386e-6,7.908579988355577e-6,0.11111035469849412,-0.11111019469827899
35233,9.765625,-0.11111059567465825,3.3153196452292975e-12,1.8208019236669587e-6,1.5962676591463286e-5,0.11111059567465825,-0.1111101950441627
35234,3.90625,-0.11111067137616518,1.1068471256267899e-12,1.0520680232887938e-6,1.7220569879816247e-5,0.11111067137616518,-0.11111019535909925
35235,1.5625,-0.11111072861372323,4.81656125644095e-12,2.1946665478930847e-6,1.6992706068535527e-5,0.11111072861372323,-0.11111019564126905
35236,0.625,-0.11111078127335267,1.3605811931184967e-11,3.6886056893065932e-6,1.6603333227802604e-5,0.11111078127335267,-0.1111101959066818
35237,0.25,-0.11111083258905724,2.7265717813887567e-11,5.221658530954276e-6,1.630615705486229e-5,0.11111083258905724,-0.11111019616489483
35238,0.1,-0.11111088350317001,4.5717765991494594e-11,6.761491402900295e-6,1.610782792471232e-5,0.11111088350317001,-0.11111019641994661
35239,0.1,-0.11111093247008437,6.875771035516912e-11,8.292026914763911e-6,1.5975491760966284e-5,0.11111093247008437,-0.11111019666781254
35240,0.1,-0.11111097929900267,9.619867035447584e-11,9.808092085338302e-6,1.58337642818111e-5,0.11111097929900267,-0.11111019690782575
35241,0.1,-0.11111102380806197,1.278417968317383e-10,1.1306714678974539e-5,1.568223034404613e-5,0.11111102380806197,-0.1111101971393328
35242,0.1,-0.11111106582490886,1.6347676001733918e-10,1.2785803065014695e-5,1.5520586354736524e-5,0.11111106582490886,-0.11111019736169925
35243,0.25,-0.11111109828592204,2.0169966474865103e-10,1.4202100716043772e-5,1.5350072071998733e-5,0.11111109828592204,-0.11111019753850669
35244,0.625,-0.11111110554990525,2.3882429694901497e-10,1.5453941146161227e-5,1.4969252748949867e-5,0.11111110554990525,-0.1111101975886235
35245,1.5625,-0.11111104944459299,2.648385810174211e-10,1.6273861896225528e-5,1.4022494745244598e-5,0.11111104944459299,-0.11111019730746802
35246,3.90625,-0.11111085197784167,2.559789038007585e-10,1.599934073019131e-5,1.1654433834417745e-5,0.11111085197784167,-0.11111019630755237
35247,9.765625,-0.11111044260219899,1.7451719741447176e-10,1.3210495729323399e-5,6.549659539347189e-6,0.11111044260219899,-0.11111019451153525
35248,24.4140625,-0.11111020399171055,3.522950178815713e-11,5.93544453163848e-6,9.412053524733383e-6,0.11111020399171055,-0.11111019428213331
35249,9.765625,-0.11111038394375762,7.370068251415675e-12,2.7147869624365876e-6,2.246353152020053e-5,0.11111038394375762,-0.1111101949696946
35250,3.90625,-0.11111046133821005,1.4821777873313287e-12,1.2174472421141413e-6,2.4688718827989192e-5,0.11111046133821005,-0.1111101956229403
35251,1.5625,-0.11111052429239385,8.34010897929402e-12,2.8879246837987345e-6,2.4523349314710186e-5,0.11111052429239385,-0.11111019621255107
35252,0.625,-0.11111058326191028,2.6177162857261427e-11,5.116362267985079e-6,2.4043789112087794e-5,0.11111058326191028,-0.11111019676906658
35253,0.25,-0.11111064095731918,5.4580002753678334e-11,7.387828013271447e-6,2.3668816857289456e-5,0.11111064095731918,-0.11111019731221554
35254,0.1,-0.11111069823585239,9.34197484492167e-11,9.665389203193874e-6,2.342480729224478e-5,0.11111069823585239,-0.11111019785047342
35255,0.1,-0.11111075466673315,1.423325825209914e-10,1.1930321978932144e-5,2.3269418292580146e-5,0.11111075466673315,-0.11111019837542073
35256,0.1,-0.11111081012411506,2.009673152615935e-10,1.4176294130046593e-5,2.309471143975725e-5,0.11111081012411506,-0.11111019888528141
35257,0.1,-0.11111086448545154,2.689408170720032e-10,1.6399415144205698e-5,2.2900709399175712e-5,0.11111086448545154,-0.11111019937833945
35258,0.1,-0.1111109176318474,3.458394219794381e-10,1.8596758372884188e-5,2.2687493963271546e-5,0.1111109176318474,-0.11111019985295012
35259,0.25,-0.11111096614138954,4.288420427536599e-10,2.0708501702287877e-5,2.2456576751575884e-5,0.11111096614138954,-0.11111020023117481
35260,0.625,-0.11111100202462362,5.104123354697065e-10,2.2592306997509276e-5,2.1907632576599604e-5,0.11111100202462362,-0.11111020033790138
35261,1.5625,-0.11111100501200445,5.697447434814993e-10,2.3869326414490612e-5,2.050152077305002e-5,0.11111100501200445,-0.11111019972764345
35262,3.90625,-0.11111093035672794,5.560175168228873e-10,2.3580023681559085e-5,1.690224573554794e-5,0.11111093035672794,-0.11111019753941331
35263,9.765625,-0.11111071826795073,3.8348748657910154e-10,1.9582836530469776e-5,8.613057685880451e-6,0.11111071826795073,-0.11111019355056737
35264,24.4140625,-0.1111104801370018,7.740610512664439e-11,8.79807394414507e-6,1.2849915933514667e-5,0.1111104801370018,-0.11111019298978957
35265,9.765625,-0.11111049812414919,1.5775509242250623e-11,3.971839528763798e-6,3.3047264374981905e-5,0.11111049812414919,-0.11111019448975246
35266,3.90625,-0.11111047819082608,2.2834770001180196e-12,1.5111177982268687e-6,3.647279530376925e-5,0.11111047819082608,-0.1111101959205391
35267,1.5625,-0.11111045565997925,1.699068239478558e-11,4.121975545146475e-6,3.628018427301514e-5,0.11111045565997925,-0.11111019721230188
35268,0.625,-0.11111043271857397,5.603711557853584e-11,7.4857942516833735e-6,3.5598351417021276e-5,0.11111043271857397,-0.1111101984319455
35269,0.25,-0.11111040971266206,1.185439635282079e-10,1.0887789653010748e-5,3.506383989681405e-5,0.11111040971266206,-0.11111019962315401
35270,0.1,-0.11111038671824368,2.0426022183288378e-10,1.429196354014674e-5,3.4720613018003716e-5,0.11111038671824368,-0.1111102008047482
35271,0.1,-0.11111036356041461,3.124252456020239e-10,1.767555502953228e-5,3.450721265549368e-5,0.11111036356041461,-0.11111020195826372
35272,0.1,-0.11111034022386605,4.422979181845816e-10,2.1030880109605058e-5,3.426326642613442e-5,0.11111034022386605,-0.11111020307959817
35273,0.1,-0.11111031669485098,5.930631343951877e-10,2.4352887598705574e-5,3.3988974419476646e-5,0.11111031669485098,-0.1111102041647962
35274,0.1,-0.11111029296129778,7.638351535483374e-10,2.7637567793645254e-5,3.368459411055162e-5,0.11111029296129778,-0.11111020521006458
35275,0.25,-0.11111026834575907,9.484600159146628e-10,3.0797078041831546e-5,3.335224744467014e-5,0.11111026834575907,-0.11111020604274106
35276,0.625,-0.11111024143266376,1.1304311529994017e-9,3.362188503042924e-5,3.254153431907604e-5,0.11111024143266376,-0.11111020627397343
35277,1.5625,-0.11111020912642594,1.2640405647242048e-9,3.555334815069046e-5,3.043989657112108e-5,0.11111020912642594,-0.11111020491214348
35278,3.90625,-0.11111016743481066,1.2370805424882548e-9,3.517215578391883e-5,2.5011872496667042e-5,0.11111016743481066,-0.11111020002874127
35279,9.765625,-0.11111012959747503,8.57867043089885e-10,2.928936740678919e-5,1.2126951737475868e-5,0.11111012959747503,-0.11111019106959938
35280,24.4140625,-0.11111022413226022,1.7571458772646222e-10,1.325573791708565e-5,1.8205225217899437e-5,0.11111022413226022,-0.11111018965983961
35281,9.765625,-0.11111035127901976,3.630001708653785e-11,6.024949550538813e-6,4.911894608621915e-5,0.11111035127901976,-0.11111019298027812
35282,3.90625,-0.11111043955815474,4.5336937641721e-12,2.1292472294621166e-6,5.439898168716452e-5,0.11111043955815474,-0.11111019617098725
35283,1.5625,-0.11111051930951872,3.5948109745404254e-11,5.995674252776268e-6,5.4176795920031486e-5,0.11111051930951872,-0.11111019905597108
35284,0.625,-0.11111059642954516,1.2190011569866247e-10,1.1040838541463347e-5,5.3188158354976504e-5,0.11111059642954516,-0.11111020178070317
35285,0.25,-0.111110672705562,2.6043721809523787e-10,1.6138067359359915e-5,5.240617848839473e-5,0.111110672705562,-0.11111020444226591
35286,0.1,-0.11111074874163124,4.510224231269169e-10,2.1237288506937907e-5,5.1904852675070114e-5,0.11111074874163124,-0.11111020708285033
35287,0.1,-0.11111082432093526,6.920031498418011e-10,2.6305952745373073e-5,5.159539206656471e-5,0.11111082432093526,-0.11111020966177011
35288,0.1,-0.11111089935155166,9.817598809382482e-10,3.133304774416699e-5,5.123960557481773e-5,0.11111089935155166,-0.1111102121697423
35289,0.1,-0.11111097374202505,1.3185050181872128e-9,3.6311224410465876e-5,5.083781735773896e-5,0.11111097374202505,-0.11111021459781016
35290,0.1,-0.11111104740156295,1.7002903629167673e-9,4.123457727340936e-5,5.0390429435648774e-5,0.11111104740156295,-0.11111021693737849
35291,0.25,-0.11111111808478376,2.113482948863758e-9,4.5972632607495494e-5,4.9900447746615825e-5,0.11111111808478376,-0.11111021880331776
35292,0.625,-0.11111118038099893,2.5214314354719354e-9,5.021385700652695e-5,4.8693638433081354e-5,0.11111118038099893,-0.11111021932674378
35293,1.5625,-0.11111122001825895,2.822501219407085e-9,5.3127217312852786e-5,4.555077347971137e-5,0.11111122001825895,-0.11111021628885184
35294,3.90625,-0.11111120233152103,2.7667350972446597e-9,5.259976328126068e-5,3.740546443961211e-5,0.11111120233152103,-0.111110205359925
35295,9.765625,-0.11111106026639046,1.9251726501268088e-9,4.387678942364412e-5,1.7840123219097982e-5,0.11111106026639046,-0.11111018521878084
35296,24.4140625,-0.11111074700440512,3.994319435151008e-10,1.9985793542291504e-5,2.6522565801535647e-5,0.11111074700440512,-0.11111018179919908
35297,9.765625,-0.11111061956133374,8.388520794149713e-11,9.158886828730723e-6,7.332446004466541e-5,0.11111061956133374,-0.11111018919759638
35298,3.90625,-0.11111050432239518,1.0038458456288324e-11,3.168352640772224e-6,8.138247372799814e-5,0.11111050432239518,-0.11111019634834494
35299,1.5625,-0.11111039638787873,7.808244833504434e-11,8.836427351313672e-6,8.111332608496583e-5,0.11111039638787873,-0.11111020282242122
35300,0.625,-0.11111029117325916,2.6856287141029043e-10,1.638788794842979e-5,7.966066550926988e-5,0.11111029117325916,-0.11111020893841536
35301,0.25,-0.11111018703816691,5.770833169708847e-10,2.402255850176839e-5,7.850285679201601e-5,0.11111018703816691,-0.11111021491267714
35302,0.1,-0.11111008339963448,1.0024445567217262e-9,3.1661404844411535e-5,7.775934480817637e-5,0.11111008339963448,-0.11111022083983745
35303,0.1,-0.11110998032961834,1.5409904227934819e-9,3.9255450867280606e-5,7.730062335686875e-5,0.11110998032961834,-0.11111022662962093
35304,0.1,-0.11110987790283126,2.1891250363678666e-9,4.6788086479015856e-5,7.677220211679643e-5,0.11110987790283126,-0.11111023226111746
35305,0.1,-0.1111097761932099,2.9428748315208638e-9,5.424827030902335e-5,7.617458588582642e-5,0.1111097761932099,-0.11111023771414673
35306,0.1,-0.1111096752739177,3.797905259239545e-9,6.162714709638558e-5,7.550838947717689e-5,0.1111096752739177,-0.11111024296933797
35307,0.25,-0.11110957683606608,4.72387659281125e-9,6.873046335367782e-5,7.477803593371138e-5,0.11110957683606608,-0.11111024716541341
35308,0.625,-0.11110948509110226,5.639139636105371e-9,7.509420507672593e-5,7.297506899270058e-5,0.11110948509110226,-0.11111024835707727
35309,1.5625,-0.11110941164583261,6.317099842105991e-9,7.948018521685762e-5,6.827351284683264e-5,0.11110941164583261,-0.11111024157186367
35310,3.90625,-0.11110938784795475,6.199727586931981e-9,7.873834889640487e-5,5.60707305828748e-5,0.11110938784795475,-0.11111021708130939
35311,9.765625,-0.11110949449740343,4.325706764739051e-9,6.577010540313167e-5,2.6576200817162044e-5,0.11110949449740343,-0.11111017178041312
35312,24.4140625,-0.11110990671998057,9.063333127273174e-10,3.0105370164263344e-5,3.905626786761127e-5,0.11110990671998057,-0.1111101636709135
35313,9.765625,-0.11111016415622148,1.9201764170148535e-10,1.3857043035997447e-5,0.0001097274288026304,0.11111016415622148,-0.11111018024013111
35314,3.90625,-0.11111037011837074,2.134757343574095e-11,4.6203434326617915e-6,0.00012198100217156606,0.11111037011837074,-0.11111019632523035
35315,1.5625,-0.1111105604596158,1.6993191751418138e-10,1.3035793704802994e-5,0.00012165259559376354,0.1111105604596158,-0.11111021090285852
35316,0.625,-0.11111074579888078,5.939193014886458e-10,2.4370459607661193e-5,0.00011950791007159455,0.11111074579888078,-0.1111102246766272
35317,0.25,-0.11111092963861134,1.2833949576167576e-9,3.5824502196356584e-5,0.00011778763087754587,0.11111092963861134,-0.11111023813093676
35318,0.1,-0.11111111320411987,2.2356728288754666e-9,4.728290207755301e-5,0.00011668113474115476,0.11111111320411987,-0.11111025147879208
35319,0.1,-0.1111112961670182,3.4426321169316923e-9,5.867394751447777e-5,0.00011599851833114744,0.1111112961670182,-0.11111026451926853
35320,0.1,-0.11111147833312336,4.8962595686678125e-9,6.997327753269682e-5,0.00011521129116084781,0.11111147833312336,-0.11111027720526073
35321,0.1,-0.11111165950645219,6.587691459903794e-9,8.116459486687403e-5,0.00011432019144848797,0.11111165950645219,-0.1111102894912911
35322,0.1,-0.11111183948965057,8.507250728680839e-9,9.22347587880016e-5,0.00011332612191720576,0.11111183948965057,-0.11111030133368931
35323,0.25,-0.11111201391814024,1.0587187249269467e-8,0.00010289405837690273,0.000112235585680239,0.11111201391814024,-0.11111031080129154
35324,0.625,-0.11111217205463385,1.2645004734926704e-8,0.00011245000993742376,0.00010953917747107172,0.11111217205463385,-0.11111031352819851
35325,1.5625,-0.11111228504582664,1.4173890944098812e-8,0.00011905415130980865,0.00010250145236233163,0.11111228504582664,-0.11111029834539941
35326,3.90625,-0.1111122802864627,1.3924397040987572e-8,0.00011800168236507297,8.421870008603014e-5,0.1111122802864627,-0.11111024335435932
35327,9.765625,-0.11111200354993564,9.737704308002962e-9,9.86798069921246e-5,3.987972766383427e-5,0.11111200354993564,-0.11111014130998893
35328,24.4140625,-0.11111149004096187,1.4462991708246284e-10,1.2026217904331472e-5,5.668195696421762e-5,0.11111149004096187,-0.11111019979433967
35329,9.765625,-0.1111098933986856,1.5013954934702662e-10,1.2253144467728544e-5,3.281131763628988e-5,0.1111098933986856,-0.11111019893812173
35330,3.90625,-0.11110928697409608,1.7384607088634935e-10,1.3185069999296529e-5,2.1967954241021204e-5,0.11110928697409608,-0.11111019856912072
35331,1.5625,-0.11110879841407142,2.0353429994310858e-10,1.4266544779416935e-5,1.7153359489443432e-5,0.11110879841407142,-0.11111019848626699
35332,3.90625,-0.11110867662154753,2.0321681412686627e-10,1.4255413502486214e-5,1.4967250591982262e-5,0.11110867662154753,-0.11111019776750423
35333,9.765625,-0.11110942135012711,1.3285632644161338e-10,1.1526331872786476e-5,1.0067345194349202e-5,0.11110942135012711,-0.11111019637608534
35334,24.4140625,-0.11111079803435382,2.558570085896629e-11,5.058231000949471e-6,9.20349633266001e-6,0.11111079803435382,-0.11111019618114058
35335,9.765625,-0.11111015425358013,5.2421168563577805e-12,2.2895669582604002e-6,1.9933502324847507e-5,0.11111015425358013,-0.11111019673162434
35336,3.90625,-0.11110992366749724,2.6109236871944166e-12,1.6158352908617935e-6,2.1310291838996604e-5,0.11110992366749724,-0.11111019720761203
35337,1.5625,-0.11110974292451244,9.190069851059264e-12,3.0315127990921073e-6,2.092714179175969e-5,0.11110974292451244,-0.11111019763096228
35338,0.625,-0.11110957489831494,2.3724575043891138e-11,4.870787928445575e-6,2.039932399330507e-5,0.11110957489831494,-0.11111019802875262
35339,0.25,-0.11110941068958216,4.591891232140657e-11,6.7763494834170535e-6,2.0011509649452857e-5,0.11110941068958216,-0.11111019841598958
35340,0.1,-0.11110924766008307,7.566531057340222e-11,8.698580951707136e-6,1.9757915563034747e-5,0.11110924766008307,-0.1111101987988066
35341,0.1,-0.11110908972518602,1.1259754426752118e-10,1.0611199002352241e-5,1.959144588811195e-5,0.11110908972518602,-0.11111019917039625
35342,0.1,-0.1111089374014414,1.5640079708403608e-10,1.2506030428718622e-5,1.941246598248572e-5,0.1111089374014414,-0.11111019952969706
35343,0.1,-0.11110879118300106,2.067402438848555e-10,1.43784645871823e-5,1.9220534962528864e-5,0.11110879118300106,-0.11111019987567614
35344,0.1,-0.11110865154013057,2.632622955782178e-10,1.6225359644033096e-5,1.9015349839455673e-5,0.11110865154013057,-0.11111020020733677
35345,0.25,-0.1111085370196382,3.234651168602176e-10,1.7985135997823803e-5,1.8798521948983222e-5,0.1111085370196382,-0.11111020046641636
35346,0.625,-0.11110848892903512,3.808792909243635e-10,1.9516128994356528e-5,1.830968061894013e-5,0.11110848892903512,-0.11111020052450868
35347,1.5625,-0.11110860874520123,4.183703565118428e-10,2.0454103659457748e-5,1.7094971555419428e-5,0.11110860874520123,-0.11111020006303815
35348,3.90625,-0.11110910746765251,3.975711003442122e-10,1.993918504714303e-5,1.4091034657094426e-5,0.11110910746765251,-0.11111019850223512
35349,9.765625,-0.11111019962370085,2.6604938619379913e-10,1.631102039094425e-5,7.836453910819277e-6,0.11111019962370085,-0.111110195782134
35350,24.4140625,-0.11111098034253385,5.5313396711698157e-11,7.437297675345404e-6,1.1559101981709346e-5,0.11111098034253385,-0.1111101953977335
35351,9.765625,-0.11111056717956685,1.1331434868158407e-11,3.36621967021738e-6,2.7559986171937787e-5,0.11111056717956685,-0.11111019644144923
35352,3.90625,-0.11111040805387966,1.9091514397096884e-12,1.381720463664662e-6,3.0394621228427397e-5,0.11111040805387966,-0.11111019743508303
35353,1.5625,-0.11111028374219446,1.2077955065102262e-11,3.4753352449946843e-6,3.0213268256501455e-5,0.11111028374219446,-0.1111101983314534
35354,0.625,-0.11111016892332518,3.909122651170514e-11,6.252297698582909e-6,2.9626829031559074e-5,0.11111016892332518,-0.11111019917691116
35355,0.25,-0.11111005715449937,8.231066014606778e-11,9.072522259331624e-6,2.9164993332924626e-5,0.11111005715449937,-0.11111020000171715
35356,0.1,-0.11110994641883243,1.415399990852072e-10,1.1897058421526189e-5,2.8863905527988294e-5,0.11110994641883243,-0.1111102008189479
35357,0.1,-0.1111098377509289,2.162250166164707e-10,1.4704591684792567e-5,2.8672196117671032e-5,0.1111098377509289,-0.11111020161589753
35358,0.1,-0.11110973144197349,3.05829165161561e-10,1.7487972013974664e-5,2.8456391952089535e-5,0.11110973144197349,-0.11111020238983595
35359,0.1,-0.11110962777423035,4.0976645193220197e-10,2.024268885134092e-5,2.821651508821289e-5,0.11110962777423035,-0.1111102031381284
35360,0.1,-0.11110952702023015,5.274036534499435e-10,2.296527059387595e-5,2.7952660952651747e-5,0.11110952702023015,-0.11111020385824584
35361,0.25,-0.11110943721862145,6.544128975819796e-10,2.5581495217871445e-5,2.766665884177912e-5,0.11110943721862145,-0.11111020443118684
35362,0.625,-0.11110937705759148,7.792305255828405e-10,2.791470088650137e-5,2.6985240449379022e-5,0.11110937705759148,-0.1111102045893688
35363,1.5625,-0.11110939370069796,8.6997800623877e-10,2.9495389575978988e-5,2.523749013332679e-5,0.11110939370069796,-0.11111020365212348
35364,3.90625,-0.11110958987813903,8.491017559039927e-10,2.9139350643142214e-5,2.0756092631157636e-5,0.11110958987813903,-0.11111020030390295
35365,9.765625,-0.11111009369818732,5.868426203475597e-10,2.422483478473196e-5,1.0316852641632623e-5,0.11111009369818732,-0.11111019419005866
35366,24.4140625,-0.11111058619215691,1.2055272085200247e-10,1.097965030645341e-5,1.5423854070479047e-5,0.11111058619215691,-0.11111019323800143
35367,9.765625,-0.11111046149741606,2.484824243425714e-11,4.984801142899999e-6,4.0727360936183425e-5,0.11111046149741606,-0.11111019551983672
35368,3.90625,-0.11111044348059733,3.170051484996361e-12,1.7804638398452133e-6,4.507382060735811e-5,0.11111044348059733,-0.11111019771011127
35369,1.5625,-0.11111043711070448,2.4767072748495895e-11,4.976652765513774e-6,4.4878083671195385e-5,0.11111043711070448,-0.11111019969000235
35370,0.625,-0.11111043362016143,8.369006281047029e-11,9.148227304263395e-6,4.405172371711529e-5,0.11111043362016143,-0.11111020155949264
35371,0.25,-0.11111043103135078,1.7858162266676647e-10,1.336344351829896e-5,4.339767134752814e-5,0.11111043103135078,-0.11111020338514561
35372,0.1,-0.11111042876564829,3.090555069765174e-10,1.7579974601134024e-5,4.297637711004488e-5,0.11111042876564829,-0.11111020519587363
35373,0.1,-0.1111104272746774,4.739626799125572e-10,2.1770683956011974e-5,4.271415993186846e-5,0.1111104272746774,-0.11111020696382955
35374,0.1,-0.11111042664245178,6.721785707006117e-10,2.5926406822014727e-5,4.2414035767385673e-5,0.11111042664245178,-0.11111020868271222
35375,0.1,-0.11111042694824667,9.024652781061346e-10,3.004105986988699e-5,4.207624763846111e-5,0.11111042694824667,-0.11111021034644229
35376,0.1,-0.11111042826631445,1.163476663977241e-9,3.4109773730959295e-5,4.170110842719807e-5,0.11111042826631445,-0.11111021194918795
35377,0.25,-0.1111104332817373,1.4458749661912402e-9,3.8024662604568104e-5,4.129120403521435e-5,0.1111104332817373,-0.11111021322756387
35378,0.625,-0.11111044801799179,1.7245890477266087e-9,4.152817173590247e-5,4.0290021107438485e-5,0.11111044801799179,-0.11111021358757105
35379,1.5625,-0.11111048704675987,1.930145135171437e-9,4.393341706686878e-5,3.769205759770626e-5,0.11111048704675987,-0.11111021151263883
35380,3.90625,-0.11111057862584096,1.8917899271196906e-9,4.3494711484497634e-5,3.097150864585444e-5,0.11111057862584096,-0.11111020404373759
35381,9.765625,-0.11111073549519439,1.31668514670584e-9,3.628615640579531e-5,1.4889976751077037e-5,0.11111073549519439,-0.11111019027492004
35382,24.4140625,-0.11111072800087018,2.7367540507201924e-10,1.654313770335057e-5,2.2038340997034247e-5,0.11111072800087018,-0.11111018792530485
35383,9.765625,-0.11111054036021353,5.734002986457228e-11,7.572319979013848e-6,6.071371189770837e-5,0.11111054036021353,-0.11111019299827861
35384,3.90625,-0.11111042602943204,6.526115614760381e-12,2.5546263160705873e-6,6.738969525024654e-5,0.11111042602943204,-0.11111019790352306
35385,1.5625,-0.11111032543624187,5.2869517384641376e-11,7.27114278395366e-6,6.717124712445825e-5,0.11111032543624187,-0.11111020234505953
35386,0.625,-0.11111022903884277,1.8303092318798412e-10,1.352889216410509e-5,6.597028665439931e-5,0.11111022903884277,-0.11111020654077781
35387,0.25,-0.1111101341157348,3.939862209274118e-10,1.984908614842033e-5,6.501159306379723e-5,0.1111101341157348,-0.11111021063889219
35388,0.1,-0.11111003977492788,6.849036592831676e-10,2.6170664097098638e-5,6.4394910449461e-5,0.11111003977492788,-0.11111021470429909
35389,0.1,-0.11110994641141346,1.0532783048366466e-9,3.2454249411080925e-5,6.401356664829927e-5,0.11110994641141346,-0.11111021867539758
35390,0.1,-0.11110985415254088,1.4966447223451243e-9,3.868649276356186e-5,6.357481618558731e-5,0.11110985415254088,-0.111110222537908
35391,0.1,-0.11110976312266287,2.0122799085410757e-9,4.485844300174802e-5,6.307905266022772e-5,0.11110976312266287,-0.1111102262780498
35392,0.1,-0.11110967344289852,2.597214634157256e-9,5.0962875057803166e-5,6.252676487334477e-5,0.11110967344289852,-0.11111022988259105
35393,0.25,-0.11110958852674849,3.2307182057806264e-9,5.6839407155428936e-5,6.192161701916033e-5,0.11110958852674849,-0.11111023276248337
35394,0.625,-0.1111095164416889,3.857004258488418e-9,6.210478450561131e-5,6.0430556762242344e-5,0.1111095164416889,-0.11111023358706859
35395,1.5625,-0.11110947814469029,4.321249186740281e-9,6.573620909924971e-5,5.654540129922665e-5,0.11110947814469029,-0.11111022895433278
35396,3.90625,-0.11110952323059949,4.242112117581675e-9,6.513149865911022e-5,4.6466116400895574e-5,0.11110952323059949,-0.11111021220425853
35397,9.765625,-0.1111097412274236,2.962197036690963e-9,5.44260694584035e-5,2.2138823862795412e-5,0.1111097412274236,-0.11111018118526962
35398,24.4140625,-0.11111015939449084,6.228483395729366e-10,2.4956929690427398e-5,3.232540395938493e-5,0.11111015939449084,-0.1111101755500449
35399,9.765625,-0.11111029876431341,1.3239293805630564e-10,1.1506213019769174e-5,9.083595838658177e-5,0.11111029876431341,-0.11111018689998703
35400,3.90625,-0.11111043207052791,1.4464393033031201e-11,3.8032082552801657e-6,0.00010101560327255692,0.11111043207052791,-0.11111019793423847
35401,1.5625,-0.11111055791306527,1.1531306586850089e-10,1.0738392145405237e-5,0.00010076234976633412,0.11111055791306527,-0.11111020793866355
35402,0.625,-0.11111068114040372,4.04861959858588e-10,2.012118187032233e-5,9.899575424820053e-5,0.11111068114040372,-0.11111021739246685
35403,0.25,-0.11111080359159785,8.763008524907023e-10,2.9602379169429983e-5,9.757565179865442e-5,0.11111080359159785,-0.11111022662703407
35404,0.1,-0.11111092593816234,1.5277806128325562e-9,3.908683426465433e-5,9.66613472836221e-5,0.11111092593816234,-0.11111023578832725
35405,0.1,-0.11111104803953574,2.353751227072136e-9,4.8515474099220506e-5,9.60968604584152e-5,0.11111104803953574,-0.11111024473913418
35406,0.1,-0.1111111697849859,3.3487302929710708e-9,5.786821487631246e-5,9.544586411239368e-5,0.1111111697849859,-0.11111025344717812
35407,0.1,-0.11111129106137947,4.50665350394439e-9,6.713161329764384e-5,9.470897083005609e-5,0.11111129106137947,-0.11111026188129866
35408,0.1,-0.11111141175339379,5.820900042687204e-9,7.629482317095443e-5,9.388692912387985e-5,0.11111141175339379,-0.11111027001157076
35409,0.25,-0.11111152950799479,7.2451739541184195e-9,8.51185875947106e-5,9.29851223177695e-5,0.11111152950799479,-0.1111102765162833
35410,0.625,-0.11111163841718212,8.654750545869237e-9,9.303091177597496e-5,9.075608805623281e-5,0.11111163841718212,-0.11111027840651191
35411,1.5625,-0.11111172221081697,9.703190640408321e-9,9.850477470868263e-5,8.493884449244783e-5,0.11111172221081697,-0.11111026803357918
35412,3.90625,-0.11111173776242908,9.536053693193087e-9,9.765271984534321e-5,6.982704046193437e-5,0.11111173776242908,-0.11111023038824634
35413,9.765625,-0.1111115808718102,6.675082579026325e-9,8.17011785657118e-5,3.3188008069774336e-5,0.1111115808718102,-0.11111016043362382
35414,24.4140625,-0.11111099841489823,9.663958468006024e-11,9.830543458022056e-6,4.6818357666818815e-5,0.11111099841489823,-0.11111020049224482
35415,9.765625,-0.1111100781647184,1.0196602538817006e-10,1.00978228043559e-5,2.6373834343007694e-5,0.1111100781647184,-0.11111019984126674
35416,3.90625,-0.11110973813922807,1.164462784008984e-10,1.0791027680480594e-5,1.7495735359911386e-5,0.11110973813922807,-0.11111019958028504
35417,1.5625,-0.11110946391717279,1.3447560517542872e-10,1.1596361721480955e-5,1.3707564150731731e-5,0.11110946391717279,-0.11111019952140164
35418,3.90625,-0.11110940177247298,1.3381423237615386e-10,1.156781018067611e-5,1.203220509644603e-5,0.11110940177247298,-0.11111019905286523
35419,9.765625,-0.1111098357744188,8.955236997521772e-11,9.46321139863301e-6,8.376143354636498e-6,0.1111098357744188,-0.11111019813148233
35420,24.4140625,-0.11111061624879916,1.7186450981387913e-11,4.145654469608859e-6,7.936182494615751e-6,0.11111061624879916,-0.11111019800986371
35421,9.765625,-0.11111026654564472,3.595013360325147e-12,1.8960520457849113e-6,1.635166173173499e-5,0.11111026654564472,-0.1111101983741747
35422,3.90625,-0.11111014989496644,1.3309990709665835e-12,1.1536893303513661e-6,1.761171554753563e-5,0.11111014989496644,-0.11111019870252227
35423,1.5625,-0.11111006022034443,5.247953371450749e-12,2.290841192979284e-6,1.736927747122341e-5,0.11111006022034443,-0.11111019899679953
35424,0.625,-0.11110997733208691,1.4481634615385667e-11,3.805474295720005e-6,1.6969318100438287e-5,0.11110997733208691,-0.1111101992737641
35425,0.25,-0.11110989646268288,2.8820138844203058e-11,5.368439144127747e-6,1.6666015124725676e-5,0.11110989646268288,-0.11111019954334306
35426,0.1,-0.11110981621177886,4.818505677372929e-11,6.941545704936999e-6,1.646449021787144e-5,0.11110981621177886,-0.1111101998097179
35427,0.1,-0.1111097387786298,7.235596823351664e-11,8.506231141552446e-6,1.6330608578059293e-5,0.1111097387786298,-0.11111020006862429
35428,0.1,-0.11110966444251273,1.0113507966744755e-10,1.0056593840234751e-5,1.6186902106438826e-5,0.11110966444251273,-0.11111020031935584
35429,0.1,-0.11110959347001116,1.3431177808710734e-10,1.1589295840865715e-5,1.6032976362591618e-5,0.11110959347001116,-0.11111020056122173
35430,0.1,-0.11110952611419246,1.71663239727474e-10,1.3102031893087193e-5,1.5868548719486367e-5,0.11110952611419246,-0.11111020079355276
35431,0.25,-0.11110947257964864,2.116727781515335e-10,1.4548978594785735e-5,1.5694870023295553e-5,0.11110947257964864,-0.11111020097813538
35432,0.625,-0.11110945551969698,2.5037609298118816e-10,1.5823276935615713e-5,1.530539491017356e-5,0.11110945551969698,-0.11111020103000972
35433,1.5625,-0.11110953038641128,2.770911259123051e-10,1.6646054364692706e-5,1.4336716709719418e-5,0.11110953038641128,-0.11111020073571387
35434,3.90625,-0.11110981141723382,2.669123530091598e-10,1.6337452463868404e-5,1.1921929530001601e-5,0.11110981141723382,-0.11111019969405156
35435,9.765625,-0.11111040806029086,1.818261763785505e-10,1.3484293692238777e-5,6.766796616474424e-6,0.11111040806029086,-0.11111019782610226
35436,24.4140625,-0.11111079319491267,3.769202658751422e-11,6.139383241622421e-6,9.531221196749427e-6,0.11111079319491267,-0.11111019755173737
35437,9.765625,-0.11111054649167947,8.005498724874815e-12,2.829399004183541e-6,2.2893083116912613e-5,0.11111054649167947,-0.1111101982659063
35438,3.90625,-0.11111044320385541,1.451002785010737e-12,1.2045757697258968e-6,2.5238804580060296e-5,0.11111044320385541,-0.11111019895022772
35439,1.5625,-0.11111036008102751,8.240617623831576e-12,2.870647596594116e-6,2.5101743988151796e-5,0.11111036008102751,-0.11111019956926407
35440,0.625,-0.11111028253224191,2.651436703086883e-11,5.149210330804989e-6,2.4626256196981027e-5,0.11111028253224191,-0.11111020015384832
35441,0.25,-0.11111020678779919,5.583745926366255e-11,7.472446671851366e-6,2.4250174950778118e-5,0.11111020678779919,-0.11111020072441703
35442,0.1,-0.11111013165838461,9.607606030682924e-11,9.801839638906017e-6,2.4004705818241556e-5,0.11111013165838461,-0.11111020128984131
35443,0.1,-0.11111005772264003,1.4685776692706602e-10,1.2118488640381936e-5,2.3848380007972517e-5,0.11111005772264003,-0.11111020184149466
35444,0.1,-0.11110998515171265,2.078210077709577e-10,1.4415998327239002e-5,2.3672238446619745e-5,0.11110998515171265,-0.11111020237750992
35445,0.1,-0.1111099141118362,2.7857067700878057e-10,1.6690436693171947e-5,2.347630877655227e-5,0.1111099141118362,-0.11111020289608349
35446,0.1,-0.11110984476387324,3.5867959681852173e-10,1.893883831755585e-5,2.3260677563499655e-5,0.11110984476387324,-0.11111020339548455
35447,0.25,-0.11110978176715176,4.452347542518006e-10,2.110058658549095e-5,2.302683897922598e-5,0.11110978176715176,-0.11111020379472293
35448,0.625,-0.11110973599428038,5.304431407365643e-10,2.3031351257287627e-5,2.246929542322481e-5,0.11110973599428038,-0.11111020391150313
35449,1.5625,-0.111109735007163,5.927747178107666e-10,2.4346965269017956e-5,2.10388557984046e-5,0.111109735007163,-0.11111020328137111
35450,3.90625,-0.11110983955251734,5.795914640172251e-10,2.4074705896796023e-5,1.73724842788106e-5,0.11110983955251734,-0.11111020100293652
35451,9.765625,-0.11111013018622928,4.0175346791116147e-10,2.004378876138844e-5,8.888192364765895e-6,0.11111013018622928,-0.1111101968198052
35452,24.4140625,-0.11111045008592078,8.286957057884987e-11,9.103272520300042e-6,1.2896583167453856e-5,0.11111045008592078,-0.11111019615427327
35453,9.765625,-0.11111041216017545,1.7246663459161972e-11,4.152910239718885e-6,3.377439660532855e-5,0.11111041216017545,-0.11111019771952123
35454,3.90625,-0.11111042766124209,2.2124295709697776e-12,1.487423803416423e-6,3.738459150423098e-5,0.11111042766124209,-0.1111101992261061
35455,1.5625,-0.11111044766637578,1.6815600613969794e-11,4.100682944823922e-6,3.7234325390721315e-5,0.11111044766637578,-0.11111020058955069
35456,0.625,-0.1111104686133586,5.698320158085005e-11,7.548721850806933e-6,3.655779580735815e-5,0.1111104686133586,-0.11111020187760871
35457,0.25,-0.11111048983517874,1.21786265557343e-10,1.1035681472267267e-5,3.6021016195000805e-5,0.11111048983517874,-0.11111020313571095
35458,0.1,-0.11111051116085158,2.1096214747192535e-10,1.4524536050143749e-5,3.567528532035855e-5,0.11111051116085158,-0.11111020438364023
35459,0.1,-0.11111053281680289,3.237306317884572e-10,1.799251599383636e-5,3.546037409174081e-5,0.11111053281680289,-0.11111020560239653
35460,0.1,-0.11111055482868888,4.593267086303886e-10,2.143190865579612e-5,3.521414719395568e-5,0.11111055482868888,-0.11111020678765728
35461,0.1,-0.11111057721956873,6.169076618204349e-10,2.4837625929634156e-5,3.493680691544449e-5,0.11111057721956873,-0.11111020793525067
35462,0.1,-0.11111060000977724,7.955565252206128e-10,2.820561159096914e-5,3.46286133009526e-5,0.11111060000977724,-0.11111020904117375
35463,0.25,-0.11111062422551292,9.889067395236083e-10,3.1446887596765574e-5,3.42916687182911e-5,0.11111062422551292,-0.11111020992524333
35464,0.625,-0.1111106520612166,1.1798529481404075e-9,3.434898758537735e-5,3.346716084481894e-5,0.1111106520612166,-0.11111021018089735
35465,1.5625,-0.11111068849480334,1.3209672312049094e-9,3.6345112892999926e-5,3.1326143797332485e-5,0.11111068849480334,-0.1111102087695583
35466,3.90625,-0.11111074122210442,1.2955616271740502e-9,3.599391097358066e-5,2.5788644309822347e-5,0.11111074122210442,-0.11111020366189898
35467,9.765625,-0.11111079929723154,9.029962312939169e-10,3.0049895695225247e-5,1.259019910779367e-5,0.11111079929723154,-0.11111019422203129
35468,24.4140625,-0.11111070866064537,1.8862527884277842e-10,1.3734091846306345e-5,1.831723757255826e-5,0.11111070866064537,-0.11111019257546532
35469,9.765625,-0.11111056238681903,3.976630519920647e-11,6.306053060291078e-6,5.032643089480913e-5,0.11111056238681903,-0.11111019605686741
35470,3.90625,-0.11111046347976748,4.453712824969392e-12,2.1103821514051413e-6,5.5886233281930834e-5,0.11111046347976748,-0.11111019943115313
35471,1.5625,-0.11111037466683114,3.5818654885052305e-11,5.9848688277231524e-6,5.572336165889892e-5,0.11111037466683114,-0.11111020248909745
35472,0.625,-0.11111028904164758,1.2470440917760462e-10,1.1167112839834861e-5,5.473881108601258e-5,0.11111028904164758,-0.11111020537878075
35473,0.25,-0.11111020454660417,2.6903684858317657e-10,1.640234277727351e-5,5.395081702004512e-5,0.11111020454660417,-0.11111020820162462
35474,0.1,-0.11111012049447044,4.682494002613547e-10,2.1639071150614454e-5,5.3444062191834356e-5,0.11111012049447044,-0.11111021100214914
35475,0.1,-0.11111003713632944,7.20636492356476e-10,2.6844673444772542e-5,5.313122280087879e-5,0.11111003713632944,-0.11111021373826492
35476,0.1,-0.11110995456906259,1.024516691304754e-9,3.200807228348427e-5,5.277084134995431e-5,0.11110995456906259,-0.11111021640015624
35477,0.1,-0.1111098728877502,1.3780316231723826e-9,3.712184832645571e-5,5.236324625673413e-5,0.1111098728877502,-0.11111021897834764
35478,0.1,-0.11110979218551925,1.7791537129404767e-9,4.218001556354e-5,5.190884439919377e-5,0.11110979218551925,-0.11111022146373917
35479,0.25,-0.11110971494831329,2.2137107051933815e-9,4.705008719644823e-5,5.141062453562612e-5,0.11110971494831329,-0.11111022345261423
35480,0.625,-0.11110964711640496,2.6435430791951105e-9,5.1415397296871205e-5,5.018027378394394e-5,0.11110964711640496,-0.1111102240325376
35481,1.5625,-0.11110960429922033,2.962703030000015e-9,5.443071770608959e-5,4.6971477095566275e-5,0.11110960429922033,-0.11111022086967785
35482,3.90625,-0.11110962440814086,2.9100646249308295e-9,5.39450148292762e-5,3.864536636988087e-5,0.11110962440814086,-0.11111020938961008
35483,9.765625,-0.11110978175555955,2.0346713337694065e-9,4.51073312641017e-5,1.8582920232974582e-5,0.11110978175555955,-0.11111018808445065
35484,24.4140625,-0.11111013498412214,4.2998229710486854e-10,2.073601449422884e-5,2.6771722589722166e-5,0.11111013498412214,-0.11111018412637741
35485,9.765625,-0.11111027955255602,9.200306589284495e-11,9.591822866006489e-6,7.529568691649054e-5,0.11111027955255602,-0.11111019191771249
35486,3.90625,-0.11111040856851903,9.971801778308194e-12,3.1578159823378237e-6,8.378134864381292e-5,0.11111040856851903,-0.11111019951015806
35487,1.5625,-0.11111052941235319,7.828637664978998e-11,8.84795889738362e-6,8.35970394099668e-5,0.11111052941235319,-0.11111020639915495
35488,0.625,-0.11111064745969666,2.7626598777781857e-10,1.6621251089428213e-5,8.214612611650455e-5,0.11111064745969666,-0.11111021291066799
35489,0.25,-0.11111076462689942,5.992292693653905e-10,2.4479159899093566e-5,8.097647522113716e-5,0.11111076462689942,-0.11111021927172246
35490,0.1,-0.11111088160016165,1.0459112013555027e-9,3.2340550418252045e-5,8.022326502865589e-5,0.11111088160016165,-0.11111022558256653
35491,0.1,-0.11111099823396504,1.6125234325828341e-9,4.015623777923966e-5,7.975867916772053e-5,0.11111099823396504,-0.11111023174932569
35492,0.1,-0.11111111442093498,2.295318104789827e-9,4.7909478235416286e-5,7.922237988739161e-5,0.11111111442093498,-0.11111023774979259
35493,0.1,-0.1111112300522961,3.090147272414537e-9,5.558909310660264e-5,7.86148770416524e-5,0.1111112300522961,-0.11111024356252346
35494,0.1,-0.11111134501806331,3.9924802721789244e-9,6.318607656896355e-5,7.793679250445115e-5,0.11111134501806331,-0.11111024916692132
35495,0.25,-0.11111145697644623,4.970617611525958e-9,7.050260712573655e-5,7.719253381029099e-5,0.11111145697644623,-0.11111025365601677
35496,0.625,-0.11111156009539376,5.9391177325829294e-9,7.706567155733433e-5,7.53500630410867e-5,0.11111156009539376,-0.11111025497786733
35497,1.5625,-0.11111163844865247,6.660573723045949e-9,8.161233805648475e-5,7.053841916933972e-5,0.11111163844865247,-0.11111024787938886
35498,3.90625,-0.11111165044949507,6.5491386183639365e-9,8.092674847270176e-5,5.803589665885491e-5,0.11111165044949507,-0.11111022204103393
35499,9.765625,-0.11111149871416766,4.589691968745511e-9,6.77472653968078e-5,2.7738029024557637e-5,0.11111149871416766,-0.1111101739378373
35500,24.4140625,-0.11111101900614294,6.67917441812353e-11,8.17262162229693e-6,3.872399148047265e-5,0.11111101900614294,-0.11111020138466775
35501,9.765625,-0.11111011541413711,6.99639450760841e-11,8.364445293985973e-6,2.217761640232139e-5,0.11111011541413711,-0.11111020096394054
35502,3.90625,-0.11110977670310727,8.023278860573418e-11,8.957275735720888e-6,1.49063175935655e-5,0.11110977670310727,-0.11111020079489523
35503,1.5625,-0.11110950337000636,9.308003716421374e-11,9.64779960220017e-6,1.1789180996479984e-5,0.11110950337000636,-0.11111020076254904
35504,3.90625,-0.11110943720635708,9.273309770889952e-11,9.629802578916119e-6,1.0409087929623203e-5,0.11110943720635708,-0.11111020044409123
35505,9.765625,-0.11110985801100469,6.161782452685951e-11,7.849702193514065e-6,7.424616193077975e-6,0.11110985801100469,-0.11111019981348012
35506,24.4140625,-0.1111106267614732,1.1964064366480601e-11,3.4589108641999727e-6,7.00385644514869e-6,0.1111106267614732,-0.11111019973059315
35507,9.765625,-0.11111027641773051,2.5651656318930584e-12,1.601613446463615e-6,1.3830724841743272e-5,0.11111027641773051,-0.11111019998911416
35508,3.90625,-0.11111015477584425,1.0977562593767623e-12,1.0477386407767742e-6,1.482655269785346e-5,0.11111015477584425,-0.11111020022041719
35509,1.5625,-0.11111006019383167,3.88978215478907e-12,1.97225306560519e-6,1.4611331559414479e-5,0.11111006019383167,-0.11111020042820459
35510,0.625,-0.11110997246783491,1.0350799168423512e-11,3.2172657907644984e-6,1.4276924126597986e-5,0.11110997246783491,-0.11111020062416203
35511,0.25,-0.11110988678988785,2.033760379263135e-11,4.5097232501153935e-6,1.4025722708890419e-5,0.11110988678988785,-0.11111020081510424
35512,0.1,-0.11110980174109747,3.379731073021771e-11,5.8135454526663604e-6,1.3859473051190141e-5,0.11110980174109747,-0.11111020100387989
35513,0.1,-0.11110971949035157,5.057239728006969e-11,7.111427232283945e-6,1.3749256941642096e-5,0.11110971949035157,-0.11111020118747923
35514,0.1,-0.11110964031822977,7.052360486420087e-11,8.397833343440489e-6,1.363100204749886e-5,0.11110964031822977,-0.11111020136541522
35515,0.1,-0.11110956449288023,9.350273084998502e-11,9.66968101076685e-6,1.3504402009839846e-5,0.11110956449288023,-0.11111020153721224
35516,0.1,-0.11110949226920212,1.1935309856833225e-10,1.0924884373224837e-5,1.3369243651101572e-5,0.11110949226920212,-0.1111102017024101
35517,0.25,-0.11110943381148429,1.46995221833721e-10,1.2124158603124631e-5,1.3226573257713885e-5,0.11110943381148429,-0.11111020183449317
35518,0.625,-0.11110941172140296,1.7361855722514967e-10,1.3176439474499539e-5,1.2907026199936916e-5,0.11110941172140296,-0.11111020187467187
35519,1.5625,-0.11110948143111767,1.916959803342892e-10,1.3845431749652633e-5,1.2114858740909594e-5,0.11110948143111767,-0.11111020167580477
35520,3.90625,-0.11110975772125628,1.8391973440876131e-10,1.3561701014576355e-5,1.0158444658389809e-5,0.11110975772125628,-0.11111020096387456
35521,9.765625,-0.11111035430445015,1.2478756970802584e-10,1.1170835676350532e-5,6.137245073301234e-6,0.11111035430445015,-0.11111019969065825
35522,24.4140625,-0.11111076238587327,2.6174351700971614e-11,5.116087538439077e-6,8.29708413493346e-6,0.11111076238587327,-0.11111019950151227
35523,9.765625,-0.11111052742991019,5.630167735511792e-12,2.3727974493225907e-6,1.9103851685206863e-5,0.11111052742991019,-0.11111019999617947
35524,3.90625,-0.111110433267053,1.0690056233138458e-12,1.0339272814438382e-6,2.1046740578087504e-5,0.111110433267053,-0.11111020047156218
35525,1.5625,-0.11111035866306793,5.676815500284409e-12,2.3826068706952912e-6,2.093903771268588e-5,0.11111035866306793,-0.11111020090246476
35526,0.625,-0.1111102894264134,1.8171597791712395e-11,4.262815711676075e-6,2.054976006949167e-5,0.1111102894264134,-0.11111020130979603
35527,0.25,-0.11111022191832981,3.825397455922763e-11,6.184979754148564e-6,2.024112994000465e-5,0.11111022191832981,-0.11111020170751675
35528,0.1,-0.11111015499530763,6.583199226393231e-11,8.11369165447716e-6,2.0039490148823963e-5,0.11111015499530763,-0.11111020210170147
35529,0.1,-0.11111008923038408,1.0065032515725345e-10,1.0032463563714221e-5,1.991098019769911e-5,0.11111008923038408,-0.11111020248643848
35530,0.1,-0.11111002478862846,1.424608608149818e-10,1.193569691366959e-5,1.9766169875117398e-5,0.11111002478862846,-0.11111020286044475
35531,0.1,-0.11110996183025125,1.909924038011987e-10,1.3820000137525277e-5,1.9605089559775177e-5,0.11110996183025125,-0.11111020322248084
35532,0.1,-0.11110990051014442,2.4595168883566475e-10,1.5682846962068615e-5,1.942781880104226e-5,0.11110990051014442,-0.11111020357135794
35533,0.25,-0.11110984535368745,3.0533911692795606e-10,1.7473955388748024e-5,1.9235590310000772e-5,0.11110984535368745,-0.1111102038515272
35534,0.625,-0.11110980690148625,3.6380521489918105e-10,1.90736785885466e-5,1.8777543840552222e-5,0.11110980690148625,-0.11111020393793912
35535,1.5625,-0.11110981181667641,4.065760204057446e-10,2.0163730319703858e-5,1.76034796712715e-5,0.11110981181667641,-0.1111102035119868
35536,3.90625,-0.1111099185319984,3.9756678729236227e-10,1.9939076891680875e-5,1.4602466696363507e-5,0.1111099185319984,-0.11111020195522923
35537,9.765625,-0.11111020228301606,2.75789352159369e-10,1.6606906760723653e-5,7.761515183612438e-6,0.11111020228301606,-0.1111101990893353
35538,24.4140625,-0.11111049695741979,5.724645903667262e-11,7.566138978149464e-6,1.0913618377029141e-5,0.11111049695741979,-0.11111019862452323
35539,9.765625,-0.11111044262791622,1.2028332123645825e-11,3.4681885940135703e-6,2.807132382348082e-5,0.11111044262791622,-0.11111019970274996
35540,3.90625,-0.11111044421245202,1.5710786105495802e-12,1.2534267471813342e-6,3.1070947102222046e-5,0.11111044421245202,-0.11111020074322253
35541,1.5625,-0.1111104512736208,1.1467312760237026e-11,3.3863420914368687e-6,3.095493798156286e-5,0.1111104512736208,-0.11111020168600057
35542,0.625,-0.11111045960575516,3.891585872099263e-11,6.238257667088835e-6,3.0399620846816037e-5,0.11111045960575516,-0.11111020257711403
35543,0.25,-0.11111046832229403,8.327698826515735e-11,9.125622623424516e-6,2.995774973247576e-5,0.11111046832229403,-0.11111020344764437
35544,0.1,-0.11111047717445265,1.4436964664754997e-10,1.20153920721527e-5,2.96728082251395e-5,0.11111047717445265,-0.11111020431116074
35545,0.1,-0.11111048639299248,2.216600304716343e-10,1.4888251424248393e-5,2.9495531609422737e-5,0.11111048639299248,-0.11111020515466823
35546,0.1,-0.11111049601435947,3.1462408340853035e-10,1.7737645937624596e-5,2.9292417881559488e-5,0.11111049601435947,-0.11111020597519904
35547,0.1,-0.11111050607246871,4.2268445868758143e-10,2.055929129828121e-5,2.9063637161280293e-5,0.11111050607246871,-0.11111020676988816
35548,0.1,-0.11111051659856123,5.452128853214885e-10,2.33497941173255e-5,2.88094077770128e-5,0.11111051659856123,-0.11111020753598741
35549,0.25,-0.11111052883739841,6.778518050566086e-10,2.6035587280808715e-5,2.8531466798243412e-5,0.11111052883739841,-0.11111020814997029
35550,0.625,-0.11111054553530607,8.088909948761633e-10,2.8441009034071967e-5,2.7851592846298906e-5,0.11111054553530607,-0.11111020833301709
35551,1.5625,-0.11111057318123321,9.058556575431221e-10,3.0097436062613742e-5,2.608680621374154e-5,0.11111057318123321,-0.11111020737262874
35552,3.90625,-0.11111062340986326,8.888199969095643e-10,2.9813084323993792e-5,2.1527179507963973e-5,0.11111062340986326,-0.1111102038752758
35553,9.765625,-0.11111069439990791,6.201963210200411e-10,2.490374110490312e-5,1.0733289130462206e-5,0.11111069439990791,-0.11111019739634874
35554,24.4140625,-0.11111064677983495,1.3018099606839506e-10,1.1409688692878305e-5,1.5304222491005703e-5,0.11111064677983495,-0.11111019624462987
35555,9.765625,-0.1111105229192356,2.7623164567205832e-11,5.255774402236633e-6,4.176156252615038e-5,0.1111105229192356,-0.11111019863839726
35556,3.90625,-0.11111044291288724,3.0846108823676725e-12,1.7563060332321565e-6,4.638797606543402e-5,0.11111044291288724,-0.11111020096349605
35557,1.5625,-0.11111037171592675,2.4363479852822118e-11,4.9359375859933764e-6,4.626469656922219e-5,0.11111037171592675,-0.1111102030723162
35558,0.625,-0.11111030324615809,8.516122905011771e-11,9.22828418776306e-6,4.545492939280509e-5,0.11111030324615809,-0.11111020506567912
35559,0.25,-0.11111023572719021,1.8404966479389813e-10,1.3566490511325991e-5,4.4805025323111604e-5,0.11111023572719021,-0.11111020701307724
35560,0.1,-0.11111016857073726,3.206386480850233e-10,1.7906385678997962e-5,4.4386651794820575e-5,0.11111016857073726,-0.11111020894508476
35561,0.1,-0.11111010202193705,4.937612409044017e-10,2.222073898196011e-5,4.412822410236424e-5,0.11111010202193705,-0.11111021083290216
35562,0.1,-0.11111003616556643,7.022654689737652e-10,2.6500291865822255e-5,4.383046917937956e-5,0.11111003616556643,-0.11111021266978355
35563,0.1,-0.11110997108477484,9.448778606413625e-10,3.073886563686699e-5,4.3493660449714956e-5,0.11110997108477484,-0.1111102144492158
35564,0.1,-0.11110990686093802,1.220208745987709e-9,3.4931486455456044e-5,4.311813649797051e-5,0.11110990686093802,-0.11111021616494443
35565,0.25,-0.11110984571672275,1.5185519025499742e-9,3.896860149594766e-5,4.270636443983347e-5,0.11110984571672275,-0.1111102175399861
35566,0.625,-0.11110979293464145,1.8137654015993957e-9,4.258832470994129e-5,4.1689520747977834e-5,0.11110979293464145,-0.1111102179481053
35567,1.5625,-0.11110976232229046,2.03324982584691e-9,4.5091571561067924e-5,3.9037731500997395e-5,0.11110976232229046,-0.11111021578695669
35568,3.90625,-0.1111097870114169,1.9979920510643026e-9,4.469890436089348e-5,3.2159364968234753e-5,0.1111097870114169,-0.11111020791287925
35569,9.765625,-0.11110992950122131,1.3984309386572763e-9,3.739560052542647e-5,1.563196417531129e-5,0.11110992950122131,-0.1111101932729167
35570,24.4140625,-0.11111022480231574,2.9673450693376203e-10,1.722598348233743e-5,2.2233173011002743e-5,0.11111022480231574,-0.11111019050587677
35571,9.765625,-0.11111033412183732,6.377872675650332e-11,7.98615844799634e-6,6.245118298896034e-5,0.11111033412183732,-0.11111019586174516
35572,3.90625,-0.11111043430660282,6.807991131469397e-12,2.6092127417037877e-6,6.95166841094615e-5,0.11111043430660282,-0.11111020109041712
35573,1.5625,-0.11111052837739162,5.322047313401178e-11,7.2952363316078925e-6,6.93796722833115e-5,0.11111052837739162,-0.11111020583737155
35574,0.625,-0.11111062031795359,1.8878134440605034e-10,1.3739772356412982e-5,6.818433940997084e-5,0.11111062031795359,-0.11111021032497564
35575,0.25,-0.11111071157679474,4.1026474294483837e-10,2.0254993037392987e-5,6.721816467653665e-5,0.11111071157679474,-0.11111021470898783
35576,0.1,-0.11111080267484146,7.167984408799165e-10,2.6773091731810064e-5,6.659534288113838e-5,0.11111080267484146,-0.11111021905833034
35577,0.1,-0.11111089349481934,1.1057874541289243e-9,3.325338259679644e-5,6.621092296163624e-5,0.11111089349481934,-0.11111022330871656
35578,0.1,-0.11111098395477048,1.574661312929326e-9,3.968200238054181e-5,6.57671114757303e-5,0.11111098395477048,-0.11111022744487618
35579,0.1,-0.11111107397163313,2.120574712238277e-9,4.604969828607216e-5,6.526433134573337e-5,0.11111107397163313,-0.11111023145206245
35580,0.1,-0.11111116346138154,2.7404194139495223e-9,5.234901540573158e-5,6.470309828867186e-5,0.11111116346138154,-0.11111023531610963
35581,0.25,-0.11111125062118758,3.4124660732293242e-9,5.841631684066811e-5,6.408705493006551e-5,0.11111125062118758,-0.11111023841426594
35582,0.625,-0.11111133096146882,4.078131535263752e-9,6.38602500407237e-5,6.256216856103351e-5,0.11111133096146882,-0.11111023933712391
35583,1.5625,-0.11111139218872844,4.574599657699584e-9,6.763578681215724e-5,5.858003658410906e-5,0.11111139218872844,-0.11111023447533683
35584,3.90625,-0.11111140194855249,4.49991378053082e-9,6.708139667993519e-5,4.8233804847276334e-5,0.11111140194855249,-0.11111021673206989
35585,9.765625,-0.11111128289111512,3.1566781241622804e-9,5.6184322761445476e-5,2.3185561283480898e-5,0.11111128289111512,-0.11111018364797665
35586,24.4140625,-0.11111089756927481,6.749984965752779e-10,2.598073318009478e-5,3.2757564632193714e-5,0.11111089756927481,-0.11111017713829807
35587,9.765625,-0.11111068071010968,1.4601305439072963e-10,1.2083586156051921e-5,9.364224180422406e-5,0.11111068071010968,-0.11111018918498762
35588,3.90625,-0.1111105051417637,1.4540222954671066e-11,3.813164427961515e-6,0.00010438524359939284,0.1111105051417637,-0.11111020098793549
35589,1.5625,-0.11111034309396829,1.1664035677841412e-10,1.0800016517506541e-5,0.0001042321334406039,0.11111034309396829,-0.1111102117113202
35590,0.625,-0.11111018575322905,4.200946484113272e-10,2.0496210586626182e-5,0.00010245856604973268,0.11111018575322905,-0.11111022184966145
35591,0.25,-0.11111003022711988,9.175922806987451e-10,3.0291785696765138e-5,0.00010101694648669392,0.11111003022711988,-0.11111023175347863
35592,0.1,-0.11110987551742475,1.6071620352387104e-9,4.008942547903013e-5,0.00010008623802319751,0.11110987551742475,-0.1111102415785692
35593,0.1,-0.1111097218668768,2.4829986582164593e-9,4.9829696549512114e-5,9.951172243880484e-5,0.1111097218668768,-0.11111025118107264
35594,0.1,-0.11110956940714699,3.5393370799981113e-9,5.949232790871535e-5,9.884793887101908e-5,0.11110956940714699,-0.11111026052647735
35595,0.1,-0.11110941826759917,4.7697924774571875e-9,6.906368421578151e-5,9.809550729923653e-5,0.11110941826759917,-0.1111102695814456
35596,0.1,-0.11110926857521568,6.167386840601154e-9,7.853271191421543e-5,9.725518600715269e-5,0.11110926857521568,-0.11111027831394281
35597,0.25,-0.11110912355648256,7.683350748968711e-9,8.765472462433906e-5,9.633234965806639e-5,0.11110912355648256,-0.11111028532130482
35598,0.625,-0.11110899106256052,9.18610620698363e-9,9.584417669834527e-5,9.404520951277346e-5,0.11110899106256052,-0.1111102874264883
35599,1.5625,-0.11110889224121613,1.0309766562098395e-8,0.00010153702064812812,8.806787705467058e-5,0.11110889224121613,-0.11111027648770437
35600,3.90625,-0.11110888167181156,1.015022081438266e-8,0.00010074830427546987,7.252371294420775e-5,0.11110888167181156,-0.11111023646650184
35601,9.765625,-0.11110908655003186,7.13477592894535e-9,8.446760283650382e-5,3.474835750495359e-5,0.11110908655003186,-0.11111016164081369
35602,24.4140625,-0.11110970043757824,1.0288600090570805e-10,1.0143273677945797e-5,4.7631531062793525e-5,0.11110970043757824,-0.11111020384481514
35603,9.765625,-0.1111109115345602,1.0686377866873435e-10,1.0337493829199336e-5,2.768344592243677e-5,0.1111109115345602,-0.11111020323981649
35604,3.90625,-0.1111113642417312,1.233999589668755e-10,1.1108553414683457e-5,1.86417635956405e-5,0.1111113642417312,-0.11111020298404595
35605,1.5625,-0.11111172892465478,1.442878840579678e-10,1.2011989179897217e-5,1.4663663553966477e-5,0.11111172892465478,-0.11111020293215419
35606,3.90625,-0.11111181361873601,1.4426146432046765e-10,1.2010889405887794e-5,1.2866080287116338e-5,0.11111181361873601,-0.11111020242925691
35607,9.765625,-0.11111124114059191,9.51076926637425e-11,9.752317297121875e-6,8.867501475348875e-6,0.11111124114059191,-0.11111020143979379
35608,24.4140625,-0.11111020607649655,1.8474437145411473e-11,4.29818998479726e-6,8.08557183478159e-6,0.11111020607649655,-0.11111020129484195
35609,9.765625,-0.11111069148146004,3.869252459216794e-12,1.9670415499467196e-6,1.6949587697472803e-5,0.11111069148146004,-0.11111020168884016
35610,3.90625,-0.11111086090199514,1.7272614443228703e-12,1.3142531888197459e-6,1.8173658301012924e-5,0.11111086090199514,-0.11111020203616705
35611,1.5625,-0.11111099267651202,6.1710577121020785e-12,2.484161369980235e-6,1.7887016602667923e-5,0.11111099267651202,-0.11111020234671012
35612,0.625,-0.11111111490954005,1.62963048539208e-11,4.036868198730397e-6,1.7460279568829294e-5,0.11111111490954005,-0.11111020263902878
35613,0.25,-0.1111112342959167,3.188754230731252e-11,5.646905551477952e-6,1.7142624162391113e-5,0.1111112342959167,-0.1111102029237326
35614,0.1,-0.11111135281367174,5.28663664729947e-11,7.270926108343744e-6,1.6933797031066182e-5,0.11111135281367174,-0.11111020320521918
35615,0.1,-0.11111146747654592,7.898206620075561e-11,8.88718550502664e-6,1.6796303996921108e-5,0.11111146747654592,-0.11111020347875689
35616,0.1,-0.11111157789497317,1.1001603480111991e-10,1.0488852882995351e-5,1.6648339462263357e-5,0.11111157789497317,-0.11111020374358226
35617,0.1,-0.11111168369645404,1.4573551705710953e-10,1.2072096630540592e-5,1.6489544164349897e-5,0.11111168369645404,-0.11111020399895069
35618,0.1,-0.11111178452670593,1.858944299086048e-10,1.3634310760306323e-5,1.6319671559379938e-5,0.11111178452670593,-0.11111020424414388
35619,0.25,-0.11111186632728337,2.2877107759099056e-10,1.5125180249867786e-5,1.6140046782030535e-5,0.11111186632728337,-0.11111020443790627
35620,0.625,-0.11111189781913403,2.698971077770095e-10,1.6428545516174265e-5,1.573498464854803e-5,0.11111189781913403,-0.1111102044889801
35621,1.5625,-0.11111180226475721,2.9737308244620256e-10,1.724450876210171e-5,1.4727665883306109e-5,0.11111180226475721,-0.11111020416980294
35622,3.90625,-0.11111142072185493,2.842087934434387e-10,1.685849321390968e-5,1.2233008841851875e-5,0.11111142072185493,-0.11111020306046483
35623,9.765625,-0.11111059574684147,1.9208201842285428e-10,1.3859365729457257e-5,7.027268571678506e-6,0.11111059574684147,-0.11111020109536032
35624,24.4140625,-0.11111003336940448,4.0703321994945265e-11,6.379915516285875e-6,9.845681585636973e-6,0.11111003336940448,-0.11111020078364081
35625,9.765625,-0.1111103617761897,8.578493354458645e-12,2.928906511730725e-6,2.3505316920411043e-5,0.1111103617761897,-0.11111020153906055
35626,3.90625,-0.11111049174481688,1.3475583774646564e-12,1.1608438213061465e-6,2.5974465211386946e-5,0.11111049174481688,-0.11111020226563538
35627,1.5625,-0.11111059435731764,8.30307977718802e-12,2.881506511737917e-6,2.5854030297147315e-5,0.11111059435731764,-0.1111102029233739
35628,0.625,-0.11111068951277389,2.7453429682962608e-11,5.2396020538741875e-6,2.53731060355821e-5,0.11111068951277389,-0.11111020354450515
35629,0.25,-0.11111078229351919,5.833489347636571e-11,7.637728292913129e-6,2.4989893173260048e-5,0.11111078229351919,-0.1111102041506794
35630,0.1,-0.11111087429361542,1.0080652898327282e-10,1.004024546429383e-5,2.4739334414655708e-5,0.11111087429361542,-0.11111020475135404
35631,0.1,-0.11111096467521041,1.5447760423632163e-10,1.2428901972270987e-5,2.457982479378629e-5,0.11111096467521041,-0.11111020533750879
35632,0.1,-0.11111105320498448,2.1896728948899227e-10,1.4797543359929454e-5,2.439987065118131e-5,0.11111105320498448,-0.11111020590715723
35633,0.1,-0.11111113965637066,2.93858907773642e-10,1.714231337286896e-5,2.4199497112864222e-5,0.11111113965637066,-0.11111020645838048
35634,0.1,-0.11111122381020959,3.787015014575733e-10,1.946025440372179e-5,2.397879043265806e-5,0.11111122381020959,-0.11111020698933578
35635,0.25,-0.11111129922536872,4.704154426211907e-10,2.168906274187962e-5,2.3739250975481775e-5,0.11111129922536872,-0.11111020741440282
35636,0.625,-0.1111113509214891,5.607561762231498e-10,2.3680290881303585e-5,2.3166780809763242e-5,0.1111113509214891,-0.11111020754066607
35637,1.5625,-0.11111134105112123,6.269548557693759e-10,2.503906659141622e-5,2.1696393543461227e-5,0.11111134105112123,-0.11111020687638715
35638,3.90625,-0.11111118691628423,6.134383623569051e-10,2.4767687868610286e-5,1.7925321938761757e-5,0.11111118691628423,-0.11111020446587182
35639,9.765625,-0.11111078361771438,4.2637540690286436e-10,2.0648859699820335e-5,9.1747606034464e-6,0.11111078361771438,-0.11111020002374739
35640,24.4140625,-0.11111037610040396,8.939532636373563e-11,9.454910172166398e-6,1.308483698011749e-5,0.11111037610040396,-0.11111019925656011
35641,9.765625,-0.11111046224802325,1.8847416966408024e-11,4.341361188199851e-6,3.4745138545607665e-5,0.11111046224802325,-0.11111020091279991
35642,3.90625,-0.11111046637171469,2.179598879338452e-12,1.4763464631780887e-6,3.854471754880193e-5,0.11111046637171469,-0.11111020251722052
35643,1.5625,-0.11111046214642435,1.7040316814113726e-11,4.127991862166606e-6,3.84248235020479e-5,0.11111046214642435,-0.11111020397155807
35644,0.625,-0.1111104559792404,5.907959148174785e-11,7.68632496592148e-6,3.7743178893229475e-5,0.1111104559792404,-0.11111020534593659
35645,0.25,-0.11111044926473197,1.273026730251714e-10,1.1282848621920414e-5,3.7197140730109433e-5,0.11111044926473197,-0.11111020668832503
35646,0.1,-0.11111044240368556,2.2142893356812393e-10,1.488048835113028e-5,3.684435856730145e-5,0.11111044240368556,-0.1111102080197749
35647,0.1,-0.11111043504537473,3.4064091791950085e-10,1.8456460059271953e-5,3.66248128410638e-5,0.11111043504537473,-0.11111020932040541
35648,0.1,-0.11111042712762936,4.841334947962814e-10,2.2003033763467285e-5,3.6372990496100114e-5,0.11111042712762936,-0.11111021058561286
35649,0.1,-0.11111041859148048,6.510190854487071e-10,2.5515075650460203e-5,3.6089100624119734e-5,0.11111041859148048,-0.11111021181095408
35650,0.1,-0.11111040938141332,8.40331301517549e-10,2.8988468423108334e-5,3.57734107979306e-5,0.11111040938141332,-0.11111021299216393
35651,0.25,-0.11111039750523935,1.0453733380532284e-9,3.233223373126621e-5,3.542805578531764e-5,0.11111039750523935,-0.11111021393865313
35652,0.625,-0.11111037851187625,1.2481350424552685e-9,3.532895473199382e-5,3.458209808516497e-5,0.11111037851187625,-0.11111021421980312
35653,1.5625,-0.11111034173104929,1.3986422547148254e-9,3.739842583204306e-5,3.2383856630923393e-5,0.11111034173104929,-0.11111021273427575
35654,3.90625,-0.11111026720841652,1.3737831862160653e-9,3.7064581290176004e-5,2.669383095896289e-5,0.11111026720841652,-0.11111020732313216
35655,9.765625,-0.11111015187851896,9.610012670935507e-10,3.1000020436986015e-5,1.3092377132830821e-5,0.11111015187851896,-0.11111019726978832
35656,24.4140625,-0.11111019614549668,2.036295249653663e-10,1.4269881743215895e-5,1.861095808238667e-5,0.11111019614549668,-0.11111019538964496
35657,9.765625,-0.1111103667993681,4.3538743147834104e-11,6.598389435902833e-6,5.185702537162964e-5,0.1111103667993681,-0.11111019908315892
35658,3.90625,-0.11111047404687778,4.494901263654559e-12,2.1201182192638596e-6,5.769951092312637e-5,0.11111047404687778,-0.11111020268541207
35659,1.5625,-0.11111056910513249,3.6547336251924744e-11,6.0454392935439145e-6,5.7578941018689136e-5,0.11111056910513249,-0.11111020595509112
35660,0.625,-0.11111066052663382,1.2990093787354169e-10,1.1397409261474368e-5,5.658401510099049e-5,0.11111066052663382,-0.11111020904587147
35661,0.25,-0.11111075078928831,2.8233070733596925e-10,1.6802699406225456e-5,5.5780291987021155e-5,0.11111075078928831,-0.11111021206509562
35662,0.1,-0.11111084071375195,4.932300053930981e-10,2.2208782168167127e-5,5.526174209276258e-5,0.11111084071375195,-0.11111021506023024
35663,0.1,-0.11111092992837417,7.608073339073309e-10,2.7582736157011886e-5,5.494110363762568e-5,0.11111092992837417,-0.111110217987066
35664,0.1,-0.11111101830666466,1.0832885562229633e-9,3.2913349210054016e-5,5.457142793096989e-5,0.11111101830666466,-0.1111102208351294
35665,0.1,-0.11111110572350241,1.4587111697837804e-9,3.81930775112949e-5,5.415304872168289e-5,0.11111110572350241,-0.1111102235943071
35666,0.1,-0.11111119205541099,1.884932453504321e-9,4.341580879707668e-5,5.368638015965253e-5,0.11111119205541099,-0.11111022625488223
35667,0.25,-0.11111127404432143,2.3470037509293186e-9,4.844588476774182e-5,5.3174459560042645e-5,0.11111127404432143,-0.11111022838858915
35668,0.625,-0.11111134393833628,2.8046342757992866e-9,5.295879790742315e-5,5.190969621585118e-5,0.11111134393833628,-0.1111102290262926
35669,1.5625,-0.11111138151846124,3.1458650622115707e-9,5.6088011751278636e-5,4.860968169144434e-5,0.11111138151846124,-0.11111022568630662
35670,3.90625,-0.11111133879022875,3.0943466531681654e-9,5.562685190776272e-5,4.004120770399265e-5,0.11111133879022875,-0.11111021348946991
35671,9.765625,-0.11111112927117398,2.1707589425066425e-9,4.659140416972473e-5,1.934485805931732e-5,0.11111112927117398,-0.11111019074477453
35672,24.4140625,-0.1111107302726972,4.644668415368665e-10,2.155149279137913e-5,2.727362574050258e-5,0.1111107302726972,-0.11111018626747594
35673,9.765625,-0.11111060270776615,1.005060833194366e-10,1.0025272231687108e-5,7.770512011616794e-5,0.11111060270776615,-0.11111019456014863
35674,3.90625,-0.11111048001574345,1.000703757075003e-11,3.163390202101225e-6,8.661408468980563e-5,0.11111048001574345,-0.11111020268614016
35675,1.5625,-0.11111036438921548,8.018412727332781e-11,8.954559021712226e-6,8.648801466475422e-5,0.11111036438921548,-0.11111021006961957
35676,0.625,-0.11111025149685444,2.8886827376399894e-10,1.6996125257363778e-5,8.501768460871979e-5,0.11111025149685444,-0.11111021705057715
35677,0.25,-0.11111013970785424,6.310251288504465e-10,2.51202135510518e-5,8.382221447947679e-5,0.11111013970785424,-0.11111022387009706
35678,0.1,-0.11111002843591278,1.1052939127788724e-9,3.3245960849084695e-5,8.30501553143419e-5,0.11111002843591278,-0.11111023063534889
35679,0.1,-0.11110991776763317,1.7076793912434646e-9,4.132407762120607e-5,8.257332171828519e-5,0.11110991776763317,-0.11111023724740167
35680,0.1,-0.11110980777946794,2.4342132119482478e-9,4.93377463201173e-5,8.202250277229958e-5,0.11110980777946794,-0.11111024368252109
35681,0.1,-0.11110969854727282,3.280501031560065e-9,5.727565828133331e-5,8.139821633804253e-5,0.11110969854727282,-0.11111024991778057
35682,0.1,-0.1111095901463129,4.24174081319196e-9,6.512864817568349e-5,8.070109502888333e-5,0.1111095901463129,-0.11111025593115009
35683,0.25,-0.11110948433424288,5.284400514443028e-9,7.269388223532313e-5,7.993561938954887e-5,0.11110948433424288,-0.11111026075791981
35684,0.625,-0.1111093854932291,6.318017439895445e-9,7.948595750128097e-5,7.803946016570543e-5,0.1111093854932291,-0.11111026221297875
35685,1.5625,-0.11110930579793823,7.0910353546768115e-9,8.420828554647583e-5,7.308515062750702e-5,0.11110930579793823,-0.11111025469627776
35686,3.90625,-0.11110927882240627,6.981800077924328e-9,8.355716652642267e-5,6.020390339883499e-5,0.11110927882240627,-0.11111022717440414
35687,9.765625,-0.11110939515340408,4.908592359460039e-9,7.006134711422582e-5,2.892691533488529e-5,0.11110939515340408,-0.1111101757002157
35688,24.4140625,-0.11111004258928626,6.951407106667703e-11,8.337509884052735e-6,3.95382414735854e-5,0.11111004258928626,-0.11111020477780297
35689,9.765625,-0.11111075906532084,7.321763079034677e-11,8.556730145934647e-6,2.2452915167847314e-5,0.11111075906532084,-0.11111020432072433
35690,3.90625,-0.11111101966464815,8.350956574272594e-11,9.138356840413158e-6,1.5033831381026212e-5,0.11111101966464815,-0.11111020414059784
35691,1.5625,-0.11111123013022427,9.6447209842876e-11,9.820754036369916e-6,1.189346775874706e-5,0.11111123013022427,-0.11111020410515338
35692,3.90625,-0.11111127526254876,9.611349836056738e-11,9.80374919918739e-6,1.0511066253682082e-5,0.11111127526254876,-0.11111020377510465
35693,9.765625,-0.11111093632036537,6.465276840411138e-11,8.040694522496884e-6,7.521321830856261e-6,0.11111093632036537,-0.11111020311508195
35694,24.4140625,-0.11111033957467566,1.2530603599994275e-11,3.539859262738319e-6,7.089743855209852e-6,0.11111033957467566,-0.11111020302501287
35695,9.765625,-0.11111060744220191,2.6907705737318774e-12,1.6403568434130048e-6,1.40394874355524e-5,0.11111060744220191,-0.1111102032904817
35696,3.90625,-0.11111069455780007,9.388094435371478e-13,9.689217943348925e-7,1.5133899138847152e-5,0.11111069455780007,-0.11111020353308479
35697,1.5625,-0.11111076101086916,3.645384350788436e-12,1.9092889647165605e-6,1.4949080041264896e-5,0.11111076101086916,-0.11111020375160417
35698,0.625,-0.11111082230562287,1.0184850528539764e-11,3.191371261470493e-6,1.4622093613675802e-5,0.11111082230562287,-0.11111020395770578
35699,0.25,-0.11111088207790439,2.040293313938732e-11,4.516960608571578e-6,1.4371826109642514e-5,0.11111088207790439,-0.11111020415847123
35700,0.1,-0.11111094139144007,3.424275219249275e-11,5.851730700612662e-6,1.420497755829014e-5,0.11111094139144007,-0.11111020435691157
35701,0.1,-0.1111109985388699,5.155014605426661e-11,7.179843038275043e-6,1.4093946589038697e-5,0.1111109985388699,-0.11111020455000498
35702,0.1,-0.11111105330624278,7.218537387116556e-11,8.496197612530299e-6,1.39746596581643e-5,0.11111105330624278,-0.11111020473723869
35703,0.1,-0.11111110548941701,9.599948532212306e-11,9.797932706552085e-6,1.3846799571204359e-5,0.11111110548941701,-0.11111020491811015
35704,0.1,-0.11111115489470408,1.2283473547497975e-10,1.1083083301815418e-5,1.3710141182320772e-5,0.11111115489470408,-0.1111102050921332
35705,0.25,-0.11111119365772654,1.5162541583237222e-10,1.2313627241084255e-5,1.3565722870768364e-5,0.11111119365772654,-0.1111102052319117
35706,0.625,-0.11111120433944029,1.7957855592542045e-10,1.3400692367389845e-5,1.3241773345809194e-5,0.11111120433944029,-0.11111020527639118
35707,1.5625,-0.1111111443082491,1.9913983549832978e-10,1.4111691447106181e-5,1.2436071646736118e-5,0.1111111443082491,-0.11111020507166706
35708,3.90625,-0.11111092606824027,1.9254781006659286e-10,1.3876159773748386e-5,1.0429998925030104e-5,0.11111092606824027,-0.1111102043259172
35709,9.765625,-0.11111046800265854,1.320871027505478e-10,1.1492915328607786e-5,6.186693420735523e-6,0.11111046800265854,-0.11111020297120286
35710,24.4140625,-0.11111018661678222,2.7881336009488215e-11,5.280278023881718e-6,8.28128740035516e-6,0.11111018661678222,-0.11111020275365668
35711,9.765625,-0.11111038392799909,6.067431659872981e-12,2.4632157152537375e-6,1.9620416185186962e-5,0.11111038392799909,-0.1111102032752912
35712,3.90625,-0.11111046766802635,1.0527965040926907e-12,1.0260587235108383e-6,2.165805839016237e-5,0.11111046766802635,-0.11111020377958084
35713,1.5625,-0.11111053537184318,5.757563985244863e-12,2.3994924432564615e-6,2.1564827422434773e-5,0.11111053537184318,-0.11111020423727896
35714,0.625,-0.11111059865114926,1.8824002392469066e-11,4.33866366436361e-6,2.117223659518878e-5,0.11111059865114926,-0.11111020467004033
35715,0.25,-0.11111066051352744,3.993408449241623e-11,6.319342093320809e-6,2.085849894803735e-5,0.11111066051352744,-0.11111020509258633
35716,0.1,-0.11111072190898615,6.899066329471345e-11,8.306061840289503e-6,2.065311714907752e-5,0.11111072190898615,-0.11111020551136762
35717,0.1,-0.11111078235928751,1.0572826905271004e-10,1.0282425251501226e-5,2.0522243617601984e-5,0.11111078235928751,-0.11111020592020644
35718,0.1,-0.11111084172552975,1.498876612985912e-10,1.2242861646632752e-5,2.037455130216269e-5,0.11111084172552975,-0.11111020631773769
35719,0.1,-0.11111089987256018,2.0118516779239342e-10,1.4183975739981842e-5,2.021006994831661e-5,0.11111089987256018,-0.11111020670264335
35720,0.1,-0.11111095666935104,2.593137318436359e-10,1.6103221163594442e-5,2.0028878898020977e-5,0.11111095666935104,-0.11111020707365647
35721,0.25,-0.1111110083286917,3.2218257145982054e-10,1.7949444878876353e-5,1.9832219623304917e-5,0.1111110083286917,-0.11111020737212768
35722,0.625,-0.11111104601259807,3.841897974170973e-10,1.9600760123451777e-5,1.9362512536835973e-5,0.11111104601259807,-0.11111020746582327
35723,1.5625,-0.11111104730058532,4.298376685543169e-10,2.0732526825119916e-5,1.8156679896049823e-5,0.11111104730058532,-0.111110207017277
35724,3.90625,-0.11111096267432634,4.2114118126151293e-10,2.0521724617134713e-5,1.5068209970387638e-5,0.11111096267432634,-0.11111020536855838
35725,9.765625,-0.11111072579402892,2.933189251978631e-10,1.7126556139453813e-5,7.973877926199584e-6,0.11111072579402892,-0.11111020231647172
35726,24.4140625,-0.11111046022263767,6.160100692396284e-11,7.848630894873502e-6,1.1061759284948988e-5,0.11111046022263767,-0.11111020178714238
35727,9.765625,-0.11111048594736722,1.3086952933557749e-11,3.617589381557524e-6,2.8909768975133804e-5,0.11111048594736722,-0.11111020293042517
35728,3.90625,-0.1111104697507528,1.5662622465125394e-12,1.2515039938060683e-6,3.2058520857677366e-5,0.1111104697507528,-0.11111020403971657
35729,1.5625,-0.1111104503170626,1.1732365654203753e-11,3.425254100676876e-6,3.1963355305967386e-5,0.1111104503170626,-0.11111020504619375
35730,0.625,-0.11111043028351908,4.059476291363446e-11,6.371401958253338e-6,3.140168866513485e-5,0.11111043028351908,-0.11111020599779006
35731,0.25,-0.1111104101164701,8.746962715947769e-11,9.352519829408419e-6,3.0951306931434115e-5,0.1111104101164701,-0.11111020692742274
35732,0.1,-0.11111038993097598,1.521646493640885e-10,1.2335503612098231e-5,3.0660355347972816e-5,0.11111038993097598,-0.1111102078495555
35733,0.1,-0.11111036955330932,2.3411999845440317e-10,1.5300980310241667e-5,3.0479402219689495e-5,0.11111036955330932,-0.11111020875052553
35734,0.1,-0.11111034896391019,3.32783763793989e-10,1.8242361793199612e-5,3.0271758637442192e-5,0.11111034896391019,-0.11111020962716393
35735,0.1,-0.11111032814493467,4.475472826145635e-10,2.115531334238667e-5,3.0037599585799688e-5,0.11111032814493467,-0.11111021047641118
35736,0.1,-0.11111030708037922,5.777476279185321e-10,2.4036381339929938e-5,2.9777148836494324e-5,0.11111030708037922,-0.11111021129532993
35737,0.25,-0.11111028500591177,7.187888124579188e-10,2.6810237083209817e-5,2.9492159777958217e-5,0.11111028500591177,-0.11111021195286215
35738,0.625,-0.11111026029284254,8.583059363460215e-10,2.9296858813634295e-5,2.879351801857344e-5,0.11111026029284254,-0.11111021215282688
35739,1.5625,-0.11111022930244875,9.619768170921832e-10,3.1015751112816584e-5,2.6977816029718952e-5,0.11111022930244875,-0.11111021113751106
35740,3.90625,-0.11111018688535176,9.451928554105609e-10,3.074398893134332e-5,2.228129671477209e-5,0.11111018688535176,-0.11111020742047702
35741,9.765625,-0.11111014512695074,6.61643504103128e-10,2.5722431924355984e-5,1.1120604542392997e-5,0.11111014512695074,-0.1111102005033082
35742,24.4140625,-0.11111023767639086,1.4050873616547457e-10,1.1853638098300225e-5,1.5586736060502425e-5,0.11111023767639086,-0.11111019920112737
35743,9.765625,-0.11111036677898349,3.0149006176834286e-11,5.490811067304564e-6,4.309028692332923e-5,0.11111036677898349,-0.1111102017482077
35744,3.90625,-0.11111045465285142,3.1257739720221787e-12,1.7679858517596171e-6,4.794495578342387e-5,0.11111045465285142,-0.11111020423517597
35745,1.5625,-0.11111053368653999,2.5063686738468698e-11,5.006364623004271e-6,4.785176135639285e-5,0.11111053368653999,-0.11111020649381508
35746,0.625,-0.11111061000414042,8.921737468785364e-11,9.445494941391565e-6,4.7030813667559215e-5,0.11111061000414042,-0.11111020862945002
35747,0.25,-0.11111068544158885,1.9405532453183605e-10,1.3930374170561107e-5,4.636692092342058e-5,0.11111068544158885,-0.11111021071588956
35748,0.1,-0.11111076061535702,3.3916135445477893e-10,1.841633390375997e-5,4.593871899057356e-5,0.11111076061535702,-0.11111021278580731
35749,0.1,-0.1111108352784919,5.233062685157062e-10,2.2875888365606836e-5,4.5674224335487676e-5,0.1111108352784919,-0.11111021480880853
35750,0.1,-0.11111090933706658,7.452718789084623e-10,2.7299668109859182e-5,4.5369075023897196e-5,0.11111090933706658,-0.11111021677767421
35751,0.1,-0.11111098269790763,1.0037102269992109e-9,3.1681386128122786e-5,4.50235512551505e-5,0.11111098269790763,-0.11111021868543221
35752,0.1,-0.11111105526879282,1.2971491815635855e-9,3.6015957318438524e-5,4.463799982725953e-5,0.11111105526879282,-0.11111022052538404
35753,0.25,-0.11111112469194229,1.6153123588613655e-9,4.019094871810524e-5,4.421492309270144e-5,0.11111112469194229,-0.11111022200274782
35754,0.625,-0.11111118531624704,1.9304946918602697e-9,4.393739514195476e-5,4.316838164978698e-5,0.11111118531624704,-0.11111022245031305
35755,1.5625,-0.11111122227809891,2.165694591145645e-9,4.653702387503572e-5,4.0436591608456936e-5,0.11111122227809891,-0.1111102201591751
35756,3.90625,-0.11111119959030263,2.1307853457178493e-9,4.616043051919955e-5,3.334480771365323e-5,0.11111119959030263,-0.11111021176757578
35757,9.765625,-0.11111104806262481,1.495702900115255e-9,3.8674318353595516e-5,1.626183617892357e-5,0.11111104806262481,-0.11111019610006811
35758,24.4140625,-0.11111072270050117,3.207910002883321e-10,1.7910639304288723e-5,2.2712527565700017e-5,0.11111072270050117,-0.1111101929885245
35759,9.765625,-0.1111105983970602,6.966972783020862e-11,8.346839391662488e-6,6.453297939107045e-5,0.1111105983970602,-0.11111019870350212
35760,3.90625,-0.1111104861161321,6.97866316565756e-12,2.6417159509791283e-6,7.194386265974638e-5,0.1111104861161321,-0.11111020431000898
35761,1.5625,-0.11111038101153234,5.501640381767727e-11,7.41730434980777e-6,7.184921877216505e-5,0.11111038101153234,-0.11111020940641944
35762,0.625,-0.1111102785443983,1.9850270531120788e-10,1.4089098811180504e-5,7.063443012870295e-5,0.1111102785443983,-0.11111021422582909
35763,0.25,-0.11111017709727153,4.339686981030933e-10,2.083191537288622e-5,6.964545303855154e-5,0.11111017709727153,-0.1111102189341044
35764,0.1,-0.1111100760967143,7.604793259728666e-10,2.757678962411808e-5,6.900674248286723e-5,0.1111100760967143,-0.1111102236050637
35765,0.1,-0.11110997564897633,1.1752903398023184e-9,3.428250778169996e-5,6.861248798641415e-5,0.11110997564897633,-0.11111022817065251
35766,0.1,-0.11110987583098259,1.6756739837637092e-9,4.093499705342251e-5,6.81568267441405e-5,0.11110987583098259,-0.11111023261450244
35767,0.1,-0.11110977671906036,2.2586087534155635e-9,4.752482249746508e-5,6.764019128294852e-5,0.11110977671906036,-0.11111023692080174
35768,0.1,-0.11110967838890796,2.9207919849523398e-9,5.404435201713811e-5,6.706310917801189e-5,0.11110967838890796,-0.11111024107435481
35769,0.25,-0.1111095826303161,3.6391522286496103e-9,6.032538627020643e-5,6.64292789591434e-5,0.1111095826303161,-0.11111024441073976
35770,0.625,-0.11110949386959075,4.351432823074746e-9,6.596539110074877e-5,6.485796684214133e-5,0.11110949386959075,-0.11111024542471215
35771,1.5625,-0.11110942425216196,4.884483931659549e-9,6.988908306495049e-5,6.0751163091723796e-5,0.11110942425216196,-0.11111024025790363
35772,3.90625,-0.11110940633462531,4.81030602009325e-9,6.935636971535671e-5,5.007356977178958e-5,0.11110940633462531,-0.11111022130478258
35773,9.765625,-0.11110952267977453,3.3836459591505833e-9,5.816911516561502e-5,2.4176329692821194e-5,0.11110952267977453,-0.11111018582468765
35774,24.4140625,-0.11110994457479027,7.309759435606481e-10,2.7036566785756065e-5,3.3540970137204885e-5,0.11110994457479027,-0.11111017852159503
35775,61.03515625,-0.11111070752775369,2.2708100018505707e-10,1.5069207019118725e-5,9.628084078703631e-5,0.11111070752775369,-0.11111020525442598
35776,24.4140625,-0.11111057417163579,6.874961224971743e-11,8.29153859363372e-6,1.9975302130620518e-5,0.11111057417163579,-0.11111020386013906
35777,9.765625,-0.11111048449623018,3.286477218256944e-11,5.7327804931437456e-6,2.14128316993192e-5,0.11111048449623018,-0.1111102042188699
35778,3.90625,-0.11111045772924939,2.1076820402652577e-11,4.590949836651734e-6,2.3187086433579315e-5,0.11111045772924939,-0.11111020474003275
35779,1.5625,-0.11111043385797967,2.162174590672561e-11,4.649918913994696e-6,2.3073473730762552e-5,0.11111043385797967,-0.11111020525572274
35780,0.625,-0.11111041073343708,3.205025182968682e-11,5.661294183284138e-6,2.2563383231925693e-5,0.11111041073343708,-0.11111020575085481
35781,0.25,-0.11111038783555657,5.161183398374488e-11,7.18413766458751e-6,2.2091315590219592e-5,0.11111038783555657,-0.1111102062306975
35782,0.1,-0.11111036501041753,7.996900786592879e-11,8.942539229208267e-6,2.1724244740497827e-5,0.11111036501041753,-0.11111020669971648
35783,0.1,-0.11111034268199964,1.166554957391808e-10,1.0800717371507358e-5,2.1443154754102258e-5,0.11111034268199964,-0.11111020715120506
35784,0.1,-0.11111032089299396,1.6127387438102816e-10,1.2699365117242206e-5,2.1162830974071673e-5,0.11111032089299396,-0.11111020758471706
35785,0.1,-0.11111029968400322,2.1341841262374393e-10,1.4608847066888747e-5,2.0880864046147626e-5,0.11111029968400322,-0.11111020799972698
35786,0.1,-0.11111027909342813,2.726739148301063e-10,1.6512840907309267e-5,2.0595249092949807e-5,0.11111027909342813,-0.11111020839565747
35787,0.25,-0.11111026084778158,3.3671575529303376e-10,1.8349816219598325e-5,2.030792171109945e-5,0.11111026084778158,-0.1111102087121777
35788,0.625,-0.11111024872305096,3.995051428308516e-10,1.9987624742096086e-5,1.976660738182924e-5,0.11111024872305096,-0.11111020881367403
35789,1.5625,-0.11111025184471345,4.4456442561469686e-10,2.1084696479074507e-5,1.852221642584735e-5,0.11111025184471345,-0.11111020835538282
35790,3.90625,-0.11111028849592093,4.321087308558174e-10,2.0787225184132137e-5,1.5483861813809966e-5,0.11111028849592093,-0.11111020667503893
35791,9.765625,-0.11111037402317643,2.9672768569334444e-10,1.7225785488428226e-5,8.881657277350363e-6,0.11111037402317643,-0.11111020361072574
35792,24.4140625,-0.11111042592583961,6.302040511000813e-11,7.938539230236766e-6,1.1555780637210163e-5,0.11111042592583961,-0.11111020307282526
35793,9.765625,-0.11111042995507608,1.787709517888826e-11,4.228131405111277e-6,2.7756206813099398e-5,0.11111042995507608,-0.11111020408172718
35794,3.90625,-0.1111104428259237,7.652808369419701e-12,2.766370974656093e-6,3.0431751457833558e-5,0.1111104428259237,-0.111110205065235
35795,1.5625,-0.11111045590545775,1.733198326138069e-11,4.163169857377992e-6,3.0107996267401125e-5,0.11111045590545775,-0.11111020595454178
35796,0.625,-0.11111046887990628,4.384188781063102e-11,6.621320699877859e-6,2.9388469342227298e-5,0.11111046887990628,-0.11111020678928912
35797,0.25,-0.11111048180537425,8.630674389263316e-11,9.29014229668379e-6,2.8803299787754962e-5,0.11111048180537425,-0.11111020759768415
35798,0.1,-0.1111104947206516,1.4432572612884903e-10,1.2013564255825539e-5,2.8388293267917122e-5,0.1111104947206516,-0.1111102083923622
35799,0.1,-0.1111105076569726,2.171466949441031e-10,1.4735898172290113e-5,2.809164632067192e-5,0.1111105076569726,-0.11111020916081726
35800,0.1,-0.11111052060706002,3.040705092547463e-10,1.7437617648484735e-5,2.7779729890196158e-5,0.11111052060706002,-0.11111020990110228
35801,0.1,-0.11111053356278748,4.0436929485529647e-10,2.010893569673185e-5,2.745168043060063e-5,0.11111053356278748,-0.1111102106113157
35802,0.1,-0.11111054651519724,5.172873286878127e-10,2.2743951474794626e-5,2.7106851538275925e-5,0.11111054651519724,-0.11111021128962228
35803,0.25,-0.11111055940617494,6.383977250263152e-10,2.5266533696301025e-5,2.674839861978313e-5,0.11111055940617494,-0.11111021182095289
35804,0.625,-0.11111057201250302,7.561743184425276e-10,2.749862393725416e-5,2.6012937440301757e-5,0.11111057201250302,-0.11111021194871148
35805,1.5625,-0.11111058353395685,8.391867007105387e-10,2.8968719348817246e-5,2.4256240548943872e-5,0.11111058353395685,-0.11111021102486096
35806,3.90625,-0.11111059097963265,8.115040243250244e-10,2.8486909701212317e-5,1.9899970352531535e-5,0.11111059097963265,-0.11111020782129266
35807,9.765625,-0.11111058275706127,5.484243162579054e-10,2.3418461013864797e-5,1.0230859105918956e-5,0.11111058275706127,-0.11111020214843523
35808,24.4140625,-0.11111051971517388,1.0393393596748802e-10,1.0194799456952943e-5,1.6211302033384246e-5,0.11111051971517388,-0.1111102016552806
35809,9.765625,-0.11111047650957616,2.2692666016880914e-11,4.763681981081537e-6,3.890113432195904e-5,0.11111047650957616,-0.11111020371582872
35810,3.90625,-0.11111044550252368,8.176403609833671e-12,2.859441135927381e-6,4.2374799421715224e-5,0.11111044550252368,-0.11111020562378034
35811,1.5625,-0.11111041721213488,3.2219446478046995e-11,5.676217620744204e-6,4.184182087334494e-5,0.11111041721213488,-0.11111020732771765
35812,0.625,-0.11111038982626016,8.931288153387134e-11,9.450549271543497e-6,4.08518439356368e-5,0.11111038982626016,-0.11111020892741948
35813,0.25,-0.11111036277621153,1.7804678061123813e-10,1.3343417126479939e-5,4.008989355851684e-5,0.11111036277621153,-0.11111021048321819
35814,0.1,-0.11111033586878438,2.9785906915577527e-10,1.7258594066602737e-5,3.9578786807135286e-5,0.11111033586878438,-0.1111102120202373
35815,0.1,-0.11111030918400937,4.4741080985594877e-10,2.1152087600422535e-5,3.9233889818714414e-5,0.11111030918400937,-0.11111021351146626
35816,0.1,-0.11111028275034489,6.254433164819283e-10,2.5008864757959893e-5,3.885742725379118e-5,0.11111028275034489,-0.11111021495199204
35817,0.1,-0.11111025659581203,8.306154620155002e-10,2.8820400101586033e-5,3.844939374411104e-5,0.11111025659581203,-0.11111021633710902
35818,0.1,-0.11111023074796146,1.0615082448907711e-9,3.258079564545303e-5,3.800990458422831e-5,0.11111023074796146,-0.1111102176623433
35819,0.25,-0.11111020594675332,1.309155212525135e-9,3.618224996493633e-5,3.7543382246176405e-5,0.11111020594675332,-0.11111021869113603
35820,0.625,-0.11111018396289092,1.5500106997515324e-9,3.9370175256804895e-5,3.651807597628527e-5,0.11111018396289092,-0.11111021889711728
35821,1.5625,-0.11111016947571083,1.719656024290924e-9,4.1468735503882005e-5,3.3986189252986413e-5,0.11111016947571083,-0.11111021695193181
35822,3.90625,-0.11111017402149824,1.6621886117231486e-9,4.076994740888377e-5,2.7594206205001493e-5,0.11111017402149824,-0.1111102103409575
35823,9.765625,-0.1111102213244248,1.120911484756033e-9,3.348001620005631e-5,1.2811944737739748e-5,0.1111102213244248,-0.11111019870487542
35824,24.4140625,-0.11111033760427665,2.0572526005422745e-10,1.4343125881558296e-5,2.2494343235732363e-5,0.11111033760427665,-0.11111019790191655
35825,9.765625,-0.11111039740563161,3.858475683599959e-11,6.2116629686421e-6,5.5957040884409654e-5,0.11111039740563161,-0.11111020224770152
35826,3.90625,-0.11111044954117934,9.596626775288022e-12,3.0978422773420892e-6,6.1008590625027126e-5,0.11111044954117934,-0.11111020622517431
35827,1.5625,-0.11111049800461395,6.074949129575514e-11,7.794196000599108e-6,6.0261505608487455e-5,0.11111049800461395,-0.11111020976358447
35828,0.625,-0.1111105452335354,1.8082016460280008e-10,1.344693885621557e-5,5.8859599894649425e-5,0.1111105452335354,-0.11111021308288661
35829,0.25,-0.1111105920786471,3.670405259370524e-10,1.9158301749817294e-5,5.7790245122892715e-5,0.1111105920786471,-0.11111021631284354
35830,0.1,-0.11111063884338894,6.183798364685164e-10,2.4867244247574285e-5,5.708403035145429e-5,0.11111063884338894,-0.11111021950706738
35831,0.1,-0.11111068545712216,9.321767728821784e-10,3.0531570101817205e-5,5.6617244166740886e-5,0.11111068545712216,-0.11111022260942846
35832,0.1,-0.1111107318709756,1.3059133841739212e-9,3.6137423596237754e-5,5.6102296690748764e-5,0.1111107318709756,-0.11111022560923699
35833,0.1,-0.11111077803524431,1.7368863997258466e-9,4.167596909162217e-5,5.553939402234342e-5,0.11111077803524431,-0.11111022849625604
35834,0.1,-0.11111082389951514,2.2222174857140637e-9,4.714040184082083e-5,5.492887674017736e-5,0.11111082389951514,-0.11111023126074973
35835,0.25,-0.11111086839380462,2.743245059146033e-9,5.2375996975198794e-5,5.427667218184124e-5,0.11111086839380462,-0.11111023340635488
35836,0.625,-0.11111090885632646,3.250756882664378e-9,5.7015409168613164e-5,5.2807179729643926e-5,0.11111090885632646,-0.11111023382702741
35837,1.5625,-0.11111093805710677,3.6098343917105616e-9,6.008189737109308e-5,4.913365456918389e-5,0.11111093805710677,-0.11111022972860711
35838,3.90625,-0.11111093744525903,3.49334400402768e-9,5.910451762790794e-5,3.9792504365796104e-5,0.11111093744525903,-0.11111021580886328
35839,9.765625,-0.11111086585447032,2.3604833385982495e-9,4.858480563507741e-5,1.777093219298416e-5,0.11111086585447032,-0.11111019125276866
35840,24.4140625,-0.1111106664040621,4.34251504465247e-10,2.0838702082069483e-5,3.1960056747108313e-5,0.1111106664040621,-0.11111018944738224
35841,9.765625,-0.11111056472123072,7.959961020072298e-11,8.921861364128171e-6,8.120272990714684e-5,0.11111056472123072,-0.1111101986301551
35842,3.90625,-0.11111047826723963,1.6994541692845478e-11,4.122443655508887e-6,8.868385093785305e-5,0.11111047826723963,-0.11111020704792052
35843,1.5625,-0.11111039806546108,1.2409330683948003e-10,1.1139717538585977e-5,8.766530745242796e-5,0.11111039806546108,-0.11111021454044852
35844,0.625,-0.11111032013685812,3.773030699838594e-10,1.942429072022604e-5,8.567019698414507e-5,0.11111032013685812,-0.11111022157240502
35845,0.25,-0.11111024312869185,7.709126649485822e-10,2.7765314061767467e-5,8.414884713142249e-5,0.11111024312869185,-0.1111102284189401
35846,0.1,-0.11111016656800188,1.3028856381203047e-9,3.6095507173612406e-5,8.315104195644379e-5,0.11111016656800188,-0.11111023519390106
35847,0.1,-0.1111100905372356,1.9677537379728848e-9,4.435937035140247e-5,8.249873166260718e-5,0.1111100905372356,-0.11111024177886135
35848,0.1,-0.11111001509706188,2.7603220901611483e-9,5.253876749754554e-5,8.17743370036484e-5,0.11111001509706188,-0.11111024815064109
35849,0.1,-0.11110994030709194,3.674989147286804e-9,6.062168875317483e-5,8.097831860681279e-5,0.11110994030709194,-0.11111025428704141
35850,0.1,-0.11110986622585454,4.7057689141978885e-9,6.85986072322018e-5,8.011130266048763e-5,0.11110986622585454,-0.11111026016693575
35851,0.25,-0.11110979428643043,5.813327403278604e-9,7.624517954125758e-5,7.918146340053366e-5,0.11110979428643043,-0.1111102647374903
35852,0.625,-0.11110972801488662,6.893665274256218e-9,8.302809930533288e-5,7.705717732331882e-5,0.11110972801488662,-0.11111026564977892
35853,1.5625,-0.11110967699882131,7.661257579308103e-9,8.752861006155704e-5,7.171116707006708e-5,0.11110967699882131,-0.11111025696375418
35854,3.90625,-0.11110966641128135,7.422732681250472e-9,8.615528237578049e-5,5.8066101854966006e-5,0.11110966641128135,-0.11111022737904687
35855,9.765625,-0.11110975718044705,5.027493974739705e-9,7.090482335313801e-5,2.5610242155517793e-5,0.11110975718044705,-0.1111101750161543
35856,24.4140625,-0.11111015448673095,8.477049527121866e-11,9.207089402803616e-6,4.463485060187392e-5,0.11111015448673095,-0.11111020796800648
35857,9.765625,-0.11111066722326136,8.993743510944012e-11,9.483534947973784e-6,2.4632201609154437e-5,0.11111066722326136,-0.11111020735731124
35858,3.90625,-0.11111085168981975,1.01581213622136e-10,1.0078750598270403e-5,1.6323378955073016e-5,0.11111085168981975,-0.11111020713100155
35859,1.5625,-0.11111099968159975,1.1617966033403535e-10,1.077866690894729e-5,1.288061242603097e-5,0.11111099968159975,-0.11111020708565535
35860,3.90625,-0.1111110276064522,1.1481202038619515e-10,1.0715037115483789e-5,1.1363100574169603e-5,0.1111110276064522,-0.11111020669281568
35861,9.765625,-0.111110778018989,7.624999612449159e-11,8.732124376375522e-6,8.169014822701774e-6,0.111110778018989,-0.11111020592309005
35862,24.4140625,-0.11111035473750054,1.3212454472146141e-11,3.6348940111296423e-6,7.89285912164224e-6,0.11111035473750054,-0.11111020588044972
35863,9.765625,-0.11111056748384164,2.6066473853890643e-12,1.61451150054407e-6,1.4939884355574069e-5,0.11111056748384164,-0.11111020618387063
35864,3.90625,-0.1111106376110099,1.1641856268442527e-12,1.078974340215861e-6,1.5937243118645495e-5,0.1111106376110099,-0.11111020645251392
35865,1.5625,-0.11111069140561038,4.75755219319596e-12,2.1811813755843323e-6,1.5631726949057147e-5,0.11111069140561038,-0.11111020669055985
35866,0.625,-0.11111074112228887,1.264616440725962e-11,3.5561445987557397e-6,1.5212644546057194e-5,0.11111074112228887,-0.11111020691315197
35867,0.25,-0.11111078963529103,2.4632647484556205e-11,4.963128799916058e-6,1.4896434536069554e-5,0.11111078963529103,-0.11111020712877615
35868,0.1,-0.11111083778603441,4.063102721777e-11,6.374247188317221e-6,1.4680826814773641e-5,0.11111083778603441,-0.11111020734095745
35869,0.1,-0.11111088424706335,6.044181199695383e-11,7.774433226734526e-6,1.4531769896422506e-5,0.11111088424706335,-0.11111020754619085
35870,0.1,-0.11111092885096023,8.388533758794319e-11,9.158893906359173e-6,1.4376961819754939e-5,0.11111092885096023,-0.11111020774403559
35871,0.1,-0.11111097143804326,1.1077401643068271e-10,1.0524923583127941e-5,1.421567740410086e-5,0.11111097143804326,-0.1111102079340516
35872,0.1,-0.11111101185686421,1.4091257426616408e-10,1.1870660228738925e-5,1.4047349282622642e-5,0.11111101185686421,-0.11111020811580609
35873,0.25,-0.11111104396640256,1.7305368365896896e-10,1.3154987026180184e-5,1.3873358490495978e-5,0.11111104396640256,-0.11111020825824446
35874,0.625,-0.11111105414708584,2.0395665474573745e-10,1.428133938906773e-5,1.3507194770012807e-5,0.11111105414708584,-0.11111020829272808
35875,1.5625,-0.11111100910718434,2.248763782345738e-10,1.4995878708317622e-5,1.2623297695723022e-5,0.11111100910718434,-0.11111020804750767
35876,3.90625,-0.11111084053816074,2.1525170348984717e-10,1.4671458805785033e-5,1.0451275236218267e-5,0.11111084053816074,-0.11111020720445274
35877,9.765625,-0.11111048475906078,1.434668356499955e-10,1.1977764217498837e-5,5.969636564396768e-6,0.11111048475906078,-0.11111020573859755
35878,24.4140625,-0.11111026567864409,2.689995642207806e-11,5.1865167908797965e-6,9.192411519365608e-6,0.11111026567864409,-0.11111020565152639
35879,9.765625,-0.11111041350862176,5.542559325041486e-12,2.354264072919919e-6,2.039299425839877e-5,0.11111041350862176,-0.11111020621587307
35880,3.90625,-0.11111047278941989,1.9424053131389313e-12,1.3937020173404828e-6,2.2137536442340013e-5,0.11111047278941989,-0.11111020673528847
35881,1.5625,-0.11111052001958853,8.562347546657394e-12,2.926148927627812e-6,2.186312627920027e-5,0.11111052001958853,-0.11111020719996487
35882,0.625,-0.11111056397092672,2.3978267836465278e-11,4.896760953575871e-6,2.1366470410644216e-5,0.11111056397092672,-0.11111020763730463
35883,0.25,-0.11111060688038314,4.784488571679907e-11,6.916999762671607e-6,2.099073639472123e-5,0.11111060688038314,-0.11111020806356647
35884,0.1,-0.1111106494500554,8.003860330237483e-11,8.946429639938762e-6,2.074486662241604e-5,0.1111106494500554,-0.11111020848548184
35885,0.1,-0.11111069129513473,1.20223574553187e-10,1.0964651136866461e-5,2.0584501597680036e-5,0.11111069129513473,-0.11111020889577622
35886,0.1,-0.11111073231098362,1.6808430972411275e-10,1.296473330709555e-5,2.0407982259726955e-5,0.11111073231098362,-0.11111020929311397
35887,0.1,-0.11111077239586346,2.2328157282176098e-10,1.4942609304327038e-5,2.0215242971581008e-5,0.11111077239586346,-0.11111020967620919
35888,0.1,-0.11111081145124024,2.854535087774368e-10,1.6895369447793582e-5,2.000628986283796e-5,0.11111081145124024,-0.11111021004383095
35889,0.25,-0.11111084657715628,3.521942710461956e-10,1.8766839665915932e-5,1.9782855548694055e-5,0.11111084657715628,-0.11111021033228007
35890,0.625,-0.11111087103312706,4.171447481747767e-10,2.0424121723461615e-5,1.9271647396712433e-5,0.11111087103312706,-0.11111021039970406
35891,1.5625,-0.11111086780362182,4.628766211571511e-10,2.1514567649784438e-5,1.798652275269472e-5,0.11111086780362182,-0.11111020988815244
35892,3.90625,-0.11111079981369193,4.4728205790269773e-10,2.114904390043904e-5,1.4737081768360386e-5,0.11111079981369193,-0.11111020812089104
35893,9.765625,-0.1111106207065767,3.0150764004098567e-10,1.736397535246424e-5,7.496411787114434e-6,0.1111106207065767,-0.11111020500390284
35894,24.4140625,-0.1111104425948666,5.570687894577112e-11,7.463704103578271e-6,1.2360955052890097e-5,0.1111104425948666,-0.11111020480012264
35895,9.765625,-0.11111047516281804,1.045103316730659e-11,3.232805773211034e-6,2.9444436501727553e-5,0.11111047516281804,-0.11111020599382224
35896,3.90625,-0.11111047015418365,2.6013977535119137e-12,1.6128849163879963e-6,3.209464922028044e-5,0.11111047015418365,-0.11111020709120999
35897,1.5625,-0.11111046182984545,1.655844673440435e-11,4.0692071383015575e-6,3.1744314813592126e-5,0.11111046182984545,-0.11111020807174203
35898,0.625,-0.1111104528087803,4.9354407210462356e-11,7.025269191316612e-6,3.105256428295961e-5,0.1111104528087803,-0.11111020899476125
35899,0.25,-0.11111044361327835,1.0030216040028e-10,1.0015096624610268e-5,3.053117206652683e-5,0.11111044361327835,-0.11111020989541177
35900,0.1,-0.11111043438422559,1.6918191206818276e-10,1.300699473622492e-5,3.019640611238803e-5,0.11111043438422559,-0.1111102107882036
35901,0.1,-0.11111042494066985,2.553257029257223e-10,1.5978914322497704e-5,2.9984298099641586e-5,0.11111042494066985,-0.11111021165765184
35902,0.1,-0.11111041525858496,3.5809906738054345e-10,1.8923505684215688e-5,2.9745825320157215e-5,0.11111041525858496,-0.11111021250067772
35903,0.1,-0.11111040531547885,4.768119357322217e-10,2.1836023807740768e-5,2.9481171224072716e-5,0.11111040531547885,-0.11111021331432522
35904,0.1,-0.11111039509050243,6.107214750159416e-10,2.4712779589029267e-5,2.919057576065501e-5,0.11111039509050243,-0.1111102140957723
35905,0.25,-0.11111038371796199,7.547570587327305e-10,2.747284220339662e-5,2.8876449501155887e-5,0.11111038371796199,-0.11111021470819885
35906,0.625,-0.1111103693057012,8.954460751604059e-10,2.9924004998669644e-5,2.8133932380101057e-5,0.1111103693057012,-0.11111021484608
35907,1.5625,-0.11111034741637543,9.95725896366233e-10,3.1555124724301645e-5,2.6237980698877053e-5,0.11111034741637543,-0.11111021373621142
35908,3.90625,-0.11111031027432484,9.655101359736652e-10,3.1072658978170266e-5,2.1386071860658054e-5,0.11111031027432484,-0.11111020990527866
35909,9.765625,-0.11111026049503084,6.551663036301975e-10,2.5596216588202983e-5,1.0100620574049586e-5,0.11111026049503084,-0.11111020309539268
35910,24.4140625,-0.11111029987877383,1.229277231013173e-10,1.1087277533340513e-5,1.7153436311009945e-5,0.11111029987877383,-0.11111020251925395
35911,9.765625,-0.11111039040260126,2.3018846110538954e-11,4.797795963829532e-6,4.311483291809886e-5,0.11111039040260126,-0.11111020509204608
35912,3.90625,-0.1111104501460353,4.529762984162304e-12,2.128323984773536e-6,4.7193814155666794e-5,0.1111104501460353,-0.11111020747411397
35913,1.5625,-0.1111105036997888,3.3628233386140924e-11,5.798985548019664e-6,4.6747303615761105e-5,0.1111105036997888,-0.11111020960513646
35914,0.625,-0.11111055537814465,1.0385076564159197e-10,1.0190719584091792e-5,4.5760405501309176e-5,0.11111055537814465,-0.11111021161148694
35915,0.25,-0.11111060645952278,2.1371958362928472e-10,1.4619151262275273e-5,4.5010736053561306e-5,0.11111060645952278,-0.11111021356948034
35916,0.1,-0.11111065737283359,3.627842377282999e-10,1.9046895750444478e-5,4.453088257785204e-5,0.11111065737283359,-0.11111021551092604
35917,0.1,-0.1111107079528289,5.496414589050485e-10,2.3444433431095076e-5,4.422962846824829e-5,0.1111107079528289,-0.11111021740270467
35918,0.1,-0.11111075813355507,7.729491122212482e-10,2.780196238076097e-5,4.388862756090753e-5,0.11111075813355507,-0.11111021923799184
35919,0.1,-0.1111108078494533,1.0312409504514838e-9,3.211294054507441e-5,4.350818386989255e-5,0.1111108078494533,-0.11111022101022867
35920,0.1,-0.11111085703551438,1.3229328031754692e-9,3.637214323043762e-5,4.308867492135754e-5,0.11111085703551438,-0.11111022271314812
35921,0.25,-0.11111090406175114,1.6371075279243519e-9,4.046118544882678e-5,4.263344380384899e-5,0.11111090406175114,-0.11111022404959896
35922,0.625,-0.11111094501591821,1.944672361994607e-9,4.409843945078563e-5,4.154369967524403e-5,0.11111094501591821,-0.11111022435453197
35923,1.5625,-0.11111096964048336,2.165446354132002e-9,4.653435670697514e-5,3.874365748569976e-5,0.11111096964048336,-0.11111022194188219
35924,3.90625,-0.11111095341215389,2.1040672634528876e-9,4.58701129653382e-5,3.154338031848453e-5,0.11111095341215389,-0.11111021358458222
35925,9.765625,-0.11111085132726192,1.4340260481026121e-9,3.786853638711974e-5,1.4497053302878747e-5,0.11111085132726192,-0.11111019864235779
35926,24.4140625,-0.11111064517567507,2.735126523157788e-10,1.6538217930471795e-5,2.4578893915863092e-5,0.11111064517567507,-0.11111019714703294
35927,9.765625,-0.11111056686529584,5.2152295412789106e-11,7.221654617384378e-6,6.35374252889065e-5,0.11111056686529584,-0.1111102027392645
35928,3.90625,-0.11111049270366584,9.31201097532745e-12,3.051558777957169e-6,6.97387104253052e-5,0.11111049270366584,-0.11111020795120127
35929,1.5625,-0.11111042283383588,7.085690111836385e-11,8.417654133923764e-6,6.914864754858456e-5,0.11111042283383588,-0.11111021262084061
35930,0.625,-0.11111035463345019,2.2257946812654648e-10,1.4919097430023926e-5,6.772032257849581e-5,0.11111035463345019,-0.11111021701855127
35931,0.25,-0.11111028711664737,4.612371842207095e-10,2.1476433228557984e-5,6.662725880128726e-5,0.11111028711664737,-0.11111022131043981
35932,0.1,-0.11111021992714061,7.858574510790174e-10,2.8033149146662374e-5,6.592697545925221e-5,0.11111021992714061,-0.11111022556626073
35933,0.1,-0.11111015307927878,1.1934240644508303e-9,3.454597030698125e-5,6.548818467477547e-5,0.11111015307927878,-0.11111022971440715
35934,0.1,-0.11111008661751536,1.6810393347952096e-9,4.100047968981838e-5,6.499008886028625e-5,0.11111008661751536,-0.11111023373982118
35935,0.1,-0.11111002058598525,2.245532224440956e-9,4.738704701119237e-5,6.443316311394883e-5,0.11111002058598525,-0.11111023762802626
35936,0.1,-0.11110995502850039,2.8834718432492826e-9,5.3697968706919284e-5,6.381798329278761e-5,0.11110995502850039,-0.11111024136518356
35937,0.25,-0.11110989089391476,3.571177884306299e-9,5.9759333030969306e-5,6.314936445397773e-5,0.11110989089391476,-0.1111102443026145
35938,0.625,-0.11110983058593708,4.245455734138626e-9,6.515716180235774e-5,6.154211491304054e-5,0.11110983058593708,-0.11111024498640863
35939,1.5625,-0.11110978082150366,4.731950899209944e-9,6.87891771953259e-5,5.7403028343413986e-5,0.11110978082150366,-0.1111102397257163
35940,3.90625,-0.11110976018105989,4.605090481881263e-9,6.786081698507072e-5,4.67356728034905e-5,0.11110976018105989,-0.11111022143150605
35941,9.765625,-0.11110981883703375,3.149947750037363e-9,5.612439532001537e-5,2.1242432262703084e-5,0.11110981883703375,-0.11111018856310248
35942,24.4140625,-0.11111007644418998,6.087801617839855e-10,2.4673470809433874e-5,3.567859745863352e-5,0.11111007644418998,-0.11111018488157089
35943,9.765625,-0.11111025101300925,1.1724816904112494e-10,1.0828119367698389e-5,9.400498406976585e-5,0.11111025101300925,-0.11111019713070233
35944,3.90625,-0.11111039013200298,1.8697898521570168e-11,4.324106673241326e-6,0.00010339803104494742,0.11111039013200298,-0.11111020860849172
35945,1.5625,-0.11111051872698369,1.5006995872670885e-10,1.2250304434041991e-5,0.0001026107198557948,0.11111051872698369,-0.11111021890541473
35946,0.625,-0.1111106439522578,4.800237452661866e-10,2.1909444202585027e-5,0.00010053355047130975,0.1111106439522578,-0.11111022860539448
35947,0.25,-0.1111107681732058,1.0014199213058883e-9,3.16452195648235e-5,9.893391244872699e-5,0.1111107681732058,-0.11111023807238292
35948,0.1,-0.11111089222031655,1.71215124442588e-9,4.1378149359606215e-5,9.79085497259255e-5,0.11111089222031655,-0.11111024746021558
35949,0.1,-0.11111101588822296,2.6056994493162083e-9,5.104605224026838e-5,9.726745148604689e-5,0.11111101588822296,-0.11111025661323319
35950,0.1,-0.11111113904437224,3.6757766356427664e-9,6.062818350934462e-5,9.65380943767047e-5,0.11111113904437224,-0.11111026549814935
35951,0.1,-0.1111112615546921,4.915490492394032e-9,7.011055906490856e-5,9.572116494330538e-5,0.1111112615546921,-0.11111027408294145
35952,0.1,-0.11111138328391544,6.317373524609699e-9,7.948190690094004e-5,9.481749777486169e-5,0.11111138328391544,-0.11111028233697615
35953,0.25,-0.11111150130517627,7.829769931969928e-9,8.848598720684495e-5,9.383400322240922e-5,0.11111150130517627,-0.11111028883713013
35954,0.625,-0.11111160839432893,9.314629337320068e-9,9.651232738526239e-5,9.146013330621154e-5,0.11111160839432893,-0.1111102903895626
35955,1.5625,-0.11111168514144987,1.0390689436260459e-8,0.00010193473125613497,8.533407540832364e-5,0.11111168514144987,-0.11111027887729787
35956,3.90625,-0.11111168291701805,1.0125964819565498e-8,0.00010062785310025003,6.952091604075701e-5,0.11111168291701805,-0.11111023866310174
35957,9.765625,-0.11111150009830606,6.948304147534486e-9,8.335648833494898e-5,3.1536465611467924e-5,0.11111150009830606,-0.11111016609159592
35958,24.4140625,-0.1111111063484154,1.116659684305408e-10,1.0567211951623796e-5,5.099224469795624e-5,0.1111111063484154,-0.11111021030747431
35959,9.765625,-0.11111010192033381,1.178057331870654e-10,1.0853834953004649e-5,2.8388593933156386e-5,0.11111010192033381,-0.11111020953517345
35960,3.90625,-0.11110971949402167,1.3442188816634886e-10,1.1594045375379072e-5,1.8752080436023747e-5,0.11110971949402167,-0.11111020923121898
35961,1.5625,-0.11110941187480901,1.551038412111087e-10,1.245406926314081e-5,1.4647543666644956e-5,0.11110941187480901,-0.1111102091612021
35962,3.90625,-0.11110933549503944,1.5394342536227124e-10,1.2407393979489457e-5,1.2827191412385692e-5,0.11110933549503944,-0.11111020862032012
35963,9.765625,-0.11110980590293783,1.0176293144175655e-10,1.0087761468321728e-5,8.856199877250985e-6,0.11110980590293783,-0.11111020757267258
35964,24.4140625,-0.11111067400009501,1.8316671075213903e-11,4.279798018039392e-6,8.457827652444298e-6,0.11111067400009501,-0.1111102074783525
35965,9.765625,-0.11111025963681345,3.6058586204660326e-12,1.8989098505368896e-6,1.7226134589465103e-5,0.11111025963681345,-0.1111102078862585
35966,3.90625,-0.11111011209368953,1.670566682746153e-12,1.2925040358722881e-6,1.842446738637876e-5,0.11111011209368953,-0.11111020824382048
35967,1.5625,-0.11110999657642447,6.6193157492106545e-12,2.572803091806805e-6,1.808969058152309e-5,0.11110999657642447,-0.11111020856104771
35968,0.625,-0.11110988921948296,1.7480111919341923e-11,4.180922376622403e-6,1.7623473007332823e-5,0.11110988921948296,-0.1111102088584762
35969,0.25,-0.11110978431026199,3.401168114616166e-11,5.831953458847358e-6,1.7277412691942337e-5,0.11110978431026199,-0.11111020914751288
35970,0.1,-0.11110968015706024,5.611906085881325e-11,7.491265637982226e-6,1.7047825555891143e-5,0.11110968015706024,-0.11111020943282746
35971,0.1,-0.11110957928117886,8.353508434983651e-11,9.139752969847518e-6,1.6894284768321955e-5,0.11110957928117886,-0.11111020970943034
35972,0.1,-0.11110948201378558,1.1602301586033951e-10,1.0771398045766367e-5,1.673099995184133e-5,0.11110948201378558,-0.11111020997658132
35973,0.1,-0.1111093886715418,1.5333252891704119e-10,1.23827512660572e-5,1.655747604862075e-5,0.1111093886715418,-0.11111021023355648
35974,0.1,-0.11110929955565181,1.9520039024987871e-10,1.3971413323278312e-5,1.6373350880185174e-5,0.11110929955565181,-0.11111021047965434
35975,0.25,-0.11110922658384287,2.398489979219345e-10,1.548705904689249e-5,1.618016745039114e-5,0.11110922658384287,-0.11111021067171974
35976,0.625,-0.11110919628814384,2.826592542481273e-10,1.6812473174644094e-5,1.575461263192908e-5,0.11110919628814384,-0.11111021071446242
35977,1.5625,-0.11110927382464793,3.112480378109129e-10,1.7642223153869042e-5,1.4706081820618588e-5,0.11110927382464793,-0.11111021037026489
35978,3.90625,-0.11110959457915627,2.970348039048333e-10,1.723469767372881e-5,1.2109018102152581e-5,0.11110959457915627,-0.11111020920232173
35979,9.765625,-0.1111102957519228,1.9793680746195635e-10,1.4069001651217344e-5,6.666263726028224e-6,0.1111102957519228,-0.11111020717591477
35980,24.4140625,-0.11111079497946219,3.7975774866587624e-11,6.162448771924001e-6,1.0373215856163709e-5,0.11111079497946219,-0.11111020701172272
35981,9.765625,-0.11111053066626521,7.317399780830301e-12,2.705069274682314e-6,2.38853877240661e-5,0.11111053066626521,-0.11111020779624778
35982,3.90625,-0.11111042872715443,1.7230333615683068e-12,1.3126436536883521e-6,2.6079341441334826e-5,0.11111042872715443,-0.11111020852264088
35983,1.5625,-0.11111034901050744,1.0472088038986792e-11,3.236060574060194e-6,2.5812053092736716e-5,0.11111034901050744,-0.11111020917286976
35984,0.625,-0.11111027535379984,3.1570063237720623e-11,5.618724342563944e-6,2.5254003652020434e-5,0.11111027535379984,-0.11111020978481613
35985,0.25,-0.11111020364690889,6.454547554196145e-11,8.03401988682885e-6,2.482786117752471e-5,0.11111020364690889,-0.1111102103814023
35986,0.1,-0.11111013260263503,1.092412381076503e-10,1.0451853333627022e-5,2.4550648039291886e-5,0.11111013260263503,-0.11111021097222089
35987,0.1,-0.1111100628753091,1.6521366975558617e-10,1.285354697177344e-5,2.4372320382792415e-5,0.1111100628753091,-0.11111021154738412
35988,0.1,-0.11110999465083184,2.3204103960014794e-10,1.5232893343030665e-5,2.4173909455968993e-5,0.11110999465083184,-0.11111021210494872
35989,0.1,-0.1111099281094602,3.0926658858259574e-10,1.758597704372992e-5,2.395540267063519e-5,0.1111099281094602,-0.1111102126430423
35990,0.1,-0.11110986342528144,3.964001768238928e-10,1.9909801024216512e-5,2.371685888256135e-5,0.11110986342528144,-0.11111021315987263
35991,0.25,-0.11110980571497138,4.901328814157745e-10,2.2138944902948163e-5,2.346013131715582e-5,0.11110980571497138,-0.1111102135665972
35992,0.625,-0.11110976687866383,5.816788152916288e-10,2.41180184777197e-5,2.286095594824306e-5,0.11110976687866383,-0.11111021366466674
35993,1.5625,-0.11110977694133535,6.469019718926345e-10,2.5434267669674204e-5,2.1339714006458023e-5,0.11110977694133535,-0.1111102129516177
35994,3.90625,-0.11110990119976843,6.273381913671418e-10,2.5046720171853674e-5,1.7464956298004184e-5,0.11110990119976843,-0.11111021047001422
35995,9.765625,-0.1111102202795054,4.265889767352143e-10,2.0654030520341892e-5,8.608304369600986e-6,0.1111102202795054,-0.11111020604271972
35996,24.4140625,-0.11111052711395793,8.1659913418005e-11,9.03658748743158e-6,1.4017484472720405e-5,0.11111052711395793,-0.11111020561493627
35997,9.765625,-0.11111044757454205,1.5593373353546073e-11,3.948844559304161e-6,3.489345616604167e-5,0.11111044757454205,-0.11111020729582807
35998,3.90625,-0.11111043783298194,2.854670269959292e-12,1.6895769499964458e-6,3.825177793720279e-5,0.11111043783298194,-0.1111102088626897
35999,1.5625,-0.11111043558807229,2.1241178663252367e-11,4.60881532101823e-6,3.792457530815607e-5,0.11111043558807229,-0.11111021026758061
36000,0.625,-0.11111043517854571,6.65084055490189e-11,8.155268576142597e-6,3.714374737153463e-5,0.11111043517854571,-0.1111102115911702
36001,0.25,-0.11111043534127538,1.3768301919458297e-10,1.173384076909956e-5,3.6546285827050415e-5,0.11111043534127538,-0.11111021288300396
36002,0.1,-0.11111043571025185,2.3446954625396156e-10,1.5312398448772208e-5,3.6162976271176094e-5,0.11111043571025185,-0.11111021416389562
36003,0.1,-0.1111104366029464,3.559650985151269e-10,1.886703735394423e-5,3.592222271305701e-5,0.1111104366029464,-0.1111102154125053
36004,0.1,-0.11111043807344208,5.013028379357364e-10,2.2389793164201773e-5,3.564957446388326e-5,0.11111043807344208,-0.11111021662437535
36005,0.1,-0.11111044017259138,6.69535266506506e-10,2.5875379543235808e-5,3.534524237056181e-5,0.11111044017259138,-0.11111021779521679
36006,0.1,-0.11111044294783913,8.596381359036652e-10,2.9319586216446935e-5,3.5009501865340894e-5,0.11111044294783913,-0.11111021892092744
36007,0.25,-0.11111044818746668,1.0645589769531287e-9,3.262758000454721e-5,3.464493275561543e-5,0.11111044818746668,-0.11111021980816847
36008,0.625,-0.11111045988338532,1.2654822136157886e-9,3.557361681943219e-5,3.3770829146134764e-5,0.11111045988338532,-0.11111022002363237
36009,1.5625,-0.11111048767670617,1.410504089449964e-9,3.7556678360179353e-5,3.152312167394394e-5,0.11111048767670617,-0.11111021846724133
36010,3.90625,-0.11111055027923264,1.3729551660060186e-9,3.705340964076071e-5,2.574294670763174e-5,0.11111055027923264,-0.111110213024997
36011,9.765625,-0.11111065650378577,9.400119006512663e-10,3.0659613511120235e-5,1.2103023001436734e-5,0.11111065650378577,-0.11111020322839377
36012,24.4140625,-0.11111065619567369,1.828094393096453e-10,1.352070409814686e-5,1.9794261642835138e-5,0.11111065619567369,-0.11111020210476594
36013,9.765625,-0.11111053082025292,3.54793274352873e-11,5.956452588184288e-6,5.1514065094264426e-5,0.11111053082025292,-0.1111102057747989
36014,3.90625,-0.11111045273142707,5.560932376393012e-12,2.3581629240561417e-6,5.667167904194568e-5,0.11111045273142707,-0.1111102092228391
36015,1.5625,-0.1111103836752053,4.438424042695242e-11,6.6621498352222925e-6,5.6260702044615726e-5,0.1111103836752053,-0.11111021231988599
36016,0.625,-0.1111103174062392,1.4258690436477413e-10,1.1940975854794035e-5,5.5137739016813684e-5,0.1111103174062392,-0.11111021523896214
36017,0.25,-0.11111025212607979,2.9804095936918547e-10,1.726386281714453e-5,5.427149361086247e-5,0.11111025212607979,-0.11111021808859047
36018,0.1,-0.11111018724160848,5.101257977448785e-10,2.2585964618427935e-5,5.371687089092357e-5,0.11111018724160848,-0.11111022091477064
36019,0.1,-0.11111012298115285,7.769126771134628e-10,2.7873153339969678e-5,5.337113579390839e-5,0.11111012298115285,-0.11111022367116369
36020,0.1,-0.11111005942793327,1.0965385496407633e-9,3.3114023458963174e-5,5.297731223578769e-5,0.11111005942793327,-0.1111102263478066
36021,0.1,-0.11110999666331715,1.4669593882375118e-9,3.830090584095253e-5,5.253574648156018e-5,0.11110999666331715,-0.11111022893510605
36022,0.1,-0.1111099347666703,1.8859587700734128e-9,4.34276268068313e-5,5.204687069030297e-5,0.1111099347666703,-0.11111023142387791
36023,0.25,-0.11110987590574838,2.3381587853426178e-9,4.8354511530389984e-5,5.151429554310514e-5,0.11110987590574838,-0.11111023338902581
36024,0.625,-0.11110982523163647,2.782427304163355e-9,5.2748718507309304e-5,5.022400172697478e-5,0.11110982523163647,-0.1111102338759672
36025,1.5625,-0.11110979615882467,3.1051104211569643e-9,5.5723517666753276e-5,4.688926966445454e-5,0.11110979615882467,-0.11111023045728274
36026,3.90625,-0.11110982050927035,3.028204078003055e-9,5.502912027284331e-5,3.828180256036298e-5,0.11110982050927035,-0.11111021844903197
36027,9.765625,-0.1111099559912009,2.081852041886389e-9,4.5627316838560524e-5,1.7714426065943804e-5,0.1111099559912009,-0.11111019671207704
36028,24.4140625,-0.11111022330331467,4.111880162452058e-10,2.0277771481235452e-5,2.868163010937745e-5,0.11111022330331467,-0.1111101939107762
36029,9.765625,-0.11111032246652021,8.123623732746172e-11,9.013114740613354e-6,7.644037549281613e-5,0.11111032246652021,-0.11111020199204763
36030,3.90625,-0.11111041714365778,1.168116883724706e-11,3.4177724964144497e-6,8.430200151108413e-5,0.11111041714365778,-0.11111020963470919
36031,1.5625,-0.11111050658090471,9.468004718354875e-11,9.730367268687691e-6,8.377268533559346e-5,0.11111050658090471,-0.11111021651068387
36032,0.625,-0.11111059416779,3.094282318741664e-10,1.759057224407911e-5,8.214010655726991e-5,0.11111059416779,-0.11111022299418062
36033,0.25,-0.11111068119966978,6.512106439005379e-10,2.551882920316953e-5,8.087134208577874e-5,0.11111068119966978,-0.11111022932413744
36034,0.1,-0.11111076815260852,1.1186793216417206e-9,3.344666383425589e-5,8.005869978312114e-5,0.11111076815260852,-0.11111023560257653
36035,0.1,-0.11111085496694144,1.707645583696414e-9,4.132366856531997e-5,7.955358451115587e-5,0.11111085496694144,-0.11111024172806046
36036,0.1,-0.1111109415658646,2.414045086362241e-9,4.9132932808476244e-5,7.897637864352288e-5,0.1111109415658646,-0.11111024767834694
36037,0.1,-0.11111102787071143,3.233409544887377e-9,5.6863077166887274e-5,7.832762149929864e-5,0.11111102787071143,-0.11111025343201172
36038,0.1,-0.11111111380112532,4.160885627227268e-9,6.450492715465438e-5,7.760797239642646e-5,0.11111111380112532,-0.11111025896853394
36039,0.25,-0.1111111978084976,5.162705740180441e-9,7.185197102502089e-5,7.68226426221638e-5,0.1111111978084976,-0.11111026334861053
36040,0.625,-0.11111127595905579,6.14840870225459e-9,7.841178930654873e-5,7.491053723459307e-5,0.11111127595905579,-0.111110264459987
36041,1.5625,-0.11111133737387488,6.86776031812408e-9,8.287195133532261e-5,6.995653787490186e-5,0.11111133737387488,-0.11111025692471393
36042,3.90625,-0.11111135317400975,6.707632001681068e-9,8.19001343202871e-5,5.71445864810933e-5,0.11111135317400975,-0.11111023033166376
36043,9.765625,-0.11111125376863958,4.6269091498179324e-9,6.802138744408211e-5,2.63272483953912e-5,0.11111125376863958,-0.11111018196688757
36044,24.4140625,-0.11111080467853839,7.170517172257431e-11,8.467890630055061e-6,4.105808234091901e-5,0.11111080467853839,-0.11111021103849288
36045,9.765625,-0.1111102164835606,7.638317561569964e-11,8.739746885104833e-6,2.266027330688947e-5,0.1111102164835606,-0.11111021051873596
36046,3.90625,-0.11111000094874385,8.6687242279669e-11,9.31059838461895e-6,1.4955772927811081e-5,0.11111000094874385,-0.1111102103206386
36047,1.5625,-0.11110982770534283,9.942135335826609e-11,9.971025692388226e-6,1.1750215245614827e-5,0.11110982770534283,-0.1111102102770385
36048,3.90625,-0.11110979025256651,9.858466109595652e-11,9.928980868949065e-6,1.035639355317558e-5,0.11110979025256651,-0.11111020993513984
36049,9.765625,-0.11111006958049385,6.610195787848031e-11,8.130311056686595e-6,7.380251996758379e-6,0.11111006958049385,-0.11111020926324013
36050,24.4140625,-0.11111056209667539,1.2090235290605151e-11,3.477101564608827e-6,7.177409602103925e-6,0.11111056209667539,-0.11111020920122135
36051,9.765625,-0.11111032903109716,2.4606477930366385e-12,1.5686452094201028e-6,1.403913537341336e-5,0.11111032903109716,-0.11111020946798893
36052,3.90625,-0.11111025207745717,9.3381234969698e-13,9.663396657992365e-7,1.508162857294937e-5,0.11111025207745717,-0.11111020970864591
36053,1.5625,-0.11111019299027275,3.889460679630099e-12,1.9721715644512523e-6,1.4860656720367154e-5,0.11111019299027275,-0.11111020992398465
36054,0.625,-0.11111013838601795,1.0690842405322386e-11,3.269685367940222e-6,1.4511615652092253e-5,0.11111013838601795,-0.11111021012654335
36055,0.25,-0.11111008511332514,2.1178931354357378e-11,4.602057295857732e-6,1.4247772842677934e-5,0.11111008511332514,-0.11111021032362378
36056,0.1,-0.11111003224815723,3.52927162200459e-11,5.9407673090305345e-6,1.4071918187644336e-5,0.11111003224815723,-0.11111021051827817
36057,0.1,-0.1111099812536534,5.287160172365073e-11,7.2712861120747225e-6,1.3954346363236739e-5,0.1111099812536534,-0.11111021070739205
36058,0.1,-0.11110993231433512,7.376975821710023e-11,8.588932309495764e-6,1.3828917580705288e-5,0.11110993231433512,-0.11111021089047143
36059,0.1,-0.11110988560622374,9.783241727903304e-11,9.891027109407447e-6,1.3695253250734863e-5,0.11110988560622374,-0.11111021106703324
36060,0.1,-0.1111098412962972,1.2489624923994351e-10,1.1175699049273988e-5,1.3553077169116512e-5,0.1111098412962972,-0.1111102112366079
36061,0.25,-0.11110980615020268,1.5387139009137373e-10,1.2404490722773496e-5,1.34035193663783e-5,0.11110980615020268,-0.11111021137145045
36062,0.625,-0.11110979517697579,1.819042479255586e-10,1.348718828835568e-5,1.3071824343797571e-5,0.11110979517697579,-0.11111021140993252
36063,1.5625,-0.11110984509103383,2.0126697041540368e-10,1.4186859075052648e-5,1.2251168928142874e-5,0.11110984509103383,-0.11111021119718076
36064,3.90625,-0.1111100314053055,1.9372670865356228e-10,1.39185742320671e-5,1.0212852588580981e-5,0.1111100314053055,-0.11111021044270412
36065,9.765625,-0.11111042578999855,1.3084202548631717e-10,1.1438619911786437e-5,5.945638806710155e-6,0.11111042578999855,-0.11111020910281177
36066,24.4140625,-0.11111067708279722,2.5572661079878525e-11,5.056941870328205e-6,8.575419711586485e-6,0.11111067708279722,-0.11111020897253168
36067,9.765625,-0.11111051564888194,5.196333710871192e-12,2.2795468213816517e-6,1.9562396561721693e-5,0.11111051564888194,-0.11111020949340229
36068,3.90625,-0.11111044862140554,1.2339954180568992e-12,1.1108534638092007e-6,2.1388314003887012e-5,0.11111044862140554,-0.11111020998169303
36069,1.5625,-0.11111039474385304,6.76614943552579e-12,2.6011823149340742e-6,2.1203111869331788e-5,0.11111039474385304,-0.11111021042109848
36070,0.625,-0.11111034449308507,2.0480442973358232e-11,4.525532341433241e-6,2.0769568498299567e-5,0.11111034449308507,-0.11111021083561996
36071,0.25,-0.11111029541657284,4.206923772042799e-11,6.4860803048087515e-6,2.0436041617489473e-5,0.11111029541657284,-0.11111021124017956
36072,0.1,-0.1111102467411789,7.143392604582783e-11,8.451859324777468e-6,2.0219666130262787e-5,0.1111102467411789,-0.11111021164108456
36073,0.1,-0.11111019884529845,1.0829185388857312e-10,1.0406337198485022e-5,2.008156865397926e-5,0.11111019884529845,-0.11111021203186529
36074,0.1,-0.11111015184046225,1.5237273619511884e-10,1.2343935198919299e-5,1.9926985982132574e-5,0.11111015184046225,-0.11111021241121137
36075,0.1,-0.11111010583499686,2.033826738681239e-10,1.42612297459975e-5,1.9755936496142176e-5,0.11111010583499686,-0.11111021277785929
36076,0.1,-0.11111006093371834,2.6100522896930247e-10,1.6155656253130123e-5,1.9568492333099683e-5,0.11111006093371834,-0.11111021313059811
36077,0.25,-0.1111100201743669,3.2308694530542414e-10,1.7974619475956206e-5,1.936605115477077e-5,0.1111100201743669,-0.11111021341079749
36078,0.625,-0.11110999064272843,3.838925006344327e-10,1.9593174848258583e-5,1.8888317652949987e-5,0.11110999064272843,-0.1111102134871375
36079,1.5625,-0.11110999028128284,4.276254810330017e-10,2.0679107355807254e-5,1.766977015233571e-5,0.11110999028128284,-0.11111021302650412
36080,3.90625,-0.11111005849015194,4.1584966614711693e-10,2.0392392359581474e-5,1.4564459892239865e-5,0.11111005849015194,-0.11111021139013645
36081,9.765625,-0.11111024652807175,2.844410954196538e-10,1.6865381567567743e-5,7.5395963824232425e-6,0.11111024652807175,-0.11111020844033556
36082,24.4140625,-0.11111044732974172,5.557621529407988e-11,7.454945693570134e-6,1.1532116706347219e-5,0.11111044732974172,-0.11111020811030865
36083,9.765625,-0.11111042153690667,1.0947107149474298e-11,3.308641284496447e-6,2.8577375383174903e-5,0.11111042153690667,-0.11111020923253882
36084,3.90625,-0.11111043225685087,1.8978957065265844e-12,1.3776413562776723e-6,3.139040057970903e-5,0.11111043225685087,-0.11111021028858187
36085,1.5625,-0.11111044600524903,1.3664767698481452e-11,3.6965886569216017e-6,3.116403198089624e-5,0.11111044600524903,-0.1111102112387732
36086,0.625,-0.11111046037902726,4.341200763067499e-11,6.588778918029879e-6,3.054940025478519e-5,0.11111046037902726,-0.11111021213523789
36087,0.25,-0.11111047493350718,9.04944862262297e-11,9.512858993290592e-6,3.0075570718157066e-5,0.11111047493350718,-0.11111021301073086
36088,0.1,-0.11111048955653113,1.5472374989844876e-10,1.2438800179215387e-5,2.9772296559859578e-5,0.11111048955653113,-0.1111102138791418
36089,0.1,-0.11111050441834774,2.355158933871672e-10,1.534652707902238e-5,2.958330913764208e-5,0.11111050441834774,-0.11111021472640929
36090,0.1,-0.111110519536539,3.3230717331661786e-10,1.8229294372427524e-5,2.9368156605789376e-5,0.111110519536539,-0.11111021554952236
36091,0.1,-0.11111053492684181,4.444792738648043e-10,2.1082677103840592e-5,2.9127018106986116e-5,0.11111053492684181,-0.11111021634558074
36092,0.1,-0.11111055060306674,5.713618671053855e-10,2.3903176924948397e-5,2.8860123775817803e-5,0.11111055060306674,-0.11111021711180734
36093,0.25,-0.11111056730121849,7.083032067360582e-10,2.661396638489006e-5,2.856942487303714e-5,0.11111056730121849,-0.1111102177194359
36094,0.625,-0.11111058658941293,8.428605995776388e-10,2.9032061579874737e-5,2.7865105995123403e-5,0.11111058658941293,-0.11111021787932357
36095,1.5625,-0.1111106120365007,9.406516658815426e-10,3.0670045090960374e-5,2.6045854507297348e-5,0.1111106120365007,-0.11111021685609573
36096,3.90625,-0.11111064930716387,9.175637630208248e-10,3.029131497675241e-5,2.136173055930435e-5,0.11111064930716387,-0.11111021322993174
36097,9.765625,-0.1111106918902645,6.313463563760417e-10,2.512660654318529e-5,1.0359682777811256e-5,0.1111106918902645,-0.11111020664982557
36098,24.4140625,-0.11111063608443122,1.2536205331418828e-10,1.1196519696503385e-5,1.6158883046947237e-5,0.11111063608443122,-0.11111020579013652
36099,9.765625,-0.11111053693030239,2.5024981869864316e-11,5.0024975632042354e-6,4.2254564783083296e-5,0.11111053693030239,-0.11111020825139019
36100,3.90625,-0.11111046915548677,3.662791245479555e-12,1.913842011629893e-6,4.6595348007333905e-5,0.11111046915548677,-0.111110210585162
36101,1.5625,-0.11111040813948726,2.8599075945517914e-11,5.347810387954861e-6,4.631873948772283e-5,0.11111040813948726,-0.11111021268785021
36102,0.625,-0.11111034927236718,9.352804888034375e-11,9.670990067223922e-6,4.5430656746753575e-5,0.11111034927236718,-0.11111021467196536
36103,0.25,-0.11111029117207102,1.970255885346574e-10,1.403658037182338e-5,4.473975661091353e-5,0.11111029117207102,-0.1111102166097791
36104,0.1,-0.11111023337504007,3.386906286585024e-10,1.840354934947339e-5,4.429813329608068e-5,0.11111023337504007,-0.111110218532222
36105,0.1,-0.11111017603121744,5.17264645333623e-10,2.274345280149043e-5,4.402480892090978e-5,0.11111017603121744,-0.11111022040859025
36106,0.1,-0.11111011920513948,7.31525299727855e-10,2.704672438074258e-5,4.371189344883506e-5,0.11111011920513948,-0.11111022223211772
36107,0.1,-0.11111006296020971,9.801273047563596e-10,3.130698491960476e-5,4.3359674704943014e-5,0.11111006296020971,-0.11111022399628302
36108,0.1,-0.1111100073585965,1.2616080894766512e-9,3.551912287031665e-5,4.296850889567348e-5,0.1111100073585965,-0.11111022569483679
36109,0.25,-0.11110995401952298,1.5657513400537724e-9,3.9569575939776915e-5,4.2541150327831365e-5,0.11110995401952298,-0.11111022704283398
36110,0.625,-0.11110990682918566,1.8651662118794474e-9,4.318757010853293e-5,4.149569631378624e-5,0.11110990682918566,-0.11111022739919972
36111,1.5625,-0.11110987601920419,2.08405148374012e-9,4.565141272447239e-5,3.878231271293851e-5,0.11110987601920419,-0.11111022513098082
36112,3.90625,-0.11110988648045787,2.0365911442512997e-9,4.512860671737274e-5,3.17675721744111e-5,0.11110988648045787,-0.11111021707308934
36113,9.765625,-0.11110998712928852,1.4068636465055726e-9,3.7508181061010844e-5,1.5030221751702768e-5,0.11110998712928852,-0.11111020237749507
36114,24.4140625,-0.11111021839688125,2.83633136130847e-10,1.684141134616832e-5,2.3346916125526853e-5,0.11111021839688125,-0.11111020024449901
36115,9.765625,-0.11111032016386561,5.7698395077594985e-11,7.595945963314575e-6,6.281762176282217e-5,0.11111032016386561,-0.11111020568555333
36116,3.90625,-0.11111041136070474,7.928291362892252e-12,2.8157221743084404e-6,6.944791151955626e-5,0.11111041136070474,-0.11111021087847546
36117,1.5625,-0.11111049687381289,6.147451336233174e-11,7.840568433623403e-6,6.909850906211132e-5,0.11111049687381289,-0.11111021556394765
36118,0.625,-0.11111058042773214,2.0423674928235566e-10,1.429114233650885e-5,6.78009287374623e-5,0.11111058042773214,-0.11111021998635781
36119,0.25,-0.11111066336129474,4.330340146013966e-10,2.0809469349346623e-5,6.678329885232726e-5,0.11111066336129474,-0.11111022430563333
36120,0.1,-0.11111074615639928,7.469833771585614e-10,2.733099663675954e-5,6.613192675505458e-5,0.11111074615639928,-0.11111022859072023
36121,0.1,-0.11111082873821117,1.1433289825978257e-9,3.381314807286991e-5,6.572931675476136e-5,0.11111082873821117,-0.1111102327740255
36122,0.1,-0.1111109110324231,1.6193827503478856e-9,4.0241555019008464e-5,6.526721355335927e-5,0.1111109110324231,-0.11111023684038347
36123,0.1,-0.11111099296361725,2.1721812290969224e-9,4.660666507160668e-5,6.474606178156098e-5,0.11111099296361725,-0.11111024077517383
36124,0.1,-0.11111107445540518,2.798498146822903e-9,5.290083313921344e-5,6.416640224052512e-5,0.11111107445540518,-0.11111024456437787
36125,0.25,-0.11111115394423529,3.4757656711799337e-9,5.895562459324754e-5,6.353225175143384e-5,0.11111115394423529,-0.11111024757503923
36126,0.625,-0.1111112275050741,4.143397210386411e-9,6.436922564693792e-5,6.197572549128637e-5,0.1111112275050741,-0.11111024838124774
36127,1.5625,-0.11111128438239344,4.633562653029783e-9,6.807027730977584e-5,5.7928503239436815e-5,0.11111128438239344,-0.11111024334678224
36128,3.90625,-0.11111129641596454,4.534216503614767e-9,6.73365911196488e-5,4.74453567538491e-5,0.11111129641596454,-0.11111022540278576
36129,9.765625,-0.11111119749186704,3.1418040437085905e-9,5.6051797863303104e-5,2.2225970629548122e-5,0.11111119749186704,-0.111110192542904
36130,24.4140625,-0.11111087451964057,6.405146678641889e-10,2.5308391253973233e-5,3.417608651951891e-5,0.11111087451964057,-0.11111018742839929
36131,9.765625,-0.1111106879521277,1.3164523316330524e-10,1.1473675660541622e-5,9.367684659048884e-5,0.1111106879521277,-0.1111101995319692
36132,3.90625,-0.11111053432644721,1.662665107649426e-11,4.0775790705385785e-6,0.00010375362563064013,0.11111053432644721,-0.11111021113980636
36133,1.5625,-0.1111103920690539,1.326519086000334e-10,1.1517461030975247e-5,0.0001033031548544968,0.1111103920690539,-0.11111022162477907
36134,0.625,-0.1111102538487817,4.4810680601909934e-10,2.116853339320179e-5,0.00010139503255636573,0.1111102538487817,-0.11111023152273387
36135,0.25,-0.1111101172229059,9.558444895809596e-10,3.091673478200697e-5,9.988835194510246e-5,0.1111101172229059,-0.1111102411894154
36136,0.1,-0.1111099813424697,1.6538868369701188e-9,4.066800753627007e-5,9.892204364604016e-5,0.1111099813424697,-0.11111025077909886
36137,0.1,-0.11110984634781425,2.5361477345488695e-9,5.0360180048813063e-5,9.832460017032353e-5,0.11110984634781425,-0.11111026014247749
36138,0.1,-0.11110971234608054,3.5966710677793226e-9,5.9972252482121454e-5,9.763820680045122e-5,0.11110971234608054,-0.11111026924561639
36139,0.1,-0.1111095794424206,4.828886581984461e-9,6.949019054502916e-5,9.686351427544213e-5,0.1111095794424206,-0.1111102780557885
36140,0.1,-0.11110944773995368,6.225637566757971e-9,7.890270950200615e-5,9.600131532337079e-5,0.11110944773995368,-0.11111028654160111
36141,0.25,-0.11110931976501469,7.736904974917246e-9,8.795967811967734e-5,9.505749525296057e-5,0.11110931976501469,-0.11111029329345441
36142,0.625,-0.11110920172171182,9.228289767928541e-9,9.606398788270525e-5,9.273757410995401e-5,0.11110920172171182,-0.11111029513247266
36143,1.5625,-0.11110911042374894,1.0327232042626647e-8,0.00010162298973473792,8.669996598004333e-5,0.11110911042374894,-0.1111102839443477
36144,3.90625,-0.11110908972856326,1.0117911789453781e-8,0.00010058783121955548,7.104481163823283e-5,0.11110908972856326,-0.11111024391326332
36145,9.765625,-0.11110924440883524,7.030836064292531e-9,8.385008088423368e-5,3.321822932592731e-5,0.11110924440883524,-0.11111017031983131
36146,24.4140625,-0.11110987340061677,1.0633248780332533e-10,1.0311764533935274e-5,4.933105156086911e-5,0.11110987340061677,-0.11111021345389205
36147,9.765625,-0.11111080223276469,1.1201524344764628e-10,1.0583725404962388e-5,2.7732051876050173e-5,0.11111080223276469,-0.11111021273835206
36148,3.90625,-0.11111114758412818,1.2798089068749596e-10,1.1312863947184017e-5,1.8390317587786905e-5,0.11111114758412818,-0.11111021245259724
36149,1.5625,-0.11111142528397865,1.4795684913134988e-10,1.2163751441531099e-5,1.4396486703543359e-5,0.11111142528397865,-0.11111021238807359
36150,3.90625,-0.11111148838003182,1.4720326414352376e-10,1.2132735229268121e-5,1.2623132233276423e-5,0.11111148838003182,-0.11111021187187002
36151,9.765625,-0.11111104888624682,9.788395350717756e-11,9.893631967441358e-6,8.731774754145848e-6,0.11111104888624682,-0.11111021086233179
36152,24.4140625,-0.11111026524834251,1.8167511772249194e-11,4.262336421758517e-6,8.245391917854513e-6,0.11111026524834251,-0.11111021074794858
36153,9.765625,-0.11111064735853103,3.660439961531242e-12,1.9132276293037485e-6,1.697589036593263e-5,0.11111064735853103,-0.11111021114276434
36154,3.90625,-0.11111077930257203,1.4948195956836694e-12,1.2226281510269872e-6,1.8230402561818817e-5,0.11111077930257203,-0.11111021149376395
36155,1.5625,-0.1111108818462256,6.024382056074422e-12,2.454461663191019e-6,1.7943689711906437e-5,0.1111108818462256,-0.11111021180679066
36156,0.625,-0.11111097696200813,1.6312147354001926e-11,4.038829948636353e-6,1.7509368539681307e-5,0.11111097696200813,-0.1111102121009264
36157,0.25,-0.11111106986763643,3.212907089175268e-11,5.668251131676567e-6,1.7184261943344633e-5,0.11111106986763643,-0.1111102123870983
36158,0.1,-0.11111116210179355,5.338914458883911e-11,7.306787569707984e-6,1.6969322161216547e-5,0.11111116210179355,-0.11111021266983713
36159,0.1,-0.11111125131142324,7.984535290120526e-11,8.935622692415189e-6,1.6826857614335492e-5,0.11111125131142324,-0.11111021294439667
36160,0.1,-0.11111133719227141,1.1127741937223988e-10,1.0548811277686214e-5,1.6674187064431867e-5,0.11111133719227141,-0.11111021321001989
36161,0.1,-0.11111141945356258,1.4745124906471161e-10,1.2142950591380647e-5,1.6510889531037262e-5,0.11111141945356258,-0.11111021346596793
36162,0.1,-0.11111149781889135,1.881196122396556e-10,1.3715670316818482e-5,1.6336663343114088e-5,0.11111149781889135,-0.11111021371152509
36163,0.25,-0.11111156126334262,2.3159661257110012e-10,1.5218298609604824e-5,1.6152892345233642e-5,0.11111156126334262,-0.11111021390493579
36164,0.625,-0.1111115852756622,2.7348544107964633e-10,1.6537395232612854e-5,1.5741503847002166e-5,0.1111115852756622,-0.11111021395365948
36165,1.5625,-0.11111150976710092,3.0196561087958517e-10,1.7377157733058223e-5,1.471963927637605e-5,0.11111150976710092,-0.11111021362600568
36166,3.90625,-0.11111121049992105,2.8961542196844465e-10,1.701809102010107e-5,1.2175749341844583e-5,0.11111121049992105,-0.11111021249096412
36167,9.765625,-0.11111056564165105,1.9532819444360928e-10,1.397598634957867e-5,6.772108397717356e-6,0.11111056564165105,-0.11111021048651404
36168,24.4140625,-0.11111013214260004,3.9188361999589945e-11,6.260060862291192e-6,1.0018484756894974e-5,0.11111013214260004,-0.11111021024857422
36169,9.765625,-0.11111038617959658,7.921518296273008e-12,2.8145191945113837e-6,2.3723415005322824e-5,0.11111038617959658,-0.11111021101992412
36170,3.90625,-0.11111048581005972,1.5197832989447668e-12,1.2327949135783968e-6,2.605526626628476e-5,0.11111048581005972,-0.11111021174783868
36171,1.5625,-0.111110564320886,9.402895113826344e-12,3.0664140480089024e-6,2.5862746750121144e-5,0.111110564320886,-0.1111102124032095
36172,0.625,-0.1111106370891414,2.9584706387985104e-11,5.439182511001548e-6,2.5344888278725982e-5,0.1111106370891414,-0.11111021302117362
36173,0.25,-0.11111070803249601,6.160117502438209e-11,7.84864160376699e-6,2.4941997944553583e-5,0.11111070803249601,-0.11111021362406134
36174,0.1,-0.11111077837896305,1.0530645375350005e-10,1.0261893283088655e-5,2.4679973803397713e-5,0.11111077837896305,-0.11111021422141357
36175,0.1,-0.111110847478414,1.6028626139117157e-10,1.2660421059000035e-5,2.4512913804320917e-5,0.111110847478414,-0.1111102148037411
36176,0.1,-0.1111109151504383,2.261418859108925e-10,1.5038014693133284e-5,2.4325441140964092e-5,0.1111109151504383,-0.11111021536906474
36177,0.1,-0.11111098121979761,3.0243885789766343e-10,1.7390769330241356e-5,2.4117568041870133e-5,0.11111098121979761,-0.11111021591547385
36178,0.1,-0.11111104551694366,3.8870855127231896e-10,1.9715693020340902e-5,2.3889371672488902e-5,0.11111104551694366,-0.11111021644113636
36179,0.25,-0.11111110306049184,4.817562063807108e-10,2.1948945450310608e-5,2.3642488835542078e-5,0.11111110306049184,-0.11111021685853754
36180,0.625,-0.111111142267814,5.730581931838453e-10,2.3938633903876913e-5,2.3057123084005464e-5,0.111111142267814,-0.11111021697126089
36181,1.5625,-0.11111113389741605,6.391205230768457e-10,2.528083311674767e-5,2.155955011587951e-5,0.11111113389741605,-0.11111021628029419
36182,3.90625,-0.11111101422264595,6.227434864333065e-10,2.495482892013701e-5,1.772797338620779e-5,0.11111101422264595,-0.11111021382464453
36183,9.765625,-0.11111070357798788,4.282218588523597e-10,2.069352214709617e-5,8.88783082264938e-6,0.11111070357798788,-0.11111020937061349
36184,24.4140625,-0.11111039707456098,8.574129838338652e-11,9.259659733671995e-6,1.3576812068234333e-5,0.11111039707456098,-0.11111020877437693
36185,9.765625,-0.11111046452037578,1.7243687326727685e-11,4.152551905362254e-6,3.4895281329653865e-5,0.11111046452037578,-0.1111102104500586
36186,3.90625,-0.11111046684419155,2.529625611755348e-12,1.5904796797681345e-6,3.847929661653498e-5,0.11111046684419155,-0.11111021204202745
36187,1.5625,-0.11111046268059048,1.9274062067241984e-11,4.3902234643856095e-6,3.825581086664044e-5,0.11111046268059048,-0.111110213477354
36188,0.625,-0.1111104570306414,6.31708745365966e-11,7.948010728263808e-6,3.752457483688303e-5,0.1111104570306414,-0.11111021483186397
36189,0.25,-0.11111045097261242,1.3323813033346472e-10,1.154288223683603e-5,3.695352983239915e-5,0.11111045097261242,-0.11111021615453899
36190,0.1,-0.11111044481414066,2.291919831026128e-10,1.5139087921754494e-5,3.6586749521154416e-5,0.11111044481414066,-0.11111021746639713
36191,0.1,-0.11111043826269511,3.501726276991413e-10,1.8712900034445257e-5,3.635817459618905e-5,0.11111043826269511,-0.11111021874670197
36192,0.1,-0.11111043126933434,4.953444592156186e-10,2.2256335260226887e-5,3.609734531194559e-5,0.11111043126933434,-0.111110219990891
36193,0.1,-0.1111104237876762,6.637895428245299e-10,2.576411346863171e-5,3.580447300127817e-5,0.1111104237876762,-0.11111022119456589
36194,0.1,-0.11111041577408505,8.545113971402236e-10,2.9232026907832164e-5,3.547983020885812e-5,0.11111041577408505,-0.11111022235351042
36195,0.25,-0.11111040562812402,1.0606011489455226e-9,3.256687195518665e-5,3.512572386692109e-5,0.11111040562812402,-0.11111022327472189
36196,0.625,-0.11111038978521677,1.2635460210231936e-9,3.554639251771118e-5,3.426486717946989e-5,0.11111038978521677,-0.11111022352388458
36197,1.5625,-0.11111035971034011,1.4121206608536739e-9,3.7578193954122835e-5,3.203659128746719e-5,0.11111035971034011,-0.11111022199429156
36198,3.90625,-0.11111029944587078,1.3807189457940246e-9,3.715802666711493e-5,2.628466169029402e-5,0.11111029944587078,-0.11111021653800934
36199,9.765625,-0.11111020642608171,9.554331440287085e-10,3.091008159207459e-5,1.2619671257243179e-5,0.11111020642608171,-0.11111020656121454
36200,24.4140625,-0.11111024037368358,1.9406033766172436e-10,1.3930554104619254e-5,1.9276683752544075e-5,0.11111024037368358,-0.11111020505896621
36201,9.765625,-0.11111037844730366,3.9663514229492015e-11,6.29789760392244e-6,5.1830049087145004e-5,0.11111037844730366,-0.11111020876065318
36202,3.90625,-0.11111046644420215,5.096581464298529e-12,2.2575609547249283e-6,5.73431842982963e-5,0.11111046644420215,-0.1111102123041005
36203,1.5625,-0.11111054469210711,4.0823630798514516e-11,6.389337273811308e-6,5.707837678483943e-5,0.11111054469210711,-0.111110215504122
36204,0.625,-0.1111106200253846,1.3723284155066637e-10,1.1714642186198705e-5,5.601924273431072e-5,0.1111106200253846,-0.11111021852511245
36205,0.25,-0.11111069443801017,2.9214972069426645e-10,1.709238779966879e-5,5.5184971245422804e-5,0.11111069443801017,-0.11111022147559974
36206,0.1,-0.11111076859337904,5.049693961103112e-10,2.2471524116319107e-5,5.464998102870147e-5,0.11111076859337904,-0.11111022440255357
36207,0.1,-0.11111084220887092,7.738301874604538e-10,2.7817803426231443e-5,5.4318916057551955e-5,0.11111084220887092,-0.11111022726037384
36208,0.1,-0.11111091518194961,1.0969120929731714e-9,3.311966323761719e-5,5.393901728105556e-5,0.11111091518194961,-0.11111023003875929
36209,0.1,-0.1111109874109275,1.4722084342561301e-9,3.836936843702448e-5,5.351062565579657e-5,0.1111109874109275,-0.11111023272777398
36210,0.1,-0.11111105879520533,1.8975342551874604e-9,4.3560696220187536e-5,5.303416521780573e-5,0.11111105879520533,-0.11111023531788816
36211,0.25,-0.11111112674263435,2.357629424853064e-9,4.855542631728264e-5,5.251289213003408e-5,0.11111112674263435,-0.11111023737964983
36212,0.625,-0.11111118506354888,2.811505211058929e-9,5.3023628799422325e-5,5.1233518420115974e-5,0.11111118506354888,-0.1111102379449406
36213,1.5625,-0.11111121758602827,3.145570694036947e-9,5.608538752685005e-5,4.790682575543764e-5,0.11111121758602827,-0.11111023454332147
36214,3.90625,-0.111111185874142,3.0807287281406335e-9,5.550431269856995e-5,3.929072424040305e-5,0.111111185874142,-0.11111022236323752
36215,9.765625,-0.11111102061371336,2.139270422078928e-9,4.625224775163827e-5,1.859262791190756e-5,0.11111102061371336,-0.11111019998697387
36216,24.4140625,-0.11111070229423688,4.4013780892890984e-10,2.0979461597689055e-5,2.8106110753375975e-5,0.11111070229423688,-0.11111019634320501
36217,9.765625,-0.11111059309068198,9.138932064831444e-11,9.559776181915268e-6,7.731802353075374e-5,0.11111059309068198,-0.11111020457950123
36218,3.90625,-0.11111048807177537,1.1111039778248444e-11,3.33332263338676e-6,8.57255232792322e-5,0.11111048807177537,-0.11111021250958897
36219,1.5625,-0.11111038908368215,8.83796349364395e-11,9.401044353498152e-6,8.539841378524236e-5,0.11111038908368215,-0.11111021968094924
36220,0.625,-0.1111102924561209,3.0160990157586657e-10,1.7366919749220544e-5,8.384519396887927e-5,0.1111102924561209,-0.1111102264531238
36221,0.25,-0.11111019680189707,6.459192466975629e-10,2.541494140653413e-5,8.26126717194223e-5,0.11111019680189707,-0.11111023306754945
36222,0.1,-0.1111101016209911,1.1199630968723388e-9,3.346584971089691e-5,8.18213427858393e-5,0.1111101016209911,-0.11111023962939415
36223,0.1,-0.11111000695747918,1.7196353468336482e-9,4.146848618931789e-5,8.133227389746214e-5,0.11111000695747918,-0.11111024603769573
36224,0.1,-0.11110991287403264,2.440906985629475e-9,4.9405535981603066e-5,8.076980601362477e-5,0.11110991287403264,-0.11111025226928628
36225,0.1,-0.11110981943273222,3.279330268093127e-9,5.726543694143202e-5,8.0134471046735e-5,0.11110981943273222,-0.1111102583018146
36226,0.1,-0.11110972669508172,4.23005741672217e-9,6.50388915705224e-5,7.94269180522675e-5,0.11110972669508172,-0.11111026411383361
36227,0.25,-0.11110963605806384,5.2592064121224185e-9,7.252038618293768e-5,7.86519169480217e-5,0.11110963605806384,-0.11111026874681164
36228,0.625,-0.11110955103241264,6.275670146363969e-9,7.921912740218722e-5,7.674401737217348e-5,0.11110955103241264,-0.11111027003739482
36229,1.5625,-0.11110948141824423,7.0267496967032455e-9,8.382571023679576e-5,7.177502238270243e-5,0.11110948141824423,-0.11111026245937211
36230,3.90625,-0.11110945443389891,6.890657493888987e-9,8.300998430242585e-5,5.888577864480956e-5,0.11110945443389891,-0.11111023521970678
36231,9.765625,-0.111109544501735,4.7987691893878366e-9,6.927314912278665e-5,2.7742308184106225e-5,0.111109544501735,-0.11111018497725077
36232,24.4140625,-0.11111014131874222,7.111193682481106e-11,8.432789385773314e-6,4.0511605034757916e-5,0.11111014131874222,-0.11111021426661749
36233,9.765625,-0.11111070242539958,7.548473058496611e-11,8.688194897961607e-6,2.2554587598778667e-5,0.11111070242539958,-0.11111021376464988
36234,3.90625,-0.11111090397783877,8.567996799050371e-11,9.256347443268523e-6,1.496181561980687e-5,0.11111090397783877,-0.11111021357212295
36235,1.5625,-0.11111106618633715,9.840048184619928e-11,9.919701701472645e-6,1.1794395756137e-5,0.11111106618633715,-0.11111021353134745
36236,3.90625,-0.11111109821241681,9.777514386822709e-11,9.888131464954695e-6,1.041309171261555e-5,0.11111109821241681,-0.11111021319379269
36237,9.765625,-0.11111082898610339,6.586233248439987e-11,8.11556113182569e-6,7.447198457414289e-6,0.11111082898610339,-0.11111021252382249
36238,24.4140625,-0.11111036548973668,1.2310565310191594e-11,3.508641519191095e-6,7.155709609116045e-6,0.11111036548973668,-0.11111021245001247
36239,9.765625,-0.11111058203478756,2.5542684234429412e-12,1.5982078786700249e-6,1.4053640758938129e-5,0.11111058203478756,-0.11111021271652743
36240,3.90625,-0.11111065059707437,8.787651251747689e-13,9.374247304049371e-7,1.513922981593236e-5,0.11111065059707437,-0.11111021295953707
36241,1.5625,-0.11111070255288696,3.701912280665224e-12,1.9240354156473377e-6,1.494164251912077e-5,0.11111070255288696,-0.11111021317771212
36242,0.625,-0.11111075038412736,1.0386797759464669e-11,3.2228555287919234e-6,1.4604948266004825e-5,0.11111075038412736,-0.11111021338318508
36243,0.25,-0.11111079700267813,2.0774941255390724e-11,4.557953625849074e-6,1.4348191730571915e-5,0.11111079700267813,-0.11111021358320332
36244,0.1,-0.11111084325785703,3.480683519593414e-11,5.8997317901692905e-6,1.4176944343467129e-5,0.11111084325785703,-0.11111021378082822
36245,0.1,-0.1111108877641861,5.232696432609889e-11,7.233737922132574e-6,1.4062740916191212e-5,0.1111108877641861,-0.11111021397299241
36246,0.1,-0.11111093035003065,7.319318515183242e-11,8.555301581582756e-6,1.3940435202165982e-5,0.11111093035003065,-0.11111021415918866
36247,0.1,-0.11111097085176197,9.725424122957976e-11,9.861756498189344e-6,1.3809674371716467e-5,0.11111097085176197,-0.11111021433892013
36248,0.1,-0.11111100911427453,1.2435013774016122e-10,1.1151239291673425e-5,1.3670202733871125e-5,0.11111100911427453,-0.11111021451170412
36249,0.25,-0.1111110387938233,1.534116911663177e-10,1.2385947326156272e-5,1.3523094676906818e-5,0.1111110387938233,-0.11111021464984211
36250,0.625,-0.11111104583882503,1.816322040243227e-10,1.3477099243691971e-5,1.3194560975254148e-5,0.11111104583882503,-0.11111021469163865
36251,1.5625,-0.11111099594354298,2.0139167536495367e-10,1.4191253481104255e-5,1.2378537276248557e-5,0.11111099594354298,-0.11111021448155348
36252,3.90625,-0.11111081894338615,1.9462117797436636e-10,1.3950669445383844e-5,1.034439405300548e-5,0.11111081894338615,-0.11111021372509011
36253,9.765625,-0.11111045090166796,1.3269207346333629e-10,1.151920454993904e-5,6.032151561306271e-6,0.11111045090166796,-0.11111021236339133
36254,24.4140625,-0.11111023352219383,2.684967348297819e-11,5.181667056361127e-6,8.427314023239773e-6,0.11111023352219383,-0.11111021219060238
36255,9.765625,-0.11111039408551951,5.6434108620076645e-12,2.3755864248660087e-6,1.967996037721381e-5,0.11111039408551951,-0.11111021271670372
36256,3.90625,-0.11111046288346883,1.1507815036267788e-12,1.0727448455372688e-6,2.1615152684632328e-5,0.11111046288346883,-0.11111021321711288
36257,1.5625,-0.11111051876590619,6.350791804245097e-12,2.5200777377384804e-6,2.1473055359573445e-5,0.11111051876590619,-0.11111021366924928
36258,0.625,-0.11111057108462902,1.9899550378166887e-11,4.46089120895891e-6,2.1057328872815027e-5,0.11111057108462902,-0.1111102140962537
36259,0.25,-0.11111062226274328,4.148267359810959e-11,6.440704433376025e-6,2.0732124472248458e-5,0.11111062226274328,-0.11111021451310482
36260,0.1,-0.11111067306631513,7.10022185332171e-11,8.426281417874501e-6,2.0520500242336175e-5,0.11111067306631513,-0.11111021492624057
36261,0.1,-0.11111072311124158,1.0818189515751459e-10,1.0401052598536101e-5,2.038575315833838e-5,0.11111072311124158,-0.11111021532926252
36262,0.1,-0.11111077228525253,1.5275490368827564e-10,1.2359405474709357e-5,2.0234239645334806e-5,0.11111077228525253,-0.11111021572081843
36263,0.1,-0.111110820479051,2.0443014836996536e-10,1.4297907132512973e-5,2.0065983341344995e-5,0.111110820479051,-0.111110216099604
36264,0.1,-0.11111086758662049,2.628933047223415e-10,1.6213984850194647e-5,1.988105970791925e-5,0.11111086758662049,-0.11111021646436685
36265,0.25,-0.11111091055445282,3.260007775911118e-10,1.8055491618649208e-5,1.9680783077616973e-5,0.11111091055445282,-0.1111102167558574
36266,0.625,-0.1111109422538983,3.880256112894e-10,1.969836570097631e-5,1.9204657391344256e-5,0.1111109422538983,-0.11111021684094241
36267,1.5625,-0.11111094460161998,4.3315668199096343e-10,2.0812416534150074e-5,1.7985509770111328e-5,0.11111094460161998,-0.11111021638090034
36268,3.90625,-0.11111087768896027,4.2276971994389634e-10,2.056136473933324e-5,1.4869522106089827e-5,0.11111087768896027,-0.1111102147209097
36269,9.765625,-0.11111068826888083,2.91683746099442e-10,1.7078751303870023e-5,7.758823196344823e-6,0.11111068826888083,-0.11111021169051984
36270,24.4140625,-0.11111047632574442,5.897334443336871e-11,7.679410422250441e-6,1.1358621146344107e-5,0.11111047632574442,-0.11111021126374167
36271,9.765625,-0.11111049355229421,1.205510522846222e-11,3.472046259551019e-6,2.8882861406243555e-5,0.11111049355229421,-0.11111021240778131
36272,3.90625,-0.11111047673706392,1.7565718699565941e-12,1.3253572612532041e-6,3.186938309960001e-5,0.11111047673706392,-0.11111021349993801
36273,1.5625,-0.11111045752228318,1.2909666889541933e-11,3.5930024894984325e-6,3.170401172933393e-5,0.11111045752228318,-0.11111021448652404
36274,0.625,-0.11111043791074512,4.257733358913166e-11,6.525130925056727e-6,3.111154863001243e-5,0.11111043791074512,-0.1111102154182914
36275,0.25,-0.1111104182280671,9.009082931008166e-11,9.491618898274502e-6,3.0646814640830634e-5,0.1111104182280671,-0.1111102163284355
36276,0.1,-0.11111039854786346,1.5525926630976592e-10,1.2460307633030813e-5,3.034835785896562e-5,0.11111039854786346,-0.11111021723126797
36277,0.1,-0.11111037871447982,2.3750484011727887e-10,1.5411192040763065e-5,3.016280004624979e-5,0.11111037871447982,-0.11111021811275469
36278,0.1,-0.11111035871371573,3.362643535761102e-10,1.8337512197026895e-5,2.9950657049119488e-5,0.11111035871371573,-0.11111021896977392
36279,0.1,-0.11111033853279552,4.5091832215297266e-10,2.1234837464717566e-5,2.9712105464238538e-5,0.11111033853279552,-0.11111021979931655
36280,0.1,-0.11111031816046442,5.80793522198043e-10,2.409965813446413e-5,2.944737218119226e-5,0.11111031816046442,-0.11111022059849565
36281,0.25,-0.11111029698054482,7.212128474649308e-10,2.6855406298638098e-5,2.915830414633971e-5,0.11111029698054482,-0.11111022123601258
36282,0.625,-0.1111102737004539,8.596298299841634e-10,2.93194445715495e-5,2.845310507557744e-5,0.1111102737004539,-0.11111022141614084
36283,1.5625,-0.11111024547645063,9.612995986633475e-10,3.1004831859943176e-5,2.662522907723093e-5,0.11111024547645063,-0.11111022038466649
36284,3.90625,-0.11111020852328721,9.40916006200169e-10,3.0674354209993874e-5,2.1907377060939484e-5,0.11111020852328721,-0.1111102166743699
36285,9.765625,-0.11111017406098425,6.52691961290794e-10,2.5547836724286345e-5,1.075876246736651e-5,0.11111017406098425,-0.11111020986130668
36286,24.4140625,-0.11111025540237729,1.3385675567839885e-10,1.1569648036063969e-5,1.5978273127815634e-5,0.11111025540237729,-0.11111020878519975
36287,9.765625,-0.11111036700324965,2.7700617161266027e-11,5.263137577649479e-6,4.288449895206531e-5,0.11111036700324965,-0.11111021131448319
36288,3.90625,-0.11111044427723543,3.4576995349005743e-12,1.8594890521055977e-6,4.7492655292802414e-5,0.11111044427723543,-0.1111102137463541
36289,1.5625,-0.11111051404459046,2.7292330455385902e-11,5.224206203375389e-6,4.7302056360128975e-5,0.11111051404459046,-0.11111021594587975
36290,0.625,-0.11111058149258005,9.262591550270177e-11,9.624235839935646e-6,4.6441809570448824e-5,0.11111058149258005,-0.11111021802351423
36291,0.25,-0.11111064819091812,1.9797206789007676e-10,1.4070254720156162e-5,4.576096414712252e-5,0.11111064819091812,-0.11111022005308023
36292,0.1,-0.11111071466956841,3.429220897849439e-10,1.8518155679898143e-5,4.53244035965798e-5,0.11111071466956841,-0.11111022206667756
36293,0.1,-0.11111078073751031,5.262199896529546e-10,2.2939485383350573e-5,4.505491468150228e-5,0.11111078073751031,-0.11111022403337613
36294,0.1,-0.11111084631449121,7.466344505795603e-10,2.7324612542167187e-5,4.47450542603872e-5,0.11111084631449121,-0.11111022594611109
36295,0.1,-0.11111091132074075,1.0028062703806014e-9,3.166711654667348e-5,4.439510628884862e-5,0.11111091132074075,-0.11111022779806562
36296,0.1,-0.1111109756771373,1.2932540483112375e-9,3.596184155895298e-5,4.400542280457101e-5,0.1111109756771373,-0.11111022958269773
36297,0.25,-0.11111103741583,1.60761273000134e-9,4.009504620275851e-5,4.357862191062194e-5,0.11111103741583,-0.11111023100704852
36298,0.625,-0.1111110917982015,1.918014270601288e-9,4.379513980570547e-5,4.2527354614038927e-5,0.1111110917982015,-0.11111023141011514
36299,1.5625,-0.11111112632951002,2.147174794867109e-9,4.63376174923475e-5,3.978966116540112e-5,0.11111112632951002,-0.11111022910378714
36300,3.90625,-0.11111111066722774,2.1049997589547136e-9,4.588027636092348e-5,3.269632063570376e-5,0.11111111066722774,-0.11111022079306623
36301,9.765625,-0.11111098609809177,1.465134295820382e-9,3.8277072717494765e-5,1.5691835053053228e-5,0.11111098609809177,-0.11111020546776015
36302,24.4140625,-0.11111071146397325,3.043052932588244e-10,1.7444348461860774e-5,2.319331208616549e-5,0.11111071146397325,-0.11111020285487778
36303,9.765625,-0.11111059986889263,6.397716430740806e-11,7.998572641878554e-6,6.399272391672623e-5,0.11111059986889263,-0.11111020848816196
36304,3.90625,-0.11111049900962919,7.621672293624733e-12,2.76073763578228e-6,7.102907939929958e-5,0.11111049900962919,-0.11111021393544099
36305,1.5625,-0.11111040453949314,5.927142868119306e-11,7.698793975759649e-6,7.079862348236683e-5,0.11111040453949314,-0.11111021886818745
36306,0.625,-0.11111031243574113,2.0411540945932362e-10,1.4286896425022603e-5,6.95337558336003e-5,0.11111031243574113,-0.11111022352845148
36307,0.25,-0.11111022125897545,4.3880627090442665e-10,2.0947703236976282e-5,6.852503092676865e-5,0.11111022125897545,-0.1111102280808265
36308,0.1,-0.11111013049735408,7.624314523205893e-10,2.7612161312012307e-5,6.787716940626715e-5,0.11111013049735408,-0.11111023259734067
36309,0.1,-0.11111004021756578,1.1722114862449105e-9,3.423757418750503e-5,6.747746953422201e-5,0.11111004021756578,-0.1111102370093445
36310,0.1,-0.11110995048626372,1.6654117425686657e-9,4.0809456533610756e-5,6.701698184478759e-5,0.11110995048626372,-0.11111024130091805
36311,0.1,-0.11110986136955041,2.2390100823131072e-9,4.731817919482012e-5,6.649614716518566e-5,0.11110986136955041,-0.11111024545669755
36312,0.1,-0.1111097729329596,2.8897095600865285e-9,5.375601882660702e-5,6.591550244261134e-5,0.1111097729329596,-0.11111024946193447
36313,0.25,-0.11110968668091374,3.5944342102828452e-9,5.995360047806008e-5,6.527890021323734e-5,0.11110968668091374,-0.11111025266124822
36314,0.625,-0.11110960635980639,4.29107733009675e-9,6.550631519248163e-5,6.370716939704346e-5,0.11110960635980639,-0.11111025357425197
36315,1.5625,-0.11110954228738115,4.80726690496477e-9,6.933445683759821e-5,5.960846797810786e-5,0.11110954228738115,-0.11111024841652901
36316,3.90625,-0.11110952225814848,4.718453897652915e-9,6.869100303280565e-5,4.897125413525591e-5,0.11110952225814848,-0.11111022978225585
36317,9.765625,-0.1111096174179328,3.2930106067280052e-9,5.7384759359328196e-5,2.3281588425123747e-5,0.1111096174179328,-0.11111019529831129
36318,24.4140625,-0.11110997953873666,6.905759949616695e-10,2.6278812662707376e-5,3.409792166744408e-5,0.11110997953873666,-0.11111018910088762
36319,9.765625,-0.11111020379788261,1.4642270466694648e-10,1.2100524974849087e-5,9.575345994075951e-5,0.11111020379788261,-0.11111020171666151
36320,3.90625,-0.1111103834511847,1.618514022672129e-11,4.023075965815372e-6,0.00010645563880179156,0.1111103834511847,-0.11111021396866588
36321,1.5625,-0.11111054947868021,1.2902419327290086e-10,1.1358881691121748e-5,0.00010617481958020405,0.11111054947868021,-0.11111022507390335
36322,0.625,-0.1111107111148383,4.515455159004553e-10,2.1249600370370622e-5,0.00010430643514254342,0.1111107111148383,-0.11111023556722432
36323,0.25,-0.11111087140549716,9.761974512168789e-10,3.1244158673532546e-5,0.00010280695882311789,0.11111087140549716,-0.11111024581728378
36324,0.1,-0.11111103141541001,1.7009345101027754e-9,4.124238729878249e-5,0.00010184234993762492,0.11111103141541001,-0.11111025598626144
36325,0.1,-0.1111111908624129,2.6195800380861716e-9,5.1181833086420145e-5,0.00010124726261018543,0.1111111908624129,-0.11111026592131594
36326,0.1,-0.11111134957972064,3.726037272799376e-9,6.104127515705562e-5,0.00010056091196896554,0.11111134957972064,-0.11111027558657757
36327,0.1,-0.11111150739925536,5.013562017127327e-9,7.080651112099314e-5,9.978394238384013e-5,0.11111150739925536,-0.11111028494741566
36328,0.1,-0.11111166415199299,6.474790888252154e-9,8.046608532948619e-5,9.891714180088782e-5,0.11111166415199299,-0.11111029397057441
36329,0.25,-0.1111118160732074,8.058177921367527e-9,8.976735443003501e-5,9.79661766780418e-5,0.1111118160732074,-0.11111030118614167
36330,0.625,-0.11111195390593709,9.624865921364286e-9,9.810640102136194e-5,9.561463010185731e-5,0.11111195390593709,-0.11111030327072526
36331,1.5625,-0.11111205276832198,1.0789209788635383e-8,0.00010387112105217399,8.947675780967681e-5,0.11111205276832198,-0.11111029172161034
36332,3.90625,-0.11111204993820722,1.0600366063522547e-8,0.00010295807915614271,7.353179850999711e-5,0.11111204993820722,-0.11111024986423486
36333,9.765625,-0.11111181130879932,7.414891508329264e-9,8.610976430306417e-5,3.487312407034027e-5,0.11111181130879932,-0.11111017216170867
36334,24.4140625,-0.11111134959356028,1.0998897247746001e-10,1.0487562752015362e-5,4.945429772872046e-5,0.11111134959356028,-0.11111021668246895
36335,9.765625,-0.11110996971280784,1.1420460644576956e-10,1.0686655531351685e-5,2.8648061349290527e-5,0.11110996971280784,-0.11111021603240787
36336,3.90625,-0.11110944605660142,1.3216094560739165e-10,1.1496127417847787e-5,1.922723855880992e-5,0.11110944605660142,-0.11111021575491428
36337,1.5625,-0.1111090241752571,1.5465577327958914e-10,1.243606743627539e-5,1.5061157627469086e-5,0.1111090241752571,-0.11111021569532675
36338,3.90625,-0.11110891935287967,1.5440154700789776e-10,1.2425841903384163e-5,1.3175983290839563e-5,0.11110891935287967,-0.11111021515291626
36339,9.765625,-0.11110956335105177,1.010329569350829e-10,1.005151515618829e-5,8.979504869820109e-6,0.11110956335105177,-0.11111021409888595
36340,24.4140625,-0.11111075246267219,1.9483716660329517e-11,4.414036322950856e-6,8.252970797623298e-6,0.11111075246267219,-0.11111021395362518
36341,9.765625,-0.11111019630731593,4.015923096300751e-12,2.0039768203002626e-6,1.7482840647354045e-5,0.11111019630731593,-0.11111021437521884
36342,3.90625,-0.11110999736697075,1.9936078570932935e-12,1.4119517899323947e-6,1.8682761541564335e-5,0.11110999736697075,-0.11111021474093202
36343,1.5625,-0.11110984148844923,6.975224034244391e-12,2.6410649432084e-6,1.8353421427421824e-5,0.11110984148844923,-0.1111102150667385
36344,0.625,-0.11110969659271679,1.8005705320475615e-11,4.243313012314271e-6,1.7897062078912196e-5,0.11110969659271679,-0.11111021537313127
36345,0.25,-0.11110955499278236,3.485988599050095e-11,5.904226112751861e-6,1.756147911471963e-5,0.11110955499278236,-0.11111021567150045
36346,0.1,-0.11110941441021187,5.745566427490588e-11,7.57995146916561e-6,1.7341989146549826e-5,0.11110941441021187,-0.11111021596650679
36347,0.1,-0.11110927822956145,8.551571069779082e-11,9.247470502672113e-6,1.719789668984173e-5,0.11110927822956145,-0.11111021625298269
36348,0.1,-0.11110914689708055,1.1880127781629882e-10,1.0899599892486826e-5,1.7042982709324923e-5,0.11110914689708055,-0.11111021653012061
36349,0.1,-0.11110902083965835,1.5705841958669214e-10,1.2532295064619734e-5,1.6876868209157493e-5,0.11110902083965835,-0.11111021679713405
36350,0.1,-0.11110890046353876,2.000189289027496e-10,1.4142804845671512e-5,1.6699294312385414e-5,0.11110890046353876,-0.11111021705326493
36351,0.25,-0.11110880179574358,2.457871930554364e-10,1.5677601635946628e-5,1.651165817930873e-5,0.11110880179574358,-0.11111021725423889
36352,0.625,-0.11110876052980996,2.8945952044007485e-10,1.701350993887137e-5,1.6088687929727807e-5,0.11110876052980996,-0.11111021730244708
36353,1.5625,-0.11110886434519768,3.180406827190768e-10,1.7833695150447e-5,1.5038165403533317e-5,0.11110886434519768,-0.11111021695560701
36354,3.90625,-0.11110929551676216,3.02391480259928e-10,1.7389407127901974e-5,1.244487401744264e-5,0.11110929551676216,-0.11111021577221074
36355,9.765625,-0.11111023912536591,2.0252753295458568e-10,1.4231216847289823e-5,7.097019553358455e-6,0.11111023912536591,-0.11111021370461001
36356,24.4140625,-0.11111091207118967,4.2157308552741695e-11,6.492865973723907e-6,1.0248130110189211e-5,0.11111091207118967,-0.11111021341296384
36357,9.765625,-0.11111055418250326,8.6686430691104e-12,2.944255944905334e-6,2.412081483058174e-5,0.11111055418250326,-0.11111021421071197
36358,3.90625,-0.11111041612969803,1.474664645566415e-12,1.2143577090653376e-6,2.659044452299294e-5,0.11111041612969803,-0.11111021497087958
36359,1.5625,-0.11111030821656853,9.195113409105101e-12,3.032344539973171e-6,2.6434408258434086e-5,0.11111030821656853,-0.11111021565714314
36360,0.625,-0.11111020852151376,2.973919479991866e-11,5.4533654562956494e-6,2.5925005120922346e-5,0.11111020852151376,-0.11111021630468552
36361,0.25,-0.11111011146542854,6.262097295541617e-11,7.913341453230498e-6,2.5523652953767626e-5,0.11111011146542854,-0.11111021693651779
36362,0.1,-0.11111001530157301,1.0769115681629021e-10,1.0377434982513271e-5,2.526199480960009e-5,0.11111001530157301,-0.11111021756258878
36363,0.1,-0.11110992092694673,1.6452850623831187e-10,1.282686657911089e-5,2.5095417392452713e-5,0.11110992092694673,-0.11111021817323082
36364,0.1,-0.11110982859392982,2.3272505348315368e-10,1.5255328691416441e-5,2.4907880021182554e-5,0.11110982859392982,-0.1111102187663654
36365,0.1,-0.11110973854720112,3.1183518306515567e-10,1.7658855655595456e-5,2.4699404890961113e-5,0.11110973854720112,-0.11111021933998487
36366,0.1,-0.11110965102303065,4.0137731474091767e-10,2.0034403278882993e-5,2.4470078424001567e-5,0.11110965102303065,-0.11111021989216353
36367,0.25,-0.11110957298809292,4.980600598735528e-10,2.231725923749493e-5,2.4221492312298842e-5,0.11110957298809292,-0.11111022033232792
36368,0.625,-0.11110952063916099,5.930880474649322e-10,2.435339909468352e-5,2.3629130912518463e-5,0.11110952063916099,-0.1111102204567977
36369,1.5625,-0.11110953485539107,6.622112221174218e-10,2.5733465023533497e-5,2.2110056236331513e-5,0.11110953485539107,-0.1111102197473916
36370,3.90625,-0.11110970469716924,6.464196648909867e-10,2.54247844610527e-5,1.821862129169851e-5,0.11110970469716924,-0.11111021720225357
36371,9.765625,-0.1111101413485034,4.469148158235051e-10,2.114035987923349e-5,9.20931900895163e-6,0.1111101413485034,-0.11111021254955919
36372,24.4140625,-0.11111056907207069,9.192005766521475e-11,9.587494858679965e-6,1.358111034363696e-5,0.11111056907207069,-0.11111021182333482
36373,9.765625,-0.11111046186390827,1.898602339418213e-11,4.357295421954097e-6,3.559082576475019e-5,0.11111046186390827,-0.11111021356416385
36374,3.90625,-0.11111044690390116,2.4299205281440017e-12,1.5588202359938755e-6,3.938415318163372e-5,0.11111044690390116,-0.11111021523616757
36375,1.5625,-0.1111104419756057,1.8834579825305017e-11,4.339882466761631e-6,3.921596774643681e-5,0.1111104419756057,-0.11111021674815287
36376,0.625,-0.11111043951923051,6.366802074256153e-11,7.979224319604102e-6,3.849683978224042e-5,0.11111043951923051,-0.11111021817609959
36377,0.25,-0.11111043783276241,1.3589614239304495e-10,1.1657450081087414e-5,3.792735452818818e-5,0.11111043783276241,-0.1111102195706664
36378,0.1,-0.1111104364186543,2.3522486681717653e-10,1.5337042309949353e-5,3.756049874855268e-5,0.1111104364186543,-0.11111022095386835
36379,0.1,-0.11111043566763452,3.6078016095318303e-10,1.8994213880894967e-5,3.7332179111771355e-5,0.11111043566763452,-0.1111102223045124
36380,0.1,-0.11111043565221901,5.117062978023706e-10,2.2620926103994297e-5,3.707082098847884e-5,0.11111043565221901,-0.11111022361779846
36381,0.1,-0.11111043644085894,6.870612278161992e-10,2.6211852811585053e-5,3.6776638119323896e-5,0.11111043644085894,-0.1111102248890952
36382,0.1,-0.1111104380976886,8.85820454508187e-10,2.9762736005081707e-5,3.6449905393487975e-5,0.1111104380976886,-0.11111022611395914
36383,0.25,-0.11111044294013499,1.100877602478218e-9,3.317947562090483e-5,3.609287503157472e-5,0.11111044294013499,-0.11111022709184279
36384,0.625,-0.11111045616590957,1.3131508959386394e-9,3.623742396940819e-5,3.522072678579375e-5,0.11111045616590957,-0.11111022737042223
36385,1.5625,-0.11111049034291112,1.4697595277293432e-9,3.833744289502553e-5,3.295770305630326e-5,0.11111049034291112,-0.11111022579474106
36386,3.90625,-0.11111056979534917,1.4407154636631685e-9,3.795675781284762e-5,2.7105947796436894e-5,0.11111056979534917,-0.11111022011075983
36387,9.765625,-0.11111070510233578,1.0030076978433176e-9,3.1670296775422196e-5,1.3144264596769689e-5,0.11111070510233578,-0.11111020962529072
36388,24.4140625,-0.11111069607548858,2.0868945112091194e-10,1.4446087744469502e-5,1.931136964317333e-5,0.11111069607548858,-0.11111020782985052
36389,9.765625,-0.11111053202319046,4.377854262256284e-11,6.616535545326031e-6,5.302261636900433e-5,0.11111053202319046,-0.11111021169718965
36390,3.90625,-0.11111043182724378,4.972489281684002e-12,2.2299079087899577e-6,5.88532653549087e-5,0.11111043182724378,-0.11111021543840183
36391,1.5625,-0.11111034362142651,4.0189637000108344e-11,6.339529714427431e-6,5.86659958897752e-5,0.11111034362142651,-0.11111021882669585
36392,0.625,-0.11111025907171866,1.3926533293843508e-10,1.180107338077495e-5,5.7619886138544736e-5,0.11111025907171866,-0.111110222027773
36393,0.25,-0.11111017579832864,2.9989510026947906e-10,1.7317479616545793e-5,5.6784362018731396e-5,0.11111017579832864,-0.11111022515449173
36394,0.1,-0.11111009302066156,5.214455104076756e-10,2.2835181418321938e-5,5.6246854360299185e-5,0.11111009302066156,-0.1111102282562918
36395,0.1,-0.11111001108486035,8.020104149937656e-10,2.8319788399523144e-5,5.591448853127523e-5,0.11111001108486035,-0.11111023128627928
36396,0.1,-0.1111099301030174,1.1397130895690243e-9,3.375963698811088e-5,5.553204190632247e-5,0.1111099301030174,-0.11111023423357343
36397,0.1,-0.11110985018469893,1.5324805521417446e-9,3.9146909867085864e-5,5.509985875497408e-5,0.11110985018469893,-0.11111023708767148
36398,0.1,-0.11110977143674211,1.9780521965208065e-9,4.447529872323295e-5,5.461836660143701e-5,0.11110977143674211,-0.11111023983849075
36399,0.25,-0.1111096968542496,2.460644996655374e-9,4.9604888838252364e-5,5.409075816537003e-5,0.1111096968542496,-0.11111024203737005
36400,0.625,-0.11110963351959079,2.937783143713206e-9,5.420132049787354e-5,5.279056918365471e-5,0.11110963351959079,-0.11111024267070274
36401,1.5625,-0.11110959983685549,3.2915758357729714e-9,5.73722566731776e-5,4.9402682454500354e-5,0.11110959983685549,-0.11111023914685397
36402,3.90625,-0.11110963937232514,3.231616981777478e-9,5.6847312880887146e-5,4.061475137178996e-5,0.11110963937232514,-0.11111022639115613
36403,9.765625,-0.11110983077667923,2.2571101600631372e-9,4.7509053453664355e-5,1.9430663854856515e-5,0.11110983077667923,-0.11111020275820178
36404,24.4140625,-0.11111019783540936,4.749891891384481e-10,2.1794246698118475e-5,2.825679170802666e-5,0.11111019783540936,-0.11111019845031159
36405,9.765625,-0.11111031985537746,1.0104456017363104e-10,1.0052092328148952e-5,7.931183978288254e-5,0.11111031985537746,-0.11111020710123573
36406,3.90625,-0.11111043660944525,1.098993120861491e-11,3.315106515425245e-6,8.820519239469059e-5,0.11111043660944525,-0.11111021551468747
36407,1.5625,-0.111110546811758,8.76618297690795e-11,9.362789636058236e-6,8.798851932873469e-5,0.111110546811758,-0.11111022314398783
36408,0.625,-0.11111065470030757,3.0813527979050064e-10,1.755378249240034e-5,8.644878452714907e-5,0.11111065470030757,-0.11111023035376735
36409,0.25,-0.11111076188161005,6.67218873630471e-10,2.5830580203132702e-5,8.521042921020509e-5,0.11111076188161005,-0.11111023739646138
36410,0.1,-0.1111108689416113,1.1635034228325972e-9,3.411016597486147e-5,8.441304929931277e-5,0.1111108689416113,-0.1111102443833041
36411,0.1,-0.11111097576025392,1.7927635993230367e-9,4.2341039185677015e-5,8.392076101497888e-5,0.11111097576025392,-0.11111025120981356
36412,0.1,-0.11111108224233973,2.5508243312342467e-9,5.050568612774454e-5,8.335297186704074e-5,0.11111108224233973,-0.11111025785138977
36413,0.1,-0.11111118829076576,3.4330671319824387e-9,5.8592381176928106e-5,8.271021687580544e-5,0.11111118829076576,-0.11111026428428236
36414,0.1,-0.1111112938066956,4.434449435862327e-9,6.659166190944875e-5,8.199314980885274e-5,0.1111112938066956,-0.1111102704856818
36415,0.25,-0.11111139675804119,5.51971371355897e-9,7.42947758160624e-5,8.120646308114474e-5,0.11111139675804119,-0.11111027544861199
36416,0.625,-0.11111149204476287,6.593867155436505e-9,8.120263022486712e-5,7.926175741540784e-5,0.11111149204476287,-0.11111027689571926
36417,1.5625,-0.11111156561411584,7.3930396429662804e-9,8.598278689927583e-5,7.418635364326777e-5,0.11111156561411584,-0.11111026899881164
36418,3.90625,-0.11111158012443532,7.266366704879223e-9,8.524298625036093e-5,6.100217300803578e-5,0.11111158012443532,-0.11111024031872684
36419,9.765625,-0.1111114446807352,5.0874484809854506e-9,7.132635193941613e-5,2.905204420781882e-5,0.1111114446807352,-0.11111018700403377
36420,24.4140625,-0.11111092647704218,7.361616216904588e-11,8.579986140376095e-6,4.088418171531397e-5,0.11111092647704218,-0.1111102175314002
36421,9.765625,-0.11111012953297997,7.766437748398863e-11,8.812739499383186e-6,2.3077335594391048e-5,0.11111012953297997,-0.11111021703847757
36422,3.90625,-0.11110983537199036,8.865707998132945e-11,9.415788866649965e-6,1.537311604363021e-5,0.11110983537199036,-0.11111021684317955
36423,1.5625,-0.11110959812339238,1.0235096217847717e-10,1.0116865234768978e-5,1.2103316611240629e-5,0.11110959812339238,-0.11111021680189237
36424,3.90625,-0.11110954456400095,1.0183949281942995e-10,1.0091555520306568e-5,1.0663968267224337e-5,0.11110954456400095,-0.11111021644897687
36425,9.765625,-0.11110992055244448,6.818922854413022e-11,8.257676945977617e-6,7.551815474007969e-6,0.11110992055244448,-0.11111021575122394
36426,24.4140625,-0.11111059580735333,1.3113191446768195e-11,3.621214084636283e-6,7.185600830337405e-6,0.11111059580735333,-0.11111021566160419
36427,9.765625,-0.11111029327344304,2.7664421495876974e-12,1.6632625017079227e-6,1.439449428315968e-5,0.11111029327344304,-0.1111102159422437
36428,3.90625,-0.11111019252048948,1.0352611932556035e-12,1.0174778588527633e-6,1.548754864368746e-5,0.11111019252048948,-0.11111021619588628
36429,1.5625,-0.11111011510706251,4.0103203869664795e-12,2.0025784346602957e-6,1.527895797300313e-5,0.11111011510706251,-0.11111021642367602
36430,0.625,-0.11111004356252747,1.1033461934043708e-11,3.3216655361495545e-6,1.4933387982252043e-5,0.11111004356252747,-0.11111021663831104
36431,0.25,-0.11110997376309843,2.194325162030038e-11,4.6843624561193365e-6,1.4671265050965682e-5,0.11110997376309843,-0.11111021684733174
36432,0.1,-0.1111099044977782,3.667998280608802e-11,6.056400152408031e-6,1.4497119035571658e-5,0.1111099044977782,-0.11111021705391612
36433,0.1,-0.11110983767075984,5.5076284119156665e-11,7.42133977925527e-6,1.4381446759129494e-5,0.11110983767075984,-0.11111021725481761
36434,0.1,-0.11110977352367302,7.698182553030339e-11,8.773928739755263e-6,1.4257293741813597e-5,0.11110977352367302,-0.1111102174494982
36435,0.1,-0.11110971228715676,1.022365181752804e-10,1.0111207552774318e-5,1.4124323042535553e-5,0.11110971228715676,-0.11111021763743131
36436,0.1,-0.11110965418015091,1.3067097459649067e-10,1.1431140564112168e-5,1.398229513674491e-5,0.11110965418015091,-0.11111021781810705
36437,0.25,-0.11110960803451553,1.6113287462671006e-10,1.269381245436965e-5,1.3832294253958411e-5,0.11110960803451553,-0.11111021796243484
36438,0.625,-0.11110959345498496,1.9060949512355002e-10,1.380613976184328e-5,1.3495964796551722e-5,0.11110959345498496,-0.1111102180057289
36439,1.5625,-0.11110965842731169,2.1097980192345762e-10,1.4525143783228364e-5,1.2660091886810685e-5,0.11110965842731169,-0.11111021778542021
36440,3.90625,-0.11110990178475463,2.0329362863472782e-10,1.4258107470303617e-5,1.0582046954774754e-5,0.11110990178475463,-0.11111021699573297
36441,9.765625,-0.1111104180630215,1.3856565034385927e-10,1.1771391181328538e-5,6.2072555623587695e-6,0.1111104180630215,-0.11111021557564303
36442,24.4140625,-0.11111075032027191,2.8768564033624584e-11,5.363633473087491e-6,8.527399032813516e-6,0.11111075032027191,-0.11111021536837157
36443,9.765625,-0.11111053626274289,6.1371512244953555e-12,2.477327435866191e-6,2.0074563975358806e-5,0.11111053626274289,-0.11111021591588158
36444,3.90625,-0.11111044652621868,1.1295171665449917e-12,1.0627874512549496e-6,2.2116437444118844e-5,0.11111044652621868,-0.11111021644102755
36445,1.5625,-0.11111037427836898,6.291463115731713e-12,2.5082789150594304e-6,2.1998518614615776e-5,0.11111037427836898,-0.11111021691652961
36446,0.625,-0.11111030686457213,2.0205493434308453e-11,4.495052105850215e-6,2.1585673692194188e-5,0.11111030686457213,-0.11111021736580928
36447,0.25,-0.11111024101456643,4.2540257523592677e-11,6.522289285488085e-6,2.125902464141144e-5,0.11111024101456643,-0.11111021780441914
36448,0.1,-0.11111017569647662,7.319384508897392e-11,8.55534015039577e-6,2.104583057748983e-5,0.11111017569647662,-0.11111021823911484
36449,0.1,-0.1111101114130512,1.1188284946907248e-10,1.0577468953822198e-5,2.0910084830536833e-5,0.1111101114130512,-0.11111021866332228
36450,0.1,-0.11111004831291697,1.583320097018038e-10,1.2583004796224302e-5,2.0757116291526916e-5,0.11111004831291697,-0.11111021907561837
36451,0.1,-0.1111099865404499,2.1224050248982444e-10,1.4568476326981639e-5,2.0586952462393778e-5,0.1111099865404499,-0.1111102194746283
36452,0.1,-0.11110992623537969,2.7328305545930105e-10,1.653127507058367e-5,2.039967255453679e-5,0.11110992623537969,-0.11111021985903215
36453,0.25,-0.11110987144356495,3.392415110897319e-10,1.841851001274891e-5,2.019657709974283e-5,0.11110987144356495,-0.11111022016711875
36454,0.625,-0.11110983160645493,4.0418113935033835e-10,2.010425674702595e-5,1.9712287174637488e-5,0.11110983160645493,-0.11111022025997531
36455,1.5625,-0.11110983065991428,4.5170426481891194e-10,2.125333538103871e-5,1.84701632191372e-5,0.11110983065991428,-0.11111021978364392
36456,3.90625,-0.11110992137012059,4.417136914557939e-10,2.1016985784260167e-5,1.5290797430028586e-5,0.11110992137012059,-0.11111021805097974
36457,9.765625,-0.11111017378238816,3.0627405687348394e-10,1.750068732574478e-5,7.995018247313092e-6,0.11111017378238816,-0.11111021486547645
36458,24.4140625,-0.11111045212764754,6.325530130255225e-11,7.953320143345937e-6,1.141036131003256e-5,0.11111045212764754,-0.11111021435847152
36459,9.765625,-0.11111041966872601,1.3197822205664066e-11,3.6328807034726676e-6,2.9548555889026625e-5,0.11111041966872601,-0.11111021555485487
36460,3.90625,-0.11111043347952475,1.7075501576913863e-12,1.3067326267034838e-6,3.2698676334014554e-5,0.11111043347952475,-0.11111021670714641
36461,1.5625,-0.1111104511655213,1.2813048211133584e-11,3.5795318424528063e-6,3.2569533621795344e-5,0.1111104511655213,-0.11111021775047149
36462,0.625,-0.11111046965563558,4.340859308984564e-11,6.588519795056067e-6,3.1980742661154046e-5,0.11111046965563558,-0.11111021873636234
36463,0.25,-0.11111048837734284,9.27857982171948e-11,9.632538513662679e-6,3.151335599978767e-5,0.11111048837734284,-0.11111021969942472
36464,0.1,-0.11111050718432604,1.6074449852254127e-10,1.2678505374157525e-5,3.121230033711633e-5,0.11111050718432604,-0.11111022065473464
36465,0.1,-0.11111052627256986,2.466905629894416e-10,1.570638605757039e-5,3.102517392198772e-5,0.11111052627256986,-0.11111022158781578
36466,0.1,-0.11111054566420749,3.5004125032113524e-10,1.8709389362593724e-5,3.081075754332236e-5,0.11111054566420749,-0.11111022249537124
36467,0.1,-0.11111056537914704,4.70154571961925e-10,2.168304803209007e-5,3.056922974491217e-5,0.11111056537914704,-0.11111022337422029
36468,0.1,-0.11111058543495421,6.063319248623182e-10,2.4623808090186174e-5,3.0300819734620587e-5,0.11111058543495421,-0.11111022422130999
36469,0.25,-0.11111060671693547,7.537229556493463e-10,2.7454015291926723e-5,3.000735946952675e-5,0.11111060671693547,-0.1111102248993039
36470,0.625,-0.11111063111737751,8.992948882440357e-10,2.998824583472724e-5,2.9289189970694608e-5,0.11111063111737751,-0.11111022509829553
36471,1.5625,-0.11111066292352466,1.0069094074228175e-9,3.173183586593782e-5,2.7424513015767732e-5,0.11111066292352466,-0.11111022402655203
36472,3.90625,-0.11111070872169708,9.876443268424398e-10,3.14268090464565e-5,2.2604665127336162e-5,0.11111070872169708,-0.11111022013671817
36473,9.765625,-0.11111075873287402,6.885507404405191e-10,2.6240250388296966e-5,1.1164351315795193e-5,0.11111075873287402,-0.1111102129419918
36474,24.4140625,-0.1111106784697763,1.4397104969963003e-10,1.1998793676850605e-5,1.609448808747611e-5,0.1111106784697763,-0.1111102116840986
36475,9.765625,-0.11111055057551032,3.0394534277600913e-11,5.513123822081353e-6,4.398534914962668e-5,0.11111055057551032,-0.1111102143417474
36476,3.90625,-0.11111046401926652,3.407863219748169e-12,1.846039874907411e-6,4.8841614085713034e-5,0.11111046401926652,-0.11111021691880495
36477,1.5625,-0.11111038628142338,2.7270570779502855e-11,5.22212320608226e-6,4.870195473540226e-5,0.11111038628142338,-0.1111102192548742
36478,0.625,-0.11111031132355154,9.499860244167973e-11,9.74672265131617e-6,4.784402596271048e-5,0.11111031132355154,-0.1111102214626784
36479,0.25,-0.11111023734548887,2.0500991332941304e-10,1.4318167247570935e-5,4.7157046584401324e-5,0.11111023734548887,-0.11111022361951689
36480,0.1,-0.1111101637457111,3.5687258569564976e-10,1.8891071586748322e-5,4.671521509012168e-5,0.1111101637457111,-0.11111022575933584
36481,0.1,-0.11111009074506036,5.492873614749833e-10,2.3436880369942227e-5,4.64424687399637e-5,0.11111009074506036,-0.11111022785006036
36482,0.1,-0.11111001842880568,7.809729766699963e-10,2.7945893735395123e-5,4.612823948087122e-5,0.11111001842880568,-0.11111022988420385
36483,0.1,-0.11110994688069802,1.0505132186607896e-9,3.241162166045984e-5,4.577281508204607e-5,0.11110994688069802,-0.11111023185453796
36484,0.1,-0.1111098761828387,1.3563628233579598e-9,3.682883141450404e-5,4.537655201887168e-5,0.1111098761828387,-0.11111023375412202
36485,0.25,-0.11110980851867777,1.6877209247426152e-9,4.108188073521726e-5,4.494205597765871e-5,0.11110980851867777,-0.11111023527515379
36486,0.625,-0.11110974910726597,2.015503399490739e-9,4.4894358214487696e-5,4.386895149168494e-5,0.11110974910726597,-0.11111023572192365
36487,1.5625,-0.11110971166477071,2.2589548891278394e-9,4.752846398872826e-5,4.1070300139678354e-5,0.11110971166477071,-0.11111023331481056
36488,3.90625,-0.11110972950137919,2.21901981276607e-9,4.7106473151426546e-5,3.3810188124797997e-5,0.11110972950137919,-0.1111102245649826
36489,9.765625,-0.11110986784493876,1.551833415306266e-9,3.939331688632306e-5,1.6348439027565912e-5,0.11110986784493876,-0.11111020831865188
36490,24.4140625,-0.11111017765757494,3.281992074562569e-10,1.8116269137332247e-5,2.3439124337330268e-5,0.11111017765757494,-0.11111020529230138
36491,9.765625,-0.11111030393621281,7.028190351598948e-11,8.383430295290197e-6,6.578292941709747e-5,0.11111030393621281,-0.11111021123756655
36492,3.90625,-0.11111041671350665,7.595887753250713e-12,2.7560638151629783e-6,7.319814636233779e-5,0.11111041671350665,-0.11111021703310234
36493,1.5625,-0.11111052234230769,5.95927821228635e-11,7.719636139279072e-6,7.304048175196568e-5,0.11111052234230769,-0.11111022229248603
36494,0.625,-0.11111062551216175,2.1049513897160244e-10,1.4508450605478258e-5,7.177528105822789e-5,0.11111062551216175,-0.11111022726399865
36495,0.25,-0.11111072789466186,4.567312228636326e-10,2.1371270969776987e-5,7.075488443467882e-5,0.11111072789466186,-0.11111023212074234
36496,0.1,-0.1111108300879536,7.973361641057484e-10,2.8237141571089457e-5,7.0097726769669e-5,0.1111108300879536,-0.11111023693918187
36497,0.1,-0.11111093196659523,1.229422931249461e-9,3.506312780185848e-5,6.969239869789776e-5,0.11111093196659523,-0.11111024164776204
36498,0.1,-0.1111110334379206,1.750134586384816e-9,4.183460991075232e-5,6.922446109941421e-5,0.1111110334379206,-0.11111024622954092
36499,0.1,-0.1111111344081695,2.356309027910576e-9,4.854182761197374e-5,6.869435966227745e-5,0.1111111344081695,-0.11111025066815937
36500,0.1,-0.1111112347826444,3.0444922291290507e-9,5.517691753921245e-5,6.810263803395449e-5,0.1111112347826444,-0.11111025494790332
36501,0.25,-0.11111133253303168,3.790518723901068e-9,6.156718869577422e-5,6.745313994465425e-5,0.11111133253303168,-0.11111025837710994
36502,0.625,-0.11111142260990554,4.5292496995994086e-9,6.729970059071146e-5,6.58450877548006e-5,0.11111142260990554,-0.11111025939084467
36503,1.5625,-0.11111149121972816,5.079681620052183e-9,7.127188520063282e-5,6.164553568261289e-5,0.11111149121972816,-0.11111025398252232
36504,3.90625,-0.11111150228359234,4.995111194578313e-9,7.06761005897914e-5,5.073435976605431e-5,0.11111150228359234,-0.11111023427987823
36505,9.765625,-0.11111137086043331,3.5013031554308114e-9,5.917181047957559e-5,2.4312837791034325e-5,0.11111137086043331,-0.11111019758610406
36506,24.4140625,-0.11111095192909584,7.464522442531273e-10,2.732127823241671e-5,3.456719811244749e-5,0.11111095192909584,-0.11111019046029172
36507,9.765625,-0.11111072002599816,1.6097956734081528e-10,1.2687772355335482e-5,9.86269613049517e-5,0.11111072002599816,-0.11111020382770237
36508,3.90625,-0.11111053085066402,1.6284562565913552e-11,4.035413555747856e-6,0.00010990013587535834,0.11111053085066402,-0.11111021690696361
36509,1.5625,-0.111110355987899,1.3056361352630354e-10,1.1426443607978098e-5,0.00010971981410406813,0.111110355987899,-0.11111022878557222
36510,0.625,-0.11111018613957088,4.681190063556955e-10,2.1636058013318773e-5,0.00010784339818184527,0.11111018613957088,-0.1111102400151317
36511,0.25,-0.11111001823630283,1.0208566842857495e-9,3.19508479431415e-5,0.00010632131989252188,0.11111001823630283,-0.11111025098491543
36512,0.1,-0.11110985121620078,1.7865945483414852e-9,4.226812686104608e-5,0.00010533941634892005,0.11110985121620078,-0.1111102618676718
36513,0.1,-0.11110968531107823,2.7588763038143556e-9,5.2525006461821166e-5,0.00010473357044167645,0.11110968531107823,-0.11111027250337975
36514,0.1,-0.11110952065899472,3.931296516584289e-9,6.270005196636035e-5,0.00010403367481986001,0.11110952065899472,-0.11111028285377654
36515,0.1,-0.11110935739555068,5.296762185224878e-9,7.277885809233941e-5,0.0001032403828645302,0.11110935739555068,-0.11111029288190266
36516,0.1,-0.11110919565380918,6.847522275662435e-9,8.274975695228617e-5,0.00010235449399889389,0.11110919565380918,-0.11111030255224523
36517,0.25,-0.11110903877771582,8.529375546506495e-9,9.235461843625631e-5,0.00010138168339607604,0.11110903877771582,-0.11111031030787169
36518,0.625,-0.1111088949269639,1.019611905951076e-8,0.00010097583403721288,9.897069047509717e-5,0.1111088949269639,-0.1111103126232619
36519,1.5625,-0.11110878612915254,1.144127058228131e-8,0.00010696387512745278,9.266994579022675e-5,0.11110878612915254,-0.11111030046582278
36520,3.90625,-0.11110876948616347,1.1260735987498944e-8,0.00010611661503977096,7.628589870617556e-5,0.11110876948616347,-0.11111025605422245
36521,9.765625,-0.11110897951088958,7.909575548633938e-9,8.893579452972767e-5,3.6473446695840834e-5,0.11110897951088958,-0.11111017311036706
36522,24.4140625,-0.11110966054311391,1.143746534885934e-10,1.0694608617831388e-5,5.027307930346987e-5,0.11110966054311391,-0.11111021999879853
36523,9.765625,-0.11111092151367043,1.1891709598060155e-10,1.0904911553084764e-5,2.9116781719035027e-5,0.11111092151367043,-0.11111021931670624
36524,3.90625,-0.11111139368371892,1.372056838659185e-10,1.1713482994648453e-5,1.9550689822913093e-5,0.11111139368371892,-0.11111021902826428
36525,1.5625,-0.11111177418219684,1.6029346919324066e-10,1.2660705714660643e-5,1.5343491765588864e-5,0.11111177418219684,-0.11111021896731436
36526,3.90625,-0.11111186401830206,1.602024982481085e-10,1.2657112555717773e-5,1.3441469601008767e-5,0.11111186401830206,-0.11111021840621324
36527,9.765625,-0.1111112713579079,1.0568296726198819e-10,1.028022214069269e-5,9.198414064964982e-6,0.1111112713579079,-0.11111021730504657
36528,24.4140625,-0.11111019818439412,2.0433409671229416e-11,4.52033291597305e-6,8.384539212680172e-6,0.11111019818439412,-0.11111021714506786
36529,9.765625,-0.11111070450091982,4.237166403925515e-12,2.058437855249829e-6,1.7784791545811245e-5,0.11111070450091982,-0.1111102175800918
36530,3.90625,-0.11111088210186407,1.8560571495184452e-12,1.3623718837081325e-6,1.9081792033882947e-5,0.11111088210186407,-0.11111021796341408
36531,1.5625,-0.11111102050581002,6.791136398628461e-12,2.6059808899200435e-6,1.8779213240879975e-5,0.11111102050581002,-0.11111021830574647
36532,0.625,-0.11111114897041342,1.8036327414839843e-11,4.246919756110285e-6,1.8327748368343138e-5,0.11111114897041342,-0.11111021862777123
36533,0.25,-0.11111127446923626,3.535149428447225e-11,5.9457122604842094e-6,1.799148804283108e-5,0.11111127446923626,-0.11111021894130763
36534,0.1,-0.11111139906325818,5.86491110050606e-11,7.658270758145117e-6,1.777034459216036e-5,0.11111139906325818,-0.11111021925125442
36535,0.1,-0.1111115196422034,8.765155008968149e-11,9.362240655403037e-6,1.7624697709695797e-5,0.1111115196422034,-0.11111021955236804
36536,0.1,-0.11111163580012312,1.2211630949345177e-10,1.1050624846290448e-5,1.7467984382315174e-5,0.11111163580012312,-0.11111021984380202
36537,0.1,-0.11111174714881723,1.6178521024475414e-10,1.271948152421136e-5,1.7299815866893208e-5,0.11111174714881723,-0.11111022012472954
36538,0.1,-0.11111185331902956,2.0638529334727833e-10,1.4366116153897626e-5,1.7119922934666165e-5,0.11111185331902956,-0.11111022039435373
36539,0.25,-0.11111193966492346,2.5401003234588154e-10,1.5937692190084534e-5,1.6929704370567742e-5,0.11111193966492346,-0.11111022060686661
36540,0.625,-0.11111197359743438,2.997091814864345e-10,1.7312110832779304e-5,1.6500752070057877e-5,0.11111197359743438,-0.11111022066091462
36541,1.5625,-0.11111187515091668,3.3028971160933045e-10,1.817387442482561e-5,1.5433440791922558e-5,0.11111187515091668,-0.11111022030367054
36542,3.90625,-0.11111147860316702,3.157723495894778e-10,1.776998451292172e-5,1.278508932354432e-5,0.11111147860316702,-0.1111102190682533
36543,9.765625,-0.11111061912763806,2.1339338637535843e-10,1.4607990497510547e-5,7.210588781895597e-6,0.11111061912763806,-0.11111021688199092
36544,24.4140625,-0.1111100286195945,4.5016973766449504e-11,6.709468963073717e-6,1.0260584367055313e-5,0.1111100286195945,-0.11111021654005251
36545,9.765625,-0.1111103667400318,9.428589710540902e-12,3.0706008712531987e-6,2.4728266288534383e-5,0.1111103667400318,-0.11111021737759885
36546,3.90625,-0.11111049917313777,1.4642609094328526e-12,1.21006648967437e-6,2.7324705950258677e-5,0.11111049917313777,-0.11111021818180489
36547,1.5625,-0.11111060333139805,9.252922112000199e-12,3.0418616194692684e-6,2.7192562140811832e-5,0.11111060333139805,-0.11111021890923246
36548,0.625,-0.11111069979372208,3.058458154439405e-11,5.530332860180665e-6,2.668244901530328e-5,0.11111069979372208,-0.1111102195959293
36549,0.25,-0.11111079380787535,6.49445714862275e-11,8.05881948465329e-6,2.627664298742427e-5,0.11111079380787535,-0.11111022026600095
36550,0.1,-0.11111088701854743,1.1217612689543872e-10,1.0591323189075043e-5,2.6011404956908215e-5,0.11111088701854743,-0.11111022092996033
36551,0.1,-0.11111097855644697,1.7184388323947713e-10,1.3108923801726712e-5,2.5842533849324733e-5,0.11111097855644697,-0.11111022157776718
36552,0.1,-0.11111106818061489,2.435238739321994e-10,1.5605251485708245e-5,2.565207950169324e-5,0.11111106818061489,-0.11111022220721745
36553,0.1,-0.1111111556570864,3.267523491063284e-10,1.807629246019018e-5,2.5440065177465486e-5,0.1111111556570864,-0.11111022281618163
36554,0.1,-0.11111124075957217,4.210275159905721e-10,2.0518955041389707e-5,2.5206578728088664e-5,0.11111124075957217,-0.1111102234026153
36555,0.25,-0.1111113168281887,5.229229038383369e-10,2.2867507600049836e-5,2.495321023870139e-5,0.1111113168281887,-0.11111022387135189
36556,0.625,-0.11111136837870816,6.232674420996748e-10,2.49653247945961e-5,2.4347954156407238e-5,0.11111136837870816,-0.11111022400801847
36557,1.5625,-0.11111135630660296,6.967364579667797e-10,2.6395765909834474e-5,2.2793448358975825e-5,0.11111135630660296,-0.1111102232662987
36558,3.90625,-0.11111119526630472,6.815270428724577e-10,2.6106072911727986e-5,1.880461245912192e-5,0.11111119526630472,-0.11111022058507897
36559,9.765625,-0.11111077768954548,4.733462687100043e-10,2.1756522440638446e-5,9.514841814751339e-6,0.11111077768954548,-0.1111102156515799
36560,24.4140625,-0.11111036092062952,9.890739400324723e-11,9.945219655857141e-6,1.3729773576866074e-5,0.11111036092062952,-0.11111021481135873
36561,9.765625,-0.11111045428137872,2.0763190955731328e-11,4.5566644550297235e-6,3.6581026969983193e-5,0.11111045428137872,-0.1111102166488928
36562,3.90625,-0.11111046174552437,2.412266449351215e-12,1.5531472722672552e-6,4.057170804029963e-5,0.11111046174552437,-0.11111021842629304
36563,1.5625,-0.1111104603312682,1.9049479165513378e-11,4.3645709027936955e-6,4.043783487422879e-5,0.1111104603312682,-0.11111022003654045
36564,0.625,-0.11111045683102323,6.585026058266655e-11,8.114817347461774e-6,3.971558820192376e-5,0.11111045683102323,-0.11111022155794595
36565,0.25,-0.11111045273970474,1.4171162032934263e-10,1.1904268996009063e-5,3.913807369667466e-5,0.11111045273970474,-0.11111022304384563
36566,0.1,-0.11111044849005815,2.463219426072358e-10,1.569464694114639e-5,3.876510645558142e-5,0.11111044849005815,-0.1111102245176099
36567,0.1,-0.11111044371807098,3.787707565896475e-10,1.9462033721829986e-5,3.853297523158146e-5,0.11111044371807098,-0.11111022595711245
36568,0.1,-0.11111043835701073,5.381621827770271e-10,2.3198322844055496e-5,3.826680715525557e-5,0.11111043835701073,-0.1111102273572465
36569,0.1,-0.11111043234346664,7.235088293035243e-10,2.6898119438048535e-5,3.796682131870713e-5,0.11111043234346664,-0.11111022871308408
36570,0.1,-0.11111042561761332,9.337358398787246e-10,3.055709148264482e-5,3.763329852982873e-5,0.11111042561761332,-0.11111023001989401
36571,0.25,-0.11111041606857801,1.1613939960381786e-9,3.407923115385936e-5,3.7268498995251934e-5,0.11111041606857801,-0.11111023106596102
36572,0.625,-0.11111039896728629,1.3864546622491024e-9,3.7235126725299354e-5,3.637534954799371e-5,0.11111039896728629,-0.11111023137306307
36573,1.5625,-0.11111036294105923,1.5533536892749753e-9,3.941260825262615e-5,3.405490427721417e-5,0.11111036294105923,-0.11111022971843032
36574,3.90625,-0.1111102865103779,1.5252535483257984e-9,3.905449459826357e-5,2.8047944015927072e-5,0.1111102865103779,-0.11111022370677633
36575,9.765625,-0.11111016475153997,1.0661295378231838e-9,3.265163912919509e-5,1.3667522487734696e-5,0.11111016475153997,-0.11111021255253874
36576,24.4140625,-0.11111020302246519,2.2521101137374175e-10,1.5007032064127195e-5,1.9594296392399924e-5,0.11111020302246519,-0.11111021049405577
36577,9.765625,-0.11111037656785624,4.7978895562944e-11,6.926679981271258e-6,5.460743826808458e-5,0.11111037656785624,-0.1111102145919856
36578,3.90625,-0.11111048483625223,5.0009640528633055e-12,2.2362835358834323e-6,6.074019531346078e-5,0.11111048483625223,-0.11111021858309111
36579,1.5625,-0.11111058064168346,4.087004270711135e-11,6.392968223533677e-6,6.060236636606385e-5,0.11111058064168346,-0.11111022220413057
36580,0.625,-0.1111106727426381,1.4472948637459469e-10,1.203035686813133e-5,5.9549086968329594e-5,0.1111106727426381,-0.11111022562657458
36581,0.25,-0.1111107636700402,3.1411421376734804e-10,1.772326758155358e-5,5.869983321143119e-5,0.1111107636700402,-0.11111022896967798
36582,0.1,-0.11111085426114763,5.483514886660247e-10,2.341690604383988e-5,5.8152177052686404e-5,0.11111085426114763,-0.11111023228609333
36583,0.1,-0.11111094412756749,8.454476782736315e-10,2.9076582988267922e-5,5.7813548310996836e-5,0.11111094412756749,-0.1111102355266443
36584,0.1,-0.11111103313939141,1.2034303276832272e-9,3.4690493332946815e-5,5.742324544598145e-5,0.11111103313939141,-0.11111023867971974
36585,0.1,-0.11111112116807553,1.6201180022822215e-9,4.025068946343928e-5,5.698161940278566e-5,0.11111112116807553,-0.11111024173410682
36586,0.1,-0.11111120808673712,2.093129348403761e-9,4.575073057781439e-5,5.648910602132729e-5,0.11111120808673712,-0.11111024467903483
36587,0.25,-0.11111129053894199,2.605847438613854e-9,5.1047501786217254e-5,5.5948918316980686e-5,0.11111129053894199,-0.11111024703906257
36588,0.625,-0.11111136054445932,3.1134955446357733e-9,5.579870558208114e-5,5.461483257341622e-5,0.11111136054445932,-0.11111024773858966
36589,1.5625,-0.1111113973025801,3.4916729042490526e-9,5.9090379117493e-5,5.11345612922548e-5,0.1111113973025801,-0.11111024402399251
36590,3.90625,-0.11111135151971892,3.433421022768462e-9,5.8595401037696314e-5,4.2098393686596244e-5,0.11111135151971892,-0.11111023048513746
36591,9.765625,-0.1111111349010567,2.406839405855079e-9,4.9059549588791366e-5,2.0261724406202167e-5,0.1111111349010567,-0.11111020526735449
36592,24.4140625,-0.11111072760994156,5.135059094122986e-10,2.2660668776810156e-5,2.87559141651176e-5,0.11111072760994156,-0.11111020036429954
36593,9.765625,-0.1111105992908786,1.1076668896049193e-10,1.0524575476497469e-5,8.182158988442303e-5,0.1111105992908786,-0.11111020956232219
36594,3.90625,-0.11111047518430202,1.1155818287077809e-11,3.3400326775464053e-6,9.117061588100591e-5,0.11111047518430202,-0.11111021856364423
36595,1.5625,-0.11111035818907071,8.96374374928923e-11,9.467704974960527e-6,9.102239614893783e-5,0.11111035818907071,-0.11111022673938012
36596,0.625,-0.1111102439655577,3.216532396892896e-10,1.7934693743950288e-5,8.946683496549209e-5,0.1111102439655577,-0.11111023446858213
36597,0.25,-0.11111013087299293,7.016286749773582e-10,2.648827429217234e-5,8.82044293431729e-5,0.11111013087299293,-0.11111024201890439
36598,0.1,-0.11111001832132839,1.2280556403051957e-9,3.504362481686499e-5,8.738954763521762e-5,0.11111001832132839,-0.11111024950914798
36599,0.1,-0.11110990639935985,1.8964912716606648e-9,4.354872296245511e-5,8.688628885331806e-5,0.11110990639935985,-0.11111025682933619
36600,0.1,-0.11110979518349452,2.7025265749595462e-9,5.198583052101357e-5,8.630510288903309e-5,0.11110979518349452,-0.11111026395316723
36601,0.1,-0.11110968474945243,3.641280215887367e-9,6.034302126913573e-5,8.564653541361115e-5,0.11110968474945243,-0.11111027085523668
36602,0.1,-0.11110957517228459,4.707418858380924e-9,6.861063225463619e-5,8.49112532024504e-5,0.11110957517228459,-0.11111027751113679
36603,0.25,-0.1111094682208211,5.8636931345250995e-9,7.657475520382092e-5,8.410399349060804e-5,0.1111094682208211,-0.11111028285052657
36604,0.625,-0.11110936830267287,7.009634555321676e-9,8.372356033591546e-5,8.210505170076638e-5,0.11110936830267287,-0.11111028444966353
36605,1.5625,-0.11110928767283522,7.86591413882548e-9,8.868998894365406e-5,7.688314704815337e-5,0.11110928767283522,-0.11111027609840383
36606,3.90625,-0.11110926022323953,7.742462151412313e-9,8.799126179009091e-5,6.33075048445908e-5,0.11110926022323953,-0.11111024556910422
36607,9.765625,-0.111109378031623,5.439598521116421e-9,7.375363395193772e-5,3.0343066443844215e-5,0.111109378031623,-0.11111018853039342
36608,24.4140625,-0.1111100512818691,7.7168359630823e-11,8.78455232956256e-6,4.17067276604055e-5,0.1111100512818691,-0.11111022081900405
36609,9.765625,-0.1111107715063279,8.139758148311774e-11,9.022060822401815e-6,2.3582968245764733e-5,0.1111107715063279,-0.11111022030348959
36610,3.90625,-0.11111103208405164,9.277005782199108e-11,9.631721436066924e-6,1.5726588773355955e-5,0.11111103208405164,-0.1111102200997025
36611,1.5625,-0.11111124240816769,1.0705189186029628e-10,1.0346588416492476e-5,1.2399156639444075e-5,0.11111124240816769,-0.11111022005719659
36612,3.90625,-0.11111128601854811,1.0665091469878378e-10,1.032719297286459e-5,1.0932593418220272e-5,0.11111128601854811,-0.11111021968826315
36613,9.765625,-0.11111094299992469,7.180323152843581e-11,8.473678748243635e-6,7.746684055558634e-6,0.11111094299992469,-0.11111021895316997
36614,24.4140625,-0.11111034307245547,1.3841411747861825e-11,3.7204047827974076e-6,7.3004118621413195e-6,0.11111034307245547,-0.11111021885318277
36615,9.765625,-0.11111061207929762,2.9317690087424464e-12,1.7122409318616485e-6,1.4697073490267889e-5,0.11111061207929762,-0.11111021914534097
36616,3.90625,-0.11111069837771256,9.78524501265148e-13,9.892039735388996e-7,1.586088428716036e-5,0.11111069837771256,-0.1111102194122681
36617,1.5625,-0.1111107639168943,3.975472918536356e-12,1.993858801052962e-6,1.5666744746382943e-5,0.1111107639168943,-0.11111021965234943
36618,0.625,-0.11111082428565079,1.1226748816825631e-11,3.3506340917542204e-6,1.532082684212672e-5,0.11111082428565079,-0.11111021987858588
36619,0.25,-0.11111088313086724,2.2560448793645984e-11,4.7497840786341e-6,1.5055750375172189e-5,0.11111088313086724,-0.11111022009886883
36620,0.1,-0.11111094151800381,3.7913113124629e-11,6.157362513660293e-6,1.4878916182587731e-5,0.11111094151800381,-0.111110220316556
36621,0.1,-0.11111099772509891,5.711442790439961e-11,7.557408808870909e-6,1.4761188842371409e-5,0.11111099772509891,-0.11111022052830648
36622,0.1,-0.11111105153738994,8.000960962638437e-11,8.94480908831398e-6,1.4634723118851787e-5,0.11111105153738994,-0.11111022073355227
36623,0.1,-0.11111110275002406,1.0643367994421364e-10,1.031667000268079e-5,1.4499174944489227e-5,0.11111110275002406,-0.11111022093173605
36624,0.1,-0.11111115116871463,1.3621191493527411e-10,1.1670986030977593e-5,1.4354297827708622e-5,0.11111115116871463,-0.11111022112231847
36625,0.25,-0.11111118888164397,1.6816655416543652e-10,1.2967904771605803e-5,1.420118695999037e-5,0.11111118888164397,-0.11111022127491224
36626,0.625,-0.1111111983526471,1.9920894478255506e-10,1.4114139888160208e-5,1.3857706082953112e-5,0.1111111983526471,-0.11111022132176962
36627,1.5625,-0.11111113673792547,2.2097618210354177e-10,1.4865267643185633e-5,1.3002785445671987e-5,0.11111113673792547,-0.11111022109203163
36628,3.90625,-0.11111091625156932,2.1375977577206073e-10,1.4620525837741292e-5,1.0868828681188643e-5,0.11111091625156932,-0.11111022026140167
36629,9.765625,-0.11111045596849169,1.4664553419675153e-10,1.2109728906823287e-5,6.305529619171924e-6,0.11111045596849169,-0.11111021875433463
36630,24.4140625,-0.11111017925475908,3.081081908581355e-11,5.550749416593542e-6,8.582363056528217e-6,0.11111017925475908,-0.11111021851492227
36631,9.765625,-0.1111103808814507,6.657299517212856e-12,2.580174319152265e-6,2.0617078457543098e-5,0.1111103808814507,-0.11111021909226772
36632,3.90625,-0.11111046744210688,1.1340919961387482e-12,1.0649375550419602e-6,2.276173027536839e-5,0.11111046744210688,-0.11111021964945152
36633,1.5625,-0.11111053770839688,6.398104347047081e-12,2.5294474390757918e-6,2.26596221613815e-5,0.11111053770839688,-0.11111022015468452
36634,0.625,-0.11111060347220753,2.094380154563925e-11,4.576439833062295e-6,2.224333131293953e-5,0.11111060347220753,-0.11111022063218645
36635,0.25,-0.11111066779357634,4.4418638612103206e-11,6.66473094821563e-6,2.1911205447940863e-5,0.11111066779357634,-0.11111022109834447
36636,0.1,-0.11111073164005449,7.67148711482771e-11,8.758702595035243e-6,2.1693927105922896e-5,0.11111073164005449,-0.11111022156032864
36637,0.1,-0.11111079452674023,1.1753714175763066e-10,1.08414547805002e-5,2.1555532597244684e-5,0.11111079452674023,-0.11111022201126748
36638,0.1,-0.11111085631211602,1.665972477329411e-10,1.2907255623599508e-5,2.13993634988236e-5,0.11111085631211602,-0.11111022244964709
36639,0.1,-0.1111109168584416,2.2357986965087178e-10,1.4952587389842327e-5,2.122544814103136e-5,0.1111109168584416,-0.11111022287400414
36640,0.1,-0.11111097603213978,2.881437335890987e-10,1.6974797011720013e-5,2.10338671213115e-5,0.11111097603213978,-0.11111022328293352
36641,0.25,-0.11111102998046676,3.579640838557811e-10,1.8919938791015713e-5,2.0825931793136645e-5,0.11111102998046676,-0.11111022361127723
36642,0.625,-0.11111106970883372,4.2681299872045656e-10,2.065945301116311e-5,2.032919765264116e-5,0.11111106970883372,-0.1111102237121575
36643,1.5625,-0.11111107238830757,4.774620116329918e-10,2.1850904137655077e-5,1.9053621159102157e-5,0.11111107238830757,-0.1111102232108036
36644,3.90625,-0.11111098753382169,4.676877227521954e-10,2.1626088937951665e-5,1.5783642741889993e-5,0.11111098753382169,-0.11111022137695649
36645,9.765625,-0.11111074707113289,3.25510920742729e-10,1.8041921204315492e-5,8.234261387303886e-6,0.11111074707113289,-0.11111021798767093
36646,24.4140625,-0.111110473898164,6.812853231899528e-11,8.254000988550661e-6,1.1570968597727189e-5,0.111110473898164,-0.11111021740717324
36647,9.765625,-0.11111049625811548,1.4397757485255226e-11,3.7944377034358104e-6,3.042071866254894e-5,0.11111049625811548,-0.11111021867467964
36648,3.90625,-0.11111047675496147,1.7102853613657467e-12,1.3077787891557757e-6,3.372986176929697e-5,0.11111047675496147,-0.11111021990266355
36649,1.5625,-0.1111104541945638,1.3084249432053744e-11,3.617215701621033e-6,3.362396849984278e-5,0.1111104541945638,-0.1111102210161499
36650,0.625,-0.11111043110429336,4.520391829218938e-11,6.723385924680316e-6,3.302911731375428e-5,0.11111043110429336,-0.11111022206866916
36651,0.25,-0.11111040790795,9.731157031935445e-11,9.864662706821478e-6,3.2552974385815566e-5,0.11111040790795,-0.11111022309682286
36652,0.1,-0.11111038470496513,1.6919409527406598e-10,1.3007463060645837e-5,3.224557025166849e-5,0.11111038470496513,-0.11111022411666896
36653,0.1,-0.11111036131838044,2.6022863190916303e-10,1.613160351326436e-5,3.20544430693042e-5,0.11111036131838044,-0.11111022511300886
36654,0.1,-0.11111033773041885,3.698016469509496e-10,1.9230227428477012e-5,3.1835154063094756e-5,0.11111033773041885,-0.11111022608232746
36655,0.1,-0.1111103139250132,4.972366062270604e-10,2.2298802798066545e-5,3.158788620253168e-5,0.1111103139250132,-0.11111022702123055
36656,0.1,-0.11111028988794978,6.417967408189154e-10,2.5333707601117436e-5,3.131287385269766e-5,0.11111028988794978,-0.11111022792646025
36657,0.25,-0.1111102648845142,7.983718024438807e-10,2.825547384921868e-5,3.1011968838878446e-5,0.1111102648845142,-0.11111022865246203
36658,0.625,-0.11111023736591501,9.532158329747429e-10,3.087419364088304e-5,3.027434227024434e-5,0.11111023736591501,-0.1111102288703721
36659,1.5625,-0.11111020392522682,1.068179074886446e-9,3.268300896316687e-5,2.8357244063437137e-5,0.11111020392522682,-0.11111022773905563
36660,3.90625,-0.11111016008876437,1.049244048294276e-9,3.239203680373119e-5,2.3396885859923503e-5,0.11111016008876437,-0.1111102236094555
36661,9.765625,-0.11111011991770514,7.339677982153374e-10,2.7091840066989494e-5,1.1581541217890448e-5,0.11111011991770514,-0.11111021593446228
36662,24.4140625,-0.11111022225205938,1.5542346282284036e-10,1.2466894674410319e-5,1.638052467808227e-5,0.11111022225205938,-0.11111021450625452
36663,9.765625,-0.11111035786748522,3.322441011868202e-11,5.764061946117687e-6,4.5366032137023754e-5,0.11111035786748522,-0.11111021733140314
36664,3.90625,-0.11111045092911871,3.4539467569862063e-12,1.8584796896889152e-6,5.0465157643542757e-5,0.11111045092911871,-0.11111022008632886
36665,1.5625,-0.11111053477040275,2.7983379254714688e-11,5.289931876188453e-6,5.035925822958644e-5,0.11111053477040275,-0.11111022258724505
36666,0.625,-0.11111061577178721,9.933654751624263e-11,9.9667721713824e-6,4.949074690596309e-5,0.11111061577178721,-0.11111022495163263
36667,0.25,-0.11111069585373165,2.1581717953010706e-10,1.4690717461380403e-5,4.878962841954732e-5,0.11111069585373165,-0.1111102272614897
36668,0.1,-0.11111077566236198,3.769644084861249e-10,1.9415571289203027e-5,4.8337706737952505e-5,0.11111077566236198,-0.11111022955306411
36669,0.1,-0.11111085494648498,5.814114513959974e-10,2.4112475015974562e-5,4.8058661960690994e-5,0.11111085494648498,-0.11111023179255677
36670,0.1,-0.11111093360785129,8.278048627788623e-10,2.8771598196465594e-5,4.7736760177351126e-5,0.11111093360785129,-0.11111023397196218
36671,0.1,-0.1111110115489435,1.1146471867830435e-9,3.338633233499966e-5,4.737229585551771e-5,0.1111110115489435,-0.11111023608354888
36672,0.1,-0.11111108867317493,1.440303179520698e-9,3.7951326452717014e-5,4.696563369698987e-5,0.11111108867317493,-0.1111102381198882
36673,0.25,-0.11111116253075548,1.7933523694343952e-9,4.234799132703221e-5,4.65194150596916e-5,0.11111116253075548,-0.11111023975373939
36674,0.625,-0.11111122724171234,2.1430105190440984e-9,4.62926616111463e-5,4.541563664487955e-5,0.11111122724171234,-0.11111024024459196
36675,1.5625,-0.11111126732450535,2.4037310129487182e-9,4.9027859559119225e-5,4.253444528213622e-5,0.11111126732450535,-0.11111023769620858
36676,3.90625,-0.11111124522669491,2.36434772885341e-9,4.86245589065177e-5,3.505412825520974e-5,0.11111124522669491,-0.11111022838050495
36677,9.765625,-0.11111108837637071,1.6585760253421397e-9,4.072561878403003e-5,1.7018640575770798e-5,0.11111108837637071,-0.11111021100616382
36678,24.4140625,-0.11111074734244364,3.548261401654382e-10,1.8836829355425987e-5,2.3923239864747996e-5,0.11111074734244364,-0.1111102075918258
36679,9.765625,-0.11111061498688869,7.684006664565977e-11,8.765846601764131e-6,6.794930975239066e-5,0.11111061498688869,-0.11111021393045513
36680,3.90625,-0.11111049575825838,7.76056595800919e-12,2.7857792371272333e-6,7.573138169100856e-5,0.11111049575825838,-0.111110220141628
36681,1.5625,-0.11111038416919371,6.143509471391544e-11,7.838054268370144e-6,7.562086543807388e-5,0.11111038416919371,-0.11111022578577036
36682,0.625,-0.11111027538876715,2.209336050113592e-10,1.4863835474444649e-5,7.433654710457615e-5,0.11111027538876715,-0.11111023112263514
36683,0.25,-0.11111016769837638,4.824150062392053e-10,2.1963947874624117e-5,7.329272909695516e-5,0.11111016769837638,-0.11111023633637229
36684,0.1,-0.11111006048890709,8.44843954024195e-10,2.906619951118816e-5,7.26189996587721e-5,0.11111006048890709,-0.11111024150882745
36685,0.1,-0.11110995386707949,1.305170479725144e-9,3.612714325441667e-5,7.220325725708669e-5,0.11110995386707949,-0.11111024656436062
36686,0.1,-0.11110984791388319,1.8603652932755994e-9,4.313195211528919e-5,7.17228182495624e-5,0.11110984791388319,-0.11111025148482645
36687,0.1,-0.11110974270962275,2.5070732836639165e-9,5.007068287594964e-5,7.117813809757274e-5,0.11110974270962275,-0.11111025625269735
36688,0.1,-0.11110963833388714,3.2416275060755396e-9,5.69352922718022e-5,7.056977251556353e-5,0.11110963833388714,-0.11111026085112999
36689,0.25,-0.11110953666415319,4.038401323308027e-9,6.354841715816396e-5,6.990162497247982e-5,0.11110953666415319,-0.11111026454287849
36690,0.625,-0.1111094423470895,4.828254777399227e-9,6.948564439795624e-5,6.824532652933656e-5,0.1111094423470895,-0.11111026565808076
36691,1.5625,-0.11110936813668404,5.418922319324177e-9,7.361332976658627e-5,6.391659375160641e-5,0.11110936813668404,-0.11111025991727123
36692,3.90625,-0.11110934823750247,5.335280508296542e-9,7.304300451307122e-5,5.2662152824148984e-5,0.11110934823750247,-0.11111023888948365
36693,9.765625,-0.11110946949399599,3.750667582864856e-9,6.124269411827713e-5,2.535868778326605e-5,0.11110946949399599,-0.11111019956217524
36694,24.4140625,-0.11110991272967657,8.08408597098679e-10,2.8432527096596233e-5,3.536099796899073e-5,0.11110991272967657,-0.11111019154462881
36695,61.03515625,-0.11111071929560676,2.5247168600718506e-10,1.5889357633560427e-5,0.00010137197178591411,0.11111071929560676,-0.11111022110661581
36696,24.4140625,-0.11111058234408216,7.595883323866745e-11,8.715436491574444e-6,2.0990276950714888e-5,0.11111058234408216,-0.1111102195807224
36697,9.765625,-0.11111049087080833,3.6166426490961215e-11,6.013852882384239e-6,2.2625195293509118e-5,0.11111049087080833,-0.11111021998657399
36698,3.90625,-0.11111046433847631,2.322420350986096e-11,4.819149666679897e-6,2.4481577823548498e-5,0.11111046433847631,-0.1111102205682319
36699,1.5625,-0.11111044079512057,2.4051710701971015e-11,4.904254347193977e-6,2.4346383132011858e-5,0.11111044079512057,-0.11111022114219192
36700,0.625,-0.11111041801935566,3.592647374486236e-11,5.993869680336932e-6,2.379918569268496e-5,0.11111041801935566,-0.11111022169277211
36701,0.25,-0.11111039547694475,5.8014711453988225e-11,7.616738898898151e-6,2.3296136106964937e-5,0.11111039547694475,-0.11111022222619106
36702,0.1,-0.11111037301014724,8.994101525920035e-11,9.483723702175236e-6,2.2906062297628126e-5,0.11111037301014724,-0.11111022274752334
36703,0.1,-0.11111035105300911,1.3118286494105477e-10,1.1453508848429584e-5,2.2607861395409804e-5,0.11111035105300911,-0.11111022324922587
36704,0.1,-0.11111032964919774,1.8129491169147925e-10,1.3464579892870005e-5,2.2310459904763545e-5,0.11111032964919774,-0.11111022373080046
36705,0.1,-0.11111030884020405,2.398225210612255e-10,1.548620421734214e-5,2.201129514946091e-5,0.11111030884020405,-0.11111022419166047
36706,0.1,-0.11111028866522994,3.063004732355808e-10,1.7501442033032045e-5,2.1708234057533764e-5,0.11111028866522994,-0.11111022463116006
36707,0.25,-0.11111027089102085,3.781166982770596e-10,1.9445223019473438e-5,2.1403323976705582e-5,0.11111027089102085,-0.11111022498156656
36708,0.625,-0.11111025937913155,4.4848660026202204e-10,2.1177502219620285e-5,2.0828078922035456e-5,0.11111025937913155,-0.11111022509071992
36709,1.5625,-0.11111026344790109,4.989007020788943e-10,2.2336085200385817e-5,1.9504457648631094e-5,0.11111026344790109,-0.11111022457196533
36710,3.90625,-0.11111030167065225,4.846822032350795e-10,2.2015499159344072e-5,1.6269291828937195e-5,0.11111030167065225,-0.11111022268336894
36711,9.765625,-0.11111038893396581,3.3245444260125457e-10,1.823333328278882e-5,9.21175587669232e-6,0.11111038893396581,-0.11111021924806688
36712,24.4140625,-0.11111043710782056,7.026815387278338e-11,8.382610206420395e-6,1.216640744708288e-5,0.11111043710782056,-0.11111021865808388
36713,9.765625,-0.11111043727126454,1.9813049120650906e-11,4.45118513664068e-6,2.9363703328635054e-5,0.11111043727126454,-0.1111102197893753
36714,3.90625,-0.11111044763159869,8.496887227084403e-12,2.91494206238896e-6,3.2184107698872677e-5,0.11111044763159869,-0.11111022088935676
36715,1.5625,-0.1111104584198481,1.949475102008821e-11,4.415286063222654e-6,3.1833550224279304e-5,0.1111104584198481,-0.11111022188308464
36716,0.625,-0.11111046916855057,4.936858761617193e-11,7.026278361705571e-6,3.1067954727681284e-5,0.11111046916855057,-0.11111022281557476
36717,0.25,-0.11111047989146465,9.714039939878291e-11,9.855982924030606e-6,3.0446884776011767e-5,0.11111047989146465,-0.11111022371859024
36718,0.1,-0.11111049061373963,1.6236332529856213e-10,1.2742186833450611e-5,3.0007155646018202e-5,0.11111049061373963,-0.11111022460631857
36719,0.1,-0.1111105013726859,2.4419371525551414e-10,1.562669879582742e-5,2.9693316732742713e-5,0.1111105013726859,-0.11111022546467797
36720,0.1,-0.11111051216280073,3.418478878613372e-10,1.8489128910290427e-5,2.9363206984659816e-5,0.11111051216280073,-0.11111022629147893
36721,0.1,-0.1111105229776495,4.5450974713422174e-10,2.1319234206092434e-5,2.9015908917432315e-5,0.1111105229776495,-0.11111022708458353
36722,0.1,-0.11111053380987469,5.813317778166666e-10,2.4110822835744668e-5,2.8650735095451407e-5,0.11111053380987469,-0.11111022784192884
36723,0.25,-0.11111054465118574,7.173361016109983e-10,2.67831309150181e-5,2.8271012896010974e-5,0.11111054465118574,-0.11111022843422494
36724,0.625,-0.11111055539443124,8.495605399391328e-10,2.914722182197015e-5,2.7490529652030408e-5,0.11111055539443124,-0.11111022857324272
36725,1.5625,-0.11111056553878233,9.426606337448735e-10,3.0702778925447016e-5,2.5624366734771e-5,0.11111056553878233,-0.11111022753124243
36726,3.90625,-0.11111057280343421,9.112727506063699e-10,3.018729452280164e-5,2.099259752547485e-5,0.11111057280343421,-0.11111022393010495
36727,9.765625,-0.11111056694343717,6.153394172077553e-10,2.4806035902734547e-5,1.0679271181590605e-5,0.11111056694343717,-0.11111021756314514
36728,24.4140625,-0.11111050987326954,1.1617186487679926e-10,1.077830528778988e-5,1.7136390757100058e-5,0.11111050987326954,-0.11111021702661229
36729,9.765625,-0.11111046921853708,2.5230191429078084e-11,5.022966397367007e-6,4.1191195649566676e-5,0.11111046921853708,-0.1111102193387816
36730,3.90625,-0.111110440526356,9.144277771534422e-12,3.023950689335794e-6,4.4856632458266035e-5,0.111110440526356,-0.11111022147628814
36731,1.5625,-0.11111041443741546,3.6320903630621155e-11,6.026682638949985e-6,4.428438345491665e-5,0.11111041443741546,-0.11111022338421839
36732,0.625,-0.11111038921456888,1.0058907285204675e-10,1.0029410394038463e-5,4.323234353977957e-5,0.11111038921456888,-0.11111022517518897
36733,0.25,-0.11111036431708757,2.0037293046463622e-10,1.4155314566078573e-5,4.2424108371676066e-5,0.11111036431708757,-0.11111022691703472
36734,0.1,-0.11111033956208154,3.3504600757165074e-10,1.8304262005654605e-5,4.188270146873428e-5,0.11111033956208154,-0.11111022863795421
36735,0.1,-0.11111031503159641,5.031055572810106e-10,2.243001465182336e-5,4.151787651129069e-5,0.11111031503159641,-0.11111023030754455
36736,0.1,-0.11111029075273941,7.031397970875175e-10,2.6516783309585602e-5,4.111950848663122e-5,0.11111029075273941,-0.11111023192028406
36737,0.1,-0.11111026675215152,9.336440784838216e-10,3.055558997113002e-5,4.0687591003100386e-5,0.11111026675215152,-0.11111023347088449
36738,0.1,-0.11111024305597618,1.1930260216037055e-9,3.4540208766070096e-5,4.022224524762129e-5,0.11111024305597618,-0.11111023495431722
36739,0.25,-0.11111022038279778,1.4712015931105216e-9,3.835624581617082e-5,3.972813465626129e-5,0.11111022038279778,-0.11111023610475466
36740,0.625,-0.11111020044604314,1.7416883720379608e-9,4.173354013306277e-5,3.8640669398302484e-5,0.11111020044604314,-0.1111102363308225
36741,1.5625,-0.11111018776259271,1.9320368560417012e-9,4.395494120166356e-5,3.595337011057151e-5,0.11111018776259271,-0.11111023414043805
36742,3.90625,-0.11111019342085836,1.8669524727618672e-9,4.320824542563453e-5,2.9165661582430172e-5,0.11111019342085836,-0.11111022671090896
36743,9.765625,-0.11111023998057167,1.2580702676565561e-9,3.546928625806496e-5,1.343858861536158e-5,0.11111023998057167,-0.11111021364981172
36744,24.4140625,-0.11111035123644068,2.301439183837547e-10,1.5170494994684739e-5,2.3833159839590667e-5,0.11111035123644068,-0.11111021277966067
36745,9.765625,-0.11111040871168075,4.2983202672235366e-11,6.55615761496285e-6,5.92750946769728e-5,0.11111040871168075,-0.11111021765762658
36746,3.90625,-0.11111045906396626,1.0830731308271921e-11,3.29100764330196e-6,6.46058630860759e-5,0.11111045906396626,-0.11111022211649811
36747,1.5625,-0.11111050586135109,6.860315638309342e-11,8.282702239190627e-6,6.380449348039286e-5,0.11111050586135109,-0.11111022608169402
36748,0.625,-0.1111105514700367,2.0372489919701898e-10,1.4273223153759594e-5,6.231532069911843e-5,0.1111105514700367,-0.11111022980110885
36749,0.25,-0.11111059671837524,4.131009651123483e-10,2.032488536529415e-5,6.118130473175668e-5,0.11111059671837524,-0.11111023342054901
36750,0.1,-0.11111064190233176,6.955823887210546e-10,2.637389597160523e-5,6.043332451005874e-5,0.11111064190233176,-0.11111023700016644
36751,0.1,-0.11111068694850268,1.0481814550162152e-9,3.237563057326012e-5,5.993958329700312e-5,0.11111068694850268,-0.11111024047678005
36752,0.1,-0.11111073180814231,1.4680732515398774e-9,3.831544403422564e-5,5.939470680707476e-5,0.11111073180814231,-0.11111024383837878
36753,0.1,-0.11111077643155577,1.952224224433099e-9,4.418398153667344e-5,5.8798913323116214e-5,0.11111077643155577,-0.11111024707346057
36754,0.1,-0.11111082076823942,2.497403708370287e-9,4.997403033947019e-5,5.8152563422620904e-5,0.11111082076823942,-0.11111025017108596
36755,0.25,-0.11111086375087656,3.0826244396611816e-9,5.552138722745661e-5,5.7461908840582434e-5,0.11111086375087656,-0.11111025257351463
36756,0.625,-0.11111090272440666,3.6525384655065435e-9,6.043623470656113e-5,5.590392166839492e-5,0.11111090272440666,-0.11111025303818556
36757,1.5625,-0.11111093048014987,4.05541550149637e-9,6.368214429097352e-5,5.200701729902263e-5,0.11111093048014987,-0.11111024842674101
36758,3.90625,-0.1111109285623243,3.9234531771741515e-9,6.263747422409489e-5,4.209508426022937e-5,0.1111109285623243,-0.11111023278771336
36759,9.765625,-0.11111085633604795,2.6491744122051827e-9,5.1470131262754545e-5,1.8709102145138403e-5,0.11111085633604795,-0.1111102052290349
36760,24.4140625,-0.1111106594182611,4.858151804656555e-10,2.204121549428832e-5,3.3904748049891113e-5,0.1111106594182611,-0.11111020326948297
36761,9.765625,-0.11111055935913629,8.871847235374738e-11,9.419048378352633e-6,8.602839364337809e-5,0.11111055935913629,-0.11111021357766766
36762,3.90625,-0.11111047390538663,1.9263294825221243e-11,4.388997018137657e-6,9.392112652899554e-5,0.11111047390538663,-0.11111022301558837
36763,1.5625,-0.11111039463163956,1.4020064614355114e-10,1.1840635377527303e-5,9.282745284709573e-5,0.11111039463163956,-0.11111023141337881
